834261 一诺威 日线 后复权
      日期	    开盘	    最高	    最低	    收盘	    成交量	    成交额
2016/05/24,9.50,9.50,9.50,9.50,20000,190000.00
2016/07/25,9.50,9.50,9.50,9.50,10000,95000.00
2016/07/26,9.50,9.50,9.50,9.50,10000,95000.00
2016/12/12,9.65,9.65,9.65,9.65,20000,190000.00
2016/12/14,9.65,12.03,9.65,12.03,31000,296880.00
2016/12/15,9.95,9.95,9.95,9.95,3000,29400.00
2016/12/27,9.65,9.65,9.65,9.65,26000,247000.00
2017/01/04,9.65,9.65,9.65,9.65,72000,684000.00
2017/01/05,9.65,9.75,9.65,9.65,155800,1480570.50
2017/01/06,9.65,9.65,9.65,9.65,30000,285000.00
2017/01/12,9.75,9.75,9.75,9.75,10000,96050.00
2017/01/13,10.07,10.81,10.07,10.56,3000,31240.00
2017/01/16,9.65,9.65,9.65,9.65,5000,47500.00
2017/01/17,15.81,15.81,15.81,15.81,1000,15660.00
2017/01/19,9.65,9.65,9.65,9.65,110000,1045000.00
2017/01/24,9.65,9.65,9.65,9.65,2000,19000.00
2017/02/14,15.81,15.81,15.81,15.81,2000,31320.00
2017/02/16,15.81,15.81,15.81,15.81,1000,15660.00
2017/02/24,9.65,9.65,9.65,9.65,100000,950000.00
2017/03/02,9.65,9.65,9.65,9.65,270000,2565000.00
2017/03/03,9.65,9.65,9.65,9.65,100000,950000.00
2017/03/07,9.65,9.65,9.65,9.65,200000,1900000.00
2017/03/08,9.65,9.65,9.65,9.65,250000,2375000.00
2017/03/15,12.15,12.33,12.15,12.26,4000,48420.00
2017/03/16,13.03,13.03,11.26,12.19,10000,120420.00
2017/03/17,13.03,13.18,12.65,13.17,13600,175637.59
2017/03/20,13.15,13.15,13.15,13.15,600,8385.00
2017/03/21,13.75,15.01,13.75,14.18,12000,168400.00
2017/03/22,14.26,14.26,14.26,14.26,1000,14110.00
2017/03/24,15.01,15.01,15.01,15.01,1000,14860.00
2017/03/27,15.14,15.16,15.14,15.15,10000,149930.00
2017/03/28,15.15,15.15,15.15,15.15,10000,150000.00
2017/03/29,15.15,15.15,15.15,15.15,9000,135000.00
2017/03/31,15.20,15.25,15.20,15.21,4000,60250.00
2017/04/10,9.65,9.65,9.65,9.65,50000,475000.00
2017/04/11,9.65,15.35,9.65,11.79,80000,931000.00
2017/04/12,9.65,15.65,9.65,13.67,91000,1230500.00
2017/04/13,15.20,15.20,15.20,15.20,4000,60200.00
2017/04/17,15.20,15.20,15.20,15.20,3000,45150.00
2017/04/18,15.65,15.65,15.65,15.65,2000,31000.00
2017/04/20,15.25,15.25,15.25,15.25,1000,15100.00
2017/04/26,15.31,15.31,15.31,15.31,2000,30320.00
2017/04/27,15.25,15.25,15.25,15.25,3000,45300.00
2017/04/28,15.33,15.34,15.33,15.33,7000,106280.00
2017/05/05,15.15,15.15,15.15,15.15,14000,210000.00
2017/05/10,15.15,15.15,15.15,15.15,13000,195000.00
2017/05/16,15.15,15.15,15.15,15.15,10000,150000.00
2017/05/23,15.15,15.20,15.15,15.17,22000,330500.00
2017/05/26,15.20,15.20,15.20,15.20,10000,150500.00
2017/06/06,15.15,15.15,15.15,15.15,10000,150000.00
2017/06/09,15.15,15.15,15.15,15.15,36000,540000.00
2017/07/17,15.33,15.33,13.83,13.88,90000,1219500.00
2017/07/31,9.83,9.83,9.83,9.83,20000,190000.00
2017/08/07,15.83,15.83,15.83,15.83,1000,15500.00
2017/08/15,14.83,14.83,14.83,14.83,4000,58000.00
2017/08/28,14.83,14.83,14.83,14.83,1000,14500.00
2017/09/28,14.83,14.83,14.83,14.83,3000,43500.00
2017/10/09,14.83,14.83,14.83,14.83,5000,72500.00
2017/10/17,14.13,14.13,14.13,14.13,3000,41400.00
2017/11/16,14.83,14.83,14.83,14.83,1000,14500.00
2017/12/04,9.83,9.83,9.83,9.83,10000,95000.00
2017/12/07,14.33,14.33,14.33,14.33,1000,14000.00
2017/12/28,9.83,9.83,9.83,9.83,20000,190000.00
2018/01/29,13.83,13.83,13.83,13.83,20000,270000.00
2018/01/30,15.33,15.33,15.33,15.33,10000,150000.00
2018/02/08,15.33,15.33,15.33,15.33,180000,1875000.00
2018/03/19,13.93,13.93,13.93,13.93,10000,136000.00
2018/03/27,14.81,14.81,14.81,14.81,3000,43440.00
2018/04/10,14.13,14.13,14.13,14.13,2000,27600.00
2018/04/16,13.93,13.93,13.93,13.93,1000,13600.00
2018/04/19,13.48,13.48,13.48,13.48,12000,157800.00
2018/04/23,12.33,12.33,12.33,12.33,5000,60000.00
2018/04/24,12.33,12.33,12.33,12.33,3000,36000.00
2018/04/26,9.33,9.33,9.33,9.33,11000,99000.00
2018/04/27,9.33,9.33,9.33,9.33,20000,180000.00
2018/07/06,9.93,9.93,9.93,9.93,40000,384400.00
2018/07/10,11.83,11.83,11.83,11.83,5000,57500.00
2018/07/12,12.32,12.32,12.32,12.32,2000,23980.00
2018/07/13,11.63,11.63,11.63,11.63,1000,11300.00
2018/07/16,11.55,11.55,11.55,11.55,3000,33660.00
2018/07/17,12.32,12.32,12.32,12.32,2000,23980.00
2018/07/19,11.94,11.94,11.94,11.94,3000,34830.00
2018/07/23,11.36,11.36,11.36,11.36,2000,22060.00
2018/07/24,12.12,12.12,12.12,12.12,2000,23580.00
2018/07/25,12.33,12.33,12.33,12.33,15000,180000.00
2018/07/26,12.33,12.33,12.33,12.33,5000,60000.00
2018/08/01,12.33,12.33,12.33,12.33,19000,228000.00
2018/08/06,12.33,12.33,12.33,12.33,3000,36000.00
2018/08/07,9.33,9.33,9.33,9.33,1000,9000.00
2018/08/16,12.33,12.33,12.33,12.33,3000,36000.00
2018/08/17,12.33,12.33,12.33,12.33,2000,24000.00
2018/08/20,12.33,12.33,12.33,12.33,3000,36000.00
2018/08/21,12.33,12.33,12.33,12.33,3000,36000.00
2018/08/22,12.33,12.33,12.33,12.33,1000,12000.00
2018/08/30,12.32,12.32,12.32,12.32,1000,11990.00
2018/09/03,12.32,12.32,12.32,12.32,4000,47960.00
2018/09/04,12.23,12.23,12.23,12.23,2000,23800.00
2018/09/21,11.84,11.84,11.84,11.84,5000,57550.00
2018/09/25,12.13,12.13,12.13,12.13,2000,23600.00
2018/10/09,12.13,12.13,12.13,12.13,21000,244650.00
2018/11/13,11.38,11.38,11.38,11.38,1000,10900.00
2018/11/14,10.48,10.48,10.48,10.48,5000,50000.00
2018/11/20,10.48,10.48,10.48,10.48,5000,50000.00
2018/11/21,10.97,10.97,10.97,10.97,1000,10490.00
2018/11/22,10.48,10.48,10.48,10.48,4000,40000.00
2018/11/23,10.47,10.47,10.47,10.47,26000,259740.00
2018/11/29,9.99,9.99,9.99,9.99,6000,57060.00
2018/12/06,9.99,9.99,9.99,9.99,1000,9510.00
2018/12/07,9.99,9.99,9.99,9.99,3000,28530.00
2018/12/11,9.98,9.98,9.98,9.98,4000,38000.00
2018/12/14,10.48,10.48,10.48,10.48,8000,80000.00
2018/12/18,10.70,10.70,10.70,10.70,1000,10230.00
2019/01/09,10.19,10.19,10.19,10.19,1000,9710.00
2019/01/11,10.19,10.19,10.19,10.19,2000,19420.00
2019/01/14,10.01,10.01,10.01,10.01,4000,38120.00
2019/01/17,10.02,10.02,10.02,10.02,7000,66780.00
2019/01/21,10.03,10.03,10.03,10.03,10000,95500.00
2019/01/23,10.03,10.03,10.03,10.03,1000,9550.00
2019/01/24,10.03,10.03,10.03,10.03,2000,19100.00
2019/01/30,10.03,10.03,10.03,10.03,3000,28650.00
2019/01/31,10.03,10.03,10.03,10.03,3000,28650.00
2019/02/18,10.04,10.04,10.04,10.04,3000,28680.00
2019/02/20,10.04,10.04,10.04,10.04,3000,28680.00
2019/02/28,9.95,9.95,9.95,9.95,3000,28440.00
2019/03/05,9.98,9.98,9.98,9.98,2000,19000.00
2019/03/08,9.91,9.91,9.91,9.91,2000,18880.00
2019/03/12,9.97,9.97,9.97,9.97,2000,18980.00
2019/03/14,9.94,9.94,9.94,9.94,2000,18920.00
2019/03/15,9.93,9.93,9.93,9.93,2000,18900.00
2019/03/18,9.90,9.90,9.90,9.90,35000,329700.00
2019/03/19,9.91,9.91,9.91,9.91,1000,9430.00
2019/03/20,9.87,9.87,9.87,9.87,9000,84510.00
2019/03/26,9.87,9.87,9.87,9.87,1000,9390.00
2019/03/27,9.94,9.94,9.94,9.94,1000,9460.00
2019/04/02,10.48,10.48,10.48,10.48,3000,30000.00
2019/04/08,11.47,11.47,11.47,11.47,3000,32970.00
2019/04/12,11.48,11.48,11.48,11.48,1000,11000.00
2019/04/16,11.60,11.60,11.60,11.60,7000,77840.00
2019/04/17,11.57,11.57,11.57,11.57,7000,77630.00
2019/04/18,12.18,12.18,12.18,12.18,4000,46800.00
2019/04/19,12.18,12.18,12.18,12.18,3000,35100.00
2019/04/22,12.19,12.19,12.19,12.19,5000,58550.00
2019/04/30,12.19,12.19,12.19,12.19,1000,11400.00
2019/05/06,11.84,11.84,11.84,11.84,2000,22100.00
2019/05/07,12.78,12.78,12.78,12.78,12000,143880.00
2019/05/08,12.35,12.35,12.35,12.35,5000,57800.00
2019/05/09,12.29,12.29,12.29,12.29,8000,92000.00
2019/05/10,12.35,12.35,12.35,12.35,6000,69360.00
2019/05/13,12.54,12.54,12.54,12.54,1000,11750.00
2019/05/20,12.35,12.35,12.35,12.35,1000,11560.00
2019/05/21,12.09,12.09,12.09,12.09,2000,22600.00
2019/05/22,12.09,12.09,12.09,12.09,3000,33900.00
2019/05/24,12.02,12.02,12.02,12.02,3000,33690.00
2019/05/29,12.00,12.00,12.00,12.00,2000,22420.00
2019/05/31,11.78,11.78,11.78,11.78,1000,10990.00
2019/06/06,11.69,11.69,11.69,11.69,13000,141700.00
2019/06/10,10.74,10.74,10.74,10.74,2000,19900.00
2019/06/11,10.60,10.60,10.60,10.60,1000,9810.00
2019/06/12,10.45,10.45,10.45,10.45,3000,28980.00
2019/06/13,10.79,10.79,10.79,10.79,26000,260000.00
2019/06/14,10.79,10.79,10.79,10.79,5000,50000.00
2019/06/20,10.88,10.88,10.88,10.88,1000,10090.00
2019/06/26,10.88,10.88,10.88,10.88,3000,30270.00
2019/07/02,11.29,11.29,11.29,11.29,2000,21000.00
2019/07/03,11.29,11.29,11.29,11.29,18000,189000.00
2019/07/05,11.29,11.29,11.29,11.29,13000,136500.00
2019/07/08,12.06,12.06,12.06,12.06,2000,22540.00
2019/07/11,11.30,11.30,11.30,11.30,16000,168160.00
2019/07/16,11.30,11.30,11.30,11.30,11000,115610.00
2019/07/17,11.30,11.30,11.30,11.30,10000,105100.00
2019/07/18,11.30,11.30,11.30,11.30,13000,136630.00
2019/07/19,11.40,11.40,11.40,11.40,7000,74270.00
2019/07/23,11.29,11.29,11.29,11.29,12000,126000.00
2019/07/24,11.30,11.30,11.30,11.30,12000,126120.00
2019/07/25,11.39,11.39,11.39,11.39,3000,31800.00
2019/07/26,11.59,11.59,11.59,11.59,8000,86400.00
2019/07/29,11.49,11.49,11.49,11.49,11000,117700.00
2019/07/30,11.39,11.39,11.39,11.39,3000,31800.00
2019/07/31,11.58,11.58,11.58,11.58,5000,53950.00
2019/08/01,11.58,11.58,11.58,11.58,5000,53950.00
2019/08/02,11.48,11.48,11.48,11.48,5000,53450.00
2019/08/05,11.45,11.45,11.45,11.45,2000,21320.00
2019/08/06,11.43,11.43,11.43,11.43,1000,10640.00
2019/08/07,11.54,11.54,11.54,11.54,3000,32250.00
2019/08/08,11.58,11.58,11.58,11.58,7000,75530.00
2019/08/09,11.59,11.59,11.59,11.59,2000,21600.00
2019/08/12,11.59,11.59,11.59,11.59,3000,32400.00
2019/08/14,11.60,11.60,11.60,11.60,4000,43240.00
2019/08/15,11.61,11.61,11.61,11.61,2000,21640.00
2019/08/16,11.67,11.67,11.67,11.67,1000,10880.00
2019/08/19,11.70,11.70,11.70,11.70,3000,32730.00
2019/08/20,11.76,11.76,11.76,11.76,8000,87760.00
2019/08/21,11.78,11.78,11.78,11.78,3000,32970.00
2019/08/22,11.79,11.79,11.79,11.79,1000,11000.00
2019/08/23,11.82,11.82,11.82,11.82,3000,33090.00
2019/08/29,11.82,11.82,11.82,11.82,4000,44120.00
2019/08/30,11.86,11.86,11.86,11.86,9000,99630.00
2019/09/03,12.29,12.29,12.29,12.29,1000,11500.00
2019/09/04,12.29,12.29,12.29,12.29,1000,11500.00
2019/09/05,12.33,12.33,12.33,12.33,2000,23080.00
2019/09/06,12.47,12.47,12.47,12.47,1000,11680.00
2019/09/11,12.81,12.81,12.81,12.81,5000,60100.00
2019/09/16,12.97,12.97,12.97,12.97,5000,60900.00
2019/09/19,13.30,13.30,13.30,13.30,5000,62550.00
2019/09/20,13.39,13.39,13.39,13.39,18000,226800.00
2019/09/23,13.39,13.39,13.39,13.39,16000,201600.00
2019/09/27,13.44,13.44,13.44,13.44,2000,25300.00
2019/09/30,13.59,13.59,13.59,13.59,4000,51200.00
2019/10/08,13.70,13.70,13.70,13.70,6000,77460.00
2019/10/09,13.90,13.90,13.90,13.90,4000,52440.00
2019/10/10,14.19,14.19,14.19,14.19,4000,53600.00
2019/10/11,14.19,14.19,14.19,14.19,11800,158200.41
2019/10/14,14.29,14.29,14.29,14.29,3000,40500.00
2019/10/16,14.32,14.32,14.32,14.32,16000,216480.00
2019/10/17,14.35,14.35,14.35,14.35,8000,108480.00
2019/10/18,14.36,14.36,14.36,14.36,9000,122130.00
2019/10/24,14.40,14.40,14.40,14.40,3000,40830.00
2019/10/25,14.40,14.40,14.40,14.40,2000,27220.00
2019/10/28,14.51,14.51,14.51,14.51,3000,41160.00
2019/10/29,15.29,15.29,15.29,15.29,5000,72500.00
2019/10/30,15.39,15.39,15.39,15.39,2000,29200.00
2019/10/31,15.39,15.39,15.39,15.39,4000,58400.00
2019/11/01,15.37,15.37,15.37,15.37,6000,87480.00
2019/11/04,15.39,15.39,15.39,15.39,10000,146000.00
2019/11/05,15.45,15.45,15.45,15.45,10000,146600.00
2019/11/06,15.90,15.90,15.90,15.90,25000,377750.00
2019/11/07,16.79,16.79,16.79,16.79,4000,64000.00
2019/11/08,16.79,16.79,16.79,16.79,10000,160000.00
2019/11/11,16.79,16.79,16.79,16.79,6000,96000.00
2019/11/12,17.28,17.28,17.28,17.28,13000,214370.00
2019/11/13,17.06,17.06,17.06,17.06,10000,162700.00
2019/11/15,17.49,17.49,17.49,17.49,1000,16700.00
2019/11/18,16.90,16.90,16.90,16.90,5000,80550.00
2019/11/19,16.91,16.91,16.91,16.91,7000,112840.00
2019/11/20,16.71,16.71,16.71,16.71,4000,63680.00
2019/11/21,16.69,16.69,16.69,16.69,3000,47700.00
2019/11/22,16.70,16.70,16.70,16.70,2000,31820.00
2019/11/25,16.77,16.77,16.77,16.77,7000,111860.00
2019/11/26,16.79,16.79,16.79,16.79,9000,144000.00
2019/11/27,16.97,16.97,16.97,16.97,1000,16180.00
2019/11/29,16.78,16.78,16.78,16.78,7000,111930.00
2019/12/02,16.79,16.79,16.79,16.79,5000,80000.00
2019/12/03,16.99,16.99,16.99,16.99,3000,48600.00
2019/12/04,16.99,16.99,16.99,16.99,3000,48600.00
2019/12/05,17.08,17.08,17.08,17.08,4000,65160.00
2019/12/09,16.95,16.95,16.95,16.95,1000,16160.00
2019/12/10,16.99,16.99,16.99,16.99,3000,48600.00
2019/12/11,16.98,16.98,16.98,16.98,5000,80950.00
2019/12/12,16.98,16.98,16.98,16.98,10000,161900.00
2019/12/13,16.99,16.99,16.99,16.99,16000,259200.00
2019/12/16,17.29,17.29,17.29,17.29,2000,33000.00
2019/12/17,16.99,16.99,16.99,16.99,4000,64840.00
2019/12/18,16.99,16.99,16.99,16.99,5000,81000.00
2019/12/19,16.94,16.94,16.94,16.94,1000,16150.00
2019/12/23,16.98,16.98,16.98,16.98,10000,161900.00
2019/12/24,16.99,16.99,16.99,16.99,5000,81000.00
2019/12/26,16.97,16.97,16.97,16.97,13000,210340.00
2019/12/27,16.97,16.97,16.97,16.97,5000,80900.00
2019/12/30,16.89,16.89,16.89,16.89,13000,209300.00
2020/01/02,16.90,16.91,16.90,16.91,46000,741510.00
2020/01/03,16.99,16.99,16.99,16.99,11000,178200.00
2020/01/06,16.88,17.15,16.88,17.02,65000,1055290.00
2020/01/07,17.29,17.29,17.28,17.28,87000,1435340.00
2020/01/08,17.27,17.28,17.16,17.28,35000,576310.00
2020/01/09,16.98,16.98,16.98,16.98,5000,80950.00
2020/01/10,17.18,17.18,17.16,17.16,30000,491480.00
2020/01/13,17.16,17.16,17.16,17.16,64000,1048320.00
2020/01/14,17.20,17.20,17.20,17.20,21000,344610.00
2020/01/15,17.19,17.19,17.19,17.19,24000,393600.00
2020/01/16,17.19,17.24,17.19,17.24,24000,393800.00
2020/01/17,17.29,17.30,17.29,17.29,16000,264010.00
2020/01/20,17.79,17.79,17.57,17.62,7000,117830.00
2020/01/21,17.49,17.50,17.49,17.50,35000,585000.00
2020/01/22,17.33,17.50,17.33,17.50,15000,250630.00
2020/01/23,17.79,17.79,17.79,17.79,1000,17000.00
2020/02/03,16.79,16.79,16.79,16.79,88000,1408000.00
2020/02/04,16.86,16.86,16.86,16.86,1000,16070.00
2020/02/05,16.90,16.96,16.90,16.96,10000,161400.00
2020/02/06,16.99,16.99,16.99,16.99,3000,48600.00
2020/02/07,17.04,17.08,17.04,17.08,5000,81350.00
2020/02/12,17.69,17.69,17.69,17.69,1000,16900.00
2020/02/17,17.69,17.69,17.69,17.69,3000,50700.00
2020/02/18,17.79,17.79,17.79,17.79,1000,17000.00
2020/02/19,18.69,18.69,17.79,17.79,4000,69800.00
2020/02/20,17.80,17.80,17.80,17.80,2000,34020.00
2020/02/21,17.81,17.81,17.79,17.79,19000,323040.00
2020/02/24,17.79,17.80,17.79,17.80,36000,612300.00
2020/02/25,17.80,17.86,17.80,17.86,17600,301285.78
2020/02/26,17.88,17.88,17.88,17.88,8000,136720.00
2020/02/27,17.90,17.90,17.90,17.90,2000,34220.00
2020/02/28,18.04,18.08,18.04,18.08,24000,414160.00
2020/03/03,18.30,18.30,18.30,18.30,1000,17510.00
2020/03/04,18.35,18.66,18.35,18.66,3000,53320.00
2020/03/05,18.68,18.68,18.68,18.68,1000,17890.00
2020/03/09,18.79,18.91,18.79,18.91,48000,867840.00
2020/03/10,18.82,19.31,18.82,19.31,5000,90640.00
2020/03/11,19.31,19.31,19.31,19.31,5000,92600.00
2020/03/12,19.66,19.66,19.66,19.66,3000,56640.00
2020/03/18,19.66,19.66,19.65,19.65,14000,264220.00
2020/03/26,19.39,19.39,19.33,19.33,3000,55700.00
2020/03/27,19.32,19.32,19.32,19.32,6000,111180.00
2020/03/30,19.22,19.22,19.22,19.22,4000,73720.00
2020/04/03,19.15,19.15,18.81,18.81,6000,108460.00
2020/04/07,18.78,18.78,18.74,18.74,4400,79020.00
2020/04/09,18.58,18.58,18.58,18.58,3000,53400.00
2020/04/10,18.41,18.41,18.41,18.41,7600,133912.00
2020/04/13,18.41,18.41,18.39,18.39,27100,477302.00
2020/04/14,18.39,18.40,18.39,18.40,30000,528100.00
2020/04/15,18.41,18.58,18.41,18.41,21000,370267.06
2020/04/16,19.65,19.77,19.65,19.74,25200,477046.00
2020/04/17,19.58,19.58,19.31,19.31,6100,113812.00
2020/04/20,19.29,19.29,18.99,19.24,8800,162180.00
2020/04/21,19.24,19.29,19.24,19.29,21000,387950.00
2020/04/22,19.58,19.61,19.58,19.61,6400,120328.00
2020/04/23,19.83,20.58,19.83,20.56,6700,129864.00
2020/04/24,20.16,20.16,20.16,20.16,1000,19380.00
2020/04/27,20.65,20.78,20.31,20.78,9900,197885.50
2020/04/28,20.90,21.29,20.90,21.29,7100,145139.00
2020/04/29,21.29,22.77,21.29,22.77,18000,377347.00
2020/04/30,23.49,23.49,23.49,23.49,100,2270.00
2020/05/06,22.80,23.17,22.80,23.17,9900,218797.00
2020/05/07,23.29,23.39,23.20,23.39,15000,337739.00
2020/05/08,23.20,23.20,23.20,23.20,2000,44820.00
2020/05/11,23.23,26.78,23.23,26.78,8700,200531.70
2020/05/12,26.80,27.34,26.80,27.28,7000,186953.03
2020/05/13,25.89,25.89,25.89,25.89,5900,149671.30
2020/05/14,26.97,27.30,26.97,27.29,13400,353387.47
2020/05/15,27.29,27.29,27.21,27.21,12600,332988.00
2020/05/18,27.47,27.47,27.47,27.47,100,2668.00
2020/05/19,27.59,27.59,27.18,27.18,6800,182841.69
2020/05/20,27.37,27.37,27.37,27.37,1000,25980.00
2020/05/21,27.29,27.29,27.29,27.29,2000,51800.00
2020/05/22,26.69,26.69,26.39,26.39,5000,125600.00
2020/05/25,26.39,26.39,26.19,26.19,2000,49933.00
2020/05/26,26.09,26.09,24.79,24.79,20100,479069.00
2020/05/27,24.39,24.39,23.64,24.22,27200,620976.50
2020/05/28,24.19,24.19,23.50,23.57,17800,399070.91
2020/05/29,23.57,23.90,23.39,23.81,22800,507020.25
2020/06/01,24.89,24.89,24.89,24.89,1300,32430.00
2020/06/02,24.89,24.89,24.89,24.89,1400,33370.00
2020/06/03,24.89,24.90,24.89,24.90,15900,373810.50
2020/06/04,24.91,26.38,24.91,26.38,7600,183349.91
2020/06/05,26.38,26.38,26.38,26.38,100,2499.00
2020/06/08,26.39,26.49,26.37,26.39,10600,264952.00
2020/06/09,26.39,27.22,26.39,27.22,2000,50848.00
2020/06/10,27.88,27.88,27.87,27.87,1200,31785.00
2020/06/11,27.07,27.67,27.07,27.65,2400,64723.00
2020/06/12,27.47,27.65,27.47,27.59,8300,217341.00
2020/06/15,27.39,27.39,27.38,27.38,9000,233995.00
2020/06/16,26.38,26.38,26.38,26.38,1200,29988.00
2020/06/18,25.89,25.89,25.89,25.89,5000,122500.00
2020/06/19,25.89,25.89,25.89,25.89,5200,128380.00
2020/06/22,26.39,26.95,26.39,26.95,8900,229092.00
2020/06/23,27.27,27.39,27.27,27.27,4900,128358.96
2020/06/24,27.06,27.06,27.06,27.06,500,12835.00
2020/06/29,27.52,27.52,27.39,27.39,7500,195152.00
2020/06/30,27.27,27.34,27.27,27.34,24800,643682.06
2020/07/01,27.27,27.33,27.27,27.33,1300,33704.00
2020/07/02,26.35,26.51,26.35,26.51,2100,52654.00
2020/07/06,27.26,27.26,26.59,26.59,4100,103387.00
2020/07/07,26.58,27.19,26.58,27.19,3600,91148.00
2020/07/09,27.39,27.39,27.05,27.27,14100,365689.00
2020/07/10,27.37,27.39,27.19,27.19,14200,369618.00
2020/07/13,27.38,27.44,27.38,27.39,8700,226243.00
2020/07/14,27.39,27.39,27.19,27.20,15400,397792.00
2020/07/15,27.39,27.59,27.20,27.59,34200,888600.00
2020/07/16,27.59,27.59,27.21,27.21,2600,67359.00
2020/07/17,27.39,27.39,27.23,27.39,4900,127379.04
2020/07/20,26.60,28.29,26.60,28.29,15100,400616.00
2020/07/21,28.06,28.39,28.06,28.39,2800,75424.00
2020/07/22,27.94,29.39,27.94,28.89,13100,361265.00
2020/07/23,29.26,30.28,28.28,30.28,16400,461546.16
2020/07/24,28.49,31.24,28.49,31.19,2000,58431.40
2020/07/27,31.39,31.39,28.26,30.67,22400,617839.31
2020/07/28,30.39,30.39,30.28,30.28,2500,72370.00
2020/07/29,30.28,30.89,28.37,30.49,7400,217375.50
2020/07/30,30.39,30.39,29.88,29.89,4900,141091.00
2020/07/31,28.89,29.39,28.89,29.39,14000,390235.00
2020/08/03,28.89,29.39,28.89,29.39,500,13800.00
2020/08/04,29.35,29.39,28.41,29.37,6900,192976.00
2020/08/05,28.41,28.89,28.41,28.89,4000,109887.66
2020/08/06,28.89,28.97,28.40,28.96,3200,87434.00
2020/08/11,29.06,29.06,29.06,29.06,200,6917.50
2020/08/13,28.03,28.39,28.03,28.39,400,10692.00
2020/08/14,28.39,29.08,28.37,28.37,8900,239797.41
2020/08/19,26.39,28.09,26.39,28.06,4400,113902.50
2020/08/20,28.09,28.09,27.69,27.69,1400,36979.00
2020/08/24,27.39,28.24,27.39,28.16,1400,36959.00
2020/08/25,28.14,28.14,28.14,28.14,200,5350.00
2020/08/26,27.27,27.27,27.27,27.27,800,20704.00
2020/08/27,27.84,27.84,27.39,27.39,700,18342.00
2020/08/28,27.76,27.79,27.67,27.79,5400,140932.20
2020/08/31,27.84,27.88,27.84,27.88,3600,94316.85
2020/09/01,24.65,27.88,24.65,27.69,1800,46952.00
2020/09/02,26.25,28.39,26.25,27.19,13800,370906.00
2020/09/03,27.66,27.66,27.66,27.66,100,2627.00
2020/09/04,27.66,27.67,27.66,27.67,10100,265104.31
2020/09/07,27.89,27.89,27.89,27.89,300,7950.00
2020/09/08,27.89,27.89,26.00,27.39,17100,448931.00
2020/09/09,26.52,26.64,26.52,26.64,600,15108.25
2020/09/10,26.40,27.89,26.40,27.89,16200,423382.00
2020/09/11,27.89,27.89,27.39,27.79,8000,212566.39
2020/09/14,28.37,28.37,28.37,28.37,200,4856.40
2020/09/15,26.57,27.59,26.57,27.49,8100,210377.56
2020/09/16,27.11,27.49,27.11,27.49,1800,46942.00
2020/09/17,27.49,27.52,27.49,27.52,2600,67866.39
2020/09/18,27.42,27.54,27.42,27.52,12500,326621.00
2020/09/21,27.53,28.36,27.52,27.52,1000,26222.00
2020/09/22,27.52,27.53,27.20,27.44,6700,175167.59
2020/09/23,27.45,27.45,27.44,27.44,8300,216237.00
2020/09/24,27.44,27.44,26.53,27.44,7600,197814.00
2020/09/25,51.39,51.39,27.44,27.59,6300,211762.50
2020/09/28,27.59,27.59,27.59,27.59,500,13100.00
2020/09/29,27.19,27.39,27.19,27.39,3200,82580.00
2020/09/30,27.39,27.39,27.39,27.39,600,15600.00
2020/10/09,26.43,26.54,26.43,26.53,23200,581840.31
2020/10/12,26.52,26.52,26.52,26.52,900,23421.16
2020/10/13,24.63,25.70,24.63,25.70,1100,26634.00
2020/10/14,25.70,26.29,25.70,26.07,3900,96337.30
2020/10/16,26.79,26.79,26.79,26.79,1000,25400.00
2020/10/20,26.19,27.26,26.19,27.26,5600,139522.00
2020/10/21,27.26,27.26,27.26,27.26,4300,110749.47
2020/10/22,27.26,27.26,27.26,27.26,100,2587.00
2020/10/23,26.39,27.59,26.39,26.58,4800,120797.81
2020/10/27,25.73,26.40,25.73,26.39,6500,161802.00
2020/10/28,26.59,26.59,26.40,26.40,1000,25105.00
2020/10/29,26.39,26.39,26.39,26.39,800,20975.00
2020/10/30,26.41,26.41,26.41,26.41,1000,24969.96
2020/11/02,26.89,26.99,26.27,26.99,25600,638360.00
2020/11/03,26.89,27.68,26.89,26.92,12200,312696.00
2020/11/04,27.88,27.88,26.90,26.90,10400,266257.28
2020/11/05,27.19,27.69,27.19,27.69,1100,28430.00
2020/11/06,27.89,27.89,27.85,27.86,8500,223715.50
2020/11/09,27.79,27.85,27.22,27.74,11000,290232.41
2020/11/10,27.40,27.78,27.39,27.39,17300,449991.00
2020/11/11,27.49,27.79,27.49,27.74,13000,342617.00
2020/11/12,27.69,27.79,27.39,27.79,12400,325062.81
2020/11/13,27.39,27.42,27.39,27.42,5300,137872.00
2020/11/16,27.27,27.27,27.27,27.27,3900,99922.68
2020/11/17,27.29,27.59,27.29,27.37,8700,225384.00
2020/11/18,27.30,27.31,27.30,27.31,2600,67366.45
2020/11/19,27.39,27.69,27.34,27.34,12000,312553.34
2020/11/20,27.59,27.59,27.39,27.58,8200,214721.00
2020/11/23,27.54,27.54,27.54,27.54,1500,39486.50
2020/11/24,27.53,27.54,27.49,27.50,18400,480442.00
2020/11/25,27.50,27.65,27.50,27.50,16300,424958.63
2020/11/26,27.89,27.89,27.39,27.41,5900,153829.00
2020/11/27,27.40,27.43,27.40,27.43,1000,26019.00
2020/11/30,27.39,27.39,27.39,27.39,2900,76076.00
2020/12/01,27.39,27.49,27.38,27.49,10000,261396.05
2020/12/02,27.49,27.51,27.49,27.51,8300,217640.56
2020/12/03,27.89,27.89,27.89,27.89,100,2650.00
2020/12/04,27.72,27.72,27.72,27.72,6400,167195.50
2020/12/07,27.39,27.89,27.39,27.79,24700,651175.00
2020/12/08,27.89,28.19,27.72,28.19,25000,666427.00
2020/12/09,27.79,28.19,27.79,28.19,6700,179000.00
2020/12/10,28.19,28.33,28.19,28.33,7500,201700.00
2020/12/11,28.34,28.91,28.34,28.91,7100,194236.23
2020/12/14,29.83,29.83,29.83,29.83,1000,28440.00
2020/12/15,30.39,30.39,29.83,29.84,1600,45792.00
2020/12/16,29.84,29.84,29.84,29.84,500,14225.00
2020/12/17,30.10,30.10,30.10,30.10,1000,28710.00
2020/12/18,30.19,31.39,30.19,31.39,17300,514342.72
2020/12/21,31.39,37.39,31.39,37.39,3400,103200.00
2020/12/22,37.38,37.38,31.39,31.51,11400,344620.00
2020/12/23,31.89,31.89,31.89,31.89,11900,362950.00
2020/12/24,32.60,32.64,32.60,32.64,1900,59343.00
2020/12/25,35.28,35.37,33.36,33.36,5800,194821.27
2020/12/28,32.51,32.54,32.51,32.54,5700,177616.91
2020/12/29,32.54,32.55,32.54,32.55,15700,487912.44
2020/12/30,32.55,32.59,32.54,32.59,11100,346139.00
2021/01/04,32.89,32.89,32.89,32.89,6400,201631.50
2021/01/05,32.39,32.39,32.19,32.19,9300,287934.00
2021/01/06,30.19,31.17,30.19,31.17,6200,182037.64
2021/01/07,31.17,31.17,30.19,30.19,8300,238990.16
2021/01/11,30.79,30.79,30.39,30.79,41800,1215800.38
2021/01/12,30.40,30.43,30.20,30.20,27200,789402.88
2021/01/13,30.21,30.29,30.09,30.09,11100,320408.91
2021/01/14,30.19,30.99,30.19,30.99,15800,467045.00
2021/01/18,30.99,32.36,29.67,30.49,13300,401185.00
2021/01/19,31.39,32.38,30.80,30.90,1600,48159.00
2021/01/20,30.90,30.90,30.90,30.90,500,14755.00
2021/01/22,30.90,30.91,30.90,30.91,1300,38364.00
2021/01/25,30.91,32.89,30.91,32.87,5200,163200.00
2021/01/26,32.99,32.99,32.99,32.99,1300,41080.00
2021/01/27,32.97,32.97,32.97,32.97,3000,94740.00
2021/01/28,32.89,32.89,32.89,32.89,5600,176400.00
2021/01/29,32.89,32.90,32.89,32.90,500,15754.00
2021/02/02,33.39,33.39,33.39,33.39,6000,192000.00
2021/02/04,33.89,33.89,33.89,33.89,500,15600.00
2021/02/05,32.50,34.39,32.50,33.89,1800,57730.00
2021/02/08,34.39,34.39,33.60,33.60,14100,463720.00
2021/02/09,34.39,34.39,33.89,33.89,12800,422145.00
2021/02/10,34.37,34.37,33.89,34.37,3600,118460.49
2021/02/18,33.89,33.89,33.69,33.69,1500,48550.00
2021/02/19,32.43,32.58,31.59,31.91,19200,592698.06
2021/02/22,31.45,33.39,31.45,32.41,800,24820.00
2021/02/23,32.41,32.45,32.41,32.45,2600,80744.00
2021/02/24,32.40,33.39,32.40,33.39,5800,184162.00
2021/02/25,31.59,33.59,31.59,33.59,5900,188929.80
2021/02/26,33.39,33.39,32.59,33.39,6000,190448.00
2021/03/01,32.71,33.48,32.71,33.48,5700,181680.00
2021/03/02,36.37,36.37,33.39,34.05,4900,159090.00
2021/03/03,34.39,34.39,33.89,33.89,3200,104850.00
2021/03/04,33.89,33.89,32.89,32.89,14700,469646.09
2021/03/05,32.89,33.20,32.49,33.19,8100,253221.59
2021/03/08,33.19,33.37,32.99,33.37,4100,129286.00
2021/03/09,32.89,33.37,32.89,33.28,5000,159230.00
2021/03/10,33.37,33.37,32.27,32.27,8600,268432.81
2021/03/11,32.89,32.89,32.89,32.89,2200,69237.00
2021/03/12,33.19,33.19,33.19,33.19,2000,63600.00
2021/03/15,33.09,33.09,32.89,32.89,5500,173269.00
2021/03/16,33.00,33.37,32.87,32.87,4600,143997.64
2021/03/17,33.24,33.24,31.39,31.39,4600,143691.41
2021/03/18,32.27,32.27,30.40,31.84,5000,151266.45
2021/03/19,31.39,31.84,31.39,31.39,4100,124305.00
2021/03/22,31.84,31.84,31.39,31.39,4800,145002.00
2021/03/23,31.41,31.41,30.89,30.89,9300,277808.50
2021/03/24,31.29,31.29,30.89,30.89,3200,96187.50
2021/03/25,30.89,30.89,30.61,30.61,800,23460.00
2021/03/29,31.27,31.27,31.27,31.27,1200,35826.12
2021/03/30,32.39,32.39,31.39,31.39,3100,93390.00
2021/03/31,32.39,32.39,31.89,31.89,2900,89200.00
2021/04/01,31.90,31.90,31.90,31.90,1000,31150.71
2021/04/02,31.89,31.89,31.39,31.39,2900,87050.00
2021/04/06,31.42,31.45,31.37,31.37,17700,531404.00
2021/04/07,31.39,31.39,31.39,31.39,10600,317400.00
2021/04/08,31.89,31.89,31.89,31.89,800,24400.00
2021/04/09,31.89,31.89,31.89,31.89,400,12200.00
2021/04/13,31.89,31.89,31.39,31.69,3700,110814.50
2021/04/14,31.89,31.89,31.74,31.74,9700,295250.00
2021/04/15,32.39,32.39,32.39,32.39,600,18600.00
2021/04/16,34.41,35.39,33.45,33.45,17100,576640.00
2021/04/19,35.05,35.12,34.59,34.59,4100,139183.05
2021/04/20,34.39,35.39,34.39,35.18,6600,221936.70
2021/04/21,35.19,35.19,35.19,35.19,4000,134828.20
2021/04/22,35.19,35.19,35.18,35.18,4500,152080.00
2021/04/26,35.38,35.38,35.16,35.19,6300,211408.89
2021/04/27,35.19,35.19,34.59,34.59,9000,304537.25
2021/04/28,34.60,35.13,34.60,34.62,4700,156666.08
2021/04/29,34.62,34.89,34.62,34.89,3100,103580.00
2021/04/30,34.88,34.88,34.87,34.87,5600,187524.00
2021/05/06,34.84,34.84,34.84,34.84,900,30105.00
2021/05/07,34.84,34.85,34.84,34.85,5400,180645.00
2021/05/11,34.59,34.85,34.59,34.85,1300,43741.16
2021/05/12,34.85,34.85,34.85,34.85,500,16730.00
2021/05/13,34.79,34.79,34.39,34.79,6800,226374.20
2021/05/14,34.79,34.79,34.79,34.79,300,10020.00
2021/05/17,34.79,34.79,34.79,34.79,19800,661320.00
2021/05/18,34.85,34.85,34.85,34.85,500,16730.00
2021/05/19,35.59,35.59,35.48,35.48,5100,175433.00
2021/05/20,35.48,35.48,35.48,35.48,3400,114576.00
2021/05/21,35.62,35.62,35.62,35.62,2700,43923.00
2021/05/24,35.62,35.62,35.62,35.62,5300,88192.50
2021/05/25,35.20,35.20,35.20,35.20,27800,453205.19
2021/05/26,35.20,35.20,35.20,35.20,28400,462268.00
2021/05/27,35.20,35.20,35.20,35.20,3900,63504.80
2021/05/28,35.20,35.62,35.20,35.62,22000,358990.00
2021/05/31,34.66,35.62,34.66,35.62,4100,65740.00
2021/06/01,35.50,35.50,35.46,35.46,1900,31213.00
2021/06/02,35.44,35.44,32.84,32.84,3600,58571.00
2021/06/03,34.62,34.62,34.62,34.62,3200,51200.00
2021/06/04,35.36,35.36,35.36,35.36,600,9822.00
2021/06/07,35.62,35.62,35.62,35.62,1100,18150.00
2021/06/08,34.42,35.42,34.42,35.42,4600,75340.00
2021/06/09,34.82,34.82,34.82,34.82,1000,16100.00
2021/06/10,35.94,35.94,34.46,35.52,4600,76068.12
2021/06/11,35.04,35.62,35.04,35.62,1400,22353.18
2021/06/15,35.58,35.58,34.62,35.46,4400,70538.00
2021/06/16,34.66,35.42,34.66,35.42,1200,19268.00
2021/06/17,35.42,35.42,35.42,35.42,1900,31160.00
2021/06/21,35.36,35.36,35.36,35.36,1200,19644.00
2021/06/22,35.62,35.62,35.62,35.62,23900,394350.00
2021/06/23,35.70,35.70,35.70,35.70,3700,61235.00
2021/06/24,35.92,36.02,35.92,36.02,5500,91650.00
2021/06/25,35.64,36.32,35.64,36.32,3400,57192.98
2021/06/30,36.34,36.34,36.34,36.34,200,3372.00
2021/07/01,37.76,38.12,37.76,38.12,7800,137730.00
2021/07/02,38.62,38.62,38.62,38.62,100,1800.00
2021/07/05,39.82,39.82,39.82,39.82,100,1860.00
2021/07/06,40.04,40.14,40.04,40.14,3100,58112.00
2021/07/07,41.02,41.02,41.02,41.02,100,1920.00
2021/07/08,42.44,45.62,42.44,45.62,5700,115670.00
2021/07/09,45.66,48.62,45.66,48.62,2300,49780.00
2021/07/12,48.60,48.62,46.62,46.62,20800,477209.97
2021/07/13,48.38,48.52,48.38,48.52,23400,536281.38
2021/07/14,56.22,56.22,48.60,48.60,5500,126136.30
2021/07/15,49.62,49.78,49.56,49.56,23000,539854.75
2021/07/16,49.82,53.22,49.82,52.62,32100,787283.19
2021/07/19,53.22,53.22,53.22,53.22,1400,35268.20
2021/07/20,53.62,53.62,53.60,53.60,19200,489924.88
2021/07/21,52.62,53.66,52.62,53.66,1000,25052.00
2021/07/22,53.66,53.72,52.82,53.62,2200,56155.50
2021/07/23,56.22,56.22,54.38,54.62,200,5279.08
2021/07/26,55.62,55.62,52.62,52.62,29000,727912.00
2021/07/27,52.98,52.98,52.98,52.98,100,2518.00
2021/08/04,49.42,49.42,49.42,49.42,2000,46800.00
2021/08/05,49.42,49.42,49.42,49.42,1700,39218.40
2021/08/06,48.62,48.82,48.62,48.82,6500,149850.00
2021/08/09,52.62,52.62,52.58,52.58,11000,274906.00
2021/08/10,50.78,52.58,50.78,52.58,1000,25004.08
2021/08/11,52.62,52.62,51.98,51.98,2000,49680.00
2021/08/12,50.62,51.42,50.62,51.42,10600,256400.00
2021/08/16,48.66,55.62,48.66,55.62,2700,62502.00
2021/08/17,52.62,52.62,49.64,49.64,4600,108295.00
2021/08/18,49.64,50.22,49.64,50.22,2200,51777.00
2021/08/19,49.94,52.22,49.94,50.62,2000,49442.00
2021/08/20,51.60,51.62,50.82,50.82,3000,73451.30
2021/08/23,50.62,52.62,50.22,50.22,10300,247087.20
2021/08/24,50.22,50.22,50.16,50.18,5400,127610.36
2021/08/25,52.32,52.32,50.62,50.62,600,14825.00
2021/08/26,50.12,52.42,50.12,52.42,7600,181650.00
2021/08/27,50.14,51.62,50.14,51.62,6000,142652.00
2021/08/30,49.62,50.62,49.62,50.62,2600,61405.00
2021/08/31,50.22,50.22,50.04,50.04,18500,439024.50
2021/09/01,49.84,49.84,49.84,49.84,1800,42498.00
2021/09/02,50.18,50.18,50.18,50.18,6000,142680.00
2021/09/03,52.08,52.42,51.94,52.34,5600,138289.48
2021/09/06,52.64,58.62,52.64,57.62,76300,2025300.38
2021/09/07,60.22,67.02,57.62,67.02,132400,4148690.25
2021/09/08,69.18,70.42,68.62,69.02,28200,941290.00
2021/09/09,68.62,70.42,66.76,66.76,8300,275556.97
2021/09/10,64.62,64.62,64.42,64.42,6300,194122.25
2021/09/13,72.62,72.62,64.70,67.62,25100,863079.50
2021/09/14,67.62,67.62,62.62,64.42,20700,644613.00
2021/09/15,64.62,66.60,64.62,66.56,2600,82999.27
2021/09/16,67.36,67.36,66.62,66.62,1800,57063.60
2021/09/17,66.80,66.80,65.62,65.62,9600,305962.19
2021/09/22,68.44,68.62,65.62,68.56,38000,1249913.00
2021/09/23,68.62,68.62,65.86,66.58,12700,409516.00
2021/09/24,66.62,68.62,66.62,68.56,13000,427623.59
2021/09/27,68.70,69.12,67.12,67.30,26800,884819.88
2021/09/28,66.62,67.72,66.62,67.72,10000,322249.84
2021/09/29,67.72,67.72,67.72,67.72,2300,74148.90
2021/09/30,68.62,68.62,68.22,68.22,2600,85117.60
2021/10/08,68.48,68.48,67.62,67.80,2100,67470.45
2021/10/11,68.58,68.60,68.42,68.42,11400,375967.00
2021/10/12,68.22,68.40,68.22,68.22,2900,94364.00
2021/10/13,66.62,68.38,66.62,68.38,1300,42047.00
2021/10/14,67.74,67.74,67.66,67.66,6800,222364.80
2021/10/15,68.62,68.62,68.38,68.38,17400,573926.94
2021/10/18,68.38,68.38,67.06,67.62,6800,222558.14
2021/10/19,68.42,68.42,67.72,67.72,7800,255707.80
2021/10/20,68.62,68.62,68.30,68.62,46500,1534867.63
2021/10/21,68.80,68.80,66.62,67.62,19600,641620.69
2021/10/22,70.40,70.58,68.52,68.52,18100,613358.94
2021/10/25,68.52,68.52,68.52,68.52,62400,2055684.63
2021/10/26,68.52,68.52,67.62,67.62,9100,299620.00
2021/10/27,67.62,68.42,67.62,68.22,1800,59054.00
2021/10/28,68.04,68.18,67.92,67.92,127600,4168143.75
2021/10/29,67.92,67.92,67.62,67.70,405300,9808346.00
2021/11/01,67.62,68.20,67.56,67.56,308400,7695102.50
2021/11/02,66.62,67.60,65.52,67.54,20800,662613.25
2021/11/03,66.62,68.54,66.62,67.62,8500,274086.00
2021/11/04,67.62,67.62,67.42,67.42,11400,370581.59
2021/11/05,67.48,67.52,67.44,67.52,146300,4733107.00
2021/11/08,66.62,67.52,66.62,67.52,15900,514551.13
2021/11/09,67.54,67.62,67.42,67.44,94800,2461420.75
2021/11/10,67.48,68.62,67.48,67.74,36200,1188684.88
2021/11/11,67.80,69.80,66.66,67.98,65700,2136583.75
2021/11/12,67.44,68.24,67.42,67.42,29300,953990.75
2021/11/15,67.22,69.18,67.22,68.56,74400,2434728.50
2021/11/16,68.60,69.12,68.60,68.68,133100,4395488.00
2021/11/17,68.72,69.42,68.72,69.22,45500,1510955.00
2021/11/18,69.62,69.80,69.22,69.22,71800,2403171.50
2021/11/19,72.60,73.62,68.42,70.18,62800,2098165.00
2021/11/22,72.62,72.62,70.62,71.78,123200,4267352.00
2021/11/23,71.78,72.48,71.22,71.26,93000,2558022.25
2021/11/24,72.02,72.22,71.26,71.94,37200,1286024.50
2021/11/25,71.94,71.98,71.80,71.92,40600,1404643.13
2021/11/26,71.92,72.28,71.92,71.98,64900,2252867.75
2021/11/29,72.60,72.60,69.62,72.02,54600,1871262.25
2021/11/30,72.06,72.06,71.98,72.02,44900,1557134.13
2021/12/01,72.48,72.48,71.62,71.66,10300,357052.84
2021/12/02,71.66,72.18,71.66,71.80,43600,1511348.38
2021/12/03,71.66,71.94,71.66,71.80,88900,3074227.75
2021/12/06,71.80,71.94,71.80,71.86,27500,951552.69
2021/12/07,71.80,71.98,71.80,71.98,29200,1012025.81
2021/12/08,74.12,74.28,71.92,72.72,30200,1052074.00
2021/12/09,72.72,72.72,71.98,72.06,49400,1716859.50
2021/12/10,71.80,71.80,70.62,71.02,31200,1070954.75
2021/12/13,70.92,70.92,52.94,62.62,561700,15768834.00
2021/12/14,60.62,62.54,60.62,62.54,330300,9767122.00
2021/12/15,62.54,66.62,62.46,66.50,318700,9850967.00
2021/12/16,66.80,70.62,66.68,67.04,192500,6387251.50
2021/12/17,67.18,69.62,66.80,67.44,161400,4457406.50
2021/12/20,67.42,67.62,67.02,67.02,83100,2693448.50
2021/12/21,67.54,67.54,66.84,67.02,47700,1539453.38
2021/12/22,67.62,69.48,67.04,68.48,51000,1667496.63
2021/12/23,67.10,67.42,67.10,67.22,36400,1176041.88
2021/12/24,68.44,68.44,66.02,67.78,10500,339404.72
2021/12/27,68.76,68.90,68.52,68.52,66400,2195909.25
2021/12/28,69.02,69.02,66.94,68.60,61400,2024570.63
2021/12/29,68.56,68.58,68.30,68.48,64100,2123368.50
2021/12/30,68.62,68.62,68.40,68.60,49200,1618653.00
2021/12/31,72.60,72.60,68.92,70.22,74900,2538472.00
2022/01/04,68.94,70.20,68.94,70.20,14000,468626.53
2022/01/05,67.98,69.98,67.98,69.62,30500,1012938.31
2022/01/06,68.62,69.60,68.62,69.54,10900,365902.19
2022/01/07,70.62,70.62,69.52,69.62,72100,2412984.00
2022/01/10,71.22,71.60,71.22,71.52,46200,1591803.38
2022/01/11,71.62,72.34,71.62,72.22,93900,3268937.00
2022/01/12,73.20,73.20,72.62,73.02,75500,2252461.00
2022/01/13,70.80,73.16,70.80,72.86,13200,461018.13
2022/01/14,73.22,73.38,73.12,73.12,38100,1345120.38
2022/01/17,73.42,74.22,73.42,73.48,61500,2183126.25
2022/01/18,74.18,74.18,73.42,73.62,3000,106633.10
2022/01/19,73.80,74.24,73.80,73.92,36100,1288315.50
2022/01/20,74.28,74.28,73.20,73.20,29000,1032451.00
2022/01/21,74.12,74.12,71.22,71.62,15000,517465.38
2022/01/24,69.28,72.38,69.28,71.22,8500,291565.88
2022/01/25,70.62,71.62,70.62,71.38,30800,1058516.88
2022/01/26,71.38,71.38,71.38,71.38,2400,82512.00
2022/01/27,72.22,72.22,71.68,71.68,10100,347552.50
2022/01/28,71.68,71.68,70.62,70.62,21000,721440.75
2022/02/07,70.62,73.72,70.62,73.30,22400,788235.81
2022/02/08,71.98,74.38,71.98,74.38,57200,2044128.13
2022/02/09,74.38,76.48,74.38,75.80,36500,1331334.63
2022/02/10,75.80,80.22,75.80,79.62,74300,2316055.00
2022/02/11,79.80,82.34,79.80,81.22,27400,1080803.63
2022/02/14,81.62,86.62,81.62,83.74,128800,5226740.00
2022/02/15,83.74,84.02,83.22,83.30,76400,3093409.25
2022/02/16,83.30,83.62,83.30,83.34,52600,2123882.00
2022/02/17,82.80,83.76,82.80,83.22,66900,2703225.75
2022/02/18,86.02,86.02,84.02,84.58,94100,3854501.75
2022/02/21,84.62,86.22,84.62,85.82,50700,2103689.25
2022/02/22,88.54,88.54,85.64,86.54,118800,4987082.50
2022/02/23,83.06,86.62,83.06,85.30,43600,1808210.75
2022/02/24,86.38,86.48,85.32,86.06,67300,2804806.50
2022/02/25,86.06,86.06,85.62,85.62,17600,731500.81
2022/02/28,84.54,84.54,81.30,81.30,27000,1080434.88
2022/03/01,83.98,83.98,82.58,82.58,3100,122639.00
2022/03/02,82.48,82.48,80.60,80.60,25400,1010673.25
2022/03/03,82.62,82.62,80.62,81.84,2100,82968.00
2022/03/04,80.34,81.80,79.84,80.22,37500,1456704.75
2022/03/07,80.22,80.22,78.72,80.02,2600,99611.00
2022/03/08,79.90,79.90,76.72,79.62,10500,398485.28
2022/03/09,77.10,79.52,77.10,78.02,67000,2095344.13
2022/03/10,78.02,78.02,77.60,77.62,67100,2101110.75
2022/03/11,74.34,79.60,74.34,79.60,40200,1059435.00
2022/03/14,79.30,79.30,74.76,76.72,48300,1387577.38
2022/03/15,76.78,80.62,74.80,74.80,8200,300827.69
2022/03/16,74.80,74.80,71.72,72.72,24900,871726.00
2022/03/17,72.92,72.92,71.68,72.42,72900,2025222.63
2022/03/18,76.80,76.80,71.80,76.12,5000,173957.20
2022/03/21,76.02,80.62,74.22,74.22,7800,287981.63
2022/03/22,80.38,80.38,77.80,77.80,2600,100442.12
2022/03/23,82.62,82.62,76.62,77.80,24700,930373.75
2022/03/24,78.26,78.26,76.26,76.78,13600,503125.63
2022/03/25,78.14,81.02,78.14,78.94,141600,2681460.25
2022/03/28,80.14,80.14,78.38,78.38,136700,2555195.00
2022/03/29,78.62,79.38,78.62,79.38,61500,1152195.75
2022/03/30,79.38,79.50,79.02,79.38,83100,1562927.75
2022/03/31,79.38,79.38,79.22,79.34,4200,79188.15
2022/04/01,83.62,83.62,79.78,80.62,54500,1036057.81
2022/04/06,80.18,80.26,79.82,79.82,22900,435548.00
2022/04/07,80.22,80.22,79.22,79.22,50300,947209.38
2022/04/08,80.02,80.02,79.02,79.22,8700,162581.16
2022/04/11,80.22,80.22,78.38,78.82,44100,830636.75
2022/04/12,78.86,79.38,78.86,79.38,10300,193237.41
2022/04/13,80.22,80.22,79.38,79.38,43000,809800.00
2022/04/14,79.46,79.46,79.38,79.38,117200,1643062.25
2022/04/15,80.18,80.18,79.38,79.78,146400,2191133.50
2022/04/18,78.70,79.70,78.70,79.66,25400,478497.00
2022/04/19,77.02,80.06,77.02,79.90,5200,98318.00
2022/04/20,79.70,79.70,79.02,79.02,8000,149568.80
2022/04/21,79.02,79.02,78.90,78.94,6000,112666.26
2022/04/22,78.62,79.02,78.22,78.94,56400,1045664.50
2022/04/25,79.34,79.38,75.02,76.54,142300,2108026.50
2022/04/26,76.94,79.38,76.54,76.54,168700,2635852.75
2022/04/27,76.50,77.94,76.30,77.94,16500,299043.59
2023/04/03,47.42,47.42,40.14,44.90,9481757,91940696.00
2023/04/04,44.22,44.30,42.70,42.82,2845878,27890728.00
2023/04/06,42.82,42.98,42.22,42.38,819135,7817137.00
2023/04/07,42.62,43.02,42.38,42.94,671278,6454065.00
2023/04/10,43.14,43.14,42.10,42.46,621546,5947850.50
2023/04/11,42.22,42.50,42.14,42.18,503692,4790395.00
2023/04/12,42.18,42.42,41.98,42.06,327060,3099540.50
2023/04/13,41.90,42.10,41.22,41.34,523164,4903518.50
2023/04/14,41.42,41.62,41.10,41.26,345536,3196367.75
2023/04/17,41.22,41.54,41.02,41.26,310555,2870826.00
2023/04/18,41.22,41.22,40.22,40.38,671472,6106048.50
2023/04/19,40.30,40.54,40.26,40.38,225725,2041949.63
2023/04/20,40.42,41.62,40.34,41.34,364524,3373638.00
2023/04/21,40.62,41.74,40.42,41.34,280840,2611975.25
2023/04/24,41.22,41.58,41.22,41.50,221624,2059289.38
2023/04/25,41.22,41.54,41.18,41.22,206824,1919459.63
2023/04/26,41.22,41.54,40.66,41.06,258343,2372901.50
2023/04/27,41.30,41.30,40.62,40.86,218349,1996035.50
2023/04/28,40.66,41.62,40.66,41.26,267398,2477301.00
2023/05/04,40.66,41.54,40.66,41.42,177106,1645009.75
2023/05/05,41.14,41.50,41.02,41.34,182897,1697122.63
2023/05/08,41.34,41.50,40.22,41.42,338130,3132127.50
2023/05/09,41.42,41.66,40.86,41.14,229657,2122870.75
2023/05/10,40.82,41.26,40.70,40.98,116674,1073123.63
2023/05/11,40.86,41.18,40.62,40.94,334687,3072376.75
2023/05/12,40.94,41.02,40.66,41.02,92958,851056.69
2023/05/15,40.86,41.38,40.86,41.10,408911,3496809.50
2023/05/16,41.02,41.38,40.94,41.06,246776,2271842.25
2023/05/17,41.02,41.06,40.94,40.98,199499,1833688.13
2023/05/18,40.70,41.10,40.70,40.82,279446,2289292.25
2023/05/19,40.82,41.02,40.14,40.62,199499,1808991.00
2023/05/22,40.42,40.82,40.42,40.54,106091,962378.06
2023/05/23,40.50,40.50,40.22,40.34,245568,2216267.00
2023/05/24,40.42,40.42,40.14,40.26,259147,2330867.50
2023/05/25,40.30,40.30,39.70,40.22,169033,1510125.00
2023/05/26,39.74,40.18,39.42,39.90,159998,1416516.75
2023/05/29,39.74,40.02,39.22,39.38,298461,2620578.00
2023/05/30,39.06,39.26,38.22,38.42,383595,3289339.50
2023/05/31,38.42,38.42,37.78,37.78,210746,1780412.00
2023/06/01,37.62,38.14,37.50,37.82,110960,928197.69
2023/06/02,37.62,38.18,37.62,38.02,169229,1426436.88
2023/06/05,37.90,38.30,37.74,37.82,202366,1707159.00
2023/06/06,37.82,37.94,37.34,37.42,175397,1462265.25
2023/06/07,37.42,37.42,37.06,37.10,120114,991089.31
2023/06/08,37.02,37.14,36.86,37.10,150854,1234519.63
2023/06/09,37.46,37.50,36.70,37.14,151283,1237636.63
2023/06/12,36.70,37.42,36.70,37.26,219154,1806909.88
2023/06/13,36.82,37.54,36.82,37.54,123885,1026394.25
2023/06/14,37.34,37.70,37.34,37.70,142779,1190982.25
2023/06/15,37.90,38.34,37.70,38.34,172412,1457770.75
2023/06/16,38.34,39.98,38.30,39.62,468977,4131077.50
2023/06/19,39.42,40.10,39.42,39.54,439291,3919924.00
2023/06/20,39.54,39.94,39.54,39.58,139940,1245104.88
2023/06/21,39.62,39.90,39.62,39.78,112628,1001427.75
2023/06/26,39.66,39.98,39.66,39.78,90538,806056.31
2023/06/27,38.86,39.90,38.86,39.90,100315,889908.38
2023/06/28,39.26,39.90,38.86,38.90,150232,1311351.25
2023/06/29,38.90,39.50,38.62,38.78,131725,1142056.75
2023/06/30,38.66,39.26,38.66,39.18,43383,378362.09
2023/07/03,39.86,39.86,39.26,39.38,128961,1141679.88
2023/07/04,39.34,39.74,39.14,39.74,88601,783134.63
2023/07/05,39.42,39.78,39.26,39.34,143730,1262077.75
2023/07/06,39.70,40.10,39.30,39.82,265823,2349465.00
2023/07/07,40.46,40.46,39.54,40.14,389303,3328806.75
2023/07/10,39.66,40.34,39.66,40.22,358155,3066082.50
2023/07/11,39.82,40.50,39.62,40.14,337399,2891687.75
2023/07/12,40.06,40.46,40.06,40.26,572273,4670357.50
2023/07/13,39.86,40.38,39.86,40.22,64473,551376.75
2023/07/14,40.22,40.26,39.90,40.14,151065,1298829.88
2023/07/17,39.50,39.82,39.50,39.58,212364,1799546.75
2023/07/18,39.54,39.90,39.50,39.78,151800,1284564.00
2023/07/19,39.58,39.82,39.58,39.58,182805,1549518.13
2023/07/20,39.46,39.62,39.46,39.54,126986,1071492.13
2023/07/21,40.10,40.10,39.42,39.42,168615,1430182.25
2023/07/24,39.46,39.62,39.38,39.42,196000,1648798.00
2023/07/25,39.34,39.54,39.34,39.42,181058,1523113.38
2023/07/26,39.70,39.70,39.34,39.46,240966,2023464.75
2023/07/27,39.46,39.58,39.38,39.38,607471,3924991.75
2023/07/28,39.42,39.62,39.30,39.50,566657,3778274.00
2023/07/31,39.26,40.06,39.22,39.26,269304,2260128.75
2023/08/01,39.26,39.50,39.26,39.30,159535,1339064.88
2023/08/02,39.22,39.38,39.22,39.26,147100,1231723.00
2023/08/03,39.06,39.22,38.70,38.82,395051,2889887.00
2023/08/04,39.02,39.02,38.62,38.66,123768,1017698.56
2023/08/07,38.78,38.78,38.46,38.46,43768,358190.56
2023/08/08,38.42,38.42,37.98,37.98,152411,1231747.25
2023/08/09,38.02,38.46,38.02,38.10,45269,365453.13
2023/08/10,38.02,38.06,37.62,37.70,176291,1408496.88
2023/08/11,37.94,37.94,37.42,37.46,100522,796357.19
2023/08/14,36.94,37.14,36.94,37.02,122740,956738.19
2023/08/15,36.94,36.94,36.74,36.82,262162,1573805.63
2023/08/16,36.62,36.86,36.38,36.38,110773,851566.75
2023/08/17,36.42,36.42,35.82,35.86,179507,1357109.25
2023/08/18,36.54,36.90,35.98,35.98,430072,2476533.75
2023/08/21,36.02,36.54,35.66,36.30,286300,1921067.13
2023/08/22,37.14,37.14,35.94,36.34,170767,1305632.00
2023/08/23,36.22,36.50,35.94,35.94,126688,966233.31
2023/08/24,35.94,36.50,35.94,36.26,345350,2626304.00
2023/08/25,36.26,36.62,36.18,36.18,184050,1402196.00
2023/08/28,37.26,38.06,36.14,36.22,200278,1541695.00
2023/08/29,36.98,37.10,36.06,36.70,148260,1148581.13
2023/08/30,36.66,37.14,36.50,36.66,173150,1338228.38
2023/08/31,36.94,36.94,36.66,36.66,140100,1086199.00
2023/09/01,37.02,37.06,36.74,37.06,512885,3204117.50
2023/09/04,37.82,38.30,37.74,37.74,555718,4106419.75
2023/09/05,37.54,38.06,36.98,37.02,337081,2413821.50
2023/09/06,36.82,37.26,36.82,37.14,270427,1878768.88
2023/09/07,37.62,37.62,36.90,36.90,155318,1213671.63
2023/09/08,38.54,38.54,37.10,37.14,221308,1757626.38
2023/09/11,37.74,37.74,36.98,37.02,345677,2404091.50
2023/09/12,36.86,37.26,36.82,36.94,151010,1178630.63
2023/09/13,37.22,37.26,36.62,36.62,153234,1197173.38
2023/09/14,36.66,37.22,36.66,36.74,226659,1522681.63
2023/09/15,36.82,37.42,36.82,37.38,146171,1148981.25
2023/09/18,37.02,37.22,36.90,36.94,242302,1890902.88
2023/09/19,36.86,37.02,36.62,36.74,212964,1649381.75
2023/09/20,36.66,37.22,36.66,36.90,122700,950607.31
2023/09/21,36.82,37.26,36.82,37.02,184523,1437698.75
2023/09/22,37.02,37.22,36.82,37.02,201072,1567895.13
2023/09/25,37.46,37.46,36.78,36.82,189500,1475936.75
2023/09/26,37.02,37.34,36.86,36.86,147200,1152368.75
2023/09/27,36.82,37.22,36.82,37.18,119279,931694.75
2023/09/28,37.30,37.50,37.10,37.42,124033,978113.56
2023/10/09,36.94,37.38,36.90,36.94,204744,1601469.63
2023/10/10,36.98,37.42,36.98,37.26,116357,912659.75
2023/10/11,37.46,37.54,37.26,37.30,144300,1138996.75
2023/10/12,37.58,37.58,37.18,37.30,7583,59556.21
2023/10/13,37.06,37.06,36.66,36.82,221518,1717142.50
2023/10/16,36.62,36.98,36.54,36.54,50798,391390.41
2023/10/17,36.54,36.58,35.90,36.02,153718,1163999.88
2023/10/18,36.26,36.30,36.02,36.06,44589,338332.63
2023/10/19,38.34,38.34,35.86,35.94,33956,256709.69
2023/10/20,35.86,36.14,35.86,35.90,29272,220328.30
2023/10/23,35.82,35.82,34.78,35.22,139449,1020048.69
2023/10/24,35.06,35.42,34.82,34.82,64598,471288.94
2023/10/25,34.82,34.94,34.62,34.82,94841,686301.25
2023/10/26,34.82,34.90,34.62,34.90,38100,275112.19
2023/10/27,34.66,35.26,34.66,35.22,136524,998388.81
2023/10/30,27.34,35.50,27.34,34.74,333590,2405526.00
2023/10/31,34.22,34.54,34.14,34.22,206119,1463684.75
2023/11/01,34.38,34.38,33.34,33.38,165047,1152648.25
2023/11/02,33.78,33.78,32.22,32.26,266570,1791682.25
2023/11/03,32.26,32.26,31.62,31.74,233627,1520462.25
2023/11/06,32.50,32.50,31.62,32.02,228508,1488024.25
2023/11/07,31.86,32.06,31.74,32.06,148667,967755.88
2023/11/08,32.06,32.82,31.82,32.34,238337,1574433.63
2023/11/09,32.82,32.82,32.14,32.30,201550,1332984.50
2023/11/10,32.54,32.54,32.06,32.26,153508,1011258.38
2023/11/13,32.14,32.46,31.86,32.18,73399,483665.63
2023/11/14,32.50,32.50,31.94,32.26,112171,736887.38
2023/11/15,32.22,32.54,32.22,32.50,126205,839027.94
2023/11/16,32.78,32.78,32.22,32.54,98040,651501.25
2023/11/17,32.66,32.94,32.14,32.78,280478,1885057.38
2023/11/20,32.62,33.30,32.58,33.30,103237,704016.81
2023/11/21,33.58,36.18,33.54,34.66,1302172,9510289.00
2023/11/22,34.98,37.74,34.66,37.70,2543670,19524478.00
2023/11/23,37.86,39.94,35.98,36.34,3413596,27585506.00
2023/11/24,35.86,39.22,35.34,39.10,4017122,32487560.00
2023/11/27,40.70,44.50,39.14,43.82,7949939,72363544.00
2023/11/28,43.82,43.82,41.30,41.94,4759663,43668400.00
2023/11/29,41.06,42.62,37.82,37.82,4075288,35132968.00
2023/11/30,37.82,39.14,36.74,37.98,1755793,14084673.00
2023/12/01,38.42,38.42,35.94,36.34,1439335,11181018.00
2023/12/04,36.66,36.90,35.58,36.46,871536,6639028.00
2023/12/05,36.46,39.14,36.02,38.94,2198386,17822698.00
2023/12/06,38.98,40.42,38.46,39.14,2181819,18345192.00
2023/12/07,38.94,41.62,38.58,41.26,4025327,34996980.00
2023/12/08,40.86,42.26,40.86,41.94,3893318,34718204.00
2023/12/11,40.50,41.74,39.86,40.30,1807001,15615414.00
2023/12/12,40.54,40.54,38.86,39.82,1476052,12497042.00
2023/12/13,39.82,40.86,39.82,40.74,1653874,14319651.00
2023/12/14,40.98,42.22,40.42,41.86,3663011,32491878.00
2023/12/15,41.70,42.14,40.70,41.06,1841888,16308059.00
2023/12/18,40.82,43.70,40.82,43.54,4247166,38666280.00
2023/12/19,43.38,44.06,42.34,43.30,2422153,22441500.00
2023/12/20,43.54,46.62,43.06,45.86,6154039,59765924.00
2023/12/21,47.02,47.82,40.82,41.22,8409211,82652320.00
2023/12/22,40.22,42.02,38.82,41.14,3300781,28062472.00
2023/12/25,41.34,42.58,41.10,42.30,2988603,26513728.00
2023/12/26,41.46,44.34,41.02,44.34,4681887,43252948.00
2023/12/27,43.82,44.46,42.46,43.58,2601784,24493904.00
2023/12/28,44.02,45.82,43.30,45.02,3835878,36745600.00
2023/12/29,45.06,46.54,43.78,45.82,3744548,36787796.00
2024/01/02,45.82,47.02,45.22,47.02,4904617,49531032.00
2024/01/03,46.70,47.26,45.78,46.34,2698215,27348440.00
2024/01/04,46.30,46.54,44.54,45.70,2786919,27590926.00
2024/01/05,45.66,46.42,43.54,43.90,2526045,24589266.00
2024/01/08,44.06,44.62,42.02,42.42,1554033,14610816.00
2024/01/09,42.82,43.34,40.30,41.26,1722253,15438132.00
2024/01/10,41.18,42.58,40.58,41.98,1410211,12387111.00
2024/01/11,41.94,42.94,41.82,42.14,944208,8320936.50
2024/01/12,42.50,42.82,39.66,39.90,1993243,17494118.00
2024/01/15,39.50,40.34,37.90,38.14,1045195,8640655.00
2024/01/16,38.74,40.50,37.58,40.30,1938672,15858081.00
2024/01/17,39.74,40.86,39.54,39.70,1106819,9526400.00
2024/01/18,40.14,40.94,39.26,40.70,951816,8178013.00
2024/01/19,41.26,41.78,40.22,41.66,1173772,10426819.00
2024/01/22,41.14,41.82,39.74,40.46,969215,8436369.00
2024/01/23,39.98,41.18,39.78,41.18,657935,5745229.50
2024/01/24,41.38,41.70,40.14,41.50,730804,6422807.50
2024/01/25,41.70,41.74,40.70,41.22,741051,6568814.00
2024/01/26,40.82,41.50,39.82,39.94,862668,7491649.00
2024/01/29,39.38,39.46,38.06,38.14,761755,6206590.50
2024/01/30,37.62,38.82,37.54,38.02,489424,3694137.75
2024/01/31,37.94,38.54,37.70,38.02,525239,4001953.25
2024/02/01,38.02,38.18,37.38,37.46,755416,5559805.50
2024/02/02,37.58,38.10,35.82,35.82,829058,6385115.50
2024/02/05,35.62,35.62,32.62,34.50,849774,5913935.50
2024/02/06,34.46,38.14,33.82,37.10,881426,6420958.50
2024/02/07,36.86,38.22,36.14,36.62,879256,6934605.50
2024/02/08,36.62,37.90,35.74,37.78,866594,6741184.00
2024/02/19,38.54,38.54,37.42,37.50,334642,2675002.75
数据来源:通达信
