873223 荣亿精密 日线 后复权
      日期	    开盘	    最高	    最低	    收盘	    成交量	    成交额
2021/04/16,3.24,3.24,3.24,3.24,100,324.00
2021/04/19,3.24,3.25,3.24,3.25,110000,352430.00
2021/04/20,3.20,3.20,3.20,3.20,89600,286624.00
2021/04/21,3.30,3.32,3.30,3.32,13500,44707.60
2021/04/26,3.37,3.37,3.37,3.37,100,337.00
2021/04/29,3.82,3.82,3.81,3.81,1000,3816.00
2021/05/12,3.20,3.20,3.20,3.20,100,320.00
2021/05/21,3.88,3.88,3.88,3.88,500,1940.00
2021/05/24,3.79,3.79,3.79,3.79,100,379.00
2021/05/25,3.77,3.77,3.77,3.77,100,377.00
2021/05/26,3.75,3.75,3.68,3.68,1100,4055.00
2021/05/27,3.60,3.60,3.50,3.50,500,1763.00
2021/05/31,3.50,3.50,3.50,3.50,2000,7000.00
2021/06/01,3.40,3.40,3.40,3.40,300,986.00
2021/06/02,3.40,3.40,3.40,3.40,500,1700.00
2021/06/07,3.40,3.40,3.40,3.40,2500,8500.00
2021/06/08,3.40,3.40,3.40,3.40,100,340.00
2021/06/21,3.40,3.40,3.40,3.40,3100,10580.80
2021/06/22,3.47,3.47,3.47,3.47,2000,6940.00
2021/06/23,3.40,3.40,3.40,3.40,100,302.60
2021/06/25,3.30,3.30,3.30,3.30,100,330.00
2021/06/28,3.30,3.34,3.30,3.34,400,1332.00
2021/07/09,3.30,3.30,3.30,3.30,100,330.00
2021/07/12,3.50,3.50,3.50,3.50,100,350.00
2021/07/15,3.50,3.50,3.50,3.50,900,3150.00
2021/07/21,3.50,3.50,3.50,3.50,2000,7000.00
2021/08/12,3.50,3.50,3.50,3.50,2000,7000.00
2021/08/25,6.49,6.49,6.49,6.49,1000,6490.00
2021/09/06,6.49,12.96,6.49,6.66,2600,23532.40
2021/09/07,11.08,11.08,7.90,8.02,2200,17837.00
2021/09/09,8.85,8.85,8.85,8.85,1600,14173.90
2022/06/09,4.60,5.30,4.42,4.50,35006848,166988544.00
2022/06/10,3.97,4.06,3.72,3.82,17518989,67797928.00
2022/06/13,3.75,3.87,3.70,3.72,6877739,25856200.00
2022/06/14,3.71,3.71,3.57,3.65,5525774,20031124.00
2022/06/15,3.67,3.83,3.62,3.75,5754034,21493002.00
2022/06/16,3.73,3.77,3.68,3.73,3778977,14049491.00
2022/06/17,3.70,3.86,3.68,3.80,4182136,15788962.00
2022/06/20,3.80,3.84,3.76,3.81,3033828,11517365.00
2022/06/21,3.83,3.83,3.75,3.78,1615671,6110823.00
2022/06/22,3.77,3.78,3.70,3.72,1433940,5359653.00
2022/06/23,3.66,3.74,3.66,3.72,1355977,5016102.00
2022/06/24,3.72,3.75,3.68,3.71,1406617,5216233.50
2022/06/27,3.71,3.74,3.68,3.73,1811263,6718234.00
2022/06/28,3.74,4.48,3.72,4.32,14143031,58165832.00
2022/06/29,4.20,4.28,3.94,4.02,7703523,31491402.00
2022/06/30,4.02,4.07,3.95,3.98,3011142,11980034.00
2022/07/01,4.05,4.25,4.02,4.14,5165451,21501832.00
2022/07/04,4.16,4.18,3.99,4.05,3078739,12410298.00
2022/07/05,4.01,4.03,3.94,3.99,2828884,11258221.00
2022/07/06,4.00,4.00,3.90,3.94,1192817,4689775.00
2022/07/07,3.94,4.12,3.92,4.01,1515403,6073024.50
2022/07/08,4.09,4.09,3.95,3.96,1745490,6932209.50
2022/07/11,3.95,3.96,3.85,3.92,1830025,7132885.00
2022/07/12,3.92,3.94,3.86,3.90,872048,3390438.75
2022/07/13,3.87,3.89,3.80,3.85,1736920,6663318.50
2022/07/14,3.86,3.92,3.77,3.80,2824889,10803443.00
2022/07/15,3.82,3.82,3.70,3.74,1390649,5222708.50
2022/07/18,3.75,3.79,3.73,3.77,716647,2694925.00
2022/07/19,3.74,3.81,3.74,3.78,685207,2598055.50
2022/07/20,3.78,3.98,3.78,3.89,2221744,8668035.00
2022/07/21,3.86,3.95,3.84,3.88,1120899,4359118.50
2022/07/22,3.85,3.88,3.80,3.82,1340266,5143182.00
2022/07/25,3.80,3.84,3.80,3.81,593801,2264277.50
2022/07/26,3.81,3.90,3.70,3.89,2865796,10918525.00
2022/07/27,3.82,4.26,3.81,4.07,8143292,32984264.00
2022/07/28,4.08,4.10,3.93,3.96,3899667,15520179.00
2022/07/29,3.90,3.98,3.86,3.87,2357857,9182084.00
2022/08/01,3.84,3.96,3.84,3.95,2130474,8365114.50
2022/08/02,3.92,3.92,3.75,3.78,2652446,10135368.00
2022/08/03,3.80,3.84,3.73,3.77,1714041,6472934.50
2022/08/04,3.82,3.84,3.75,3.80,926122,3521076.75
2022/08/05,3.78,3.83,3.78,3.81,885577,3362169.75
2022/08/08,3.81,3.86,3.78,3.84,1290577,4927006.50
2022/08/09,3.82,3.85,3.80,3.83,935397,3581139.25
2022/08/10,3.83,3.97,3.82,3.95,3056238,11946929.00
2022/08/11,3.96,4.22,3.94,4.19,7341749,30171126.00
2022/08/12,4.19,4.24,4.01,4.02,4987036,20268146.00
2022/08/15,4.00,4.02,3.95,3.98,1522691,6049492.50
2022/08/16,4.00,4.03,3.95,3.98,1463270,5821626.00
2022/08/17,3.97,4.00,3.95,3.97,973310,3854715.25
2022/08/18,3.98,3.99,3.95,3.98,750865,2981002.75
2022/08/19,3.97,3.98,3.90,3.92,1194601,4699981.50
2022/08/22,3.86,3.96,3.86,3.92,559576,2191267.50
2022/08/23,3.89,3.92,3.87,3.92,501169,1950255.25
2022/08/24,3.89,3.89,3.82,3.84,1109483,4267813.00
2022/08/25,3.86,3.87,3.78,3.83,1048843,4017251.50
2022/08/26,3.86,3.86,3.80,3.84,924619,3538524.50
2022/08/29,3.79,3.84,3.79,3.82,748600,2858542.00
2022/08/30,3.83,3.83,3.79,3.82,499191,1900315.13
2022/08/31,3.80,3.82,3.76,3.82,757108,2860961.25
2022/09/01,3.78,3.84,3.78,3.79,440977,1678806.25
2022/09/02,3.86,3.86,3.78,3.81,582565,2212118.00
2022/09/05,3.85,3.88,3.79,3.81,1106026,4237118.50
2022/09/06,3.80,3.82,3.78,3.82,761815,2895844.75
2022/09/07,3.81,3.82,3.79,3.81,482411,1837123.88
2022/09/08,3.82,3.82,3.77,3.79,481902,1823895.25
2022/09/09,3.80,3.87,3.79,3.82,607021,2322889.25
2022/09/13,3.80,3.82,3.79,3.82,860181,3273583.00
2022/09/14,3.76,3.82,3.76,3.81,433879,1645057.25
2022/09/15,3.82,3.82,3.72,3.75,1182164,4436510.00
2022/09/16,3.77,4.38,3.75,4.20,13596789,55785452.00
2022/09/19,4.15,4.60,4.04,4.46,11343118,48831448.00
2022/09/20,4.31,4.51,4.16,4.35,7010578,30552254.00
2022/09/21,4.39,5.58,4.22,4.78,15172550,74205312.00
2022/09/22,4.80,5.42,4.71,4.91,11211373,56140224.00
2022/09/23,4.75,4.89,4.21,4.33,9353918,41995176.00
2022/09/26,4.27,4.70,4.23,4.49,7435930,33476532.00
2022/09/27,4.39,4.79,4.31,4.65,7031670,32424284.00
2022/09/28,4.76,4.76,4.38,4.42,4564253,20638566.00
2022/09/29,4.50,4.56,3.96,4.08,6226748,25926870.00
2022/09/30,4.08,4.08,3.84,3.84,4164499,16187675.00
2022/10/10,3.86,3.87,3.75,3.78,2548978,9653453.00
2022/10/11,3.81,3.99,3.77,3.93,3467865,13624613.00
2022/10/12,3.91,3.95,3.84,3.94,1829648,7117355.50
2022/10/13,3.96,3.96,3.87,3.90,1854928,7253001.00
2022/10/14,3.97,4.00,3.90,3.97,2464457,9710744.00
2022/10/17,3.95,3.95,3.87,3.92,2523842,9859287.00
2022/10/18,3.93,4.04,3.89,4.03,3615833,14287183.00
2022/10/19,4.01,4.02,3.91,3.94,2454711,9717933.00
2022/10/20,3.91,3.93,3.85,3.85,2454720,9541630.00
2022/10/21,3.88,3.90,3.81,3.86,1478219,5703343.00
2022/10/24,3.86,3.88,3.78,3.81,1609069,6162575.00
2022/10/25,3.82,3.83,3.75,3.81,1664338,6298849.00
2022/10/26,3.81,3.85,3.80,3.83,1317949,5041233.50
2022/10/27,3.77,3.82,3.76,3.78,1701216,6451557.50
2022/10/28,3.78,3.78,3.72,3.74,1872059,7017203.50
2022/10/31,3.76,3.77,3.70,3.74,898464,3353490.00
2022/11/01,3.76,3.80,3.71,3.79,961276,3604276.00
2022/11/02,3.82,3.83,3.76,3.82,1230395,4686150.50
2022/11/03,3.83,3.84,3.78,3.79,1110617,4215302.50
2022/11/04,3.79,3.83,3.77,3.82,1087934,4147043.75
2022/11/07,3.83,3.90,3.79,3.86,1733628,6678036.50
2022/11/08,3.87,3.87,3.81,3.83,848990,3255532.50
2022/11/09,3.84,3.84,3.80,3.82,886817,3381794.50
2022/11/10,3.80,3.83,3.80,3.81,630539,2401830.50
2022/11/11,3.84,3.95,3.82,3.86,2159831,8352987.50
2022/11/14,3.88,3.91,3.72,3.84,1005017,3852278.25
2022/11/15,3.85,3.85,3.83,3.85,1025600,3938161.25
2022/11/16,3.87,3.87,3.82,3.84,407578,1562567.50
2022/11/17,3.85,3.85,3.78,3.80,1038092,3944820.25
2022/11/18,3.83,3.83,3.77,3.79,624574,2366201.25
2022/11/21,3.86,3.90,3.84,3.88,2559540,9917453.00
2022/11/22,3.86,3.88,3.80,3.80,1907906,7321377.00
2022/11/23,3.80,3.82,3.75,3.78,1022477,3859108.25
2022/11/24,3.79,3.80,3.77,3.77,544398,2059120.00
2022/11/25,3.77,3.78,3.74,3.76,649858,2440744.25
2022/11/28,3.76,3.77,3.73,3.75,355812,1334803.25
2022/11/29,3.76,3.79,3.73,3.77,699415,2634695.50
2022/11/30,3.75,3.77,3.74,3.77,539451,2027014.50
2022/12/01,3.79,3.82,3.76,3.76,623627,2357546.75
2022/12/02,3.75,3.79,3.75,3.77,473191,1783124.50
2022/12/05,3.76,3.77,3.75,3.77,621152,2334336.25
2022/12/06,3.78,3.78,3.74,3.76,499904,1875987.50
2022/12/07,3.75,3.76,3.73,3.74,662483,2475384.75
2022/12/08,3.73,3.76,3.73,3.75,450512,1684212.00
2022/12/09,3.75,3.75,3.73,3.75,371942,1387969.75
2022/12/12,3.72,3.75,3.71,3.72,470233,1750192.75
2022/12/13,3.72,3.74,3.70,3.70,604408,2239777.00
2022/12/14,3.70,3.72,3.66,3.67,604199,2221076.50
2022/12/15,3.66,3.69,3.66,3.69,151452,556481.38
2022/12/16,3.69,3.69,3.56,3.61,730588,2643416.00
2022/12/19,3.57,3.58,3.49,3.50,733073,2588532.00
2022/12/20,3.50,3.51,3.43,3.46,421016,1455022.75
2022/12/21,3.44,3.47,3.40,3.40,320845,1100049.38
2022/12/22,3.40,3.43,3.33,3.34,732632,2470721.50
2022/12/23,3.34,3.37,3.30,3.33,391896,1305632.50
2022/12/26,3.29,3.35,3.29,3.33,217586,723736.69
2022/12/27,3.36,3.36,3.31,3.35,153587,511498.94
2022/12/28,3.33,3.36,3.26,3.27,452230,1491389.50
2022/12/29,3.27,3.27,3.19,3.19,843297,2713293.00
2022/12/30,3.19,3.23,3.18,3.21,332553,1064707.00
2023/01/03,3.20,3.22,3.20,3.22,493414,1585367.13
2023/01/04,3.22,3.24,3.20,3.23,620351,1997649.13
2023/01/05,3.24,3.24,3.20,3.20,666231,2150865.50
2023/01/06,3.22,3.24,3.22,3.22,502985,1625514.25
2023/01/09,3.22,3.24,3.20,3.23,483368,1557181.38
2023/01/10,3.20,3.24,3.18,3.18,419109,1341888.75
2023/01/11,3.20,3.21,3.18,3.19,477398,1525235.38
2023/01/12,3.20,3.21,3.18,3.20,268272,856923.13
2023/01/13,3.19,3.21,3.18,3.21,214002,684001.44
2023/01/16,3.19,3.23,3.19,3.23,245860,789137.88
2023/01/17,3.21,3.22,3.19,3.20,387647,1240793.50
2023/01/18,3.20,3.22,3.20,3.22,162112,520746.19
2023/01/19,3.21,3.24,3.21,3.22,517096,1665806.38
2023/01/20,3.24,3.29,3.22,3.28,661069,2153275.25
2023/01/30,3.30,3.33,3.30,3.31,730192,2420888.25
2023/01/31,3.32,3.60,3.32,3.55,3503787,12340257.00
2023/02/01,3.58,4.10,3.55,3.74,8204493,31401328.00
2023/02/02,3.73,3.73,3.50,3.64,4404836,15827981.00
2023/02/03,3.60,3.66,3.54,3.60,1879211,6723697.00
2023/02/06,3.55,3.55,3.46,3.46,1706420,5940455.50
2023/02/07,3.46,3.50,3.46,3.48,579044,2014826.25
2023/02/08,3.45,3.49,3.40,3.41,838844,2884627.75
2023/02/09,3.41,3.44,3.40,3.43,506057,1731058.50
2023/02/10,3.44,3.47,3.43,3.45,403054,1391541.00
2023/02/13,3.48,3.72,3.48,3.57,2362607,8523490.00
2023/02/14,3.52,3.63,3.52,3.59,1210156,4305077.00
2023/02/15,3.55,3.63,3.53,3.56,572261,2042999.13
2023/02/16,3.53,3.59,3.44,3.52,1035179,3654988.00
2023/02/17,3.47,3.51,3.45,3.47,617146,2149179.00
2023/02/20,3.47,3.47,3.40,3.45,1480520,5062653.00
2023/02/21,3.43,3.46,3.41,3.43,616600,2114057.50
2023/02/22,3.42,3.44,3.41,3.42,426359,1460121.38
2023/02/23,3.40,3.45,3.40,3.43,333750,1145628.00
2023/02/24,3.44,3.44,3.40,3.41,333051,1137387.13
2023/02/27,3.39,3.46,3.39,3.44,683544,2346281.25
2023/02/28,3.45,3.45,3.35,3.39,1196799,4053524.25
2023/03/01,3.39,3.41,3.36,3.40,601055,2032332.63
2023/03/02,3.40,3.42,3.39,3.41,315157,1072378.88
2023/03/03,3.43,3.43,3.38,3.39,328974,1117000.25
2023/03/06,3.38,3.40,3.35,3.36,397041,1335166.63
2023/03/07,3.35,3.38,3.33,3.33,662643,2219153.00
2023/03/08,3.31,3.35,3.31,3.34,242782,808284.56
2023/03/09,3.31,3.36,3.31,3.36,227850,759364.69
2023/03/10,3.37,3.39,3.31,3.35,578645,1943236.50
2023/03/13,3.33,3.33,3.31,3.32,223306,741164.00
2023/03/14,3.31,3.34,3.29,3.31,316247,1045213.88
2023/03/15,3.31,3.34,3.29,3.32,212708,701540.44
2023/03/16,3.32,3.32,3.24,3.26,636234,2074544.75
2023/03/17,3.25,3.30,3.25,3.29,332478,1088597.50
2023/03/20,3.27,3.30,3.25,3.26,316674,1034550.81
2023/03/21,3.26,3.30,3.25,3.30,254496,835644.81
2023/03/22,3.30,3.34,3.30,3.32,292262,969742.75
2023/03/23,3.33,3.33,3.29,3.31,108912,359740.56
2023/03/24,3.30,3.41,3.30,3.40,771590,2595934.00
2023/03/27,3.40,3.41,3.33,3.37,241818,810700.19
2023/03/28,3.33,3.37,3.26,3.28,449100,1482772.25
2023/03/29,3.30,3.35,3.26,3.29,309943,1023455.75
2023/03/30,3.26,3.29,3.24,3.29,192941,628576.94
2023/03/31,3.25,3.29,3.25,3.29,184775,604525.50
2023/04/03,3.27,3.30,3.23,3.27,210618,685078.94
2023/04/04,3.26,3.29,3.24,3.27,270005,877238.50
2023/04/06,3.24,3.27,3.22,3.23,400635,1298185.75
2023/04/07,3.26,3.27,3.24,3.26,195403,635929.75
2023/04/10,3.24,3.25,3.23,3.24,259802,841706.00
2023/04/11,3.25,3.25,3.22,3.23,137161,442971.34
2023/04/12,3.24,3.24,3.16,3.20,1033101,3290997.00
2023/04/13,3.19,3.20,3.16,3.16,255901,814585.38
2023/04/14,3.20,3.20,3.17,3.18,108301,344299.31
2023/04/17,3.17,3.19,3.16,3.18,145121,460884.25
2023/04/18,3.20,3.21,3.18,3.18,201602,643515.06
2023/04/19,3.20,3.20,3.18,3.19,61534,195935.00
2023/04/20,3.18,3.18,3.12,3.15,174759,549677.94
2023/04/21,3.19,3.19,3.03,3.09,361661,1125596.50
2023/04/24,3.07,3.10,3.01,3.06,282295,859416.56
2023/04/25,3.05,3.12,2.99,3.04,474156,1446361.88
2023/04/26,3.03,3.05,2.97,3.04,410531,1226372.88
2023/04/27,3.04,3.04,2.97,3.01,167746,501217.28
2023/04/28,2.94,3.03,2.88,2.99,527492,1555493.38
2023/05/04,2.98,3.00,2.94,2.98,213192,632111.69
2023/05/05,2.92,3.04,2.92,2.99,497149,1482395.13
2023/05/08,3.00,3.12,2.98,3.10,531594,1627052.00
2023/05/09,3.13,3.17,3.02,3.03,335276,1024219.75
2023/05/10,3.01,3.02,2.98,3.00,162418,486068.34
2023/05/11,2.91,3.06,2.91,3.03,432636,1299623.00
2023/05/12,3.03,3.04,2.97,3.01,205965,619044.56
2023/05/15,3.01,3.01,2.96,3.00,145760,434813.81
2023/05/16,3.00,3.00,2.96,2.98,147008,436546.56
2023/05/17,2.99,3.01,2.97,3.01,194663,581179.13
2023/05/18,3.00,3.07,3.00,3.06,363657,1105358.13
2023/05/19,3.07,3.12,3.03,3.06,250314,768490.31
2023/05/22,3.03,3.04,2.96,3.02,212921,636151.50
2023/05/23,3.02,3.04,3.00,3.03,211593,639915.94
2023/05/24,3.03,3.03,2.97,2.98,112632,337129.44
2023/05/25,2.97,3.00,2.97,2.98,139254,414401.72
2023/05/26,2.96,3.00,2.95,2.98,144593,430790.88
2023/05/29,2.96,3.00,2.95,2.98,139584,414027.00
2023/05/30,2.98,2.98,2.95,2.97,107934,319100.91
2023/05/31,2.98,2.98,2.95,2.98,68160,201567.92
2023/06/01,2.97,2.97,2.94,2.97,109599,323863.38
2023/06/02,2.97,2.97,2.94,2.95,198744,586782.06
2023/06/05,2.97,2.97,2.92,2.95,48346,141750.09
2023/06/06,2.94,2.95,2.90,2.91,324300,946156.56
2023/06/07,2.88,2.92,2.88,2.90,173955,503522.66
2023/06/08,2.85,2.89,2.82,2.86,250591,717739.19
2023/06/09,2.90,2.90,2.83,2.86,71929,205689.66
2023/06/12,2.85,2.85,2.81,2.83,178912,505478.75
2023/06/13,2.84,2.85,2.81,2.84,104632,296335.72
2023/06/14,2.86,2.87,2.83,2.87,127995,364951.06
2023/06/15,2.91,2.91,2.83,2.86,195510,556599.44
2023/06/16,2.83,2.88,2.83,2.87,91509,260585.83
2023/06/19,2.84,2.86,2.81,2.83,124172,351160.34
2023/06/20,2.85,2.85,2.76,2.78,395515,1101799.50
2023/06/21,2.78,2.82,2.75,2.80,178240,496339.91
2023/06/26,2.78,2.83,2.76,2.79,312512,872816.19
2023/06/27,2.79,2.83,2.79,2.83,125251,352885.75
2023/06/28,2.86,2.86,2.75,2.83,163349,457426.78
2023/06/29,2.82,3.09,2.82,3.01,1936353,5801666.00
2023/06/30,3.05,3.15,2.90,2.98,1147684,3408321.25
2023/07/03,2.95,3.01,2.88,2.94,493283,1441611.38
2023/07/04,2.94,3.03,2.90,3.03,727785,2175317.50
2023/07/05,3.00,3.06,2.99,2.99,503135,1513579.63
2023/07/06,2.96,3.00,2.93,2.97,300115,885566.38
2023/07/07,2.97,3.16,2.97,3.07,1788094,5528591.00
2023/07/10,3.01,3.06,2.97,3.00,824988,2473269.00
2023/07/11,3.00,3.00,2.93,2.95,372496,1100803.50
2023/07/12,2.93,2.95,2.93,2.95,122818,360834.56
2023/07/13,2.93,2.98,2.93,2.96,91701,270281.81
2023/07/14,2.95,2.95,2.92,2.93,358308,1049780.25
2023/07/17,2.91,2.98,2.91,2.93,132875,391731.06
2023/07/18,2.90,2.95,2.90,2.93,109652,320068.41
2023/07/19,2.93,2.94,2.91,2.92,89268,260879.56
2023/07/20,2.94,2.94,2.87,2.88,215980,625771.69
2023/07/21,2.88,2.91,2.86,2.89,167971,483994.56
2023/07/24,2.86,2.88,2.85,2.86,164940,471900.63
2023/07/25,2.90,2.92,2.87,2.91,78887,228309.27
2023/07/26,2.88,2.92,2.88,2.91,213738,620904.94
2023/07/27,2.90,2.93,2.90,2.92,202748,591298.81
2023/07/28,2.91,2.93,2.89,2.90,254200,738313.75
2023/07/31,2.90,2.94,2.90,2.93,421943,1231964.13
2023/08/01,2.92,2.94,2.91,2.93,170882,499639.03
2023/08/02,2.88,2.94,2.88,2.92,299413,870878.25
2023/08/03,2.92,2.92,2.90,2.91,138050,401336.19
2023/08/04,2.90,2.92,2.89,2.90,253333,734017.69
2023/08/07,2.90,2.90,2.87,2.89,82717,238559.97
2023/08/08,2.87,2.89,2.85,2.89,71524,205796.84
2023/08/09,2.89,2.89,2.86,2.88,24950,71656.00
2023/08/10,2.88,2.88,2.85,2.88,196527,563192.06
2023/08/11,2.88,2.88,2.84,2.84,152678,436312.56
2023/08/14,2.86,2.87,2.84,2.87,98561,282142.06
2023/08/15,2.85,2.88,2.85,2.87,59250,168940.50
2023/08/16,2.88,2.88,2.84,2.87,31013,88478.23
2023/08/17,2.85,2.87,2.84,2.87,125161,357771.56
2023/08/18,2.87,2.88,2.82,2.85,161065,460132.94
2023/08/21,2.86,2.86,2.83,2.84,23509,66724.56
2023/08/22,2.87,2.87,2.81,2.84,95110,268675.13
2023/08/23,2.86,2.86,2.81,2.82,65723,184802.42
2023/08/24,2.80,2.83,2.75,2.82,232205,645258.44
2023/08/25,2.81,2.83,2.68,2.75,319388,875536.25
2023/08/28,2.85,2.89,2.75,2.78,421823,1185494.50
2023/08/29,2.73,2.79,2.73,2.79,205536,567327.50
2023/08/30,2.76,2.80,2.76,2.78,92887,257134.91
2023/08/31,2.77,2.77,2.70,2.74,283089,770528.94
2023/09/01,2.71,2.77,2.71,2.76,286795,789602.88
2023/09/04,2.83,2.94,2.81,2.91,811788,2339078.75
2023/09/05,2.86,2.92,2.84,2.87,418160,1205055.88
2023/09/06,2.87,2.87,2.75,2.83,467685,1310420.00
2023/09/07,2.83,2.83,2.76,2.79,155016,430009.19
2023/09/08,2.78,2.79,2.75,2.76,136851,377478.34
2023/09/11,2.78,2.85,2.77,2.83,412479,1158467.13
2023/09/12,2.85,2.85,2.75,2.79,256791,714561.81
2023/09/13,2.77,2.80,2.77,2.79,85193,237501.09
2023/09/14,2.78,2.78,2.74,2.77,88717,244896.08
2023/09/15,2.78,2.78,2.70,2.76,86542,236407.98
2023/09/18,2.76,2.77,2.73,2.73,140568,385904.66
2023/09/19,2.74,2.74,2.71,2.74,88870,241626.81
2023/09/20,2.71,2.74,2.70,2.73,187058,506162.19
2023/09/21,2.70,2.72,2.69,2.71,59823,161744.23
2023/09/22,2.71,2.72,2.68,2.72,212160,573177.25
2023/09/25,2.73,2.73,2.68,2.69,196831,528914.94
2023/09/26,2.70,2.70,2.67,2.68,137859,370656.47
2023/09/27,2.69,2.70,2.67,2.68,66472,178130.52
2023/09/28,2.68,2.70,2.68,2.70,84906,228179.19
2023/10/09,2.69,2.69,2.64,2.66,101633,271555.03
2023/10/10,2.65,2.68,2.65,2.65,73214,194597.02
2023/10/11,2.66,2.66,2.65,2.65,53958,143100.00
2023/10/12,2.66,2.68,2.64,2.66,251870,666389.56
2023/10/13,2.64,2.66,2.60,2.63,181265,478634.53
2023/10/16,2.63,2.63,2.60,2.63,175216,458224.09
2023/10/17,2.62,2.63,2.62,2.63,57739,151308.88
2023/10/18,2.62,2.62,2.59,2.59,114889,299006.88
2023/10/19,2.57,2.59,2.53,2.55,172517,441062.63
2023/10/20,2.53,2.55,2.52,2.54,139736,354104.47
2023/10/23,2.54,2.55,2.42,2.46,311823,778444.06
2023/10/24,2.35,2.49,2.35,2.49,171650,422194.00
2023/10/25,2.49,2.52,2.47,2.50,53596,133837.69
2023/10/26,2.50,2.50,2.45,2.50,36693,90927.57
2023/10/27,2.48,2.53,2.41,2.53,169051,422826.38
2023/10/30,2.46,2.51,2.46,2.48,111639,277396.53
2023/10/31,2.50,2.51,2.45,2.47,59202,146035.89
2023/11/01,2.49,2.49,2.45,2.47,123288,303492.47
2023/11/02,2.48,2.48,2.44,2.46,10400,25529.00
2023/11/03,2.47,2.49,2.44,2.49,340052,839758.38
2023/11/06,2.46,2.48,2.45,2.48,228670,563796.00
2023/11/07,2.45,2.50,2.44,2.49,186855,462732.25
2023/11/08,2.49,2.65,2.49,2.61,900834,2331913.00
2023/11/09,2.63,2.64,2.54,2.59,459397,1179099.38
2023/11/10,2.59,2.68,2.57,2.59,770209,2012279.38
2023/11/13,2.58,2.62,2.56,2.61,290214,751016.13
2023/11/14,2.60,2.62,2.57,2.61,106946,279016.63
2023/11/15,2.62,2.65,2.62,2.63,195451,515194.13
2023/11/16,2.65,2.65,2.56,2.62,157691,407778.59
2023/11/17,2.59,2.61,2.56,2.61,206152,534832.25
2023/11/20,2.63,2.93,2.57,2.81,2471355,6950182.00
2023/11/21,2.77,3.30,2.77,3.08,8766390,27217354.00
2023/11/22,2.98,3.75,2.92,3.71,14923462,49824996.00
2023/11/23,3.63,4.20,3.40,3.47,14413513,54579856.00
2023/11/24,3.43,4.00,3.43,3.95,14043801,53685044.00
2023/11/27,4.28,5.13,3.95,5.13,25654933,116705488.00
2023/11/28,4.80,5.99,4.46,5.16,21888612,110295200.00
2023/11/29,5.00,5.38,4.39,4.41,14099368,68913784.00
2023/11/30,4.32,4.53,4.00,4.09,10068068,42166792.00
2023/12/01,4.10,4.23,3.70,3.70,9793260,38323404.00
2023/12/04,3.66,3.92,3.46,3.74,7591988,27851196.00
2023/12/05,3.74,4.34,3.62,4.16,12545371,50904136.00
2023/12/06,4.20,4.38,4.02,4.22,10403823,43801348.00
2023/12/07,4.21,4.68,4.14,4.52,11143186,49623456.00
2023/12/08,4.60,4.75,4.41,4.68,9511653,43785776.00
2023/12/11,4.78,4.80,4.25,4.43,8124413,36458364.00
2023/12/12,4.41,4.55,4.25,4.52,6804612,30163588.00
2023/12/13,4.45,4.93,4.37,4.74,10296251,47955792.00
2023/12/14,4.62,5.15,4.62,5.09,14212730,70346392.00
2023/12/15,5.00,5.44,4.91,5.09,10078506,51583648.00
2023/12/18,5.16,5.29,4.92,5.20,11040887,56356160.00
2023/12/19,5.20,5.21,4.90,5.05,6681666,33648872.00
2023/12/20,5.03,5.34,4.98,5.20,8922183,46205684.00
2023/12/21,5.20,5.31,4.22,4.28,10803325,52236980.00
2023/12/22,4.28,4.54,4.12,4.45,6107573,26787722.00
2023/12/25,4.45,5.48,4.36,5.45,14373434,71296744.00
2023/12/26,5.40,5.97,5.21,5.78,17347288,95192168.00
2023/12/27,5.60,5.65,5.33,5.48,10153711,55584496.00
2023/12/28,5.42,5.54,5.21,5.27,8512092,45541700.00
2023/12/29,5.23,6.00,5.17,5.69,14369275,81231368.00
2024/01/02,5.66,6.29,5.41,5.94,14219100,83730984.00
2024/01/03,5.88,6.06,5.67,5.81,8703164,50764152.00
2024/01/04,5.82,6.06,5.75,5.96,7723599,45607800.00
2024/01/05,5.99,5.99,5.31,5.50,7963977,44535592.00
2024/01/08,5.41,5.58,5.09,5.11,5076001,26954024.00
2024/01/09,5.17,5.37,4.70,5.31,5843802,29704640.00
2024/01/10,5.16,5.44,5.00,5.28,4159115,21862334.00
2024/01/11,5.34,5.49,5.21,5.27,3538869,18791936.00
2024/01/12,5.15,5.30,4.54,4.54,5862995,28591590.00
2024/01/15,4.48,4.61,4.13,4.23,3774392,16500590.00
2024/01/16,4.23,4.88,4.05,4.75,6333656,28409832.00
2024/01/17,4.70,4.97,4.50,4.53,5241673,24931116.00
2024/01/18,4.53,4.77,4.31,4.69,5520187,25258138.00
2024/01/19,4.66,4.95,4.66,4.86,4856549,23387348.00
2024/01/22,4.86,4.88,4.12,4.55,4546528,21026110.00
2024/01/23,4.46,4.62,4.37,4.53,2792473,12613630.00
2024/01/24,4.55,4.58,4.28,4.38,2925127,12828761.00
2024/01/25,4.41,4.43,4.05,4.18,4096640,17547302.00
2024/01/26,4.18,4.47,4.12,4.21,2977819,12758264.00
2024/01/29,4.28,4.28,3.72,3.81,3370840,13520805.00
2024/01/30,3.85,3.93,3.59,3.80,3338237,12447536.00
2024/01/31,3.93,4.13,3.82,4.04,4567881,17970556.00
2024/02/01,3.99,4.08,3.80,3.85,3431564,13474800.00
2024/02/02,3.88,3.93,3.31,3.60,3594020,12976952.00
2024/02/05,3.57,3.66,3.21,3.41,3342183,11442392.00
2024/02/06,3.40,3.90,3.30,3.77,4715842,17618468.00
2024/02/07,3.80,4.20,3.67,3.72,4704786,18375446.00
2024/02/08,3.81,3.96,3.37,3.57,3557367,12886351.00
2024/02/19,3.64,3.77,3.57,3.70,1668579,6147036.00
数据来源:通达信
