836419 万德股份 日线 后复权
      日期	    开盘	    最高	    最低	    收盘	    成交量	    成交额
2023/09/15,8.95,8.97,8.14,8.15,11701343,102626016.00
2023/09/18,7.39,7.44,7.20,7.40,4294013,31306320.00
2023/09/19,7.24,7.30,7.15,7.27,1733566,12535939.00
2023/09/20,7.23,7.35,7.20,7.24,771256,5606483.50
2023/09/21,7.24,7.32,7.21,7.27,791348,5753959.00
2023/09/22,7.21,7.30,7.21,7.29,587610,4264452.00
2023/09/25,7.30,7.30,7.22,7.25,598886,4335743.50
2023/09/26,7.25,7.25,7.16,7.17,743335,5348104.00
2023/09/27,7.18,7.22,7.17,7.18,283126,2034519.38
2023/09/28,7.19,7.20,7.17,7.18,323314,2321868.25
2023/10/09,7.21,7.25,7.19,7.20,427414,3084183.50
2023/10/10,7.27,7.29,7.20,7.21,199714,1444818.25
2023/10/11,7.20,7.21,7.18,7.18,387701,2787852.00
2023/10/12,7.18,7.24,7.18,7.19,181246,1303086.63
2023/10/13,7.19,7.21,7.15,7.17,244655,1755560.50
2023/10/16,7.18,7.20,7.16,7.16,246247,1768917.75
2023/10/17,7.16,7.23,7.15,7.17,161544,1158020.88
2023/10/18,7.18,7.20,7.11,7.14,162390,1160326.38
2023/10/19,7.14,7.16,7.10,7.11,221407,1577059.38
2023/10/20,7.11,7.11,7.01,7.02,166610,1173424.63
2023/10/23,7.06,7.06,6.88,6.90,166062,1148782.38
2023/10/24,6.93,6.93,6.82,6.88,104105,716597.69
2023/10/25,6.87,6.92,6.87,6.90,151210,1043494.56
2023/10/26,6.90,6.91,6.84,6.91,80687,554545.75
2023/10/27,6.90,7.13,6.86,7.12,452877,3195035.25
2023/10/30,6.99,7.13,6.99,7.08,210103,1489352.25
2023/10/31,7.04,7.08,7.04,7.08,107590,759948.13
2023/11/01,7.03,7.10,7.02,7.02,165063,1163434.88
2023/11/02,7.02,7.05,7.01,7.02,87313,613190.50
2023/11/03,7.00,7.15,7.00,7.02,185116,1303964.00
2023/11/06,7.02,7.09,7.01,7.09,171979,1211652.75
2023/11/07,7.12,7.14,7.06,7.14,191149,1358414.13
2023/11/08,7.10,7.36,7.10,7.35,976466,7093521.50
2023/11/09,7.38,7.38,7.26,7.30,378067,2765978.50
2023/11/10,7.28,7.33,7.22,7.27,177927,1295686.13
2023/11/13,7.26,7.34,7.23,7.32,157270,1146469.50
2023/11/14,7.32,7.36,7.28,7.31,260319,1902355.25
2023/11/15,7.35,7.43,7.31,7.39,573682,4230729.00
2023/11/16,7.35,7.40,7.30,7.32,172564,1264087.63
2023/11/17,7.29,7.42,7.29,7.40,281441,2075586.38
2023/11/20,7.44,7.63,7.33,7.53,733303,5501261.00
2023/11/21,7.54,8.33,7.49,7.85,3224623,25731462.00
2023/11/22,7.75,8.64,7.71,8.64,3204567,26354206.00
2023/11/23,8.47,9.23,8.45,8.55,3906678,34441844.00
2023/11/24,8.50,9.98,8.50,9.87,5152675,47642272.00
2023/11/27,9.83,11.63,9.83,11.51,7490941,79858456.00
2023/11/28,10.45,11.43,10.14,10.15,4635587,49436512.00
2023/11/29,10.17,10.45,8.88,9.10,3664700,35023636.00
2023/11/30,9.08,9.20,8.68,8.82,1795728,16024731.00
2023/12/01,8.94,9.09,8.51,8.58,1555834,13680197.00
2023/12/04,8.58,8.82,8.27,8.61,1287472,11026177.00
2023/12/05,8.62,9.50,8.56,9.27,2904130,26640778.00
2023/12/06,9.18,9.70,9.16,9.34,2755140,25723146.00
2023/12/07,9.22,9.76,9.20,9.65,2786745,26551486.00
2023/12/08,9.68,10.37,9.51,10.02,3163249,31584068.00
2023/12/11,10.00,10.38,9.17,9.30,2743279,26261704.00
2023/12/12,9.33,9.61,9.20,9.61,2030472,19119632.00
2023/12/13,9.71,10.23,9.48,9.93,3018734,29790016.00
2023/12/14,9.98,10.38,9.82,10.17,3935109,39962908.00
2023/12/15,10.17,10.55,9.90,10.28,2592627,26419852.00
2023/12/18,10.32,10.83,10.21,10.79,3569096,37584136.00
2023/12/19,10.80,10.90,10.16,10.41,2361408,24696136.00
2023/12/20,10.52,10.88,10.48,10.80,3160063,33784420.00
2023/12/21,10.78,11.33,8.00,9.48,4076989,42400040.00
2023/12/22,9.57,9.88,9.13,9.77,1925563,18261894.00
2023/12/25,9.88,10.37,9.73,10.36,1957991,19713288.00
2023/12/26,10.30,10.90,10.20,10.80,3422753,36574852.00
2023/12/27,11.19,11.19,10.56,11.05,3033906,33015692.00
2023/12/28,11.10,11.36,10.82,11.16,3657795,40462884.00
2023/12/29,11.27,11.60,11.02,11.48,3155434,35523588.00
2024/01/02,11.40,11.97,11.22,11.87,4054930,47390376.00
2024/01/03,11.90,12.00,11.55,11.77,3076447,35852540.00
2024/01/04,11.68,11.88,11.10,11.77,3904607,44788568.00
2024/01/05,11.68,11.68,10.90,11.15,3862935,43313924.00
2024/01/08,11.00,11.27,10.30,10.30,2525542,27221450.00
2024/01/09,10.20,10.44,9.50,9.77,2398811,23751638.00
2024/01/10,9.95,10.09,9.59,10.00,1753429,17382132.00
2024/01/11,10.19,10.19,9.87,10.02,1101988,11036737.00
2024/01/12,10.07,10.17,9.04,9.05,2391341,22642568.00
2024/01/15,9.03,9.09,8.70,8.73,1329109,11776389.00
2024/01/16,8.78,9.25,8.50,9.20,2235884,19980762.00
2024/01/17,9.14,9.53,9.05,9.17,1887994,17496808.00
2024/01/18,9.17,9.46,8.81,9.44,1457973,13491032.00
2024/01/19,9.55,9.85,9.41,9.83,1655483,16046621.00
2024/01/22,9.81,9.92,9.01,9.18,1755548,16639223.00
2024/01/23,9.30,9.35,8.89,9.27,1010569,9277606.00
2024/01/24,9.30,9.70,8.82,9.38,1139484,10420887.00
2024/01/25,9.32,9.48,9.06,9.21,1230469,11380664.00
2024/01/26,9.21,9.29,9.00,9.00,937775,8585075.00
2024/01/29,9.06,9.10,8.08,8.14,1148643,9634372.00
2024/01/30,8.20,8.25,7.68,7.93,842695,6656637.00
2024/01/31,7.91,8.38,7.85,8.06,1052160,8559561.00
2024/02/01,8.10,8.15,7.70,7.81,683474,5384398.50
2024/02/02,7.90,7.90,7.09,7.32,1096420,8208946.00
2024/02/05,7.25,7.41,6.50,6.94,1080521,7535239.50
2024/02/06,7.02,7.79,6.74,7.74,1276629,9438710.00
2024/02/07,7.75,8.37,7.54,7.93,1268006,10175295.00
2024/02/08,8.05,8.12,7.60,7.95,826397,6476394.50
2024/02/19,8.10,8.17,7.80,7.97,438740,3504483.75
数据来源:通达信
