873726 卓兆点胶 日线 后复权
      日期	    开盘	    最高	    最低	    收盘	    成交量	    成交额
2023/10/19,24.45,24.45,22.22,23.00,4369305,101777032.00
2023/10/20,21.99,22.50,21.38,21.38,1213702,26401128.00
2023/10/23,21.38,22.55,20.74,21.50,818923,17625126.00
2023/10/24,21.24,21.65,20.96,21.02,413284,8739622.00
2023/10/25,21.09,22.30,21.09,21.82,637022,13779120.00
2023/10/26,21.48,21.64,21.00,21.36,374245,7956223.50
2023/10/27,21.10,23.89,21.10,23.46,1471808,33813736.00
2023/10/30,23.03,23.97,22.91,22.99,1067261,25133492.00
2023/10/31,21.85,22.45,21.68,21.80,687147,14997265.00
2023/11/01,21.90,22.03,21.20,21.32,565825,12097914.00
2023/11/02,21.45,21.48,21.06,21.36,209062,4458484.00
2023/11/03,21.42,21.95,21.28,21.75,395039,8594965.00
2023/11/06,21.99,21.99,21.56,21.92,336229,7332830.00
2023/11/07,21.92,21.96,21.72,21.96,219971,4806311.50
2023/11/08,21.91,23.33,21.90,22.68,750571,17170398.00
2023/11/09,22.39,22.73,22.13,22.27,441760,9838256.00
2023/11/10,22.22,23.16,22.06,22.80,467207,10633539.00
2023/11/13,22.82,22.96,22.28,22.90,339752,7681883.00
2023/11/14,23.10,23.84,22.70,23.61,698297,16306667.00
2023/11/15,23.68,24.17,23.20,23.26,589263,13987468.00
2023/11/16,23.29,23.55,22.79,22.91,349530,8056765.00
2023/11/17,22.72,22.98,22.61,22.79,280192,6374317.50
2023/11/20,22.99,23.94,22.77,23.70,600242,14069592.00
2023/11/21,23.51,26.08,23.50,24.63,1636765,41104232.00
2023/11/22,24.51,26.00,24.01,25.96,1428195,36365796.00
2023/11/23,25.88,26.97,25.12,25.59,1563945,40764116.00
2023/11/24,25.88,26.97,25.16,26.50,3151318,82176976.00
2023/11/27,26.70,31.09,26.61,29.16,4340355,122780424.00
2023/11/28,27.50,37.76,27.21,34.79,5548386,182297120.00
2023/11/29,33.04,35.61,30.04,30.34,3863430,125045392.00
2023/11/30,29.80,32.34,28.51,29.15,2065317,62325396.00
2023/12/01,29.28,30.10,27.02,29.05,2266942,63435876.00
2023/12/04,28.08,29.90,27.71,28.79,1569599,45287028.00
2023/12/05,28.35,30.98,28.33,30.37,2635183,78630184.00
2023/12/06,29.50,30.58,28.53,28.82,1756359,51485652.00
2023/12/07,29.00,30.99,28.34,29.86,1720155,51444876.00
2023/12/08,30.01,31.13,29.62,30.30,1221397,37063888.00
2023/12/11,30.72,32.21,29.72,30.26,1076956,33125984.00
2023/12/12,29.54,30.23,29.01,29.94,1016703,30183210.00
2023/12/13,29.90,30.96,29.71,30.38,1258644,38296352.00
2023/12/14,30.37,31.49,29.93,30.52,1708315,52606484.00
2023/12/15,30.37,31.15,30.01,30.60,909336,27786986.00
2023/12/18,30.99,31.78,30.67,31.43,1480750,46339512.00
2023/12/19,31.80,31.80,30.12,30.73,915156,28127810.00
2023/12/20,30.33,33.32,30.33,32.89,2442147,79472080.00
2023/12/21,32.88,33.85,25.60,30.00,2759441,87301872.00
2023/12/22,29.31,32.78,29.20,32.53,2681569,84968792.00
2023/12/25,33.00,39.88,33.00,38.12,4264600,156347312.00
2023/12/26,37.60,40.40,36.67,39.50,3960934,153412320.00
2023/12/27,38.79,41.49,37.51,40.83,3633045,143484816.00
2023/12/28,40.70,43.90,38.80,39.39,3850570,158887904.00
2023/12/29,39.43,47.96,37.90,43.64,4661968,200408960.00
2024/01/02,42.96,45.66,42.00,44.90,4375522,191884080.00
2024/01/03,44.00,49.44,41.70,48.71,4706686,212021776.00
2024/01/04,48.00,49.94,46.42,46.75,3651590,173828176.00
2024/01/05,46.00,47.37,41.80,43.95,2982582,133578720.00
2024/01/08,43.54,45.22,41.50,41.50,2095841,91624728.00
2024/01/09,41.90,42.99,37.88,39.49,3524094,140551520.00
2024/01/10,39.00,40.53,38.15,39.22,2182930,85824304.00
2024/01/11,38.91,39.48,36.68,38.76,2545366,97010784.00
2024/01/12,37.90,38.45,33.53,33.63,3411767,121497480.00
2024/01/15,33.03,34.49,31.90,32.29,1923286,63630024.00
2024/01/16,32.80,36.06,31.70,35.50,2641723,90427264.00
2024/01/17,34.81,38.60,34.70,36.00,2894114,107327264.00
2024/01/18,35.00,38.00,35.00,37.99,2143417,78504624.00
2024/01/19,38.80,39.48,37.24,38.70,2582185,99560088.00
2024/01/22,39.49,41.88,37.22,37.32,2719630,108143432.00
2024/01/23,37.38,37.99,35.10,37.00,1758847,64542204.00
2024/01/24,37.49,37.49,33.66,35.47,1991053,70175840.00
2024/01/25,35.02,35.49,32.80,33.34,1620025,54809756.00
2024/01/26,33.22,35.10,32.52,33.50,1211657,41229804.00
2024/01/29,33.70,33.76,30.03,30.03,1323187,41691648.00
2024/01/30,30.03,31.43,29.07,30.32,1155984,34900460.00
2024/01/31,30.57,32.97,29.68,31.63,1461451,46058756.00
2024/02/01,31.22,31.63,29.60,29.60,978597,29989462.00
2024/02/02,29.58,30.30,26.56,27.27,1237105,34818376.00
2024/02/05,27.01,31.29,26.03,28.81,1847186,52897048.00
2024/02/06,28.20,31.68,27.92,31.09,1708296,52397016.00
2024/02/07,31.50,32.44,29.29,29.29,1762801,54808228.00
2024/02/08,29.55,30.39,27.32,30.13,1141058,33410270.00
2024/02/19,30.10,30.78,29.00,30.34,799713,23847364.00
数据来源:通达信
