832089 禾昌聚合 日线 后复权
      日期	    开盘	    最高	    最低	    收盘	    成交量	    成交额
2018/12/10,7.00,7.00,7.00,7.00,1000,7000.00
2018/12/21,7.00,7.00,7.00,7.00,199000,1094500.00
2019/02/28,7.00,7.00,7.00,7.00,200000,1100000.00
2019/03/19,7.00,7.00,7.00,7.00,387000,2128500.00
2019/03/25,7.00,7.00,7.00,7.00,300000,1980000.00
2019/03/27,7.00,7.00,7.00,7.00,450000,2970000.00
2019/03/29,5.55,5.55,5.55,5.55,200,1387.50
2019/05/20,6.60,6.60,6.60,6.60,200,1650.00
2021/03/17,7.27,7.27,7.27,7.27,100,700.00
2021/03/19,6.97,6.97,6.97,6.97,500,3350.00
2021/03/22,7.27,7.27,7.27,7.27,600,4200.00
2021/04/06,7.27,7.27,7.27,7.27,200,1400.00
2021/04/12,7.27,7.27,7.27,7.27,100,700.00
2021/04/15,7.27,7.27,7.27,7.27,100,700.00
2021/05/24,7.27,7.27,7.27,7.27,100,700.00
2021/11/09,19.37,19.85,17.27,18.56,13870700,251321376.00
2021/11/10,18.88,19.36,18.08,18.63,4809000,87813240.00
2021/11/11,18.88,18.88,17.43,17.91,4576000,80879984.00
2021/11/12,17.94,18.25,17.57,18.09,3381500,59204392.00
2021/11/15,18.26,19.05,16.18,16.68,6095900,105411248.00
2021/11/16,16.38,16.68,15.39,15.93,3780100,58457388.00
2021/11/17,15.85,16.03,15.38,15.74,2336800,35878100.00
2021/11/18,15.75,15.84,15.41,15.50,1090700,16629245.00
2021/11/19,15.64,15.66,15.38,15.64,741300,11229151.00
2021/11/22,15.78,15.94,15.63,15.93,845300,13053023.00
2021/11/23,16.00,16.47,15.79,16.09,1567600,24811672.00
2021/11/24,16.05,16.13,15.74,15.78,760800,11782810.00
2021/11/25,15.72,16.05,15.49,15.55,563100,8616933.00
2021/11/26,15.50,15.63,15.38,15.42,741200,11152356.00
2021/11/29,15.26,15.35,14.72,14.83,1012800,14853590.00
2021/11/30,14.98,14.99,14.76,14.81,496800,7175683.00
2021/12/01,14.92,15.08,14.79,14.98,404100,5881815.50
2021/12/02,14.84,15.08,14.83,14.96,211600,3079650.25
2021/12/03,14.89,15.02,14.80,14.80,333200,4830711.50
2021/12/06,14.79,14.80,13.82,13.92,1189400,16521424.00
2021/12/07,14.13,14.13,13.66,13.73,534500,7175736.00
2021/12/08,13.71,13.83,13.68,13.83,441200,5893819.50
2021/12/09,13.91,13.91,13.69,13.74,446500,5968078.00
2021/12/10,13.85,13.85,13.70,13.78,184600,2470695.50
2021/12/13,13.84,14.07,13.77,14.04,392700,5307347.00
2021/12/14,14.04,14.45,13.95,14.35,857000,11954686.00
2021/12/15,14.38,14.38,14.13,14.13,477100,6604682.50
2021/12/16,14.20,14.20,13.83,13.92,292500,3982148.00
2021/12/17,13.80,13.91,13.74,13.79,204800,2748014.25
2021/12/20,13.93,13.96,13.58,13.59,716100,9542525.00
2021/12/21,13.57,13.85,13.46,13.61,343000,4520309.00
2021/12/22,13.50,13.79,13.49,13.57,225400,2974413.75
2021/12/23,13.61,13.62,13.33,13.38,521800,6790912.00
2021/12/24,13.35,13.40,13.08,13.23,323900,4172290.75
2021/12/27,13.15,13.38,13.15,13.28,218200,2810312.25
2021/12/28,13.20,13.63,13.19,13.62,355000,4623415.50
2021/12/29,13.60,13.83,13.50,13.74,314900,4199009.50
2021/12/30,13.76,14.14,13.70,14.11,470400,6400254.50
2021/12/31,14.15,14.69,14.03,14.56,1031500,14572113.00
2022/01/04,14.61,14.66,14.03,14.19,576900,7993733.00
2022/01/05,14.19,14.34,14.00,14.23,325800,4481268.50
2022/01/06,14.08,14.24,13.93,14.04,356900,4867979.50
2022/01/07,14.13,14.17,13.90,13.98,268400,3663514.00
2022/01/10,14.07,14.07,13.86,13.98,240913,3262530.75
2022/01/11,13.97,13.97,13.86,13.86,212450,2868216.00
2022/01/12,13.86,14.04,13.86,14.02,154698,2100641.25
2022/01/13,13.99,14.37,13.98,14.07,248699,3404171.50
2022/01/14,14.08,14.08,13.96,13.98,93575,1274881.25
2022/01/17,13.93,14.15,13.90,14.02,178764,2439109.75
2022/01/18,14.01,14.14,13.94,14.00,252866,3451717.00
2022/01/19,13.97,14.06,13.91,13.96,135934,1847572.38
2022/01/20,13.93,14.53,13.91,14.38,831486,11595043.00
2022/01/21,14.51,14.51,14.08,14.40,483418,6723269.50
2022/01/24,14.40,14.81,14.36,14.48,776022,11028289.00
2022/01/25,14.31,14.45,13.68,13.69,580292,7909132.00
2022/01/26,13.86,13.87,13.63,13.79,184650,2465463.25
2022/01/27,13.70,13.82,13.39,13.51,215142,2827408.50
2022/01/28,13.75,13.76,13.45,13.65,153043,2029123.63
2022/02/07,13.65,13.80,13.53,13.63,197887,2621222.75
2022/02/08,13.51,13.75,13.47,13.75,128248,1691269.75
2022/02/09,13.55,13.75,13.55,13.69,150955,2002309.25
2022/02/10,13.61,13.71,13.58,13.64,107747,1426964.00
2022/02/11,13.53,13.64,13.26,13.26,426187,5521131.00
2022/02/14,13.18,13.40,13.05,13.17,155021,1989153.63
2022/02/15,13.28,13.29,13.07,13.16,169665,2169655.00
2022/02/16,13.18,13.24,13.12,13.17,81829,1047060.69
2022/02/17,13.17,13.22,12.88,13.11,216822,2750129.25
2022/02/18,13.04,13.11,12.93,13.01,178369,2247121.50
2022/02/21,13.00,13.18,12.99,13.10,101266,1282549.38
2022/02/22,12.99,13.06,12.91,12.94,230440,2901820.00
2022/02/23,12.93,13.13,12.93,13.03,162734,2060519.50
2022/02/24,13.13,13.17,12.83,13.08,524301,6575652.50
2022/02/25,12.96,13.14,12.96,13.06,46507,589932.88
2022/02/28,13.13,13.13,12.98,12.99,143892,1817912.38
2022/03/01,12.90,13.09,12.90,12.99,151565,1906815.75
2022/03/02,12.99,13.07,12.97,13.04,112598,1420342.50
2022/03/03,13.05,13.11,12.99,13.03,86726,1097763.00
2022/03/04,12.98,13.05,12.93,12.98,98429,1240584.50
2022/03/07,12.97,12.97,12.28,12.68,165929,2036323.13
2022/03/08,12.74,12.83,12.44,12.68,246239,3037852.50
2022/03/09,12.58,12.83,12.34,12.53,336410,4109355.50
2022/03/10,12.54,12.80,12.54,12.63,73170,901225.38
2022/03/11,12.32,12.63,12.18,12.54,175242,2100014.00
2022/03/14,12.39,12.63,12.39,12.54,165549,2014708.13
2022/03/15,12.46,12.46,11.74,11.77,320363,3766630.00
2022/03/16,11.79,11.94,11.39,11.90,224956,2540870.75
2022/03/17,11.94,12.68,11.94,12.26,357924,4276684.00
2022/03/18,12.19,12.44,12.19,12.28,97994,1170605.00
2022/03/21,12.42,12.42,12.18,12.18,87067,1031645.06
2022/03/22,12.13,12.23,12.12,12.20,43582,513035.25
2022/03/23,12.19,12.34,12.10,12.21,54406,644465.56
2022/03/24,12.25,12.25,11.78,11.91,46996,543855.88
2022/03/25,11.81,12.01,11.80,11.91,31591,362105.56
2022/03/28,11.91,11.91,11.68,11.78,71740,814607.50
2022/03/29,11.81,11.87,11.72,11.73,37155,423647.44
2022/03/30,11.63,11.77,11.62,11.75,75067,848717.88
2022/03/31,11.86,11.86,11.56,11.59,183303,2056579.75
2022/04/01,11.79,11.94,11.60,11.87,181991,2088373.00
2022/04/06,11.89,11.93,11.79,11.91,71475,822216.19
2022/04/07,11.94,11.94,11.88,11.92,61399,707361.00
2022/04/08,11.89,11.89,11.61,11.67,83924,955288.06
2022/04/11,11.80,11.80,11.48,11.62,70824,792228.25
2022/04/12,11.64,11.81,11.45,11.77,43239,486822.59
2022/04/13,11.77,11.80,11.60,11.73,20958,237148.30
2022/04/14,11.68,11.73,11.57,11.61,59480,668918.75
2022/04/15,11.65,11.65,11.47,11.48,23435,261170.77
2022/04/18,11.46,11.53,11.40,11.48,42676,473533.28
2022/04/19,11.61,11.61,11.43,11.44,34701,384848.41
2022/04/20,11.44,11.49,11.39,11.46,56005,618219.50
2022/04/21,11.46,11.46,10.51,10.73,188889,2016166.50
2022/04/22,10.88,10.93,10.62,10.78,116248,1216695.88
2022/04/25,10.51,10.77,10.28,10.29,145818,1472754.63
2022/04/26,10.38,10.38,9.88,10.04,115033,1112263.25
2022/04/27,9.78,9.78,9.08,9.67,327543,2986383.25
2022/04/28,9.65,9.65,9.02,9.05,418338,3676593.00
2022/04/29,9.28,9.28,9.05,9.16,575785,5039379.50
2022/05/05,9.21,9.23,9.10,9.22,265419,2333866.75
2022/05/06,9.07,9.23,8.90,9.08,202139,1755689.88
2022/05/09,8.98,9.11,8.88,9.09,227531,1961131.75
2022/05/10,8.93,9.15,8.93,9.10,107417,934862.75
2022/05/11,9.10,9.33,9.10,9.25,126024,1118048.38
2022/05/12,9.25,9.30,9.18,9.26,81425,720677.56
2022/05/13,9.35,9.81,9.26,9.71,211401,1957981.75
2022/05/16,9.78,9.97,9.53,9.79,180218,1696569.63
2022/05/17,9.80,9.96,9.79,9.83,46286,439618.50
2022/05/18,9.88,9.88,9.71,9.84,67329,633836.19
2022/05/19,9.74,9.82,9.55,9.69,152301,1421745.75
2022/05/20,9.81,9.86,9.53,9.76,45150,425096.75
2022/05/23,9.88,9.89,9.77,9.84,28672,270623.94
2022/05/24,9.73,9.98,9.68,9.77,64323,601211.50
2022/05/25,9.72,10.02,9.72,9.80,21575,202196.25
2022/05/26,9.94,9.94,9.72,9.74,22823,214670.56
2022/05/27,9.75,9.83,9.58,9.71,17000,158442.94
2022/05/30,9.67,9.74,9.56,9.63,52744,487334.06
2022/05/31,9.54,9.63,9.54,9.61,43796,403173.31
2022/06/01,9.63,9.63,9.53,9.54,123915,1136960.13
2022/06/02,9.58,9.63,9.54,9.63,74350,684188.63
2022/06/06,9.66,9.87,9.63,9.81,115812,1084024.38
2022/06/07,9.88,9.88,9.66,9.75,34985,327510.50
2022/06/08,9.77,9.78,9.68,9.76,43881,409044.06
2022/06/09,9.78,9.78,9.68,9.70,20300,189547.00
2022/06/10,9.59,9.74,9.59,9.74,37164,346498.41
2022/06/13,9.68,9.73,9.67,9.67,15481,144312.69
2022/06/14,9.73,9.73,9.46,9.64,57027,520968.63
2022/06/15,9.60,9.71,9.57,9.65,96900,897553.00
2022/06/16,9.62,9.69,9.57,9.66,48218,444442.41
2022/06/17,9.66,9.66,9.57,9.61,25646,236439.11
2022/06/20,9.73,9.73,9.57,9.64,43824,404396.19
2022/06/21,9.63,9.65,9.58,9.63,21938,202333.39
2022/06/22,9.59,9.62,9.57,9.61,15322,141192.58
2022/06/23,9.55,9.64,9.55,9.64,41382,381301.78
2022/06/24,9.64,9.64,9.57,9.60,65668,605723.56
2022/06/27,9.58,9.73,9.58,9.72,136215,1264094.25
2022/06/28,9.80,10.15,9.70,10.14,370629,3576929.25
2022/06/29,10.14,10.24,9.95,10.03,88671,859458.56
2022/06/30,9.98,10.04,9.88,9.98,75955,725697.25
2022/07/01,10.36,10.40,9.96,10.01,74113,703493.00
2022/07/04,10.02,10.17,9.98,10.12,32827,308371.72
2022/07/05,10.03,10.12,9.88,9.99,75310,701345.56
2022/07/06,10.01,10.01,9.83,9.84,66741,617032.25
2022/07/07,9.78,9.90,9.76,9.88,47408,436445.03
2022/07/08,9.91,9.91,9.79,9.86,30892,284741.94
2022/07/11,9.86,9.86,9.74,9.82,28950,264579.00
2022/07/12,9.78,9.90,9.66,9.80,30751,279464.22
2022/07/13,9.70,9.81,9.64,9.79,62677,569291.25
2022/07/14,9.68,9.89,9.68,9.82,28137,257970.55
2022/07/15,9.92,9.92,9.66,9.72,39250,357300.03
2022/07/18,9.86,9.87,9.73,9.76,39597,362114.53
2022/07/19,9.82,9.83,9.74,9.82,29651,271702.41
2022/07/20,9.82,9.82,9.73,9.81,110035,1005483.44
2022/07/21,9.76,9.83,9.66,9.74,55708,507501.72
2022/07/22,9.71,9.82,9.68,9.68,73965,673031.38
2022/07/25,9.75,9.75,9.66,9.66,23517,212913.58
2022/07/26,9.66,9.74,9.48,9.68,144682,1292889.25
2022/07/27,9.60,9.85,9.60,9.82,68055,621916.44
2022/07/28,9.83,9.92,9.81,9.90,73201,675527.44
2022/07/29,9.89,9.97,9.81,9.87,46293,427165.91
2022/08/01,9.86,10.27,9.86,10.06,202018,1906943.63
2022/08/02,9.94,10.01,9.77,9.83,160902,1485181.13
2022/08/03,9.85,9.92,9.81,9.88,75711,697584.00
2022/08/04,9.93,9.98,9.86,9.91,15635,145333.75
2022/08/05,10.11,10.11,9.89,10.00,72600,674888.00
2022/08/08,10.18,10.18,9.95,10.01,19925,186758.03
2022/08/09,9.94,10.03,9.94,9.98,82143,768918.19
2022/08/10,10.21,10.21,9.89,10.01,75086,701529.25
2022/08/11,10.08,10.16,10.01,10.10,170075,1608196.25
2022/08/12,10.21,10.21,10.03,10.14,105983,1006677.06
2022/08/15,10.13,10.23,10.11,10.18,80899,773930.56
2022/08/16,10.26,10.26,10.15,10.23,51372,492418.00
2022/08/17,10.26,10.31,10.18,10.28,60853,583467.38
2022/08/18,10.19,10.31,10.19,10.29,50112,483479.53
2022/08/19,10.19,10.35,10.16,10.25,31811,304700.38
2022/08/22,10.21,10.21,10.14,10.17,31488,300499.06
2022/08/23,10.31,10.31,10.13,10.21,31357,299061.19
2022/08/24,10.36,10.36,10.00,10.03,64244,605179.56
2022/08/25,10.03,10.03,9.74,9.86,128703,1185515.50
2022/08/26,9.99,9.99,9.78,9.78,34092,313392.34
2022/08/29,10.10,10.10,9.81,9.93,33554,311581.34
2022/08/30,9.98,9.98,9.83,9.88,7452,68970.40
2022/08/31,10.01,10.01,9.83,9.89,25518,235918.59
2022/09/01,9.81,9.87,9.71,9.85,133700,1217602.63
2022/09/02,9.90,9.90,9.63,9.73,58785,532297.38
2022/09/05,9.83,9.98,9.81,9.91,271839,2513266.00
2022/09/06,10.13,10.18,9.90,9.99,134024,1267711.25
2022/09/07,10.02,10.02,9.90,9.97,29679,276186.28
2022/09/08,9.98,10.02,9.84,9.88,66458,619716.94
2022/09/09,9.98,9.98,9.88,9.97,22080,205199.00
2022/09/13,9.97,9.99,9.96,9.98,13498,126084.32
2022/09/14,9.91,9.99,9.78,9.93,28316,262255.75
2022/09/15,9.92,10.05,9.73,9.85,25385,232616.20
2022/09/16,9.99,10.13,9.73,9.95,140585,1311850.13
2022/09/19,9.91,9.91,9.61,9.72,250341,2257894.75
2022/09/20,9.72,9.98,9.63,9.96,99924,920444.69
2022/09/21,9.96,10.57,9.86,10.48,968217,9438207.00
2022/09/22,10.43,10.93,10.25,10.39,531134,5265300.00
2022/09/23,10.33,10.35,9.84,9.93,398648,3728774.50
2022/09/26,9.91,9.91,9.63,9.73,206108,1875376.88
2022/09/27,9.91,9.91,9.53,9.87,81963,751361.31
2022/09/28,9.91,9.91,9.73,9.87,55080,508375.19
2022/09/29,9.71,9.93,9.71,9.77,57394,523205.84
2022/09/30,9.87,9.87,9.65,9.78,24896,226995.13
2022/10/10,9.78,9.93,9.65,9.72,34751,317081.34
2022/10/11,9.89,9.89,9.69,9.83,47151,428825.84
2022/10/12,9.82,9.88,9.74,9.87,31263,287661.09
2022/10/13,9.98,9.98,9.68,9.94,48500,445039.19
2022/10/14,9.98,10.32,9.73,10.17,93902,894573.69
2022/10/17,10.26,10.30,10.09,10.18,29892,284330.28
2022/10/18,10.21,10.21,10.07,10.12,20290,192115.91
2022/10/19,10.18,10.18,9.96,10.03,26933,253958.23
2022/10/20,10.05,10.20,9.96,10.02,19841,187279.41
2022/10/21,10.19,10.19,9.94,10.05,17400,163081.00
2022/10/24,10.22,10.22,9.93,10.02,111200,1049318.25
2022/10/25,10.17,10.17,9.91,10.08,29428,275978.75
2022/10/26,10.12,10.12,9.97,10.11,27767,262212.81
2022/10/27,10.18,10.18,9.95,10.11,15015,141724.11
2022/10/28,10.15,10.15,9.95,10.09,25225,236398.09
2022/10/31,10.11,10.11,9.94,10.03,14158,133407.13
2022/11/01,10.18,10.18,9.99,10.02,50100,472835.09
2022/11/02,10.10,10.17,10.02,10.15,118538,1126282.00
2022/11/03,10.15,10.15,10.02,10.13,25054,237428.66
2022/11/04,10.13,10.15,10.03,10.14,146775,1393292.00
2022/11/07,10.17,10.21,10.14,10.19,146439,1396991.13
2022/11/08,10.19,10.23,10.16,10.19,94783,906867.56
2022/11/09,10.19,10.23,10.17,10.20,111453,1065794.63
2022/11/10,10.17,10.18,10.08,10.18,10292,97556.92
2022/11/11,10.18,10.20,10.13,10.18,60500,576460.00
2022/11/14,10.21,10.21,10.13,10.18,49386,470884.31
2022/11/15,10.13,10.20,10.11,10.18,77322,736216.06
2022/11/16,10.13,10.17,10.13,10.17,13000,123805.00
2022/11/17,10.07,10.16,9.95,10.06,68218,639206.69
2022/11/18,10.04,10.12,9.99,10.09,58295,549995.25
2022/11/21,10.15,10.21,10.14,10.15,154468,1474916.88
2022/11/22,10.11,10.16,10.06,10.06,47595,450234.34
2022/11/23,10.00,10.08,10.00,10.07,46581,438000.63
2022/11/24,10.00,10.11,10.00,10.08,63715,600650.44
2022/11/25,10.11,10.13,9.93,9.93,87835,822676.94
2022/11/28,9.93,10.01,9.93,10.01,28128,262304.31
2022/11/29,10.01,10.10,10.01,10.08,24271,228692.95
2022/11/30,10.04,10.11,10.03,10.08,48387,456072.28
2022/12/01,10.06,10.12,10.05,10.07,59383,560942.19
2022/12/02,10.07,10.12,10.03,10.07,61996,584253.31
2022/12/05,10.08,10.08,10.03,10.07,89394,842753.44
2022/12/06,10.07,10.07,10.01,10.06,46587,438087.72
2022/12/07,10.06,10.06,9.96,10.04,49957,467452.06
2022/12/08,9.96,10.01,9.85,10.01,56115,521936.69
2022/12/09,9.91,10.00,9.91,9.95,30922,288010.19
2022/12/12,9.92,9.92,9.83,9.91,79353,733185.69
2022/12/13,9.78,9.90,9.78,9.79,86684,796599.00
2022/12/14,9.72,9.87,9.72,9.74,53870,492394.44
2022/12/15,9.76,9.82,9.74,9.77,54492,498362.13
2022/12/16,9.75,9.81,9.75,9.77,82469,753890.50
2022/12/19,9.74,9.78,9.65,9.71,100485,913820.06
2022/12/20,9.76,9.76,9.64,9.71,76105,688031.50
2022/12/21,9.65,9.75,9.65,9.68,42072,380432.50
2022/12/22,9.54,9.81,9.54,9.68,59771,541713.56
2022/12/23,9.45,9.69,9.45,9.68,68423,618313.25
2022/12/26,9.66,9.71,9.63,9.63,50878,460372.78
2022/12/27,9.68,9.76,9.66,9.76,26599,241317.64
2022/12/28,9.76,9.81,9.73,9.77,26956,246498.88
2022/12/29,9.75,9.83,9.73,9.81,85691,784135.63
2022/12/30,9.86,9.98,9.74,9.98,81250,752819.06
2023/01/03,9.73,9.93,9.68,9.82,46115,423652.03
2023/01/04,9.88,9.88,9.69,9.81,105273,964097.25
2023/01/05,9.81,9.90,9.75,9.89,128464,1183654.63
2023/01/06,9.88,9.96,9.73,9.87,229503,2115409.50
2023/01/09,9.89,9.89,9.76,9.86,65687,605988.19
2023/01/10,9.85,9.85,9.73,9.82,85432,782376.38
2023/01/11,9.85,9.85,9.75,9.83,28795,264810.00
2023/01/12,9.83,9.85,9.78,9.82,34469,316612.53
2023/01/13,9.83,9.83,9.74,9.77,45100,412614.69
2023/01/16,9.79,9.79,9.66,9.76,68520,625208.63
2023/01/17,9.67,9.78,9.67,9.76,31735,289724.41
2023/01/18,9.76,9.78,9.73,9.76,88107,802983.44
2023/01/19,9.78,9.78,9.70,9.77,136512,1242559.13
2023/01/20,9.76,9.82,9.75,9.78,117332,1073341.13
2023/01/30,9.83,9.87,9.78,9.85,116376,1071537.50
2023/01/31,9.85,10.18,9.85,10.12,645291,6095305.50
2023/02/01,10.22,10.26,10.09,10.14,331624,3160991.50
2023/02/02,10.12,10.12,9.93,9.96,218865,2052162.38
2023/02/03,9.84,10.02,9.84,9.99,112762,1054066.88
2023/02/06,10.02,10.02,9.91,9.99,39981,373723.69
2023/02/07,10.02,10.02,9.90,9.98,30245,281920.53
2023/02/08,9.93,10.03,9.90,9.93,43313,404137.34
2023/02/09,9.98,9.98,9.94,9.97,85801,800287.94
2023/02/10,9.93,10.04,9.93,10.03,85033,795777.00
2023/02/13,10.08,10.17,10.04,10.13,235393,2228424.50
2023/02/14,10.15,10.15,9.99,10.12,53321,504745.31
2023/02/15,10.00,10.13,9.99,10.11,106373,1005162.63
2023/02/16,10.04,10.14,10.01,10.05,209090,1974453.38
2023/02/17,10.06,10.13,10.02,10.05,114965,1085452.00
2023/02/20,10.01,10.13,10.01,10.11,252149,2390235.75
2023/02/21,10.11,10.17,10.09,10.15,155900,1481837.63
2023/02/22,10.09,10.19,10.09,10.12,46434,442050.13
2023/02/23,10.12,10.16,10.08,10.16,85509,809718.94
2023/02/24,10.16,10.18,10.09,10.16,53754,510964.72
2023/02/27,10.18,10.18,10.10,10.14,124516,1183977.75
2023/02/28,10.14,10.32,10.14,10.30,258708,2485612.50
2023/03/01,10.31,10.36,10.26,10.33,170877,1655398.63
2023/03/02,10.29,10.73,10.29,10.62,966645,9601815.00
2023/03/03,10.65,10.83,10.53,10.73,579663,5843356.50
2023/03/06,10.64,10.92,10.64,10.90,475397,4828996.00
2023/03/07,10.91,10.91,10.55,10.62,281161,2839788.75
2023/03/08,10.67,11.03,10.66,10.96,514967,5282586.00
2023/03/09,11.03,11.31,11.01,11.18,559358,5898921.50
2023/03/10,11.18,11.27,11.03,11.19,306643,3236045.25
2023/03/13,11.21,11.42,11.17,11.38,435415,4651419.00
2023/03/14,11.37,11.75,11.29,11.39,1138883,12441447.00
2023/03/15,11.39,11.51,11.14,11.40,545775,5825948.00
2023/03/16,11.28,11.45,11.17,11.39,320515,3428942.00
2023/03/17,11.38,11.58,11.28,11.51,332299,3611572.50
2023/03/20,11.55,11.67,11.33,11.33,209562,2270650.00
2023/03/21,11.32,11.46,10.97,11.03,501090,5244386.00
2023/03/22,11.08,11.16,10.95,11.07,227205,2370238.00
2023/03/23,10.96,11.18,10.96,11.08,228737,2394033.50
2023/03/24,10.98,11.17,10.98,11.05,231600,2427372.50
2023/03/27,10.99,11.12,10.94,11.09,252930,2631675.75
2023/03/28,11.11,11.14,11.05,11.10,166714,1744744.75
2023/03/29,11.08,11.14,11.03,11.08,197501,2065855.13
2023/03/30,11.12,11.13,10.93,11.06,181120,1890482.38
2023/03/31,10.95,11.08,10.63,11.02,318678,3275661.00
2023/04/03,10.89,10.97,10.77,10.87,279752,2856461.50
2023/04/04,10.87,10.92,10.66,10.82,244565,2478929.50
2023/04/06,10.95,10.95,10.62,10.63,338032,3385876.50
2023/04/07,10.63,10.81,10.58,10.80,113012,1135535.63
2023/04/10,10.68,10.88,10.68,10.84,114590,1169616.25
2023/04/11,10.91,10.94,10.72,10.87,64869,664506.38
2023/04/12,10.93,10.93,10.83,10.87,57407,587635.56
2023/04/13,10.74,11.18,10.74,11.13,530873,5559690.50
2023/04/14,11.13,11.43,11.13,11.38,336630,3619151.50
2023/04/17,11.43,11.45,11.07,11.28,240944,2551696.25
2023/04/18,11.28,11.43,11.12,11.28,148027,1575743.25
2023/04/19,11.18,11.48,10.98,11.40,443275,4713131.00
2023/04/20,11.43,11.60,11.31,11.45,238056,2578842.00
2023/04/21,11.46,11.48,11.08,11.24,108445,1151498.50
2023/04/24,11.12,11.17,10.86,11.03,227337,2363082.00
2023/04/25,11.02,11.23,10.94,11.10,152601,1593447.25
2023/04/26,11.12,11.21,11.01,11.18,164385,1716441.13
2023/04/27,11.04,11.33,10.81,10.93,375603,3879089.50
2023/04/28,10.96,11.17,10.81,11.05,257095,2651726.75
2023/05/04,11.02,11.03,10.83,10.96,147188,1516246.88
2023/05/05,10.89,11.33,10.89,11.28,764957,8030078.00
2023/05/08,11.38,11.62,11.27,11.44,278430,3006316.50
2023/05/09,11.33,11.51,11.19,11.23,323685,3446716.25
2023/05/10,11.14,11.29,11.10,11.24,141276,1493999.50
2023/05/11,11.24,11.37,11.21,11.37,243053,2590186.75
2023/05/12,11.45,11.58,11.37,11.45,269311,2925480.50
2023/05/15,11.62,12.17,11.62,11.82,777063,8747017.00
2023/05/16,11.67,12.31,11.67,12.31,912951,10421308.00
2023/05/17,12.31,12.93,12.31,12.68,1342404,16224812.00
2023/05/18,12.53,12.78,12.43,12.49,498245,5957081.50
2023/05/19,12.42,12.69,12.40,12.48,1634323,16082116.00
2023/05/22,12.38,12.54,12.28,12.32,146222,1716532.25
2023/05/23,12.32,12.32,11.77,11.83,386472,4370116.00
2023/05/24,11.89,11.89,11.65,11.82,227221,2522961.25
2023/05/25,11.69,11.83,11.68,11.83,146919,1633561.75
2023/05/26,11.74,11.98,11.67,11.89,192538,2157195.25
2023/05/29,11.74,11.99,11.60,11.93,3489808,31775968.00
2023/05/30,12.02,12.02,11.87,11.95,92291,1043230.75
2023/05/31,11.89,11.89,11.61,11.63,237166,2623812.75
2023/06/01,11.57,11.77,11.45,11.75,118438,1300669.13
2023/06/02,11.74,11.77,11.54,11.69,104001,1147248.75
2023/06/05,11.73,11.73,11.53,11.71,94998,1045255.44
2023/06/06,11.63,11.69,11.52,11.53,67336,736265.31
2023/06/07,11.48,11.53,11.46,11.51,175198,1902529.50
2023/06/08,11.60,11.60,11.43,11.57,31799,345963.47
2023/06/09,11.57,11.66,11.43,11.53,121516,1317073.63
2023/06/12,11.48,11.62,11.42,11.45,96209,1046101.44
2023/06/13,11.53,11.56,11.24,11.26,109250,1173522.25
2023/06/14,11.27,11.27,11.13,11.15,108437,1145846.63
2023/06/15,11.28,11.28,11.04,11.13,93534,982574.81
2023/06/16,11.21,11.21,11.08,11.14,79357,820370.75
2023/06/19,11.05,11.14,10.88,10.91,270553,2760206.00
2023/06/20,10.91,10.91,10.67,10.80,368332,3662663.00
2023/06/21,10.86,11.01,10.76,11.00,317393,2721925.50
2023/06/26,11.02,11.04,10.79,10.85,189899,1589006.00
2023/06/27,10.76,10.88,10.76,10.86,82439,829148.00
2023/06/28,10.95,11.02,10.83,10.96,226868,2492958.75
2023/06/29,10.98,11.14,10.96,11.08,105665,1087545.13
2023/06/30,11.21,11.21,11.04,11.08,73600,759587.38
2023/07/03,11.08,11.12,10.97,10.97,97371,995477.06
2023/07/04,11.03,11.17,10.95,11.06,306567,3156080.00
2023/07/05,11.16,11.48,11.01,11.32,451269,4730869.00
2023/07/06,11.45,11.63,11.32,11.56,263170,2817007.25
2023/07/07,11.58,11.61,11.42,11.54,144693,1549686.00
2023/07/10,11.42,11.58,11.36,11.42,142909,1529071.63
2023/07/11,11.43,11.43,11.24,11.27,139271,1463936.38
2023/07/12,11.26,11.26,10.94,11.08,434670,4464290.00
2023/07/13,11.14,11.28,10.98,11.28,98369,1017086.25
2023/07/14,11.18,11.28,11.08,11.28,143871,1497443.38
2023/07/17,11.28,11.28,10.98,11.01,183468,1888569.63
2023/07/18,10.94,11.13,10.88,10.93,201597,2046933.50
2023/07/19,10.85,10.88,10.73,10.81,269673,2702908.25
2023/07/20,10.88,10.90,10.71,10.78,151374,1513381.63
2023/07/21,10.88,10.88,10.74,10.80,129634,1296359.88
2023/07/24,10.89,10.89,10.68,10.84,51190,514796.66
2023/07/25,10.96,10.96,10.71,10.84,119742,1199540.88
2023/07/26,10.78,10.83,10.78,10.83,22065,221236.16
2023/07/27,10.85,10.85,10.81,10.84,38895,390749.63
2023/07/28,10.80,10.87,10.77,10.87,62648,630136.88
2023/07/31,10.90,10.99,10.88,10.94,122359,1242860.50
2023/08/01,11.02,11.02,10.82,10.90,49094,496520.09
2023/08/02,10.96,10.96,10.79,10.93,80858,813320.06
2023/08/03,10.83,11.00,10.79,10.85,74565,751703.44
2023/08/04,10.97,10.97,10.83,10.92,95676,965624.06
2023/08/07,11.00,11.00,10.84,10.93,91191,924387.75
2023/08/08,10.83,10.93,10.79,10.92,66934,673102.50
2023/08/09,10.83,10.88,10.65,10.79,196748,1960890.38
2023/08/10,10.71,10.81,10.69,10.78,59897,595302.63
2023/08/11,10.73,10.87,10.64,10.71,232083,2300635.00
2023/08/14,10.61,10.76,10.46,10.64,269273,2627461.25
2023/08/15,10.52,10.58,10.45,10.50,41534,403731.72
2023/08/16,10.51,10.57,10.41,10.51,33726,327121.81
2023/08/17,10.46,10.57,10.42,10.55,79886,774585.63
2023/08/18,10.48,10.62,10.48,10.58,42484,414226.34
2023/08/21,10.60,10.61,10.48,10.50,28078,273757.47
2023/08/22,10.41,10.42,10.00,10.22,185758,1761359.00
2023/08/23,10.33,10.33,10.05,10.24,38509,359937.59
2023/08/24,10.11,10.24,10.00,10.16,176630,1640231.50
2023/08/25,10.20,10.32,10.16,10.21,98794,932153.13
2023/08/28,10.58,10.66,10.27,10.36,159271,1534957.88
2023/08/29,10.33,10.64,10.33,10.61,131444,1282271.25
2023/08/30,10.66,10.74,10.48,10.66,190392,1882797.50
2023/08/31,10.70,11.18,10.70,11.06,1244736,12762905.00
2023/09/01,11.03,11.35,11.03,11.18,685477,7168132.00
2023/09/04,12.48,12.63,11.81,11.87,2790767,31589534.00
2023/09/05,11.98,11.98,11.39,11.48,1090620,11806334.00
2023/09/06,11.58,11.98,11.48,11.94,797115,8789006.00
2023/09/07,11.92,12.08,11.69,11.89,408382,4513721.00
2023/09/08,11.92,11.92,11.70,11.74,249138,2742495.00
2023/09/11,11.70,11.97,11.70,11.94,248079,2747337.00
2023/09/12,11.91,12.39,11.91,12.28,539306,6144263.50
2023/09/13,12.33,12.87,12.33,12.83,1835837,21960712.00
2023/09/14,12.88,13.08,12.59,12.86,1148879,13875446.00
2023/09/15,12.89,13.12,12.60,13.03,1241142,15031918.00
2023/09/18,13.03,13.68,13.03,13.67,1412124,17850272.00
2023/09/19,13.54,14.06,13.54,13.97,1465116,19198676.00
2023/09/20,14.07,14.88,13.98,14.83,2082747,28448000.00
2023/09/21,14.66,15.08,14.48,14.70,1146474,15940484.00
2023/09/22,14.81,15.27,13.79,14.23,1663361,22555310.00
2023/09/25,14.18,14.41,13.86,14.21,640542,8548801.00
2023/09/26,14.18,15.08,14.08,14.89,1412890,19672382.00
2023/09/27,14.78,14.84,14.40,14.70,523304,7257422.00
2023/09/28,14.78,14.79,14.54,14.63,320151,4435005.50
2023/10/09,14.76,14.76,13.72,13.76,854423,11399933.00
2023/10/10,13.68,13.96,13.24,13.63,674579,8530646.00
2023/10/11,13.61,13.98,13.47,13.78,187704,2438861.75
2023/10/12,13.65,13.77,13.49,13.74,182597,2356912.25
2023/10/13,13.63,13.75,13.09,13.18,538490,6746158.00
2023/10/16,13.26,13.28,12.69,12.81,574327,6942812.50
2023/10/17,12.75,12.87,12.29,12.39,469573,5508523.50
2023/10/18,12.54,13.04,12.34,12.60,292812,3498805.00
2023/10/19,12.71,12.97,12.63,12.71,232924,2792001.25
2023/10/20,12.78,12.87,12.61,12.74,108287,1296554.25
2023/10/23,12.63,12.75,12.47,12.49,379607,4485748.50
2023/10/24,12.66,12.98,12.57,12.89,662116,6997585.50
2023/10/25,12.99,13.34,12.92,13.31,757163,9412913.00
2023/10/26,13.34,13.50,13.19,13.48,417600,5266191.00
2023/10/27,13.34,13.88,13.33,13.88,817990,9543091.00
2023/10/30,13.67,14.16,13.60,13.85,432731,5635099.50
2023/10/31,13.86,13.96,13.48,13.53,248368,3200614.50
2023/11/01,13.53,13.62,13.39,13.54,240362,3059351.75
2023/11/02,13.53,13.77,13.47,13.69,70311,901689.56
2023/11/03,13.70,13.83,13.49,13.75,157051,2024510.63
2023/11/06,13.97,14.33,13.89,14.12,522739,6967457.00
2023/11/07,14.02,14.60,13.98,14.50,743168,10090896.00
2023/11/08,14.66,15.44,14.66,14.95,2201107,31467238.00
2023/11/09,15.03,15.34,14.80,15.09,1217646,17417422.00
2023/11/10,15.01,16.46,15.00,16.29,2108761,31550972.00
2023/11/13,15.58,16.36,15.51,16.00,1289369,19503580.00
2023/11/14,15.90,15.98,15.39,15.61,1196965,17788326.00
2023/11/15,15.66,16.31,15.66,15.98,1021401,15496083.00
2023/11/16,16.06,16.26,15.58,15.99,821590,12416010.00
2023/11/17,15.86,16.23,15.86,16.00,723681,11032572.00
2023/11/20,15.95,16.44,15.86,16.30,1358840,20895312.00
2023/11/21,16.30,17.54,16.29,16.55,2900913,46582624.00
2023/11/22,16.28,17.07,16.21,17.06,2508456,40053448.00
2023/11/23,17.08,17.56,16.38,16.63,2778254,44968972.00
2023/11/24,16.73,17.12,16.49,17.12,2915631,47076140.00
2023/11/27,17.12,18.70,17.10,18.50,6531480,112302584.00
2023/11/28,17.88,20.24,17.78,18.52,5274711,96456544.00
2023/11/29,18.72,19.48,18.26,18.58,4220398,75812920.00
2023/11/30,18.92,18.98,17.73,18.21,2821826,49465720.00
2023/12/01,17.86,18.13,17.28,17.29,2165558,36392660.00
2023/12/04,17.18,17.63,16.98,17.27,1054952,17456130.00
2023/12/05,17.38,18.25,17.09,18.07,2713896,46350064.00
2023/12/06,17.96,18.23,17.48,17.50,1336976,22700306.00
2023/12/07,17.50,17.95,17.41,17.64,1217210,20609940.00
2023/12/08,17.61,17.81,17.40,17.71,959450,16167520.00
2023/12/11,17.68,17.68,16.59,16.91,994363,16217929.00
2023/12/12,16.93,17.25,16.69,17.08,572973,9245365.00
2023/12/13,17.20,17.85,17.05,17.58,1150480,19191436.00
2023/12/14,17.43,17.94,17.40,17.79,1575467,26728404.00
2023/12/15,17.79,17.98,17.60,17.94,968185,16477744.00
2023/12/18,17.91,20.08,17.71,19.11,4657276,84668160.00
2023/12/19,18.86,20.28,18.38,19.72,4859119,90385536.00
2023/12/20,19.67,20.33,18.89,19.75,3946939,75365368.00
2023/12/21,19.56,20.28,17.52,18.02,4709766,87390456.00
2023/12/22,17.83,18.51,17.58,18.24,2249106,38652684.00
2023/12/25,18.34,19.04,18.34,18.83,2154876,38716140.00
2023/12/26,18.88,19.18,18.08,18.77,1652553,29646390.00
2023/12/27,18.59,18.76,18.04,18.36,1200766,21015634.00
2023/12/28,18.30,18.71,18.24,18.35,1730018,30672448.00
2023/12/29,18.32,18.94,18.14,18.71,1732317,30842148.00
2024/01/02,18.46,19.28,18.37,19.18,2525226,45702392.00
2024/01/03,19.08,19.31,18.64,19.07,1436596,26105346.00
2024/01/04,19.01,19.07,18.64,18.87,1223245,22065704.00
2024/01/05,18.96,18.96,18.23,18.31,1477132,26261132.00
2024/01/08,18.19,18.63,17.34,17.48,1642135,28179114.00
2024/01/09,17.48,17.86,16.19,16.81,1777621,28731320.00
2024/01/10,16.97,17.38,16.55,17.24,827390,13409265.00
2024/01/11,17.33,17.48,16.95,17.11,669164,10999266.00
2024/01/12,17.08,17.38,15.78,15.93,1475403,22970064.00
2024/01/15,15.93,15.93,15.22,15.53,1075729,15882881.00
2024/01/16,15.61,16.28,15.08,16.16,1618044,24305646.00
2024/01/17,15.91,16.47,15.59,15.59,1134134,17261916.00
2024/01/18,15.38,15.81,15.18,15.75,1121662,16552669.00
2024/01/19,15.85,16.78,15.85,16.76,1826800,28397210.00
2024/01/22,16.63,16.81,16.16,16.31,1109195,17436272.00
2024/01/23,16.33,16.50,16.08,16.39,671997,10410691.00
2024/01/24,16.48,16.50,15.54,16.08,1203620,18293162.00
2024/01/25,15.89,16.20,15.48,15.80,833454,12542782.00
2024/01/26,15.62,15.88,15.50,15.58,529318,7902305.00
2024/01/29,15.49,15.58,14.63,14.63,985136,13971150.00
2024/01/30,14.38,14.66,13.85,14.16,693826,9335776.00
2024/01/31,14.27,14.48,14.06,14.32,670262,9046512.00
2024/02/01,14.27,14.39,13.67,13.78,634703,8329941.00
2024/02/02,13.78,13.92,12.56,12.92,910607,11280265.00
2024/02/05,12.82,13.18,12.05,12.86,919609,10892739.00
2024/02/06,12.76,13.98,12.57,13.94,922946,11723120.00
2024/02/07,14.78,17.88,14.77,15.80,5273768,84724336.00
2024/02/08,14.78,15.38,13.66,14.86,3738012,51301696.00
2024/02/19,14.65,14.97,14.29,14.78,1022165,14189650.00
数据来源:通达信
