871694 中裕科技 日线 后复权
      日期	    开盘	    最高	    最低	    收盘	    成交量	    成交额
2021/10/11,10.00,10.50,10.00,10.05,400,4055.00
2021/10/12,10.50,10.50,10.00,10.00,200,2050.00
2021/10/14,10.00,10.00,10.00,10.00,1300,12850.00
2021/10/15,10.00,10.00,10.00,10.00,100,1000.00
2021/10/19,10.00,10.71,10.00,10.71,332400,3559608.50
2021/10/28,10.00,10.00,10.00,10.00,100,1000.00
2021/11/11,10.00,10.00,10.00,10.00,3000,30000.00
2021/11/16,10.00,10.00,10.00,10.00,1700,16500.00
2021/11/23,10.71,10.71,10.71,10.71,86200,922827.13
2021/11/24,10.71,10.71,10.71,10.71,100,1071.00
2021/11/29,10.71,10.71,10.71,10.71,9300,99603.00
2021/12/02,10.71,10.71,10.71,10.71,104000,1114214.88
2021/12/06,10.71,10.71,10.71,10.71,200,2142.00
2021/12/08,15.00,15.00,15.00,15.00,20000,300000.00
2021/12/17,14.98,14.98,14.98,14.98,5000,74900.00
2022/02/09,12.08,12.08,12.08,12.08,100,1208.00
2022/02/14,10.01,10.01,10.01,10.01,28700,287136.84
2022/02/15,10.02,10.02,10.02,10.02,6000,60120.00
2022/02/17,14.98,14.98,12.05,12.05,200,2703.00
2022/02/24,12.05,14.58,11.11,11.15,8400,111090.00
2022/02/25,14.58,14.58,14.58,14.58,1000,14580.00
2022/02/28,17.50,17.50,17.50,17.50,29000,507500.00
2022/03/03,17.48,17.48,17.48,17.48,3200,55936.00
2022/03/04,19.86,19.86,19.86,19.86,1000,19860.00
2022/03/29,13.02,13.02,13.02,13.02,100,1302.00
2022/04/11,6.52,6.52,6.52,6.52,200,1304.00
2022/04/12,8.03,8.03,8.03,8.03,34000,273020.00
2022/04/13,4.04,8.00,4.04,8.00,3900,16152.00
2022/04/14,10.71,10.72,10.71,10.72,200,2143.00
2022/04/18,13.50,13.50,13.50,13.50,100,1350.00
2022/04/20,16.00,16.00,16.00,16.00,37000,592000.00
2022/04/26,11.00,11.00,11.00,11.00,1000,11000.00
2022/05/05,11.01,13.50,11.01,11.09,37600,414265.00
2022/05/06,13.50,13.50,13.50,13.50,30100,406350.00
2022/05/09,13.49,13.49,13.49,13.49,2800,37772.00
2022/05/10,11.16,11.17,11.16,11.17,30400,339566.00
2022/05/11,11.16,11.16,11.02,11.02,300,3320.00
2022/05/16,11.09,11.09,11.08,11.08,400,4433.00
2022/05/17,13.90,13.90,13.90,13.90,17000,236286.09
2022/05/18,16.90,16.90,16.90,16.90,19300,325916.50
2022/05/23,17.00,19.00,17.00,19.00,11400,196600.00
2022/05/24,13.69,20.36,11.15,20.36,27200,320185.50
2022/05/26,20.36,20.36,20.36,20.36,7200,146592.00
2022/05/27,20.35,20.35,20.34,20.34,19600,398859.84
2022/06/02,21.86,21.86,21.86,21.86,30000,655800.00
2022/06/08,25.00,25.00,25.00,25.00,600,15000.00
2022/06/17,27.99,27.99,27.99,27.99,600,16794.00
2022/07/26,27.99,27.99,27.99,27.99,200,5598.00
2022/08/01,24.00,24.00,24.00,24.00,400,9600.00
2022/08/02,17.00,17.00,16.40,16.52,2400,41162.20
2022/08/03,17.00,17.00,17.00,17.00,2100,35700.00
2022/08/16,16.59,16.59,16.59,16.59,400,6636.00
2022/08/18,19.98,19.98,19.98,19.98,1100,21978.00
2023/04/24,12.33,12.40,10.56,12.33,5925692,70900840.00
2023/04/25,11.70,11.98,10.66,10.79,1579348,17672568.00
2023/04/26,10.80,11.99,10.78,11.82,1217578,13899791.00
2023/04/27,11.74,12.35,11.52,11.91,1241841,14880098.00
2023/04/28,11.71,12.21,11.55,11.78,905222,10724126.00
2023/05/04,11.52,12.37,11.52,12.28,1563404,18965454.00
2023/05/05,12.34,12.43,12.06,12.39,2093739,25826144.00
2023/05/08,12.60,13.88,12.56,13.77,4882874,64655736.00
2023/05/09,14.51,14.98,13.00,13.13,4043661,56889788.00
2023/05/10,12.81,12.87,11.80,12.75,2032394,24976980.00
2023/05/11,12.48,12.85,12.21,12.52,928818,11648896.00
2023/05/12,12.52,12.94,12.21,12.74,1117202,14093088.00
2023/05/15,12.48,12.73,12.22,12.66,839092,10477378.00
2023/05/16,12.45,12.65,12.08,12.24,767277,9447649.00
2023/05/17,12.07,12.40,12.07,12.33,494638,6098953.00
2023/05/18,12.43,13.79,12.19,13.60,1565330,20199278.00
2023/05/19,13.30,14.19,13.02,13.30,1114555,15212053.00
2023/05/22,13.20,13.99,13.04,13.60,810063,11066086.00
2023/05/23,13.57,14.65,13.12,14.48,1801078,25442802.00
2023/05/24,14.40,14.99,14.02,14.23,901409,12944298.00
2023/05/25,14.05,14.25,13.53,13.57,794056,10999706.00
2023/05/26,13.97,14.26,13.30,14.26,1114707,15453473.00
2023/05/29,14.20,14.20,13.60,14.11,493908,6899072.50
2023/05/30,14.20,14.92,13.85,14.52,1225781,17866552.00
2023/05/31,14.25,14.89,14.17,14.80,610904,8902164.00
2023/06/01,14.59,14.89,14.30,14.45,573037,8366227.50
2023/06/02,14.44,14.66,14.15,14.35,436842,6318273.00
2023/06/05,14.30,14.30,13.64,13.98,543341,7596357.00
2023/06/06,13.87,14.14,13.76,13.92,425686,5948044.50
2023/06/07,13.82,14.10,13.78,14.05,251600,3525159.75
2023/06/08,13.83,14.03,13.83,13.85,203022,2824677.50
2023/06/09,14.06,14.06,13.84,13.88,208134,2904893.75
2023/06/12,13.80,14.18,13.65,13.96,285677,3949426.50
2023/06/13,13.84,14.04,13.63,13.80,262067,3636556.75
2023/06/14,13.90,13.90,13.40,13.47,668583,9020124.00
2023/06/15,13.28,13.63,13.26,13.50,331225,4475544.00
2023/06/16,13.80,13.80,13.36,13.57,293376,3963681.75
2023/06/19,13.40,13.68,12.81,13.10,653668,8533253.00
2023/06/20,13.10,13.54,12.86,13.11,123766,1612941.38
2023/06/21,12.85,14.35,12.85,14.18,945895,13071462.00
2023/06/26,14.00,14.00,13.56,13.97,315894,4355428.50
2023/06/27,13.71,14.22,13.68,13.92,155050,2145738.00
2023/06/28,13.94,14.17,13.66,13.77,159152,2196397.50
2023/06/29,13.62,14.90,13.62,14.62,917867,13261810.00
2023/06/30,14.70,14.79,14.10,14.29,416790,5945594.50
2023/07/03,14.08,14.08,13.80,13.98,538482,7493954.50
2023/07/04,13.95,14.28,13.91,14.20,443751,6262444.50
2023/07/05,14.08,14.85,13.92,14.69,1205454,17659050.00
2023/07/06,14.67,14.82,14.37,14.78,660863,9647999.00
2023/07/07,15.05,17.20,14.65,17.20,2185690,34589280.00
2023/07/10,16.51,17.19,15.91,16.86,1355169,22317766.00
2023/07/11,16.36,16.88,15.93,16.20,810985,13273498.00
2023/07/12,16.19,16.64,15.51,15.55,701683,10503895.00
2023/07/13,15.50,16.30,15.31,16.20,577000,9115941.00
2023/07/14,16.98,17.79,16.61,17.18,1374382,23683070.00
2023/07/17,17.15,17.15,15.95,16.25,953765,15587296.00
2023/07/18,16.06,16.60,15.79,16.10,351405,5629569.50
2023/07/19,16.11,16.38,15.20,15.26,585364,9052953.00
2023/07/20,15.30,15.79,15.20,15.38,179283,2771704.25
2023/07/21,15.50,15.50,15.03,15.03,234560,3550521.75
2023/07/24,14.83,15.40,14.83,15.12,173592,2620731.25
2023/07/25,15.49,15.60,15.15,15.55,151631,2334370.25
2023/07/26,15.33,15.72,15.32,15.52,201647,3117719.75
2023/07/27,15.33,15.56,15.08,15.08,281000,4277915.00
2023/07/28,15.43,15.43,14.66,14.66,303402,4604606.00
2023/07/31,15.00,15.29,14.60,15.00,213525,3185837.25
2023/08/01,15.34,15.34,14.74,14.90,120207,1807615.13
2023/08/02,15.08,15.27,14.78,15.15,80056,1207167.13
2023/08/03,15.10,15.11,14.41,14.88,210113,3099139.50
2023/08/04,14.65,15.09,14.65,14.90,146848,2197822.75
2023/08/07,15.00,15.18,14.30,15.17,107434,1601799.63
2023/08/08,15.29,15.80,14.90,15.75,202633,3132496.25
2023/08/09,15.38,15.69,15.30,15.69,67873,1054636.50
2023/08/10,15.56,15.85,15.56,15.75,107709,1694176.88
2023/08/11,15.46,15.75,15.19,15.65,95941,1489292.13
2023/08/14,15.33,15.67,15.14,15.16,66291,1014807.38
2023/08/15,15.13,15.31,14.55,14.86,176833,2623111.50
2023/08/16,14.92,14.94,14.60,14.60,60899,895527.44
2023/08/17,14.50,14.70,14.43,14.59,70358,1025659.44
2023/08/18,14.59,14.78,13.72,14.00,157011,2250190.50
2023/08/21,13.52,14.35,13.01,13.98,303446,4106433.50
2023/08/22,13.85,13.85,13.30,13.66,123880,1683963.25
2023/08/23,13.36,13.51,13.30,13.30,37657,504771.69
2023/08/24,13.36,14.18,13.35,13.98,165817,2268862.00
2023/08/25,13.01,13.43,11.60,12.79,1332482,16254101.00
2023/08/28,13.47,13.47,12.41,12.76,158632,2040516.38
2023/08/29,12.67,13.07,12.65,12.76,141534,1817054.63
2023/08/30,12.90,12.90,12.46,12.63,159315,1999652.00
2023/08/31,12.64,12.89,12.40,12.87,187545,2365717.75
2023/09/01,13.02,13.39,12.75,13.36,372540,4931391.50
2023/09/04,14.03,14.40,13.45,13.89,560920,7827030.50
2023/09/05,13.55,13.83,13.38,13.53,149260,2017282.63
2023/09/06,13.24,13.63,13.24,13.45,87382,1175254.50
2023/09/07,13.40,13.51,13.11,13.42,148356,1983202.63
2023/09/08,13.50,13.50,13.14,13.34,54550,723381.00
2023/09/11,13.34,13.50,13.13,13.21,123370,1635635.25
2023/09/12,13.21,13.36,13.11,13.19,99409,1307809.63
2023/09/13,13.09,13.25,12.98,13.02,48519,632025.88
2023/09/14,13.05,13.06,12.81,12.97,39195,506532.81
2023/09/15,13.19,13.19,12.84,12.98,68648,891189.81
2023/09/18,12.86,13.08,12.42,12.86,41216,529962.25
2023/09/19,12.85,13.02,12.60,12.80,46489,591903.88
2023/09/20,12.80,12.87,12.51,12.64,68546,866088.69
2023/09/21,12.82,12.82,12.16,12.25,103623,1272530.50
2023/09/22,12.25,12.25,11.99,12.10,135668,1638124.38
2023/09/25,12.02,12.18,11.90,12.00,107935,1294422.13
2023/09/26,11.98,12.04,11.86,11.98,82102,984071.94
2023/09/27,11.74,12.09,11.73,12.02,114141,1366703.00
2023/09/28,11.83,12.13,11.83,12.10,32831,394482.34
2023/10/09,12.12,12.12,11.88,11.99,40707,488079.34
2023/10/10,12.33,12.33,11.91,11.95,82806,990325.25
2023/10/11,11.89,11.91,11.81,11.84,41412,491211.59
2023/10/12,11.95,11.96,11.81,11.85,21883,259891.70
2023/10/13,11.85,11.89,11.64,11.64,61370,721684.31
2023/10/16,11.61,11.61,10.93,10.96,186450,2070191.38
2023/10/17,10.93,10.93,10.50,10.73,199263,2114736.50
2023/10/18,10.78,11.00,10.78,10.83,143369,1564103.75
2023/10/19,10.77,10.95,10.65,10.70,35678,384753.44
2023/10/20,10.70,10.75,10.44,10.63,105156,1111188.63
2023/10/23,10.53,10.57,10.06,10.29,104775,1077677.00
2023/10/24,10.23,10.50,10.22,10.48,31535,326916.63
2023/10/25,10.55,10.55,10.27,10.54,56172,583346.00
2023/10/26,10.48,10.48,10.15,10.21,137702,1414782.00
2023/10/27,10.80,12.99,10.80,12.66,1170281,14103643.00
2023/10/30,12.15,12.44,11.78,11.96,791259,9572355.00
2023/10/31,11.81,11.96,11.48,11.74,676574,7926831.50
2023/11/01,11.63,11.67,11.42,11.59,399737,4625067.00
2023/11/02,11.54,11.63,11.45,11.54,246199,2837108.00
2023/11/03,11.60,11.99,11.47,11.80,298538,3514499.75
2023/11/06,11.80,12.51,11.68,12.40,387274,4756527.50
2023/11/07,12.34,12.46,12.03,12.26,229178,2829631.50
2023/11/08,12.20,12.93,12.20,12.68,357132,4495824.50
2023/11/09,12.62,12.70,12.42,12.66,205203,2585375.50
2023/11/10,12.62,12.69,12.29,12.69,245123,3054275.75
2023/11/13,12.57,13.19,12.57,13.10,230626,3013316.50
2023/11/14,13.04,13.15,12.92,13.07,166908,2171865.00
2023/11/15,13.22,13.93,13.01,13.07,452570,6066681.00
2023/11/16,13.06,13.29,12.35,12.89,377630,4824038.00
2023/11/17,12.87,13.08,12.72,13.00,209177,2700876.25
2023/11/20,13.13,13.66,13.09,13.49,381173,5122914.00
2023/11/21,13.57,15.09,13.57,13.84,1170455,16786040.00
2023/11/22,14.00,15.23,13.48,15.15,1328451,19361856.00
2023/11/23,15.37,16.60,14.52,14.95,1703341,25900928.00
2023/11/24,14.88,16.58,14.80,16.43,2650144,41723412.00
2023/11/27,16.98,18.28,16.66,18.28,4795583,84372192.00
2023/11/28,17.30,19.50,17.00,17.82,3764932,68974176.00
2023/11/29,17.80,18.77,15.68,16.00,2857375,49517780.00
2023/11/30,16.01,16.01,15.20,15.53,1649473,25583706.00
2023/12/01,15.57,15.84,14.80,15.02,1500266,22823526.00
2023/12/04,15.11,15.55,14.52,15.12,654205,9876131.00
2023/12/05,14.93,16.79,14.93,16.29,1643740,26479184.00
2023/12/06,16.25,16.93,15.90,16.14,1285392,20966328.00
2023/12/07,16.34,16.86,16.00,16.50,1119584,18469208.00
2023/12/08,16.70,17.49,16.42,17.16,1223956,20926242.00
2023/12/11,17.28,17.98,16.70,17.13,1504716,26107944.00
2023/12/12,16.91,17.14,16.30,16.98,1162186,19460576.00
2023/12/13,16.83,17.56,16.75,17.24,1279554,22083998.00
2023/12/14,17.30,18.21,17.05,17.31,1419533,25025920.00
2023/12/15,17.45,17.96,17.02,17.96,1522332,26704596.00
2023/12/18,18.09,18.79,17.85,18.55,1256144,22995910.00
2023/12/19,18.44,18.76,17.66,18.24,1402457,25454194.00
2023/12/20,18.45,19.89,18.36,19.68,3096961,58644612.00
2023/12/21,20.50,22.50,18.01,18.02,4697218,96530752.00
2023/12/22,17.99,18.39,17.20,18.23,2193684,38857264.00
2023/12/25,18.20,19.36,18.12,19.30,1918373,36283152.00
2023/12/26,19.68,20.24,18.60,20.20,2540296,49884188.00
2023/12/27,19.80,19.90,18.97,19.58,1442223,28131484.00
2023/12/28,19.58,19.98,19.37,19.80,2061322,40676888.00
2023/12/29,19.62,20.69,19.60,20.16,1657870,33399746.00
2024/01/02,20.17,21.14,20.02,20.89,1764712,36392184.00
2024/01/03,20.61,20.90,20.18,20.49,1046313,21399280.00
2024/01/04,20.69,21.46,20.17,21.25,1475651,30569376.00
2024/01/05,21.08,21.86,20.38,20.45,2034518,42963380.00
2024/01/08,20.21,20.66,19.17,19.20,1365534,27251974.00
2024/01/09,19.01,19.39,17.90,18.39,1817589,33841632.00
2024/01/10,18.32,19.12,17.86,18.87,860023,15923913.00
2024/01/11,18.80,19.69,18.80,19.45,891238,17093184.00
2024/01/12,19.41,19.63,17.31,17.31,1273206,23494742.00
2024/01/15,17.04,17.88,17.00,17.21,1131752,19689928.00
2024/01/16,17.28,18.68,17.00,18.61,1163586,20663598.00
2024/01/17,18.49,18.98,18.09,18.20,722669,13326995.00
2024/01/18,18.20,18.90,17.65,18.90,815921,14945709.00
2024/01/19,19.09,19.90,18.91,19.81,1043614,20449300.00
2024/01/22,19.95,20.34,18.95,19.19,972081,19057738.00
2024/01/23,18.50,19.63,18.50,19.10,685476,13146003.00
2024/01/24,19.00,19.20,17.86,18.60,716334,13261582.00
2024/01/25,18.66,19.35,17.32,18.61,1162262,21425422.00
2024/01/26,18.59,18.75,17.80,17.80,678437,12466868.00
2024/01/29,17.66,17.84,16.55,16.55,907534,15420699.00
2024/01/30,16.55,17.20,16.02,16.47,682426,11369629.00
2024/01/31,16.63,16.95,16.40,16.47,436737,7268081.00
2024/02/01,16.32,16.76,15.74,15.78,454617,7344480.00
2024/02/02,15.65,15.97,14.51,14.99,488824,7403994.50
2024/02/05,14.80,15.50,13.85,15.07,866450,12709564.00
2024/02/06,14.89,16.50,14.89,16.50,595771,9569340.00
2024/02/07,16.40,17.29,15.90,16.07,582126,9758939.00
2024/02/08,15.95,16.59,15.27,16.14,704888,11279230.00
2024/02/19,16.34,16.58,16.01,16.36,195483,3172909.25
数据来源:通达信
