835174 五新隧装 日线 后复权
      日期	    开盘	    最高	    最低	    收盘	    成交量	    成交额
2016/03/21,8.10,8.18,8.10,8.18,33000,268020.00
2016/03/23,7.90,7.90,7.77,7.77,8000,62460.00
2016/04/13,7.58,7.58,7.58,7.58,2000,15160.00
2016/04/18,7.58,7.58,7.58,7.58,5000,37900.00
2016/04/20,7.58,7.59,7.58,7.58,70000,530700.00
2016/04/21,7.60,7.62,7.60,7.60,57000,433480.00
2016/04/22,7.59,7.62,7.59,7.62,22000,167070.00
2016/04/25,7.63,7.70,7.63,7.68,25000,191400.00
2016/04/26,7.70,7.70,7.68,7.68,40000,307430.00
2016/04/27,7.74,7.75,7.71,7.71,23000,177970.00
2016/04/28,7.73,7.75,7.71,7.71,69000,533410.00
2016/04/29,7.71,7.71,7.68,7.68,18000,138550.00
2016/05/03,7.68,7.68,7.67,7.67,25000,191920.00
2016/05/04,7.67,7.70,7.65,7.70,32000,245400.00
2016/05/05,7.70,7.70,7.65,7.65,27000,207200.00
2016/05/06,7.65,7.65,7.65,7.65,2000,15300.00
2016/05/09,7.65,7.73,7.65,7.73,6000,45980.00
2016/05/10,7.73,7.73,7.73,7.73,1000,7730.00
2016/05/11,7.73,7.73,7.66,7.66,16000,122630.00
2016/05/12,7.66,7.66,7.65,7.65,22000,168330.00
2016/05/13,7.65,7.65,7.63,7.63,38000,290360.00
2016/05/16,7.60,7.60,7.58,7.58,7000,53160.00
2016/05/17,7.58,7.58,7.50,7.55,12000,90550.00
2016/05/18,7.05,7.49,6.98,7.49,158000,1113870.00
2016/05/19,7.40,7.40,7.40,7.40,3000,22200.00
2016/05/20,7.40,7.40,7.40,7.40,3000,22200.00
2016/05/23,7.40,7.45,7.40,7.45,9000,66910.00
2016/05/24,7.44,7.44,7.44,7.44,12000,89280.00
2016/05/25,7.44,7.44,7.44,7.44,1000,7440.00
2016/05/26,7.44,7.44,7.44,7.44,9000,66960.00
2016/05/27,7.44,7.44,7.44,7.44,9000,66960.00
2016/05/30,7.44,7.44,7.44,7.44,13000,96720.00
2016/05/31,7.40,7.40,7.40,7.40,3000,22200.00
2016/06/01,7.41,7.41,7.41,7.41,1000,7410.00
2016/06/03,7.41,7.41,7.41,7.41,6000,44460.00
2016/06/07,7.40,7.40,7.38,7.38,17000,125650.00
2016/06/13,7.38,7.38,7.36,7.36,8000,58980.00
2016/06/14,7.36,7.36,7.35,7.35,12000,88260.00
2016/06/21,7.36,7.36,7.36,7.36,3000,22080.00
2016/06/22,7.36,7.36,7.36,7.36,9000,66240.00
2016/06/23,7.36,7.36,7.36,7.36,18000,132480.00
2016/06/28,7.36,7.36,7.30,7.30,22000,161380.00
2016/09/05,7.40,7.57,7.40,7.56,40000,298390.00
2016/09/06,7.56,7.60,7.56,7.60,5000,37880.00
2016/09/08,7.70,7.71,7.70,7.71,3000,23110.00
2016/09/09,7.71,7.86,7.46,7.86,26000,200130.00
2016/09/13,7.91,7.91,7.64,7.64,12000,94380.00
2016/09/14,8.00,8.00,7.90,7.90,7000,55850.00
2016/09/19,7.95,8.04,7.95,8.04,21000,168610.00
2016/09/20,8.00,8.00,7.80,7.80,12000,94000.00
2016/09/21,7.90,7.99,7.90,7.99,10000,79180.00
2016/09/27,8.00,8.00,8.00,8.00,7000,56000.00
2016/09/29,8.00,8.00,8.00,8.00,5000,40000.00
2016/09/30,8.00,8.00,8.00,8.00,2000,16000.00
2016/10/10,7.96,7.96,7.96,7.96,3000,23880.00
2016/10/12,8.00,8.00,8.00,8.00,6000,48000.00
2016/10/13,8.00,8.00,8.00,8.00,6000,48000.00
2016/10/14,8.00,8.20,8.00,8.20,14000,114000.00
2016/10/17,8.20,8.20,8.20,8.20,3000,24600.00
2016/10/18,8.20,8.20,8.10,8.10,3000,24500.00
2016/10/21,8.14,8.14,8.14,8.14,3000,24420.00
2016/10/24,8.31,8.31,8.31,8.31,6000,49860.00
2016/10/26,8.36,8.40,8.36,8.40,14000,117280.00
2016/10/27,8.36,8.36,8.28,8.28,6000,50000.00
2016/10/28,8.30,8.30,8.30,8.30,5000,41500.00
2016/10/31,8.00,8.42,8.00,8.42,19000,157520.00
2016/11/01,8.46,8.56,8.46,8.56,22000,186900.00
2016/11/02,8.57,8.57,8.57,8.57,10000,85700.00
2016/11/03,8.70,8.79,8.70,8.79,16000,139610.00
2016/11/04,8.79,8.80,8.79,8.80,5000,43970.00
2016/11/07,8.80,8.84,8.80,8.84,4000,35250.00
2016/11/08,8.84,9.08,8.84,9.08,21000,189470.00
2016/11/14,9.20,9.21,9.20,9.21,9000,82850.00
2016/11/16,9.29,9.32,9.29,9.32,7000,65130.00
2016/11/17,9.40,9.47,9.40,9.47,10000,94390.00
2016/11/22,9.66,9.68,9.66,9.68,7000,67700.00
2016/11/23,9.36,9.45,9.36,9.37,75000,702850.00
2016/12/07,9.36,9.72,9.30,9.72,13000,124230.00
2016/12/08,9.59,9.60,9.59,9.60,3000,28780.00
2016/12/09,9.56,9.73,9.56,9.73,18000,173390.00
2016/12/12,9.70,9.70,9.70,9.70,4000,38800.00
2016/12/13,9.70,9.85,9.70,9.83,5000,48940.00
2016/12/14,9.83,9.83,9.83,9.83,1000,9830.00
2016/12/15,9.80,9.84,9.80,9.84,2000,19640.00
2016/12/16,9.85,9.86,9.85,9.86,12000,118220.00
2016/12/19,9.87,9.87,9.87,9.87,20000,197400.00
2016/12/20,9.85,9.85,9.85,9.85,4000,39400.00
2017/03/06,6.00,11.00,6.00,8.25,823000,6788000.00
2017/03/07,11.00,11.00,11.00,11.00,12000,132000.00
2017/03/08,8.50,10.22,8.50,8.51,1306000,11111320.00
2017/03/09,10.00,10.06,10.00,10.02,4000,40060.00
2017/03/10,10.12,12.22,10.12,12.00,43000,498290.00
2017/03/13,8.50,13.33,8.50,12.75,1032000,8884210.00
2017/03/14,8.50,13.33,8.50,13.00,1004000,8552330.00
2017/03/15,12.50,13.50,12.50,13.42,6000,78960.00
2017/03/16,8.50,13.77,8.50,8.51,1001000,8513770.00
2017/03/17,14.44,14.44,14.40,14.42,2000,28840.00
2017/03/21,14.00,14.00,14.00,14.00,5000,70000.00
2017/03/24,13.50,13.50,13.50,13.50,4000,54000.00
2017/03/28,13.37,13.37,13.37,13.37,18000,240660.00
2017/03/31,14.44,14.44,14.44,14.44,3000,43320.00
2017/04/05,14.44,14.44,14.44,14.44,1000,14440.00
2017/04/07,12.22,14.44,12.22,13.59,42000,570650.00
2017/04/10,14.44,14.44,14.40,14.44,61000,880800.00
2017/04/11,13.80,14.44,11.50,11.80,325000,4014490.00
2017/04/12,11.00,12.02,11.00,11.73,123000,1443000.00
2017/04/13,12.00,13.00,12.00,12.33,33000,407000.00
2017/04/14,12.50,13.33,11.00,12.79,1266000,14077980.00
2017/04/17,13.00,13.00,12.60,12.80,37000,474000.00
2017/04/18,11.00,12.80,11.00,11.56,210000,2427390.00
2017/04/19,12.50,12.90,12.50,12.60,26000,330280.00
2017/04/20,13.00,14.44,13.00,13.68,28000,383000.00
2017/04/21,14.05,14.05,14.05,14.05,4000,56200.00
2017/04/24,14.00,14.00,13.80,13.93,88000,1226040.00
2017/04/25,14.00,14.00,13.50,13.51,36000,486500.00
2017/04/26,14.90,15.55,14.44,15.06,25000,376420.00
2017/04/27,15.10,15.50,8.50,15.50,162000,1460600.00
2017/05/12,14.00,15.50,14.00,14.80,43000,636480.00
2017/05/15,15.55,16.40,14.00,16.40,25000,374650.00
2018/07/02,5.79,5.79,5.79,5.79,2000,11580.00
2018/07/03,4.43,4.43,4.43,4.43,30000,132900.00
2018/07/04,3.99,3.99,3.99,3.99,71000,283290.00
2018/07/05,3.80,3.80,3.80,3.80,16000,60800.00
2018/07/06,4.00,4.00,4.00,4.00,8000,32000.00
2018/07/09,4.00,4.00,4.00,4.00,3000,12000.00
2018/07/10,3.83,3.83,3.83,3.83,5000,19150.00
2018/07/11,3.84,3.84,3.84,3.84,36000,138240.00
2018/07/12,4.40,4.40,4.40,4.40,2000,8800.00
2018/07/13,4.70,4.70,4.70,4.70,23000,108100.00
2018/07/16,5.00,5.00,5.00,5.00,24000,120000.00
2018/07/17,4.76,4.76,4.76,4.76,4000,19040.00
2018/07/18,4.99,4.99,4.99,4.99,6000,29940.00
2018/07/19,4.70,4.70,4.70,4.70,5000,23500.00
2018/07/20,4.70,4.70,4.70,4.70,5000,23500.00
2018/07/24,4.70,4.70,4.70,4.70,2000,9400.00
2018/07/25,4.70,4.70,4.70,4.70,6000,28200.00
2018/07/26,4.80,4.80,4.80,4.80,2000,9600.00
2018/08/01,4.65,4.65,4.65,4.65,2000,9300.00
2018/08/02,4.65,4.65,4.65,4.65,7000,32550.00
2018/08/06,4.65,4.65,4.65,4.65,1000,4650.00
2018/08/09,4.80,4.80,4.80,4.80,3000,14400.00
2018/08/10,4.80,4.80,4.80,4.80,2000,9600.00
2018/08/14,4.80,4.80,4.80,4.80,3000,14400.00
2018/08/16,4.79,4.79,4.79,4.79,3000,14370.00
2018/08/21,4.77,4.77,4.77,4.77,3000,14310.00
2018/08/22,4.75,4.75,4.75,4.75,5000,23750.00
2018/08/24,4.74,4.74,4.74,4.74,7000,33180.00
2018/08/27,4.74,4.74,4.74,4.74,8000,37920.00
2018/08/28,4.74,4.74,4.74,4.74,7000,33180.00
2018/08/31,4.74,4.74,4.74,4.74,3000,14220.00
2018/09/03,4.68,4.68,4.68,4.68,3000,14040.00
2018/09/11,4.68,4.68,4.68,4.68,5000,23400.00
2018/09/18,4.65,4.65,4.65,4.65,6000,27900.00
2018/09/19,4.62,4.62,4.62,4.62,6000,27720.00
2018/09/21,4.58,4.58,4.58,4.58,3000,13740.00
2018/09/27,4.58,4.58,4.58,4.58,7000,32060.00
2018/12/21,4.58,4.58,4.58,4.58,1000,4280.00
2018/12/26,4.58,4.58,4.58,4.58,8000,34240.00
2019/01/03,4.55,4.55,4.55,4.55,4000,17000.00
2019/01/04,4.55,4.55,4.55,4.55,6000,25500.00
2019/01/09,4.50,4.50,4.50,4.50,8000,33600.00
2019/01/15,4.52,4.52,4.52,4.52,3000,12660.00
2019/01/21,4.52,4.52,4.52,4.52,3000,12660.00
2019/01/23,4.52,4.52,4.52,4.52,3000,12660.00
2019/01/30,4.50,4.50,4.50,4.50,11000,46200.00
2019/01/31,4.48,4.48,4.48,4.48,7000,29260.00
2019/02/01,4.50,4.50,4.50,4.50,4000,16800.00
2019/02/13,4.50,4.50,4.50,4.50,1000,4200.00
2019/02/15,4.50,4.50,4.50,4.50,3000,12600.00
2019/02/27,4.50,4.50,4.50,4.50,2000,8400.00
2019/03/04,4.50,4.50,4.50,4.50,3000,12600.00
2019/03/05,4.50,4.50,4.50,4.50,2000,8400.00
2019/03/08,4.50,4.50,4.50,4.50,6000,25200.00
2019/03/12,4.79,4.79,4.79,4.79,1000,4490.00
2019/03/18,4.79,4.79,4.79,4.79,2000,8980.00
2019/03/25,4.79,4.79,4.79,4.79,5000,22450.00
2019/04/09,4.79,4.79,4.79,4.79,5000,22450.00
2019/04/23,4.80,4.80,4.80,4.80,17000,76500.00
2019/04/26,5.30,5.30,5.30,5.30,6000,30000.00
2019/05/07,4.60,4.60,4.60,4.60,1000,4300.00
2019/05/24,6.18,6.18,6.18,6.18,1000,5880.00
2019/06/26,5.90,5.90,5.90,5.90,1000,5600.00
2019/06/27,6.31,6.31,6.31,6.31,7000,42070.00
2019/06/28,5.30,5.30,5.30,5.30,7000,35000.00
2019/07/18,6.48,6.48,6.48,6.48,1000,5880.00
2019/07/24,6.48,6.48,6.48,6.48,5000,29400.00
2019/07/26,6.48,6.48,6.48,6.48,3000,17640.00
2019/07/29,6.46,6.46,6.46,6.46,6000,35160.00
2019/07/31,6.46,6.46,6.46,6.46,6000,35160.00
2019/08/07,6.20,6.20,6.20,6.20,6000,33600.00
2019/08/08,6.20,6.20,6.20,6.20,6000,33600.00
2019/08/09,6.19,6.19,6.19,6.19,6000,33540.00
2019/08/12,5.80,5.80,5.80,5.80,4000,20800.00
2019/08/14,5.80,5.80,5.80,5.80,2000,10400.00
2019/08/19,5.80,5.80,5.80,5.80,5000,26000.00
2019/08/23,5.75,5.75,5.75,5.75,5000,25750.00
2019/09/03,5.40,5.40,5.40,5.40,24000,115200.00
2019/09/10,5.50,5.50,5.50,5.50,11000,53900.00
2019/09/24,5.45,5.45,5.45,5.45,7000,33950.00
2019/09/27,4.70,4.70,4.70,4.70,1000,4100.00
2019/10/15,4.70,4.70,4.70,4.70,1000,4100.00
2019/10/28,4.70,4.70,4.70,4.70,7000,28700.00
2019/12/26,4.10,4.10,4.10,4.10,1000,3500.00
2019/12/27,3.90,3.90,3.90,3.90,2000,6600.00
2019/12/30,3.90,3.90,3.90,3.90,2000,6600.00
2019/12/31,3.90,4.00,3.90,4.00,6000,20100.00
2020/01/03,5.53,5.53,5.53,5.53,1000,4930.00
2020/03/09,5.53,5.54,5.53,5.54,5000,24670.00
2020/03/10,5.60,5.80,5.60,5.80,5000,25600.00
2020/04/07,5.80,5.80,5.76,5.76,19700,101852.00
2020/04/08,5.76,5.76,5.72,5.72,7000,36076.00
2020/04/10,5.50,5.50,5.50,5.50,1100,5390.00
2020/04/14,5.59,5.59,5.59,5.59,3900,19461.00
2020/04/16,5.60,5.60,5.60,5.60,300,1500.00
2020/04/22,5.55,5.55,5.55,5.55,4000,19800.00
2020/05/12,5.60,5.60,5.60,5.60,10700,53725.00
2020/05/13,5.14,5.14,5.14,5.14,10000,45400.00
2020/05/14,5.15,5.20,5.15,5.20,48000,219820.20
2020/05/15,5.15,5.15,5.15,5.15,26200,119460.25
2020/05/18,5.16,5.16,5.16,5.16,20000,91200.00
2020/05/19,5.60,5.60,5.60,5.60,20000,100000.00
2020/05/20,5.60,5.60,5.60,5.60,10000,50000.00
2020/05/21,5.66,5.66,5.66,5.66,22000,111320.00
2020/05/22,5.65,5.65,5.65,5.65,30000,151500.00
2020/06/02,5.80,5.82,5.80,5.82,20000,104134.00
2020/06/05,6.60,6.60,6.60,6.60,1000,6000.00
2020/06/10,6.60,6.60,6.60,6.60,19000,114000.00
2020/06/11,6.60,6.60,6.60,6.60,24000,144000.00
2020/06/12,6.10,6.60,6.10,6.60,30000,172500.00
2020/06/16,6.60,6.60,6.40,6.40,21700,125880.00
2020/06/18,6.40,6.40,6.40,6.40,3300,19140.00
2020/06/23,6.40,6.40,6.40,6.40,16400,95120.00
2020/06/30,5.60,5.70,5.60,5.70,29000,146050.00
2020/07/03,5.75,6.21,5.75,6.21,26500,145074.00
2020/07/07,6.60,6.60,6.60,6.60,14300,85800.00
2020/07/09,6.60,6.60,6.60,6.60,4200,25200.00
2020/07/10,6.60,6.60,6.60,6.60,3200,19200.00
2020/07/13,6.60,6.60,6.60,6.60,8300,50190.00
2020/07/14,5.75,5.75,5.75,5.75,100,515.00
2020/07/15,5.75,5.75,5.75,5.75,100000,380000.00
2020/07/16,8.78,8.78,8.78,8.78,100,818.00
2020/07/27,6.60,6.60,6.60,6.60,4500,27000.00
2020/07/29,7.10,7.10,7.10,7.10,1000,6500.00
2020/08/03,5.76,5.76,5.76,5.76,100,516.00
2020/08/04,5.60,5.62,5.60,5.62,20000,100080.00
2020/08/05,5.77,5.77,5.77,5.77,4000,20680.00
2020/08/11,6.60,6.60,6.48,6.48,3400,20129.64
2020/08/12,6.48,6.48,6.48,6.48,800,4704.00
2020/08/13,6.53,6.53,6.53,6.53,1800,10650.28
2020/08/25,7.08,7.08,7.08,7.08,1000,6480.00
2020/08/26,7.08,7.08,6.98,6.98,2800,17913.10
2020/09/04,6.60,6.61,6.60,6.60,25100,150870.00
2020/09/07,6.98,6.98,6.98,6.98,1000,6380.00
2020/09/16,6.60,6.60,6.60,6.60,31000,186000.00
2020/09/18,5.61,5.61,5.61,5.61,100,501.00
2020/09/24,6.60,6.60,6.60,6.60,77000,462000.00
2020/09/25,5.62,5.62,5.62,5.62,100,502.00
2020/09/29,6.50,7.10,6.50,7.10,18700,118308.00
2021/08/20,7.78,8.39,7.65,8.17,6065700,44738308.00
2021/08/23,8.14,9.05,8.10,8.95,2787800,22381272.00
2021/08/24,8.93,9.68,8.88,9.58,2046700,18113442.00
2021/08/25,9.57,9.68,9.09,9.50,1321400,11656989.00
2021/08/26,9.32,9.67,9.32,9.48,690000,6179713.00
2021/08/27,9.37,9.59,8.99,9.16,541300,4685852.50
2021/08/30,9.00,9.25,8.72,8.93,911800,7626752.00
2021/08/31,8.99,9.25,8.99,9.21,655000,5591011.50
2021/09/01,9.25,9.67,9.23,9.66,689700,6170634.50
2021/09/02,9.66,11.10,9.66,11.10,1152500,11570042.00
2021/09/03,14.25,14.25,12.60,14.25,4514200,59898388.00
2021/09/06,15.72,18.34,15.60,18.34,2899100,48527196.00
2021/09/07,22.15,23.58,20.10,21.59,3972700,84448120.00
2021/09/08,20.61,27.28,19.37,25.20,3430600,74719512.00
2021/09/09,23.59,28.60,23.58,25.80,3335400,85225512.00
2021/09/10,26.22,27.60,23.58,26.20,2909200,72385496.00
2021/09/13,26.60,26.60,23.60,23.62,1693800,40899864.00
2021/09/14,23.78,24.40,22.60,23.20,1332000,30309318.00
2021/09/15,23.20,23.57,21.31,21.60,1454200,31775352.00
2021/09/16,21.90,21.90,20.20,20.42,950100,19153506.00
2021/09/17,20.72,26.36,20.40,26.36,2612600,61527932.00
2021/09/22,29.10,33.60,28.60,32.10,2762500,84585120.00
2021/09/23,32.08,32.08,29.10,30.11,1772600,52309960.00
2021/09/24,30.20,33.48,30.10,31.72,1491700,46922852.00
2021/09/27,32.29,32.48,28.72,31.94,1102100,33190936.00
2021/09/28,31.88,32.59,30.71,31.00,739500,22891406.00
2021/09/29,30.00,32.10,29.50,31.38,687900,20987990.00
2021/09/30,30.75,33.58,30.33,32.42,1061300,33308448.00
2021/10/08,31.80,31.80,25.60,27.02,1446100,40148760.00
2021/10/11,27.01,29.59,27.01,28.00,496400,13675520.00
2021/10/12,28.00,28.58,24.84,26.35,495800,12926021.00
2021/10/13,26.61,28.10,26.61,27.50,689300,18587178.00
2021/10/14,28.90,28.99,27.60,27.95,518600,14252045.00
2021/10/15,28.34,29.59,27.73,29.43,546100,15510491.00
2021/10/18,29.40,29.91,28.80,29.70,311800,8939604.00
2021/10/19,30.09,30.18,29.10,29.35,403300,11610864.00
2021/10/20,28.60,29.40,28.42,28.60,642700,18088288.00
2021/10/21,28.89,28.98,27.60,27.86,585500,16288724.00
2021/10/22,28.30,28.30,27.09,27.13,388400,10442054.00
2021/10/25,26.80,28.40,26.62,27.75,258400,6989712.00
2021/10/26,28.06,28.06,25.82,26.59,506000,13224371.00
2021/10/27,26.11,26.90,24.62,25.48,414000,10246355.00
2021/10/28,25.91,27.91,25.15,26.60,421500,10820504.00
2021/10/29,26.16,28.60,26.16,28.37,569500,15553891.00
2021/11/01,30.58,32.08,29.20,29.28,1270700,37566480.00
2021/11/02,29.80,29.80,27.70,27.76,533600,14848274.00
2021/11/03,28.10,28.40,27.46,27.75,548200,14856386.00
2021/11/04,27.87,29.29,27.75,28.74,614700,17233766.00
2021/11/05,29.00,29.30,28.11,28.40,460300,12830261.00
2021/11/08,29.25,30.38,28.43,29.59,885500,25508898.00
2021/11/09,29.60,30.29,28.83,29.16,505600,14534707.00
2021/11/10,29.13,29.17,28.36,28.69,423500,11857116.00
2021/11/11,29.37,30.00,28.70,29.36,724100,20738920.00
2021/11/12,28.75,33.40,28.75,31.60,1654300,50309320.00
2021/11/15,33.60,34.63,28.65,28.68,2542900,77146176.00
2021/11/16,28.55,28.55,24.67,25.68,1713600,43614620.00
2021/11/17,26.35,26.36,24.72,24.98,862100,21083178.00
2021/11/18,24.81,25.29,24.64,24.72,468200,11389543.00
2021/11/19,24.73,24.89,23.16,23.76,769000,17749776.00
2021/11/22,24.02,25.63,24.02,25.50,793900,19557584.00
2021/11/23,25.62,27.26,25.62,26.22,1086300,28042442.00
2021/11/24,26.25,26.25,25.15,25.46,632700,15803223.00
2021/11/25,25.50,26.10,24.60,24.77,553900,13567949.00
2021/11/26,24.77,24.77,23.60,23.99,551900,12878157.00
2021/11/29,23.56,24.10,23.01,23.08,557400,12753310.00
2021/11/30,23.70,23.73,22.50,22.65,412900,9170691.00
2021/12/01,23.02,23.02,22.40,22.59,209200,4596671.00
2021/12/02,22.83,23.22,22.40,22.60,376600,8355481.50
2021/12/03,23.27,23.27,21.60,22.81,473200,10294312.00
2021/12/06,23.60,23.60,21.18,21.51,621000,13276155.00
2021/12/07,21.09,22.20,19.80,20.30,599700,11912974.00
2021/12/08,20.30,22.53,20.16,21.42,608400,12737238.00
2021/12/09,21.18,21.53,20.62,20.76,377400,7650708.50
2021/12/10,20.76,20.83,20.50,20.54,222800,4461136.50
2021/12/13,20.60,20.84,20.05,20.75,495300,9777004.00
2021/12/14,21.22,21.24,20.39,21.08,318900,6528056.00
2021/12/15,21.10,21.10,20.61,20.70,206600,4164950.25
2021/12/16,20.61,20.96,20.45,20.58,237800,4765967.50
2021/12/17,20.98,20.98,19.66,19.72,666000,12916695.00
2021/12/20,20.16,20.16,19.10,19.62,430900,8144517.50
2021/12/21,19.88,19.88,19.21,19.26,196600,3681363.00
2021/12/22,19.26,19.56,19.05,19.21,176500,3293832.75
2021/12/23,19.10,19.11,18.47,18.63,409000,7428782.50
2021/12/24,18.61,18.80,18.17,18.31,228700,4077945.25
2021/12/27,18.35,19.53,18.19,18.92,615800,11357143.00
2021/12/28,19.59,22.64,19.11,22.47,1955100,39245024.00
2021/12/29,21.95,22.92,21.40,22.57,1009700,21727704.00
2021/12/30,22.48,24.46,21.87,23.38,1398100,32029792.00
2021/12/31,23.39,24.00,22.55,23.14,1151800,26030156.00
2022/01/04,23.10,23.12,21.16,22.10,962500,20419980.00
2022/01/05,21.68,22.17,21.25,21.39,429500,9043747.00
2022/01/06,21.36,21.90,20.67,21.40,423400,8635911.00
2022/01/07,21.40,21.43,20.61,20.79,274700,5598897.00
2022/01/10,20.57,20.99,20.56,20.91,206247,4163507.75
2022/01/11,20.74,20.94,20.46,20.51,154519,3105430.75
2022/01/12,20.51,20.68,19.96,20.24,455053,8927351.00
2022/01/13,19.90,21.12,19.65,19.73,448648,8680097.00
2022/01/14,19.63,19.98,18.93,18.93,503007,9350014.00
2022/01/17,18.96,19.10,18.42,18.88,1349317,24418622.00
2022/01/18,18.70,21.36,18.65,20.28,1563534,30913146.00
2022/01/19,20.40,20.60,19.48,19.91,830301,15952152.00
2022/01/20,19.64,21.40,19.41,20.55,1284110,25538670.00
2022/01/21,20.20,21.08,20.12,20.20,622564,12419230.00
2022/01/24,20.15,20.16,18.84,19.11,388926,7396042.50
2022/01/25,19.37,19.59,18.46,18.49,504380,9195067.00
2022/01/26,18.66,19.35,18.61,18.65,718960,13189710.00
2022/01/27,19.06,19.09,18.03,18.05,538916,9518859.00
2022/01/28,18.47,18.47,18.00,18.12,324130,5711695.00
2022/02/07,18.44,19.17,18.13,19.02,593870,10831863.00
2022/02/08,19.13,19.13,18.55,18.96,443667,8053565.50
2022/02/09,19.08,21.48,18.81,20.02,1216009,23995808.00
2022/02/10,20.02,20.03,19.26,19.65,824713,15723530.00
2022/02/11,19.75,19.75,18.53,18.78,644569,11762427.00
2022/02/14,18.48,19.56,18.48,18.98,536605,10002377.00
2022/02/15,18.99,18.99,18.48,18.66,455672,8241867.00
2022/02/16,18.73,19.09,18.69,18.82,250054,4555238.00
2022/02/17,19.03,19.03,18.42,18.55,320173,5769411.00
2022/02/18,18.11,18.89,18.11,18.49,244116,4355641.50
2022/02/21,18.49,18.49,18.21,18.29,401880,7121396.00
2022/02/22,18.13,18.32,17.78,17.94,302523,5247570.00
2022/02/23,17.80,18.20,17.76,17.90,578048,9968814.00
2022/02/24,17.93,17.97,17.13,17.41,596949,10133233.00
2022/02/25,17.48,17.93,17.32,17.41,367593,6259932.00
2022/02/28,17.41,17.41,16.64,16.67,718633,11643066.00
2022/03/01,17.25,17.25,16.78,16.89,210507,3420419.00
2022/03/02,16.70,16.76,16.27,16.27,462264,7353305.50
2022/03/03,16.54,16.79,16.38,16.43,321805,5123269.00
2022/03/04,16.68,16.68,16.18,16.21,440001,6957468.50
2022/03/07,16.25,16.30,15.56,15.65,729520,11057034.00
2022/03/08,15.75,16.27,15.59,15.61,620624,9503400.00
2022/03/09,15.77,15.97,14.88,15.38,341760,5051984.00
2022/03/10,15.78,16.14,15.28,15.37,359498,5327530.00
2022/03/11,15.20,15.39,14.61,15.36,446553,6378258.00
2022/03/14,15.60,15.60,14.61,14.63,394573,5612537.00
2022/03/15,14.61,15.09,13.49,13.50,554468,7382347.00
2022/03/16,13.89,13.93,12.85,13.51,603591,7689818.00
2022/03/17,13.61,15.09,13.54,14.35,1091032,15045947.00
2022/03/18,14.45,14.78,14.13,14.28,528776,7282513.50
2022/03/21,14.28,14.28,13.61,13.87,519714,6907525.00
2022/03/22,13.90,13.90,13.61,13.71,268938,3532645.50
2022/03/23,13.61,13.77,13.60,13.74,258340,3379338.75
2022/03/24,13.62,13.75,13.30,13.46,286303,3690942.75
2022/03/25,13.36,13.49,13.10,13.18,219524,2778319.00
2022/03/28,13.18,13.18,12.90,13.08,151789,1894753.88
2022/03/29,13.24,13.50,12.99,13.28,333235,4222457.50
2022/03/30,13.26,13.45,13.26,13.40,191543,2449696.50
2022/03/31,13.56,13.76,13.35,13.69,294257,3811961.50
2022/04/01,13.56,14.53,13.56,14.24,776300,10600678.00
2022/04/06,14.55,14.55,14.12,14.25,346044,4726456.50
2022/04/07,14.21,14.32,13.66,13.83,229416,3063154.75
2022/04/08,14.05,14.05,13.54,13.54,215553,2823970.25
2022/04/11,13.52,13.58,12.88,13.06,444162,5534868.50
2022/04/12,13.05,13.34,12.81,13.29,220544,2741322.50
2022/04/13,13.15,13.31,12.86,13.10,178017,2217761.00
2022/04/14,13.00,13.19,13.00,13.14,221545,2770968.75
2022/04/15,13.10,13.10,12.85,12.94,209507,2585800.25
2022/04/18,12.82,12.89,12.63,12.88,157531,1915914.25
2022/04/19,12.90,12.99,12.68,12.82,101495,1236562.25
2022/04/20,12.80,12.83,12.62,12.75,150910,1827819.50
2022/04/21,12.75,12.76,12.26,12.36,224211,2663920.75
2022/04/22,12.38,12.38,12.12,12.35,160535,1875615.50
2022/04/25,12.36,12.36,11.54,11.60,341232,3816778.00
2022/04/26,11.45,11.48,10.71,10.74,636250,6579762.00
2022/04/27,10.70,10.83,10.39,10.83,283718,2826769.50
2022/04/28,10.74,10.93,10.60,10.60,191084,1926934.00
2022/04/29,10.82,11.28,10.66,11.11,381481,3981768.00
2022/05/05,11.15,11.47,11.10,11.29,374901,3987009.25
2022/05/06,11.29,11.29,10.81,10.93,246033,2547319.75
2022/05/09,10.88,10.98,10.50,10.95,339205,3443729.25
2022/05/10,10.80,11.10,10.79,11.09,188993,1950667.88
2022/05/11,11.02,11.54,11.02,11.36,456886,4933074.00
2022/05/12,11.41,11.70,11.34,11.43,217929,2375174.00
2022/05/13,11.49,12.60,11.30,12.13,477264,5374950.00
2022/05/16,12.13,12.47,12.00,12.14,273456,3181662.75
2022/05/17,12.06,12.10,11.83,11.92,153574,1745149.00
2022/05/18,12.05,12.19,11.93,11.97,122608,1400478.38
2022/05/19,11.87,12.00,11.75,11.93,184414,2078809.25
2022/05/20,11.93,12.40,11.93,12.26,183470,2139439.50
2022/05/23,12.29,12.49,12.08,12.31,137895,1615024.75
2022/05/24,12.39,12.39,12.04,12.08,258155,2982711.25
2022/05/25,12.08,12.45,12.03,12.27,210325,2441913.25
2022/05/26,12.37,12.42,12.16,12.37,119703,1401153.13
2022/05/27,12.33,12.38,12.31,12.36,189844,2228665.50
2022/05/30,12.50,12.50,12.22,12.30,153070,1721819.50
2022/05/31,12.17,12.41,12.15,12.32,49173,553675.75
2022/06/01,12.40,12.44,12.25,12.32,83893,944268.06
2022/06/02,12.37,12.45,12.27,12.45,130170,1469479.88
2022/06/06,12.51,12.84,12.34,12.72,230839,2673369.50
2022/06/07,12.82,12.82,12.61,12.73,95761,1113396.25
2022/06/08,12.74,12.74,12.45,12.57,105209,1211343.38
2022/06/09,12.50,12.64,12.27,12.43,74274,843798.94
2022/06/10,11.85,12.57,11.85,12.34,147350,1652524.25
2022/06/13,12.16,12.30,12.05,12.23,114803,1279589.38
2022/06/14,12.33,12.34,12.05,12.23,95140,1055211.13
2022/06/15,12.22,12.49,12.09,12.33,209674,2367499.50
2022/06/16,12.23,12.34,12.18,12.30,51076,571940.13
2022/06/17,12.24,12.32,12.11,12.19,164462,1829242.25
2022/06/20,12.09,12.40,12.08,12.14,145742,1620984.00
2022/06/21,12.24,12.24,12.06,12.11,115526,1278378.25
2022/06/22,12.06,12.16,11.88,12.07,91957,1007634.19
2022/06/23,11.95,12.13,11.92,12.05,81565,892134.38
2022/06/24,12.00,12.06,11.95,12.05,83592,917070.25
2022/06/27,12.05,12.48,11.97,12.47,558850,6229385.00
2022/06/28,12.63,13.93,12.40,13.73,1204618,14668473.00
2022/06/29,13.65,14.39,13.40,13.55,919261,11875259.00
2022/06/30,13.57,13.57,13.06,13.30,528559,6443386.50
2022/07/01,13.30,13.32,13.08,13.31,163238,1984828.13
2022/07/04,13.31,13.31,12.92,12.99,239834,2875272.50
2022/07/05,13.15,13.15,12.65,12.75,197326,2314263.00
2022/07/06,12.89,12.90,12.60,12.63,83222,969908.06
2022/07/07,12.78,12.78,12.59,12.66,120127,1394648.63
2022/07/08,12.83,12.83,12.58,12.69,60515,701818.75
2022/07/11,12.64,12.71,12.46,12.53,152336,1753115.13
2022/07/12,12.42,12.63,12.38,12.42,100735,1150436.63
2022/07/13,12.42,12.49,12.25,12.42,103100,1165132.00
2022/07/14,12.32,13.02,12.32,12.53,106343,1223789.00
2022/07/15,12.60,12.69,12.35,12.41,121031,1378341.50
2022/07/18,12.40,12.44,12.23,12.32,96658,1085035.38
2022/07/19,12.34,12.37,12.15,12.31,108608,1213325.00
2022/07/20,12.35,12.43,12.20,12.32,135021,1519136.50
2022/07/21,12.18,12.29,12.17,12.27,165775,1848639.63
2022/07/22,12.20,12.33,12.19,12.33,104172,1165164.88
2022/07/25,12.22,12.30,12.03,12.16,107944,1191563.75
2022/07/26,12.05,12.25,11.88,12.25,152329,1678905.38
2022/07/27,12.12,12.34,12.12,12.29,99957,1117196.63
2022/07/28,12.18,12.59,12.15,12.57,319184,3646697.25
2022/07/29,12.72,12.77,12.48,12.55,112366,1301577.13
2022/08/01,12.68,12.68,12.44,12.57,150252,1727468.63
2022/08/02,12.57,12.57,11.91,12.20,129366,1430644.13
2022/08/03,12.00,12.21,11.85,12.12,156143,1708605.13
2022/08/04,12.25,12.25,11.99,12.13,57916,638099.75
2022/08/05,12.18,12.18,11.97,12.14,109524,1206526.25
2022/08/08,12.40,12.40,11.98,12.05,115083,1268098.50
2022/08/09,12.01,12.05,11.84,11.97,203311,2205339.50
2022/08/10,11.86,11.90,11.75,11.84,172384,1852880.13
2022/08/11,11.77,12.01,11.77,12.00,164059,1791253.13
2022/08/12,12.00,12.00,11.88,11.96,117609,1278129.63
2022/08/15,12.12,12.12,11.87,11.97,125459,1370460.38
2022/08/16,11.89,12.03,11.89,11.99,112395,1224193.63
2022/08/17,11.99,12.02,11.89,11.99,66889,728633.00
2022/08/18,11.90,11.90,11.80,11.85,104936,1131366.00
2022/08/19,11.76,11.85,11.75,11.75,45860,492619.69
2022/08/22,11.74,11.77,11.54,11.77,143499,1521314.50
2022/08/23,11.77,11.77,11.60,11.67,170979,1813344.50
2022/08/24,11.65,11.65,11.39,11.43,133738,1392842.25
2022/08/25,11.44,11.70,11.25,11.38,111836,1149165.38
2022/08/26,11.42,11.42,11.30,11.38,62605,644655.13
2022/08/29,11.31,11.45,11.25,11.37,39059,401534.34
2022/08/30,11.27,11.34,11.20,11.34,69459,709169.13
2022/08/31,11.33,11.54,11.15,11.34,98532,1004751.88
2022/09/01,11.34,11.41,11.22,11.33,78772,803981.81
2022/09/02,11.09,11.31,11.08,11.14,34040,344601.91
2022/09/05,11.40,11.40,11.10,11.27,94777,974725.63
2022/09/06,11.29,11.35,11.05,11.21,136812,1383972.75
2022/09/07,11.15,11.15,10.96,11.04,133188,1332506.38
2022/09/08,10.97,10.97,10.48,10.58,445353,4285409.00
2022/09/09,10.64,10.68,10.50,10.68,108219,1031818.50
2022/09/13,10.57,10.90,10.56,10.72,91885,894330.38
2022/09/14,10.79,10.79,10.54,10.60,93272,892332.06
2022/09/15,10.69,10.70,10.35,10.46,114160,1073273.63
2022/09/16,10.37,10.74,10.25,10.44,463672,4373232.00
2022/09/19,10.41,10.42,9.90,10.04,406610,3672859.50
2022/09/20,9.97,10.08,9.92,10.04,336600,3008266.25
2022/09/21,10.08,10.98,9.93,10.71,1134454,10713833.00
2022/09/22,10.53,10.89,10.37,10.45,678182,6505593.00
2022/09/23,10.29,10.40,10.00,10.09,352024,3209640.25
2022/09/26,9.96,10.05,9.78,9.82,154806,1370480.75
2022/09/27,9.60,9.84,9.60,9.74,171048,1485151.75
2022/09/28,9.69,9.78,9.60,9.66,128139,1103661.13
2022/09/29,9.70,9.73,9.45,9.45,180879,1536390.25
2022/09/30,9.44,9.51,9.35,9.45,93105,779000.50
2022/10/10,9.48,9.48,9.21,9.30,35981,295379.63
2022/10/11,9.32,9.53,9.29,9.49,43936,365930.72
2022/10/12,9.50,9.60,9.40,9.51,69155,585377.50
2022/10/13,9.50,9.64,9.43,9.51,55163,466845.16
2022/10/14,9.50,9.73,9.45,9.71,152924,1313936.75
2022/10/17,9.61,9.83,9.60,9.75,74651,647253.38
2022/10/18,9.67,9.75,9.54,9.67,84913,729023.56
2022/10/19,9.71,9.71,9.53,9.55,67565,575645.75
2022/10/20,9.52,9.65,9.46,9.60,96538,821064.56
2022/10/21,9.53,9.63,9.53,9.63,55168,470645.88
2022/10/24,9.62,9.63,9.40,9.51,119912,1011817.63
2022/10/25,9.51,9.51,9.34,9.47,64619,537131.56
2022/10/26,9.48,9.51,9.37,9.47,58435,489839.69
2022/10/27,9.48,9.48,9.31,9.31,61122,507896.81
2022/10/28,9.31,9.35,9.16,9.16,44224,361146.91
2022/10/31,9.16,9.28,9.16,9.19,52589,429825.13
2022/11/01,9.22,9.31,9.22,9.30,64982,534250.88
2022/11/02,9.31,9.55,9.22,9.46,124612,1042387.69
2022/11/03,9.45,9.52,9.44,9.49,29301,246773.91
2022/11/04,9.55,9.58,9.43,9.53,119824,1013133.00
2022/11/07,9.65,9.93,9.65,9.65,239213,2078594.25
2022/11/08,9.65,9.69,9.57,9.65,72691,622623.50
2022/11/09,9.59,9.71,9.56,9.63,71236,611268.00
2022/11/10,9.65,9.84,9.56,9.70,213018,1843591.00
2022/11/11,9.77,10.01,9.69,9.92,321829,2831666.75
2022/11/14,10.02,10.61,10.02,10.16,578366,5348803.00
2022/11/15,10.25,10.25,10.05,10.12,288929,2615161.25
2022/11/16,10.20,10.20,10.03,10.07,94144,847425.44
2022/11/17,10.05,10.08,9.59,9.65,1272994,10941335.00
2022/11/18,9.63,9.63,9.25,9.35,731507,6135428.50
2022/11/21,9.38,9.50,9.20,9.30,986816,8194373.50
2022/11/22,9.35,9.35,8.95,9.09,973524,7876687.50
2022/11/23,8.99,9.10,8.85,9.05,558923,4406810.50
2022/11/24,9.08,9.15,9.00,9.07,271233,2177642.75
2022/11/25,9.05,9.05,8.90,8.99,2607471,18924458.00
2022/11/28,9.02,9.11,8.93,9.05,344484,2747592.00
2022/11/29,9.11,9.49,9.11,9.32,544288,4518554.50
2022/11/30,9.30,9.43,9.22,9.32,337134,2776678.75
2022/12/01,9.36,9.36,9.26,9.30,208092,1718490.88
2022/12/02,9.28,9.36,9.25,9.30,94848,780363.38
2022/12/05,9.29,9.31,9.27,9.28,105448,868829.81
2022/12/06,9.33,9.34,9.23,9.33,115577,952288.44
2022/12/07,9.28,9.40,9.28,9.30,120457,996942.38
2022/12/08,9.27,9.31,9.24,9.28,53700,440629.63
2022/12/09,9.30,9.30,9.16,9.22,138264,1131386.13
2022/12/12,9.28,9.28,9.18,9.23,151764,1238606.50
2022/12/13,9.23,9.23,9.16,9.19,97280,792233.50
2022/12/14,9.18,9.18,9.08,9.12,140594,1136880.38
2022/12/15,9.10,9.10,9.04,9.08,100387,803727.00
2022/12/16,9.04,9.07,9.00,9.05,48848,390347.56
2022/12/19,9.03,9.05,8.96,9.00,80584,640892.94
2022/12/20,8.97,9.02,8.89,8.96,72864,575912.94
2022/12/21,8.96,8.97,8.92,8.96,65288,515852.25
2022/12/22,8.93,8.97,8.88,8.88,52751,415040.38
2022/12/23,8.90,8.90,8.80,8.83,56520,440969.34
2022/12/26,8.83,8.89,8.77,8.85,73048,567282.13
2022/12/27,8.81,8.83,8.65,8.77,160457,1239713.13
2022/12/28,8.66,8.77,8.54,8.71,221133,1671963.38
2022/12/29,8.67,8.67,8.63,8.63,34891,265487.03
2022/12/30,8.67,8.75,8.64,8.69,41904,319939.56
2023/01/03,8.71,8.75,8.55,8.70,82664,628378.63
2023/01/04,8.68,8.84,8.65,8.83,107000,825758.50
2023/01/05,8.85,8.93,8.85,8.93,99551,781511.00
2023/01/06,8.94,8.94,8.88,8.92,91022,715027.69
2023/01/09,8.89,8.93,8.85,8.91,136829,1072154.00
2023/01/10,8.91,8.91,8.84,8.90,66889,522878.44
2023/01/11,8.88,8.88,8.84,8.86,87340,682547.94
2023/01/12,8.84,8.90,8.84,8.86,22992,180015.33
2023/01/13,8.87,8.88,8.80,8.86,31544,245688.77
2023/01/16,8.87,8.92,8.15,8.86,75072,587580.38
2023/01/17,8.83,8.83,8.74,8.79,70631,546176.88
2023/01/18,8.77,8.87,8.76,8.87,86159,670245.19
2023/01/19,8.87,9.12,8.87,9.09,185861,1486248.38
2023/01/20,9.09,9.14,9.09,9.12,72051,581578.31
2023/01/30,9.13,9.20,9.11,9.18,97956,792417.50
2023/01/31,9.20,10.04,9.20,9.63,1102860,9428099.00
2023/02/01,9.67,9.77,9.55,9.67,698588,5987542.50
2023/02/02,9.68,9.70,9.40,9.40,242232,2048084.88
2023/02/03,9.37,9.45,9.17,9.21,537367,4419731.00
2023/02/06,9.22,9.22,9.07,9.10,215064,1734048.00
2023/02/07,9.11,9.25,9.11,9.20,222407,1813916.38
2023/02/08,9.18,9.22,9.12,9.15,112793,914891.06
2023/02/09,9.16,9.29,9.16,9.19,229269,1876095.88
2023/02/10,9.18,9.29,9.18,9.25,132949,1090049.63
2023/02/13,9.29,9.62,9.28,9.51,654126,5502578.00
2023/02/14,9.53,9.55,9.33,9.40,469732,3936722.75
2023/02/15,9.40,9.44,9.30,9.32,169072,1402675.25
2023/02/16,9.32,9.38,9.13,9.21,352645,2901663.75
2023/02/17,9.22,9.26,9.15,9.17,104667,852908.44
2023/02/20,9.20,9.57,9.20,9.47,557654,4666762.00
2023/02/21,9.45,9.46,9.33,9.46,181674,1517689.13
2023/02/22,9.41,9.43,9.36,9.42,145308,1211566.75
2023/02/23,9.38,9.38,9.26,9.29,298125,2460494.50
2023/02/24,9.26,9.30,9.24,9.28,84353,693441.13
2023/02/27,9.29,9.29,9.16,9.24,130083,1062444.25
2023/02/28,9.19,9.25,9.16,9.24,79996,652732.00
2023/03/01,9.23,9.33,9.23,9.33,72895,599746.44
2023/03/02,9.33,9.34,9.21,9.25,176106,1447368.88
2023/03/03,9.26,9.28,9.18,9.23,124565,1019255.19
2023/03/06,9.23,9.27,9.04,9.18,160219,1298438.63
2023/03/07,9.18,9.18,9.04,9.05,153814,1237576.13
2023/03/08,9.05,9.10,9.03,9.04,110821,887483.88
2023/03/09,9.08,9.08,9.01,9.05,87643,699955.56
2023/03/10,9.05,9.05,8.86,8.93,198597,1564988.25
2023/03/13,8.93,8.96,8.87,8.93,86318,678062.81
2023/03/14,8.91,8.93,8.79,8.84,109027,849305.75
2023/03/15,8.84,8.89,8.83,8.89,63400,496108.22
2023/03/16,8.85,8.88,8.70,8.76,87310,676528.00
2023/03/17,8.76,8.84,8.76,8.83,40245,312402.47
2023/03/20,8.79,8.85,8.78,8.83,37051,287671.84
2023/03/21,8.83,8.91,8.80,8.91,47291,368138.84
2023/03/22,8.91,8.98,8.91,8.96,95421,753386.06
2023/03/23,8.97,8.97,8.86,8.91,76192,598549.50
2023/03/24,8.88,8.95,8.83,8.89,215855,1691064.63
2023/03/27,8.89,8.91,8.79,8.81,88883,691835.81
2023/03/28,8.83,8.83,8.70,8.76,167642,1292679.88
2023/03/29,8.77,8.78,8.70,8.70,58439,449442.81
2023/03/30,8.71,8.71,8.63,8.71,95277,726117.00
2023/03/31,8.68,8.73,8.65,8.71,40345,308541.13
2023/04/03,8.71,8.73,8.68,8.73,75300,576748.25
2023/04/04,8.72,8.77,8.61,8.68,79642,609192.44
2023/04/06,8.67,8.67,8.59,8.60,126790,959756.81
2023/04/07,8.59,8.69,8.59,8.66,56966,431319.28
2023/04/10,8.66,8.66,8.56,8.61,70637,532489.00
2023/04/11,8.62,8.62,8.47,8.56,99997,750935.75
2023/04/12,8.57,8.67,8.54,8.57,90175,678697.56
2023/04/13,8.57,8.59,8.39,8.55,205732,1533744.25
2023/04/14,8.51,8.61,8.42,8.51,225747,1675422.50
2023/04/17,8.51,8.55,8.40,8.54,272797,2026525.00
2023/04/18,8.54,8.55,8.39,8.43,577614,4258131.00
2023/04/19,8.43,8.45,8.32,8.36,249384,1822503.63
2023/04/20,8.36,8.39,8.32,8.35,170552,1243240.63
2023/04/21,8.35,8.37,8.20,8.24,153624,1108141.75
2023/04/24,8.21,8.37,8.20,8.29,67342,488199.88
2023/04/25,8.29,8.30,8.19,8.30,86785,625077.50
2023/04/26,8.31,8.47,8.31,8.43,156212,1148512.50
2023/04/27,8.55,8.95,8.55,8.65,2276908,17162604.00
2023/04/28,8.60,9.31,8.60,9.10,1724709,13665374.00
2023/05/04,9.09,9.59,9.09,9.43,2021217,16879216.00
2023/05/05,9.54,10.64,9.53,10.55,3772942,33744368.00
2023/05/08,10.42,11.35,10.20,10.70,3444914,33856636.00
2023/05/09,10.73,10.87,10.00,10.01,2336968,21539432.00
2023/05/10,9.89,10.08,9.55,9.79,1089555,9456733.00
2023/05/11,9.82,10.03,9.56,9.95,753215,6636954.50
2023/05/12,9.95,9.95,9.60,9.65,1025582,8878115.00
2023/05/15,9.65,9.74,9.48,9.55,396470,3399759.50
2023/05/16,9.64,9.64,9.29,9.35,757280,6348936.00
2023/05/17,9.43,9.85,9.35,9.79,931993,8052370.50
2023/05/18,9.79,10.21,9.64,10.13,1290374,11555520.00
2023/05/19,10.16,10.23,10.01,10.13,628748,5714452.00
2023/05/22,10.14,10.21,9.79,9.89,520815,4627928.50
2023/05/23,9.94,9.95,9.60,9.76,836156,7278082.00
2023/05/24,9.85,9.85,9.54,9.65,1029854,8844102.00
2023/05/25,9.68,9.73,9.23,9.44,1348454,11477826.00
2023/05/26,9.41,9.54,9.35,9.47,377755,3159630.75
2023/05/29,9.35,9.44,9.23,9.26,425567,3506954.50
2023/05/30,9.23,9.33,9.14,9.32,389123,3192635.75
2023/05/31,9.33,9.69,9.21,9.60,547796,4620394.00
2023/06/01,9.60,9.83,9.55,9.60,657853,5678492.00
2023/06/02,9.59,9.71,9.51,9.59,619164,5280794.50
2023/06/05,9.63,9.63,9.41,9.45,161726,1366947.50
2023/06/06,9.48,9.51,9.29,9.30,241553,2007747.00
2023/06/07,9.32,9.51,9.28,9.50,339882,2838989.25
2023/06/08,9.50,9.51,9.31,9.39,252994,2106640.75
2023/06/09,9.35,9.36,9.09,9.21,778739,6325358.00
2023/06/12,9.13,9.25,9.10,9.23,356930,2896358.00
2023/06/13,9.22,9.31,9.19,9.28,270133,2212434.75
2023/06/14,9.27,9.49,9.27,9.39,362192,3021385.25
2023/06/15,9.43,9.53,9.40,9.52,385812,3127507.50
2023/06/16,9.52,9.63,9.50,9.60,166783,1372108.75
2023/06/19,9.57,9.57,9.25,9.35,706856,5655017.00
2023/06/20,9.32,9.32,9.21,9.31,504214,3988687.50
2023/06/21,9.27,9.56,9.22,9.47,1216817,9816776.00
2023/06/26,9.42,9.42,9.30,9.36,374063,2993879.50
2023/06/27,9.35,9.49,9.33,9.44,824999,6673516.50
2023/06/28,9.43,9.43,9.34,9.38,451945,3623233.75
2023/06/29,9.38,9.62,9.33,9.49,1060818,8625493.00
2023/06/30,9.49,9.59,9.43,9.58,810631,6617410.50
2023/07/03,9.59,10.13,9.54,9.94,1439468,12164182.00
2023/07/04,9.94,9.97,9.76,9.80,911412,7744171.00
2023/07/05,9.77,9.84,9.67,9.84,1046822,8786138.00
2023/07/06,9.81,9.81,9.63,9.73,918377,7668284.00
2023/07/07,9.72,9.73,9.60,9.67,395565,3279912.75
2023/07/10,9.63,9.85,9.63,9.71,557389,4684165.50
2023/07/11,9.69,9.75,9.67,9.72,706171,5902715.50
2023/07/12,9.74,9.74,9.58,9.63,347799,2896201.00
2023/07/13,9.64,9.71,9.60,9.65,320203,2654134.25
2023/07/14,9.62,9.82,9.61,9.80,555757,4673362.00
2023/07/17,9.78,9.81,9.67,9.70,322210,2703880.25
2023/07/18,9.69,9.70,9.49,9.54,597380,4911042.50
2023/07/19,9.56,9.57,9.48,9.54,308565,2519008.75
2023/07/20,9.53,9.57,9.50,9.51,315845,2582384.00
2023/07/21,9.54,9.54,9.43,9.46,354243,2875710.75
2023/07/24,9.45,9.51,9.39,9.43,359468,2905473.00
2023/07/25,9.45,9.51,9.43,9.48,437326,3545642.75
2023/07/26,9.50,9.51,9.40,9.42,215828,1743386.88
2023/07/27,9.42,9.46,9.27,9.34,436213,3489186.75
2023/07/28,9.28,9.59,9.26,9.50,470660,3810707.00
2023/07/31,9.57,9.65,9.51,9.58,293152,2411534.75
2023/08/01,9.67,10.08,9.64,9.88,1082171,9252382.00
2023/08/02,9.92,9.92,9.70,9.83,602647,5080052.50
2023/08/03,9.82,9.84,9.73,9.81,421294,3550771.50
2023/08/04,9.81,9.82,9.74,9.82,386275,3257945.25
2023/08/07,9.79,9.99,9.76,9.97,742624,6351520.50
2023/08/08,9.95,10.30,9.90,10.26,1113988,9760348.00
2023/08/09,10.24,10.52,10.07,10.15,538855,4802145.00
2023/08/10,10.03,10.18,10.00,10.04,267821,2329111.50
2023/08/11,10.04,10.10,9.96,9.99,208660,1808109.25
2023/08/14,9.96,9.99,9.84,9.92,131132,1122600.88
2023/08/15,9.97,10.02,9.88,10.01,88563,758451.56
2023/08/16,9.96,10.01,9.90,9.96,128662,1110255.75
2023/08/17,9.96,10.13,9.95,10.13,203779,1775006.50
2023/08/18,10.13,10.35,10.13,10.18,337800,2995793.75
2023/08/21,10.18,10.18,9.88,10.07,232640,2021646.38
2023/08/22,11.25,11.85,10.88,10.89,4409127,43394184.00
2023/08/23,10.68,10.81,10.60,10.61,1673738,15655274.00
2023/08/24,10.61,11.09,10.53,10.99,1215381,11567098.00
2023/08/25,10.96,11.11,10.87,10.98,898777,8655876.00
2023/08/28,11.59,11.59,10.91,10.96,1354714,13311726.00
2023/08/29,11.05,11.13,10.86,11.06,946691,9141494.00
2023/08/30,11.00,11.12,11.00,11.05,409769,3981272.25
2023/08/31,11.03,11.07,10.75,11.07,713450,6824992.00
2023/09/01,11.11,13.00,11.10,12.48,3961801,43692068.00
2023/09/04,14.35,15.81,14.35,15.37,7366621,101551680.00
2023/09/05,14.75,14.84,13.88,14.37,4994457,65359268.00
2023/09/06,14.31,16.01,14.06,15.25,5109666,70988040.00
2023/09/07,15.19,15.75,14.66,15.15,3340661,46082144.00
2023/09/08,15.01,15.20,14.17,14.34,2656515,35162264.00
2023/09/11,14.25,14.53,13.86,14.32,2099132,27075798.00
2023/09/12,14.34,15.13,14.16,14.78,2237316,29972040.00
2023/09/13,14.78,16.35,14.67,15.90,4733303,67460736.00
2023/09/14,15.77,16.64,15.40,15.73,3184267,46574216.00
2023/09/15,15.59,15.95,15.41,15.95,2365701,33904344.00
2023/09/18,16.00,16.82,15.80,16.53,2106724,31889626.00
2023/09/19,16.65,17.04,15.49,15.52,4345120,65068244.00
2023/09/20,15.05,15.19,14.38,14.80,3187401,43001568.00
2023/09/21,14.94,15.00,14.57,14.90,1241035,16680170.00
2023/09/22,14.89,14.90,14.46,14.63,1776041,23582262.00
2023/09/25,14.65,14.72,14.35,14.45,965338,12681990.00
2023/09/26,14.52,14.52,13.62,13.73,1886972,23688740.00
2023/09/27,13.46,13.90,13.46,13.73,1083654,13429047.00
2023/09/28,13.75,14.70,13.53,14.60,1957144,25050164.00
2023/10/09,14.35,14.85,14.16,14.25,1177094,15319716.00
2023/10/10,14.32,14.32,13.53,13.88,1173813,14638861.00
2023/10/11,13.85,13.85,13.56,13.69,549215,6749984.00
2023/10/12,13.65,13.76,13.53,13.68,400309,4913155.50
2023/10/13,13.59,13.66,13.04,13.11,1021059,12176087.00
2023/10/16,13.11,13.11,12.37,12.41,1399113,15736515.00
2023/10/17,12.41,12.48,12.26,12.48,611562,6772821.50
2023/10/18,12.57,13.00,12.40,12.50,588823,6641870.50
2023/10/19,12.35,12.39,11.89,11.89,955590,10278643.00
2023/10/20,11.88,12.31,11.88,12.11,538395,5817293.00
2023/10/23,12.26,12.97,12.11,12.23,1270051,14297974.00
2023/10/24,12.40,12.95,12.07,12.80,992583,11153848.00
2023/10/25,13.06,13.70,13.06,13.25,1261887,15207681.00
2023/10/26,13.34,13.34,12.95,13.06,1021593,11969720.00
2023/10/27,13.06,13.84,13.01,13.64,1174454,14298276.00
2023/10/30,13.64,13.84,13.36,13.69,945391,11645013.00
2023/10/31,14.44,15.53,14.17,15.06,2976376,40366708.00
2023/11/01,14.65,15.14,14.57,14.66,1291350,17313588.00
2023/11/02,14.68,14.92,14.43,14.55,924334,12303194.00
2023/11/03,14.59,14.74,14.41,14.60,996401,13213653.00
2023/11/06,14.74,15.23,14.55,14.93,874301,11812315.00
2023/11/07,14.93,15.42,14.81,15.27,1046803,14563722.00
2023/11/08,15.19,15.52,14.95,15.06,1247015,17313092.00
2023/11/09,15.14,15.14,14.65,14.83,1077493,14511087.00
2023/11/10,14.83,15.18,14.70,14.83,988492,13412089.00
2023/11/13,14.78,15.15,14.69,15.01,773512,10477043.00
2023/11/14,15.10,15.15,14.86,14.99,1011917,13818409.00
2023/11/15,15.11,15.44,14.90,15.21,1509743,20899318.00
2023/11/16,15.21,15.21,14.70,14.70,1075728,14559501.00
2023/11/17,14.69,14.70,14.26,14.64,1300330,17136794.00
2023/11/20,14.64,15.43,14.64,15.27,2018180,27835956.00
2023/11/21,15.32,16.65,15.17,15.78,4099916,60212800.00
2023/11/22,15.75,16.80,15.61,16.74,4208292,63063024.00
2023/11/23,16.86,17.84,16.20,16.53,5044308,78633840.00
2023/11/24,16.35,17.93,16.27,17.93,5298501,84265848.00
2023/11/27,18.61,20.19,18.14,19.42,7193489,128670864.00
2023/11/28,18.66,20.78,18.35,19.08,6366378,116919872.00
2023/11/29,19.35,19.60,17.18,17.40,5491755,93049496.00
2023/11/30,17.46,18.01,16.96,17.73,2596853,42130844.00
2023/12/01,17.87,18.60,17.75,17.89,2063146,34676168.00
2023/12/04,18.13,18.13,16.95,17.65,1520434,24736524.00
2023/12/05,17.66,19.12,17.46,18.80,3474352,59426148.00
2023/12/06,18.56,19.15,18.35,18.52,2117553,36666968.00
2023/12/07,18.64,19.10,18.40,18.82,1779545,30974150.00
2023/12/08,19.12,19.46,18.66,19.06,2180795,38603860.00
2023/12/11,19.14,19.22,18.40,18.42,1807597,31263208.00
2023/12/12,18.45,18.54,18.13,18.50,1174750,19938066.00
2023/12/13,18.52,19.33,18.32,18.96,1685328,29731574.00
2023/12/14,18.90,19.55,18.78,19.10,2254461,40272324.00
2023/12/15,19.08,19.30,18.79,19.06,1050408,18589486.00
2023/12/18,19.08,19.88,18.96,19.56,2476309,44804172.00
2023/12/19,19.68,19.75,19.14,19.32,1997407,35919312.00
2023/12/20,19.35,20.19,19.32,20.06,3428394,63552436.00
2023/12/21,20.45,22.21,19.47,19.52,6547730,127581472.00
2023/12/22,19.18,20.64,18.80,20.60,4472852,81429632.00
2023/12/25,20.68,22.12,20.39,21.55,4888781,98244392.00
2023/12/26,21.43,22.01,20.18,21.20,4333270,85697888.00
2023/12/27,20.95,21.12,20.23,20.74,2388110,46034240.00
2023/12/28,20.73,21.33,20.52,21.15,2670964,52284876.00
2023/12/29,21.15,21.71,20.99,21.36,2369872,47364904.00
2024/01/02,21.38,22.03,21.24,21.88,2845847,57652804.00
2024/01/03,21.97,23.11,21.75,22.39,2945457,62108768.00
2024/01/04,22.47,24.41,22.27,24.10,5636033,122693424.00
2024/01/05,24.34,25.25,22.83,23.69,5175334,115971464.00
2024/01/08,23.45,23.95,22.57,22.57,2937365,64921796.00
2024/01/09,22.43,22.43,20.74,21.30,4518737,90967392.00
2024/01/10,21.27,21.81,20.74,21.77,2609096,52202308.00
2024/01/11,21.57,22.01,21.07,21.76,1954414,39559756.00
2024/01/12,21.56,22.55,19.35,20.25,3478909,70466312.00
2024/01/15,20.11,20.42,19.16,19.17,2432125,44577376.00
2024/01/16,19.40,20.50,18.41,20.44,3229931,58420256.00
2024/01/17,20.20,21.43,20.10,20.50,3077262,59908136.00
2024/01/18,20.18,21.94,20.13,21.94,2857579,56151204.00
2024/01/19,22.30,23.81,21.94,23.80,4330679,93578944.00
2024/01/22,25.55,25.85,23.73,23.85,6550278,153993344.00
2024/01/23,23.85,24.91,22.85,24.80,4011266,90588168.00
2024/01/24,24.83,25.15,23.52,24.19,2595874,59640968.00
2024/01/25,24.90,27.08,24.35,25.94,5886150,143071680.00
2024/01/26,25.54,26.73,24.87,25.18,3724687,90570392.00
2024/01/29,24.95,25.13,23.00,23.09,3158282,71082056.00
2024/01/30,22.61,23.47,21.85,22.30,1996390,42552052.00
2024/01/31,22.65,23.45,22.38,22.91,2077906,45158796.00
2024/02/01,22.80,23.35,21.87,21.97,1813409,38826256.00
2024/02/02,21.93,22.20,20.19,21.17,2555916,50275444.00
2024/02/05,20.95,22.35,20.03,21.77,2522372,50182676.00
2024/02/06,21.45,24.21,21.25,24.07,3017033,65593952.00
2024/02/07,24.25,25.31,23.03,23.27,3105427,70443224.00
2024/02/08,23.75,23.80,22.38,23.31,2026580,44438500.00
2024/02/19,23.31,23.34,22.10,22.19,2099496,44306732.00
数据来源:通达信
