872925 锦好医疗 日线 后复权
      日期	    开盘	    最高	    最低	    收盘	    成交量	    成交额
2020/03/20,8.64,8.64,8.64,8.64,1000,8640.00
2020/03/23,8.64,8.64,8.64,8.64,250000,1080000.00
2020/03/24,10.00,10.00,10.00,10.00,461000,2770000.00
2020/03/26,14.20,14.26,14.20,14.26,8000,113840.00
2020/03/27,14.20,14.20,14.20,14.20,8000,113600.00
2020/03/30,14.20,14.20,14.20,14.20,4000,56800.00
2020/03/31,14.21,14.21,14.21,14.21,10300,146363.00
2020/04/01,14.21,14.21,14.21,14.21,5600,79576.00
2020/04/02,14.21,14.21,14.21,14.21,4000,56840.00
2020/04/03,14.21,14.21,14.21,14.21,3000,42630.00
2020/04/09,14.21,14.21,14.21,14.21,500,7105.00
2020/04/10,14.25,14.25,14.25,14.25,1100,15675.00
2020/04/15,14.25,14.25,14.25,14.25,100,1425.00
2020/04/16,14.30,14.30,14.30,14.30,1000,14300.00
2020/04/17,14.35,14.35,14.35,14.35,1000,14350.00
2020/04/20,14.35,14.35,14.35,14.35,1000,14350.00
2020/05/27,14.35,14.35,14.35,14.35,1000,14350.00
2020/06/16,14.35,14.35,14.35,14.35,150000,1590000.00
2020/06/22,14.50,14.60,14.50,14.60,2000,29190.00
2020/06/29,14.60,14.61,14.60,14.61,1000,14604.00
2020/07/01,15.10,15.10,15.10,15.10,2000,30200.00
2020/07/03,10.70,10.70,10.70,10.70,100,1070.00
2020/07/06,10.70,10.70,10.70,10.70,105000,787500.00
2020/07/07,21.00,21.00,21.00,21.00,900,18900.00
2020/07/08,30.00,30.00,28.00,28.00,1600,46244.00
2020/07/09,28.80,30.88,28.80,30.88,2300,68947.84
2020/07/10,30.98,30.98,30.98,30.98,200,6196.00
2020/07/13,30.68,30.69,30.68,30.69,1200,36827.00
2020/07/14,30.69,30.69,30.69,30.69,100,3069.00
2020/07/24,30.69,30.69,30.69,30.69,100,3069.00
2020/07/27,22.50,22.53,22.50,22.53,10000,225285.00
2020/07/28,26.90,27.88,26.90,27.88,2000,55168.00
2020/07/29,27.68,27.77,27.68,27.77,3200,91137.84
2020/08/03,21.50,21.50,21.50,21.50,10000,215000.00
2020/08/05,21.50,27.80,21.50,27.80,1900,46520.00
2020/08/07,21.60,22.46,21.60,22.46,1400,31014.00
2020/08/10,27.50,27.50,27.50,27.50,105500,2675500.00
2020/08/14,27.40,27.40,27.40,27.40,100,2740.00
2020/08/20,21.00,21.00,21.00,21.00,100,2100.00
2020/08/21,13.86,13.86,13.86,13.86,100,1386.00
2020/08/24,13.86,13.86,13.86,13.86,168800,1639048.00
2020/08/25,20.00,21.00,20.00,21.00,500,10100.00
2020/08/28,21.88,21.88,21.88,21.88,1000,21880.00
2020/09/03,21.88,21.90,21.88,21.90,1100,23828.10
2020/09/07,21.90,21.90,21.90,21.90,75000,2128500.00
2020/09/11,21.90,21.90,21.90,21.90,75000,2128500.00
2020/09/14,23.00,23.00,23.00,23.00,1900,43700.00
2020/09/24,23.00,23.00,23.00,23.00,100,2300.00
2020/10/28,18.52,23.30,17.58,23.30,300,5850.00
2020/10/30,17.55,17.55,17.55,17.55,100,1725.00
2020/11/02,16.80,16.80,16.80,16.80,100,1650.00
2020/11/03,16.80,16.80,16.80,16.80,1415100,17632396.00
2020/11/04,18.80,18.80,18.80,18.80,3000,55500.00
2020/11/05,19.70,19.70,19.70,19.70,200,4636.60
2020/11/10,19.70,19.70,19.70,19.70,133400,2001000.00
2020/11/16,19.70,19.70,19.70,19.70,333300,5000010.00
2020/11/18,19.70,19.70,19.70,19.70,1000,19400.00
2020/11/24,29.18,29.18,29.18,29.18,1000,28880.00
2020/11/27,29.30,29.30,29.30,29.30,1000,29000.00
2020/12/07,31.98,31.98,31.98,31.98,1300,42229.44
2021/10/25,26.81,28.07,23.90,24.31,6072500,156289312.00
2021/10/26,23.85,23.90,21.80,21.80,1976300,44262752.00
2021/10/27,21.60,21.60,20.80,21.17,870300,18173598.00
2021/10/28,20.37,21.20,20.28,20.29,831100,16801774.00
2021/10/29,19.60,20.85,19.00,20.64,1202300,23662280.00
2021/11/01,21.50,23.28,21.13,23.14,1542200,34002396.00
2021/11/02,22.70,22.99,21.83,22.20,526800,11551053.00
2021/11/03,21.99,22.93,21.99,22.66,377700,8423237.00
2021/11/04,22.85,24.31,22.71,23.84,752000,17720372.00
2021/11/05,24.28,24.28,23.30,23.85,429300,10015072.00
2021/11/08,23.71,25.65,23.71,25.39,856100,21159632.00
2021/11/09,25.48,25.88,24.80,25.17,436500,10853856.00
2021/11/10,25.10,25.30,24.30,24.82,345100,8407643.00
2021/11/11,25.29,25.80,24.42,25.75,767700,19128448.00
2021/11/12,26.05,26.50,25.70,26.05,764300,19696396.00
2021/11/15,26.78,28.08,25.30,26.40,2808800,74802792.00
2021/11/16,26.40,26.89,24.97,25.36,1090700,27696924.00
2021/11/17,25.29,25.47,23.94,24.62,647400,15756259.00
2021/11/18,24.98,24.98,23.41,23.62,455300,10732545.00
2021/11/19,23.65,24.07,22.91,23.44,307100,7043350.50
2021/11/22,23.51,23.97,23.45,23.92,359300,8405876.00
2021/11/23,23.92,24.78,23.88,24.52,545500,13218913.00
2021/11/24,24.62,24.62,24.00,24.06,356400,8530602.00
2021/11/25,24.45,24.46,23.68,24.09,189700,4502643.00
2021/11/26,24.10,25.24,23.95,24.80,715500,17574254.00
2021/11/29,24.55,25.17,23.50,23.65,476200,11334835.00
2021/11/30,23.73,24.23,23.57,23.80,186400,4394282.50
2021/12/01,23.65,23.89,23.30,23.62,138200,3213995.75
2021/12/02,23.38,23.78,23.18,23.24,121700,2809986.00
2021/12/03,23.16,23.40,22.31,22.50,356500,7954160.50
2021/12/06,22.32,22.50,21.41,21.50,222000,4788427.00
2021/12/07,21.80,22.62,21.59,21.99,186400,4081609.50
2021/12/08,22.09,22.56,22.00,22.06,238100,5200673.50
2021/12/09,21.91,22.70,21.82,22.69,264400,5832648.50
2021/12/10,22.69,23.98,22.69,23.53,415700,9641752.00
2021/12/13,23.46,24.38,23.46,24.00,298900,7084676.50
2021/12/14,24.15,24.78,23.65,23.82,408300,9737132.00
2021/12/15,23.80,23.80,22.43,22.61,618900,13989891.00
2021/12/16,22.85,22.85,22.16,22.29,165100,3641570.75
2021/12/17,22.60,22.60,22.06,22.38,104900,2298511.75
2021/12/20,22.60,22.60,22.18,22.40,79300,1754351.38
2021/12/21,22.32,22.56,21.75,21.81,159200,3461378.25
2021/12/22,21.83,22.21,21.62,22.00,144000,3106497.50
2021/12/23,21.84,22.17,21.84,22.05,70200,1526940.63
2021/12/24,22.05,22.11,21.13,21.27,243100,5174285.00
2021/12/27,21.51,21.51,21.16,21.29,183200,3836166.75
2021/12/28,21.30,21.89,21.04,21.84,163600,3458513.25
2021/12/29,21.95,23.10,21.80,23.00,436000,9780548.00
2021/12/30,22.61,27.76,22.61,26.89,2129000,54468160.00
2021/12/31,26.63,27.24,24.30,25.61,1470200,37643072.00
2022/01/04,24.98,25.72,23.82,24.19,708900,17112834.00
2022/01/05,24.47,24.50,23.32,23.92,350600,8270772.50
2022/01/06,24.16,24.28,23.46,24.24,160400,3800079.50
2022/01/07,24.37,24.37,23.55,23.67,145000,3412860.25
2022/01/10,24.30,24.30,23.58,24.29,143664,3412520.50
2022/01/11,23.81,24.17,23.45,23.50,144622,3404513.25
2022/01/12,23.57,23.98,23.53,23.63,132192,3085829.75
2022/01/13,24.00,24.00,23.45,23.64,103341,2401846.75
2022/01/14,23.86,24.69,23.60,23.96,244097,5800200.00
2022/01/17,24.03,24.05,23.10,23.95,240420,5585722.00
2022/01/18,23.94,23.94,23.37,23.47,154877,3605403.75
2022/01/19,23.76,23.76,23.31,23.46,85983,1986573.25
2022/01/20,23.21,24.54,23.21,23.96,254731,6013178.00
2022/01/21,23.68,24.00,23.47,23.70,126868,2985503.25
2022/01/24,23.34,23.60,22.96,23.40,167878,3840847.00
2022/01/25,23.01,23.50,22.96,23.00,80447,1836513.13
2022/01/26,22.86,23.15,22.79,22.84,31037,700016.06
2022/01/27,22.70,22.70,21.60,21.60,111270,2424048.50
2022/01/28,22.53,22.53,21.61,22.08,32336,699169.63
2022/02/07,22.08,22.43,21.68,22.06,56815,1235467.25
2022/02/08,21.75,22.04,21.45,21.63,156632,3339556.25
2022/02/09,21.60,21.72,21.41,21.60,84723,1797184.50
2022/02/10,21.60,21.60,21.11,21.26,96435,2022062.88
2022/02/11,21.00,21.18,19.44,19.52,250409,5010209.50
2022/02/14,19.53,20.15,19.53,19.68,118739,2299773.50
2022/02/15,20.25,20.25,19.61,19.69,43256,842812.94
2022/02/16,19.76,19.89,19.50,19.61,65350,1262297.25
2022/02/17,19.61,19.79,19.22,19.57,110151,2104904.50
2022/02/18,19.54,19.54,19.36,19.52,33816,647520.44
2022/02/21,19.85,19.88,19.39,19.41,61258,1176751.38
2022/02/22,19.43,19.55,19.20,19.44,41976,796771.25
2022/02/23,19.32,19.65,19.32,19.50,68731,1317980.38
2022/02/24,19.42,19.54,18.91,18.93,94150,1779864.75
2022/02/25,19.30,19.40,18.68,18.96,117429,2189373.75
2022/02/28,19.15,19.15,17.50,17.77,195240,3483784.25
2022/03/01,17.65,17.65,17.43,17.48,145885,2517756.75
2022/03/02,17.45,17.57,17.43,17.45,30751,528979.63
2022/03/03,17.47,18.00,17.47,17.90,62852,1104432.38
2022/03/04,17.90,18.09,17.50,17.54,90817,1585912.25
2022/03/07,17.35,17.98,16.96,17.22,53347,905462.00
2022/03/08,17.72,17.76,16.62,16.71,61329,1021464.38
2022/03/09,16.70,17.13,15.41,15.90,112446,1799787.13
2022/03/10,16.05,16.77,16.05,16.28,86087,1385153.63
2022/03/11,16.24,16.24,15.52,16.15,91977,1413437.00
2022/03/14,16.14,16.14,15.53,15.53,98886,1523272.25
2022/03/15,15.53,15.53,14.30,14.30,157697,2323585.00
2022/03/16,15.16,15.20,14.56,14.98,128130,1871408.88
2022/03/17,15.19,16.77,15.06,15.85,116119,1821927.13
2022/03/18,15.64,16.01,15.64,16.00,46186,715193.56
2022/03/21,16.17,16.42,15.85,16.03,56165,887263.75
2022/03/22,16.05,16.61,15.91,16.38,63841,1018996.56
2022/03/23,16.30,16.95,16.30,16.95,105037,1722660.50
2022/03/24,17.00,17.18,16.87,16.94,68179,1136938.13
2022/03/25,17.09,17.28,16.89,16.89,55861,936081.75
2022/03/28,16.38,17.09,16.11,16.17,43824,708758.25
2022/03/29,16.21,16.25,15.35,15.97,143834,2230986.25
2022/03/30,15.84,15.91,15.49,15.91,34384,531207.56
2022/03/31,15.86,15.96,15.76,15.94,33163,516717.25
2022/04/01,15.93,16.50,15.93,16.35,78516,1250835.50
2022/04/06,17.00,17.00,16.35,16.50,38016,617134.38
2022/04/07,15.90,16.53,15.90,16.30,16186,257765.30
2022/04/08,15.86,16.38,15.86,16.07,27675,439822.84
2022/04/11,16.50,16.50,15.55,15.63,18547,286697.72
2022/04/12,15.60,16.14,15.51,15.56,25522,390025.47
2022/04/13,15.56,16.18,15.56,15.89,54840,853969.00
2022/04/14,16.41,16.54,15.53,15.67,41600,645336.00
2022/04/15,15.53,15.80,15.52,15.78,42136,646383.69
2022/04/18,15.53,15.76,15.53,15.62,6800,104468.00
2022/04/19,15.63,15.80,15.63,15.75,24177,372249.19
2022/04/20,16.58,16.58,15.51,15.62,6300,97249.00
2022/04/21,15.62,16.01,15.35,15.35,40777,624911.88
2022/04/22,15.35,15.58,15.11,15.36,49183,734478.13
2022/04/25,15.36,15.55,14.30,14.32,72051,1027733.38
2022/04/26,14.35,14.67,14.00,14.48,84757,1183817.25
2022/04/27,14.42,16.24,14.04,15.67,206835,3071615.75
2022/04/28,15.67,15.87,15.51,15.84,30704,472354.88
2022/04/29,15.99,16.00,15.63,15.99,15781,245321.80
2022/05/05,16.44,16.63,15.27,16.63,215760,3455191.00
2022/05/06,16.45,16.60,16.37,16.55,28703,464867.75
2022/05/09,16.77,16.77,15.94,16.48,25172,404755.78
2022/05/10,16.45,16.73,16.22,16.55,40038,651207.25
2022/05/11,16.56,17.80,16.55,17.30,212298,3567261.75
2022/05/12,17.28,17.30,17.10,17.24,27487,465239.56
2022/05/13,17.55,17.55,16.91,17.30,63051,1067357.50
2022/05/16,17.65,17.65,16.73,17.31,63255,1071565.88
2022/05/17,17.52,17.53,17.02,17.23,17550,296921.44
2022/05/18,17.28,17.28,16.42,16.75,47042,776630.63
2022/05/19,16.48,16.85,16.48,16.76,34741,571798.13
2022/05/20,16.77,16.90,16.69,16.78,3061,50426.00
2022/05/23,16.60,16.97,16.60,16.80,30036,494807.50
2022/05/24,16.60,16.88,16.59,16.65,34429,563901.63
2022/05/25,16.02,16.67,16.02,16.41,17077,276398.13
2022/05/26,16.91,16.91,16.35,16.41,10145,163907.48
2022/05/27,16.89,16.89,16.24,16.45,10910,177269.30
2022/05/30,16.23,16.59,16.22,16.26,18451,296217.63
2022/05/31,16.30,16.41,16.30,16.32,27973,448949.69
2022/06/01,16.45,16.83,16.35,16.46,26231,424035.38
2022/06/02,16.69,16.69,16.14,16.22,41071,653073.38
2022/06/06,16.73,16.73,16.43,16.43,30594,491091.81
2022/06/07,16.49,16.49,16.31,16.40,18272,289813.22
2022/06/08,16.65,16.65,16.38,16.63,34996,562735.00
2022/06/09,16.99,16.99,16.15,16.59,19918,319210.94
2022/06/10,16.36,16.70,16.36,16.56,14327,230241.22
2022/06/13,16.30,16.95,16.30,16.62,15070,242621.84
2022/06/14,16.36,16.55,16.27,16.55,36366,578677.13
2022/06/15,16.38,16.58,16.35,16.58,25347,403277.75
2022/06/16,16.32,16.61,16.30,16.46,13961,222969.00
2022/06/17,16.35,16.50,16.30,16.36,36792,584251.50
2022/06/20,16.31,16.60,16.30,16.39,25008,398336.84
2022/06/21,16.38,16.54,16.38,16.53,26729,426706.22
2022/06/22,16.40,17.19,16.39,16.98,94594,1555919.13
2022/06/23,17.07,17.07,16.82,16.88,17513,286144.81
2022/06/24,16.81,16.92,16.00,16.79,74259,1189898.50
2022/06/27,16.74,17.05,16.30,16.97,116956,1887104.50
2022/06/28,16.58,17.19,16.58,17.15,50522,835021.38
2022/06/29,17.22,17.33,16.84,16.96,70242,1162943.88
2022/06/30,16.76,17.10,16.75,16.93,22310,368703.19
2022/07/01,16.93,17.38,16.93,17.04,59259,986034.88
2022/07/04,17.10,17.10,16.81,17.06,47867,787285.00
2022/07/05,17.26,17.33,16.95,17.03,75424,1244971.75
2022/07/06,17.01,17.01,16.91,17.00,18149,298280.19
2022/07/07,16.76,16.90,16.76,16.81,25962,423004.63
2022/07/08,16.89,16.95,16.82,16.83,13855,226961.91
2022/07/11,16.83,16.95,16.52,16.79,64997,1066498.38
2022/07/12,16.59,16.64,16.56,16.59,20071,322957.03
2022/07/13,15.76,16.62,15.73,16.60,6371,101154.86
2022/07/14,16.37,16.58,16.37,16.51,16556,265213.84
2022/07/15,16.32,16.50,16.32,16.42,2442,38902.80
2022/07/18,16.16,16.46,16.16,16.46,12617,199451.59
2022/07/19,16.45,16.45,16.33,16.39,4978,78962.74
2022/07/20,16.39,16.76,16.39,16.55,20381,325901.38
2022/07/21,16.55,16.55,16.33,16.34,17810,283917.41
2022/07/22,16.34,16.80,16.22,16.45,25483,407195.66
2022/07/25,16.45,16.55,16.45,16.53,26800,429396.72
2022/07/26,16.58,16.67,16.46,16.63,18316,294104.22
2022/07/27,16.72,16.73,16.55,16.60,50616,818599.31
2022/07/28,16.56,16.60,16.40,16.60,21204,339278.91
2022/07/29,16.59,16.63,16.45,16.60,16374,263312.22
2022/08/01,16.75,16.75,16.58,16.58,8940,144197.20
2022/08/02,16.52,16.52,16.13,16.16,37123,585799.94
2022/08/03,16.22,16.38,16.10,16.10,48643,764542.56
2022/08/04,16.20,16.28,16.10,16.28,13810,215857.02
2022/08/05,16.40,16.49,16.38,16.38,15200,241937.81
2022/08/08,16.30,16.60,16.30,16.55,21722,344795.19
2022/08/09,16.55,16.55,16.26,16.53,21239,335696.25
2022/08/10,16.31,16.53,16.25,16.51,16300,258414.31
2022/08/11,16.55,16.63,16.51,16.57,19669,316010.66
2022/08/12,16.60,16.75,16.55,16.75,14402,232600.94
2022/08/15,15.91,16.69,15.68,16.50,10900,173068.00
2022/08/16,16.31,16.41,16.30,16.40,16131,256181.80
2022/08/17,16.69,16.69,16.35,16.50,23405,372849.00
2022/08/18,16.00,16.78,16.00,16.57,25207,404867.00
2022/08/19,16.22,16.73,16.22,16.68,28545,461121.28
2022/08/22,16.76,16.95,16.56,16.85,53969,879114.13
2022/08/23,16.83,18.38,16.83,17.49,285790,4834962.50
2022/08/24,17.63,17.64,17.05,17.24,44352,741794.56
2022/08/25,16.86,17.29,16.75,16.86,25977,427671.38
2022/08/26,16.87,17.08,16.85,16.85,7400,121392.00
2022/08/29,16.67,16.71,16.46,16.56,39492,635691.31
2022/08/30,16.33,16.78,16.33,16.76,9543,151841.73
2022/08/31,16.40,16.67,16.40,16.47,7075,112824.25
2022/09/01,16.40,16.41,16.37,16.40,7859,124897.10
2022/09/02,16.01,16.98,16.01,16.59,5868,94147.28
2022/09/05,16.76,16.91,16.53,16.53,6502,104946.60
2022/09/06,16.53,16.53,16.40,16.42,7141,113735.00
2022/09/07,16.53,16.55,16.41,16.52,4750,75787.50
2022/09/08,16.50,16.53,16.40,16.42,4134,66001.59
2022/09/09,16.39,16.42,16.18,16.37,2050,32486.00
2022/09/13,16.40,16.50,16.21,16.49,12664,201857.94
2022/09/14,16.37,16.47,16.32,16.37,19650,311688.38
2022/09/15,16.37,16.45,16.22,16.31,17950,283355.50
2022/09/16,16.90,16.94,16.40,16.45,41902,677378.81
2022/09/19,16.45,16.85,16.15,16.25,30369,486057.44
2022/09/20,16.25,16.49,16.25,16.45,37112,587578.13
2022/09/21,16.45,17.50,16.40,17.05,247570,4102439.00
2022/09/22,17.10,17.73,16.83,17.40,434690,7345947.50
2022/09/23,17.46,17.51,16.20,16.45,258476,4154169.00
2022/09/26,16.83,16.83,15.86,16.28,59675,946319.94
2022/09/27,15.84,16.35,15.84,16.19,45499,707506.44
2022/09/28,16.23,16.23,15.30,15.35,110234,1675358.38
2022/09/29,15.35,15.58,15.01,15.20,59936,888139.06
2022/09/30,15.20,15.73,15.20,15.45,70566,1050990.88
2022/10/10,14.88,15.77,14.88,15.66,37349,567622.13
2022/10/11,15.76,16.03,15.63,15.86,20874,320037.94
2022/10/12,15.85,15.85,15.33,15.76,41399,618181.38
2022/10/13,15.72,15.72,15.27,15.70,21894,331747.81
2022/10/14,15.58,17.00,15.38,16.61,227413,3629842.75
2022/10/17,16.49,16.70,16.10,16.53,124146,1980107.25
2022/10/18,16.21,16.39,16.08,16.12,150391,2356234.25
2022/10/19,16.45,16.56,16.04,16.26,115792,1820351.50
2022/10/20,15.90,16.26,15.90,16.06,56284,880089.19
2022/10/21,16.31,16.31,15.98,16.20,34434,535660.88
2022/10/24,16.24,16.24,15.85,15.93,33425,517217.31
2022/10/25,16.22,16.22,15.87,15.87,29909,461777.69
2022/10/26,15.87,16.16,15.78,16.16,80137,1241391.50
2022/10/27,15.95,16.03,15.77,15.96,38787,597207.38
2022/10/28,16.65,16.65,15.51,15.75,24309,372009.81
2022/10/31,15.45,16.08,15.45,15.81,39354,602458.25
2022/11/01,15.68,16.06,15.66,16.06,26595,410368.19
2022/11/02,16.13,16.18,16.00,16.12,46604,727233.69
2022/11/03,16.00,16.12,15.50,15.70,138212,2103884.75
2022/11/04,15.70,15.88,15.47,15.78,97852,1479186.38
2022/11/07,15.70,15.95,15.68,15.87,47104,720503.56
2022/11/08,15.94,15.94,15.75,15.90,28337,435290.88
2022/11/09,15.80,15.92,15.79,15.81,41617,637971.13
2022/11/10,15.63,15.90,15.55,15.76,58252,884061.44
2022/11/11,15.89,15.90,15.63,15.76,56208,857611.38
2022/11/14,15.76,15.86,15.73,15.77,46916,716543.88
2022/11/15,15.78,15.84,15.63,15.66,256215,3831219.50
2022/11/16,15.78,16.36,15.67,16.17,293295,4512647.50
2022/11/17,16.12,16.12,15.80,15.85,165364,2545111.75
2022/11/18,15.83,15.89,15.70,15.76,61388,938532.19
2022/11/21,16.01,16.26,15.97,16.10,207610,3179334.00
2022/11/22,16.00,16.08,15.59,15.79,125990,1939669.13
2022/11/23,15.80,15.80,15.56,15.68,94596,1430606.88
2022/11/24,15.67,15.68,15.60,15.68,131679,1959900.88
2022/11/25,15.60,15.67,15.54,15.55,46709,704512.63
2022/11/28,15.67,15.67,15.33,15.49,90251,1350136.00
2022/11/29,15.47,15.59,15.47,15.54,68868,1034488.94
2022/11/30,15.62,15.73,15.51,15.56,42763,646265.38
2022/12/01,15.70,15.70,15.56,15.63,65806,994075.63
2022/12/02,15.63,15.64,15.52,15.60,120466,1785867.00
2022/12/05,15.52,15.55,15.30,15.37,198215,2931423.50
2022/12/06,15.37,15.44,15.31,15.31,34275,509211.44
2022/12/07,15.27,15.32,15.27,15.29,41793,618667.88
2022/12/08,15.23,15.38,15.23,15.31,25882,382667.44
2022/12/09,15.26,15.48,15.25,15.48,33391,496050.88
2022/12/12,15.35,15.47,15.11,15.44,21392,317762.09
2022/12/13,15.30,15.39,15.22,15.31,40607,601039.13
2022/12/14,15.24,15.34,15.12,15.15,67548,991436.13
2022/12/15,15.13,15.13,15.03,15.05,56277,819840.31
2022/12/16,15.01,15.10,14.98,14.98,20082,291422.63
2022/12/19,15.35,15.35,14.70,14.70,50060,717549.69
2022/12/20,14.71,14.96,14.71,14.75,10410,148931.52
2022/12/21,14.75,15.12,14.75,14.89,84521,1218474.75
2022/12/22,14.76,14.96,14.76,14.83,24341,349044.63
2022/12/23,14.81,14.81,14.70,14.77,19575,279125.06
2022/12/26,14.77,14.91,14.77,14.86,39009,558581.75
2022/12/27,14.84,14.97,14.80,14.81,85013,1218884.13
2022/12/28,14.80,14.80,14.66,14.70,8876,126129.40
2022/12/29,14.71,14.82,14.65,14.70,104668,1485128.75
2022/12/30,14.86,15.40,14.67,15.00,92283,1311792.25
2023/01/03,14.89,15.13,14.75,15.09,32649,473600.63
2023/01/04,15.20,15.21,15.02,15.10,33128,483758.13
2023/01/05,15.07,15.17,15.06,15.07,36832,536918.56
2023/01/06,15.07,15.18,14.82,14.99,68145,988145.81
2023/01/09,14.98,14.98,14.80,14.96,69691,1005024.50
2023/01/10,14.95,15.30,14.95,15.01,24692,359650.91
2023/01/11,15.01,15.16,14.96,15.09,59887,872150.81
2023/01/12,15.02,15.15,14.97,14.98,19866,288280.94
2023/01/13,14.96,15.07,14.95,15.00,10955,158530.41
2023/01/16,14.94,15.15,14.94,15.15,21985,320320.88
2023/01/17,14.99,15.15,14.99,15.13,12454,181798.58
2023/01/18,15.01,15.25,15.01,15.21,40924,599451.63
2023/01/19,15.11,15.30,15.08,15.13,40258,591262.94
2023/01/20,15.02,15.21,15.02,15.21,25020,366719.28
2023/01/30,15.19,15.45,15.19,15.20,47340,700200.50
2023/01/31,15.11,15.80,15.11,15.80,170649,2572692.25
2023/02/01,15.71,15.86,15.50,15.69,147014,2228790.00
2023/02/02,15.52,15.63,15.34,15.55,159093,2383539.75
2023/02/03,15.43,15.60,15.36,15.54,77610,1162691.38
2023/02/06,15.50,15.74,15.50,15.51,107863,1632912.00
2023/02/07,15.52,15.70,15.32,15.51,64888,971208.38
2023/02/08,15.41,15.83,15.41,15.72,168464,2555693.50
2023/02/09,15.74,15.95,15.74,15.95,217878,3346139.75
2023/02/10,15.95,15.97,15.81,15.90,176343,2708609.75
2023/02/13,15.90,16.15,15.89,16.10,145979,2258389.75
2023/02/14,16.14,16.18,15.75,16.00,62370,967525.31
2023/02/15,16.00,16.09,15.90,15.99,118762,1778807.00
2023/02/16,15.72,15.92,15.61,15.63,59043,902652.00
2023/02/17,15.63,15.70,15.55,15.62,62592,945410.44
2023/02/20,15.98,15.98,15.64,15.72,135383,2001068.00
2023/02/21,15.66,15.66,15.55,15.57,88948,1341515.75
2023/02/22,15.54,15.60,15.39,15.52,155180,2278650.50
2023/02/23,15.54,15.78,15.33,15.38,119408,1783521.25
2023/02/24,15.38,15.53,15.34,15.53,44767,668695.00
2023/02/27,15.59,15.74,15.50,15.72,121862,1784493.88
2023/02/28,15.60,15.73,15.53,15.66,115660,1751451.88
2023/03/01,15.68,15.84,15.66,15.81,60857,930222.88
2023/03/02,15.73,15.89,15.73,15.89,62446,958359.88
2023/03/03,15.89,15.90,15.75,15.80,130544,1938800.75
2023/03/06,15.78,15.80,15.73,15.73,53089,811221.81
2023/03/07,15.77,15.79,15.53,15.70,68113,1036834.13
2023/03/08,15.13,15.85,15.13,15.67,181510,2678833.00
2023/03/09,15.46,15.68,15.46,15.60,31463,475991.19
2023/03/10,15.64,15.65,14.86,15.28,86786,1288149.63
2023/03/13,15.28,15.30,14.98,14.98,54024,787385.13
2023/03/14,14.99,15.06,14.90,14.98,27370,395806.31
2023/03/15,14.90,15.19,14.88,15.06,17300,250227.77
2023/03/16,14.92,15.10,14.81,14.98,51141,736859.06
2023/03/17,14.86,15.08,14.85,14.97,36516,526173.00
2023/03/20,15.17,15.17,14.80,15.00,23203,335323.28
2023/03/21,15.02,15.06,14.88,14.90,26802,387600.88
2023/03/22,15.14,15.30,15.11,15.29,61923,909997.25
2023/03/23,15.00,15.33,15.00,15.28,9000,132941.00
2023/03/24,15.33,15.37,15.21,15.32,18349,271814.13
2023/03/27,15.42,15.42,15.11,15.17,16218,238264.59
2023/03/28,15.23,15.23,15.03,15.18,3100,45142.00
2023/03/29,14.93,15.26,14.93,14.97,21486,311302.00
2023/03/30,14.87,14.98,14.81,14.95,51197,734137.44
2023/03/31,14.93,14.93,14.71,14.80,50924,729018.81
2023/04/03,14.81,14.93,14.70,14.70,46467,663667.81
2023/04/04,14.86,14.86,14.65,14.72,43345,616790.50
2023/04/06,14.71,14.82,14.67,14.80,51857,738654.06
2023/04/07,14.82,14.98,14.71,14.81,63798,913813.50
2023/04/10,14.85,14.88,14.78,14.80,25896,370700.56
2023/04/11,14.82,14.82,14.65,14.78,51130,725933.63
2023/04/12,14.73,14.79,14.67,14.77,10105,143691.00
2023/04/13,14.80,14.80,14.73,14.79,6790,96921.70
2023/04/14,14.80,14.86,14.66,14.86,11320,161986.27
2023/04/17,14.78,14.87,14.70,14.86,24200,345601.00
2023/04/18,15.15,15.38,14.88,15.34,374847,5483780.00
2023/04/19,15.47,15.90,15.16,15.56,197726,2965578.00
2023/04/20,15.85,15.85,15.23,15.40,103852,1545424.13
2023/04/21,15.31,15.43,15.17,15.30,32812,484333.75
2023/04/24,15.48,15.61,15.20,15.50,84843,1273432.63
2023/04/25,15.51,15.54,15.35,15.48,60295,900518.13
2023/04/26,16.02,16.02,15.06,15.49,42268,639549.56
2023/04/27,15.49,15.83,15.36,15.78,44834,678977.44
2023/04/28,15.88,17.00,15.88,16.77,467455,7598024.50
2023/05/04,16.77,20.53,16.77,20.53,1638430,30312636.00
2023/05/05,20.55,25.00,20.55,23.66,3102218,70682568.00
2023/05/08,22.50,22.50,20.50,21.52,1980460,41209356.00
2023/05/09,20.99,22.25,20.21,20.28,1380029,28333088.00
2023/05/10,19.85,20.23,18.80,19.01,894628,16818850.00
2023/05/11,19.08,20.57,18.40,20.21,1067706,20252492.00
2023/05/12,20.24,20.46,19.54,19.70,532584,10347338.00
2023/05/15,19.88,21.73,19.60,21.65,797921,16136691.00
2023/05/16,21.22,22.25,20.86,21.20,384706,8006269.00
2023/05/17,21.20,23.00,20.71,22.08,733565,15734210.00
2023/05/18,21.71,22.79,21.56,22.08,637818,13873408.00
2023/05/19,22.10,22.30,20.70,21.38,396636,8369097.50
2023/05/22,21.26,22.20,21.08,21.78,315342,6700256.00
2023/05/23,21.54,23.05,21.54,22.70,404024,8856947.00
2023/05/24,22.56,22.64,21.75,22.25,243606,5243050.50
2023/05/25,22.28,22.28,20.65,21.33,380058,7909178.50
2023/05/26,20.86,21.60,20.51,21.16,242099,4944870.50
2023/05/29,21.46,21.46,20.77,20.91,205098,4206651.00
2023/05/30,20.91,20.91,19.90,20.10,316972,6267042.00
2023/05/31,19.97,20.18,19.72,20.15,208428,4054735.00
2023/06/01,20.16,20.16,19.75,19.98,95033,1841759.50
2023/06/02,19.99,20.70,19.83,20.50,157526,3102019.00
2023/06/05,20.50,21.08,20.50,20.94,246652,5012825.00
2023/06/06,20.60,21.11,19.73,20.60,141238,2812522.00
2023/06/07,20.78,20.82,19.99,20.34,71297,1406827.63
2023/06/08,20.01,20.12,18.86,19.12,382792,7163615.50
2023/06/09,18.87,19.50,18.75,19.50,112855,2094080.25
2023/06/12,19.59,19.70,19.10,19.45,27384,511395.56
2023/06/13,18.96,19.25,18.94,19.25,71940,1340409.75
2023/06/14,19.23,19.23,18.86,19.13,87273,1624446.63
2023/06/15,19.14,19.16,18.88,18.96,49496,915682.88
2023/06/16,19.36,19.36,18.94,19.07,60309,1121588.25
2023/06/19,18.83,19.19,18.76,18.77,47785,875264.75
2023/06/20,18.77,18.88,18.58,18.67,116376,2118760.50
2023/06/21,18.55,20.30,18.50,19.82,360600,6866549.00
2023/06/26,19.67,20.08,19.44,19.77,183603,3542382.25
2023/06/27,19.41,19.79,19.37,19.70,67157,1279506.50
2023/06/28,19.76,19.77,19.25,19.62,101689,1927177.38
2023/06/29,19.36,19.69,19.36,19.65,106092,2027909.88
2023/06/30,19.16,19.90,19.16,19.66,178097,1697751.25
2023/07/03,19.14,19.82,19.14,19.68,188130,1779888.13
2023/07/04,19.34,19.76,19.34,19.76,194709,1845381.75
2023/07/05,19.76,19.82,19.40,19.76,318846,3008578.25
2023/07/06,19.52,19.76,19.38,19.64,191875,1807865.75
2023/07/07,19.64,19.74,19.10,19.72,363074,3407305.50
2023/07/10,19.44,19.76,19.04,19.76,207580,1951307.63
2023/07/11,19.70,19.84,19.42,19.80,316596,2994871.50
2023/07/12,19.62,21.10,19.60,20.06,855574,8317463.00
2023/07/13,20.04,20.04,19.52,19.84,431194,4089051.00
2023/07/14,19.66,19.90,19.36,19.90,289011,2736913.75
2023/07/17,19.56,20.04,19.54,20.04,224881,2143667.75
2023/07/18,19.80,20.34,19.70,20.20,384206,3741365.25
2023/07/19,20.20,20.20,19.86,20.20,338876,3272840.50
2023/07/20,19.88,19.94,19.32,19.68,408063,3872281.50
2023/07/21,19.58,19.68,19.46,19.62,63038,595453.50
2023/07/24,19.46,19.62,19.04,19.38,113269,1055746.38
2023/07/25,19.50,19.66,19.44,19.50,87071,820619.81
2023/07/26,19.38,19.50,18.98,19.28,184601,1706070.25
2023/07/27,19.06,19.24,18.88,19.12,63269,579267.31
2023/07/28,19.14,19.14,18.62,18.98,119123,1078411.25
2023/07/31,19.00,19.12,18.72,18.92,82959,752904.00
2023/08/01,19.02,19.18,18.72,18.94,145318,1324755.75
2023/08/02,18.90,19.00,18.76,18.78,65060,590678.56
2023/08/03,18.90,18.90,18.74,18.90,55346,502648.09
2023/08/04,19.08,19.08,18.66,18.84,72584,655296.13
2023/08/07,18.90,18.90,18.30,18.50,90257,801799.50
2023/08/08,18.52,18.52,18.02,18.42,150547,1317809.00
2023/08/09,18.18,18.30,18.04,18.28,118960,1040739.00
2023/08/10,18.16,18.30,17.92,18.30,83978,727949.94
2023/08/11,17.94,18.30,17.84,17.84,101975,883876.31
2023/08/14,17.86,17.86,17.42,17.68,163791,1380002.88
2023/08/15,17.60,17.70,17.30,17.70,68910,583131.06
2023/08/16,17.50,17.68,17.34,17.34,107669,904466.75
2023/08/17,17.14,17.60,17.12,17.38,86609,720173.38
2023/08/18,17.46,17.50,17.34,17.50,89316,746680.69
2023/08/21,17.66,17.66,17.30,17.44,57877,482915.63
2023/08/22,17.42,17.66,17.36,17.66,99205,834888.38
2023/08/23,17.42,17.96,17.36,17.86,117191,998396.81
2023/08/24,17.86,18.24,17.72,18.00,148821,1283871.25
2023/08/25,17.64,17.98,17.32,17.72,191441,1619285.88
2023/08/28,17.90,18.50,16.70,17.72,452651,3761092.25
2023/08/29,17.32,17.92,17.22,17.92,191337,1629407.13
2023/08/30,17.30,17.46,15.90,17.10,673286,5351278.00
2023/08/31,16.88,16.88,16.30,16.52,183499,1443386.13
2023/09/01,16.54,16.84,16.36,16.78,218725,1745240.63
2023/09/04,17.12,18.42,16.90,18.10,782528,6510890.50
2023/09/05,17.92,19.10,17.34,19.06,888962,7723692.00
2023/09/06,18.42,18.76,17.90,18.64,248144,2204872.75
2023/09/07,18.80,19.02,18.30,19.02,320477,2894828.25
2023/09/08,19.06,19.70,18.84,19.50,1969299,18301130.00
2023/09/11,19.70,19.70,17.90,18.50,419987,3790789.75
2023/09/12,18.32,18.52,17.96,18.14,331607,2916097.75
2023/09/13,18.14,18.14,17.10,17.54,473237,3971478.00
2023/09/14,17.54,18.20,17.32,18.20,379479,3235033.25
2023/09/15,18.16,18.60,17.96,18.58,439203,3890868.50
2023/09/18,18.58,18.88,18.28,18.28,144014,1286158.25
2023/09/19,17.74,18.96,17.74,18.84,366525,3284852.25
2023/09/20,18.76,19.10,18.72,19.10,293363,2685590.75
2023/09/21,19.12,19.28,19.02,19.04,181101,1673980.00
2023/09/22,19.04,19.64,18.80,19.58,445906,4150076.25
2023/09/25,19.64,19.70,19.28,19.68,354853,3354807.75
2023/09/26,19.42,19.64,19.42,19.48,99901,940770.63
2023/09/27,19.68,20.62,19.52,20.50,895996,8662658.00
2023/09/28,20.68,22.06,20.40,22.06,1334462,13490416.00
2023/10/09,22.14,22.20,20.82,21.70,1406590,14556330.00
2023/10/10,21.34,21.88,21.00,21.84,515634,5336841.50
2023/10/11,21.78,21.78,20.84,21.14,357688,3677386.00
2023/10/12,20.92,21.50,20.64,21.46,228952,2347199.75
2023/10/13,21.22,21.60,21.10,21.60,390807,4049104.25
2023/10/16,21.48,21.48,20.78,21.18,349345,3561222.25
2023/10/17,21.36,21.44,20.78,21.20,296833,3047124.75
2023/10/18,21.18,21.18,20.50,21.14,594502,5993133.00
2023/10/19,20.92,21.10,20.46,21.10,407995,4104438.75
2023/10/20,20.88,22.30,20.64,22.30,563932,5819843.00
2023/10/23,21.70,21.70,20.50,20.92,267901,2721178.75
2023/10/24,20.68,20.88,20.44,20.74,176591,1766150.88
2023/10/25,20.72,20.72,20.50,20.50,57133,568191.69
2023/10/26,20.50,20.90,19.42,20.90,328439,3251653.75
2023/10/27,20.94,20.94,20.48,20.56,61979,618408.25
2023/10/30,20.42,20.68,20.28,20.34,269912,2662930.75
2023/10/31,20.34,20.34,19.52,19.54,267577,2565861.25
2023/11/01,19.42,20.24,19.36,19.88,409366,3915004.25
2023/11/02,19.66,20.08,19.32,20.08,373409,3590538.00
2023/11/03,19.68,21.06,19.66,20.54,366974,3594979.25
2023/11/06,20.80,21.06,20.16,20.96,523718,5214767.50
2023/11/07,20.70,21.04,20.14,20.14,130860,1283058.50
2023/11/08,20.20,22.00,19.90,20.36,1115196,11154211.00
2023/11/09,20.36,20.78,19.94,20.66,473442,4699943.50
2023/11/10,20.48,21.22,20.10,20.98,315513,3139840.00
2023/11/13,20.72,20.72,19.98,20.52,499059,4867264.50
2023/11/14,20.36,20.72,20.36,20.54,185947,1844169.88
2023/11/15,20.76,20.76,20.20,20.54,549860,5404372.50
2023/11/16,20.32,20.58,20.10,20.50,229610,2250071.75
2023/11/17,20.16,20.68,20.10,20.68,436905,4300949.00
2023/11/20,20.64,21.26,20.46,20.88,589887,5944274.00
2023/11/21,20.80,22.52,20.70,21.16,5875082,61319680.00
2023/11/22,20.98,22.90,20.52,22.90,5264678,55296212.00
2023/11/23,22.30,24.20,21.70,22.38,5471428,60691064.00
2023/11/24,22.52,27.30,22.08,26.22,7670817,91948232.00
2023/11/27,25.10,30.24,25.10,29.44,10751749,145641664.00
2023/11/28,26.92,28.52,25.76,26.30,5827956,77151752.00
2023/11/29,26.26,27.10,22.96,24.44,4826333,58225868.00
2023/11/30,24.14,25.20,23.52,24.80,1827528,21505552.00
2023/12/01,24.76,25.20,23.00,24.24,2144121,24947200.00
2023/12/04,23.50,24.30,23.50,24.12,1319531,15298208.00
2023/12/05,24.08,25.90,23.74,25.42,4532301,55280352.00
2023/12/06,25.22,25.54,24.24,24.50,2736904,32770992.00
2023/12/07,24.16,25.16,24.16,24.70,1864684,22407654.00
2023/12/08,24.82,25.24,24.54,24.96,1869750,22713668.00
2023/12/11,25.20,25.20,23.04,24.20,2030903,23372702.00
2023/12/12,23.84,24.66,23.50,24.12,985528,11488112.00
2023/12/13,23.96,25.30,23.70,24.80,3646376,43496656.00
2023/12/14,24.70,25.66,24.42,24.98,3297282,40226376.00
2023/12/15,24.94,25.54,24.50,25.06,1703609,20705454.00
2023/12/18,25.06,26.68,25.02,26.42,3350104,42360604.00
2023/12/19,26.68,26.90,25.28,25.66,1693957,21270068.00
2023/12/20,25.46,27.06,25.38,26.38,2587501,33169932.00
2023/12/21,26.64,26.64,22.70,24.66,3308872,39862128.00
2023/12/22,23.68,24.86,23.48,24.86,1561743,18410874.00
2023/12/25,24.84,25.28,24.82,25.06,1309535,15936949.00
2023/12/26,24.72,25.26,23.10,24.78,1911073,22798012.00
2023/12/27,24.50,24.68,23.80,24.42,941680,11121940.00
2023/12/28,24.50,24.60,24.02,24.56,1316492,15543477.00
2023/12/29,24.48,25.70,24.20,25.50,1818345,21949292.00
2024/01/02,25.46,26.22,25.24,25.82,2597024,32520250.00
2024/01/03,25.82,26.94,25.60,26.56,3917819,50491368.00
2024/01/04,26.20,30.38,25.92,28.68,7284987,101250616.00
2024/01/05,28.30,28.30,26.58,26.66,4558674,60820592.00
2024/01/08,27.70,29.70,26.96,28.64,7690709,106662120.00
2024/01/09,27.78,28.98,24.66,25.84,5731887,73995016.00
2024/01/10,24.90,25.82,24.16,24.74,3264369,39455756.00
2024/01/11,24.70,25.46,24.26,25.06,2086908,25140140.00
2024/01/12,24.86,25.00,21.70,22.36,3930660,44041336.00
2024/01/15,22.06,22.26,20.98,21.52,1538132,16036727.00
2024/01/16,21.76,22.70,20.98,22.50,2774268,29548322.00
2024/01/17,22.00,22.86,21.34,21.34,2085379,22349752.00
2024/01/18,21.46,22.28,20.86,22.26,2040140,21227998.00
2024/01/19,22.12,23.30,22.12,23.28,2687908,29730624.00
2024/01/22,22.72,23.04,21.32,22.70,1892293,20583946.00
2024/01/23,22.28,22.70,21.70,22.48,1252260,13601259.00
2024/01/24,22.56,22.90,21.52,22.90,1503663,16322356.00
2024/01/25,22.52,22.80,22.02,22.70,1326932,14430300.00
2024/01/26,22.52,23.02,22.14,22.68,810042,8880489.00
2024/01/29,22.80,22.80,20.60,21.58,1447524,14974445.00
2024/01/30,21.42,21.42,20.62,21.22,861241,8748258.00
2024/01/31,21.04,21.70,20.92,21.70,1087789,11210451.00
2024/02/01,21.78,21.78,19.26,20.96,1838637,18170988.00
2024/02/02,20.68,20.90,19.10,20.50,946111,9201333.00
2024/02/05,20.64,20.64,18.60,19.94,1041100,9814822.00
2024/02/06,19.62,21.66,19.10,21.52,1246993,12637298.00
2024/02/07,21.42,22.16,20.86,21.24,1289136,13395581.00
2024/02/08,21.08,22.02,20.32,21.98,1077653,11186559.00
2024/02/19,22.00,22.18,21.32,21.58,321393,3371417.50
数据来源:通达信
