836826 盖世食品 日线 后复权
      日期	    开盘	    最高	    最低	    收盘	    成交量	    成交额
2017/06/16,2.00,2.00,2.00,2.00,250000,500000.00
2017/09/20,2.00,2.00,2.00,2.00,1000000,2000000.00
2017/09/29,2.40,2.40,2.40,2.40,100000,240000.00
2017/10/09,2.40,2.40,2.40,2.40,200000,480000.00
2017/11/15,3.20,3.20,3.20,3.20,1000,3200.00
2017/11/21,3.31,3.94,3.31,3.90,9000,32430.00
2017/11/22,4.00,5.05,4.00,5.00,17000,78550.00
2017/11/23,5.10,5.30,5.09,5.30,5000,25890.00
2017/11/24,5.50,5.50,5.50,5.50,2000,11000.00
2017/11/27,5.40,5.40,5.04,5.34,10000,52020.00
2017/11/28,5.52,6.30,5.45,6.30,12000,70350.00
2017/11/29,6.30,7.80,6.30,7.80,4000,28900.00
2017/11/30,7.80,8.63,7.80,7.90,8000,66250.00
2017/12/01,8.31,9.00,8.31,9.00,3000,26040.00
2017/12/04,9.03,9.90,9.03,9.80,9000,85680.00
2017/12/05,10.10,11.20,10.10,11.10,17000,180780.00
2017/12/06,10.60,10.60,10.07,10.07,4000,41350.00
2017/12/07,9.98,9.98,8.93,8.93,8000,75460.00
2019/08/19,9.13,9.13,9.13,9.13,3000,18000.00
2020/01/16,6.63,6.63,6.63,6.63,1000,4310.00
2020/01/17,6.55,6.55,6.55,6.55,1000,4250.00
2020/01/20,6.90,6.90,6.90,6.90,1000,4490.00
2020/01/21,6.91,6.91,6.91,6.91,153000,490900.00
2020/01/22,6.91,6.91,6.91,6.91,156000,499200.00
2020/01/23,6.91,6.91,6.91,6.91,156000,499200.00
2020/02/03,6.91,6.91,6.91,6.91,280000,897300.00
2020/02/04,6.91,6.91,6.91,6.91,281000,899200.00
2020/02/05,6.91,6.91,6.91,6.91,281000,899200.00
2020/02/06,6.91,7.65,6.91,7.65,166000,534300.00
2020/02/14,7.06,7.06,7.06,7.06,5000,23000.00
2020/02/27,7.06,7.06,7.06,7.06,10000,46000.00
2020/02/28,5.07,6.91,5.07,6.91,28000,92250.00
2020/03/03,10.60,10.60,10.60,10.60,8000,56000.00
2020/03/05,10.60,10.60,6.91,10.60,14000,90500.00
2020/03/06,6.91,6.93,6.91,6.93,26000,117060.00
2020/03/09,6.91,10.60,6.91,10.60,8000,43500.00
2020/03/10,10.60,10.60,10.59,10.59,2000,13990.00
2020/03/11,10.59,10.59,10.59,10.59,1000,6990.00
2020/03/12,6.93,10.45,6.93,10.45,6000,36620.00
2020/03/16,7.06,10.60,7.06,10.60,31000,145000.00
2020/03/17,10.59,10.59,10.59,10.59,1000,6990.00
2020/03/18,10.44,10.44,9.13,9.13,9000,58450.00
2020/03/19,12.08,12.08,12.08,12.08,1000,8000.00
2020/03/20,10.60,12.67,10.60,12.67,4000,30400.00
2020/03/23,12.96,12.96,12.96,12.96,1000,8600.00
2020/03/24,9.86,12.08,9.86,12.08,4000,30500.00
2020/03/25,12.08,12.08,12.08,12.08,3000,24000.00
2020/03/26,13.38,13.38,13.38,13.38,5000,44400.00
2020/03/27,15.01,15.01,10.60,15.01,7000,60070.00
2020/03/30,12.81,13.35,12.81,13.35,300,2622.00
2020/04/01,11.63,11.90,11.63,11.63,4100,31768.00
2020/04/02,11.78,12.73,11.78,12.71,300,2467.00
2020/04/03,13.38,13.38,13.38,13.38,2000,17760.00
2020/04/07,11.93,11.93,11.34,11.34,3100,23450.00
2020/04/08,13.38,13.38,12.08,12.08,6100,48888.00
2020/04/10,12.08,12.08,12.08,12.08,500,4000.00
2020/04/13,13.38,13.38,13.38,13.38,500,4440.00
2020/04/14,13.38,15.12,13.38,15.12,4300,40367.00
2020/04/16,15.47,15.47,15.47,15.47,200,2060.00
2020/04/17,15.47,15.91,15.47,15.91,300,3150.00
2020/04/20,16.35,16.66,16.35,16.66,900,9894.00
2020/04/27,22.40,22.40,22.40,22.40,600,9000.00
2020/04/28,22.40,22.40,22.40,22.40,1000,15000.00
2020/04/29,22.40,22.40,22.40,22.40,800,12000.00
2020/04/30,22.40,22.40,22.40,22.40,300,4500.00
2020/05/06,22.40,22.40,22.40,22.40,200,3000.00
2020/05/11,22.40,22.40,22.40,22.40,2200,33000.00
2020/05/12,22.40,22.40,22.40,22.40,3000,45000.00
2020/05/15,22.40,22.40,22.40,22.40,700,10500.00
2020/06/03,22.39,25.28,22.39,25.28,5000,55840.00
2020/06/04,25.28,25.28,25.28,25.28,1000,12000.00
2020/06/08,27.34,27.34,27.34,27.34,400,5200.00
2020/06/23,27.34,27.34,27.34,27.34,4200,54600.00
2020/07/07,21.13,21.13,21.13,21.13,200,2797.20
2020/07/08,25.28,25.28,25.28,25.28,200,3360.00
2020/07/09,13.09,23.23,13.09,23.23,412600,2576742.50
2020/07/10,20.74,25.28,20.74,25.28,62000,608550.00
2020/07/13,25.28,25.28,25.28,25.28,50000,600000.00
2020/07/16,27.41,27.43,27.41,27.43,800,10425.00
2020/07/17,27.34,27.34,27.34,27.34,300,3900.00
2020/07/28,14.71,14.71,14.71,14.71,100,688.00
2021/01/12,7.85,11.86,7.83,9.60,15258500,61048416.00
2021/01/13,9.34,10.78,9.34,10.64,3626400,16612146.00
2021/01/14,11.03,11.42,10.62,11.28,1585000,8065237.50
2021/01/15,11.30,11.44,10.10,10.35,2460100,12042092.00
2021/01/18,10.35,11.19,10.10,11.13,1363600,6776610.00
2021/01/19,11.03,11.79,11.03,11.50,977400,5198598.50
2021/01/20,11.50,13.05,11.50,12.60,1615100,9339257.00
2021/01/21,12.89,14.64,12.52,14.52,1170100,7431945.00
2021/01/22,14.75,18.36,14.75,18.26,2129400,16481523.00
2021/01/25,19.04,22.35,17.18,18.15,1982600,17754136.00
2021/01/26,18.46,19.43,18.05,18.67,873700,7768389.00
2021/01/27,18.28,19.48,15.57,16.56,1184500,9726807.00
2021/01/28,15.99,16.36,14.29,14.44,1033100,7319053.00
2021/01/29,14.75,15.14,13.71,14.13,705700,4764715.50
2021/02/01,13.88,14.83,13.03,13.98,1095400,7073115.00
2021/02/02,14.13,14.21,13.47,14.02,463800,2973702.50
2021/02/03,13.88,14.83,13.88,14.79,559900,3793912.25
2021/02/04,14.95,15.99,14.95,15.86,645400,4685162.50
2021/02/05,15.57,16.44,15.49,15.80,484900,3633571.50
2021/02/08,15.78,15.94,12.70,13.28,949900,6111342.00
2021/02/09,12.97,13.40,12.31,13.30,598900,3593482.00
2021/02/10,13.01,14.11,13.01,13.45,510800,3203435.25
2021/02/18,13.24,13.51,12.87,13.01,730100,4457767.50
2021/02/19,13.26,13.26,12.56,13.05,495300,2984441.75
2021/02/22,12.89,13.14,12.72,13.12,569200,3419196.00
2021/02/23,12.93,13.12,12.81,12.87,206900,1242459.13
2021/02/24,12.64,13.09,12.64,12.97,525900,3171052.75
2021/02/25,12.79,12.99,12.72,12.85,119700,715793.00
2021/02/26,12.89,12.97,12.72,12.76,198200,1182721.63
2021/03/01,13.22,13.22,12.72,12.87,265700,1592726.25
2021/03/02,12.89,12.95,12.76,12.81,285600,1710802.50
2021/03/03,12.76,13.01,12.60,12.99,406000,2427217.25
2021/03/04,12.99,13.80,12.85,13.53,447900,2807468.00
2021/03/05,13.43,13.69,13.26,13.49,309600,1943380.00
2021/03/08,13.28,13.47,12.68,12.70,401000,2416792.00
2021/03/09,12.74,12.87,12.70,12.74,58800,349686.19
2021/03/10,12.76,12.93,12.68,12.72,72600,431636.59
2021/03/11,12.62,12.87,12.62,12.85,38400,229023.38
2021/03/12,12.74,12.89,12.70,12.81,72800,434466.56
2021/03/15,12.81,12.81,12.27,12.62,297300,1738861.50
2021/03/16,12.72,12.72,12.29,12.64,360500,2094214.63
2021/03/17,12.79,12.79,12.43,12.60,73500,428143.56
2021/03/18,12.60,12.60,12.39,12.56,151400,879877.94
2021/03/19,12.68,12.68,12.41,12.58,167100,972397.75
2021/03/22,12.54,12.87,12.35,12.83,356200,2083728.25
2021/03/23,12.83,13.09,12.66,12.97,223900,1344665.13
2021/03/24,12.87,13.07,12.81,12.93,121900,735841.50
2021/03/25,12.83,12.97,12.72,12.91,46100,276646.56
2021/03/26,12.97,13.03,12.79,12.89,181200,1087043.00
2021/03/29,12.60,12.91,12.60,12.91,255000,1510415.75
2021/03/30,12.89,12.89,12.70,12.85,163200,976878.69
2021/03/31,12.97,13.14,12.74,13.01,161100,975740.75
2021/04/01,12.89,13.03,12.81,12.89,151600,907817.25
2021/04/02,12.89,12.95,12.68,12.95,183500,1090668.50
2021/04/06,12.83,12.95,12.79,12.89,127000,758288.00
2021/04/07,13.20,13.20,12.85,13.12,117100,714235.56
2021/04/08,13.20,13.34,12.95,13.28,212700,1305841.25
2021/04/09,13.24,14.66,13.24,14.09,763200,5004324.00
2021/04/12,14.09,14.52,13.92,14.33,531200,3496652.50
2021/04/13,14.54,14.71,14.23,14.33,395700,2665245.75
2021/04/14,14.25,16.17,14.23,15.37,595200,4318286.50
2021/04/15,15.51,16.15,15.41,15.55,376300,2797657.25
2021/04/16,15.49,15.82,15.04,15.45,246100,1770549.00
2021/04/19,15.37,15.43,14.87,14.89,500600,3540994.50
2021/04/20,14.81,15.12,14.79,14.99,139800,980730.31
2021/04/21,14.93,15.30,14.93,15.30,132600,940700.00
2021/04/22,15.12,15.35,15.10,15.35,101000,720387.25
2021/04/23,15.43,15.99,15.30,15.51,233700,1716676.00
2021/04/26,15.47,15.47,15.18,15.35,99300,709698.63
2021/04/27,15.68,15.68,14.02,14.52,278400,1928050.75
2021/04/28,14.58,14.58,13.09,13.51,730700,4580567.50
2021/04/29,13.45,13.51,13.01,13.51,279100,1723072.00
2021/04/30,13.28,13.96,13.28,13.69,245500,1569349.00
2021/05/06,13.67,13.67,13.28,13.40,151500,946461.63
2021/05/07,13.65,13.67,13.09,13.09,98100,606563.38
2021/05/10,13.12,13.45,13.01,13.28,201800,1234749.88
2021/05/11,13.36,13.38,13.07,13.26,66000,404353.25
2021/05/12,13.24,13.28,13.03,13.28,149400,913136.69
2021/05/13,13.20,13.40,13.12,13.36,21200,131993.03
2021/05/14,13.51,13.57,13.30,13.57,72200,454138.53
2021/05/17,13.80,14.15,13.47,13.88,42900,271262.81
2021/05/18,14.07,14.07,13.57,13.90,53000,336701.41
2021/05/19,14.00,14.91,14.00,14.58,522800,3510355.50
2021/05/20,14.54,14.91,14.40,14.91,383300,2588404.25
2021/05/21,15.08,15.08,14.58,14.95,159600,1089967.50
2021/05/24,14.68,14.89,14.33,14.73,121400,814348.56
2021/05/25,14.46,14.85,14.46,14.75,77800,523385.16
2021/05/26,14.79,14.79,14.23,14.66,115200,765956.44
2021/05/27,14.58,14.81,14.17,14.56,72400,481710.84
2021/05/28,14.54,14.54,13.53,14.02,126400,822937.31
2021/05/31,14.07,14.25,13.71,14.13,261400,1674151.63
2021/06/01,13.82,14.29,13.82,14.13,69500,446654.16
2021/06/02,13.86,14.02,13.84,13.86,22300,142605.56
2021/06/03,13.76,14.09,13.53,13.76,168800,1059992.25
2021/06/04,13.67,14.02,13.63,13.88,25400,161328.13
2021/06/07,13.88,14.02,13.71,13.92,179000,1143791.13
2021/06/08,13.92,14.07,13.88,14.00,84600,541954.25
2021/06/09,13.92,14.02,13.71,14.02,304400,1940970.00
2021/06/10,14.02,14.40,13.71,13.94,385100,2481225.00
2021/06/11,13.96,14.04,13.88,13.96,70900,455671.97
2021/06/15,14.02,14.13,13.82,14.00,219100,1408977.63
2021/06/16,13.92,14.09,13.67,13.86,261500,1659352.00
2021/06/17,13.86,13.94,13.82,13.90,125400,799161.50
2021/06/18,13.82,14.09,13.76,13.90,123800,795965.25
2021/06/21,13.82,13.90,13.71,13.82,227200,1434502.25
2021/06/22,13.63,13.80,13.32,13.51,183900,1146382.63
2021/06/23,13.51,13.59,13.40,13.47,123100,763438.25
2021/06/24,13.57,14.09,13.55,13.78,599400,3814169.00
2021/06/25,13.82,13.92,13.61,13.71,490300,3095495.75
2021/06/28,13.63,14.09,13.63,13.73,426800,2718344.75
2021/06/29,13.73,13.86,13.59,13.73,272400,1712373.75
2021/06/30,13.51,13.73,13.51,13.67,233300,1459942.88
2021/07/01,13.57,13.59,13.40,13.51,339700,2100991.75
2021/07/02,13.51,13.51,13.22,13.28,278100,1692487.13
2021/07/05,13.51,13.51,13.12,13.14,255300,1540918.50
2021/07/06,13.16,13.24,13.12,13.12,135900,819297.88
2021/07/07,13.12,13.12,12.89,13.01,280400,1675177.25
2021/07/08,13.05,13.05,12.76,12.85,226800,1340489.25
2021/07/09,12.89,13.16,12.68,13.16,164000,964396.94
2021/07/12,13.07,13.26,12.95,13.07,489100,2941632.50
2021/07/13,13.01,13.07,12.93,12.97,180000,1071153.00
2021/07/14,12.97,13.16,12.91,13.14,234300,1394759.25
2021/07/15,13.12,13.14,12.48,13.03,92300,543128.50
2021/07/16,12.87,13.09,12.83,13.09,138900,826771.63
2021/07/19,13.20,13.49,13.18,13.30,472700,2899350.00
2021/07/20,13.40,13.53,13.20,13.40,112300,691374.69
2021/07/21,13.40,13.49,13.30,13.40,103300,635876.50
2021/07/22,13.32,13.51,12.91,13.09,207000,1245122.25
2021/07/23,13.26,13.26,13.07,13.18,91100,548088.69
2021/07/26,13.09,13.16,12.99,13.12,41200,246957.59
2021/07/27,13.07,13.09,12.54,12.72,307800,1802527.25
2021/07/28,12.66,12.68,12.29,12.31,274900,1567816.38
2021/07/29,12.54,12.58,12.33,12.58,152900,866269.81
2021/07/30,12.43,12.56,12.39,12.56,63400,360146.63
2021/08/02,12.48,12.50,12.06,12.29,124200,695824.81
2021/08/03,11.81,12.23,11.81,11.94,121800,663314.19
2021/08/04,11.96,12.06,11.77,12.06,43700,238110.86
2021/08/05,12.04,12.10,11.90,12.10,88600,484928.28
2021/08/06,12.06,12.79,11.96,12.79,303100,1735103.88
2021/08/09,12.70,13.03,12.52,12.72,292600,1716322.88
2021/08/10,12.72,12.72,12.52,12.68,61300,353123.94
2021/08/11,12.64,12.81,12.64,12.76,106100,618133.19
2021/08/12,12.81,12.97,12.62,12.83,155400,915119.31
2021/08/13,12.83,12.83,12.58,12.66,155300,899204.69
2021/08/16,12.66,12.99,12.48,12.56,246300,1428265.00
2021/08/17,12.56,12.79,12.54,12.62,221300,1280143.63
2021/08/18,12.60,12.60,12.54,12.60,99300,570571.00
2021/08/19,12.56,12.66,12.54,12.66,131900,758938.38
2021/08/20,12.64,12.74,12.58,12.74,82300,476184.94
2021/08/23,12.74,12.74,12.37,12.39,196200,1115318.13
2021/08/24,12.43,12.43,12.17,12.19,174000,972756.81
2021/08/25,12.17,12.17,11.90,12.06,138300,756271.31
2021/08/26,11.98,12.23,11.79,11.84,111300,603833.13
2021/08/27,11.84,11.96,11.77,11.88,93900,506044.81
2021/08/30,11.88,12.17,11.69,12.14,312500,1694751.50
2021/08/31,11.73,12.79,11.73,12.48,256500,1461975.75
2021/09/01,12.48,12.68,12.43,12.56,177600,1013352.88
2021/09/02,12.60,12.87,12.60,12.79,63500,369322.56
2021/09/03,14.75,14.75,12.89,13.51,1652300,10285900.00
2021/09/06,14.07,17.29,14.04,15.57,3241100,23667666.00
2021/09/07,15.97,16.71,15.39,15.39,1303600,9684732.00
2021/09/08,15.41,16.71,15.37,16.40,1278100,9537553.00
2021/09/09,16.58,19.17,16.58,19.00,1869600,15618765.00
2021/09/10,19.29,19.91,18.40,19.33,1804300,16318567.00
2021/09/13,19.68,20.98,18.46,19.06,1809600,16574303.00
2021/09/14,19.06,19.29,18.30,18.65,1173800,10238820.00
2021/09/15,18.69,18.69,16.96,17.33,1186500,9750456.00
2021/09/16,17.22,17.51,15.80,16.25,939900,7137931.00
2021/09/17,16.30,17.22,16.19,17.12,703400,5491390.00
2021/09/22,18.86,19.48,18.26,19.15,1532400,13471359.00
2021/09/23,19.08,19.50,18.67,18.98,492300,4365993.00
2021/09/24,19.10,19.64,18.94,19.43,1046000,9467719.00
2021/09/27,19.56,19.58,18.61,18.88,651600,5771541.50
2021/09/28,18.88,19.15,18.63,19.04,383900,3386002.75
2021/09/29,18.77,19.06,18.71,19.04,276200,2431257.75
2021/09/30,19.04,20.45,18.96,19.68,1166100,10635969.00
2021/10/08,20.20,20.20,18.86,19.25,718600,6395420.00
2021/10/11,19.25,19.29,18.92,19.06,327100,2911556.75
2021/10/12,19.06,19.12,18.07,18.40,1143900,9853769.00
2021/10/13,18.46,18.71,18.26,18.71,958900,8235668.00
2021/10/14,18.77,18.88,18.57,18.75,196500,1713344.50
2021/10/15,18.61,18.86,18.61,18.81,232500,2030612.75
2021/10/18,18.88,18.88,18.46,18.77,136400,1187763.75
2021/10/19,18.77,18.88,18.61,18.81,154400,1354758.25
2021/10/20,18.88,19.33,18.63,18.94,525900,4661168.50
2021/10/21,18.88,19.10,18.71,18.94,303600,2672990.75
2021/10/22,18.81,19.08,18.81,19.08,254100,2246900.25
2021/10/25,19.21,19.25,18.88,19.02,240100,2127417.00
2021/10/26,18.88,18.98,18.09,18.17,398100,3428518.25
2021/10/27,17.84,18.22,16.71,17.18,273200,2193694.00
2021/10/28,16.56,17.68,16.30,16.71,286900,2199396.25
2021/10/29,16.58,17.16,16.58,17.06,303000,2378340.75
2021/11/01,20.88,21.95,19.70,21.95,2902200,28959948.00
2021/11/02,23.96,26.10,22.80,25.15,3681100,43278172.00
2021/11/03,25.28,25.55,24.20,25.36,1493400,17474766.00
2021/11/04,25.24,30.79,25.24,29.57,2361800,32432268.00
2021/11/05,30.65,31.93,28.97,31.89,1960300,28322236.00
2021/11/08,31.89,40.50,31.43,32.69,3218700,54283472.00
2021/11/09,32.88,36.55,32.07,36.55,2285900,37340912.00
2021/11/10,36.22,40.04,35.81,39.96,1854900,33564308.00
2021/11/11,40.97,42.87,33.13,35.15,3913500,68992080.00
2021/11/12,34.78,35.11,32.13,33.19,3155500,50137796.00
2021/11/15,33.64,33.64,28.95,30.03,3548300,52110288.00
2021/11/16,29.61,31.43,28.21,28.79,2350800,32805660.00
2021/11/17,29.59,29.59,27.12,27.92,2208900,29166206.00
2021/11/18,27.92,28.36,26.93,28.17,1479900,19226144.00
2021/11/19,28.58,31.16,28.29,30.19,3201500,45073276.00
2021/11/22,29.66,30.59,29.22,29.92,1871500,26234414.00
2021/11/23,29.68,30.79,29.39,30.69,2190700,31207058.00
2021/11/24,30.34,30.90,29.35,29.80,1498200,21153884.00
2021/11/25,29.61,29.61,28.58,28.93,1455900,20024190.00
2021/11/26,28.58,28.95,27.84,28.07,1045700,13955114.00
2021/11/29,27.71,27.74,27.16,27.32,853700,11013972.00
2021/11/30,27.53,27.94,26.68,26.87,629400,8085687.00
2021/12/01,26.74,26.85,25.82,26.50,686200,8494174.00
2021/12/02,26.62,27.12,26.17,26.31,669600,8389249.00
2021/12/03,26.48,26.48,24.56,24.84,1370700,16239221.00
2021/12/06,24.87,24.87,23.23,23.42,1068200,11939209.00
2021/12/07,23.77,23.77,22.43,23.01,887000,9544792.00
2021/12/08,23.15,24.35,22.88,24.04,1450500,16180854.00
2021/12/09,24.08,24.08,23.13,23.75,912600,10114002.00
2021/12/10,23.83,23.83,23.38,23.67,334400,3704098.75
2021/12/13,23.69,25.38,23.63,25.05,1641000,18871728.00
2021/12/14,25.05,27.16,25.05,26.56,2460100,30334480.00
2021/12/15,26.60,26.60,25.38,25.79,945600,11422365.00
2021/12/16,25.69,25.88,24.78,25.24,774300,9227171.00
2021/12/17,24.91,25.05,24.14,24.25,707200,8153969.00
2021/12/20,24.45,24.45,23.28,23.42,718100,7968636.00
2021/12/21,23.61,24.18,23.46,23.61,413600,4641338.00
2021/12/22,23.63,24.62,23.17,24.43,1036400,11781211.00
2021/12/23,24.60,25.46,24.56,24.66,934200,10987540.00
2021/12/24,24.37,25.90,23.85,25.86,1603300,19120838.00
2021/12/27,25.96,27.67,25.55,27.55,2092300,26552052.00
2021/12/28,27.57,30.42,27.57,29.97,3264000,45113324.00
2021/12/29,29.99,30.65,28.42,28.69,2547400,34951208.00
2021/12/30,29.57,30.44,28.73,29.35,1894800,26344854.00
2021/12/31,29.61,33.33,29.20,30.96,2971000,43596156.00
2022/01/04,30.96,31.43,29.14,30.52,1859300,26405622.00
2022/01/05,30.65,33.21,29.24,29.41,2649300,39107148.00
2022/01/06,28.71,28.79,26.97,27.36,1953700,25499166.00
2022/01/07,27.03,28.58,27.03,28.19,1226000,16169523.00
2022/01/10,28.44,28.52,27.34,28.17,902386,11926362.00
2022/01/11,28.52,28.52,27.36,27.49,809368,10734850.00
2022/01/12,27.51,35.52,27.49,35.52,5493526,84068520.00
2022/01/13,39.69,44.07,37.87,41.12,10001147,193224288.00
2022/01/14,41.76,43.66,36.02,37.87,10180071,196260048.00
2022/01/17,36.04,40.95,35.40,39.94,7827341,142499056.00
2022/01/18,38.49,38.70,30.98,31.72,6959582,115184304.00
2022/01/19,32.03,34.53,31.49,33.74,4740584,74438192.00
2022/01/20,33.72,36.82,33.31,34.78,5374443,89746168.00
2022/01/21,33.70,33.70,31.29,32.36,3656836,55986712.00
2022/01/24,32.88,33.44,31.43,32.67,2594313,39975432.00
2022/01/25,32.30,32.34,29.74,30.13,2355083,34984912.00
2022/01/26,29.84,30.65,27.88,28.50,2419337,33112826.00
2022/01/27,28.50,29.06,27.24,27.34,1628357,21462388.00
2022/01/28,27.88,29.99,27.34,28.89,2383206,32498414.00
2022/02/07,30.03,30.79,29.00,29.24,1816094,25557762.00
2022/02/08,28.83,30.52,28.83,30.34,1601116,22604264.00
2022/02/09,30.07,31.20,29.99,30.38,1767292,25522864.00
2022/02/10,30.11,30.11,29.04,29.20,1309108,18195558.00
2022/02/11,29.22,29.31,26.72,27.16,2220207,28879058.00
2022/02/14,26.85,27.32,26.37,27.14,911416,11565440.00
2022/02/15,27.16,27.84,26.83,26.97,959725,12306510.00
2022/02/16,26.83,27.65,26.83,26.93,883468,11376096.00
2022/02/17,27.24,28.58,26.97,27.76,1747011,22971300.00
2022/02/18,27.36,28.13,27.26,27.74,805062,10528140.00
2022/02/21,27.55,27.71,26.62,27.14,1628555,20686410.00
2022/02/22,26.89,26.89,25.69,26.04,1274743,15724217.00
2022/02/23,26.50,26.87,26.12,26.43,936176,11658031.00
2022/02/24,26.17,26.39,24.91,25.09,1101210,13251436.00
2022/02/25,25.48,25.77,25.32,25.42,680989,8179880.50
2022/02/28,25.48,25.65,24.97,25.46,554613,6589065.00
2022/03/01,25.75,26.79,25.34,26.41,846943,10472190.00
2022/03/02,26.15,26.77,25.92,26.39,531441,6604537.50
2022/03/03,26.48,31.43,26.41,30.23,3590059,49552436.00
2022/03/04,28.58,29.61,27.88,28.07,1713550,23157866.00
2022/03/07,28.36,28.36,26.79,26.93,763735,9788194.00
2022/03/08,26.99,29.20,26.79,28.15,1888309,25196100.00
2022/03/09,28.23,29.82,27.34,27.96,1316283,17719686.00
2022/03/10,28.97,29.16,27.59,28.02,1115292,14850031.00
2022/03/11,27.57,29.59,27.26,28.89,2233462,30290826.00
2022/03/14,29.00,31.27,28.56,29.78,3688581,51914192.00
2022/03/15,29.49,29.70,27.14,27.71,2205911,29404152.00
2022/03/16,28.13,28.52,26.97,27.98,1535051,20091294.00
2022/03/17,28.48,30.42,27.98,29.18,2449058,33913956.00
2022/03/18,28.69,29.47,28.00,28.21,1184029,15887091.00
2022/03/21,28.50,32.05,28.17,29.88,2970885,42513232.00
2022/03/22,29.53,29.59,28.58,29.59,1701185,23264460.00
2022/03/23,29.55,31.06,29.00,29.95,1295392,18506736.00
2022/03/24,30.17,30.17,29.10,29.39,1000572,13938882.00
2022/03/25,29.61,30.34,29.00,30.03,1358689,19217022.00
2022/03/28,30.03,32.26,29.37,30.50,2009714,29347268.00
2022/03/29,30.32,31.97,30.32,31.18,1994628,29313600.00
2022/03/30,31.08,31.37,30.42,31.06,1575369,22917544.00
2022/03/31,30.96,31.27,29.61,29.92,1227500,17620112.00
2022/04/01,30.30,30.30,29.00,29.99,1122689,15669276.00
2022/04/06,29.97,30.15,29.37,29.80,606175,8520873.00
2022/04/07,29.64,29.64,27.45,27.84,1415738,18971498.00
2022/04/08,27.90,28.17,25.88,26.29,1651942,20650384.00
2022/04/11,26.29,28.58,25.11,26.66,1317633,16933240.00
2022/04/12,26.00,27.10,25.48,26.02,950518,11652109.00
2022/04/13,26.17,26.79,25.38,26.02,867542,10698441.00
2022/04/14,25.84,26.81,25.82,26.35,806024,9971168.00
2022/04/15,26.08,27.18,26.08,26.37,814654,10241823.00
2022/04/18,26.46,27.01,25.71,26.56,681163,8499988.00
2022/04/19,26.10,27.26,26.10,26.79,759242,9576267.00
2022/04/20,26.64,29.68,26.12,27.57,2171451,28550102.00
2022/04/21,26.52,27.01,26.33,26.52,1415838,17705848.00
2022/04/22,25.94,26.17,24.35,25.18,1055368,12590446.00
2022/04/25,25.03,25.03,22.66,22.90,941364,10557373.00
2022/04/26,23.40,23.83,22.14,22.68,477965,5168552.50
2022/04/27,22.64,22.64,20.94,22.49,719910,7443751.00
2022/04/28,22.43,23.15,21.81,22.26,471364,4948988.50
2022/04/29,22.30,22.80,22.18,22.66,666466,7043885.00
2022/05/05,21.83,21.83,18.22,20.07,2085936,19678690.00
2022/05/06,19.93,20.90,19.29,19.87,727636,6831836.00
2022/05/09,19.91,20.65,19.89,20.32,523071,4973134.50
2022/05/10,20.32,20.67,20.28,20.51,323791,3096866.75
2022/05/11,20.71,21.15,20.32,20.74,538911,5253267.50
2022/05/12,20.90,20.94,19.97,20.16,327514,3114545.25
2022/05/13,20.57,20.94,19.97,20.51,527052,4998552.00
2022/05/16,20.51,22.37,20.51,21.95,964938,9696360.00
2022/05/17,21.99,22.45,21.42,21.89,453656,4574330.50
2022/05/18,21.97,22.14,21.11,21.27,400646,3988685.75
2022/05/19,20.92,21.48,20.92,20.98,371576,3630401.75
2022/05/20,20.74,21.97,20.74,21.40,264298,2623551.25
2022/05/23,21.27,21.75,21.27,21.44,226970,2258564.50
2022/05/24,21.15,21.33,20.51,20.76,386170,3739729.50
2022/05/25,20.96,20.96,20.22,20.49,189291,1796226.00
2022/05/26,20.76,20.76,20.18,20.26,205141,1930149.38
2022/05/27,20.61,20.61,19.91,20.12,159824,1488683.88
2022/05/30,20.20,20.55,19.97,20.28,232602,2176309.50
2022/05/31,20.49,21.50,20.32,20.94,641856,6257512.00
2022/06/01,20.67,21.42,20.49,20.78,342399,3282131.00
2022/06/02,20.78,20.78,20.07,20.16,405463,3798813.50
2022/06/06,20.53,20.57,19.99,20.14,545335,5095844.00
2022/06/07,20.32,20.32,20.07,20.14,215969,2013150.75
2022/06/08,20.36,20.90,20.05,20.59,562622,5302880.00
2022/06/09,20.36,20.71,20.12,20.30,267966,2520560.50
2022/06/10,20.32,20.49,20.03,20.12,472887,4402236.50
2022/06/13,19.91,20.18,19.81,19.85,234847,2169145.75
2022/06/14,20.01,20.01,19.08,19.45,263646,2369869.25
2022/06/15,19.10,20.03,19.10,19.91,370612,3361456.50
2022/06/16,20.05,20.05,19.52,19.58,241186,2214009.00
2022/06/17,19.83,19.97,19.56,19.83,141356,1292271.13
2022/06/20,19.97,20.01,19.70,19.89,193369,1768572.00
2022/06/21,19.70,19.99,19.56,19.81,120670,1098290.00
2022/06/22,19.89,19.89,19.08,19.87,270032,2427500.25
2022/06/23,19.60,19.76,19.39,19.74,103004,930793.44
2022/06/24,19.83,19.83,19.62,19.76,124461,1134251.13
2022/06/27,19.89,20.76,19.72,20.32,488543,4599980.00
2022/06/28,20.45,22.26,20.34,21.81,916558,9118684.00
2022/06/29,21.58,23.63,21.46,22.08,902395,9422104.00
2022/06/30,22.47,25.01,22.43,24.45,1796498,19957430.00
2022/07/01,23.63,24.18,22.08,22.86,1028655,10944311.00
2022/07/04,22.59,22.94,22.28,22.39,300013,3136212.00
2022/07/05,22.37,22.59,21.77,22.04,237704,2424596.50
2022/07/06,21.77,22.41,21.69,22.04,253664,2576004.00
2022/07/07,21.97,22.04,21.73,21.93,120907,1229304.75
2022/07/08,21.93,22.14,21.64,21.93,158064,1603936.50
2022/07/11,21.95,21.95,21.58,21.83,225113,2265092.00
2022/07/12,21.77,21.89,21.56,21.87,94631,953410.13
2022/07/13,21.87,22.14,21.66,22.02,95986,978504.38
2022/07/14,21.56,22.10,21.56,22.06,164928,1669588.50
2022/07/15,22.06,22.06,21.66,21.66,122574,1242638.88
2022/07/18,22.08,22.16,21.66,21.91,112690,1150056.63
2022/07/19,22.10,22.14,21.81,22.08,123661,1265161.38
2022/07/20,22.06,22.57,22.06,22.45,178973,1856812.25
2022/07/21,22.61,23.87,22.61,23.63,592784,6483830.00
2022/07/22,23.92,23.92,22.88,23.32,206881,2238784.00
2022/07/25,22.88,23.46,22.76,23.38,102066,1093934.13
2022/07/26,23.40,23.54,23.11,23.52,136976,1488704.38
2022/07/27,23.52,23.67,23.34,23.42,132880,1453642.63
2022/07/28,23.13,23.81,23.13,23.54,110746,1207307.38
2022/07/29,23.21,24.00,23.21,23.79,320584,3550821.50
2022/08/01,23.69,24.23,23.63,24.12,268639,2987781.25
2022/08/02,23.87,24.08,22.88,23.09,347508,3835059.50
2022/08/03,23.79,23.79,22.90,23.36,71551,768684.63
2022/08/04,22.94,23.30,22.94,23.28,31059,333482.19
2022/08/05,23.36,23.36,23.01,23.34,59619,640529.75
2022/08/08,23.03,23.40,22.97,22.99,72634,779453.63
2022/08/09,22.99,23.17,22.72,22.76,78583,835123.75
2022/08/10,22.97,22.97,21.81,22.10,202053,2088504.38
2022/08/11,21.81,22.55,21.79,22.51,170460,1753648.75
2022/08/12,22.08,22.51,22.08,22.51,128136,1325345.25
2022/08/15,22.45,22.55,22.14,22.49,47287,491085.41
2022/08/16,22.47,22.74,22.16,22.43,38344,397994.13
2022/08/17,22.76,22.76,22.08,22.18,44308,457557.97
2022/08/18,22.08,22.45,21.81,22.16,68409,698635.19
2022/08/19,21.93,22.51,21.93,22.33,125824,1299929.88
2022/08/22,22.02,22.26,21.99,22.26,62743,642665.06
2022/08/23,22.70,22.74,22.28,22.41,89309,934435.38
2022/08/24,22.39,22.39,21.60,21.95,99872,1015153.50
2022/08/25,22.18,22.18,21.71,22.04,78329,795096.88
2022/08/26,22.49,22.49,21.77,22.08,86010,879849.81
2022/08/29,22.18,23.09,21.77,22.76,239240,2506726.75
2022/08/30,22.64,22.90,22.30,22.70,68126,714573.69
2022/08/31,22.59,22.94,22.20,22.80,143194,1514197.25
2022/09/01,23.38,23.38,22.66,23.01,307511,3302091.00
2022/09/02,23.30,23.30,22.53,22.72,131808,1391036.13
2022/09/05,22.74,23.21,22.51,22.70,52577,554152.25
2022/09/06,22.84,22.84,22.49,22.74,14879,156406.69
2022/09/07,22.94,22.94,22.53,22.72,61153,643166.19
2022/09/08,22.47,22.80,22.47,22.55,54278,568278.88
2022/09/09,22.59,22.59,22.08,22.43,66840,692877.75
2022/09/13,22.59,22.90,22.39,22.76,129908,1371093.13
2022/09/14,22.08,22.74,22.08,22.59,83151,866285.06
2022/09/15,22.76,22.76,21.93,22.37,110647,1139894.25
2022/09/16,21.83,22.80,21.77,22.47,279769,2927054.75
2022/09/19,22.43,22.43,21.56,21.60,197672,1999738.00
2022/09/20,17.12,21.85,17.12,21.58,125210,1233539.38
2022/09/21,21.46,22.84,21.31,22.66,411354,4272562.00
2022/09/22,22.70,23.58,22.39,22.39,326825,3514802.75
2022/09/23,22.33,22.33,20.94,21.38,383635,3810970.25
2022/09/26,21.15,21.21,19.70,19.89,318205,2949370.00
2022/09/27,20.03,20.53,19.58,20.07,148471,1375880.13
2022/09/28,20.01,20.45,19.66,20.07,89117,826780.00
2022/09/29,20.01,20.32,19.70,19.93,59981,548669.63
2022/09/30,19.89,20.03,19.62,19.95,19448,178282.98
2022/10/10,19.74,20.07,19.27,19.27,111097,1005789.56
2022/10/11,19.08,19.08,18.46,18.59,137042,1172031.88
2022/10/12,18.09,18.88,17.80,18.88,197118,1639349.63
2022/10/13,18.67,19.29,18.67,19.12,127069,1118868.25
2022/10/14,19.12,19.62,18.79,19.19,179652,1578650.13
2022/10/17,19.19,19.19,18.92,19.12,92085,805437.31
2022/10/18,19.23,19.23,18.77,19.08,116702,1019643.69
2022/10/19,18.84,19.04,18.71,19.02,57580,501589.84
2022/10/20,19.02,19.02,18.63,18.81,188203,1628179.75
2022/10/21,18.88,19.00,18.63,18.96,64792,563050.06
2022/10/24,18.81,19.02,18.42,18.57,58230,501767.06
2022/10/25,18.26,18.61,17.84,18.24,73353,614305.25
2022/10/26,18.28,18.77,18.05,18.05,174256,1466974.63
2022/10/27,18.24,18.30,17.45,17.45,93218,770833.63
2022/10/28,17.60,18.01,16.48,16.61,268587,2130788.50
2022/10/31,17.00,17.31,16.52,16.71,194139,1485641.00
2022/11/01,16.81,17.25,16.73,17.12,106783,834259.75
2022/11/02,17.18,17.97,17.02,17.70,269095,2137310.00
2022/11/03,17.70,17.70,17.27,17.27,191246,1531612.00
2022/11/04,17.74,18.05,17.43,18.01,305918,2514274.50
2022/11/07,18.05,18.42,17.70,18.28,317916,2651293.25
2022/11/08,18.40,18.40,18.01,18.15,139643,1165269.00
2022/11/09,18.01,18.26,17.84,17.99,252722,2088522.25
2022/11/10,18.13,18.20,17.91,18.07,130130,1076468.25
2022/11/11,18.17,18.40,18.07,18.30,274043,2300351.50
2022/11/14,18.42,20.53,18.42,19.66,853170,7710468.50
2022/11/15,19.64,19.68,19.15,19.62,432268,3872144.00
2022/11/16,19.48,19.64,19.00,19.27,474789,4187038.25
2022/11/17,19.21,19.23,18.92,19.08,144092,1264406.50
2022/11/18,19.08,19.39,18.61,18.63,378701,3285315.00
2022/11/21,19.08,19.56,18.79,19.06,753478,6707861.00
2022/11/22,18.86,19.19,18.51,18.88,336663,2930984.75
2022/11/23,19.04,19.70,19.04,19.45,611132,5486695.50
2022/11/24,19.29,19.70,19.29,19.54,258768,2321402.50
2022/11/25,19.29,19.50,19.21,19.41,141445,1264181.75
2022/11/28,19.39,19.62,19.17,19.54,176373,1584015.50
2022/11/29,19.58,20.51,19.45,20.38,485603,4491256.00
2022/11/30,20.22,20.53,19.91,20.30,283837,2667902.00
2022/12/01,20.69,22.16,20.69,21.48,949411,9507743.00
2022/12/02,21.21,21.77,20.55,20.76,705995,6887682.50
2022/12/05,21.17,21.21,20.74,20.92,185989,1801581.00
2022/12/06,21.09,21.56,20.59,21.15,242699,2389991.00
2022/12/07,21.15,21.15,20.51,20.63,224552,2154189.50
2022/12/08,20.82,20.82,20.53,20.67,101231,965223.88
2022/12/09,20.65,20.65,20.24,20.43,102770,968403.44
2022/12/12,20.51,21.29,20.51,20.65,190320,1825686.00
2022/12/13,20.65,22.04,20.63,21.54,583742,5785539.50
2022/12/14,21.15,21.56,20.94,21.31,309318,3040819.00
2022/12/15,21.31,21.35,21.02,21.17,140327,1376080.88
2022/12/16,21.31,21.31,20.86,20.90,106612,1038406.31
2022/12/19,21.00,21.54,20.69,21.02,221830,2177716.75
2022/12/20,20.98,20.98,20.57,20.59,262692,2515279.75
2022/12/21,20.24,21.75,20.24,21.05,470314,4624432.50
2022/12/22,21.35,21.35,20.53,20.53,258882,2494374.25
2022/12/23,21.00,21.00,20.45,20.47,234609,2241103.50
2022/12/26,20.43,21.13,20.30,20.69,240141,2308935.00
2022/12/27,20.63,21.00,20.49,20.53,163823,1561851.38
2022/12/28,20.74,20.74,20.24,20.47,86324,820011.06
2022/12/29,20.67,20.67,19.99,20.12,318664,2973767.75
2022/12/30,20.43,20.43,19.97,20.03,142811,1326463.38
2023/01/03,20.32,20.32,19.93,20.22,175593,1632912.88
2023/01/04,20.22,20.55,20.01,20.26,201511,1885963.00
2023/01/05,20.51,20.51,20.05,20.43,249394,2333927.25
2023/01/06,20.36,20.47,19.99,20.34,143365,1341988.25
2023/01/09,20.43,20.43,20.24,20.36,98023,923306.63
2023/01/10,20.40,20.40,20.05,20.24,215387,2009539.00
2023/01/11,20.51,20.51,20.07,20.30,157889,1480722.88
2023/01/12,20.47,20.47,20.14,20.28,66483,622367.50
2023/01/13,20.28,20.43,20.16,20.38,119368,1123607.88
2023/01/16,20.47,20.61,20.32,20.34,82196,777628.25
2023/01/17,20.53,20.59,20.24,20.43,87057,821015.38
2023/01/18,20.43,20.51,19.99,20.30,101173,945349.88
2023/01/19,19.95,20.22,19.83,19.95,67220,621012.63
2023/01/20,20.18,20.26,19.87,20.10,134470,1243143.25
2023/01/30,19.87,20.22,19.52,19.93,758022,6937650.00
2023/01/31,19.81,20.63,19.64,20.49,664088,6238999.50
2023/02/01,20.61,20.92,20.40,20.84,460979,4428432.00
2023/02/02,20.86,21.38,20.57,20.74,288165,2788429.00
2023/02/03,20.59,20.86,20.38,20.45,183108,1749003.38
2023/02/06,20.40,20.49,20.12,20.45,147610,1389292.38
2023/02/07,20.47,20.67,20.32,20.63,131590,1252495.38
2023/02/08,20.65,20.65,20.26,20.38,86082,820634.19
2023/02/09,20.36,20.63,20.34,20.57,73286,696918.88
2023/02/10,20.38,20.59,20.30,20.55,103310,974487.38
2023/02/13,20.55,20.74,20.32,20.67,128819,1227659.75
2023/02/14,20.76,20.76,20.55,20.74,160180,1531412.13
2023/02/15,20.53,21.11,20.53,20.80,235713,2284656.75
2023/02/16,20.67,21.05,20.32,20.80,197416,1894660.88
2023/02/17,20.69,20.80,20.53,20.74,141462,1353992.38
2023/02/20,20.74,20.78,20.43,20.71,186236,1774065.50
2023/02/21,20.59,20.74,20.38,20.59,95851,908591.44
2023/02/22,20.53,20.61,20.43,20.47,32178,305276.22
2023/02/23,20.45,20.74,20.18,20.38,173388,1635932.38
2023/02/24,20.26,20.59,20.22,20.47,96344,905979.25
2023/02/27,19.99,20.36,19.97,19.97,101397,942531.00
2023/02/28,19.93,20.07,19.81,20.03,45705,420815.28
2023/03/01,20.05,20.05,19.72,20.03,98718,904146.31
2023/03/02,20.03,20.07,19.83,20.07,52768,486543.59
2023/03/03,20.10,20.10,19.66,19.83,224454,2044923.63
2023/03/06,19.87,19.87,19.39,19.76,75280,681049.06
2023/03/07,19.56,19.66,19.29,19.66,144769,1295905.88
2023/03/08,19.60,19.64,19.02,19.39,126374,1125113.50
2023/03/09,19.04,19.37,19.00,19.37,65648,580566.00
2023/03/10,19.23,19.35,18.30,19.19,143719,1242355.88
2023/03/13,19.12,19.12,18.57,18.77,230273,1986321.38
2023/03/14,18.77,18.81,18.44,18.57,111065,947603.25
2023/03/15,18.38,18.59,18.34,18.57,79685,675787.31
2023/03/16,18.36,18.36,17.93,18.26,151546,1263581.00
2023/03/17,18.26,18.26,17.97,18.22,25237,210124.53
2023/03/20,18.07,18.17,17.45,17.68,72614,593788.63
2023/03/21,17.64,17.74,17.47,17.74,49772,400394.91
2023/03/22,17.76,17.86,17.66,17.86,43685,356362.22
2023/03/23,17.78,18.05,17.76,17.95,70204,577567.69
2023/03/24,17.80,18.05,17.78,18.05,106560,880739.31
2023/03/27,17.86,18.05,17.86,18.03,21941,180684.89
2023/03/28,18.03,18.03,17.47,17.97,78631,641446.88
2023/03/29,17.89,18.01,17.62,17.62,34315,279049.25
2023/03/30,17.70,18.07,17.47,18.03,84382,692420.25
2023/03/31,17.80,17.95,17.74,17.95,37852,310942.09
2023/04/03,18.03,18.28,17.80,18.17,63184,525673.31
2023/04/04,18.22,18.22,17.80,18.03,53652,444724.31
2023/04/06,18.03,18.15,17.89,18.05,23653,195722.83
2023/04/07,18.05,18.05,17.86,18.05,25516,210524.80
2023/04/10,18.11,18.32,17.99,18.15,314301,2612006.75
2023/04/11,18.28,18.28,18.03,18.15,324139,2693881.75
2023/04/12,17.95,18.22,17.84,18.03,44920,371152.56
2023/04/13,18.09,18.09,17.86,17.95,32277,265894.06
2023/04/14,17.84,18.05,17.84,17.84,32097,264989.19
2023/04/17,18.05,18.05,17.76,17.95,48936,402967.81
2023/04/18,18.11,18.13,17.78,17.93,42157,348634.50
2023/04/19,18.13,18.13,17.74,17.91,112492,921134.25
2023/04/20,17.56,17.95,17.56,17.72,39268,321599.28
2023/04/21,17.64,17.72,16.56,17.06,586689,4560217.00
2023/04/24,17.00,17.00,16.07,16.67,338567,2543149.25
2023/04/25,16.81,16.81,15.37,15.84,389621,2812033.50
2023/04/26,15.61,16.01,15.51,15.84,83630,601002.94
2023/04/27,16.05,16.05,15.61,15.76,54922,393728.53
2023/04/28,15.84,15.90,15.57,15.90,80037,573700.38
2023/05/04,15.78,16.11,15.57,16.11,109598,785090.06
2023/05/05,16.07,16.25,15.94,16.25,44814,328901.28
2023/05/08,16.25,17.10,16.19,16.92,282791,2163796.25
2023/05/09,17.02,17.02,16.75,16.81,62223,479804.09
2023/05/10,16.96,16.96,16.40,16.73,58073,439240.63
2023/05/11,16.71,16.73,15.99,16.56,87410,651189.56
2023/05/12,16.54,16.54,16.17,16.23,26833,201075.36
2023/05/15,16.40,16.40,16.07,16.32,54988,404869.34
2023/05/16,16.32,16.32,16.09,16.23,30585,225482.75
2023/05/17,16.23,16.23,15.74,16.09,52758,385413.13
2023/05/18,15.82,16.03,15.82,16.03,37225,271414.25
2023/05/19,15.82,16.03,15.82,15.86,25301,183616.55
2023/05/22,16.03,16.40,15.99,16.40,91721,682406.38
2023/05/23,16.40,16.58,16.11,16.54,58246,437792.38
2023/05/24,16.54,16.56,16.15,16.52,36595,273982.59
2023/05/25,16.52,16.58,16.23,16.56,93375,702497.75
2023/05/26,16.54,16.77,16.30,16.67,39992,303418.53
2023/05/29,16.61,16.67,16.03,16.19,143164,1069780.63
2023/05/30,16.07,16.19,15.74,16.13,67060,489586.88
2023/05/31,16.11,16.21,15.84,16.09,58895,431915.97
2023/06/01,15.82,16.17,15.82,16.13,50565,369923.56
2023/06/02,16.01,16.15,16.01,16.13,20559,150813.72
2023/06/05,15.97,16.13,15.86,16.11,23203,168811.70
2023/06/06,16.11,16.11,15.70,16.11,37578,272478.31
2023/06/07,15.99,15.99,15.70,15.78,226548,1631739.25
2023/06/08,15.78,15.90,15.37,15.68,201641,1423912.38
2023/06/09,15.68,15.68,15.06,15.20,291099,2018537.75
2023/06/12,15.08,15.78,14.93,15.78,96355,668285.69
2023/06/13,15.82,16.26,14.75,15.35,324329,1857741.38
2023/06/14,15.35,15.67,15.17,15.47,144927,829001.25
2023/06/15,15.44,15.44,14.97,15.27,134367,756672.00
2023/06/16,15.27,15.47,15.10,15.32,177181,1005614.56
2023/06/19,15.22,15.62,15.20,15.47,189390,1091930.38
2023/06/20,15.27,15.57,15.15,15.15,117507,665981.94
2023/06/21,15.30,16.58,15.27,16.44,582719,3483340.50
2023/06/26,16.44,16.44,15.74,16.06,311699,1853253.63
2023/06/27,15.84,16.21,15.54,16.06,161625,948961.88
2023/06/28,16.06,16.26,15.84,16.19,90933,546057.19
2023/06/29,16.24,16.41,16.21,16.41,85782,522135.13
2023/06/30,16.41,16.56,15.59,16.54,149906,915832.06
2023/07/03,16.54,16.56,16.36,16.56,34720,213572.00
2023/07/04,16.68,16.98,16.46,16.93,183514,1150885.00
2023/07/05,16.93,17.03,16.63,16.98,90044,570571.88
2023/07/06,16.98,17.08,16.73,16.96,95649,607838.94
2023/07/07,17.06,17.06,16.09,16.88,186778,1167732.13
2023/07/10,16.83,16.91,16.58,16.76,178122,1112557.00
2023/07/11,16.78,16.78,16.29,16.56,133493,819597.38
2023/07/12,16.39,16.39,16.16,16.19,49583,300921.97
2023/07/13,16.14,16.58,16.14,16.34,50611,310230.16
2023/07/14,16.54,16.54,16.21,16.46,62725,383955.88
2023/07/17,16.44,16.46,16.16,16.41,70423,429485.41
2023/07/18,16.46,16.46,16.19,16.41,57461,350848.88
2023/07/19,16.44,16.49,16.19,16.39,68378,417664.88
2023/07/20,16.44,16.44,16.21,16.39,119143,722713.94
2023/07/21,16.21,16.44,15.84,16.39,47769,290279.72
2023/07/24,16.09,16.34,16.01,16.29,98749,595287.31
2023/07/25,16.24,16.51,16.04,16.44,63520,388719.31
2023/07/26,16.24,16.46,16.19,16.44,90794,553273.44
2023/07/27,16.41,16.51,16.19,16.31,53233,323686.47
2023/07/28,16.21,16.41,15.84,16.11,153312,921993.13
2023/07/31,15.92,16.21,15.74,16.11,372924,2227629.75
2023/08/01,16.21,18.00,16.14,16.86,699077,4425479.00
2023/08/02,16.66,16.83,16.09,16.44,447106,2723586.00
2023/08/03,16.26,19.26,16.19,18.69,2719424,18771904.00
2023/08/04,18.20,18.52,17.03,17.65,1637392,10849598.00
2023/08/07,17.35,17.72,17.11,17.48,974803,6328928.00
2023/08/08,17.48,18.20,17.35,17.58,980917,6511229.00
2023/08/09,17.43,17.53,16.86,16.91,659959,4211451.50
2023/08/10,17.01,17.77,16.88,17.30,600102,3895720.75
2023/08/11,17.11,17.28,16.86,16.93,333223,2129045.75
2023/08/14,16.78,16.98,16.39,16.81,288355,1801844.38
2023/08/15,16.78,16.81,16.41,16.73,153467,948969.69
2023/08/16,16.29,16.83,16.26,16.34,212737,1316846.75
2023/08/17,16.34,16.61,16.11,16.54,179367,1092991.38
2023/08/18,16.54,16.56,16.09,16.34,231251,1402903.75
2023/08/21,16.16,16.39,16.01,16.29,82597,499803.06
2023/08/22,16.24,16.34,16.09,16.29,151621,916223.56
2023/08/23,16.29,16.29,16.09,16.24,112184,677657.94
2023/08/24,16.24,16.44,15.97,16.41,227869,1382497.88
2023/08/25,16.41,17.70,16.14,16.73,643206,4081235.75
2023/08/28,17.28,17.58,16.14,16.56,465399,2927683.50
2023/08/29,16.46,16.51,16.09,16.46,282468,1716056.88
2023/08/30,16.46,17.01,16.16,16.78,477445,2932793.75
2023/08/31,16.54,16.96,16.44,16.81,334189,2099025.50
2023/09/01,16.88,18.32,16.78,17.50,1191016,7893526.00
2023/09/04,17.58,19.06,17.33,17.90,1594334,10819627.00
2023/09/05,17.77,17.77,17.13,17.58,835474,5469305.00
2023/09/06,17.38,17.38,16.93,17.13,432521,2773975.75
2023/09/07,16.96,17.11,16.54,16.78,503370,3142039.25
2023/09/08,16.78,16.78,16.21,16.39,525871,3208811.75
2023/09/11,16.54,16.54,16.29,16.44,120108,735075.44
2023/09/12,16.46,16.51,16.24,16.36,117033,714959.50
2023/09/13,16.46,16.46,16.24,16.31,104777,637127.06
2023/09/14,16.26,16.29,16.14,16.24,127686,772980.75
2023/09/15,16.34,16.36,16.09,16.09,327430,1970248.00
2023/09/18,16.06,16.29,16.04,16.11,192704,1157345.25
2023/09/19,16.11,16.11,15.97,16.04,62632,373926.97
2023/09/20,16.21,16.21,15.97,16.09,96481,579269.38
2023/09/21,16.19,16.19,16.04,16.04,30297,181552.47
2023/09/22,16.09,16.24,15.97,16.19,96752,580985.06
2023/09/25,16.24,16.24,15.87,15.97,181774,1085057.75
2023/09/26,15.97,15.99,15.59,15.74,193815,1137650.00
2023/09/27,15.40,15.64,15.27,15.27,339971,1943519.38
2023/09/28,15.30,15.42,15.25,15.42,126740,720325.13
2023/10/09,15.42,15.42,14.92,15.10,270679,1513547.75
2023/10/10,15.10,15.10,14.87,14.95,122590,680665.25
2023/10/11,14.95,14.97,14.73,14.95,191231,1051409.25
2023/10/12,14.95,14.95,14.68,14.68,93874,512347.69
2023/10/13,14.50,14.50,13.86,14.03,351087,1833762.63
2023/10/16,13.98,14.03,13.78,14.01,58627,299872.41
2023/10/17,13.91,13.91,13.56,13.76,150672,760918.00
2023/10/18,13.76,13.76,13.49,13.73,131558,657158.38
2023/10/19,13.29,13.69,13.26,13.46,50356,249132.56
2023/10/20,13.46,13.56,13.31,13.54,41523,204726.41
2023/10/23,13.49,13.49,12.97,13.16,126583,614024.69
2023/10/24,13.16,13.36,12.97,13.14,86432,416751.03
2023/10/25,13.34,13.54,13.12,13.31,170633,828424.50
2023/10/26,13.36,13.73,13.19,13.61,158260,781276.94
2023/10/27,13.66,14.40,13.51,14.18,408543,2117704.75
2023/10/30,14.23,14.38,14.01,14.23,180893,947807.06
2023/10/31,14.30,14.70,14.13,14.65,461555,2469899.75
2023/11/01,14.68,14.83,14.48,14.68,203434,1102103.38
2023/11/02,14.78,14.78,14.18,14.45,243842,1295513.38
2023/11/03,14.58,14.60,14.23,14.53,155594,832339.50
2023/11/06,14.50,14.80,14.38,14.63,168075,906891.56
2023/11/07,14.70,15.22,14.60,15.22,330396,1827968.25
2023/11/08,15.15,15.67,15.00,15.27,384474,2202323.00
2023/11/09,15.15,15.47,15.15,15.15,202172,1153157.00
2023/11/10,15.12,15.44,15.10,15.32,188382,1072028.13
2023/11/13,15.42,15.44,15.07,15.10,207366,1172473.50
2023/11/14,15.12,15.25,14.92,15.15,608431,3281023.25
2023/11/15,15.22,15.44,15.05,15.44,208190,1174770.63
2023/11/16,15.12,15.37,15.12,15.25,17635,99731.39
2023/11/17,15.12,15.35,15.07,15.32,48549,273850.56
2023/11/20,15.15,15.79,15.15,15.77,257703,1489474.50
2023/11/21,15.72,17.28,15.72,16.34,1387567,8567630.00
2023/11/22,16.34,17.80,16.09,17.70,2360725,15197748.00
2023/11/23,17.95,18.69,16.91,16.98,2547406,17118840.00
2023/11/24,17.18,21.69,16.88,21.69,12417122,95606264.00
2023/11/27,22.31,27.81,22.31,27.81,19505339,189601824.00
2023/11/28,24.39,27.19,23.08,24.14,12974735,125357040.00
2023/11/29,24.14,30.49,23.40,27.12,18513221,189908496.00
2023/11/30,23.55,30.76,23.13,27.14,17611483,181496832.00
2023/12/01,26.22,29.72,24.56,25.31,16440885,175991040.00
2023/12/04,22.53,24.51,21.09,22.61,15079989,129904032.00
2023/12/05,21.69,29.00,21.54,29.00,21638665,220645344.00
2023/12/06,27.54,35.91,27.34,28.73,23905967,279991328.00
2023/12/07,26.74,30.91,26.50,29.89,17562755,195874496.00
2023/12/08,28.75,31.45,27.86,28.13,14685926,168908128.00
2023/12/11,26.27,28.11,25.93,26.05,10001022,102850816.00
2023/12/12,26.37,28.18,26.17,27.46,10233245,107947464.00
2023/12/13,27.49,28.38,26.50,28.23,10855836,116174504.00
2023/12/14,28.01,29.27,27.29,27.71,11420222,124772936.00
2023/12/15,27.04,28.23,26.65,26.79,7166514,75442152.00
2023/12/18,27.12,27.49,26.40,27.49,6449434,67137976.00
2023/12/19,27.93,30.76,27.93,29.97,15998257,181257472.00
2023/12/20,29.02,30.91,28.85,30.61,11190679,128741464.00
2023/12/21,30.09,31.60,24.34,26.32,12050417,134430752.00
2023/12/22,25.51,26.97,24.27,25.85,8845044,86768048.00
2023/12/25,25.38,28.31,25.38,27.59,10227994,106054288.00
2023/12/26,27.39,28.16,25.70,26.94,8102976,84218872.00
2023/12/27,27.17,29.37,26.27,28.60,13355048,144947744.00
2023/12/28,28.36,29.69,27.39,28.70,12611313,139536464.00
2023/12/29,27.74,28.70,27.44,28.43,9515376,103545936.00
2024/01/02,28.97,30.49,28.38,29.82,13090417,148628720.00
2024/01/03,29.30,29.72,28.36,29.62,8544811,96183680.00
2024/01/04,29.59,30.46,28.38,29.82,9254880,105139320.00
2024/01/05,30.09,31.60,29.74,31.38,17001543,202719344.00
2024/01/08,30.71,31.33,28.23,28.23,10358350,119918688.00
2024/01/09,27.69,29.77,26.52,29.25,9906133,108937504.00
2024/01/10,28.55,35.17,28.03,32.91,20539664,253881200.00
2024/01/11,32.32,34.65,31.45,31.95,15644495,198576240.00
2024/01/12,31.90,33.09,28.21,28.21,14318820,170023472.00
2024/01/15,26.50,29.20,26.27,26.77,9653700,102678280.00
2024/01/16,26.67,29.12,25.33,28.73,14053396,148298336.00
2024/01/17,28.11,29.72,27.49,27.66,11551962,127054440.00
2024/01/18,27.26,28.28,26.79,27.86,8142519,86587416.00
2024/01/19,27.71,28.88,27.51,28.36,8244611,90334168.00
2024/01/22,28.40,28.40,24.84,25.65,8294570,85242624.00
2024/01/23,25.26,26.62,25.06,26.00,4603278,45757904.00
2024/01/24,26.72,27.74,25.98,26.62,8797937,90996544.00
2024/01/25,26.03,26.35,24.49,25.18,8668389,84629672.00
2024/01/26,24.69,25.70,23.99,24.07,5283127,50539616.00
2024/01/29,24.39,24.51,20.70,21.05,6249256,53315152.00
2024/01/30,21.12,21.74,20.62,21.29,4191997,33806260.00
2024/01/31,21.57,22.41,21.29,21.66,5221270,43429768.00
2024/02/01,21.86,22.04,20.08,20.28,4652204,37367268.00
2024/02/02,20.33,22.28,19.93,21.09,8862035,71861944.00
2024/02/05,20.55,20.80,18.24,19.01,6223730,45971512.00
2024/02/06,18.62,20.48,18.44,20.40,5414549,40870528.00
2024/02/07,20.80,21.47,19.51,19.73,5790031,45336984.00
2024/02/08,19.31,20.33,18.27,19.66,4481376,32878232.00
2024/02/19,19.73,20.13,19.19,19.71,2352760,17571664.00
数据来源:通达信
