873570 坤博精工 日线 后复权
      日期	    开盘	    最高	    最低	    收盘	    成交量	    成交额
2023/11/23,68.00,87.99,65.00,67.10,7395003,544038336.00
2023/11/24,62.10,67.88,56.00,60.00,4872412,302129792.00
2023/11/27,61.33,71.20,58.88,66.41,4830692,312321728.00
2023/11/28,63.00,73.00,60.90,66.70,4165897,274544672.00
2023/11/29,66.30,66.30,57.03,58.22,2527308,157200272.00
2023/11/30,57.01,60.97,52.20,52.89,2084969,118695560.00
2023/12/01,52.89,53.94,44.54,44.78,2252938,107583128.00
2023/12/04,44.50,47.58,44.50,46.62,1263814,58709816.00
2023/12/05,45.90,50.00,45.18,49.00,1884732,91014384.00
2023/12/06,48.35,48.88,45.45,45.68,1476161,68855688.00
2023/12/07,45.57,48.00,45.57,47.34,1220528,57462948.00
2023/12/08,47.96,51.99,47.36,49.26,1543790,77198568.00
2023/12/11,49.26,50.88,46.31,46.54,1160393,55128344.00
2023/12/12,46.01,47.60,46.01,47.32,838054,39332312.00
2023/12/13,48.44,50.31,47.66,49.50,1625668,79817696.00
2023/12/14,48.65,64.11,48.64,61.52,3708604,206621648.00
2023/12/15,61.00,62.90,55.80,57.46,2185853,128935296.00
2023/12/18,55.87,61.00,55.87,58.30,1665724,97931664.00
2023/12/19,58.38,58.98,53.68,54.49,1574702,87583280.00
2023/12/20,53.80,57.13,53.80,55.70,1207020,67732312.00
2023/12/21,55.00,58.80,49.88,50.26,1898925,103723664.00
2023/12/22,48.98,50.49,47.70,49.82,1111187,54733704.00
2023/12/25,50.00,52.30,50.00,52.23,1170829,60231364.00
2023/12/26,52.00,55.66,51.34,54.48,1508626,80456824.00
2023/12/27,52.78,56.96,52.78,56.96,1587560,87045672.00
2023/12/28,56.59,67.19,55.60,57.20,2608215,157251264.00
2023/12/29,57.67,59.82,55.85,58.99,1637072,95671368.00
2024/01/02,59.55,62.92,58.33,60.10,1468555,89115896.00
2024/01/03,59.79,60.80,57.02,58.89,976292,57361060.00
2024/01/04,59.20,64.99,57.55,63.30,2401905,149371648.00
2024/01/05,65.45,65.87,58.98,59.01,1763729,109038112.00
2024/01/08,58.35,59.42,55.51,55.97,981118,56146252.00
2024/01/09,56.55,62.80,56.44,59.24,1468791,87226384.00
2024/01/10,58.58,58.58,53.80,57.97,1017097,57868660.00
2024/01/11,57.05,57.92,54.96,56.77,797434,44929520.00
2024/01/12,55.20,56.77,48.68,48.80,1248351,65516104.00
2024/01/15,48.59,48.74,45.21,45.48,870217,40773452.00
2024/01/16,45.74,48.82,43.50,48.55,1158040,54289840.00
2024/01/17,48.70,49.90,47.21,47.30,729824,35431684.00
2024/01/18,47.27,49.00,46.00,48.78,696798,33380316.00
2024/01/19,49.50,50.96,49.00,50.01,870695,43570424.00
2024/01/22,49.93,51.30,47.23,48.02,724618,35792168.00
2024/01/23,48.02,50.31,47.80,48.18,496283,24153870.00
2024/01/24,48.88,48.88,45.67,46.63,725786,33848364.00
2024/01/25,46.78,48.00,45.00,46.15,712479,33021458.00
2024/01/26,46.15,47.58,44.80,44.90,662543,30504512.00
2024/01/29,45.59,45.59,40.80,40.83,726690,31040550.00
2024/01/30,41.02,41.98,39.10,39.40,449450,18242800.00
2024/01/31,38.90,40.20,38.68,39.60,606472,23884966.00
2024/02/01,39.29,39.50,36.00,36.50,547699,20957330.00
2024/02/02,37.20,37.42,31.50,32.39,812620,27656780.00
2024/02/05,31.72,34.90,27.72,32.87,979940,30596374.00
2024/02/06,32.26,42.73,31.51,42.73,2748272,110433600.00
2024/02/07,44.95,46.97,40.20,40.90,2680320,117935168.00
2024/02/08,39.00,39.89,33.91,38.89,1521168,57111460.00
2024/02/19,38.15,40.87,37.12,39.12,746267,28928012.00
数据来源:通达信
