831689 克莱特 日线 后复权
      日期	    开盘	    最高	    最低	    收盘	    成交量	    成交额
2015/07/20,4.30,4.30,4.30,4.30,500000,2150000.00
2015/07/22,4.30,4.30,4.30,4.30,1050000,4515000.00
2015/07/27,4.30,4.30,4.30,4.30,750000,3225000.00
2015/08/06,3.91,3.91,3.91,3.91,230000,899300.00
2015/08/21,5.20,5.30,5.16,5.16,16000,83440.00
2015/08/24,5.25,5.25,5.18,5.18,2000,10430.00
2015/08/27,5.30,5.30,5.30,5.30,3000,15900.00
2015/08/28,5.30,5.30,5.20,5.29,4000,21030.00
2015/08/31,5.30,5.40,5.30,5.40,2000,10700.00
2015/09/07,5.30,5.31,5.23,5.31,143000,753950.00
2015/09/08,5.36,5.45,5.36,5.45,92000,497550.00
2015/09/09,5.48,5.52,5.48,5.52,50000,275000.00
2015/09/10,5.56,5.60,5.55,5.60,36000,200800.00
2015/09/11,5.60,5.68,5.59,5.63,58000,326300.00
2015/09/14,5.63,5.71,5.63,5.63,17000,95790.00
2015/09/15,5.58,5.58,5.58,5.58,13000,72540.00
2015/09/17,5.58,5.58,5.58,5.58,9000,50220.00
2015/09/18,5.58,5.58,5.58,5.58,9000,50220.00
2015/09/21,5.66,5.72,5.66,5.72,23000,130660.00
2015/09/22,5.64,5.64,5.64,5.64,10000,56400.00
2015/09/23,5.72,5.72,5.70,5.70,26000,148700.00
2015/09/24,5.72,5.72,5.64,5.70,15000,85360.00
2015/09/25,5.64,5.72,5.64,5.72,35000,200120.00
2015/09/28,5.70,5.70,5.70,5.70,5000,28500.00
2015/09/29,5.70,5.78,5.70,5.78,32000,184400.00
2015/09/30,5.70,5.70,5.70,5.70,4000,22800.00
2015/10/08,5.78,5.78,5.78,5.78,15000,86700.00
2015/10/09,5.84,5.84,5.76,5.76,15000,87040.00
2015/10/12,5.84,5.84,5.76,5.76,17000,99120.00
2015/10/13,5.76,5.79,5.75,5.75,33000,190370.00
2015/10/15,5.78,5.78,5.78,5.78,30000,173400.00
2015/10/19,5.78,5.85,5.70,5.84,121000,703350.00
2015/10/20,5.84,5.84,5.84,5.84,1000,5840.00
2015/10/21,5.83,5.85,5.76,5.76,67000,389950.00
2015/10/22,5.75,5.75,5.75,5.75,1000,5750.00
2015/10/23,5.79,5.82,5.79,5.82,45000,261450.00
2015/10/27,5.74,5.74,5.72,5.72,6000,34360.00
2015/10/30,5.83,5.83,5.83,5.83,1000,5830.00
2015/11/04,5.83,5.83,5.83,5.83,15000,87450.00
2015/11/10,5.85,5.88,5.85,5.88,31000,181680.00
2015/11/11,5.90,6.02,5.90,6.02,105000,625950.00
2015/11/12,6.04,6.07,5.98,6.04,39000,235770.00
2015/11/13,6.09,6.09,5.98,6.04,4000,24200.00
2015/11/16,6.09,6.12,6.01,6.01,58000,351510.00
2015/11/17,6.02,6.02,6.01,6.01,7000,42110.00
2015/11/19,6.01,6.01,6.01,6.01,1000,6010.00
2015/11/23,6.09,6.10,6.09,6.10,20000,121850.00
2015/11/25,6.12,6.12,6.12,6.12,3000,18360.00
2015/11/26,6.13,6.13,6.13,6.13,1000,6130.00
2015/11/27,6.13,6.13,6.01,6.09,10000,60740.00
2015/11/30,6.13,6.16,6.05,6.05,20000,122140.00
2015/12/01,6.01,6.04,5.92,6.01,13000,77930.00
2015/12/02,6.07,6.09,6.07,6.09,8000,48660.00
2015/12/03,6.02,6.05,6.02,6.05,6000,36270.00
2015/12/04,5.99,5.99,5.89,5.96,14000,83390.00
2015/12/07,5.92,5.96,5.85,5.92,12000,71140.00
2015/12/08,6.00,6.00,6.00,6.00,7000,42000.00
2015/12/09,5.80,5.82,5.47,5.71,94000,533440.00
2015/12/10,5.71,5.77,5.71,5.77,7000,40080.00
2015/12/16,5.67,5.72,5.67,5.72,7000,39990.00
2015/12/22,5.50,5.65,5.50,5.65,201000,1120500.00
2015/12/23,5.70,5.78,5.70,5.78,3000,17180.00
2015/12/24,5.78,5.78,5.78,5.78,1000,5780.00
2015/12/25,5.78,5.78,5.78,5.78,3000,17340.00
2016/01/04,5.78,5.78,5.78,5.78,1000,5780.00
2016/01/05,5.57,5.57,5.56,5.56,3000,16690.00
2016/01/08,5.71,5.71,5.71,5.71,10000,57100.00
2016/01/11,5.66,5.67,5.66,5.67,2000,11330.00
2016/01/12,5.46,5.50,5.45,5.50,3000,16410.00
2016/01/15,5.58,5.59,5.58,5.59,12000,67060.00
2016/01/18,5.41,5.41,5.35,5.35,3000,16140.00
2016/01/19,5.53,5.55,5.53,5.54,12000,66480.00
2016/01/28,5.36,5.36,5.30,5.30,4000,21290.00
2016/02/04,5.30,5.30,5.30,5.30,1000,5300.00
2016/02/16,5.15,5.15,5.14,5.14,2000,10290.00
2016/02/17,5.09,5.09,5.09,5.09,5000,25450.00
2016/02/18,5.00,5.03,4.96,5.00,30000,149530.00
2016/03/28,5.04,5.05,5.04,5.05,9000,45440.00
2016/03/30,5.06,5.08,5.06,5.08,5000,25350.00
2016/03/31,5.11,5.19,5.11,5.15,15000,77460.00
2016/04/05,5.20,5.20,5.20,5.20,5000,26000.00
2016/04/06,5.10,5.15,5.10,5.15,8000,41050.00
2016/04/07,5.23,5.23,5.23,5.23,2000,10460.00
2016/04/11,5.25,5.25,5.23,5.25,9000,47170.00
2016/04/12,5.27,5.27,5.27,5.27,2000,10540.00
2016/04/13,5.25,5.37,5.13,5.20,31000,161980.00
2016/04/15,5.34,5.36,5.20,5.20,7000,36700.00
2016/04/18,5.33,5.33,5.33,5.33,3000,15990.00
2016/04/19,5.34,5.41,5.33,5.41,31000,166030.00
2016/04/28,5.41,5.41,5.41,5.41,2000,10820.00
2016/04/29,5.41,5.42,5.41,5.42,5000,27060.00
2016/05/11,5.44,5.44,5.44,5.44,5000,27200.00
2016/05/12,5.35,5.35,5.35,5.35,1000,5350.00
2016/05/16,5.44,5.44,5.29,5.29,6000,32490.00
2016/05/17,5.33,5.33,5.33,5.33,3000,15990.00
2016/05/19,5.23,5.23,5.19,5.23,6000,31260.00
2016/05/20,5.18,5.18,5.12,5.12,8000,41060.00
2016/05/25,5.12,5.12,5.12,5.12,1000,5120.00
2016/05/26,5.14,5.15,5.14,5.15,10000,51440.00
2016/05/27,5.14,5.15,5.14,5.15,7000,36040.00
2016/05/30,5.12,5.12,4.88,4.92,15000,74580.00
2016/05/31,4.92,4.94,4.92,4.94,5000,24690.00
2016/06/03,4.94,4.94,4.92,4.92,3000,14810.00
2016/06/13,4.91,4.92,4.91,4.92,13000,63920.00
2016/06/14,4.94,4.94,4.92,4.92,12000,59200.00
2016/06/16,4.90,4.97,4.89,4.97,11000,50930.00
2016/06/20,4.97,4.97,4.97,4.97,3000,14040.00
2016/06/21,4.99,5.01,4.99,4.99,15000,70570.00
2016/06/23,5.01,5.01,5.01,5.01,4000,18840.00
2016/06/24,5.01,5.01,4.76,4.76,104000,472800.00
2016/06/27,4.69,4.69,4.60,4.60,34000,146910.00
2016/06/28,4.60,4.60,4.56,4.56,112000,478360.00
2016/06/29,4.46,4.56,4.45,4.49,151000,631430.00
2016/06/30,4.49,4.55,4.45,4.49,98000,409460.00
2016/07/01,4.53,4.56,4.49,4.49,90000,380060.00
2016/07/04,4.51,4.51,4.51,4.51,3000,12660.00
2016/07/05,4.47,4.57,4.47,4.51,107000,450390.00
2016/07/06,4.62,4.62,4.51,4.51,2000,8530.00
2016/07/07,4.51,4.51,4.51,4.51,20000,84200.00
2016/07/08,4.47,4.51,4.47,4.47,42000,175950.00
2016/07/11,4.47,4.47,4.47,4.47,20000,83600.00
2016/07/12,4.43,4.46,4.43,4.46,12000,49860.00
2016/07/13,4.46,4.51,4.46,4.51,15000,62910.00
2016/07/14,4.51,4.51,4.51,4.51,7000,29470.00
2016/07/15,4.51,4.56,4.51,4.56,11000,46460.00
2016/07/20,4.62,5.15,4.62,5.15,78000,358740.00
2016/07/21,5.13,5.15,5.12,5.14,18000,87110.00
2016/07/22,5.15,5.15,4.97,5.15,8000,38320.00
2016/07/25,5.15,5.18,5.15,5.18,22000,107170.00
2016/07/27,5.24,5.30,5.24,5.30,7000,34840.00
2016/07/28,5.11,5.30,5.09,5.14,114000,548070.00
2016/08/03,5.14,5.16,5.14,5.16,5000,24250.00
2016/08/05,5.20,5.22,5.20,5.22,9000,44190.00
2016/08/18,5.03,5.10,5.03,5.09,28000,134120.00
2016/08/19,5.03,5.03,5.03,5.03,2000,9480.00
2016/08/23,5.09,5.09,5.09,5.09,5000,23950.00
2016/08/24,4.99,4.99,4.89,4.92,4000,18610.00
2016/08/30,4.92,4.92,4.92,4.92,1000,4620.00
2016/08/31,4.84,4.87,4.84,4.87,2000,9110.00
2016/09/01,4.83,4.90,4.80,4.89,7000,31900.00
2016/09/05,5.01,5.01,4.85,4.89,3000,13850.00
2016/09/07,4.83,4.85,4.83,4.85,2000,9080.00
2016/09/22,4.78,4.78,4.72,4.72,7000,31270.00
2016/09/23,4.87,4.88,4.87,4.88,5000,22870.00
2016/09/26,4.89,4.89,4.89,4.89,1000,4590.00
2016/09/27,4.78,4.78,4.78,4.78,1000,4490.00
2016/09/29,4.78,4.78,4.78,4.78,3000,13460.00
2016/10/17,4.89,4.89,4.89,4.89,1000,4590.00
2016/10/18,4.74,4.74,4.74,4.74,2000,8900.00
2016/10/19,4.83,4.83,4.83,4.83,3000,13590.00
2016/10/20,4.83,4.90,4.80,4.85,13000,59180.00
2016/10/26,4.80,4.80,4.74,4.74,2000,8950.00
2016/10/28,4.67,4.71,4.67,4.71,7000,30730.00
2016/11/04,4.62,4.62,4.56,4.56,7000,30100.00
2016/11/07,4.58,4.64,4.58,4.64,11000,47500.00
2016/11/08,4.74,4.76,4.74,4.76,2000,8920.00
2016/11/09,4.80,4.81,4.80,4.81,2000,9010.00
2016/11/11,4.60,4.62,4.60,4.62,5000,21520.00
2016/11/14,4.74,4.74,4.74,4.74,1000,4450.00
2016/11/16,4.59,4.59,4.56,4.56,6000,25630.00
2016/11/21,4.67,4.81,4.67,4.81,14000,62210.00
2016/11/22,4.82,4.94,4.82,4.94,10000,45730.00
2016/11/23,4.95,4.95,4.80,4.80,6000,27610.00
2016/11/24,4.78,4.87,4.67,4.80,21000,93760.00
2016/11/25,4.85,4.90,4.85,4.90,9000,41270.00
2016/11/28,4.94,4.97,4.94,4.97,9000,41870.00
2016/12/15,4.86,4.86,4.85,4.85,5000,22780.00
2017/01/04,4.94,4.94,4.94,4.94,1000,4640.00
2017/01/06,4.80,4.80,4.80,4.80,1000,4500.00
2017/01/13,4.80,4.80,4.80,4.80,2000,9000.00
2017/01/16,4.67,4.67,4.67,4.67,6000,26220.00
2017/01/17,4.67,4.67,4.67,4.67,2000,8740.00
2017/01/20,4.61,4.61,4.61,4.61,1000,4310.00
2017/02/03,4.65,4.65,4.62,4.65,10000,43360.00
2017/02/13,4.69,4.69,4.69,4.69,2000,8780.00
2017/02/14,4.74,4.74,4.74,4.74,4000,17800.00
2017/02/17,4.88,4.88,4.88,4.88,3000,13740.00
2017/02/23,4.90,4.91,4.90,4.91,2000,9210.00
2017/02/24,4.92,4.93,4.91,4.91,4000,18480.00
2017/02/27,5.01,5.03,5.01,5.03,6000,28400.00
2017/02/28,5.16,5.16,5.16,5.16,1000,4860.00
2017/03/01,5.16,5.19,5.15,5.19,15000,73050.00
2017/09/04,6.50,7.10,5.70,6.70,11000,67100.00
2017/09/07,6.40,6.40,6.40,6.40,2000,11600.00
2017/09/08,6.60,6.65,6.60,6.65,5000,30050.00
2017/09/11,6.65,7.10,6.65,7.10,64000,412850.00
2017/09/12,7.10,7.10,5.70,5.73,147000,883050.00
2017/09/13,6.60,7.10,5.60,6.67,279000,1467050.00
2017/09/14,6.60,7.10,6.60,7.10,409000,2521920.00
2017/09/15,5.96,7.08,5.96,7.08,14000,82200.00
2017/09/18,6.36,7.10,6.36,6.60,111000,712340.00
2017/09/19,7.10,7.10,6.40,6.40,138000,885200.00
2017/09/21,7.10,7.10,7.10,7.10,61000,396500.00
2017/09/22,7.10,7.10,7.10,7.10,7000,45500.00
2017/09/25,7.10,7.10,7.10,7.10,50000,325000.00
2017/09/26,7.10,7.10,7.10,7.10,28000,182000.00
2017/09/28,7.00,7.00,7.00,7.00,1000,6400.00
2017/09/29,7.10,7.10,7.00,7.00,12000,77300.00
2017/10/12,7.10,7.10,7.10,7.10,211000,1371500.00
2017/10/13,7.10,7.10,6.60,7.07,38000,246000.00
2017/10/16,7.10,7.10,6.90,7.09,27000,175100.00
2017/10/18,7.10,7.10,7.09,7.09,8000,51950.00
2017/10/19,7.09,7.09,7.09,7.09,4000,25960.00
2017/10/25,6.70,6.70,6.70,6.70,1000,6100.00
2017/10/26,7.10,7.10,7.10,7.10,24000,156000.00
2017/10/31,7.40,7.40,7.40,7.40,7000,47600.00
2017/11/01,7.40,7.42,5.92,6.31,64000,365630.00
2017/11/03,7.42,7.70,7.42,7.55,13000,90380.00
2017/11/07,7.10,7.65,7.10,7.43,13000,88800.00
2017/11/08,7.10,7.60,7.10,7.23,4000,26500.00
2017/11/10,7.40,7.65,7.40,7.43,8000,54650.00
2017/11/13,7.60,7.85,7.60,7.83,26000,187900.00
2017/11/17,7.60,7.60,7.60,7.60,5000,35000.00
2017/11/20,7.60,7.90,7.60,7.75,20000,143000.00
2017/11/22,7.10,7.10,7.10,7.10,7095000,46117500.00
2017/11/28,8.10,8.10,7.60,7.81,69000,498000.00
2017/11/29,7.10,8.10,7.10,7.16,1066000,6989370.00
2017/11/30,7.60,7.90,7.60,7.80,110000,792400.00
2017/12/01,7.95,7.95,7.60,7.72,107000,767870.00
2017/12/05,7.60,7.60,7.60,7.60,25000,175000.00
2017/12/06,7.60,7.60,7.10,7.10,2951000,19182000.00
2017/12/07,7.60,7.80,7.50,7.63,78000,547500.00
2017/12/08,7.60,7.60,7.50,7.50,89000,618500.00
2017/12/11,7.60,7.60,7.60,7.60,20000,140000.00
2017/12/13,7.40,7.40,7.40,7.40,5000,34000.00
2017/12/15,7.50,7.50,7.50,7.50,5000,34500.00
2017/12/20,7.60,7.60,7.60,7.60,10000,70000.00
2017/12/22,7.60,7.60,7.60,7.60,307000,2149000.00
2017/12/25,7.60,7.60,7.60,7.60,300000,2100000.00
2018/01/16,7.49,7.49,7.49,7.49,1000,6890.00
2018/01/17,7.40,7.40,7.40,7.40,2229000,14491500.00
2018/01/19,7.40,7.40,7.40,7.40,3000,20400.00
2018/01/22,7.40,7.40,7.40,7.40,8000,54400.00
2018/01/25,7.40,7.40,7.40,7.40,20000,136000.00
2018/01/29,7.40,7.40,7.40,7.40,1000,6800.00
2018/02/06,7.39,7.39,7.39,7.39,1000,6790.00
2018/02/08,7.38,7.38,7.38,7.38,1000,6780.00
2018/03/16,7.50,7.50,7.50,7.50,1000,6900.00
2018/03/21,7.48,7.48,7.48,7.48,2000,13760.00
2018/03/22,7.10,7.10,7.10,7.10,1000,6500.00
2018/04/17,7.09,7.09,7.09,7.09,1000,6490.00
2018/05/11,6.89,6.89,6.89,6.89,1000,6290.00
2018/05/14,6.60,6.60,6.60,6.60,1000,6000.00
2018/05/17,5.60,5.60,5.60,5.60,7000,35000.00
2018/06/04,5.60,5.60,5.60,5.60,10000,50000.00
2018/06/15,5.60,5.60,5.60,5.60,7000,35000.00
2018/06/27,5.60,5.60,5.60,5.60,7000,35000.00
2018/06/29,6.10,6.10,6.10,6.10,20000,110000.00
2018/07/02,5.99,5.99,5.99,5.99,2000,10780.00
2018/07/03,5.80,5.80,5.80,5.80,10000,52000.00
2018/07/05,5.78,5.78,5.78,5.78,10000,51800.00
2018/07/06,5.78,5.78,5.78,5.78,10000,51800.00
2018/07/10,6.07,6.07,6.07,6.07,1000,5470.00
2018/07/11,5.78,5.78,5.78,5.78,22000,113960.00
2018/07/13,5.78,5.78,5.78,5.78,12000,62160.00
2018/07/17,5.89,5.89,5.89,5.89,2000,10580.00
2018/07/18,5.80,5.80,5.80,5.80,10000,52000.00
2018/07/19,5.45,5.45,5.45,5.45,1000,4850.00
2018/07/20,5.78,5.78,5.78,5.78,10000,51800.00
2018/07/23,5.78,5.78,5.78,5.78,3000,15540.00
2018/07/24,7.30,7.30,7.30,7.30,1000,6700.00
2018/07/26,5.90,5.90,5.90,5.90,10000,53000.00
2018/07/27,6.10,6.10,6.10,6.10,2000,11000.00
2018/07/30,6.99,6.99,6.99,6.99,2000,12780.00
2018/08/21,5.90,5.90,5.90,5.90,3000,15900.00
2018/08/23,5.90,5.90,5.90,5.90,20000,106000.00
2018/08/24,6.10,6.10,6.10,6.10,2000,11000.00
2018/08/27,5.88,5.88,5.88,5.88,21000,110880.00
2018/08/29,5.88,5.88,5.88,5.88,22000,116160.00
2018/08/30,5.88,5.88,5.88,5.88,30000,158400.00
2018/09/03,5.88,5.88,5.88,5.88,20000,105600.00
2018/09/04,5.87,5.87,5.87,5.87,20000,105400.00
2018/09/05,5.85,5.85,5.85,5.85,20000,105000.00
2018/09/06,5.85,5.85,5.85,5.85,30000,157500.00
2018/09/07,5.85,5.85,5.85,5.85,17000,89250.00
2018/09/13,5.85,5.85,5.85,5.85,38000,199500.00
2018/09/21,6.59,6.59,6.59,6.59,1000,5990.00
2018/10/11,6.00,6.00,6.00,6.00,30000,162000.00
2018/10/16,6.00,6.00,6.00,6.00,30000,162000.00
2018/10/17,6.00,6.00,6.00,6.00,30000,162000.00
2018/10/18,5.90,5.90,5.90,5.90,40000,212000.00
2018/10/19,5.99,5.99,5.99,5.99,26000,140140.00
2018/10/22,6.00,6.00,6.00,6.00,28000,151200.00
2018/10/24,6.00,6.00,6.00,6.00,20000,108000.00
2018/11/06,5.90,5.90,5.90,5.90,30000,159000.00
2018/11/07,5.90,5.90,5.90,5.90,30000,159000.00
2018/11/08,5.90,5.90,5.90,5.90,30000,159000.00
2018/11/12,5.90,5.90,5.90,5.90,30000,159000.00
2018/11/13,5.90,5.90,5.90,5.90,30000,159000.00
2018/11/14,5.90,5.90,5.90,5.90,40000,212000.00
2018/11/15,5.90,5.90,5.90,5.90,30000,159000.00
2018/11/16,5.90,5.90,5.90,5.90,30000,159000.00
2018/11/20,6.90,6.90,6.90,6.90,1000,6300.00
2019/01/11,5.40,5.40,5.40,5.40,1000,4800.00
2019/03/18,5.40,5.40,5.40,5.40,2000,9600.00
2019/04/04,4.60,4.60,4.60,4.60,1000,4000.00
2019/04/10,5.90,5.90,5.90,5.90,4000,21200.00
2019/04/23,4.70,4.70,4.70,4.70,16000,65600.00
2019/04/29,6.40,6.40,6.40,6.40,2000,11600.00
2019/06/26,5.60,5.60,5.60,5.60,1000,5000.00
2019/06/28,5.60,5.60,5.60,5.60,300000,1950000.00
2019/07/04,5.30,5.30,5.30,5.30,5000,22500.00
2019/07/19,5.32,5.32,5.32,5.32,13000,58760.00
2019/09/04,5.31,5.31,5.31,5.31,2000,9020.00
2019/09/27,5.30,5.30,5.30,5.30,2000,9000.00
2019/10/09,5.28,5.28,5.28,5.28,1000,4480.00
2019/10/11,5.26,5.26,5.26,5.26,2000,8920.00
2019/11/07,5.26,5.26,5.26,5.26,4000,17840.00
2019/12/19,5.26,5.26,5.26,5.26,10000,44600.00
2019/12/23,5.26,5.26,5.26,5.26,4000,17840.00
2019/12/27,5.22,5.22,5.22,5.22,1000,4430.00
2019/12/30,5.67,5.67,5.67,5.67,1000,4870.00
2020/01/06,5.42,5.42,5.42,5.42,3000,13860.00
2020/01/07,5.80,5.80,5.78,5.78,3000,14990.00
2020/01/09,5.74,5.80,5.74,5.80,6000,29850.00
2020/01/13,5.60,5.60,5.60,5.60,3000,14400.00
2020/01/14,5.30,5.30,5.30,5.30,6000,27000.00
2020/02/12,5.30,5.30,5.30,5.30,25000,112500.00
2020/02/13,5.31,5.31,5.31,5.31,4000,18040.00
2020/03/05,5.33,5.33,5.33,5.33,2000,9060.00
2020/03/12,5.41,5.41,5.41,5.41,3000,13830.00
2020/03/30,6.70,6.70,6.70,6.70,100,690.30
2020/05/07,6.30,6.30,5.78,5.78,658200,3160940.00
2020/05/08,5.80,5.80,5.55,5.55,10500,50610.00
2020/05/11,5.49,5.60,5.49,5.55,17100,81039.00
2020/05/12,5.30,5.70,5.30,5.70,32900,155402.20
2020/05/13,5.70,5.70,5.30,5.67,15000,71350.00
2020/05/14,5.30,5.65,5.26,5.26,14000,63110.00
2020/05/15,5.06,5.07,5.06,5.07,22300,95242.84
2020/05/18,5.60,5.60,5.60,5.60,1000,4800.00
2020/05/19,5.58,5.58,5.58,5.58,1000,4780.00
2020/05/20,5.65,5.65,5.11,5.55,2000,9612.93
2020/05/21,5.63,5.63,5.63,5.63,1000,4830.00
2020/05/22,5.61,5.61,5.49,5.49,4800,22939.78
2020/05/25,6.19,6.19,5.18,5.68,9000,42050.00
2020/05/26,5.63,5.63,5.63,5.63,1000,4830.00
2020/05/28,5.61,5.61,5.61,5.61,100,827.32
2020/05/29,5.60,5.60,5.60,5.60,1000,4800.00
2020/06/02,5.60,5.63,5.49,5.63,15000,71830.00
2020/06/03,5.69,5.69,5.69,5.69,1000,4890.00
2020/06/04,5.66,5.66,5.60,5.60,3000,14520.00
2020/06/05,5.67,5.67,5.67,5.67,3600,17829.07
2020/06/09,5.65,5.65,5.65,5.65,5000,24250.00
2020/06/10,5.60,5.60,5.60,5.60,2000,9600.00
2020/06/11,5.80,5.80,5.80,5.80,1000,5000.00
2020/06/19,5.80,5.80,5.80,5.80,1200,6205.00
2020/06/22,5.60,5.61,5.60,5.61,80000,384600.00
2020/06/23,5.61,5.61,5.61,5.61,7500,36262.59
2020/06/29,5.78,5.80,5.78,5.80,2000,9980.00
2020/07/14,5.78,5.78,5.30,5.31,24900,117491.02
2020/07/15,5.31,5.80,5.30,5.80,27400,124293.62
2020/07/16,5.30,5.78,5.30,5.70,244200,1101020.50
2020/07/17,5.57,5.60,5.57,5.60,1600,7650.00
2020/07/21,5.49,5.76,5.49,5.76,7000,34260.00
2020/07/22,5.86,5.86,5.68,5.68,33500,164089.44
2020/07/23,5.76,5.76,5.76,5.76,5600,27829.00
2020/07/24,5.78,5.78,5.78,5.78,19300,96134.00
2020/07/27,5.70,5.91,5.70,5.80,9600,48642.10
2020/07/28,5.78,5.78,5.76,5.76,38000,189063.00
2020/07/29,5.76,5.78,5.76,5.76,23500,116752.00
2020/07/30,5.80,5.80,5.80,5.80,10000,50000.00
2020/08/03,5.80,5.80,5.80,5.80,1100,5500.00
2020/08/05,5.80,5.80,5.78,5.78,20500,102410.00
2020/08/06,5.80,5.80,5.70,5.70,21500,106820.00
2020/08/07,5.80,5.80,5.74,5.74,45100,223707.00
2020/08/10,5.70,5.70,5.70,5.70,3200,15680.00
2020/08/12,5.70,5.70,5.70,5.70,19400,95060.00
2020/08/13,5.67,5.67,5.67,5.67,10000,48700.00
2020/08/14,5.67,5.67,5.67,5.67,4500,21915.00
2020/08/18,5.65,5.65,5.65,5.65,600,2910.00
2020/08/19,5.65,5.65,5.65,5.65,10000,48500.00
2020/08/24,5.66,5.70,5.60,5.69,23000,112090.00
2020/08/27,5.69,5.69,5.69,5.69,10000,48900.00
2020/08/28,5.49,5.69,5.43,5.45,7500,35599.00
2020/08/31,5.70,5.70,5.69,5.70,13600,66608.44
2020/09/02,5.83,5.83,5.83,5.83,200,1006.00
2020/09/03,6.30,6.32,5.43,5.43,10700,54265.00
2020/09/14,5.70,5.70,5.10,5.10,200,920.00
2020/09/17,5.70,5.70,5.70,5.70,100,490.00
2020/09/25,6.20,6.20,6.20,6.20,100,540.00
2020/09/28,4.19,5.80,3.50,3.50,2300,11074.00
2020/09/29,5.76,5.76,5.76,5.76,100,497.00
2020/09/30,6.15,6.15,6.15,6.15,1000,5350.00
2020/10/14,6.10,6.10,6.10,6.10,21500,107500.00
2020/10/15,6.10,6.23,6.10,6.11,29100,145653.00
2020/10/16,6.10,6.10,6.10,6.10,29000,145000.00
2020/10/23,6.10,6.10,6.10,6.10,600,2980.00
2020/10/26,4.27,6.19,4.27,6.19,1100,3679.00
2020/10/28,4.96,6.29,4.96,6.29,100,522.86
2020/10/29,6.10,6.10,6.10,6.10,4000,20000.00
2020/10/30,5.60,6.10,5.60,6.10,100,504.50
2020/11/03,6.10,6.10,6.10,6.10,1800,9000.00
2020/11/04,6.10,6.10,6.10,6.10,2600,13000.00
2020/11/10,5.60,5.60,5.60,5.60,500,2250.00
2020/11/13,5.98,5.98,5.98,5.98,5000,24390.24
2020/11/16,6.10,6.10,5.95,5.95,5400,26250.00
2020/11/17,6.10,6.10,6.04,6.04,15100,75245.00
2020/11/18,5.90,5.90,5.90,5.90,2000,9600.00
2020/11/19,6.00,6.00,6.00,6.00,2800,13475.00
2020/11/23,5.90,5.90,5.90,5.90,3000,14400.00
2020/11/26,5.50,5.50,5.50,5.50,1100,4840.00
2020/11/30,5.58,5.98,5.58,5.98,700,3158.08
2020/12/01,5.79,6.00,5.79,6.00,100,710.90
2020/12/04,5.98,5.98,5.98,5.98,1000,4880.00
2020/12/09,5.68,5.68,5.68,5.68,3200,14665.16
2020/12/10,6.04,6.04,6.04,6.04,100,495.00
2020/12/11,5.58,5.90,5.58,5.79,10000,47486.58
2020/12/14,5.90,5.90,5.90,5.90,700,3360.00
2020/12/15,5.90,5.90,5.90,5.90,6900,33115.20
2020/12/17,6.06,6.06,6.06,6.06,100,497.00
2020/12/24,5.79,5.79,5.79,5.79,700,3290.00
2020/12/25,6.08,6.08,6.08,6.08,100,499.00
2020/12/28,6.19,6.19,6.17,6.17,8000,40660.00
2020/12/30,6.49,6.49,6.49,6.49,4000,21560.00
2021/01/04,6.06,6.06,6.06,6.06,5000,24850.00
2021/01/05,6.06,6.06,6.06,6.06,5000,24850.00
2021/01/26,6.08,6.30,6.08,6.08,10100,50310.04
2021/01/27,6.10,6.10,6.08,6.10,600,2999.00
2021/01/28,6.10,6.10,6.10,6.10,100,500.00
2021/02/18,6.08,6.08,6.08,6.08,10000,49770.12
2021/02/24,6.10,6.10,6.10,6.10,1400,7050.00
2021/03/05,6.60,7.10,6.60,7.10,10200,56200.00
2021/03/08,6.80,6.80,6.80,6.80,10000,57000.00
2021/03/10,6.60,7.09,6.60,7.09,1900,10548.00
2021/03/11,7.08,7.08,6.20,6.39,7500,38915.00
2021/03/12,6.67,6.67,6.67,6.67,8100,45117.00
2021/03/15,6.59,6.59,6.59,6.59,1000,5490.00
2021/03/16,6.34,6.60,6.34,6.60,900,4742.00
2021/03/17,7.05,7.05,7.05,7.05,100,595.00
2021/03/22,6.37,6.37,6.37,6.37,100,527.00
2021/03/23,6.60,6.60,6.60,6.60,1700,9306.00
2021/04/07,6.58,6.58,6.58,6.58,10000,54800.00
2021/04/08,6.58,6.58,6.58,6.58,6000,32880.00
2021/04/15,6.48,6.48,6.48,6.48,11800,63258.04
2021/04/16,6.47,6.47,6.47,6.47,11200,59961.42
2021/04/21,7.10,7.10,7.00,7.00,3500,20800.00
2021/04/22,7.00,7.05,7.00,7.05,6000,35550.00
2021/04/23,7.10,7.10,6.47,6.47,54900,298462.53
2021/04/28,7.08,7.08,7.06,7.06,300,1791.00
2021/04/29,7.07,7.07,7.06,7.06,200,1193.00
2021/04/30,6.40,6.40,6.40,6.40,6200,32775.20
2021/05/06,6.75,6.75,6.75,6.75,3100,17588.45
2021/05/14,6.70,6.70,6.70,6.70,4400,24477.60
2021/05/17,7.05,7.05,7.05,7.05,2700,16320.85
2021/05/19,6.75,6.75,6.75,6.75,1700,9605.00
2021/06/01,7.05,7.07,7.05,7.05,17300,102686.17
2021/06/04,6.70,6.70,6.70,6.70,12100,67748.80
2021/06/18,7.30,7.30,7.09,7.09,1700,10395.00
2021/06/23,6.78,6.78,6.78,6.78,2400,13632.00
2021/06/28,6.78,6.78,6.76,6.76,3900,22092.00
2021/06/29,6.76,6.76,6.76,6.76,2300,13018.00
2021/06/30,7.10,7.10,7.10,7.10,600,3504.00
2021/07/02,7.10,7.10,7.10,7.10,2000,12000.00
2021/07/05,7.10,7.10,7.10,7.10,6000,36000.00
2021/07/06,7.10,7.10,7.10,7.10,1300,7800.00
2021/07/16,7.30,7.30,7.30,7.30,2800,16764.00
2021/07/19,7.28,7.28,7.28,7.28,2200,13156.00
2021/07/20,7.28,7.28,7.28,7.28,4600,27418.30
2021/07/21,7.28,7.28,7.28,7.28,2700,16146.00
2021/07/23,7.28,7.28,7.28,7.28,1000,5980.00
2021/08/03,7.28,7.28,7.28,7.28,200,1196.00
2021/08/04,7.30,7.30,7.30,7.30,1200,7200.00
2021/08/06,7.40,7.40,7.40,7.40,1000,6100.00
2021/08/09,7.40,7.40,7.40,7.40,800,4989.80
2021/08/11,7.40,7.40,7.40,7.40,900,5490.00
2021/08/18,7.50,7.50,7.50,7.50,2000,12400.00
2021/08/19,8.50,8.50,8.50,8.50,200,1440.00
2021/08/24,8.50,8.50,8.50,8.50,100,720.00
2021/08/25,8.80,8.80,8.80,8.80,100,750.00
2021/08/26,9.00,9.00,9.00,9.00,100,770.00
2021/08/27,9.20,9.20,7.40,7.63,3900,24781.84
2021/08/30,9.20,9.20,9.20,9.20,100,790.00
2021/08/31,7.63,7.63,7.50,7.63,9000,56580.00
2021/09/01,7.70,9.20,7.70,9.20,9100,58900.90
2021/09/02,8.58,8.58,8.58,8.58,2200,16016.00
2021/09/03,8.90,9.20,8.90,9.20,31100,243430.80
2021/09/06,9.40,10.81,9.40,10.80,47900,450334.22
2021/09/07,10.80,10.80,10.60,10.60,7000,65120.00
2021/09/08,10.30,10.60,10.30,10.60,9400,87002.00
2021/09/09,10.75,10.75,10.75,10.75,2000,18900.00
2021/09/10,10.90,10.96,10.80,10.90,59800,574400.38
2021/09/13,11.27,11.58,11.27,11.38,17000,171660.00
2021/09/14,11.50,12.32,11.50,12.19,68700,741001.56
2021/09/15,12.26,12.36,12.13,12.13,52900,582920.63
2021/09/16,12.30,12.30,11.40,11.51,22900,248088.55
2021/09/17,12.22,12.25,12.21,12.22,46500,507420.16
2021/09/22,12.76,13.80,12.76,13.57,139000,1673178.25
2021/09/23,14.08,14.08,13.50,13.85,75600,952429.00
2021/09/24,13.85,14.80,13.85,14.33,56900,737937.44
2021/09/27,15.20,15.22,14.35,14.38,19200,257208.88
2021/09/28,14.45,14.45,14.41,14.41,32300,423822.00
2021/09/29,14.40,14.97,14.40,14.90,42300,576415.50
2021/09/30,14.80,14.83,14.60,14.60,27200,365754.00
2021/10/08,14.80,14.80,14.70,14.70,22700,306009.91
2021/10/11,17.20,17.20,16.10,16.10,7300,108550.00
2021/10/12,15.75,15.75,15.75,15.75,100,1445.00
2021/10/13,15.75,16.30,14.50,16.30,4400,62941.00
2021/10/15,16.30,16.30,16.30,16.30,7300,109995.00
2021/10/18,16.30,16.30,16.30,16.30,600,9000.00
2021/10/19,16.32,16.32,15.53,15.75,7000,104090.60
2021/10/20,15.50,15.50,15.50,15.50,4200,59640.00
2021/10/21,15.80,15.90,15.80,15.83,15400,223480.81
2021/10/22,16.18,16.40,16.18,16.40,14100,211287.34
2021/10/25,16.30,16.30,15.90,15.90,6400,94890.00
2021/10/26,15.50,15.50,15.28,15.28,8800,124304.65
2021/10/27,15.10,15.10,14.30,14.30,7600,101989.99
2021/10/28,13.90,13.90,13.90,13.90,800,9916.20
2021/11/01,13.30,13.92,13.30,13.92,20600,259055.31
2021/11/02,13.92,14.63,13.92,14.63,300,3857.00
2021/11/03,13.85,15.20,13.85,15.19,1800,24092.00
2022/03/21,12.10,12.10,11.43,12.10,4573425,47489536.00
2022/03/22,11.62,11.66,11.46,11.52,1216221,12489082.00
2022/03/23,11.52,11.63,11.52,11.58,788611,8100892.50
2022/03/24,11.55,11.70,11.40,11.45,686407,7022977.00
2022/03/25,11.44,11.46,11.33,11.36,546325,5511489.50
2022/03/28,11.38,11.39,11.14,11.18,504507,4994106.00
2022/03/29,11.13,11.38,11.00,11.11,332891,3281211.50
2022/03/30,11.13,11.35,11.04,11.35,431195,4252831.50
2022/03/31,11.22,11.68,11.16,11.43,766805,7789375.00
2022/04/01,11.44,11.76,11.36,11.76,825831,8539863.00
2022/04/06,11.80,11.96,11.55,11.61,600716,6250432.50
2022/04/07,11.53,11.55,11.32,11.46,407474,4141114.25
2022/04/08,11.39,11.49,11.31,11.47,185471,1873163.13
2022/04/11,11.50,11.51,11.35,11.39,115104,1160767.13
2022/04/12,11.38,11.48,11.38,11.48,92029,931671.06
2022/04/13,11.44,11.49,11.41,11.44,133389,1354200.00
2022/04/14,11.54,11.54,11.43,11.48,84781,862443.13
2022/04/15,11.45,11.78,11.44,11.47,282038,2899237.25
2022/04/18,11.45,11.47,11.39,11.39,205593,2079841.38
2022/04/19,11.39,11.44,11.34,11.39,115559,1164753.50
2022/04/20,11.36,11.51,11.35,11.40,128219,1300695.13
2022/04/21,11.39,11.48,11.28,11.28,185190,1859685.50
2022/04/22,11.28,11.42,11.25,11.32,67634,678621.75
2022/04/25,11.29,11.30,10.93,11.04,211405,2085666.63
2022/04/26,10.98,11.06,10.62,10.75,259345,2479935.25
2022/04/27,10.57,10.90,10.46,10.80,157145,1460523.50
2022/04/28,10.83,10.83,10.69,10.80,70029,663624.69
2022/04/29,10.89,11.08,10.80,11.08,119769,1153540.75
2022/05/05,10.85,11.11,10.85,11.10,102293,993024.75
2022/05/06,10.83,11.06,10.83,11.02,43252,418568.25
2022/05/09,10.88,11.10,10.88,11.05,63100,612207.00
2022/05/10,11.02,11.10,10.91,11.10,65167,635595.25
2022/05/11,11.15,11.25,11.03,11.20,142539,1405843.00
2022/05/12,11.10,11.19,11.09,11.13,49646,489062.91
2022/05/13,11.13,11.60,11.06,11.40,410051,4149365.50
2022/05/16,11.45,11.45,11.13,11.23,136456,1349434.75
2022/05/17,11.17,11.24,11.05,11.18,65988,648489.75
2022/05/18,11.18,11.19,11.13,11.17,67247,662139.25
2022/05/19,11.05,11.18,11.00,11.18,76005,741053.94
2022/05/20,11.18,11.24,11.10,11.14,56059,550361.75
2022/05/23,11.11,11.20,11.08,11.10,80880,793385.38
2022/05/24,11.09,11.11,11.00,11.04,90347,880683.13
2022/05/25,11.01,11.14,11.01,11.07,27131,264516.47
2022/05/26,11.00,11.09,11.00,11.07,30100,292923.13
2022/05/27,11.06,11.15,11.01,11.07,46522,454723.75
2022/05/30,11.02,11.07,11.00,11.07,53485,520526.09
2022/05/31,11.02,11.14,11.02,11.10,36412,355692.72
2022/06/01,11.10,11.14,11.05,11.10,32408,317434.97
2022/06/02,11.13,11.14,11.02,11.14,84625,828951.38
2022/06/06,11.06,11.15,11.04,11.14,144198,1417075.63
2022/06/07,11.16,11.25,11.12,11.14,105656,1045409.88
2022/06/08,11.14,11.20,11.13,11.16,68792,678394.00
2022/06/09,11.13,11.16,11.12,11.12,43799,430611.75
2022/06/10,11.08,11.15,11.08,11.13,61565,604775.13
2022/06/13,11.10,11.16,11.04,11.13,42916,420403.63
2022/06/14,11.04,11.13,11.04,11.08,36768,359572.41
2022/06/15,11.04,11.10,11.04,11.09,75631,739042.00
2022/06/16,11.10,11.12,11.08,11.08,26139,256206.39
2022/06/17,11.06,11.14,11.03,11.04,86094,839495.50
2022/06/20,11.05,11.14,11.01,11.03,74600,727949.38
2022/06/21,11.02,11.10,11.02,11.08,29651,289737.41
2022/06/22,11.06,11.10,11.03,11.06,29585,288703.75
2022/06/23,11.06,11.11,11.04,11.09,52608,514716.13
2022/06/24,11.10,11.13,11.07,11.12,84058,824801.31
2022/06/27,11.19,11.20,11.11,11.16,77260,738792.44
2022/06/28,11.11,11.42,11.11,11.40,438593,4263604.50
2022/06/29,11.40,11.43,11.22,11.22,140549,1363319.25
2022/06/30,11.19,11.39,11.18,11.23,86299,829763.00
2022/07/01,11.20,11.35,11.20,11.30,66453,644475.75
2022/07/04,11.22,11.23,11.20,11.22,27280,262340.00
2022/07/05,11.19,11.21,11.13,11.16,68789,658739.38
2022/07/06,11.12,11.14,11.05,11.08,67350,639092.13
2022/07/07,11.15,11.16,11.11,11.13,21223,202441.02
2022/07/08,11.06,11.19,11.06,11.07,56612,537529.50
2022/07/11,11.07,11.07,11.01,11.05,30538,288165.59
2022/07/12,11.01,11.04,11.01,11.03,14300,134821.00
2022/07/13,11.03,11.05,11.00,11.05,40218,378775.06
2022/07/14,11.02,11.10,11.01,11.01,17252,162797.14
2022/07/15,11.01,11.01,10.89,10.92,81100,756074.63
2022/07/18,10.91,10.92,10.86,10.91,23871,222091.89
2022/07/19,10.88,10.90,10.86,10.87,38156,354099.00
2022/07/20,10.86,10.93,10.86,10.90,54253,504334.78
2022/07/21,10.87,10.90,10.87,10.88,20669,191984.84
2022/07/22,10.90,10.90,10.85,10.89,46652,432197.16
2022/07/25,10.86,10.88,10.83,10.84,28784,266194.16
2022/07/26,10.83,10.87,10.82,10.87,36600,338480.00
2022/07/27,10.86,11.15,10.86,11.07,131425,1237194.50
2022/07/28,11.02,11.02,10.94,10.99,46110,432400.25
2022/07/29,10.99,10.99,10.90,10.96,29200,272171.00
2022/08/01,10.90,10.99,10.90,10.91,34402,320378.63
2022/08/02,10.83,10.90,10.69,10.74,95423,873360.94
2022/08/03,10.75,10.78,10.75,10.78,14128,129442.20
2022/08/04,10.72,10.81,10.72,10.78,14100,129237.22
2022/08/05,10.84,10.84,10.73,10.82,34827,319359.63
2022/08/08,10.78,10.80,10.71,10.80,17400,159663.23
2022/08/09,10.75,10.76,10.72,10.75,21000,192051.81
2022/08/10,10.72,10.84,10.70,10.80,69713,638293.75
2022/08/11,10.80,10.96,10.77,10.91,72256,674001.25
2022/08/12,10.86,10.94,10.85,10.88,33900,315436.00
2022/08/15,10.88,10.96,10.88,10.90,25100,234019.09
2022/08/16,10.95,10.96,10.89,10.89,25989,241737.81
2022/08/17,10.85,10.89,10.85,10.87,16100,149289.00
2022/08/18,10.83,10.90,10.83,10.88,12200,113005.00
2022/08/19,10.96,10.99,10.83,10.83,29244,270849.31
2022/08/22,10.79,10.93,10.79,10.80,32200,296964.84
2022/08/23,10.93,10.93,10.78,10.80,36466,335300.69
2022/08/24,10.79,10.83,10.74,10.75,65400,599400.00
2022/08/25,10.74,10.81,10.70,10.72,80287,732896.88
2022/08/26,10.71,10.80,10.71,10.75,48894,446727.63
2022/08/29,10.70,10.78,10.70,10.78,25300,230947.00
2022/08/30,10.73,10.74,10.71,10.72,12500,114093.60
2022/08/31,10.71,10.81,10.70,10.72,52184,475768.63
2022/09/01,10.71,10.74,10.70,10.70,34349,313194.38
2022/09/02,10.70,10.73,10.70,10.73,24700,225076.00
2022/09/05,10.71,10.75,10.71,10.75,17507,159859.84
2022/09/06,10.73,10.78,10.73,10.76,13800,126310.00
2022/09/07,10.72,10.79,10.70,10.79,13300,121485.00
2022/09/08,10.78,10.78,10.73,10.73,5128,46878.64
2022/09/09,10.72,10.80,10.72,10.79,9800,89760.00
2022/09/13,10.73,10.77,10.73,10.73,16700,152594.00
2022/09/14,10.70,10.74,10.70,10.72,17323,157911.30
2022/09/15,10.71,10.73,10.67,10.68,53428,486135.50
2022/09/16,10.63,10.85,10.62,10.83,137425,1264681.50
2022/09/19,10.83,10.95,10.73,10.79,75888,698867.69
2022/09/20,10.78,10.90,10.71,10.82,98182,903015.63
2022/09/21,10.78,11.51,10.78,11.32,1371953,13175883.00
2022/09/22,11.31,11.43,11.11,11.25,609335,5879509.50
2022/09/23,11.25,11.25,10.65,10.66,348230,3220710.00
2022/09/26,10.66,10.78,10.56,10.56,233383,2111736.25
2022/09/27,10.56,10.70,10.51,10.56,168150,1503643.88
2022/09/28,10.53,10.62,10.46,10.57,95642,854188.06
2022/09/29,10.57,10.60,10.45,10.47,80273,717585.81
2022/09/30,10.45,10.90,10.43,10.55,83531,749722.94
2022/10/10,10.43,10.63,10.40,10.40,36781,325781.78
2022/10/11,10.31,10.60,10.31,10.58,64755,578998.06
2022/10/12,10.42,10.60,10.42,10.56,45120,401517.88
2022/10/13,10.50,10.60,10.47,10.49,45130,403653.00
2022/10/14,10.47,10.60,10.47,10.54,51518,462211.44
2022/10/17,10.50,10.65,10.41,10.56,118973,1054890.63
2022/10/18,10.59,10.59,10.46,10.54,76989,687182.88
2022/10/19,10.44,10.54,10.44,10.48,34536,306220.31
2022/10/20,10.45,10.54,10.45,10.50,55962,496084.66
2022/10/21,10.44,10.52,10.44,10.49,28225,250065.19
2022/10/24,10.45,10.54,10.44,10.54,80976,719952.75
2022/10/25,10.52,10.59,10.42,10.45,18420,164056.89
2022/10/26,10.45,10.52,10.45,10.46,30475,270096.00
2022/10/27,10.43,10.50,10.43,10.48,47082,415962.81
2022/10/28,10.56,10.64,10.42,10.48,41274,368763.88
2022/10/31,10.42,10.51,10.25,10.40,64850,568697.00
2022/11/01,10.52,10.52,10.40,10.49,5509,48698.44
2022/11/02,10.40,10.51,10.39,10.50,21598,191501.95
2022/11/03,10.48,10.49,10.41,10.49,23400,206882.64
2022/11/04,10.42,10.50,10.42,10.50,73911,654520.31
2022/11/07,10.50,10.52,10.45,10.52,41215,367110.03
2022/11/08,10.45,10.53,10.45,10.52,12300,109644.00
2022/11/09,10.46,10.57,10.45,10.53,37600,336206.03
2022/11/10,10.49,10.60,10.45,10.52,17841,158539.84
2022/11/11,10.55,10.59,10.47,10.58,67945,607018.38
2022/11/14,10.55,10.65,10.50,10.58,38406,343400.88
2022/11/15,10.48,10.59,10.48,10.55,37988,339908.19
2022/11/16,10.51,10.61,10.51,10.58,57212,513333.03
2022/11/17,10.63,10.63,10.55,10.61,112522,1012670.94
2022/11/18,10.61,10.61,10.50,10.61,16200,145305.30
2022/11/21,10.64,10.70,10.56,10.67,98025,888174.06
2022/11/22,10.66,10.66,10.56,10.56,46763,420344.88
2022/11/23,10.56,10.57,10.50,10.57,40974,365388.00
2022/11/24,10.52,10.59,10.51,10.58,35700,319146.25
2022/11/25,10.60,10.60,10.32,10.52,65535,580781.31
2022/11/28,10.41,10.53,10.41,10.49,17746,157749.31
2022/11/29,10.53,10.60,10.53,10.58,40222,360281.13
2022/11/30,10.51,10.60,10.50,10.58,18952,169272.81
2022/12/01,10.60,10.60,10.52,10.59,21351,191533.00
2022/12/02,10.53,10.64,10.53,10.60,8250,73919.50
2022/12/05,10.54,10.66,10.54,10.57,37707,338964.00
2022/12/06,10.65,10.65,10.42,10.55,71456,635226.00
2022/12/07,10.43,10.54,10.43,10.54,28899,257076.70
2022/12/08,10.45,10.58,10.45,10.49,31222,279398.34
2022/12/09,10.46,10.55,10.46,10.51,17800,157979.00
2022/12/12,10.51,10.54,10.47,10.52,18724,166363.41
2022/12/13,10.42,10.51,10.42,10.51,47727,422098.41
2022/12/14,10.44,10.49,10.44,10.47,29537,262130.94
2022/12/15,10.47,10.52,10.42,10.47,34955,309339.19
2022/12/16,10.42,10.47,10.42,10.44,33866,298992.13
2022/12/19,10.46,10.46,10.41,10.42,32122,283384.63
2022/12/20,10.40,10.41,10.37,10.41,26200,230134.98
2022/12/21,10.36,10.40,10.35,10.38,17900,156821.00
2022/12/22,10.38,10.38,10.06,10.27,185337,1592747.50
2022/12/23,10.20,10.21,10.08,10.08,40134,341773.81
2022/12/26,10.02,10.34,10.02,10.10,11662,99393.40
2022/12/27,10.08,10.10,10.04,10.08,6812,57689.28
2022/12/28,10.05,10.20,10.05,10.06,16800,142217.00
2022/12/29,10.06,10.17,10.06,10.06,9930,84409.82
2022/12/30,10.06,10.10,10.03,10.04,8600,72766.00
2023/01/03,10.01,10.10,10.01,10.10,13200,111465.00
2023/01/04,10.12,10.17,10.00,10.07,6000,51238.00
2023/01/05,10.11,10.20,10.11,10.19,15691,134452.05
2023/01/06,10.11,10.20,10.11,10.17,13197,112541.19
2023/01/09,10.07,10.19,10.07,10.17,6442,54781.00
2023/01/10,10.06,10.17,10.06,10.16,16219,138133.94
2023/01/11,10.09,10.16,10.09,10.16,5400,45986.00
2023/01/12,10.05,10.16,10.05,10.15,12200,104115.00
2023/01/13,10.15,10.15,10.07,10.15,5634,47973.32
2023/01/16,10.27,10.27,10.07,10.15,10900,92947.00
2023/01/17,10.15,10.15,10.04,10.15,18989,161249.44
2023/01/18,10.04,10.14,10.04,10.11,11612,98642.08
2023/01/19,10.11,10.11,10.07,10.09,13950,118419.00
2023/01/20,10.05,10.18,10.05,10.12,37448,318787.53
2023/01/30,10.16,10.17,10.12,10.14,19446,166070.38
2023/01/31,10.15,10.45,10.15,10.45,232853,2041609.13
2023/02/01,10.50,10.55,10.37,10.48,216217,1913650.25
2023/02/02,10.34,10.38,10.30,10.36,104240,909392.75
2023/02/03,10.33,10.43,10.33,10.40,38024,334533.78
2023/02/06,10.30,10.40,10.28,10.40,23479,204597.05
2023/02/07,10.40,10.45,10.31,10.40,32828,287387.09
2023/02/08,10.48,10.48,10.33,10.36,8800,77058.00
2023/02/09,10.31,10.39,10.31,10.38,36399,317794.50
2023/02/10,10.31,10.38,10.31,10.38,14357,125383.64
2023/02/13,10.28,10.38,10.28,10.37,20296,177577.88
2023/02/14,10.30,10.39,10.30,10.36,18622,162631.06
2023/02/15,10.38,10.39,10.36,10.39,39079,342976.97
2023/02/16,10.37,10.46,10.31,10.33,144975,1273912.50
2023/02/17,10.34,10.35,10.33,10.34,15610,136403.30
2023/02/20,10.33,10.43,10.31,10.37,48162,422898.94
2023/02/21,10.35,10.43,10.33,10.41,70353,619229.31
2023/02/22,10.43,10.50,10.36,10.49,179562,1592329.75
2023/02/23,10.45,10.52,10.43,10.49,93981,836641.94
2023/02/24,10.49,10.49,10.46,10.48,10173,90336.24
2023/02/27,10.48,10.52,10.43,10.46,8800,78120.00
2023/02/28,10.56,10.59,10.40,10.42,111100,991908.06
2023/03/01,10.39,10.40,10.34,10.34,82055,719933.50
2023/03/02,10.31,10.40,10.31,10.38,28900,252427.00
2023/03/03,10.32,10.39,10.28,10.30,112364,977476.63
2023/03/06,10.30,10.39,10.27,10.37,138619,1210377.88
2023/03/07,10.28,10.36,10.28,10.34,6919,60286.30
2023/03/08,10.27,10.33,10.26,10.27,24840,215444.52
2023/03/09,10.33,10.39,10.23,10.29,41700,363933.41
2023/03/10,10.25,10.27,10.25,10.26,3689,31934.85
2023/03/13,10.23,10.40,10.23,10.39,203400,1784650.50
2023/03/14,10.37,10.37,10.28,10.28,20437,177688.16
2023/03/15,10.29,10.38,10.27,10.38,25500,222881.23
2023/03/16,10.26,10.38,10.26,10.27,15197,132449.84
2023/03/17,10.36,10.36,10.27,10.35,26802,232714.80
2023/03/20,10.22,10.24,10.22,10.23,3300,28469.00
2023/03/21,10.24,10.26,10.21,10.23,22100,190798.00
2023/03/22,10.24,10.25,10.22,10.23,14819,127932.78
2023/03/23,10.25,10.25,10.21,10.25,13165,113468.65
2023/03/24,10.22,10.28,10.22,10.24,12740,110182.80
2023/03/27,10.20,10.33,10.20,10.20,14700,126962.00
2023/03/28,10.18,10.20,10.17,10.17,15300,131383.89
2023/03/29,10.15,10.17,10.15,10.15,24948,213368.41
2023/03/30,10.12,10.16,10.10,10.11,26488,225460.77
2023/03/31,10.10,10.17,10.10,10.12,3700,31576.00
2023/04/03,10.11,10.14,10.11,10.14,2463,21015.02
2023/04/04,10.08,10.12,10.07,10.09,32000,271704.53
2023/04/06,10.08,10.18,10.08,10.12,14772,125715.75
2023/04/07,10.09,10.14,10.09,10.12,5400,45982.00
2023/04/10,10.18,10.18,10.10,10.11,8100,69103.83
2023/04/11,10.10,10.15,10.00,10.03,65000,547791.81
2023/04/12,10.03,10.03,9.98,10.01,99021,831300.56
2023/04/13,10.04,10.06,10.01,10.01,25073,211509.59
2023/04/14,10.01,10.05,10.01,10.04,12384,104309.46
2023/04/17,9.99,10.04,9.90,9.98,185011,1545685.50
2023/04/18,10.00,10.00,9.89,9.94,81500,678220.56
2023/04/19,9.93,9.94,9.93,9.93,26600,221673.20
2023/04/20,9.93,9.94,9.89,9.94,46010,382782.31
2023/04/21,9.84,9.89,9.84,9.86,38776,320398.13
2023/04/24,9.84,9.91,9.83,9.83,30394,250846.63
2023/04/25,9.83,9.84,9.74,9.76,52290,428660.91
2023/04/26,9.85,9.92,9.81,9.88,7021,58005.28
2023/04/27,9.92,10.02,9.92,9.97,29520,247140.09
2023/04/28,10.05,10.06,9.93,10.00,48263,405774.53
2023/05/04,9.96,10.07,9.96,10.07,92260,778842.38
2023/05/05,10.04,10.26,10.04,10.20,120415,1032244.25
2023/05/08,10.26,10.48,10.18,10.45,1005165,8394914.00
2023/05/09,10.45,10.59,10.05,10.05,449255,3914435.00
2023/05/10,10.06,10.32,10.04,10.06,1055860,8376760.00
2023/05/11,10.16,10.18,9.90,10.07,403528,3325932.00
2023/05/12,9.99,10.14,9.98,10.07,572117,4385015.00
2023/05/15,10.07,10.12,10.00,10.05,620367,4915474.50
2023/05/16,10.12,10.12,9.95,10.06,43067,362828.75
2023/05/17,10.06,10.07,10.05,10.07,9532,80652.11
2023/05/18,10.02,10.11,10.02,10.10,30900,262190.44
2023/05/19,10.10,10.12,10.02,10.10,53482,453499.50
2023/05/22,10.14,10.14,10.00,10.11,28792,243995.44
2023/05/23,10.11,10.15,10.07,10.10,153395,1284443.50
2023/05/24,10.05,10.12,10.05,10.11,25636,217498.80
2023/05/25,10.13,10.13,10.01,10.03,54500,460460.13
2023/05/26,10.03,10.12,10.00,10.06,58846,496885.09
2023/05/29,10.11,10.11,10.00,10.01,39602,333208.09
2023/05/30,10.00,10.06,9.94,9.99,41767,349977.66
2023/05/31,9.98,10.03,9.97,9.99,10063,84346.77
2023/06/01,10.00,10.12,9.99,10.06,104304,884677.00
2023/06/02,10.07,10.12,10.00,10.08,107127,903135.00
2023/06/05,10.11,10.11,9.95,10.05,73435,616787.94
2023/06/06,9.96,10.08,9.96,10.05,12308,103698.16
2023/06/07,10.05,10.06,9.95,10.04,37630,315354.09
2023/06/08,9.98,10.00,9.92,9.92,38600,322609.63
2023/06/09,9.90,10.00,9.90,9.91,88907,711937.31
2023/06/12,9.91,9.95,9.84,9.92,29224,233033.72
2023/06/13,9.89,9.90,9.84,9.85,16296,130164.00
2023/06/14,9.86,9.86,9.77,9.77,80198,634063.56
2023/06/15,9.77,9.88,9.75,9.78,56343,443264.16
2023/06/16,9.79,9.83,9.76,9.80,37901,298602.31
2023/06/19,9.77,9.81,9.73,9.73,27893,219222.80
2023/06/20,9.71,9.76,9.65,9.67,49551,386095.78
2023/06/21,9.70,9.89,9.67,9.88,117978,932781.44
2023/06/26,9.69,9.92,9.69,9.73,37965,298478.75
2023/06/27,9.72,9.75,9.72,9.73,45825,358900.25
2023/06/28,9.72,9.75,9.70,9.70,26300,205560.27
2023/06/29,9.70,9.88,9.69,9.88,86259,684884.56
2023/06/30,9.89,9.91,9.85,9.91,43123,344776.56
2023/07/03,9.88,9.97,9.88,9.94,37199,299214.38
2023/07/04,9.87,10.02,9.87,9.98,63558,514660.31
2023/07/05,10.03,10.28,10.03,10.15,217651,1799150.38
2023/07/06,10.23,10.24,10.07,10.13,63604,525437.50
2023/07/07,10.05,10.11,10.05,10.08,16686,136347.06
2023/07/10,10.12,10.14,10.10,10.11,38066,313208.88
2023/07/11,10.13,10.13,10.03,10.06,36792,300911.69
2023/07/12,10.08,10.08,9.92,9.98,68500,555285.00
2023/07/13,9.96,10.02,9.96,9.99,28555,231310.58
2023/07/14,9.96,10.02,9.96,10.02,23409,189898.08
2023/07/17,9.98,9.99,9.97,9.98,284736,2310670.00
2023/07/18,9.92,10.04,9.91,9.98,55100,445386.00
2023/07/19,9.96,9.97,9.93,9.97,39865,320845.59
2023/07/20,9.94,9.96,9.94,9.94,32514,261818.69
2023/07/21,9.93,9.96,9.92,9.95,13300,106958.72
2023/07/24,9.95,9.96,9.95,9.96,3162,25476.22
2023/07/25,9.96,10.01,9.96,10.00,71272,575364.88
2023/07/26,9.93,9.99,9.91,9.95,36206,290969.56
2023/07/27,9.91,9.92,9.87,9.89,71794,574668.81
2023/07/28,9.89,9.93,9.85,9.91,94482,754194.13
2023/07/31,9.93,9.95,9.88,9.93,72782,582834.25
2023/08/01,9.96,10.03,9.96,9.99,146051,1181728.38
2023/08/02,9.92,10.03,9.92,10.02,105414,853324.38
2023/08/03,10.02,10.03,9.95,10.01,47800,386548.69
2023/08/04,10.03,10.03,9.98,10.03,31400,254396.00
2023/08/07,10.00,10.01,9.98,10.01,35020,283457.34
2023/08/08,9.98,10.03,9.97,10.01,60811,492724.78
2023/08/09,9.99,10.00,9.99,10.00,10106,81810.64
2023/08/10,10.03,10.03,9.96,9.98,12600,101771.10
2023/08/11,9.98,10.02,9.97,9.98,83240,673433.44
2023/08/14,9.91,10.03,9.91,10.01,30400,245493.00
2023/08/15,9.97,10.00,9.97,9.98,1700,13736.00
2023/08/16,9.94,9.97,9.94,9.97,11300,91163.00
2023/08/17,9.97,10.02,9.96,10.01,30802,249117.25
2023/08/18,9.99,10.03,9.98,9.99,19860,160845.19
2023/08/21,9.94,9.95,9.76,9.76,119573,953606.06
2023/08/22,9.81,9.83,9.76,9.80,34754,274284.31
2023/08/23,9.74,9.81,9.73,9.75,14998,118014.00
2023/08/24,9.71,9.76,9.68,9.75,56396,440052.59
2023/08/25,9.81,9.94,9.76,9.77,24360,192618.63
2023/08/28,9.93,10.00,9.77,9.80,87264,698915.25
2023/08/29,9.80,9.89,9.79,9.86,22240,176311.00
2023/08/30,9.82,9.88,9.80,9.82,24503,194458.50
2023/08/31,9.87,10.00,9.82,9.99,114122,918262.00
2023/09/01,10.03,10.30,9.92,10.15,733436,6068038.50
2023/09/04,10.25,10.48,10.25,10.43,1188090,10104368.00
2023/09/05,10.38,10.44,10.30,10.33,208356,1761327.50
2023/09/06,10.31,10.41,10.31,10.36,113664,962761.56
2023/09/07,10.29,10.42,10.20,10.27,61777,518206.50
2023/09/08,10.26,10.29,10.20,10.25,115582,964331.44
2023/09/11,10.32,10.32,10.22,10.22,45519,379848.59
2023/09/12,10.30,10.36,10.25,10.30,59066,496962.38
2023/09/13,10.35,10.36,10.23,10.30,55973,469366.63
2023/09/14,10.35,10.56,10.30,10.43,243252,2074955.88
2023/09/15,10.44,10.44,10.20,10.31,163188,1366368.63
2023/09/18,10.31,10.34,10.29,10.31,91542,770718.13
2023/09/19,10.31,10.41,10.31,10.38,122256,1035773.00
2023/09/20,10.39,10.47,10.35,10.45,123690,1053380.88
2023/09/21,10.45,10.46,10.40,10.43,47412,404887.56
2023/09/22,10.37,10.45,10.37,10.42,80413,685133.06
2023/09/25,10.49,10.50,10.43,10.44,64858,555758.75
2023/09/26,10.44,10.50,10.30,10.31,78252,660977.69
2023/09/27,10.30,10.36,10.30,10.31,22300,187885.75
2023/09/28,10.32,10.35,10.32,10.35,21300,179399.00
2023/10/09,10.35,10.37,10.32,10.37,5900,49843.00
2023/10/10,10.37,10.37,10.28,10.34,36350,305900.91
2023/10/11,10.34,10.34,10.27,10.30,11260,94804.80
2023/10/12,10.37,10.37,10.30,10.32,21146,178046.06
2023/10/13,10.30,10.31,10.20,10.25,30238,252446.61
2023/10/16,10.25,10.25,10.03,10.09,78199,642633.50
2023/10/17,10.03,10.15,10.03,10.15,77100,632704.00
2023/10/18,10.08,10.41,10.08,10.41,169899,1423636.00
2023/10/19,10.33,10.35,10.27,10.27,23250,195558.63
2023/10/20,10.28,10.51,10.11,10.32,159334,1354883.50
2023/10/23,10.28,10.28,10.11,10.20,47446,391646.50
2023/10/24,10.19,10.24,10.15,10.24,126900,1049440.88
2023/10/25,10.16,10.30,10.16,10.23,59300,495959.81
2023/10/26,10.25,10.31,10.25,10.31,20884,174901.14
2023/10/27,10.38,10.61,10.32,10.61,319939,2767670.50
2023/10/30,10.61,10.75,10.61,10.72,214965,1890716.25
2023/10/31,10.64,10.70,10.56,10.64,123651,1074946.38
2023/11/01,10.70,10.70,10.56,10.60,32737,284990.94
2023/11/02,10.60,10.63,10.55,10.56,86464,751646.63
2023/11/03,10.60,10.64,10.56,10.61,118247,1030205.69
2023/11/06,10.62,10.67,10.57,10.67,165891,1448136.75
2023/11/07,10.70,10.78,10.67,10.74,178428,1575609.00
2023/11/08,10.75,10.94,10.70,10.86,350608,3136749.00
2023/11/09,10.91,10.95,10.85,10.87,128764,1157766.75
2023/11/10,10.86,10.92,10.82,10.86,73096,654994.50
2023/11/13,10.86,10.89,10.82,10.84,51427,460537.84
2023/11/14,10.82,10.88,10.82,10.85,42300,378409.00
2023/11/15,10.88,10.97,10.87,10.95,128133,1155897.00
2023/11/16,10.95,10.95,10.78,10.78,61664,550500.63
2023/11/17,10.78,10.85,10.70,10.75,26998,238814.59
2023/11/20,10.82,11.24,10.81,11.16,347922,3183109.00
2023/11/21,11.18,12.11,11.17,11.57,1570776,15355949.00
2023/11/22,11.51,12.35,11.50,12.32,2026277,20489656.00
2023/11/23,12.67,13.90,12.36,12.90,3312148,37012236.00
2023/11/24,13.05,15.55,13.01,15.52,3520639,43232156.00
2023/11/27,16.62,18.33,15.93,17.36,4984835,76059344.00
2023/11/28,15.78,17.78,15.60,16.31,3607383,52687880.00
2023/11/29,16.20,16.56,14.35,14.56,2649977,35747244.00
2023/11/30,14.59,15.16,14.14,14.40,1480760,18464072.00
2023/12/01,14.58,14.89,13.35,13.49,1784253,21344706.00
2023/12/04,13.30,13.92,13.10,13.50,705547,8225397.00
2023/12/05,13.40,15.33,13.40,14.95,1593383,19959934.00
2023/12/06,14.98,16.08,14.96,15.05,2240331,30431526.00
2023/12/07,15.10,15.69,14.49,15.59,2092923,28063740.00
2023/12/08,16.05,16.29,15.51,15.84,2342162,32343432.00
2023/12/11,15.43,15.48,15.02,15.09,1281903,17094792.00
2023/12/12,15.09,15.33,14.68,15.20,820755,10699034.00
2023/12/13,15.07,16.29,14.97,15.95,2031932,28281120.00
2023/12/14,15.90,16.48,15.61,15.96,2104415,30078632.00
2023/12/15,15.90,16.10,15.45,15.61,1866634,25695944.00
2023/12/18,15.70,17.11,15.63,16.75,2695637,38748640.00
2023/12/19,16.59,17.10,16.15,16.89,2284943,33758388.00
2023/12/20,16.89,17.55,16.75,17.50,2735107,42080232.00
2023/12/21,17.41,18.07,15.60,15.81,3350083,50128548.00
2023/12/22,15.67,16.19,15.12,16.08,1775707,24456786.00
2023/12/25,16.22,17.00,16.20,16.93,1885086,27918248.00
2023/12/26,16.95,17.39,16.10,16.90,2106074,31431746.00
2023/12/27,16.70,16.96,16.23,16.96,1697079,25110132.00
2023/12/28,16.88,17.89,16.75,17.86,3154455,49098044.00
2023/12/29,17.88,18.38,17.56,18.07,3027078,48402976.00
2024/01/02,19.40,20.88,18.93,19.78,5507567,98527264.00
2024/01/03,19.25,19.78,18.91,19.09,2929924,50986864.00
2024/01/04,18.81,19.39,18.28,18.97,2524797,42951088.00
2024/01/05,18.70,19.18,17.72,17.86,2175081,35857008.00
2024/01/08,17.47,18.03,16.90,16.90,1337947,20965360.00
2024/01/09,16.78,17.28,15.79,16.40,1723829,24908858.00
2024/01/10,16.45,17.25,16.45,16.98,1208565,18174662.00
2024/01/11,17.05,17.26,16.45,16.96,936937,14029118.00
2024/01/12,16.60,16.74,15.47,15.50,1696966,23927800.00
2024/01/15,15.50,15.66,14.76,14.95,816317,10787954.00
2024/01/16,15.08,16.09,14.38,15.76,1378485,18365232.00
2024/01/17,15.63,16.40,15.45,15.53,1041420,14624956.00
2024/01/18,15.53,16.16,15.03,16.08,911374,12626989.00
2024/01/19,15.99,16.80,15.99,16.67,905500,13233704.00
2024/01/22,16.60,16.87,15.27,16.05,962129,13965429.00
2024/01/23,15.90,16.24,15.77,16.06,629597,8883121.00
2024/01/24,15.97,16.53,15.35,15.88,500367,6947938.00
2024/01/25,15.88,16.00,15.30,15.53,711744,9788486.00
2024/01/26,15.59,15.88,15.05,15.05,347813,4756154.50
2024/01/29,15.16,15.18,13.06,13.76,780022,9666405.00
2024/01/30,13.67,13.87,13.08,13.39,639988,7380522.50
2024/01/31,13.42,13.87,13.30,13.51,736476,8628938.00
2024/02/01,13.65,13.65,12.90,12.98,772392,8699832.00
2024/02/02,12.99,13.09,11.94,12.10,941556,9888010.00
2024/02/05,11.99,13.46,11.40,12.80,1868117,19613298.00
2024/02/06,12.80,14.41,12.80,14.41,2227338,26330338.00
2024/02/07,14.60,15.40,13.70,15.00,3186883,40637084.00
2024/02/08,15.00,15.36,13.60,15.09,2690443,34170936.00
2024/02/19,14.85,14.89,14.40,14.58,923494,11727230.00
数据来源:通达信
