001313 粤海饲料 日线 后复权
      日期	    开盘	    最高	    最低	    收盘	    成交量	    成交额
2022/02/16,6.46,7.75,6.46,7.75,1900165,14668166.00
2022/02/17,8.53,8.53,8.53,8.53,305423,2605258.25
2022/02/18,9.38,9.38,9.38,9.38,906722,8505052.00
2022/02/21,10.32,10.32,10.32,10.32,632276,6525088.50
2022/02/22,11.35,11.35,11.35,11.35,4282226,48603264.00
2022/02/23,12.49,12.49,12.49,12.49,857032,10704330.00
2022/02/24,13.74,13.74,13.74,13.74,17969796,246904992.00
2022/02/25,14.60,15.11,14.51,15.11,24555380,365903072.00
2022/02/28,15.03,15.03,13.60,13.60,48655834,673552960.00
2022/03/01,13.01,13.52,12.29,12.85,52851475,677596928.00
2022/03/02,13.45,14.14,12.96,14.14,59873207,826470336.00
2022/03/03,13.60,15.55,13.20,15.55,58394746,857020800.00
2022/03/04,15.00,17.11,14.00,17.11,69956210,1052258432.00
2022/03/07,18.36,18.82,17.33,18.82,34120775,624825664.00
2022/03/08,16.94,20.50,16.94,17.11,65952036,1191399424.00
2022/03/09,16.40,18.16,15.41,17.25,50236703,825197312.00
2022/03/10,16.70,17.72,16.51,16.84,41547824,710084224.00
2022/03/11,16.10,17.26,15.22,16.32,37251411,614931200.00
2022/03/14,16.03,17.50,15.60,16.52,35365374,593153664.00
2022/03/15,16.52,16.83,14.87,14.87,34354606,532963008.00
2022/03/16,14.80,15.27,13.58,14.50,32455489,470905312.00
2022/03/17,14.49,15.80,14.08,15.25,39116497,590107328.00
2022/03/18,15.24,15.99,15.17,15.51,34569893,539586240.00
2022/03/21,15.38,17.06,15.18,17.06,35013153,572576704.00
2022/03/22,17.20,18.77,16.06,18.77,55474660,971996224.00
2022/03/23,18.18,20.42,17.68,18.89,55730930,1072032064.00
2022/03/24,18.38,19.93,17.37,17.57,45666039,845545792.00
2022/03/25,17.77,18.28,16.86,16.88,34763269,608341440.00
2022/03/28,16.70,17.30,15.58,15.68,37726938,613535808.00
2022/03/29,15.79,16.27,15.40,16.13,28356273,452762080.00
2022/03/30,15.50,15.96,15.11,15.75,23568087,367854656.00
2022/03/31,15.60,16.19,15.00,15.15,25277126,392067488.00
2022/04/01,14.80,15.45,14.50,14.68,19270350,285366688.00
2022/04/06,14.59,15.15,14.59,14.96,15207457,227161520.00
2022/04/07,14.85,15.07,14.23,14.32,14788510,214882624.00
2022/04/08,14.25,14.32,13.61,13.62,15183064,209311040.00
2022/04/11,13.49,13.88,13.10,13.13,14834891,201387376.00
2022/04/12,13.15,13.33,12.67,13.29,14301036,186359184.00
2022/04/13,13.30,13.35,12.50,12.54,17335578,222139904.00
2022/04/14,12.42,13.38,12.35,13.00,17242810,222533360.00
2022/04/15,12.75,12.96,12.62,12.68,10765998,137272832.00
2022/04/18,12.56,13.95,12.52,13.95,15101428,203590832.00
2022/04/19,14.20,15.35,13.73,15.35,47640616,710450240.00
2022/04/20,15.75,16.89,15.51,16.20,60835585,990260224.00
2022/04/21,15.49,15.74,14.58,14.58,31269043,465464480.00
2022/04/22,13.13,13.74,13.13,13.24,30079399,403575008.00
2022/04/25,13.52,13.95,12.80,12.90,27297054,368601248.00
2022/04/26,12.64,13.20,12.18,12.24,22098747,277833632.00
2022/04/27,11.84,12.44,11.30,12.44,18956749,225949760.00
2022/04/28,12.43,12.43,11.51,11.70,15989593,188156160.00
2022/04/29,11.35,12.55,11.35,12.20,16801060,200721440.00
2022/05/05,12.11,12.70,11.85,12.46,16057814,199028576.00
2022/05/06,12.05,12.84,11.90,12.65,18090106,225571200.00
2022/05/09,12.40,13.80,12.32,13.75,22616881,295146624.00
2022/05/10,13.20,13.53,12.89,13.25,21926958,288393728.00
2022/05/11,13.20,13.51,12.92,12.94,20101214,265579888.00
2022/05/12,12.68,13.08,12.38,12.68,15521600,196672480.00
2022/05/13,12.90,13.07,12.29,12.37,13421315,168557440.00
2022/05/16,12.49,13.61,12.41,13.61,16508703,219452496.00
2022/05/17,13.89,14.03,13.14,13.33,36292217,492579904.00
2022/05/18,13.00,13.36,12.98,13.11,15783324,207780864.00
2022/05/19,12.82,13.08,12.70,12.89,13839365,177691376.00
2022/05/20,12.90,13.43,12.81,13.20,19735443,259504752.00
2022/05/23,13.03,14.44,12.92,14.01,33143035,453205984.00
2022/05/24,13.92,14.10,13.00,13.10,26902441,361687360.00
2022/05/25,12.75,13.22,12.56,13.18,16248271,210625408.00
2022/05/26,13.00,13.05,12.60,12.87,12320479,158407728.00
2022/05/27,12.90,13.11,12.60,12.97,14403196,185318064.00
2022/05/30,13.03,13.37,13.00,13.05,15485989,204090448.00
2022/05/31,12.88,13.80,12.72,13.30,21984919,293161664.00
2022/06/01,13.15,13.63,13.01,13.30,17730589,235946848.00
2022/06/02,13.37,13.44,12.84,13.01,12105913,156733760.00
2022/06/06,12.86,13.05,12.86,12.98,9765312,125728448.00
2022/06/07,13.01,13.14,12.61,12.68,13486030,171286352.00
2022/06/08,12.64,12.81,12.43,12.59,8967593,112398360.00
2022/06/09,12.63,13.20,12.44,12.97,17927447,229711904.00
2022/06/10,12.78,12.79,12.56,12.71,10185163,128356536.00
2022/06/13,12.64,12.91,12.57,12.72,7822177,99204096.00
2022/06/14,12.50,13.40,12.46,12.93,17613033,227134464.00
2022/06/15,12.81,13.32,12.72,13.02,16459543,212838656.00
2022/06/16,12.84,13.81,12.83,13.26,23671758,313514528.00
2022/06/17,12.93,13.26,12.69,12.83,17415137,223349312.00
2022/06/20,12.71,13.03,12.71,12.92,10135497,129394792.00
2022/06/21,12.86,12.89,12.57,12.68,9609057,121589784.00
2022/06/22,12.65,12.84,12.48,12.65,8146139,102211936.00
2022/06/23,12.56,12.65,12.28,12.52,8066770,100089984.00
2022/06/24,12.52,12.64,12.41,12.56,5852231,73063728.00
2022/06/27,12.60,12.70,12.48,12.61,6962580,87134344.00
2022/06/28,12.56,12.63,12.46,12.52,6764849,84267320.00
2022/06/29,12.53,12.59,12.26,12.27,7813920,96331200.00
2022/06/30,12.28,12.39,12.28,12.32,4478670,54928388.00
2022/07/01,12.59,12.74,12.37,12.40,7133872,89024224.00
2022/07/04,12.26,13.20,12.22,12.84,18651144,237201904.00
2022/07/05,12.66,12.74,12.38,12.53,11041464,137570960.00
2022/07/06,12.37,12.47,12.16,12.23,6306971,77219136.00
2022/07/07,12.22,12.38,12.16,12.24,4232786,51723780.00
2022/07/08,12.33,12.33,12.17,12.18,3768905,45840848.00
2022/07/11,12.21,12.50,12.17,12.27,4717740,57778512.00
2022/07/12,12.25,12.32,11.97,12.00,5641510,67974456.00
2022/07/13,11.96,12.11,11.96,12.04,3058231,36608256.00
2022/07/14,12.13,12.29,11.92,12.05,4535900,54427352.00
2022/07/15,11.71,11.71,11.13,11.18,9984390,112787256.00
2022/07/18,11.26,11.28,11.12,11.26,4006990,44671044.00
2022/07/19,11.27,11.37,11.19,11.36,3952721,44393036.00
2022/07/20,11.42,11.42,11.29,11.32,3290499,37108524.00
2022/07/21,11.34,11.36,11.22,11.34,3789150,42552740.00
2022/07/22,11.35,11.61,11.27,11.45,5650536,64184540.00
2022/07/25,11.31,11.34,11.18,11.26,4223033,47184924.00
2022/07/26,11.26,11.32,11.18,11.26,3129343,34893332.00
2022/07/27,11.28,11.29,11.21,11.22,2321504,25930640.00
2022/07/28,11.26,11.29,11.19,11.20,2779413,31067036.00
2022/07/29,11.25,11.70,11.17,11.35,7950065,90342152.00
2022/08/01,11.24,11.30,11.13,11.17,4182922,46495412.00
2022/08/02,11.07,11.08,10.26,10.40,6597854,68924384.00
2022/08/03,10.26,10.51,10.06,10.14,4731995,48494104.00
2022/08/04,10.11,10.43,10.11,10.34,3774229,38611856.00
2022/08/05,10.46,10.61,10.33,10.45,3747873,38895116.00
2022/08/08,10.47,10.75,10.47,10.58,3216297,33796524.00
2022/08/09,10.57,10.57,10.40,10.46,2759929,28696222.00
2022/08/10,10.51,10.54,10.32,10.40,2234400,23062550.00
2022/08/11,10.51,10.65,10.39,10.54,3934860,41132044.00
2022/08/12,10.54,10.72,10.47,10.58,3513844,37073336.00
2022/08/15,10.58,10.64,10.44,10.55,2892332,30226240.00
2022/08/16,10.56,10.76,10.53,10.65,3273731,34582972.00
2022/08/17,10.70,10.73,10.54,10.61,2614130,27554244.00
2022/08/18,10.62,10.62,10.38,10.40,3466594,35962180.00
2022/08/19,10.33,10.81,10.33,10.46,5205512,54752348.00
2022/08/22,10.46,10.71,10.38,10.48,4051332,42360164.00
2022/08/23,10.41,10.65,10.27,10.61,4976371,51972332.00
2022/08/24,10.69,11.26,10.61,10.88,13598560,147760480.00
2022/08/25,10.68,11.81,10.60,11.52,22763810,256081728.00
2022/08/26,11.34,11.34,10.90,10.99,12003873,131830824.00
2022/08/29,10.81,11.02,10.74,10.94,6395236,69178304.00
2022/08/30,10.84,11.43,10.84,11.21,8469137,93583560.00
2022/08/31,11.06,11.16,10.64,10.69,7142455,77131384.00
2022/09/01,10.68,10.85,10.51,10.54,5514960,58696420.00
2022/09/02,10.51,10.72,10.38,10.68,5597216,58808160.00
2022/09/05,10.71,10.93,10.40,10.53,5654188,59309228.00
2022/09/06,10.46,10.59,10.46,10.53,3364018,35163408.00
2022/09/07,10.71,10.76,10.47,10.54,3935005,41265792.00
2022/09/08,10.49,10.55,10.27,10.27,4556099,46937632.00
2022/09/09,10.28,10.35,10.18,10.31,3058468,31167274.00
2022/09/13,10.31,10.52,10.31,10.41,3522240,36522700.00
2022/09/14,10.22,10.74,10.19,10.58,7383526,77171016.00
2022/09/15,10.47,10.57,10.14,10.23,5424529,55602028.00
2022/09/16,10.16,10.26,10.07,10.09,3109748,31330168.00
2022/09/19,10.07,10.11,9.64,9.66,3630100,35380344.00
2022/09/20,9.69,9.96,9.69,9.80,2707372,26376512.00
2022/09/21,9.71,9.84,9.52,9.80,2533153,24371754.00
2022/09/22,9.70,9.90,9.67,9.81,2700352,26346518.00
2022/09/23,9.77,9.81,9.43,9.45,3309055,31448884.00
2022/09/26,9.45,9.45,9.08,9.09,3328163,30397262.00
2022/09/27,9.10,9.40,9.10,9.37,3604323,33174544.00
2022/09/28,9.43,9.45,9.04,9.06,3460659,31775024.00
2022/09/29,9.21,9.29,8.88,8.96,3266700,29455448.00
2022/09/30,8.99,9.05,8.79,8.87,2425330,21477024.00
2022/10/10,8.93,9.16,8.87,8.93,3463431,31041132.00
2022/10/11,9.06,9.14,8.74,8.86,2808331,24706412.00
2022/10/12,8.92,9.24,8.82,9.23,5606096,50457580.00
2022/10/13,9.11,9.52,9.06,9.37,4808362,44434888.00
2022/10/14,9.37,9.47,9.31,9.38,3611400,33723552.00
2022/10/17,9.38,9.49,9.32,9.45,2452732,22968320.00
2022/10/18,9.46,10.39,9.41,9.92,16344119,164179840.00
2022/10/19,9.93,10.03,9.45,9.51,10637214,101401688.00
2022/10/20,9.31,9.43,9.23,9.28,5731199,53075324.00
2022/10/21,9.34,9.34,9.10,9.12,4184936,38157772.00
2022/10/24,9.21,9.23,8.89,8.94,3265730,29430068.00
2022/10/25,8.99,9.06,8.76,9.06,3390636,30067144.00
2022/10/26,9.17,9.26,9.07,9.12,3265088,29729316.00
2022/10/27,9.11,9.18,9.06,9.16,3457049,31345182.00
2022/10/28,9.16,9.16,8.79,8.85,3290099,29112176.00
2022/10/31,8.90,9.05,8.86,8.98,2198630,19608284.00
2022/11/01,8.98,9.32,8.98,9.24,4784615,43733096.00
2022/11/02,9.29,9.39,9.22,9.34,4570550,42298476.00
2022/11/03,9.26,9.70,9.22,9.50,7060423,66469192.00
2022/11/04,9.45,9.67,9.39,9.56,5911854,55827900.00
2022/11/07,9.51,9.92,9.42,9.79,6912636,66870436.00
2022/11/08,9.73,10.76,9.73,10.06,14307147,145040432.00
2022/11/09,9.84,10.05,9.82,9.87,8259409,81319296.00
2022/11/10,9.87,10.72,9.74,10.29,15569002,158672976.00
2022/11/11,10.22,10.46,10.14,10.20,10483054,106859616.00
2022/11/14,10.13,10.26,9.90,9.95,7299652,72665896.00
2022/11/15,9.97,10.08,9.89,10.06,5219500,51867312.00
2022/11/16,10.07,10.45,9.95,10.27,9639138,97714024.00
2022/11/17,10.06,10.17,10.02,10.06,6040139,60499948.00
2022/11/18,10.07,10.08,9.79,9.80,5508933,54290264.00
2022/11/21,9.84,10.12,9.66,10.06,4508064,44548296.00
2022/11/22,10.08,10.17,9.84,9.87,4380187,43571092.00
2022/11/23,9.85,9.94,9.74,9.91,2790838,27308904.00
2022/11/24,9.93,9.98,9.82,9.84,2592513,25416644.00
2022/11/25,9.84,9.84,9.69,9.69,2647100,25620692.00
2022/11/28,9.56,9.68,9.44,9.63,2644031,25087806.00
2022/11/29,9.63,10.12,9.62,9.97,5141964,50807732.00
2022/11/30,10.02,10.07,9.87,9.89,2738900,27081326.00
2022/12/01,9.94,10.27,9.93,10.26,11130689,112336664.00
2022/12/02,10.20,10.51,10.09,10.16,8036721,81731080.00
2022/12/05,10.16,11.03,10.11,10.42,11857249,123693288.00
2022/12/06,10.23,10.52,10.14,10.28,8355432,85889872.00
2022/12/07,10.17,10.44,10.12,10.34,6224953,63949404.00
2022/12/08,10.28,10.36,10.15,10.16,4638317,47123604.00
2022/12/09,10.18,10.20,10.01,10.10,3276732,32917964.00
2022/12/12,10.06,10.17,10.04,10.10,2540224,25532892.00
2022/12/13,10.09,10.35,10.01,10.26,5714978,58115736.00
2022/12/14,10.23,10.24,10.05,10.15,4601363,46335620.00
2022/12/15,10.25,10.30,10.02,10.05,3977126,39966948.00
2022/12/16,9.95,10.04,9.83,9.93,3932500,38826520.00
2022/12/19,9.99,10.03,9.70,9.72,3861996,37614836.00
2022/12/20,9.67,9.76,9.48,9.52,2733400,26008824.00
2022/12/21,9.58,9.86,9.51,9.61,4053100,39073040.00
2022/12/22,9.64,9.94,9.56,9.65,6214399,60253120.00
2022/12/23,9.66,9.71,9.25,9.32,4246100,39837556.00
2022/12/26,9.36,9.98,9.36,9.68,4753487,45688476.00
2022/12/27,9.59,10.04,9.51,9.85,6783362,65783956.00
2022/12/28,9.79,9.96,9.68,9.74,4510980,44007764.00
2022/12/29,9.67,9.74,9.49,9.50,3152397,29934630.00
2022/12/30,9.52,9.60,9.35,9.46,2746780,25765560.00
2023/01/03,9.46,9.56,9.40,9.53,2252741,21217746.00
2023/01/04,9.55,9.72,9.47,9.60,2882441,27513618.00
2023/01/05,9.70,9.75,9.50,9.57,2879500,27457322.00
2023/01/06,9.54,9.54,9.39,9.42,3342889,31408668.00
2023/01/09,9.37,9.48,9.36,9.46,1614942,15147369.00
2023/01/10,9.44,9.46,9.32,9.34,2498700,23252296.00
2023/01/11,9.34,9.35,9.27,9.27,1832300,16933724.00
2023/01/12,9.28,9.32,9.17,9.19,1781500,16324533.00
2023/01/13,9.18,9.31,9.18,9.23,1441006,13220256.00
2023/01/16,9.30,9.34,9.20,9.32,1668941,15411130.00
2023/01/17,9.32,9.33,9.18,9.19,1724300,15808599.00
2023/01/18,9.25,9.25,9.18,9.19,955600,8735694.00
2023/01/19,9.20,9.24,9.16,9.20,1081000,9869228.00
2023/01/20,9.21,9.34,9.17,9.32,2091500,19259688.00
2023/01/30,9.45,9.52,9.35,9.50,3515903,32986964.00
2023/01/31,9.48,9.56,9.43,9.50,2064200,19525252.00
2023/02/01,9.50,9.61,9.48,9.60,2644505,25151016.00
2023/02/02,9.61,9.88,9.57,9.76,4630998,44749056.00
2023/02/03,9.76,9.80,9.64,9.71,2661200,25666768.00
2023/02/06,9.65,9.77,9.59,9.68,2653100,25471018.00
2023/02/07,9.68,9.73,9.56,9.64,2214798,21159020.00
2023/02/08,9.68,9.68,9.50,9.51,1922845,18284514.00
2023/02/09,9.52,9.57,9.48,9.55,1848450,17502688.00
2023/02/10,9.56,9.65,9.53,9.59,1850445,17653340.00
2023/02/13,9.60,9.74,9.60,9.73,2954732,28446866.00
2023/02/14,9.75,9.79,9.62,9.64,2750088,26390324.00
2023/02/15,9.66,9.68,9.53,9.55,2365497,22492546.00
2023/02/16,9.53,9.66,9.27,9.37,4094755,38790672.00
2023/02/17,9.38,9.58,9.36,9.46,2281399,21468072.00
2023/02/20,9.64,9.79,9.58,9.69,5118400,49230692.00
2023/02/21,9.69,9.74,9.61,9.67,2783964,26710248.00
2023/02/22,9.66,9.71,9.59,9.70,2162027,20774948.00
2023/02/23,9.69,9.77,9.67,9.74,3315830,32085602.00
2023/02/24,9.74,10.26,9.69,9.93,7705299,76257960.00
2023/02/27,9.97,10.25,9.97,10.06,10512631,105886424.00
2023/02/28,9.99,10.03,9.81,9.91,5593929,54955220.00
2023/03/01,9.96,9.96,9.78,9.90,3135187,30636368.00
2023/03/02,9.90,9.92,9.78,9.80,2708838,26391248.00
2023/03/03,9.84,9.84,9.71,9.76,2564400,24829344.00
2023/03/06,9.76,9.81,9.72,9.79,2291773,22262804.00
2023/03/07,9.74,9.81,9.56,9.57,2898300,27894998.00
2023/03/08,9.51,9.62,9.51,9.59,1523938,14470563.00
2023/03/09,9.63,9.63,9.46,9.50,1365866,12934523.00
2023/03/10,9.46,9.53,9.40,9.42,1418099,13304249.00
2023/03/13,9.41,9.46,9.22,9.44,2176008,20163110.00
2023/03/14,9.43,9.63,9.37,9.61,3837328,36485736.00
2023/03/15,9.61,9.61,9.47,9.50,2124779,20092638.00
2023/03/16,9.47,9.50,9.31,9.33,1859928,17362512.00
2023/03/17,9.41,9.44,9.29,9.36,1714100,15919645.00
2023/03/20,9.31,9.47,9.31,9.39,1668961,15585349.00
2023/03/21,9.38,9.48,9.38,9.48,1473732,13843159.00
2023/03/22,9.48,9.53,9.45,9.47,1378061,12992579.00
2023/03/23,9.48,9.54,9.42,9.51,1280799,12061988.00
2023/03/24,9.49,9.54,9.42,9.42,1230999,11574994.00
2023/03/27,9.47,9.51,9.43,9.51,1471999,13858966.00
2023/03/28,9.54,9.57,9.47,9.51,1413826,13370594.00
2023/03/29,9.56,9.57,9.36,9.37,1867348,17470520.00
2023/03/30,9.36,9.48,9.36,9.43,1053445,9875506.00
2023/03/31,9.46,9.74,9.44,9.61,2978946,28490368.00
2023/04/03,9.60,9.83,9.55,9.83,5088415,49300788.00
2023/04/04,9.83,10.01,9.65,9.88,5858639,57088980.00
2023/04/06,9.86,9.86,9.51,9.56,4414708,42223052.00
2023/04/07,9.56,9.62,9.52,9.58,1810282,17242722.00
2023/04/10,9.56,9.61,9.47,9.49,1812898,17195206.00
2023/04/11,9.49,9.65,9.40,9.65,2459499,23267180.00
2023/04/12,9.77,9.82,9.65,9.69,3316231,32028634.00
2023/04/13,9.68,9.73,9.63,9.68,1909232,18378846.00
2023/04/14,9.68,9.71,9.50,9.52,1994700,18982794.00
2023/04/17,9.56,9.56,9.43,9.46,1438400,13529811.00
2023/04/18,9.48,9.48,9.42,9.44,1001622,9394524.00
2023/04/19,9.45,9.47,9.32,9.34,1593479,14836166.00
2023/04/20,9.34,9.34,9.22,9.26,1096900,10085176.00
2023/04/21,9.30,9.33,9.04,9.06,1745190,15845989.00
2023/04/24,9.07,9.07,8.86,9.01,1144559,10182793.00
2023/04/25,9.04,9.05,8.78,8.83,1318332,11612967.00
2023/04/26,8.83,8.99,8.79,8.96,890963,7899638.00
2023/04/27,8.87,9.01,8.87,8.91,628500,5586992.00
2023/04/28,8.84,8.95,8.79,8.92,1260244,11113881.00
2023/05/04,8.91,9.10,8.79,9.06,1790100,15986657.00
2023/05/05,9.02,9.19,8.96,9.13,1545831,13947601.00
2023/05/08,9.10,9.15,9.00,9.07,924199,8317245.00
2023/05/09,9.02,9.14,9.02,9.04,1112900,10048278.00
2023/05/10,9.04,9.10,8.98,9.03,817018,7329288.00
2023/05/11,9.03,9.15,8.99,9.10,977249,8832207.00
2023/05/12,9.08,9.13,9.06,9.08,694300,6270515.00
2023/05/15,9.06,9.08,8.92,8.98,902731,8052317.50
2023/05/16,9.06,9.06,8.93,8.94,653333,5819123.50
2023/05/17,8.96,9.01,8.89,9.01,614633,5472209.50
2023/05/18,9.02,9.03,8.96,9.00,578000,5166501.00
2023/05/19,9.00,9.02,8.93,9.01,544108,4855803.50
2023/05/22,9.00,9.15,8.98,9.13,1287564,11623457.00
2023/05/23,9.18,9.27,9.09,9.10,1280332,11668139.00
2023/05/24,9.04,9.19,9.04,9.07,1042931,9432588.00
2023/05/25,9.12,9.13,8.95,9.02,832361,7443480.00
2023/05/26,8.96,9.17,8.96,9.10,1093433,9866783.00
2023/05/29,9.11,9.17,9.01,9.04,1037643,9352187.00
2023/05/30,9.10,9.20,9.02,9.10,1151562,10422324.00
2023/05/31,9.10,9.14,8.93,8.95,1211199,10852793.00
2023/06/01,8.92,9.03,8.88,8.95,1018200,9053841.00
2023/06/02,8.94,8.99,8.92,8.97,828445,7374627.00
2023/06/05,8.55,8.58,8.08,8.12,7872394,63920752.00
2023/06/06,8.12,8.16,7.97,8.00,3163628,25204528.00
2023/06/07,7.99,8.01,7.93,7.96,1605227,12681712.00
2023/06/08,8.00,8.24,7.96,8.03,2779690,22309622.00
2023/06/09,8.03,8.09,7.88,7.90,2317117,18203326.00
2023/06/12,7.90,8.24,7.88,8.08,2359674,18860430.00
2023/06/13,8.08,8.09,7.97,8.05,1035290,8255427.00
2023/06/14,8.07,8.27,8.04,8.18,3306841,26797620.00
2023/06/15,8.11,8.27,8.06,8.12,1705121,13651748.00
2023/06/16,8.05,8.16,8.04,8.10,1366932,10939120.00
2023/06/19,8.08,8.11,8.02,8.02,1126731,8957058.00
2023/06/20,8.02,8.05,7.93,7.98,1009233,7953110.00
2023/06/21,7.97,7.98,7.90,7.92,1007799,7887354.00
2023/06/26,7.92,7.94,7.79,7.87,1380032,10687138.00
2023/06/27,7.87,7.99,7.86,7.99,1040732,8171464.00
2023/06/28,7.99,8.03,7.89,7.98,811400,6384093.00
2023/06/29,7.99,8.02,7.94,7.95,805231,6340035.50
2023/06/30,7.97,8.03,7.95,8.00,1047064,8279038.00
2023/07/03,8.03,8.09,8.01,8.07,1700605,13526149.00
2023/07/04,8.07,8.14,7.97,8.10,1694655,13485912.00
2023/07/05,8.17,8.18,8.05,8.05,982099,7852341.00
2023/07/06,8.03,8.13,8.02,8.09,1224877,9763812.00
2023/07/07,8.09,8.89,8.03,8.89,12336114,106805864.00
2023/07/10,8.81,9.03,8.68,8.69,13792739,120056880.00
2023/07/11,8.77,8.84,8.64,8.72,7105398,61468916.00
2023/07/12,8.71,8.79,8.59,8.61,4348574,37303424.00
2023/07/13,8.63,8.72,8.57,8.66,2892532,24699338.00
2023/07/14,8.66,8.67,8.57,8.59,2421403,20606186.00
2023/07/17,8.57,8.66,8.51,8.58,1694831,14402601.00
2023/07/18,8.58,8.73,8.58,8.69,3220186,27567328.00
2023/07/19,8.65,8.73,8.62,8.68,1924900,16497039.00
2023/07/20,8.69,8.75,8.56,8.59,1754100,14957815.00
2023/07/21,8.55,8.69,8.53,8.67,2065800,17666896.00
2023/07/24,8.66,8.68,8.52,8.53,1975400,16734878.00
2023/07/25,8.51,8.63,8.51,8.58,2082574,17599768.00
2023/07/26,8.60,8.65,8.53,8.65,1736227,14771101.00
2023/07/27,8.67,8.75,8.60,8.62,1992860,17100806.00
2023/07/28,8.65,8.70,8.56,8.69,1865388,15960151.00
2023/07/31,8.69,8.88,8.69,8.85,3797793,33061804.00
2023/08/01,8.88,8.96,8.75,8.81,1952900,17032738.00
2023/08/02,8.81,8.86,8.74,8.77,1392900,12071701.00
2023/08/03,8.84,9.00,8.75,8.88,4036107,35327864.00
2023/08/04,8.80,8.87,8.71,8.73,2863400,24846260.00
2023/08/07,8.80,8.87,8.73,8.81,2522399,21958522.00
2023/08/08,8.81,9.06,8.77,8.95,3724418,32765538.00
2023/08/09,8.90,8.95,8.78,8.83,2129400,18575628.00
2023/08/10,8.86,9.05,8.75,8.80,3997116,35115476.00
2023/08/11,8.80,8.80,8.58,8.60,3029300,26005908.00
2023/08/14,8.58,8.60,8.48,8.54,1364263,11493782.00
2023/08/15,8.55,8.65,8.53,8.58,1256922,10656978.00
2023/08/16,8.61,8.63,8.50,8.51,1046831,8850683.00
2023/08/17,8.51,8.52,8.36,8.51,1417618,11821537.00
2023/08/18,8.52,8.57,8.45,8.45,1240700,10444200.00
2023/08/21,8.45,8.54,8.35,8.35,1093100,9104966.00
2023/08/22,8.38,8.60,8.30,8.48,2385200,19867750.00
2023/08/23,8.46,9.26,8.44,9.06,13375514,118107656.00
2023/08/24,8.83,9.86,8.43,9.78,24563217,224343008.00
2023/08/25,9.31,10.20,9.17,9.18,23805504,228220576.00
2023/08/28,9.28,9.61,8.93,9.42,23141055,214606528.00
2023/08/29,9.18,9.33,8.90,9.25,16192434,146198384.00
2023/08/30,9.10,9.20,8.80,8.90,11716268,103668592.00
2023/08/31,8.81,8.81,8.50,8.56,9381667,79690408.00
2023/09/01,8.50,8.98,8.46,8.74,9008257,77847392.00
2023/09/04,8.72,8.92,8.65,8.80,6690432,58055132.00
2023/09/05,8.80,8.93,8.68,8.70,5688564,49295340.00
2023/09/06,8.64,8.70,8.34,8.37,8585200,71843184.00
2023/09/07,8.38,8.52,8.38,8.45,4925900,41150680.00
2023/09/08,8.44,8.53,8.35,8.49,3398500,28360518.00
2023/09/11,8.96,9.33,8.90,9.33,14784125,135855088.00
2023/09/12,9.60,10.25,9.53,10.25,38803817,390203424.00
2023/09/13,9.79,10.29,9.50,9.60,36107187,351379872.00
2023/09/14,9.64,9.79,9.18,9.30,22381754,206504560.00
2023/09/15,9.29,9.57,9.10,9.17,15536629,142374144.00
2023/09/18,9.24,9.33,8.88,9.15,12580921,113267744.00
2023/09/19,9.01,9.25,9.00,9.08,8469364,76106904.00
2023/09/20,9.00,9.33,9.00,9.20,10900263,99471656.00
2023/09/21,9.18,9.28,8.98,9.00,6877499,61973304.00
2023/09/22,8.91,9.08,8.91,9.03,6828997,60678716.00
2023/09/25,8.95,9.19,8.95,9.16,7035897,63328004.00
2023/09/26,9.11,9.23,9.03,9.08,4847900,43730332.00
2023/09/27,9.11,9.19,9.01,9.07,3941697,35512916.00
2023/09/28,9.11,9.23,9.05,9.20,5183300,46878588.00
2023/10/09,9.22,9.23,9.01,9.04,4847400,43587040.00
2023/10/10,9.08,9.20,9.04,9.16,4230700,38262460.00
2023/10/11,9.16,9.22,9.08,9.20,3848200,34888168.00
2023/10/12,9.20,9.22,9.03,9.15,3371700,30345238.00
2023/10/13,9.11,9.15,9.00,9.06,3327300,29894132.00
2023/10/16,9.09,9.16,8.95,8.99,2915400,26070272.00
2023/10/17,8.98,9.06,8.91,9.01,2288900,20345392.00
2023/10/18,8.98,9.07,8.90,8.93,2367500,21036068.00
2023/10/19,8.93,9.07,8.80,8.90,2836599,25137680.00
2023/10/20,8.78,8.88,8.65,8.72,3209527,27818692.00
2023/10/23,8.67,8.69,8.44,8.48,2956500,24948804.00
2023/10/24,8.48,8.95,8.48,8.92,4378900,38061072.00
2023/10/25,8.91,9.01,8.83,8.93,3050450,26876850.00
2023/10/26,8.93,9.03,8.83,8.91,2421000,21318492.00
2023/10/27,8.91,9.20,8.86,9.18,4494795,40435324.00
2023/10/30,9.12,9.40,9.08,9.35,5581800,51207668.00
2023/10/31,9.17,9.40,9.17,9.30,3638500,33508240.00
2023/11/01,9.29,9.41,9.24,9.37,3741900,34516188.00
2023/11/02,9.37,9.43,9.31,9.31,2374100,21987876.00
2023/11/03,9.30,9.48,9.25,9.44,3934332,36614764.00
2023/11/06,9.44,9.50,9.23,9.30,4252393,39174512.00
2023/11/07,9.30,9.42,9.19,9.26,3096732,28388112.00
2023/11/08,9.26,9.28,9.16,9.20,2260632,20604040.00
2023/11/09,9.24,9.28,9.16,9.19,1877457,17106578.00
2023/11/10,9.25,9.26,9.11,9.23,2036200,18518976.00
2023/11/13,9.25,9.27,9.10,9.21,2275432,20618372.00
2023/11/14,9.21,9.33,9.17,9.26,2806579,25732208.00
2023/11/15,9.27,9.29,9.07,9.23,2202800,20113868.00
2023/11/16,9.20,9.30,9.18,9.21,1810600,16544892.00
2023/11/17,9.19,9.23,9.15,9.20,1806300,16419963.00
2023/11/20,9.25,9.38,9.22,9.37,2797700,25793078.00
2023/11/21,9.39,9.42,9.28,9.31,2109099,19462920.00
2023/11/22,9.30,9.40,9.28,9.30,2008699,18556554.00
2023/11/23,9.27,9.37,9.23,9.35,1783099,16413862.00
2023/11/24,9.36,9.49,9.35,9.42,5184599,48310256.00
2023/11/27,9.35,9.80,9.35,9.56,8685700,82436872.00
2023/11/28,9.49,9.60,9.30,9.50,5251931,49210016.00
2023/11/29,9.45,9.55,9.35,9.48,3275000,30649960.00
2023/11/30,9.40,9.55,9.35,9.52,3956500,37070572.00
2023/12/01,9.52,9.65,9.42,9.44,3600299,33929996.00
2023/12/04,9.39,9.48,9.33,9.38,3354000,31212080.00
2023/12/05,9.39,9.60,9.38,9.41,6817800,64072240.00
2023/12/06,9.37,9.57,9.31,9.51,4576300,42826440.00
2023/12/07,9.51,9.55,9.33,9.47,3342400,31268214.00
2023/12/08,9.47,9.49,9.23,9.24,4135300,38138388.00
2023/12/11,9.16,9.29,9.05,9.27,3948293,35901432.00
2023/12/12,9.32,9.35,9.14,9.21,2422900,22074236.00
2023/12/13,9.26,9.26,9.04,9.07,2654899,23955964.00
2023/12/14,9.09,9.14,9.00,9.03,2575308,23136146.00
2023/12/15,9.07,9.14,9.01,9.04,2110109,18937186.00
2023/12/18,9.00,9.11,8.91,8.94,2298508,20491028.00
2023/12/19,8.93,9.02,8.86,9.02,2195300,19395628.00
2023/12/20,9.01,9.02,8.84,8.84,1890036,16679912.00
2023/12/21,8.84,8.93,8.72,8.91,2152000,18781024.00
2023/12/22,8.95,8.95,8.76,8.78,1518900,13240651.00
2023/12/25,8.75,8.79,8.65,8.77,1639500,14154020.00
2023/12/26,8.75,8.85,8.67,8.67,1742600,15065875.00
2023/12/27,8.70,8.93,8.67,8.90,3537700,30861522.00
2023/12/28,8.86,8.90,8.65,8.72,4574632,39500964.00
2023/12/29,8.68,8.73,8.53,8.72,3103563,26594580.00
2024/01/02,8.72,8.94,8.67,8.87,4350000,38024160.00
2024/01/03,8.85,8.92,8.75,8.81,2465600,21510332.00
2024/01/04,8.81,8.88,8.70,8.73,2271900,19628016.00
2024/01/05,8.73,8.80,8.59,8.61,2702599,23235360.00
2024/01/08,8.60,8.69,8.48,8.48,1999000,16851880.00
2024/01/09,8.46,8.59,8.43,8.50,2300399,19316830.00
2024/01/10,8.48,8.55,8.39,8.53,1991399,16708863.00
2024/01/11,8.45,8.73,8.45,8.69,2345500,20085372.00
2024/01/12,8.74,8.86,8.62,8.73,2043300,17701280.00
2024/01/15,8.72,8.76,8.61,8.62,1767000,15120732.00
2024/01/16,8.61,8.66,8.45,8.56,1544000,13033899.00
2024/01/17,8.62,8.62,8.38,8.41,1719600,14434698.00
2024/01/18,8.31,8.37,8.00,8.18,3825000,30709042.00
2024/01/19,8.23,8.29,8.11,8.14,1904700,15396849.00
2024/01/22,8.14,8.17,7.61,7.61,2926500,22672368.00
2024/01/23,7.58,7.67,7.44,7.63,2631600,19628758.00
2024/01/24,7.72,7.82,7.51,7.80,2511632,19052338.00
2024/01/25,7.77,8.26,7.77,8.26,2731693,21782438.00
2024/01/26,8.24,8.43,8.15,8.36,2685732,22167616.00
2024/01/29,8.36,8.41,8.13,8.14,1757600,14287151.00
2024/01/30,8.04,8.06,7.72,7.75,3087955,24135052.00
2024/01/31,7.76,7.77,7.34,7.42,2952532,22006594.00
2024/02/01,7.36,7.45,7.07,7.16,3949677,28223156.00
2024/02/02,7.25,7.42,6.48,6.73,4845035,33013836.00
2024/02/05,6.73,6.83,6.07,6.07,6941964,42572608.00
2024/02/06,6.08,6.47,5.54,6.30,9915529,58007012.00
2024/02/07,6.35,6.40,5.71,5.96,15280522,91155992.00
2024/02/08,6.01,6.55,5.37,6.55,13416496,79377544.00
2024/02/19,6.77,6.85,6.59,6.75,4957727,32895890.00
数据来源:通达信
