003025 思进智能 日线 后复权
      日期	    开盘	    最高	    最低	    收盘	    成交量	    成交额
2020/12/11,28.17,30.73,28.17,30.73,199932,6142482.50
2020/12/14,33.80,33.80,33.80,33.80,41276,1395128.75
2020/12/15,37.18,37.18,37.18,37.18,29916,1112276.88
2020/12/16,40.90,40.90,40.90,40.90,176498,7218768.00
2020/12/17,44.99,44.99,44.99,44.99,133048,5985829.50
2020/12/18,49.49,49.49,49.49,49.49,94186,4661265.00
2020/12/21,54.44,54.44,44.54,44.54,1270033,63150948.00
2020/12/22,40.44,45.99,40.44,41.62,9909441,414556576.00
2020/12/23,39.57,39.96,37.96,38.01,7175520,278169120.00
2020/12/24,37.47,37.68,35.88,36.30,4894635,179370192.00
2020/12/25,36.15,37.53,36.15,36.57,3701742,136051056.00
2020/12/28,35.77,35.98,34.63,34.65,3688097,129896552.00
2020/12/29,34.53,35.40,34.12,34.70,2484747,86500136.00
2020/12/30,34.52,36.11,34.30,35.51,3197527,112223360.00
2020/12/31,35.21,35.86,34.91,35.29,2307512,81552400.00
2021/01/04,34.68,35.48,34.68,35.20,2383604,83648584.00
2021/01/05,35.11,36.58,35.11,36.46,3653165,131445168.00
2021/01/06,36.40,36.58,34.60,34.64,3043051,107240184.00
2021/01/07,34.25,34.29,32.06,32.28,3153560,104028008.00
2021/01/08,32.42,33.11,31.70,32.52,1677325,54538204.00
2021/01/11,32.14,32.59,30.58,30.65,2023588,63394124.00
2021/01/12,30.49,31.34,30.15,30.66,1053624,32300034.00
2021/01/13,30.73,30.73,29.71,29.85,1449465,43567256.00
2021/01/14,29.80,30.69,29.32,30.25,1558692,46958284.00
2021/01/15,30.19,33.28,29.81,33.28,4322697,140017392.00
2021/01/18,32.73,32.84,32.00,32.43,3322000,107593784.00
2021/01/19,32.37,33.28,31.91,32.69,2206973,71902952.00
2021/01/20,32.90,33.69,32.30,33.15,2038542,67461968.00
2021/01/21,32.84,33.00,32.11,32.43,1607988,52271948.00
2021/01/22,32.48,32.65,31.54,31.71,1553441,49643572.00
2021/01/25,31.31,33.25,30.81,33.09,2392951,77261224.00
2021/01/26,32.70,34.68,32.60,33.26,2690954,90558744.00
2021/01/27,33.26,34.68,32.92,34.34,2300904,77798040.00
2021/01/28,33.40,33.97,33.20,33.38,1593184,53349004.00
2021/01/29,33.78,33.78,31.18,31.70,1987473,63767172.00
2021/02/01,31.53,33.03,30.53,33.01,1706378,54744928.00
2021/02/02,32.70,33.55,32.03,32.17,1710054,56032692.00
2021/02/03,31.80,32.30,30.89,30.97,1267482,39838596.00
2021/02/04,30.81,32.17,30.55,32.00,1527164,47937264.00
2021/02/05,31.65,33.10,31.65,31.80,1898536,61496608.00
2021/02/08,31.76,32.64,30.60,30.91,1182899,36719544.00
2021/02/09,31.00,31.40,30.70,31.07,891808,27615250.00
2021/02/10,31.07,31.18,30.02,30.27,1375465,41907572.00
2021/02/18,30.33,31.47,30.33,31.21,1288318,39852252.00
2021/02/19,31.12,31.88,30.77,31.76,1302652,40863172.00
2021/02/22,31.72,32.88,31.52,32.09,2080085,67335552.00
2021/02/23,32.10,32.80,31.45,32.62,1494022,48210052.00
2021/02/24,32.63,32.87,31.80,32.20,1203569,38891776.00
2021/02/25,32.10,32.30,31.22,31.26,1012040,32040988.00
2021/02/26,30.89,31.45,30.59,31.24,706095,22015664.00
2021/03/01,31.23,32.42,31.20,32.32,1075653,34333388.00
2021/03/02,32.59,32.80,31.81,32.05,1027929,33111626.00
2021/03/03,31.82,34.07,31.82,33.89,3157257,105023952.00
2021/03/04,33.50,36.49,33.38,35.37,4620910,162649248.00
2021/03/05,35.29,35.60,34.10,35.20,2419536,84214992.00
2021/03/08,34.85,36.55,34.62,34.73,2584316,91990872.00
2021/03/09,34.69,34.70,32.65,33.06,1890802,63359980.00
2021/03/10,33.28,33.59,32.60,33.18,1050347,34713456.00
2021/03/11,33.17,33.88,32.87,33.51,1140032,38129352.00
2021/03/12,33.36,33.36,31.70,32.14,1726618,55692572.00
2021/03/15,31.82,31.88,31.01,31.05,1239303,38843200.00
2021/03/16,31.27,31.50,30.89,31.38,875483,27363534.00
2021/03/17,31.37,32.28,31.15,32.05,993634,31606792.00
2021/03/18,32.13,32.39,31.72,32.00,944333,30275116.00
2021/03/19,31.99,33.44,31.55,32.84,1771714,58133584.00
2021/03/22,33.02,33.97,33.02,33.94,1653715,55668508.00
2021/03/23,33.70,33.92,32.73,33.06,1354520,45062864.00
2021/03/24,32.96,34.59,32.89,34.38,2251955,76696144.00
2021/03/25,34.50,34.64,33.40,34.10,1563431,53024668.00
2021/03/26,33.72,34.20,33.51,33.84,1169957,39632784.00
2021/03/29,33.72,37.00,33.53,35.42,2992423,104936696.00
2021/03/30,35.50,36.80,34.60,36.20,3812073,136752768.00
2021/03/31,35.50,35.56,34.28,35.00,2792733,97372728.00
2021/04/01,34.81,34.81,33.80,34.31,1679296,57595488.00
2021/04/02,34.49,35.92,34.30,35.77,2681271,94319608.00
2021/04/06,35.80,35.89,34.98,35.19,1869323,65995720.00
2021/04/07,35.15,37.00,35.10,36.47,3351788,121623048.00
2021/04/08,36.39,38.01,36.11,38.00,4976199,185197584.00
2021/04/09,37.99,41.80,37.34,41.80,8753172,355386720.00
2021/04/12,42.94,44.94,39.73,41.69,8248735,349268736.00
2021/04/13,41.40,41.99,38.52,39.05,5901015,236109936.00
2021/04/14,39.68,41.32,39.00,39.42,5203751,207552320.00
2021/04/15,39.11,40.40,38.20,38.47,4316695,168709712.00
2021/04/16,38.64,39.11,37.77,38.98,3067188,118336872.00
2021/04/19,38.89,39.46,38.32,39.13,2800590,108704864.00
2021/04/20,38.89,38.89,37.42,37.54,2895845,109825560.00
2021/04/21,37.25,38.07,36.85,37.92,2483109,93145560.00
2021/04/22,37.90,40.36,37.71,38.98,3635689,141974848.00
2021/04/23,38.85,39.17,36.37,36.43,3274747,122566248.00
2021/04/26,36.52,37.17,35.60,36.75,1500314,54953548.00
2021/04/27,36.98,37.45,35.80,36.14,1675181,61244764.00
2021/04/28,36.62,38.62,36.62,37.99,2448605,92499992.00
2021/04/29,37.68,38.86,37.51,37.53,2114838,80733152.00
2021/04/30,37.31,38.76,36.84,38.75,2252106,85557640.00
2021/05/06,38.68,38.70,37.70,38.05,1599510,60992312.00
2021/05/07,37.89,38.25,35.82,35.88,2024122,74598168.00
2021/05/10,35.80,36.19,34.91,35.28,1127547,39922448.00
2021/05/11,35.20,35.80,34.93,35.70,867177,30805316.00
2021/05/12,35.58,35.86,35.05,35.81,840720,29882824.00
2021/05/13,35.59,36.35,35.41,35.70,775951,27897644.00
2021/05/14,35.84,36.77,35.65,36.73,1067043,38917424.00
2021/05/17,37.20,37.20,36.16,36.75,917258,33526174.00
2021/05/18,36.20,37.19,36.20,37.05,915134,33665948.00
2021/05/19,36.95,37.16,36.43,36.85,934015,34343000.00
2021/05/20,36.63,37.80,36.58,37.38,1342218,49913636.00
2021/05/21,37.39,37.80,37.10,37.74,1116828,41958556.00
2021/05/24,37.73,38.20,37.37,37.66,1085283,40890664.00
2021/05/25,37.42,37.68,36.50,37.10,1326560,49142456.00
2021/05/26,37.01,37.57,37.00,37.34,731629,27277358.00
2021/05/27,37.20,38.34,37.20,38.34,1398586,52847772.00
2021/05/28,38.36,39.98,37.90,39.67,2750578,107873472.00
2021/05/31,39.98,39.98,38.88,39.46,1678756,65930812.00
2021/06/01,39.14,39.70,39.01,39.45,1255923,49473140.00
2021/06/02,39.63,40.74,39.32,40.31,2139379,86156688.00
2021/06/03,40.59,44.34,39.90,44.34,4337373,189503664.00
2021/06/04,44.88,47.75,41.90,43.30,6680706,300360640.00
2021/06/07,43.32,47.00,43.30,45.80,4694103,211725520.00
2021/06/08,46.03,47.00,45.30,45.80,3064868,140786576.00
2021/06/09,45.79,46.12,44.12,44.93,2716297,122175080.00
2021/06/10,44.64,45.21,42.46,44.18,3371916,104436424.00
2021/06/11,44.54,45.19,42.37,42.37,3447602,106790352.00
2021/06/15,42.86,42.86,38.19,40.41,2074569,59673932.00
2021/06/16,41.14,41.14,38.90,38.94,1547925,43393528.00
2021/06/17,39.00,39.99,38.35,39.32,1774922,49212232.00
2021/06/18,39.74,42.46,39.32,42.26,2940662,85987256.00
2021/06/21,42.02,44.46,41.49,43.93,2303567,70137592.00
2021/06/22,43.94,44.09,43.09,43.81,1490917,45763232.00
2021/06/23,43.87,44.77,43.10,43.11,1811238,55793104.00
2021/06/24,44.42,44.42,42.78,42.90,1277046,38981548.00
2021/06/25,43.10,43.10,41.78,41.91,1153359,34274504.00
2021/06/28,41.63,42.25,41.18,41.36,956139,28085916.00
2021/06/29,41.36,41.90,40.59,40.86,780378,22591948.00
2021/06/30,40.48,43.17,40.48,43.03,1540981,46063464.00
2021/07/01,43.03,43.24,41.39,42.53,1460561,43451284.00
2021/07/02,42.39,42.53,40.82,41.60,1027190,29956196.00
2021/07/05,41.15,43.46,41.15,43.13,1401442,42255764.00
2021/07/06,43.13,43.38,41.88,42.65,1053965,31635012.00
2021/07/07,42.44,43.93,40.16,41.17,3488822,103272552.00
2021/07/08,41.62,41.62,39.17,39.18,2978160,84012024.00
2021/07/09,39.11,39.11,36.69,37.53,2709402,71628048.00
2021/07/12,37.60,39.68,37.60,38.68,2439334,66355732.00
2021/07/13,38.84,39.60,38.17,39.43,2103271,58013556.00
2021/07/14,39.49,39.60,38.23,38.27,1187919,32446304.00
2021/07/15,38.17,38.51,37.08,37.96,996289,26473302.00
2021/07/16,37.49,38.23,37.47,37.84,723745,19338796.00
2021/07/19,37.85,38.26,37.30,37.57,823830,21844128.00
2021/07/20,37.29,37.96,37.01,37.74,480571,12694832.00
2021/07/21,38.23,38.44,37.58,38.26,976686,26141218.00
2021/07/22,38.13,39.31,38.07,39.01,1150961,31604080.00
2021/07/23,38.83,39.45,37.67,37.89,1246856,33439638.00
2021/07/26,37.81,38.03,35.08,35.12,2127740,54111488.00
2021/07/27,35.54,36.03,34.88,34.91,1268729,31688788.00
2021/07/28,34.91,35.81,33.41,34.06,911766,21841324.00
2021/07/29,34.28,35.08,34.28,34.69,680746,16567054.00
2021/07/30,34.31,35.54,34.31,34.69,748261,18229006.00
2021/08/02,34.70,36.18,34.60,36.04,1106606,27867736.00
2021/08/03,36.06,36.79,35.79,35.95,837207,21340430.00
2021/08/04,35.88,36.56,35.57,36.44,753945,19160394.00
2021/08/05,36.52,36.60,35.64,36.09,649237,16449184.00
2021/08/06,35.90,36.16,35.65,36.04,519137,13094212.00
2021/08/09,35.65,37.54,35.62,37.29,1147624,29672202.00
2021/08/10,37.23,37.71,36.76,37.33,969535,25459828.00
2021/08/11,37.35,37.64,37.16,37.50,729631,19225822.00
2021/08/12,37.14,37.57,36.59,36.65,1011868,26391504.00
2021/08/13,36.55,37.61,36.38,37.05,826260,21579264.00
2021/08/16,37.05,39.46,37.05,38.62,1924737,52306068.00
2021/08/17,38.37,38.98,37.81,37.96,1266895,34118620.00
2021/08/18,38.20,38.28,37.50,38.28,827270,22067582.00
2021/08/19,38.28,38.72,37.78,38.24,854487,23006920.00
2021/08/20,38.33,40.44,38.33,39.73,2488014,69254536.00
2021/08/23,41.28,43.65,41.25,43.65,5289246,160153536.00
2021/08/24,46.00,47.82,42.37,42.72,7833277,247538528.00
2021/08/25,42.72,43.09,41.56,41.84,3749366,110842416.00
2021/08/26,41.56,43.81,41.29,43.56,4306539,129980096.00
2021/08/27,43.49,46.74,41.84,45.93,6296332,199454576.00
2021/08/30,45.44,50.46,45.34,49.01,7666054,261263456.00
2021/08/31,48.22,51.44,47.13,48.14,6309478,217652432.00
2021/09/01,47.80,49.72,45.48,46.00,5687943,191193104.00
2021/09/02,45.28,47.43,44.77,46.57,3581763,117634728.00
2021/09/03,46.03,48.97,45.66,46.49,3647867,121628944.00
2021/09/06,46.74,47.43,44.42,47.15,3724706,121228440.00
2021/09/07,46.68,49.81,46.68,49.33,4245716,145970032.00
2021/09/08,49.53,49.53,45.06,45.38,5364935,177351808.00
2021/09/09,45.54,48.50,45.48,47.10,4097678,136017792.00
2021/09/10,47.58,47.97,44.60,45.05,3164074,101232088.00
2021/09/13,44.04,44.95,43.07,44.44,2609567,80871928.00
2021/09/14,44.05,46.46,43.34,45.52,3166222,101198376.00
2021/09/15,45.30,45.55,43.88,44.56,2083795,65476184.00
2021/09/16,44.53,45.24,43.59,43.90,1684455,52539052.00
2021/09/17,43.66,44.00,42.47,42.96,1462959,44315652.00
2021/09/22,42.58,43.94,42.09,43.65,983380,30082556.00
2021/09/23,43.84,44.00,42.86,43.77,873027,26800212.00
2021/09/24,43.94,43.94,42.29,42.54,797060,24108972.00
2021/09/27,42.54,42.68,39.85,40.30,1785647,51472472.00
2021/09/28,40.16,41.49,40.15,41.34,1056900,30498216.00
2021/09/29,41.08,42.05,40.30,40.38,769240,22260484.00
2021/09/30,40.40,41.81,40.40,41.42,618740,17996632.00
2021/10/08,41.85,42.19,41.28,41.29,816540,23965738.00
2021/10/11,41.46,41.77,40.58,41.69,540719,15758482.00
2021/10/12,41.69,41.90,38.56,39.19,1353770,37960672.00
2021/10/13,39.04,39.84,38.69,39.31,652540,18106756.00
2021/10/14,39.31,41.84,39.17,41.39,1597745,46185232.00
2021/10/15,41.29,42.01,40.78,41.50,1012650,29580928.00
2021/10/18,41.48,43.59,40.40,42.27,1424218,42795836.00
2021/10/19,42.16,42.79,41.56,41.81,1070047,31690374.00
2021/10/20,41.64,42.72,41.00,41.28,1262655,37156276.00
2021/10/21,40.83,41.32,40.02,40.54,874527,24910414.00
2021/10/22,40.27,40.51,39.04,39.67,993300,27708540.00
2021/10/25,39.36,40.10,39.19,40.01,447130,12541884.00
2021/10/26,40.01,42.37,39.81,41.08,1345901,38946932.00
2021/10/27,40.17,40.36,39.05,39.56,1157060,32251074.00
2021/10/28,39.04,39.43,36.24,37.72,798294,21421062.00
2021/10/29,38.19,38.42,36.98,38.06,446027,11953030.00
2021/11/01,38.45,38.62,37.33,38.20,664000,17749218.00
2021/11/02,38.13,38.86,35.89,37.98,810700,21599248.00
2021/11/03,37.98,39.17,37.82,39.14,845958,23126934.00
2021/11/04,39.29,39.82,38.51,39.67,784700,21706972.00
2021/11/05,39.39,41.07,39.25,40.72,1202353,34318992.00
2021/11/08,40.72,41.97,40.13,41.55,1259720,36552108.00
2021/11/09,41.49,42.02,40.96,41.42,1233567,36042152.00
2021/11/10,41.00,42.47,41.00,42.44,1418260,41925680.00
2021/11/11,42.40,43.07,41.91,43.00,1434911,43168900.00
2021/11/12,43.00,43.93,42.46,43.86,1390220,42528112.00
2021/11/15,43.88,46.04,43.46,45.75,2981892,94646264.00
2021/11/16,45.27,46.18,44.33,44.64,1435887,45692148.00
2021/11/17,44.64,46.04,44.25,45.20,1476299,47200664.00
2021/11/18,44.92,45.76,44.39,44.67,1316499,41856352.00
2021/11/19,46.42,46.75,44.64,45.56,1758514,56715480.00
2021/11/22,45.56,47.37,45.20,45.20,1754700,57217232.00
2021/11/23,45.20,46.32,44.78,46.10,1548911,49929812.00
2021/11/24,45.70,45.86,43.73,44.88,1765427,55565544.00
2021/11/25,45.34,45.98,44.23,44.98,1104799,35123648.00
2021/11/26,44.92,44.92,43.17,43.93,1307780,40446360.00
2021/11/29,43.44,43.65,42.82,43.37,934547,28476012.00
2021/11/30,43.73,44.47,42.79,43.95,922767,28641254.00
2021/12/01,43.70,45.09,43.23,45.09,1692640,52634816.00
2021/12/02,45.09,45.09,42.12,42.27,2478800,75449848.00
2021/12/03,42.05,42.82,41.13,41.95,1232020,36350208.00
2021/12/06,41.57,43.38,40.37,42.85,2043287,60368104.00
2021/12/07,42.75,47.08,42.69,47.08,3253088,105579208.00
2021/12/08,46.53,48.53,45.79,48.45,6429978,214389088.00
2021/12/09,53.22,53.24,52.13,53.24,2710889,102001320.00
2021/12/10,55.29,56.37,50.69,51.36,8936691,335336736.00
2021/12/13,49.53,51.70,46.92,50.32,7137668,245317600.00
2021/12/14,49.81,54.52,48.84,53.64,7545154,273890816.00
2021/12/15,52.31,52.33,50.07,50.11,4252647,153747488.00
2021/12/16,50.11,51.11,49.29,49.72,3149439,111339768.00
2021/12/17,49.37,50.24,47.52,48.39,3398399,116669024.00
2021/12/20,48.39,48.55,47.36,47.58,1849961,62512552.00
2021/12/21,48.00,49.26,47.72,48.67,2024539,69564816.00
2021/12/22,48.32,49.34,47.76,48.74,1806892,62137524.00
2021/12/23,48.43,49.64,46.92,49.64,2860659,97284352.00
2021/12/24,49.33,50.59,47.79,50.06,3056031,106622440.00
2021/12/27,50.07,51.08,48.41,48.50,2714507,94754752.00
2021/12/28,48.39,49.51,47.20,48.32,2406842,82055000.00
2021/12/29,47.90,48.62,47.34,47.40,1373442,46410752.00
2021/12/30,47.38,48.34,47.38,47.85,1161325,39121416.00
2021/12/31,48.32,48.32,47.54,47.57,1017496,34302752.00
2022/01/04,47.38,47.79,45.38,45.84,1910265,62069324.00
2022/01/05,46.03,46.95,45.03,46.28,1398565,45418732.00
2022/01/06,46.05,47.69,45.55,47.24,1518723,50274888.00
2022/01/07,47.24,47.26,45.62,46.53,1360460,44499272.00
2022/01/10,46.52,46.52,45.72,46.43,603220,19666090.00
2022/01/11,46.43,47.08,46.15,46.67,732820,24126594.00
2022/01/12,46.60,48.38,46.47,47.72,1384086,46618504.00
2022/01/13,47.75,48.24,45.51,45.68,1292809,42531084.00
2022/01/14,45.48,47.16,45.16,46.64,1443775,47098452.00
2022/01/17,46.73,46.73,45.35,46.71,1463579,47465616.00
2022/01/18,46.70,47.83,46.11,46.21,1194648,39625284.00
2022/01/19,45.77,46.46,45.63,46.32,573365,18609894.00
2022/01/20,45.79,47.37,45.63,45.65,884980,28970502.00
2022/01/21,44.72,45.27,42.54,43.38,1479660,45565248.00
2022/01/24,43.80,44.21,42.54,43.94,543940,16722044.00
2022/01/25,43.58,44.22,41.98,42.12,775346,23480488.00
2022/01/26,41.80,43.30,41.80,42.99,506603,15317073.00
2022/01/27,43.16,43.24,41.99,41.99,544033,16296351.00
2022/01/28,42.26,46.14,42.26,45.76,3134079,100301360.00
2022/02/07,46.43,46.43,44.54,44.58,2164956,69177360.00
2022/02/08,44.68,45.33,43.10,45.03,1392660,43521900.00
2022/02/09,45.09,45.72,44.36,45.63,1136039,36144128.00
2022/02/10,46.01,46.01,43.94,44.36,1199960,37751824.00
2022/02/11,44.54,44.82,43.44,44.54,977820,30498374.00
2022/02/14,44.12,44.63,43.76,44.29,491109,15342590.00
2022/02/15,44.49,44.58,43.52,43.84,624195,19344204.00
2022/02/16,43.93,47.97,43.93,47.08,2687181,87888032.00
2022/02/17,47.20,47.72,46.39,46.68,2005227,66661132.00
2022/02/18,46.40,46.59,45.56,46.43,1166140,38008912.00
2022/02/21,46.26,46.95,46.08,46.71,1149640,37796312.00
2022/02/22,46.32,47.51,45.62,46.95,1535142,50561804.00
2022/02/23,46.88,47.97,46.33,47.62,1754660,58685156.00
2022/02/24,47.33,48.80,45.90,46.46,2248575,75283592.00
2022/02/25,46.74,47.58,46.56,46.81,1127729,37411568.00
2022/02/28,45.31,46.35,43.24,45.66,2180594,68743416.00
2022/03/01,46.24,47.44,45.94,46.82,1348999,44413248.00
2022/03/02,46.17,47.26,45.59,45.73,1118459,36319844.00
2022/03/03,45.76,46.28,45.06,45.16,1017107,32647830.00
2022/03/04,45.54,45.54,44.09,44.28,767600,24157958.00
2022/03/07,44.28,44.57,43.28,43.63,1043841,32346572.00
2022/03/08,43.77,43.94,42.57,43.10,912934,27922428.00
2022/03/09,42.96,43.66,41.84,43.23,980635,29602576.00
2022/03/10,44.07,44.22,43.10,43.31,665400,20435816.00
2022/03/11,43.10,43.90,42.05,43.79,641231,19580614.00
2022/03/14,43.94,44.25,43.24,43.25,513034,15820020.00
2022/03/15,42.55,43.24,41.17,41.18,865053,25793298.00
2022/03/16,41.56,42.43,40.23,42.40,785093,23016272.00
2022/03/17,42.54,43.41,42.46,42.81,745373,22613160.00
2022/03/18,42.76,43.04,42.19,42.67,618720,18551644.00
2022/03/21,42.67,43.41,42.62,43.20,624496,19003680.00
2022/03/22,43.34,43.49,42.74,43.13,469500,14302711.00
2022/03/23,43.06,43.37,42.78,42.83,490685,14903353.00
2022/03/24,42.68,42.72,41.63,41.78,660820,19569646.00
2022/03/25,42.13,42.13,40.45,40.75,755618,21887500.00
2022/03/28,40.96,41.84,39.22,40.58,858100,24512778.00
2022/03/29,40.58,41.25,38.80,38.83,1116280,31088248.00
2022/03/30,39.05,39.57,38.83,39.24,704180,19417084.00
2022/03/31,39.15,39.33,38.49,38.97,656460,17958598.00
2022/04/01,38.89,39.03,38.10,38.82,964400,26255882.00
2022/04/06,38.86,39.73,38.54,39.47,615085,17033612.00
2022/04/07,39.21,39.70,38.49,38.56,482500,13209161.00
2022/04/08,39.18,39.18,37.92,38.42,445590,12047262.00
2022/04/11,38.41,38.42,36.79,37.12,692680,18236830.00
2022/04/12,37.50,38.97,37.29,38.42,805309,21680092.00
2022/04/13,38.06,39.17,37.43,37.89,903570,24410724.00
2022/04/14,38.47,39.11,37.92,38.34,1061850,28745000.00
2022/04/15,38.07,38.07,36.66,37.22,1449960,37929992.00
2022/04/18,37.08,37.78,36.45,37.23,780400,20385932.00
2022/04/19,37.11,37.56,36.94,37.33,490600,12865646.00
2022/04/20,37.29,37.92,37.26,37.42,626710,16551090.00
2022/04/21,37.35,37.35,36.27,36.46,799070,20656548.00
2022/04/22,36.24,36.46,35.64,36.03,768350,19437384.00
2022/04/25,35.62,35.79,33.80,34.06,772240,18732144.00
2022/04/26,34.57,35.20,33.44,35.05,977356,23642156.00
2022/04/27,34.64,36.37,34.04,36.24,915523,22821502.00
2022/04/28,36.77,37.07,35.75,36.04,750827,19259352.00
2022/04/29,36.74,37.77,36.34,37.54,965647,25432834.00
2022/05/05,37.08,37.88,37.08,37.64,693640,18370252.00
2022/05/06,36.94,38.02,36.56,37.50,624479,16471707.00
2022/05/09,37.57,37.86,37.29,37.72,430527,11427142.00
2022/05/10,37.51,38.72,37.26,38.49,735120,19857994.00
2022/05/11,38.49,38.87,37.96,37.96,871355,23607930.00
2022/05/12,37.67,38.35,37.64,38.23,536880,14406848.00
2022/05/13,38.55,38.55,37.64,38.12,475340,12724798.00
2022/05/16,38.48,38.48,37.53,37.86,428200,11463276.00
2022/05/17,37.82,38.73,37.29,38.41,575900,15383365.00
2022/05/18,38.55,38.55,37.99,38.12,489024,13161638.00
2022/05/19,37.67,39.12,37.67,39.01,694478,18847118.00
2022/05/20,39.26,40.17,38.69,39.05,1018739,28195408.00
2022/05/23,39.25,39.46,38.73,39.05,593600,16302622.00
2022/05/24,39.43,39.57,37.71,37.71,771760,20998848.00
2022/05/25,37.71,38.20,37.46,38.13,438600,11703491.00
2022/05/26,38.28,38.76,37.68,38.55,529620,14286580.00
2022/05/27,38.58,38.94,38.37,38.61,569480,15476641.00
2022/05/30,38.49,39.00,38.21,38.93,497963,13570682.00
2022/05/31,38.76,39.05,38.55,38.98,800460,21887630.00
2022/06/01,39.14,39.74,38.70,39.73,1012472,28167590.00
2022/06/02,39.63,40.47,39.54,40.41,1198620,33860428.00
2022/06/06,40.38,41.39,40.38,40.93,1147767,33105242.00
2022/06/07,41.00,41.32,40.51,41.00,742079,21372508.00
2022/06/08,40.97,41.25,39.88,40.72,784020,22459656.00
2022/06/09,40.31,40.55,39.46,39.80,912000,25621176.00
2022/06/10,40.00,40.00,39.33,39.60,1366690,25894548.00
2022/06/13,39.74,40.53,39.58,40.27,1341590,25753842.00
2022/06/14,40.25,40.33,38.58,39.62,1285278,24117078.00
2022/06/15,40.11,40.11,39.09,39.13,1269088,23941836.00
2022/06/16,39.50,39.98,39.03,39.35,952067,18009828.00
2022/06/17,39.33,39.84,38.73,39.35,795357,14934285.00
2022/06/20,39.42,40.33,39.42,40.27,1385117,26506504.00
2022/06/21,40.27,41.51,39.86,40.59,1730902,33687676.00
2022/06/22,40.55,40.94,39.44,39.68,987274,18898812.00
2022/06/23,40.06,41.30,39.66,41.22,1799597,35042452.00
2022/06/24,41.36,43.23,40.92,42.85,2678391,54354676.00
2022/06/27,43.23,44.69,42.68,43.90,2855912,60019032.00
2022/06/28,43.90,44.59,43.41,44.04,2366100,50009556.00
2022/06/29,44.15,44.15,42.54,42.79,1991007,41130420.00
2022/06/30,43.01,43.94,42.56,43.17,1212892,25206302.00
2022/07/01,43.39,43.98,42.60,43.13,911651,18913082.00
2022/07/04,43.11,43.39,42.52,42.87,1075247,22053608.00
2022/07/05,42.95,43.72,41.53,41.97,1028075,20836172.00
2022/07/06,42.16,42.79,41.26,41.83,965440,19400834.00
2022/07/07,41.83,42.44,41.61,41.99,886825,17782468.00
2022/07/08,42.05,42.89,42.05,42.34,1155110,23524856.00
2022/07/11,42.38,42.79,41.36,41.67,1210381,24234354.00
2022/07/12,41.47,42.12,40.76,40.80,1029323,20290992.00
2022/07/13,40.90,41.51,40.76,41.24,688739,13562567.00
2022/07/14,41.63,42.36,41.16,42.14,1301845,26093680.00
2022/07/15,41.75,44.08,40.96,43.01,3113377,63932444.00
2022/07/18,44.19,47.19,44.19,47.19,7143810,159033904.00
2022/07/19,47.78,49.38,45.22,45.22,11422527,259658688.00
2022/07/20,45.91,46.85,44.92,46.03,5468776,120559120.00
2022/07/21,46.07,49.85,45.24,47.35,7829372,179104288.00
2022/07/22,46.60,48.10,46.24,46.82,5321042,120242472.00
2022/07/25,46.44,46.97,44.82,45.10,5382490,117867800.00
2022/07/26,45.46,46.44,44.02,46.26,3535999,77306112.00
2022/07/27,46.13,48.21,45.83,48.10,6057942,138847744.00
2022/07/28,48.23,48.53,47.41,47.92,4248073,97784352.00
2022/07/29,47.54,49.18,47.05,48.43,4612761,107288168.00
2022/08/01,49.28,50.44,47.25,49.95,7549200,177653520.00
2022/08/02,49.24,52.43,47.86,51.51,13011217,316907936.00
2022/08/03,51.07,52.12,49.89,50.78,9660287,236921152.00
2022/08/04,50.21,50.30,47.49,49.06,7578855,178191664.00
2022/08/05,49.26,49.32,46.85,47.86,5024614,115434784.00
2022/08/08,47.45,49.73,46.97,49.34,4847572,114099512.00
2022/08/09,48.49,49.67,48.47,48.83,3759375,88735920.00
2022/08/10,48.43,49.65,47.49,49.63,4986384,116316360.00
2022/08/11,49.32,49.36,48.39,48.57,3747968,87906104.00
2022/08/12,48.59,50.50,47.68,47.74,3685792,86572600.00
2022/08/15,46.95,49.32,46.95,48.63,3787353,87795728.00
2022/08/16,49.30,49.75,48.06,48.31,3322435,78016584.00
2022/08/17,48.33,48.77,47.39,47.94,3174697,73129552.00
2022/08/18,47.84,49.69,47.70,49.06,4656060,109392168.00
2022/08/19,49.06,49.54,46.18,46.22,6338415,144494592.00
2022/08/22,46.01,47.25,45.42,46.68,2781763,61789208.00
2022/08/23,46.64,48.10,45.83,47.68,3111706,71067912.00
2022/08/24,47.88,48.04,45.42,45.63,3025981,67045720.00
2022/08/25,45.87,45.87,43.94,44.51,2513523,53773956.00
2022/08/26,44.00,44.59,41.40,41.83,5000444,101483912.00
2022/08/29,41.36,42.07,40.84,41.36,3008762,59686072.00
2022/08/30,41.36,41.71,40.45,40.76,2008113,39258536.00
2022/08/31,40.76,40.82,39.13,39.25,2524335,47977504.00
2022/09/01,39.44,39.62,38.54,38.77,1741436,32403382.00
2022/09/02,38.85,39.78,38.85,39.52,2534745,47689720.00
2022/09/05,39.46,39.96,39.09,39.56,1549870,29289610.00
2022/09/06,39.62,40.04,38.97,40.04,2179253,41306644.00
2022/09/07,39.84,40.96,39.74,40.88,2955250,57480324.00
2022/09/08,40.55,41.06,40.15,40.17,1635461,31742144.00
2022/09/09,40.17,40.35,39.37,39.64,1385537,26289208.00
2022/09/13,39.68,40.92,39.58,40.80,2087463,40350412.00
2022/09/14,40.02,40.71,39.88,40.41,1378594,26567304.00
2022/09/15,40.35,40.69,38.62,38.79,2085366,39154920.00
2022/09/16,38.79,39.54,38.42,38.62,1191817,22201482.00
2022/09/19,38.73,39.52,38.01,38.87,1112794,20609958.00
2022/09/20,38.83,40.11,38.75,40.11,1653248,31384232.00
2022/09/21,39.23,39.44,38.16,38.52,2527544,46899080.00
2022/09/22,38.32,39.05,37.81,38.24,1312099,24140914.00
2022/09/23,38.16,38.32,36.82,36.90,1819107,32349074.00
2022/09/26,36.88,37.22,36.31,36.82,1017819,17862580.00
2022/09/27,36.88,37.89,36.80,37.87,1084225,19391520.00
2022/09/28,37.81,37.87,36.65,36.86,961735,17041846.00
2022/09/29,37.10,37.39,36.55,36.82,668656,11749143.00
2022/09/30,36.96,37.06,35.92,35.98,912718,15755539.00
2022/10/10,36.05,36.39,34.99,35.29,896541,15094604.00
2022/10/11,35.66,35.98,34.93,35.70,694595,11750038.00
2022/10/12,35.84,37.00,35.25,36.92,1058950,18255894.00
2022/10/13,36.90,38.10,36.72,37.30,1434084,25691702.00
2022/10/14,37.75,38.64,37.34,37.95,1138894,20674150.00
2022/10/17,37.91,41.63,37.71,40.59,3727836,71995680.00
2022/10/18,41.06,41.06,39.74,39.86,2895247,55527060.00
2022/10/19,39.84,40.43,39.35,39.80,2168527,41470392.00
2022/10/20,39.62,39.82,38.81,39.27,1647451,30959144.00
2022/10/21,39.74,40.33,39.15,40.11,1619820,30916448.00
2022/10/24,40.15,41.42,40.04,40.21,2671105,52046228.00
2022/10/25,39.94,44.10,39.62,44.10,15228721,318030400.00
2022/10/26,43.80,45.79,41.87,45.02,15237194,316406432.00
2022/10/27,43.50,45.00,43.09,43.33,9048254,189816384.00
2022/10/28,43.19,44.41,41.99,42.62,8757026,182232800.00
2022/10/31,42.14,44.37,41.69,44.35,8142835,168399456.00
2022/11/01,43.76,45.57,42.95,45.40,9790661,209204784.00
2022/11/02,44.61,45.04,44.04,44.69,7312870,156302160.00
2022/11/03,44.71,45.48,44.39,45.22,5100268,110224952.00
2022/11/04,45.48,46.80,44.43,44.45,8663800,188723712.00
2022/11/07,44.02,44.43,42.79,43.70,6334851,131787488.00
2022/11/08,43.68,43.86,42.54,43.86,3453986,71533424.00
2022/11/09,43.90,44.31,42.99,43.01,3489533,72896320.00
2022/11/10,42.44,43.48,41.55,41.81,3971122,80468248.00
2022/11/11,42.34,42.74,41.81,41.83,2887981,58383380.00
2022/11/14,41.85,42.28,40.92,41.36,2293682,45542068.00
2022/11/15,41.30,43.13,41.12,43.05,3438341,70131656.00
2022/11/16,43.15,43.15,41.36,41.67,3033695,61201532.00
2022/11/17,41.57,42.24,40.96,42.20,1975308,39424244.00
2022/11/18,42.22,42.48,41.47,41.51,2344563,47138220.00
2022/11/21,41.36,44.53,41.06,44.10,5925386,123062696.00
2022/11/22,43.96,44.94,43.09,43.17,4877020,102974248.00
2022/11/23,43.54,43.70,40.96,42.28,3161160,63521048.00
2022/11/24,42.16,43.39,41.34,41.55,2829577,57197216.00
2022/11/25,41.40,41.71,39.58,39.72,3645760,70252456.00
2022/11/28,39.09,39.66,38.58,39.25,2230102,41618412.00
2022/11/29,39.05,40.92,39.05,40.27,2412824,46074280.00
2022/11/30,40.17,41.47,39.70,40.63,2081496,40415212.00
2022/12/01,41.40,44.41,41.30,42.58,4793317,98392040.00
2022/12/02,42.09,45.02,42.09,44.47,6310266,132950000.00
2022/12/05,44.63,45.12,43.66,44.71,3614175,76811464.00
2022/12/06,44.21,45.06,43.70,44.21,2541679,54140688.00
2022/12/07,44.15,44.37,43.11,43.45,2285701,47724832.00
2022/12/08,44.10,44.10,42.74,43.03,2118914,43999272.00
2022/12/09,42.97,43.64,42.48,42.72,1854870,38170024.00
2022/12/12,42.56,43.50,42.20,42.79,2822881,58080244.00
2022/12/13,42.74,43.01,41.45,41.71,1823458,36786020.00
2022/12/14,41.73,43.43,41.53,41.53,1760565,35654288.00
2022/12/15,41.79,44.49,41.79,42.48,2406377,49392304.00
2022/12/16,41.77,42.56,41.45,41.93,1687327,33796844.00
2022/12/19,41.38,43.07,41.38,41.91,1803918,36578236.00
2022/12/20,41.73,44.57,41.57,44.23,6816406,143161488.00
2022/12/21,43.82,44.57,43.29,43.90,3988713,83874656.00
2022/12/22,43.98,44.02,42.54,42.60,2904436,60063284.00
2022/12/23,42.48,44.59,42.44,43.64,4449765,93625792.00
2022/12/26,43.54,44.88,42.99,44.41,4384983,93042824.00
2022/12/27,44.37,44.37,42.70,43.74,3821518,79665280.00
2022/12/28,43.74,45.02,43.35,44.94,5182302,110304040.00
2022/12/29,44.43,44.61,43.62,44.21,3146390,66601292.00
2022/12/30,44.39,44.49,43.17,43.35,2771760,57896992.00
2023/01/03,42.79,44.75,42.79,44.73,3190915,67180896.00
2023/01/04,44.39,44.55,43.45,44.10,2617033,55239276.00
2023/01/05,44.10,45.71,43.82,45.20,4392556,94701152.00
2023/01/06,45.16,46.44,44.63,46.42,5744023,125784664.00
2023/01/09,46.80,46.95,45.73,46.26,4365206,97083752.00
2023/01/10,45.79,45.95,44.77,45.06,3558736,77227336.00
2023/01/11,45.26,46.15,44.33,44.47,3333125,72437704.00
2023/01/12,45.24,46.58,44.86,45.40,4026125,88638024.00
2023/01/13,45.02,46.82,44.59,46.36,4200893,92496952.00
2023/01/16,46.56,46.91,45.95,46.24,3420749,76189320.00
2023/01/17,45.91,48.14,45.91,48.10,5066398,115000808.00
2023/01/18,47.86,47.96,47.07,47.80,3323687,75790016.00
2023/01/19,47.62,48.39,47.23,47.72,2500843,57424796.00
2023/01/20,48.18,48.85,46.85,47.21,3104519,70859952.00
2023/01/30,47.82,48.92,47.27,48.37,4222120,97938864.00
2023/01/31,47.98,48.77,47.27,47.29,3549981,81560792.00
2023/02/01,47.25,47.78,46.58,47.76,3835282,86882808.00
2023/02/02,47.66,48.18,46.68,46.87,3963666,90191088.00
2023/02/03,46.82,46.91,45.95,46.60,3148494,70097928.00
2023/02/06,46.28,46.60,45.44,45.81,3008730,66233440.00
2023/02/07,46.13,46.97,45.63,46.80,3163791,70557392.00
2023/02/08,46.64,46.64,45.85,45.97,1865045,41316664.00
2023/02/09,46.18,46.76,45.65,46.62,2225369,49667572.00
2023/02/10,46.64,46.64,45.04,45.26,3350621,73480088.00
2023/02/13,45.46,47.90,45.38,47.51,5710787,128932448.00
2023/02/14,47.62,47.82,47.11,47.76,2767364,63199424.00
2023/02/15,47.64,48.81,47.43,48.33,5049548,116811704.00
2023/02/16,48.83,48.88,46.40,46.56,4957045,113457808.00
2023/02/17,46.97,47.66,46.48,47.11,2965603,67179072.00
2023/02/20,46.56,49.81,45.22,49.40,6900561,160351952.00
2023/02/21,49.16,50.78,48.88,50.07,5484174,131721824.00
2023/02/22,49.59,50.60,49.40,49.91,6239269,150041952.00
2023/02/23,50.19,54.78,50.15,54.78,7386731,191222208.00
2023/02/24,54.88,54.88,52.04,53.83,9218820,237841296.00
2023/02/27,53.34,54.72,52.51,52.65,5486108,140926816.00
2023/02/28,52.39,53.69,51.92,52.73,4116195,104707888.00
2023/03/01,53.06,53.30,52.33,52.79,3525134,89757616.00
2023/03/02,52.69,53.50,52.16,52.33,3014620,76384968.00
2023/03/03,52.33,53.95,51.94,53.71,4066364,104368760.00
2023/03/06,53.93,53.93,51.92,52.77,3301669,83786072.00
2023/03/07,51.94,52.59,50.40,50.40,3206449,78997688.00
2023/03/08,50.68,51.15,49.83,50.72,2073078,50226868.00
2023/03/09,50.32,51.49,49.91,51.07,2187628,53579456.00
2023/03/10,51.07,51.51,49.69,50.19,1943005,47311796.00
2023/03/13,50.17,52.10,50.17,51.76,2488095,61609856.00
2023/03/14,51.33,53.04,51.11,52.08,3316037,83599144.00
2023/03/15,52.22,53.14,51.74,52.49,2405807,60922016.00
2023/03/16,52.39,54.05,52.00,53.24,3482161,89256064.00
2023/03/17,53.65,54.86,52.98,53.22,4071899,105566472.00
2023/03/20,52.98,53.67,51.62,51.92,2823680,71140960.00
2023/03/21,51.92,53.02,51.80,53.00,1419074,35940136.00
2023/03/22,52.73,53.06,52.20,52.87,1342110,34074916.00
2023/03/23,52.87,53.06,52.33,52.79,1349273,34172676.00
2023/03/24,52.79,54.13,52.39,53.85,2134237,55069696.00
2023/03/27,53.54,54.78,53.06,54.64,2771285,72110744.00
2023/03/28,54.64,56.61,54.01,56.53,3654371,98129984.00
2023/03/29,55.80,57.38,54.62,54.72,3920062,105712432.00
2023/03/30,54.86,54.86,52.94,54.15,2425798,62792952.00
2023/03/31,54.17,54.34,53.24,53.91,1238633,32050636.00
2023/04/03,53.40,54.42,52.79,53.69,1911523,49399196.00
2023/04/04,53.69,53.69,50.58,50.86,3488928,86725768.00
2023/04/06,50.84,51.70,49.52,51.57,3243438,78983640.00
2023/04/07,51.31,52.73,51.21,51.74,2003186,50185576.00
2023/04/10,51.76,52.20,51.23,51.39,999023,24810922.00
2023/04/11,51.17,51.68,50.30,51.09,1512814,37012860.00
2023/04/12,51.09,52.06,50.56,51.17,1305081,32154986.00
2023/04/13,50.93,51.23,49.48,49.59,1645600,39672928.00
2023/04/14,49.95,50.07,48.49,49.91,1275940,30298420.00
2023/04/17,49.81,52.63,49.50,50.48,2778533,68572248.00
2023/04/18,51.01,51.01,49.26,49.69,1133485,27052534.00
2023/04/19,49.26,49.44,48.49,48.79,1536083,36070036.00
2023/04/20,48.65,49.06,47.86,48.31,1561025,36207200.00
2023/04/21,48.31,48.88,47.56,47.76,1181461,27309174.00
2023/04/24,47.07,47.17,43.11,43.11,5062600,105226936.00
2023/04/25,42.22,42.62,40.98,41.45,3748813,74637168.00
2023/04/26,41.16,42.64,41.10,42.09,1905978,38471776.00
2023/04/27,42.05,43.19,41.79,42.70,2308448,47084228.00
2023/04/28,43.39,43.58,42.38,43.33,1637334,33779128.00
2023/05/04,43.13,43.76,42.68,43.35,1080873,22356648.00
2023/05/05,43.25,43.48,41.77,42.20,1182500,23914424.00
2023/05/08,42.38,42.93,41.69,41.93,879709,17735816.00
2023/05/09,42.18,42.18,41.26,41.47,1268828,25280936.00
2023/05/10,41.83,42.66,41.36,42.16,1008074,20308006.00
2023/05/11,42.50,43.09,41.99,42.36,953135,19383806.00
2023/05/12,42.36,42.66,41.77,42.24,1390048,28089490.00
2023/05/15,42.28,42.89,41.99,42.79,757655,15464647.00
2023/05/16,42.79,43.50,42.64,42.93,761724,15712347.00
2023/05/17,42.62,43.80,42.62,43.70,1041453,21706894.00
2023/05/18,43.84,44.59,43.70,44.49,1251167,26575080.00
2023/05/19,44.06,44.92,44.04,44.77,954130,20409590.00
2023/05/22,44.75,45.79,44.35,45.57,1495230,32425556.00
2023/05/23,45.51,45.69,44.77,44.88,737290,15961173.00
2023/05/24,44.67,45.59,44.67,45.38,749043,16296549.00
2023/05/25,45.30,45.93,45.10,45.87,904028,19794782.00
2023/05/26,45.67,46.38,45.22,46.13,973118,21412960.00
2023/05/29,45.85,46.05,44.88,44.98,1429852,31014506.00
2023/05/30,45.61,45.61,44.23,45.16,1319554,28334036.00
2023/05/31,45.14,45.16,44.45,44.67,852428,18268982.00
2023/06/01,44.96,45.30,44.23,44.88,1042170,22420690.00
2023/06/02,45.06,45.36,44.88,45.10,627147,13571034.00
2023/06/05,45.53,45.53,44.69,44.82,836940,18044408.00
2023/06/06,45.06,45.06,43.45,43.54,1048580,22114810.00
2023/06/07,43.52,44.08,43.15,44.00,722679,15142394.00
2023/06/08,43.98,44.08,43.35,43.70,1345360,28208780.00
2023/06/09,43.99,44.14,42.82,43.85,1749174,24734872.00
2023/06/12,43.85,45.55,43.82,45.14,2787923,40612748.00
2023/06/13,44.99,46.32,44.82,45.73,2093453,31097266.00
2023/06/14,45.94,46.29,45.32,45.94,2102234,31389264.00
2023/06/15,45.85,47.32,45.85,46.49,2024930,30738544.00
2023/06/16,46.49,46.94,46.05,46.41,1625320,24531210.00
2023/06/19,46.11,48.20,46.11,47.53,2496891,38687996.00
2023/06/20,47.38,49.06,46.67,48.47,3546502,55609340.00
2023/06/21,50.47,51.26,47.79,48.50,6141312,98333936.00
2023/06/26,49.56,49.59,47.26,47.38,3315479,52126492.00
2023/06/27,49.06,51.94,45.76,47.14,13755758,221732048.00
2023/06/28,45.55,47.29,43.23,46.76,10874173,159804704.00
2023/06/29,47.17,48.73,46.05,47.53,6092515,94860728.00
2023/06/30,47.44,50.17,47.05,49.44,6616997,105302544.00
2023/07/03,49.00,49.50,47.91,48.11,5400851,85231816.00
2023/07/04,47.91,48.88,47.82,48.26,2301975,36402832.00
2023/07/05,47.94,48.76,47.44,47.53,1769815,27681546.00
2023/07/06,47.53,48.26,46.94,47.50,2261876,35114496.00
2023/07/07,47.26,47.67,46.91,47.26,1491780,23015572.00
2023/07/10,47.53,47.58,46.55,46.73,1208352,18474676.00
2023/07/11,47.05,47.53,46.64,47.41,1117484,17176064.00
2023/07/12,47.53,48.41,46.91,46.94,1724855,26794014.00
2023/07/13,46.94,47.64,46.79,47.50,1551488,23940064.00
2023/07/14,47.23,48.35,47.08,48.11,1795630,28124856.00
2023/07/17,48.41,48.41,46.94,47.08,1230140,19003398.00
2023/07/18,47.23,47.47,46.64,46.67,1133193,17353188.00
2023/07/19,46.88,47.05,45.76,45.97,1183415,17818260.00
2023/07/20,46.14,46.29,45.14,45.14,1141855,16946478.00
2023/07/21,45.26,45.70,44.49,44.58,1123188,16375679.00
2023/07/24,44.58,45.14,44.35,44.61,1080527,15708249.00
2023/07/25,44.91,45.79,44.91,45.67,1329752,19664132.00
2023/07/26,45.67,45.67,44.67,45.08,1162858,17041504.00
2023/07/27,45.08,45.58,44.64,44.70,1014258,14863212.00
2023/07/28,44.88,45.29,44.26,45.05,935169,13644997.00
2023/07/31,45.41,45.55,45.08,45.11,947223,13966940.00
2023/08/01,44.93,45.11,44.08,44.23,1275743,18413854.00
2023/08/02,44.17,44.88,43.93,44.67,864963,12558137.00
2023/08/03,44.64,44.88,44.26,44.40,969195,14008483.00
2023/08/04,44.40,44.79,44.02,44.05,1146671,16493044.00
2023/08/07,43.99,44.14,43.61,43.70,890618,12667155.00
2023/08/08,43.73,43.96,43.35,43.40,986845,13953965.00
2023/08/09,43.70,43.70,42.84,42.93,875497,12235731.00
2023/08/10,42.84,43.26,42.67,43.08,593544,8286852.50
2023/08/11,43.05,43.52,42.76,42.79,903227,12655239.00
2023/08/14,42.79,43.02,42.14,42.90,706632,9740039.00
2023/08/15,43.05,43.40,42.29,42.46,643163,8907867.00
2023/08/16,42.49,42.61,41.87,41.93,851540,11625706.00
2023/08/17,41.93,43.35,41.67,43.17,1376591,19144160.00
2023/08/18,43.35,43.61,42.93,42.96,851255,11971856.00
2023/08/21,43.46,43.49,42.52,42.55,668590,9320266.00
2023/08/22,42.90,43.08,41.64,42.34,787595,10783760.00
2023/08/23,42.05,42.34,41.52,41.70,786455,10689425.00
2023/08/24,41.81,42.23,41.14,41.73,904705,12241026.00
2023/08/25,41.43,41.73,40.46,40.52,1111771,14761269.00
2023/08/28,42.46,42.82,40.34,40.61,1394953,18787976.00
2023/08/29,40.61,43.02,40.58,42.82,2260809,31075148.00
2023/08/30,42.46,43.82,42.29,43.61,2679216,37769856.00
2023/08/31,43.61,43.90,42.87,42.93,1420190,19957528.00
2023/09/01,43.40,43.40,41.34,41.70,3034518,41396684.00
2023/09/04,41.76,41.84,37.84,39.99,11271311,142213568.00
2023/09/05,39.08,39.93,38.46,38.81,10793140,135937200.00
2023/09/06,38.69,38.69,37.99,38.55,6406897,79124736.00
2023/09/07,38.40,38.49,37.58,37.66,4818776,59026604.00
2023/09/08,37.55,38.22,37.49,37.87,5447083,66567208.00
2023/09/11,37.75,38.25,37.52,37.99,4207445,51621180.00
2023/09/12,38.02,38.19,37.55,37.61,4328554,52818060.00
2023/09/13,37.61,37.63,36.60,36.93,4331142,51583292.00
2023/09/14,36.93,37.37,36.37,36.66,3728352,44188412.00
2023/09/15,36.93,37.49,36.34,36.43,4165949,49283688.00
2023/09/18,36.28,37.52,36.05,37.16,4510980,53886656.00
2023/09/19,37.28,37.34,36.43,36.46,2966425,34979424.00
2023/09/20,36.31,37.31,36.31,36.78,3669205,43630336.00
2023/09/21,36.78,38.61,36.66,37.13,5957992,71694504.00
2023/09/22,36.99,38.22,36.58,37.96,6939913,84702728.00
2023/09/25,38.40,39.75,38.11,38.69,8129478,102175512.00
2023/09/26,38.55,40.08,38.14,39.49,8044050,102340720.00
2023/09/27,39.87,39.87,38.49,38.58,7627569,95925600.00
2023/09/28,38.67,40.05,38.67,39.34,6368317,80920016.00
2023/10/09,38.87,39.34,38.43,38.55,4123981,51535116.00
2023/10/10,38.67,38.99,37.96,38.08,3570806,44105072.00
2023/10/11,38.02,38.37,37.08,38.14,3255221,39675884.00
2023/10/12,38.25,38.34,37.58,38.08,2184100,26710360.00
2023/10/13,37.84,37.87,36.99,37.08,2729779,32823780.00
2023/10/16,37.08,37.37,36.22,36.43,2427330,28526746.00
2023/10/17,36.43,36.52,35.75,36.07,2423055,28026502.00
2023/10/18,36.07,36.07,35.04,35.07,2426717,27566186.00
2023/10/19,35.04,35.72,34.81,35.04,1812481,20558442.00
2023/10/20,34.93,35.75,34.66,34.78,2098652,23668062.00
2023/10/23,34.69,34.84,33.57,33.72,2447160,26716080.00
2023/10/24,34.07,34.93,33.78,34.87,3039561,33652576.00
2023/10/25,34.87,35.40,34.72,35.10,2136108,24094444.00
2023/10/26,35.07,35.16,34.34,35.16,1777191,19807628.00
2023/10/27,35.22,36.10,34.84,35.93,2475826,28239632.00
2023/10/30,35.57,36.40,35.46,36.22,2529248,29246276.00
2023/10/31,36.19,36.75,35.75,35.93,2514526,29325688.00
2023/11/01,35.93,36.58,35.75,36.52,1921658,22479246.00
2023/11/02,37.22,37.93,35.40,35.40,5519045,64561888.00
2023/11/03,35.93,37.19,35.63,36.63,5520371,65098340.00
2023/11/06,37.05,37.75,36.78,37.72,3209028,38683028.00
2023/11/07,37.75,37.90,37.25,37.69,2288327,27722334.00
2023/11/08,37.75,37.96,37.40,37.84,1906397,23183860.00
2023/11/09,37.87,38.05,37.43,37.66,1994926,24264050.00
2023/11/10,37.81,37.99,37.31,37.84,1931111,23522432.00
2023/11/13,37.81,38.28,37.81,38.25,1933658,23811136.00
2023/11/14,38.19,38.55,38.16,38.55,1923654,23830528.00
2023/11/15,38.64,39.02,38.37,38.84,1979757,24775278.00
2023/11/16,38.81,38.96,38.43,38.67,1845515,23122396.00
2023/11/17,38.75,39.52,38.43,39.31,2415422,30529414.00
2023/11/20,39.31,40.43,39.22,40.37,2944613,38049656.00
2023/11/21,40.40,40.49,39.43,39.61,3621863,46672904.00
2023/11/22,39.43,39.78,38.96,38.99,2314805,29368474.00
2023/11/23,39.08,39.64,38.84,39.55,2276820,28963332.00
2023/11/24,39.52,39.52,38.69,38.90,1905972,24006612.00
2023/11/27,39.02,39.43,38.81,38.93,1873315,23636786.00
2023/11/28,38.84,39.70,38.84,39.58,2597257,33073376.00
2023/11/29,39.40,39.81,39.25,39.37,1459040,18645402.00
2023/11/30,39.25,39.58,38.69,39.11,1618226,20443890.00
2023/12/01,39.14,39.25,38.55,38.96,1517265,19039404.00
2023/12/04,39.11,39.25,38.78,39.05,1643871,20770578.00
2023/12/05,39.08,39.08,38.11,38.19,1281142,15918145.00
2023/12/06,38.19,38.99,38.08,38.37,1622793,20232512.00
2023/12/07,38.75,38.75,37.99,38.34,1461393,18076998.00
2023/12/08,38.37,38.72,37.40,37.52,3275779,39939064.00
2023/12/11,37.16,37.99,37.02,37.78,3237227,39241336.00
2023/12/12,37.93,38.11,37.46,37.66,1785105,21676870.00
2023/12/13,37.75,38.81,37.16,38.16,2799705,34396308.00
2023/12/14,38.14,38.72,37.66,37.72,2166783,26598098.00
2023/12/15,37.75,37.99,37.55,37.75,1829992,22305900.00
2023/12/18,37.55,38.08,37.25,37.37,1848012,22356574.00
2023/12/19,37.25,37.99,37.16,37.66,1596418,19314860.00
2023/12/20,37.87,38.58,37.61,37.63,2534193,31167206.00
2023/12/21,37.63,38.34,36.69,38.14,2239657,27057342.00
2023/12/22,37.99,38.40,37.46,37.49,2148169,26280122.00
2023/12/25,37.46,37.75,36.93,37.28,1610618,19329812.00
2023/12/26,37.31,37.55,36.37,36.55,1674826,19776250.00
2023/12/27,36.75,37.16,36.34,36.78,1482974,17563124.00
2023/12/28,36.90,38.31,36.49,38.05,2213870,26903566.00
2023/12/29,37.99,41.67,37.78,41.67,12312992,161543328.00
2024/01/02,41.90,42.73,40.70,41.46,23406477,314741824.00
2024/01/03,41.34,41.55,40.11,40.81,11714858,154222160.00
2024/01/04,41.17,44.70,41.17,44.70,30054437,421848736.00
2024/01/05,48.97,48.97,45.20,48.97,57475946,898191360.00
2024/01/08,49.09,53.68,46.97,53.68,51077301,855250944.00
2024/01/09,57.83,58.86,56.97,58.86,13186736,253289824.00
2024/01/10,62.24,64.57,56.00,56.62,73439904,1526952960.00
2024/01/11,51.15,55.00,51.15,53.50,60208526,1030700800.00
2024/01/12,51.35,52.76,48.35,48.35,50199885,823128320.00
2024/01/15,46.49,47.50,45.61,46.88,30275128,459324864.00
2024/01/16,46.41,48.56,45.64,48.38,36233943,557834688.00
2024/01/17,47.61,47.70,43.73,43.90,30530648,452512096.00
2024/01/18,42.46,43.79,41.67,42.70,24392507,336532928.00
2024/01/19,42.61,42.70,40.78,41.05,19377707,260071472.00
2024/01/22,40.81,41.49,38.16,38.90,20579361,264523232.00
2024/01/23,38.75,39.17,37.84,38.69,15110821,188057344.00
2024/01/24,38.69,39.31,37.63,39.02,15882373,198412496.00
2024/01/25,38.69,39.87,38.34,39.87,17477802,221187696.00
2024/01/26,39.52,40.14,38.67,38.93,14259090,181549008.00
2024/01/29,38.99,39.14,36.49,36.66,14162225,170619072.00
2024/01/30,36.31,37.16,35.25,35.84,9364465,109339048.00
2024/01/31,35.81,35.87,33.34,33.63,12072593,132823640.00
2024/02/01,33.40,34.43,32.57,33.34,8877205,94882304.00
2024/02/02,33.34,34.13,30.98,32.22,10665031,111086144.00
2024/02/05,32.22,32.48,29.22,29.25,12512166,120510672.00
2024/02/06,28.72,30.07,26.83,29.10,13302356,119525584.00
2024/02/07,29.19,29.57,26.92,27.36,15045131,134783696.00
2024/02/08,27.57,29.81,26.98,29.69,15764716,142637760.00
2024/02/19,29.66,32.22,29.39,31.39,11967768,117792144.00
数据来源:通达信
