001227 兰州银行 日线 后复权
      日期	    开盘	    最高	    最低	    收盘	    成交量	    成交额
2022/01/17,4.28,5.14,4.28,5.14,106215711,537479104.00
2022/01/18,5.65,5.65,5.65,5.65,10711459,60519744.00
2022/01/19,6.22,6.22,5.81,6.22,146142676,905467136.00
2022/01/20,6.49,6.84,5.75,6.84,334730720,2163389952.00
2022/01/21,6.88,7.52,6.74,7.20,401745822,2940120064.00
2022/01/24,6.48,6.78,6.48,6.48,67579298,439198816.00
2022/01/25,5.83,6.18,5.83,5.83,291965585,1721411840.00
2022/01/26,5.62,5.79,5.25,5.30,259535837,1397912576.00
2022/01/27,5.07,5.83,4.93,5.83,218980992,1187870592.00
2022/01/28,5.65,6.04,5.25,5.30,239593722,1346306048.00
2022/02/07,5.30,5.78,5.10,5.47,198613581,1074829952.00
2022/02/08,5.40,6.02,5.31,6.02,267967800,1576883328.00
2022/02/09,6.30,6.62,6.01,6.32,377034419,2410052864.00
2022/02/10,6.08,6.33,5.85,6.23,249417790,1520715392.00
2022/02/11,6.17,6.85,6.15,6.85,328499146,2159574016.00
2022/02/14,6.50,6.77,6.17,6.25,258657325,1675046016.00
2022/02/15,6.16,6.52,6.16,6.39,185153294,1172120448.00
2022/02/16,6.38,6.47,6.10,6.34,148992927,936069568.00
2022/02/17,6.20,6.25,5.82,5.88,197014955,1179559680.00
2022/02/18,5.81,6.00,5.63,5.92,139620126,815126272.00
2022/02/21,5.81,5.91,5.73,5.81,114083020,660645248.00
2022/02/22,5.70,5.88,5.60,5.65,112479708,641622848.00
2022/02/23,5.64,5.75,5.51,5.71,116843907,655507584.00
2022/02/24,5.60,5.82,5.51,5.66,137234889,779059712.00
2022/02/25,5.65,5.73,5.57,5.59,73940232,415597728.00
2022/02/28,5.58,5.62,5.38,5.43,70623962,385066752.00
2022/03/01,5.42,5.62,5.39,5.61,91802044,503830016.00
2022/03/02,5.52,5.61,5.48,5.54,62541072,346311744.00
2022/03/03,5.57,5.62,5.47,5.47,61420978,339690912.00
2022/03/04,5.41,5.43,5.22,5.24,77179298,408033632.00
2022/03/07,5.18,5.35,5.16,5.25,58971355,309160064.00
2022/03/08,5.22,5.46,5.10,5.34,97581379,514427488.00
2022/03/09,5.32,5.87,5.21,5.87,298598997,1705075712.00
2022/03/10,5.64,5.70,5.51,5.56,224408733,1253828480.00
2022/03/11,5.42,5.78,5.31,5.63,182646519,1008780544.00
2022/03/14,5.43,5.57,5.37,5.37,104425454,570830528.00
2022/03/15,5.31,5.74,5.24,5.38,141692324,777779328.00
2022/03/16,5.31,5.92,5.31,5.92,299838551,1722356480.00
2022/03/17,5.77,5.96,5.64,5.81,287574889,1667071616.00
2022/03/18,5.92,6.38,5.82,6.09,286618078,1726520448.00
2022/03/21,5.86,5.98,5.81,5.93,179870486,1060269440.00
2022/03/22,5.96,6.50,5.90,6.12,264350451,1619319552.00
2022/03/23,5.96,6.06,5.86,5.90,185466781,1101448576.00
2022/03/24,5.94,6.00,5.75,5.75,143635326,844965120.00
2022/03/25,5.68,5.88,5.65,5.73,104896088,603312064.00
2022/03/28,5.65,5.87,5.46,5.73,114558131,650132736.00
2022/03/29,5.69,5.82,5.60,5.76,92767214,531824256.00
2022/03/30,5.76,6.11,5.72,5.94,174606116,1033002624.00
2022/03/31,5.85,6.28,5.82,6.05,203233749,1235501568.00
2022/04/01,6.00,6.46,5.95,6.23,210749574,1318850560.00
2022/04/06,6.25,6.50,6.14,6.20,214612324,1353727744.00
2022/04/07,6.21,6.38,6.02,6.09,167685669,1039783680.00
2022/04/08,6.00,6.35,5.95,6.21,155346104,954833984.00
2022/04/11,6.00,6.03,5.60,5.67,138806638,800393856.00
2022/04/12,5.62,5.84,5.45,5.73,115516140,653270848.00
2022/04/13,5.63,5.78,5.58,5.60,86492451,490128768.00
2022/04/14,5.72,5.76,5.59,5.65,78296300,442045120.00
2022/04/15,5.59,5.74,5.51,5.67,97713832,551001024.00
2022/04/18,5.49,5.50,5.23,5.35,95025666,508392672.00
2022/04/19,5.32,5.37,5.29,5.35,46154708,246165760.00
2022/04/20,5.35,5.36,5.17,5.24,61941096,325564832.00
2022/04/21,5.24,5.36,5.18,5.32,74697718,395101312.00
2022/04/22,5.26,5.50,5.23,5.42,86214704,465479648.00
2022/04/25,5.33,5.57,5.26,5.48,112268220,610730752.00
2022/04/26,5.40,5.47,4.93,5.08,107764566,558410240.00
2022/04/27,4.90,5.05,4.70,5.03,86687454,422193184.00
2022/04/28,4.96,5.12,4.88,4.91,61934436,308563488.00
2022/04/29,4.94,5.02,4.86,4.96,73693448,364112128.00
2022/05/05,4.91,4.97,4.88,4.94,50038951,246828240.00
2022/05/06,4.86,4.89,4.69,4.70,68704150,327909472.00
2022/05/09,4.67,4.75,4.65,4.71,37459491,176176016.00
2022/05/10,4.67,4.76,4.59,4.74,49147375,230184736.00
2022/05/11,4.72,4.98,4.71,4.84,82919759,401066336.00
2022/05/12,4.78,4.88,4.76,4.79,47305722,226772224.00
2022/05/13,4.78,4.83,4.76,4.78,33686405,161277200.00
2022/05/16,4.80,4.82,4.73,4.74,33998547,161542352.00
2022/05/17,4.72,4.75,4.66,4.73,38618198,181616832.00
2022/05/18,4.73,4.83,4.72,4.79,48575505,232075648.00
2022/05/19,4.72,4.75,4.70,4.74,35475353,167604256.00
2022/05/20,4.77,4.94,4.75,4.83,72182723,347879072.00
2022/05/23,4.81,4.84,4.78,4.84,44511903,213915712.00
2022/05/24,4.85,4.87,4.66,4.67,57155537,271834944.00
2022/05/25,4.66,4.72,4.62,4.71,34445068,160808960.00
2022/05/26,4.71,4.78,4.66,4.72,34696038,163314976.00
2022/05/27,4.73,4.74,4.64,4.67,33768017,158203392.00
2022/05/30,4.68,4.70,4.63,4.64,27603967,128411688.00
2022/05/31,4.63,4.68,4.61,4.66,26522437,123292360.00
2022/06/01,4.64,4.66,4.61,4.62,27063801,125405160.00
2022/06/02,4.62,4.62,4.55,4.57,34219273,156636944.00
2022/06/06,4.58,4.68,4.55,4.67,44071374,203889328.00
2022/06/07,4.65,4.78,4.64,4.76,60986032,288048864.00
2022/06/08,4.76,4.79,4.69,4.74,49723341,235173360.00
2022/06/09,4.73,4.99,4.69,4.95,122599519,595834944.00
2022/06/10,4.88,5.08,4.81,4.97,115316823,564246528.00
2022/06/13,4.87,4.93,4.81,4.82,64126596,311118784.00
2022/06/14,4.77,5.30,4.71,5.30,163737666,829482880.00
2022/06/15,5.40,5.83,5.37,5.53,282902784,1588709888.00
2022/06/16,5.30,5.33,5.03,5.06,205135061,1057577344.00
2022/06/17,4.97,5.17,4.95,5.07,112040646,564746944.00
2022/06/20,5.02,5.06,4.96,5.01,67742795,339504032.00
2022/06/21,5.02,5.07,4.96,5.01,58691220,294401664.00
2022/06/22,4.96,5.02,4.91,4.91,56808597,281307040.00
2022/06/23,4.90,5.12,4.89,5.05,86433668,433698528.00
2022/06/24,5.03,5.06,4.96,4.98,61659431,308298752.00
2022/06/27,4.98,5.01,4.95,4.97,47789978,237800272.00
2022/06/28,4.97,5.04,4.93,5.01,60299849,299589952.00
2022/06/29,4.98,5.03,4.93,4.94,52961150,263725552.00
2022/06/30,4.92,4.97,4.91,4.92,46115963,227581168.00
2022/07/01,4.92,4.94,4.85,4.85,45464060,222112272.00
2022/07/04,4.83,4.87,4.75,4.85,34958126,168166320.00
2022/07/05,4.84,4.87,4.77,4.82,28698183,138212496.00
2022/07/06,4.80,4.80,4.73,4.74,29125865,138628064.00
2022/07/07,4.73,4.76,4.71,4.73,19538328,92589384.00
2022/07/08,4.74,4.78,4.72,4.75,20793927,98721040.00
2022/07/11,4.73,4.82,4.72,4.79,29023584,138494976.00
2022/07/12,4.79,4.89,4.79,4.85,44411846,215364160.00
2022/07/13,4.85,4.85,4.77,4.79,30154600,144592656.00
2022/07/14,4.75,4.76,4.65,4.66,36049546,168813520.00
2022/07/15,4.65,4.71,4.64,4.64,25143410,117444144.00
2022/07/18,4.64,4.70,4.64,4.70,18992780,88945360.00
2022/07/19,4.69,4.76,4.68,4.73,23225185,109621168.00
2022/07/20,4.73,4.75,4.71,4.73,18656468,88220008.00
2022/07/21,4.74,4.74,4.70,4.70,18815138,86749424.00
2022/07/22,4.71,4.75,4.69,4.73,18715956,86414800.00
2022/07/25,4.73,4.74,4.69,4.70,14265673,65681488.00
2022/07/26,4.70,4.73,4.67,4.72,16220524,74642848.00
2022/07/27,4.70,4.71,4.67,4.68,15376766,70447832.00
2022/07/28,4.70,4.75,4.69,4.71,24343114,112435320.00
2022/07/29,4.70,4.71,4.64,4.65,24188521,110597552.00
2022/08/01,4.65,4.66,4.59,4.61,17090099,77074560.00
2022/08/02,4.58,4.59,4.39,4.41,29856011,129857400.00
2022/08/03,4.40,4.46,4.32,4.35,20810852,89407032.00
2022/08/04,4.38,4.44,4.33,4.41,17056937,73030976.00
2022/08/05,4.40,4.47,4.39,4.46,16353228,70836576.00
2022/08/08,4.44,4.47,4.42,4.45,13156608,57118068.00
2022/08/09,4.44,4.45,4.42,4.42,9153400,39622180.00
2022/08/10,4.41,4.45,4.39,4.40,10688567,46107964.00
2022/08/11,4.42,4.79,4.41,4.64,63745279,286645408.00
2022/08/12,4.55,4.61,4.54,4.57,31726088,141751184.00
2022/08/15,4.53,4.55,4.50,4.51,21126761,93337200.00
2022/08/16,4.51,4.57,4.50,4.55,18478019,81838184.00
2022/08/17,4.54,4.62,4.51,4.60,27721019,124178880.00
2022/08/18,4.57,4.57,4.52,4.53,18694602,83028512.00
2022/08/19,4.52,4.56,4.51,4.52,15954108,70846856.00
2022/08/22,4.51,4.54,4.50,4.53,14493994,64086424.00
2022/08/23,4.52,4.56,4.49,4.53,16212266,71711712.00
2022/08/24,4.52,4.60,4.49,4.49,27354262,121628424.00
2022/08/25,4.47,4.59,4.46,4.57,31589599,140012384.00
2022/08/26,4.54,4.57,4.50,4.53,22400554,99142128.00
2022/08/29,4.48,4.51,4.47,4.50,15667998,68691224.00
2022/08/30,4.48,4.53,4.47,4.52,15161709,66729248.00
2022/08/31,4.51,4.66,4.50,4.57,45210538,202339680.00
2022/09/01,4.54,4.56,4.48,4.49,26777356,118503496.00
2022/09/02,4.48,4.52,4.45,4.47,17617799,77122168.00
2022/09/05,4.45,4.49,4.45,4.49,11408819,49856092.00
2022/09/06,4.48,4.51,4.47,4.50,14153330,62082632.00
2022/09/07,4.48,4.49,4.45,4.46,11160453,48701232.00
2022/09/08,4.46,4.49,4.46,4.46,10121010,44238508.00
2022/09/09,4.47,4.60,4.46,4.53,41728003,185600960.00
2022/09/13,4.52,4.63,4.51,4.56,38657631,172539008.00
2022/09/14,4.51,4.55,4.49,4.53,19433922,85949960.00
2022/09/15,4.56,4.59,4.48,4.50,28887825,128282576.00
2022/09/16,4.49,4.50,4.32,4.32,37616011,160866176.00
2022/09/19,4.33,4.33,4.23,4.25,16518372,68672960.00
2022/09/20,4.27,4.27,4.24,4.25,10705368,44457536.00
2022/09/21,4.24,4.29,4.16,4.27,15113548,62404872.00
2022/09/22,4.23,4.28,4.22,4.23,10027900,41531440.00
2022/09/23,4.23,4.26,4.18,4.20,11953311,49278384.00
2022/09/26,4.20,4.20,4.08,4.09,18553040,75045824.00
2022/09/27,4.09,4.13,4.06,4.13,12686362,50650076.00
2022/09/28,4.10,4.53,4.09,4.24,54134616,228194576.00
2022/09/29,4.20,4.27,4.13,4.17,34000429,138956176.00
2022/09/30,4.15,4.19,4.12,4.13,17087956,69129968.00
2022/10/10,4.10,4.13,4.04,4.05,17387898,69183768.00
2022/10/11,4.03,4.07,3.98,4.04,15189012,59640380.00
2022/10/12,4.03,4.09,4.01,4.09,15921704,62992764.00
2022/10/13,4.07,4.09,4.04,4.06,14153214,56061968.00
2022/10/14,4.09,4.18,4.09,4.12,21119606,85175288.00
2022/10/17,4.09,4.16,4.08,4.15,17447981,70325104.00
2022/10/18,4.17,4.18,4.13,4.14,11839075,47890908.00
2022/10/19,4.13,4.14,4.08,4.09,11210631,44921280.00
2022/10/20,4.07,4.15,4.05,4.10,13759573,54963040.00
2022/10/21,4.15,4.16,4.07,4.08,12655163,50752260.00
2022/10/24,4.06,4.13,4.00,4.02,17945998,70942968.00
2022/10/25,4.00,4.04,3.96,3.99,13235983,51510108.00
2022/10/26,3.99,4.04,3.95,4.00,20067200,78273816.00
2022/10/27,3.99,4.02,3.96,3.98,14531954,56406172.00
2022/10/28,3.97,3.97,3.80,3.83,21850972,82921416.00
2022/10/31,3.82,3.89,3.80,3.85,13929410,52169996.00
2022/11/01,3.85,3.96,3.84,3.96,23909208,91296000.00
2022/11/02,3.92,3.97,3.91,3.95,17640655,67715104.00
2022/11/03,3.92,3.93,3.90,3.93,9956759,38007524.00
2022/11/04,3.92,3.99,3.92,3.98,19146586,73976712.00
2022/11/07,3.95,4.00,3.94,3.99,16020995,62137652.00
2022/11/08,3.99,3.99,3.95,3.97,9753596,37734996.00
2022/11/09,3.99,4.03,3.97,3.99,13403080,52211900.00
2022/11/10,3.95,4.01,3.93,3.99,13590059,52641036.00
2022/11/11,4.06,4.17,4.00,4.07,48936383,194295888.00
2022/11/14,4.11,4.24,4.08,4.16,64431972,261354528.00
2022/11/15,4.10,4.56,4.10,4.33,113286234,479208032.00
2022/11/16,4.24,4.26,4.16,4.17,63760484,261721280.00
2022/11/17,4.16,4.20,4.14,4.17,32584410,132460912.00
2022/11/18,4.17,4.18,4.09,4.10,35394128,142368288.00
2022/11/21,4.07,4.07,4.02,4.05,19377939,76363848.00
2022/11/22,4.06,4.13,4.04,4.08,23797300,94696384.00
2022/11/23,4.07,4.14,4.06,4.08,26809874,107021912.00
2022/11/24,4.14,4.22,4.10,4.10,28432305,114895120.00
2022/11/25,4.08,4.30,4.07,4.21,70704957,290287872.00
2022/11/28,4.10,4.10,4.02,4.06,46274359,183137680.00
2022/11/29,4.09,4.28,4.09,4.23,79134908,324158848.00
2022/11/30,4.19,4.26,4.18,4.19,46529773,191275360.00
2022/12/01,4.21,4.24,4.14,4.14,31760163,129550040.00
2022/12/02,4.13,4.15,4.10,4.12,19056568,76584296.00
2022/12/05,4.15,4.25,4.14,4.20,36489860,149206592.00
2022/12/06,4.18,4.22,4.16,4.17,24864000,101299096.00
2022/12/07,4.16,4.17,4.11,4.14,22098210,89172400.00
2022/12/08,4.14,4.18,4.12,4.15,18382341,74415024.00
2022/12/09,4.15,4.19,4.14,4.16,21572456,87676720.00
2022/12/12,4.14,4.15,4.06,4.07,24421492,97646368.00
2022/12/13,4.06,4.10,4.06,4.08,10904500,43400724.00
2022/12/14,4.09,4.09,4.05,4.05,10101828,40069612.00
2022/12/15,4.06,4.07,4.03,4.04,8978137,35416876.00
2022/12/16,4.03,4.07,4.02,4.05,11033070,43557580.00
2022/12/19,4.05,4.06,3.92,3.94,19692400,76336144.00
2022/12/20,3.92,3.94,3.89,3.92,9511837,36326708.00
2022/12/21,3.93,3.95,3.90,3.91,7861232,30019472.00
2022/12/22,3.92,3.93,3.84,3.86,11952728,45231120.00
2022/12/23,3.86,3.89,3.84,3.86,8333300,31368592.00
2022/12/26,3.86,3.87,3.83,3.87,10323390,38724800.00
2022/12/27,3.90,3.91,3.88,3.90,9648636,36653900.00
2022/12/28,3.91,3.94,3.88,3.90,10040798,38230856.00
2022/12/29,3.87,3.88,3.85,3.86,7564610,28462184.00
2022/12/30,3.88,3.90,3.86,3.87,6151931,23247524.00
2023/01/03,3.86,3.91,3.85,3.90,10163066,38459628.00
2023/01/04,3.90,3.97,3.89,3.96,18479063,70986920.00
2023/01/05,3.97,3.97,3.92,3.94,11497931,44169680.00
2023/01/06,3.94,3.94,3.91,3.91,10220797,39068240.00
2023/01/09,3.93,3.94,3.90,3.91,9572700,36517600.00
2023/01/10,3.91,3.92,3.87,3.88,10033607,38027224.00
2023/01/11,3.88,3.91,3.87,3.89,7800215,29568602.00
2023/01/12,3.89,3.89,3.85,3.87,8336983,31388976.00
2023/01/13,3.89,3.93,3.86,3.93,15840287,60206068.00
2023/01/16,3.92,4.08,3.85,3.95,39268999,152032272.00
2023/01/17,3.87,3.87,3.73,3.76,103305761,380564160.00
2023/01/18,3.74,3.77,3.71,3.76,50351921,183046272.00
2023/01/19,3.74,3.74,3.70,3.73,30132293,109100872.00
2023/01/20,3.73,3.76,3.72,3.75,22214707,80878120.00
2023/01/30,3.78,3.79,3.75,3.76,33609624,123095936.00
2023/01/31,3.76,3.77,3.75,3.77,17153462,62752300.00
2023/02/01,3.77,3.80,3.75,3.79,33639504,123499712.00
2023/02/02,3.80,3.80,3.76,3.79,24701817,90900096.00
2023/02/03,3.78,3.79,3.76,3.77,16428417,60263484.00
2023/02/06,3.77,3.77,3.75,3.76,15681430,57372148.00
2023/02/07,3.76,3.77,3.74,3.75,28061691,102508576.00
2023/02/08,3.76,3.76,3.71,3.73,35317316,128152064.00
2023/02/09,3.71,3.74,3.71,3.74,24606558,89363512.00
2023/02/10,3.74,3.74,3.72,3.73,18447536,66955644.00
2023/02/13,3.73,3.74,3.72,3.74,19165791,69584984.00
2023/02/14,3.74,3.75,3.73,3.73,18591665,67584112.00
2023/02/15,3.74,3.74,3.72,3.72,14482828,52476164.00
2023/02/16,3.73,3.75,3.70,3.72,37691905,136854192.00
2023/02/17,3.71,3.72,3.70,3.71,21333782,76965192.00
2023/02/20,3.71,3.75,3.71,3.74,33516044,121743088.00
2023/02/21,3.74,3.74,3.72,3.74,19998203,72588648.00
2023/02/22,3.73,3.73,3.71,3.72,15951798,57744076.00
2023/02/23,3.72,3.74,3.71,3.72,22496413,81474600.00
2023/02/24,3.72,3.72,3.70,3.70,17519123,63212776.00
2023/02/27,3.70,3.71,3.67,3.68,21049728,75621088.00
2023/02/28,3.69,3.69,3.67,3.69,18955942,67871680.00
2023/03/01,3.69,3.71,3.68,3.71,21975343,79030144.00
2023/03/02,3.70,3.71,3.69,3.70,17730579,63771068.00
2023/03/03,3.70,3.73,3.68,3.73,39100204,141093680.00
2023/03/06,3.73,3.73,3.69,3.71,24678269,88909880.00
2023/03/07,3.70,3.78,3.69,3.72,77337960,281449696.00
2023/03/08,3.69,3.70,3.67,3.69,36207181,129668064.00
2023/03/09,3.69,3.70,3.67,3.68,26155173,93651008.00
2023/03/10,3.67,3.68,3.64,3.64,29752275,105718000.00
2023/03/13,3.63,3.64,3.56,3.58,31814181,111107096.00
2023/03/14,3.55,3.56,3.46,3.48,47458571,160912688.00
2023/03/15,3.50,3.51,3.49,3.50,21452163,72914952.00
2023/03/16,3.48,3.52,3.46,3.49,26035206,88468448.00
2023/03/17,3.50,3.51,3.48,3.49,23594153,80062040.00
2023/03/20,3.49,3.50,3.43,3.44,28500207,95902192.00
2023/03/21,3.44,3.45,3.40,3.43,32151718,106705304.00
2023/03/22,3.43,3.45,3.42,3.44,18672671,62284952.00
2023/03/23,3.43,3.43,3.41,3.43,19429025,64515596.00
2023/03/24,3.43,3.43,3.40,3.41,20078612,66457212.00
2023/03/27,3.41,3.41,3.35,3.36,28516530,93304488.00
2023/03/28,3.37,3.38,3.34,3.36,19914350,64829636.00
2023/03/29,3.36,3.36,3.28,3.28,35423916,113553176.00
2023/03/30,3.27,3.30,3.21,3.24,37190702,117020984.00
2023/03/31,3.24,3.27,3.22,3.24,20474713,64371948.00
2023/04/03,3.23,3.26,3.23,3.25,23499800,74002208.00
2023/04/04,3.26,3.26,3.21,3.22,30942092,96738040.00
2023/04/06,3.21,3.21,3.14,3.15,45271522,138565008.00
2023/04/07,3.15,3.17,3.14,3.15,31131992,95071136.00
2023/04/10,3.15,3.17,3.13,3.14,30078063,91592176.00
2023/04/11,3.15,3.15,3.10,3.12,29210160,88271808.00
2023/04/12,3.12,3.18,3.11,3.17,39185104,119805536.00
2023/04/13,3.16,3.21,3.14,3.17,34044847,104526216.00
2023/04/14,3.18,3.18,3.16,3.17,20148401,61769844.00
2023/04/17,3.16,3.21,3.15,3.19,32882239,101305128.00
2023/04/18,3.18,3.22,3.18,3.20,34666099,107544936.00
2023/04/19,3.19,3.20,3.15,3.17,30387648,93219896.00
2023/04/20,3.16,3.17,3.10,3.14,35801146,108391960.00
2023/04/21,3.14,3.14,3.06,3.07,36906679,110696704.00
2023/04/24,3.06,3.07,3.04,3.05,24751434,73176112.00
2023/04/25,3.06,3.13,3.05,3.09,44834416,134281168.00
2023/04/26,3.08,3.08,3.01,3.06,33808314,99530136.00
2023/04/27,3.05,3.08,3.04,3.06,19876888,58803268.00
2023/04/28,3.06,3.11,3.05,3.11,33567801,100433840.00
2023/05/04,3.10,3.21,3.09,3.20,71405509,219566224.00
2023/05/05,3.19,3.27,3.17,3.19,58516356,182102688.00
2023/05/08,3.19,3.31,3.18,3.30,107611693,341203488.00
2023/05/09,3.30,3.42,3.29,3.29,129388831,418670144.00
2023/05/10,3.27,3.31,3.22,3.23,63874922,201127184.00
2023/05/11,3.23,3.26,3.20,3.22,34021405,106394448.00
2023/05/12,3.21,3.23,3.19,3.20,26666813,82855368.00
2023/05/15,3.20,3.23,3.15,3.22,36578672,112860320.00
2023/05/16,3.22,3.23,3.17,3.18,24682297,76405040.00
2023/05/17,3.17,3.20,3.16,3.18,18757510,57786744.00
2023/05/18,3.19,3.20,3.16,3.17,24903386,76812672.00
2023/05/19,3.17,3.18,3.12,3.12,28287625,85888856.00
2023/05/22,3.12,3.13,3.10,3.11,20327493,61239692.00
2023/05/23,3.12,3.12,3.06,3.06,26467873,78995432.00
2023/05/24,3.06,3.08,3.04,3.05,22918687,67780216.00
2023/05/25,3.05,3.07,3.02,3.05,25632116,75562464.00
2023/05/26,3.05,3.07,3.03,3.06,18444317,54338096.00
2023/05/29,3.06,3.07,3.03,3.04,19101661,56274980.00
2023/05/30,3.04,3.04,2.96,3.00,37751945,109181472.00
2023/05/31,2.99,2.99,2.96,2.97,17737327,50923868.00
2023/06/01,2.97,2.99,2.93,2.98,24122200,69226720.00
2023/06/02,2.98,3.02,2.97,3.01,26195067,75878960.00
2023/06/05,3.01,3.02,2.99,3.01,16579751,48145924.00
2023/06/06,3.00,3.01,2.96,2.96,20184897,58223584.00
2023/06/07,2.97,3.01,2.97,2.98,18316444,52852216.00
2023/06/08,2.98,3.07,2.97,3.05,58975360,173502224.00
2023/06/09,3.05,3.10,3.01,3.10,59768897,175768400.00
2023/06/12,3.08,3.11,3.03,3.05,41368742,122578344.00
2023/06/13,3.05,3.07,3.04,3.04,18013001,53153164.00
2023/06/14,3.04,3.05,3.00,3.00,18443100,53881956.00
2023/06/15,3.01,3.02,2.99,3.01,18303105,53220040.00
2023/06/16,3.01,3.02,2.99,3.00,19368527,56231080.00
2023/06/19,3.01,3.01,2.97,2.98,13946700,40242332.00
2023/06/20,2.98,2.98,2.94,2.95,23874083,68166488.00
2023/06/21,2.95,2.97,2.94,2.94,14182339,40492844.00
2023/06/26,2.94,2.94,2.91,2.92,13984829,39439228.00
2023/06/27,2.91,2.95,2.91,2.94,11060191,31339834.00
2023/06/28,2.95,2.95,2.92,2.95,13488248,38246100.00
2023/06/29,2.94,2.95,2.93,2.93,12445986,35326008.00
2023/06/30,2.94,2.96,2.93,2.96,16347489,46640836.00
2023/07/03,2.96,3.00,2.96,3.00,20240733,58374184.00
2023/07/04,3.00,3.01,2.98,3.00,17929373,51944540.00
2023/07/05,3.02,3.03,2.98,2.98,25743540,71346256.00
2023/07/06,2.98,2.99,2.97,2.98,9913355,27328676.00
2023/07/07,2.97,3.00,2.96,2.98,13311163,36766708.00
2023/07/10,2.98,2.99,2.98,2.99,7425171,20534304.00
2023/07/11,2.99,3.00,2.98,3.00,11200474,31016680.00
2023/07/12,3.00,3.01,2.98,2.98,14534800,40341560.00
2023/07/13,2.98,3.01,2.97,3.00,14247263,39547152.00
2023/07/14,3.00,3.01,2.99,3.01,9704577,27014386.00
2023/07/17,3.00,3.01,2.98,2.99,9718068,26942998.00
2023/07/18,3.00,3.00,2.99,3.00,7680420,21314044.00
2023/07/19,3.00,3.01,2.99,3.00,10002425,27793186.00
2023/07/20,3.01,3.02,2.99,3.00,15846500,44207056.00
2023/07/21,3.00,3.02,2.99,3.02,19205059,53535060.00
2023/07/24,3.01,3.02,2.99,2.99,16785816,46629580.00
2023/07/25,3.01,3.27,3.00,3.11,105433226,303057312.00
2023/07/26,3.08,3.09,3.06,3.09,71367720,203529264.00
2023/07/27,3.09,3.35,3.08,3.22,226883288,685847040.00
2023/07/28,3.18,3.47,3.13,3.39,348783699,1076921728.00
2023/07/31,3.33,3.42,3.30,3.33,246179802,770261184.00
2023/08/01,3.29,3.35,3.28,3.32,122527316,378481472.00
2023/08/02,3.29,3.32,3.26,3.27,95653486,292936608.00
2023/08/03,3.26,3.57,3.25,3.40,247706089,784368704.00
2023/08/04,3.43,3.67,3.34,3.50,376343100,1226835712.00
2023/08/07,3.44,3.45,3.35,3.36,197548017,626611712.00
2023/08/08,3.39,3.39,3.30,3.32,102620891,318865408.00
2023/08/09,3.30,3.34,3.29,3.32,59231079,183547040.00
2023/08/10,3.30,3.32,3.26,3.32,79107947,242917824.00
2023/08/11,3.31,3.31,3.22,3.23,77012822,234076464.00
2023/08/14,3.19,3.21,3.16,3.18,59205680,175381072.00
2023/08/15,3.17,3.27,3.16,3.26,80648984,241811776.00
2023/08/16,3.23,3.31,3.21,3.25,66321169,201586784.00
2023/08/17,3.23,3.25,3.18,3.24,60414582,181148336.00
2023/08/18,3.22,3.31,3.22,3.27,92458422,282461088.00
2023/08/21,3.27,3.28,3.20,3.20,55945694,168524320.00
2023/08/22,3.20,3.31,3.20,3.30,86179704,261614064.00
2023/08/23,3.27,3.44,3.27,3.38,211082543,666701568.00
2023/08/24,3.35,3.38,3.28,3.29,125871563,389247456.00
2023/08/25,3.27,3.35,3.25,3.27,80855150,248654912.00
2023/08/28,3.47,3.47,3.29,3.32,207195920,654631488.00
2023/08/29,3.29,3.30,3.22,3.28,129945733,395048480.00
2023/08/30,3.25,3.26,3.20,3.20,92759033,278204768.00
2023/08/31,3.19,3.24,3.18,3.20,40396104,120595688.00
2023/09/01,3.20,3.32,3.20,3.28,133269229,406323552.00
2023/09/04,3.28,3.36,3.27,3.32,87640977,271592704.00
2023/09/05,3.30,3.31,3.24,3.25,61694038,187457984.00
2023/09/06,3.24,3.26,3.23,3.25,36431748,110281368.00
2023/09/07,3.25,3.26,3.21,3.22,40683332,122438384.00
2023/09/08,3.21,3.23,3.20,3.21,27373171,81792000.00
2023/09/11,3.21,3.25,3.20,3.24,34949267,105164800.00
2023/09/12,3.24,3.24,3.22,3.23,17565376,52813768.00
2023/09/13,3.22,3.25,3.22,3.23,31846944,95993800.00
2023/09/14,3.23,3.25,3.23,3.24,29745814,89840576.00
2023/09/15,3.25,3.27,3.23,3.23,47907659,145145744.00
2023/09/18,3.23,3.23,3.19,3.20,46742388,139465312.00
2023/09/19,3.20,3.22,3.20,3.20,30159088,90079488.00
2023/09/20,3.20,3.34,3.20,3.28,143732099,439030176.00
2023/09/21,3.27,3.33,3.26,3.31,110659125,341710176.00
2023/09/22,3.30,3.50,3.27,3.42,212038968,667412672.00
2023/09/25,3.37,3.42,3.35,3.38,99219278,313581472.00
2023/09/26,3.37,3.39,3.29,3.30,92502237,288036192.00
2023/09/27,3.30,3.31,3.26,3.26,67256500,205559568.00
2023/09/28,3.27,3.29,3.26,3.26,44907876,136796048.00
2023/10/09,3.24,3.25,3.22,3.23,37616951,113294288.00
2023/10/10,3.24,3.26,3.23,3.24,28022168,84653200.00
2023/10/11,3.24,3.25,3.23,3.24,28362579,85566392.00
2023/10/12,3.30,3.42,3.27,3.32,141705521,440873760.00
2023/10/13,3.29,3.36,3.26,3.31,96914588,299098528.00
2023/10/16,3.30,3.31,3.26,3.27,58676879,179463312.00
2023/10/17,3.28,3.33,3.27,3.31,70599274,217607872.00
2023/10/18,3.30,3.33,3.27,3.28,62067775,190928352.00
2023/10/19,3.27,3.27,3.20,3.21,80678353,243194224.00
2023/10/20,3.20,3.23,3.19,3.21,48895937,146264512.00
2023/10/23,3.19,3.20,3.14,3.16,44262699,130652392.00
2023/10/24,3.16,3.20,3.13,3.19,50657035,149037152.00
2023/10/25,3.20,3.22,3.17,3.18,39966914,118452280.00
2023/10/26,3.17,3.20,3.15,3.18,34422176,101715880.00
2023/10/27,3.17,3.19,3.15,3.18,42705906,125785056.00
2023/10/30,3.17,3.20,3.16,3.19,39305379,116188608.00
2023/10/31,3.18,3.19,3.14,3.16,52508071,154586752.00
2023/11/01,3.16,3.17,3.08,3.09,66006696,190953968.00
2023/11/02,3.10,3.12,3.09,3.10,29679909,85700888.00
2023/11/03,3.10,3.11,3.09,3.10,33853224,97483048.00
2023/11/06,3.11,3.12,3.09,3.11,66857898,193096912.00
2023/11/07,3.11,3.12,3.10,3.12,58172511,168101776.00
2023/11/08,3.11,3.12,3.02,3.06,88043709,251343200.00
2023/11/09,3.05,3.08,3.04,3.06,32758467,93086776.00
2023/11/10,3.05,3.06,3.02,3.04,36468501,102634048.00
2023/11/13,3.03,3.04,3.01,3.02,36803743,103008600.00
2023/11/14,3.02,3.04,3.02,3.03,24988505,70232328.00
2023/11/15,3.04,3.05,3.03,3.04,24933600,70301720.00
2023/11/16,3.04,3.05,3.02,3.03,22683808,63839944.00
2023/11/17,3.03,3.03,3.01,3.02,23798108,66604624.00
2023/11/20,3.02,3.04,3.01,3.03,28907058,81073296.00
2023/11/21,3.03,3.05,3.02,3.04,34105100,96254528.00
2023/11/22,3.04,3.04,3.02,3.02,19870544,55822724.00
2023/11/23,3.02,3.03,3.01,3.03,18105641,50755148.00
2023/11/24,3.03,3.04,3.02,3.02,23329923,65468692.00
2023/11/27,3.02,3.03,2.98,2.99,34271090,95158576.00
2023/11/28,2.99,3.00,2.98,2.99,14984804,41426484.00
2023/11/29,2.98,2.99,2.94,2.95,29841123,81800216.00
2023/11/30,2.95,2.98,2.94,2.96,28953800,79281776.00
2023/12/01,2.96,2.98,2.96,2.97,18036515,49630660.00
2023/12/04,2.97,2.99,2.97,2.97,19760874,54482628.00
2023/12/05,2.98,2.98,2.94,2.95,23387100,64019164.00
2023/12/06,2.95,2.96,2.93,2.95,19294106,52553572.00
2023/12/07,2.95,2.95,2.92,2.94,19471760,52888316.00
2023/12/08,2.94,2.95,2.93,2.93,20419164,55481260.00
2023/12/11,2.92,2.93,2.89,2.93,40509839,108893248.00
2023/12/12,2.92,2.94,2.91,2.93,28071494,75992240.00
2023/12/13,2.92,2.93,2.89,2.89,25780636,69291072.00
2023/12/14,2.90,2.91,2.89,2.89,18510717,49538852.00
2023/12/15,2.89,2.91,2.88,2.89,29779600,79632392.00
2023/12/18,2.88,2.89,2.83,2.84,31761609,83635416.00
2023/12/19,2.83,2.84,2.80,2.81,24982400,64767404.00
2023/12/20,2.80,2.85,2.80,2.81,38121587,99207176.00
2023/12/21,2.81,2.82,2.78,2.82,34549446,89341768.00
2023/12/22,2.82,2.82,2.79,2.80,26414616,68310416.00
2023/12/25,2.80,2.81,2.78,2.79,16378869,42126436.00
2023/12/26,2.79,2.79,2.76,2.76,18050721,46050856.00
2023/12/27,2.76,2.76,2.72,2.75,29279602,73885864.00
2023/12/28,2.74,2.81,2.74,2.81,42408828,108882680.00
2023/12/29,2.81,2.83,2.80,2.82,26164846,68044816.00
2024/01/02,2.81,2.84,2.81,2.82,22742304,59345100.00
2024/01/03,2.83,2.89,2.82,2.86,46178189,121435904.00
2024/01/04,2.86,2.88,2.83,2.86,29381213,77269384.00
2024/01/05,2.86,2.94,2.84,2.89,83523284,223840432.00
2024/01/08,2.88,2.88,2.80,2.80,53319282,139331616.00
2024/01/09,2.80,2.84,2.78,2.83,35569346,92343768.00
2024/01/10,2.82,2.84,2.81,2.82,17787142,46338480.00
2024/01/11,2.81,2.84,2.81,2.82,21108800,55017852.00
2024/01/12,2.82,2.88,2.82,2.84,31769917,83582016.00
2024/01/15,2.84,2.87,2.83,2.86,24770292,65222868.00
2024/01/16,2.86,2.89,2.84,2.88,39354818,104151080.00
2024/01/17,2.88,2.89,2.84,2.84,34305400,90825600.00
2024/01/18,2.83,2.83,2.76,2.83,46806884,120817424.00
2024/01/19,2.82,2.83,2.80,2.80,20867002,54059828.00
2024/01/22,2.80,2.81,2.72,2.74,31583494,80583808.00
2024/01/23,2.73,2.76,2.70,2.74,29553309,74270624.00
2024/01/24,2.74,2.81,2.72,2.80,55549744,141403104.00
2024/01/25,2.79,2.86,2.79,2.86,59824767,156334400.00
2024/01/26,2.86,2.95,2.86,2.91,85890476,231204288.00
2024/01/29,2.93,2.94,2.88,2.88,60183534,161373120.00
2024/01/30,2.87,2.90,2.83,2.83,42242941,111722608.00
2024/01/31,2.83,2.85,2.79,2.80,44751100,116133024.00
2024/02/01,2.79,2.80,2.75,2.76,38821285,99043488.00
2024/02/02,2.76,2.78,2.65,2.74,47893161,120523488.00
2024/02/05,2.73,2.73,2.63,2.65,52852092,129937440.00
2024/02/06,2.64,2.80,2.63,2.78,95704828,241116672.00
2024/02/07,2.78,2.88,2.77,2.88,91662649,239747728.00
2024/02/08,2.88,2.93,2.85,2.86,85322069,228135600.00
2024/02/19,2.87,2.88,2.85,2.87,32149600,85007808.00
数据来源:通达信
