001270 铖昌科技 日线 后复权
      日期	    开盘	    最高	    最低	    收盘	    成交量	    成交额
2022/06/06,26.02,31.22,26.02,31.22,594922,18478654.00
2022/06/07,34.34,34.34,34.34,34.34,98323,3376411.75
2022/06/08,37.77,37.77,37.77,37.77,115013,4344041.00
2022/06/09,41.55,41.55,41.55,41.55,189589,7877423.00
2022/06/10,45.71,45.71,45.71,45.71,300936,13755785.00
2022/06/13,50.28,50.28,50.28,50.28,790921,39767508.00
2022/06/14,55.31,55.31,55.31,55.31,288441,15953672.00
2022/06/15,60.84,60.84,60.84,60.84,124897,7598733.50
2022/06/16,66.92,66.92,66.92,66.92,162858,10898457.00
2022/06/17,73.61,73.61,73.61,73.61,427810,31491094.00
2022/06/20,80.97,80.97,80.97,80.97,7775101,629549952.00
2022/06/21,85.99,89.07,83.88,89.07,12472186,1085504000.00
2022/06/22,89.07,97.98,86.01,93.52,18052846,1672091392.00
2022/06/23,99.50,102.87,99.13,102.87,5623295,570984640.00
2022/06/24,106.63,113.16,106.00,106.90,10330377,1127767040.00
2022/06/27,107.11,115.29,107.01,114.60,8957583,1002126400.00
2022/06/28,112.11,113.81,105.10,110.99,9833469,1078096000.00
2022/06/29,111.00,111.98,99.89,100.00,9795770,1001048192.00
2022/06/30,100.10,102.89,98.01,101.20,6388293,644466752.00
2022/07/01,100.00,111.32,98.08,111.32,7715060,818753536.00
2022/07/04,111.00,111.00,100.19,100.19,8704357,896609408.00
2022/07/05,98.02,99.84,90.17,92.69,8258086,779106240.00
2022/07/06,91.05,95.66,89.92,93.24,5042250,471054848.00
2022/07/07,92.38,95.00,88.90,93.30,4703238,432560352.00
2022/07/08,93.30,96.74,91.39,92.10,4674876,437602080.00
2022/07/11,91.15,92.99,83.50,85.27,7417888,643513536.00
2022/07/12,85.30,91.33,85.30,88.28,5630159,496146464.00
2022/07/13,86.97,86.97,83.28,84.99,4384847,371782656.00
2022/07/14,83.32,87.38,83.05,86.09,3529470,302952448.00
2022/07/15,86.00,94.70,85.00,90.90,7101177,653439104.00
2022/07/18,90.90,94.47,90.50,93.90,4901985,454356000.00
2022/07/19,93.80,103.29,92.57,103.29,5112973,508161984.00
2022/07/20,104.99,113.62,104.01,113.62,8059437,882086592.00
2022/07/21,111.50,114.80,109.01,113.84,5431427,609206848.00
2022/07/22,112.51,119.08,106.78,109.00,5913725,659668608.00
2022/07/25,107.61,119.90,107.61,118.84,7393572,862506944.00
2022/07/26,116.00,117.00,112.00,115.01,5478277,627102592.00
2022/07/27,115.10,119.00,112.50,118.20,4136452,479457536.00
2022/07/28,118.51,124.09,111.33,112.00,5788190,677573376.00
2022/07/29,110.95,115.00,109.01,110.18,3695701,415192480.00
2022/08/01,106.78,114.50,106.78,113.00,3194235,357664960.00
2022/08/02,112.50,117.00,107.58,109.65,3731538,418088832.00
2022/08/03,110.24,120.62,110.24,120.62,5960581,702793856.00
2022/08/04,122.00,122.00,112.60,116.60,6543884,762424960.00
2022/08/05,116.00,128.26,116.00,128.26,6654575,829411072.00
2022/08/08,130.01,131.00,120.87,128.98,6346167,793944192.00
2022/08/09,126.88,126.99,121.65,124.29,4651379,574772480.00
2022/08/10,123.00,126.83,119.33,119.60,4348918,533752032.00
2022/08/11,120.00,121.90,116.00,121.02,3839946,457044512.00
2022/08/12,119.18,119.73,110.13,111.63,4747215,542909568.00
2022/08/15,111.00,115.00,107.99,114.20,3400523,381885376.00
2022/08/16,114.00,114.99,112.00,113.03,2060169,233014224.00
2022/08/17,112.30,114.16,110.30,112.83,1920755,215799744.00
2022/08/18,112.80,120.15,111.11,119.96,4372859,511911872.00
2022/08/19,118.89,121.50,108.33,109.59,4445606,506827264.00
2022/08/22,108.00,108.00,101.00,105.32,3386065,353378016.00
2022/08/23,105.05,106.50,102.80,104.00,2489014,258658048.00
2022/08/24,104.00,104.80,97.03,98.80,2737451,276326304.00
2022/08/25,99.21,102.88,98.80,99.92,2256097,227262208.00
2022/08/26,99.58,103.95,97.92,99.35,2469500,248514016.00
2022/08/29,98.00,103.03,97.02,102.58,2388702,243145824.00
2022/08/30,102.94,108.00,100.50,107.34,3621276,378765536.00
2022/08/31,108.00,109.34,102.00,104.20,2744979,288401312.00
2022/09/01,103.02,106.19,99.28,99.68,2195584,224981072.00
2022/09/02,98.02,109.65,98.02,107.56,5202808,554284096.00
2022/09/05,110.38,113.91,104.50,108.60,5812613,635590848.00
2022/09/06,106.09,109.99,103.55,108.70,3688279,395866016.00
2022/09/07,107.00,114.20,106.78,109.10,3824868,426859776.00
2022/09/08,110.10,120.01,107.38,117.58,5571287,636424128.00
2022/09/09,117.00,119.09,113.11,116.20,2992610,347519168.00
2022/09/13,116.21,118.15,113.00,116.11,2205459,255155328.00
2022/09/14,113.87,121.10,113.08,120.99,3531380,418083008.00
2022/09/15,120.06,120.49,109.89,112.36,3455062,396191168.00
2022/09/16,111.99,118.60,111.00,115.10,3509341,405870592.00
2022/09/19,114.85,116.65,108.98,111.70,2573884,289236992.00
2022/09/20,111.41,114.93,109.60,114.00,2240340,252833760.00
2022/09/21,112.98,114.07,110.33,111.20,1624894,181778896.00
2022/09/22,111.00,116.66,110.50,114.12,2333394,267606912.00
2022/09/23,113.00,114.98,107.50,111.58,2424418,268757280.00
2022/09/26,111.18,112.39,108.50,110.23,1603629,176569488.00
2022/09/27,110.25,113.30,109.70,111.28,1733668,193008112.00
2022/09/28,110.60,110.76,100.89,100.89,3292903,343758112.00
2022/09/29,100.89,106.66,100.00,104.50,2332366,242196272.00
2022/09/30,103.33,105.29,98.80,99.90,1987121,199910816.00
2022/10/10,99.22,100.00,93.60,94.32,1509252,143959392.00
2022/10/11,93.99,96.46,92.10,94.70,1057413,100125056.00
2022/10/12,94.70,101.88,94.00,101.75,1793168,174563584.00
2022/10/13,101.97,110.39,100.00,107.80,3368777,361132128.00
2022/10/14,106.68,108.66,104.00,106.20,1864797,197317552.00
2022/10/17,104.58,112.12,104.58,111.92,2817909,308913536.00
2022/10/18,111.00,112.97,108.38,111.60,1658694,184049024.00
2022/10/19,111.50,115.70,109.81,112.35,2236772,253034272.00
2022/10/20,111.33,117.99,110.00,114.53,2512962,288847424.00
2022/10/21,113.50,116.18,112.94,115.06,1756787,201053888.00
2022/10/24,115.95,125.55,115.18,120.52,3003668,360621344.00
2022/10/25,119.00,129.88,118.65,125.99,3388802,426905152.00
2022/10/26,125.00,129.27,122.00,128.52,2596581,328723520.00
2022/10/27,127.77,127.80,123.99,125.29,2162235,271736352.00
2022/10/28,126.50,131.00,122.50,122.99,2280277,287511712.00
2022/10/31,120.50,131.33,120.50,129.34,3967389,509285056.00
2022/11/01,132.00,133.78,127.13,129.80,3256840,422650304.00
2022/11/02,128.20,129.28,122.60,124.77,3364429,421303552.00
2022/11/03,122.90,127.16,122.68,126.79,2314809,291472992.00
2022/11/04,126.00,131.10,122.50,129.88,2850015,363119616.00
2022/11/07,129.54,131.60,121.11,122.97,3270241,406584928.00
2022/11/08,122.97,123.70,119.66,120.05,2104697,254509984.00
2022/11/09,121.58,123.19,116.52,120.59,2165735,261408896.00
2022/11/10,119.20,121.38,115.00,115.50,2029197,237865568.00
2022/11/11,118.50,121.35,116.10,117.10,2268287,269404800.00
2022/11/14,116.50,117.68,113.30,114.93,1614970,186277248.00
2022/11/15,114.50,121.50,114.50,120.89,2745296,328606816.00
2022/11/16,120.00,123.50,117.08,117.38,2552790,307166080.00
2022/11/17,116.40,126.45,113.00,124.90,3601188,432764384.00
2022/11/18,124.46,129.99,122.00,122.49,3167138,398617216.00
2022/11/21,120.74,125.06,119.47,123.77,1999844,245274352.00
2022/11/22,123.50,127.75,121.43,125.10,2035464,254758976.00
2022/11/23,124.25,125.15,116.18,120.87,2098656,251880304.00
2022/11/24,121.90,122.60,117.83,119.05,1258151,150860320.00
2022/11/25,120.20,120.92,115.55,117.05,1367369,160850880.00
2022/11/28,115.11,118.40,113.23,115.39,1465100,168742976.00
2022/11/29,115.38,116.28,113.54,114.61,1308129,150360032.00
2022/11/30,114.30,114.92,109.50,110.99,1924600,213592800.00
2022/12/01,111.80,114.50,110.59,113.24,1521407,172069280.00
2022/12/02,113.23,116.90,111.60,115.34,1670507,192161040.00
2022/12/05,115.55,116.12,112.35,115.55,1405084,160688784.00
2022/12/06,115.00,117.44,114.36,114.97,1110978,128336728.00
2022/12/07,113.55,116.86,112.00,113.01,1501427,171115504.00
2022/12/08,112.39,112.88,110.00,110.15,1232623,137203936.00
2022/12/09,110.50,110.50,107.70,108.80,1219816,132452184.00
2022/12/12,108.77,117.00,107.50,115.38,2327454,264062448.00
2022/12/13,114.08,117.95,111.35,111.68,1619168,184851328.00
2022/12/14,113.88,116.47,113.48,114.29,1748531,201330272.00
2022/12/15,112.10,116.45,110.25,113.29,1350915,153725568.00
2022/12/16,112.70,112.70,110.01,110.80,899337,99714632.00
2022/12/19,112.00,112.15,108.55,108.81,601862,66247004.00
2022/12/20,108.03,110.27,108.00,108.63,445521,48578356.00
2022/12/21,108.10,108.96,103.87,106.17,1103456,116945312.00
2022/12/22,105.99,106.20,103.00,103.19,579904,60658424.00
2022/12/23,103.00,103.53,101.19,102.10,494845,50524460.00
2022/12/26,102.10,112.31,101.00,112.31,1662522,180979536.00
2022/12/27,113.96,119.09,112.30,118.00,2318111,268567456.00
2022/12/28,119.98,121.00,118.00,120.05,1931599,231381760.00
2022/12/29,120.20,125.50,119.34,121.00,1452888,176364944.00
2022/12/30,121.80,123.00,119.37,122.00,1313440,158956160.00
2023/01/03,123.00,124.20,121.19,123.33,1350838,165888256.00
2023/01/04,122.89,126.29,122.89,125.10,1164626,145310832.00
2023/01/05,124.38,125.50,123.43,124.60,1006290,125231944.00
2023/01/06,123.71,126.18,123.60,124.50,1147622,142965248.00
2023/01/09,124.51,125.00,121.18,122.32,1248190,152817376.00
2023/01/10,123.15,123.15,121.02,121.48,889905,108510224.00
2023/01/11,121.33,122.28,116.21,116.59,1418078,167603216.00
2023/01/12,117.50,117.60,114.89,114.93,837151,96908512.00
2023/01/13,115.40,115.40,108.80,110.29,1747205,193497168.00
2023/01/16,110.26,111.70,109.04,110.77,1136093,125708624.00
2023/01/17,110.90,114.53,110.78,111.25,1556517,174976080.00
2023/01/18,111.87,112.47,109.73,112.20,1016289,112726072.00
2023/01/19,112.80,118.26,111.50,117.51,2031384,234081984.00
2023/01/20,117.14,117.14,113.20,115.29,1504142,172805232.00
2023/01/30,116.28,116.96,113.88,115.06,1322935,151866960.00
2023/01/31,114.59,115.08,112.18,113.60,1167646,132391416.00
2023/02/01,113.60,117.20,112.90,116.48,1310747,151610208.00
2023/02/02,116.80,118.55,115.61,117.01,1455109,170613488.00
2023/02/03,116.87,119.10,115.90,118.33,1289425,151475872.00
2023/02/06,118.33,119.76,115.00,115.08,1068931,124638840.00
2023/02/07,115.01,126.59,114.11,126.59,2825719,344255552.00
2023/02/08,128.00,128.98,122.00,123.44,3257967,408031584.00
2023/02/09,123.39,129.08,121.06,128.34,2867763,360236864.00
2023/02/10,127.07,139.00,127.07,134.11,3507432,472129920.00
2023/02/13,136.01,137.88,133.03,133.97,2518138,340927264.00
2023/02/14,134.32,135.50,130.66,131.50,1612604,213254048.00
2023/02/15,131.88,135.19,129.65,134.56,2059963,273145536.00
2023/02/16,134.00,134.00,126.30,127.21,2092606,271937984.00
2023/02/17,127.51,128.50,124.00,124.61,1342534,168814576.00
2023/02/20,125.43,127.50,123.69,126.21,1078901,135292976.00
2023/02/21,125.50,130.50,125.00,127.04,1355601,172324496.00
2023/02/22,129.24,139.74,127.60,139.74,3439910,463739776.00
2023/02/23,142.82,149.97,141.00,144.50,5900424,857454912.00
2023/02/24,143.00,144.47,139.80,140.61,3275526,463847968.00
2023/02/27,140.65,144.44,139.94,143.00,3063732,436420832.00
2023/02/28,141.90,145.54,140.50,144.38,2525392,361870720.00
2023/03/01,144.09,148.86,143.20,147.87,2898911,424280480.00
2023/03/02,151.00,162.66,146.80,152.00,5617313,864371008.00
2023/03/03,148.00,149.00,141.60,142.90,3537115,508896640.00
2023/03/06,143.66,144.26,136.55,137.85,3941547,551502848.00
2023/03/07,137.50,139.57,135.10,137.00,2324672,319511328.00
2023/03/08,135.99,141.47,135.30,141.12,2527776,352513920.00
2023/03/09,138.60,141.17,137.28,139.47,1716459,238581936.00
2023/03/10,138.00,139.49,135.13,138.38,1422164,195678352.00
2023/03/13,137.99,137.99,133.58,135.06,1820763,245800032.00
2023/03/14,135.00,144.14,133.48,141.50,3338828,466424256.00
2023/03/15,139.18,140.30,137.06,137.44,1782458,246626528.00
2023/03/16,136.30,142.50,135.60,137.81,1930512,269196192.00
2023/03/17,138.90,139.29,126.51,128.92,3945034,520575072.00
2023/03/20,127.00,127.00,119.66,119.71,3748347,454561760.00
2023/03/21,119.95,122.47,119.68,120.58,2043427,247100976.00
2023/03/22,120.60,120.60,117.29,119.46,2003585,237513168.00
2023/03/23,118.00,126.00,116.68,125.84,3116348,380810720.00
2023/03/24,125.18,125.50,121.21,121.70,1884234,231163216.00
2023/03/27,121.71,128.50,121.03,127.53,2562892,322456128.00
2023/03/28,126.53,128.45,125.00,126.15,1401083,177410224.00
2023/03/29,122.90,122.99,114.10,117.38,3505062,409336128.00
2023/03/30,115.75,117.80,115.65,116.65,1488520,173540512.00
2023/03/31,117.00,117.70,115.00,115.14,1817370,210577168.00
2023/04/03,114.00,123.00,113.03,120.02,2984087,354826944.00
2023/04/04,119.88,125.10,119.20,121.92,2416555,296522624.00
2023/04/06,120.00,127.00,119.02,125.03,2181901,271777216.00
2023/04/07,125.88,125.98,123.00,124.13,1551589,193072624.00
2023/04/10,123.90,124.74,119.20,119.78,2147621,260303120.00
2023/04/11,119.95,125.42,118.84,122.95,1830029,224181120.00
2023/04/12,122.34,122.50,120.08,121.27,1134059,137177440.00
2023/04/13,121.19,121.21,117.98,118.67,1103435,131667888.00
2023/04/14,119.00,122.50,118.36,120.97,1401865,169467056.00
2023/04/17,123.32,133.07,123.20,133.07,2738787,358646048.00
2023/04/18,135.00,135.01,127.86,133.30,3361522,443220960.00
2023/04/19,133.37,135.30,130.90,132.43,2023459,268978560.00
2023/04/20,134.25,135.68,131.50,133.42,1952335,259963392.00
2023/04/21,133.43,139.68,128.09,128.38,2942297,394569824.00
2023/04/24,128.00,128.20,121.58,123.68,1887446,234847712.00
2023/04/25,123.66,124.20,117.39,118.50,1673518,201040048.00
2023/04/26,118.00,121.85,116.13,119.40,1180962,140784816.00
2023/04/27,120.76,121.76,117.18,121.27,1636966,195883040.00
2023/04/28,121.13,122.60,120.02,122.05,1051383,128039552.00
2023/05/04,121.00,123.96,119.18,122.15,902142,110142928.00
2023/05/05,120.97,123.00,117.60,118.00,1342300,159667504.00
2023/05/08,118.88,123.40,118.50,120.38,1272723,154316304.00
2023/05/09,119.09,124.00,118.12,122.00,1436287,174665136.00
2023/05/10,121.85,121.85,119.41,120.81,710154,85335336.00
2023/05/11,121.18,123.00,119.60,122.52,776128,94056896.00
2023/05/12,123.11,126.64,122.15,122.44,1205181,106075464.00
2023/05/15,122.16,128.71,120.76,126.93,1965395,175309200.00
2023/05/16,126.89,127.44,124.06,125.45,1202374,107409960.00
2023/05/17,125.52,127.40,124.40,125.59,1312409,117735368.00
2023/05/18,125.10,129.65,123.27,123.63,1921479,172359616.00
2023/05/19,121.82,122.92,116.71,119.57,2020778,171828080.00
2023/05/22,118.41,120.28,113.77,116.08,1973439,162758464.00
2023/05/23,115.86,116.50,113.90,113.90,1015940,83239728.00
2023/05/24,113.17,117.11,113.03,115.97,1083994,88918984.00
2023/05/25,115.72,117.40,113.86,114.77,1048989,86219464.00
2023/05/26,114.71,115.93,113.34,115.30,741243,60713576.00
2023/05/29,115.16,117.09,115.16,116.14,809800,66927124.00
2023/05/30,114.75,115.16,104.77,107.96,2689653,207720992.00
2023/05/31,106.76,107.88,104.38,106.68,1565324,118218536.00
2023/06/01,105.65,110.79,104.94,109.66,1818736,140426896.00
2023/06/02,109.67,111.77,106.52,110.46,1324177,103188272.00
2023/06/05,110.51,114.85,109.31,110.04,1809121,144120096.00
2023/06/06,109.55,109.87,106.76,107.15,1154682,88868504.00
2023/06/07,107.15,114.05,106.05,111.94,2484529,194331728.00
2023/06/08,111.94,113.30,110.29,110.55,1371634,109067560.00
2023/06/09,110.96,110.96,107.88,108.16,1569671,121616224.00
2023/06/12,107.63,109.70,105.95,105.96,1713631,131057576.00
2023/06/13,105.92,106.26,103.99,104.94,1660636,123951872.00
2023/06/14,104.77,109.00,104.09,108.94,1882380,143295664.00
2023/06/15,108.93,109.22,105.71,107.10,1341204,102239312.00
2023/06/16,107.21,117.76,106.79,116.25,5101820,415533984.00
2023/06/19,115.16,119.89,113.90,117.72,3244027,270105632.00
2023/06/20,117.65,123.21,117.13,121.77,3228037,277284064.00
2023/06/21,122.16,123.13,119.53,119.71,2093362,179971488.00
2023/06/26,118.80,122.58,116.28,119.18,1933220,164325696.00
2023/06/27,119.85,120.87,117.26,119.36,1421054,120356536.00
2023/06/28,119.04,120.06,116.11,117.48,1106201,92691136.00
2023/06/29,117.30,123.27,116.73,122.72,2652131,228640048.00
2023/06/30,122.44,124.68,120.37,122.58,1998598,174495120.00
2023/07/03,126.19,131.55,122.58,125.37,3304847,298104512.00
2023/07/04,125.80,131.96,125.10,130.27,3117860,285463520.00
2023/07/05,136.16,138.37,130.84,132.73,4678112,450398496.00
2023/07/06,131.37,135.01,130.14,130.39,2388315,224253584.00
2023/07/07,129.62,130.76,125.81,126.21,2241154,202920928.00
2023/07/10,130.21,138.79,125.52,138.79,6792114,645757184.00
2023/07/11,137.13,145.33,137.08,142.74,6084428,615494848.00
2023/07/12,143.44,144.56,135.17,135.47,4168682,410582048.00
2023/07/13,136.71,138.67,135.32,136.90,2804802,273840576.00
2023/07/14,136.72,138.25,132.81,134.02,3185371,305782688.00
2023/07/17,133.36,133.42,128.71,129.26,2490215,231516320.00
2023/07/18,129.24,132.45,128.18,130.59,2727548,253711376.00
2023/07/19,130.25,130.25,125.21,127.03,2343540,212318400.00
2023/07/20,126.64,127.41,121.50,121.80,2554033,225056832.00
2023/07/21,121.67,122.85,118.46,119.36,1615575,138508336.00
2023/07/24,119.93,121.45,118.80,120.20,1366220,117281216.00
2023/07/25,120.65,121.96,117.99,119.49,1702428,144721504.00
2023/07/26,119.71,121.18,118.02,119.08,1744149,148746512.00
2023/07/27,119.01,119.78,116.06,116.36,1451708,121372056.00
2023/07/28,116.53,118.14,115.44,117.50,1281879,106875712.00
2023/07/31,117.40,121.18,116.28,120.28,1777625,151473504.00
2023/08/01,120.69,120.76,117.96,118.58,1159551,98180648.00
2023/08/02,118.53,119.33,117.20,119.14,850630,71639168.00
2023/08/03,118.91,121.00,117.97,119.99,944129,80587960.00
2023/08/04,119.33,123.31,119.14,122.24,1579471,136547952.00
2023/08/07,122.26,125.66,121.46,123.06,1381948,121101720.00
2023/08/08,122.90,123.28,118.80,119.56,1280692,110444408.00
2023/08/09,118.91,122.65,118.52,122.09,1317971,113546120.00
2023/08/10,122.17,127.56,121.04,126.30,2272449,202414512.00
2023/08/11,126.22,126.22,122.16,122.52,1353320,119479720.00
2023/08/14,122.16,122.16,110.96,117.26,2849739,234283024.00
2023/08/15,116.56,117.68,112.64,113.38,1557778,127006432.00
2023/08/16,112.82,114.63,112.50,113.38,691796,55861880.00
2023/08/17,112.79,122.15,112.79,118.17,1805617,151154192.00
2023/08/18,118.41,119.07,114.46,114.46,885200,73676104.00
2023/08/21,114.46,117.08,111.94,112.07,1172616,94891904.00
2023/08/22,112.00,114.12,109.84,113.35,1189192,94993056.00
2023/08/23,112.86,113.28,111.06,111.51,719000,57270176.00
2023/08/24,111.51,114.26,110.96,112.88,1264851,101552880.00
2023/08/25,111.76,114.32,109.25,109.25,1285962,101712600.00
2023/08/28,115.16,115.16,99.76,102.25,3024051,227457968.00
2023/08/29,102.29,110.06,102.25,109.56,2608472,198156480.00
2023/08/30,110.96,120.48,110.96,120.48,4990563,418863840.00
2023/08/31,120.48,123.11,119.26,122.01,3995263,346305728.00
2023/09/01,120.66,123.11,119.36,121.60,1734229,149541648.00
2023/09/04,122.86,129.16,120.79,127.83,4611927,412048768.00
2023/09/05,127.55,130.52,125.66,126.63,3281901,297964384.00
2023/09/06,126.61,127.56,124.37,126.50,3229929,289275872.00
2023/09/07,127.45,134.76,124.96,127.66,6019830,556744320.00
2023/09/08,127.45,134.48,126.99,133.16,4927324,460663968.00
2023/09/11,131.34,131.36,124.78,126.21,5325759,481084864.00
2023/09/12,126.35,128.39,125.44,126.43,2758654,249861952.00
2023/09/13,126.36,126.36,122.73,124.08,1988610,175934112.00
2023/09/14,124.08,124.96,122.50,123.22,1414400,124406968.00
2023/09/15,124.08,124.25,120.76,122.34,1838114,159934176.00
2023/09/18,121.74,121.74,117.26,118.07,2839491,239732880.00
2023/09/19,117.68,117.68,114.26,114.35,1929906,158143792.00
2023/09/20,114.59,115.30,112.36,113.20,1324068,106995640.00
2023/09/21,113.45,115.45,111.90,112.68,1358700,109667256.00
2023/09/22,113.07,114.88,111.77,114.67,1983977,159985504.00
2023/09/25,114.59,115.34,112.50,114.47,1531640,124791528.00
2023/09/26,114.24,114.26,111.88,112.93,1541887,123888768.00
2023/09/27,112.78,114.88,112.09,112.88,1656633,133621616.00
2023/09/28,113.03,117.23,112.88,116.31,2257879,185432688.00
2023/10/09,118.10,118.38,114.61,116.41,1474389,122612128.00
2023/10/10,115.96,117.48,115.58,116.91,1226230,101891712.00
2023/10/11,116.88,120.20,114.75,118.53,2237900,188061152.00
2023/10/12,119.08,120.34,112.22,114.77,3089500,253339024.00
2023/10/13,113.97,116.11,111.94,112.08,2405235,194354560.00
2023/10/16,112.30,112.63,108.78,110.40,2224843,174048368.00
2023/10/17,110.48,114.53,108.17,112.64,2451872,194670384.00
2023/10/18,112.39,112.86,108.86,109.24,1913934,150479600.00
2023/10/19,108.20,120.13,108.16,120.13,8279743,695292608.00
2023/10/20,119.36,120.59,112.36,112.37,6238390,517476320.00
2023/10/23,112.46,123.57,112.37,123.57,8224261,708566016.00
2023/10/24,126.37,127.61,119.36,119.92,9236303,804734656.00
2023/10/25,120.45,124.79,120.20,121.04,6108791,530621792.00
2023/10/26,118.88,127.05,116.57,124.71,7764187,680173056.00
2023/10/27,122.12,125.66,118.39,122.57,6919409,596672640.00
2023/10/30,120.76,128.46,120.55,126.37,6946773,620230656.00
2023/10/31,125.80,129.02,122.86,124.05,4788040,425746112.00
2023/11/01,122.16,123.76,120.09,120.98,3299198,284806400.00
2023/11/02,120.98,120.98,113.34,114.88,4242182,351848288.00
2023/11/03,113.76,118.95,113.76,117.57,2844935,237071120.00
2023/11/06,116.84,123.13,116.84,122.10,4001054,343606336.00
2023/11/07,122.02,123.45,120.37,122.41,3033536,263205360.00
2023/11/08,122.30,122.33,118.97,120.75,3772350,323492160.00
2023/11/09,120.06,121.46,118.38,119.25,2163367,184132144.00
2023/11/10,119.21,124.64,117.82,120.90,4722798,409035392.00
2023/11/13,120.93,125.11,118.73,123.80,6176628,542047424.00
2023/11/14,124.96,126.35,122.86,124.23,5621467,498652928.00
2023/11/15,124.75,124.78,120.28,123.25,5247298,456733344.00
2023/11/16,122.86,123.97,121.47,122.41,3191593,278668512.00
2023/11/17,121.49,124.29,119.78,124.12,4042377,352457952.00
2023/11/20,122.94,124.79,120.20,124.50,5157677,450428640.00
2023/11/21,124.51,126.64,119.64,119.99,5836116,506782048.00
2023/11/22,119.36,120.34,114.60,114.81,4055595,336400224.00
2023/11/23,114.29,116.69,114.29,116.39,2081045,171581232.00
2023/11/24,116.73,117.09,110.96,111.42,3415133,273586528.00
2023/11/27,110.97,113.06,110.82,112.74,1959545,156956016.00
2023/11/28,113.75,113.75,111.91,113.07,1771324,142249472.00
2023/11/29,112.98,114.01,112.37,113.09,1745694,140842752.00
2023/11/30,112.78,113.03,109.88,112.42,1939786,154194144.00
2023/12/01,112.22,113.06,111.24,112.78,1626246,129847592.00
2023/12/04,112.56,114.00,111.91,112.96,1766769,142360912.00
2023/12/05,112.36,112.42,107.53,107.84,2961206,230118464.00
2023/12/06,108.16,109.80,107.46,107.91,1800118,138795968.00
2023/12/07,107.88,109.07,106.77,108.85,1908731,147322544.00
2023/12/08,108.86,111.94,108.37,109.04,3663254,287169824.00
2023/12/11,108.31,110.13,107.28,109.42,2728700,211790656.00
2023/12/12,109.49,110.26,107.53,108.29,2298959,177635952.00
2023/12/13,108.15,110.26,107.46,107.49,2163794,167356192.00
2023/12/14,107.68,108.38,101.87,103.26,4005807,296518944.00
2023/12/15,103.12,103.26,100.68,101.12,2105038,152074944.00
2023/12/18,100.71,100.71,95.41,95.85,3446575,239324336.00
2023/12/19,95.67,96.37,91.37,92.96,3642355,241710192.00
2023/12/20,92.76,93.18,87.33,87.37,4423496,281109536.00
2023/12/21,86.46,91.08,86.43,88.21,4368924,276327648.00
2023/12/22,88.20,89.40,84.39,87.23,3061682,190558176.00
2023/12/25,87.19,88.92,86.46,86.78,2290747,142594192.00
2023/12/26,86.38,86.77,83.04,84.00,3284213,196683200.00
2023/12/27,83.80,84.95,83.31,84.79,2174225,130241544.00
2023/12/28,85.20,90.31,84.81,89.13,4697232,293804480.00
2023/12/29,89.33,89.96,87.72,88.15,3412792,215201728.00
2024/01/02,88.91,92.69,88.15,90.73,5225648,337694528.00
2024/01/03,90.10,90.10,87.36,88.85,2720029,171465104.00
2024/01/04,88.57,89.40,87.31,88.00,1835904,115445288.00
2024/01/05,88.08,88.85,85.17,85.84,2314220,142658560.00
2024/01/08,85.86,86.01,82.97,83.21,1763599,105608824.00
2024/01/09,83.39,84.64,80.96,81.63,2767284,162083664.00
2024/01/10,81.88,81.91,79.46,79.47,2592101,148352512.00
2024/01/11,79.78,81.77,79.22,81.11,2966461,170030704.00
2024/01/12,80.58,83.46,79.78,82.12,3810689,221503520.00
2024/01/15,81.10,82.02,79.39,80.61,2734165,156798400.00
2024/01/16,80.43,80.51,77.96,79.35,2782330,156445440.00
2024/01/17,79.00,79.31,75.99,76.03,2265780,124518032.00
2024/01/18,75.46,77.33,73.94,77.05,2625097,141071072.00
2024/01/19,76.51,77.79,75.15,75.26,1559996,84637272.00
2024/01/22,75.08,75.74,69.52,70.36,2479141,128076400.00
2024/01/23,69.32,71.97,69.32,71.65,2406124,121811848.00
2024/01/24,72.18,72.26,68.68,71.48,2445365,122379384.00
2024/01/25,71.62,74.84,71.07,74.17,2758239,143860960.00
2024/01/26,74.00,74.17,71.21,71.35,2127419,109825384.00
2024/01/29,72.00,73.83,69.60,69.60,1982132,100256560.00
2024/01/30,69.53,70.56,67.11,67.15,1884660,92203552.00
2024/01/31,67.24,67.80,63.14,63.30,2650374,122645560.00
2024/02/01,63.05,63.99,61.26,62.67,2583668,115068432.00
2024/02/02,62.97,63.85,56.61,58.46,3634826,154088960.00
2024/02/05,58.25,58.28,52.65,52.65,4200719,161371696.00
2024/02/06,49.11,56.35,49.07,55.58,5583730,208074032.00
2024/02/07,55.58,61.09,55.04,59.38,5432506,229777696.00
2024/02/08,59.40,65.15,59.40,64.65,6898776,308181888.00
2024/02/19,65.46,66.16,63.16,63.56,3866811,175769856.00
数据来源:通达信
