001330 博纳影业 日线 后复权
      日期	    开盘	    最高	    最低	    收盘	    成交量	    成交额
2022/08/18,6.04,7.24,6.04,7.24,5996590,43250204.00
2022/08/19,7.96,7.96,7.96,7.96,912920,7266843.00
2022/08/22,8.76,8.76,8.76,8.76,942054,8252393.00
2022/08/23,9.64,9.64,9.64,9.64,1077414,10386271.00
2022/08/24,10.60,10.60,10.60,10.60,2259658,23952374.00
2022/08/25,11.66,11.66,11.66,11.66,1170773,13651213.00
2022/08/26,12.83,12.83,12.83,12.83,1254425,16094273.00
2022/08/29,14.11,14.11,12.23,13.64,198068357,2620352000.00
2022/08/30,13.25,14.80,13.05,14.36,155807221,2204494080.00
2022/08/31,14.90,15.23,13.22,13.45,142720263,2047694336.00
2022/09/01,13.23,14.00,12.80,13.80,112061859,1504945920.00
2022/09/02,13.57,13.73,12.42,12.42,115957578,1487389696.00
2022/09/05,12.32,12.43,11.18,11.18,90075300,1046646272.00
2022/09/06,11.01,11.47,10.91,11.42,62429313,702279872.00
2022/09/07,11.25,11.49,11.08,11.13,47033417,529233920.00
2022/09/08,11.17,12.12,11.13,11.43,82227240,957155776.00
2022/09/09,11.19,11.59,11.05,11.31,45109029,508573888.00
2022/09/13,11.21,11.74,11.08,11.51,53624116,614249856.00
2022/09/14,11.25,11.52,11.06,11.33,46796667,528563584.00
2022/09/15,11.33,11.74,11.24,11.51,65357010,751615360.00
2022/09/16,11.30,11.34,10.42,10.71,57514517,624647744.00
2022/09/19,10.59,11.12,10.15,10.97,57305284,605894720.00
2022/09/20,10.83,11.28,10.83,10.96,42545637,468202208.00
2022/09/21,10.85,11.33,10.52,11.13,45813434,503466880.00
2022/09/22,11.00,11.59,10.91,11.25,52809317,595307968.00
2022/09/23,11.30,11.36,10.35,10.42,57218972,620522240.00
2022/09/26,10.44,10.88,10.41,10.44,38233236,405926048.00
2022/09/27,10.18,11.09,10.10,10.92,58116462,616417920.00
2022/09/28,10.71,10.81,10.08,10.08,49251236,515055584.00
2022/09/29,10.24,10.39,9.67,9.73,44231951,441634272.00
2022/09/30,9.75,9.94,9.66,9.69,27072618,264942064.00
2022/10/10,9.41,9.55,8.77,8.84,38158144,346310240.00
2022/10/11,8.85,9.00,8.60,8.67,21280878,185601920.00
2022/10/12,8.61,8.96,8.53,8.92,27169887,238125248.00
2022/10/13,8.82,9.02,8.80,8.85,19901748,177192320.00
2022/10/14,8.85,9.06,8.84,8.99,23126367,207759520.00
2022/10/17,8.91,9.10,8.89,9.07,19453784,175545296.00
2022/10/18,9.08,9.28,9.03,9.07,25020929,228513136.00
2022/10/19,9.01,9.25,8.92,8.98,23646866,214311024.00
2022/10/20,8.89,9.41,8.80,9.15,28888182,263320080.00
2022/10/21,9.10,9.13,8.78,8.82,20812127,185532496.00
2022/10/24,8.85,8.93,8.50,8.56,18083260,157454112.00
2022/10/25,8.51,8.58,8.32,8.52,14168141,119740096.00
2022/10/26,8.55,9.06,8.50,8.85,21921226,193374304.00
2022/10/27,8.84,9.17,8.76,8.93,20230323,181082512.00
2022/10/28,8.90,8.90,8.53,8.60,14208492,123928328.00
2022/10/31,8.36,8.72,8.33,8.50,11296485,96582064.00
2022/11/01,8.53,9.35,8.45,9.35,42516509,385978528.00
2022/11/02,9.35,10.25,9.21,9.64,73300413,706193920.00
2022/11/03,9.45,9.83,9.41,9.69,33135032,320049152.00
2022/11/04,9.65,10.45,9.65,10.10,44030922,445860224.00
2022/11/07,9.94,10.29,9.88,10.16,31315176,314983520.00
2022/11/08,10.20,10.45,9.96,10.17,26303501,267374864.00
2022/11/09,10.08,10.66,10.03,10.39,36324532,378988896.00
2022/11/10,10.27,10.66,10.26,10.49,22472843,235980688.00
2022/11/11,10.69,11.25,10.49,10.98,53829396,587530048.00
2022/11/14,10.78,11.18,10.54,10.63,36777331,399191648.00
2022/11/15,10.63,11.05,10.53,10.90,25066933,271696480.00
2022/11/16,10.92,11.25,10.82,10.90,22738401,250354032.00
2022/11/17,10.73,11.57,10.63,11.50,38978922,436259392.00
2022/11/18,11.40,11.44,10.86,10.92,31184108,345942880.00
2022/11/21,10.64,10.65,10.22,10.37,25546924,266017632.00
2022/11/22,10.45,10.46,10.08,10.17,15375883,157664080.00
2022/11/23,10.16,10.58,10.07,10.16,23269893,238586768.00
2022/11/24,10.16,10.29,9.92,9.96,16432086,165040784.00
2022/11/25,9.99,10.06,9.83,9.89,12539418,124355872.00
2022/11/28,9.70,10.48,9.50,10.34,26671064,270114976.00
2022/11/29,10.29,10.94,10.21,10.77,33998011,362562592.00
2022/11/30,10.62,10.73,10.35,10.52,22414929,235825328.00
2022/12/01,10.93,11.08,10.41,10.70,45014071,484584256.00
2022/12/02,10.59,11.00,10.56,10.75,30302322,325697824.00
2022/12/05,11.00,11.30,10.80,10.94,46783796,516570464.00
2022/12/06,10.96,11.89,10.91,11.26,62747380,714277696.00
2022/12/07,11.23,12.39,11.08,11.95,94975394,1128037888.00
2022/12/08,11.90,12.55,11.78,12.50,82856692,1008323776.00
2022/12/09,12.49,12.50,11.85,12.10,53640953,649962816.00
2022/12/12,11.82,12.05,11.63,11.65,41993330,495874880.00
2022/12/13,11.69,12.33,11.60,11.89,57569629,691435904.00
2022/12/14,11.61,12.29,11.60,12.09,42697005,512570496.00
2022/12/15,11.99,11.99,11.27,11.38,43196988,498787264.00
2022/12/16,11.31,11.58,11.15,11.45,23264081,264777184.00
2022/12/19,11.09,11.14,10.58,10.65,32303803,348039040.00
2022/12/20,10.68,10.74,10.29,10.38,18393564,193073024.00
2022/12/21,10.43,11.42,10.37,11.42,41034971,453184480.00
2022/12/22,11.50,11.76,11.16,11.37,40077734,459952992.00
2022/12/23,11.22,11.63,11.10,11.21,28379289,321519328.00
2022/12/26,11.33,11.72,11.18,11.52,30745217,353735680.00
2022/12/27,11.60,12.09,11.12,11.95,44487377,520785952.00
2022/12/28,11.73,12.15,11.60,11.85,33215415,393976000.00
2022/12/29,11.70,11.86,11.46,11.49,22834430,265232320.00
2022/12/30,11.55,12.20,11.41,11.98,35321485,418942976.00
2023/01/03,12.23,12.37,11.91,12.06,44848003,544711616.00
2023/01/04,11.99,12.20,11.77,12.09,31652014,380041248.00
2023/01/05,11.97,12.06,11.65,11.99,32031444,379691232.00
2023/01/06,11.88,11.88,11.15,11.15,40947907,466269504.00
2023/01/09,11.25,12.27,11.20,12.27,56819526,681280512.00
2023/01/10,12.58,12.73,12.13,12.35,55833346,690276672.00
2023/01/11,12.40,12.44,11.98,12.07,31149816,378967456.00
2023/01/12,12.06,12.08,11.61,11.84,28922592,341676064.00
2023/01/13,11.87,12.07,11.56,11.95,34622131,411504608.00
2023/01/16,12.25,12.34,11.85,12.20,37512695,453829728.00
2023/01/17,12.22,12.32,11.76,12.08,32588741,393107808.00
2023/01/18,12.08,12.67,12.06,12.38,43413081,537456320.00
2023/01/19,12.17,12.56,11.98,12.38,35700012,438424928.00
2023/01/20,12.37,12.48,12.15,12.41,33949660,418878976.00
2023/01/30,12.01,12.01,11.33,11.52,53607305,618729856.00
2023/01/31,11.34,11.48,11.21,11.40,24093078,272797184.00
2023/02/01,11.39,11.44,11.23,11.44,19837485,224900960.00
2023/02/02,11.40,11.40,11.15,11.15,25080209,282238464.00
2023/02/03,11.10,11.10,10.90,10.95,18462603,202626304.00
2023/02/06,10.96,11.11,10.83,11.04,11830474,130220984.00
2023/02/07,11.07,11.07,10.67,10.69,22930602,247767536.00
2023/02/08,10.66,10.74,10.31,10.44,28428460,297211360.00
2023/02/09,10.36,10.50,10.33,10.49,13171186,137651872.00
2023/02/10,10.49,10.58,10.45,10.53,12613924,132652200.00
2023/02/13,10.55,10.68,10.52,10.67,13511088,143295968.00
2023/02/14,10.69,10.70,10.45,10.53,11254416,118445160.00
2023/02/15,10.53,10.57,10.38,10.42,11600982,121044824.00
2023/02/16,10.43,10.55,10.15,10.20,15850827,164860016.00
2023/02/17,10.18,10.29,10.04,10.05,15058924,152552896.00
2023/02/20,10.01,10.12,10.00,10.12,9778373,98447488.00
2023/02/21,10.11,10.15,10.00,10.11,9203653,92890320.00
2023/02/22,10.05,10.29,10.02,10.26,12695920,129160824.00
2023/02/23,10.21,10.28,10.10,10.12,8430331,85736616.00
2023/02/24,10.11,10.16,10.04,10.12,6067790,61248188.00
2023/02/27,10.11,10.12,9.99,10.01,7602474,76256640.00
2023/02/28,10.05,10.12,10.00,10.09,6220826,62547180.00
2023/03/01,10.09,10.21,10.08,10.19,8526913,86610520.00
2023/03/02,10.20,10.30,10.13,10.27,11359310,116010024.00
2023/03/03,10.28,10.38,10.23,10.35,10977743,113201152.00
2023/03/06,10.36,10.44,10.30,10.30,9891890,102370256.00
2023/03/07,10.30,10.30,10.05,10.05,9190200,93252776.00
2023/03/08,10.01,10.43,10.00,10.31,13615526,139830032.00
2023/03/09,10.28,10.53,10.18,10.29,14306782,148548048.00
2023/03/10,10.15,10.45,10.12,10.16,13157346,135083680.00
2023/03/13,10.03,10.16,9.68,9.95,17267108,171038816.00
2023/03/14,9.95,10.03,9.66,9.68,12903152,126470304.00
2023/03/15,9.74,10.00,9.74,9.86,11063885,109664264.00
2023/03/16,9.80,9.80,9.56,9.59,10509774,101727792.00
2023/03/17,9.72,9.86,9.67,9.78,10461792,102283816.00
2023/03/20,9.91,10.38,9.90,10.19,26006367,264444208.00
2023/03/21,10.10,10.39,10.08,10.35,18979763,194508992.00
2023/03/22,10.50,10.59,10.36,10.54,24880439,260850224.00
2023/03/23,10.43,10.62,10.39,10.46,16241785,170258880.00
2023/03/24,10.44,10.65,10.40,10.49,15882058,167159584.00
2023/03/27,10.42,10.53,10.30,10.41,15017614,156214368.00
2023/03/28,10.35,10.41,10.17,10.18,10223821,104983088.00
2023/03/29,10.21,10.33,10.05,10.15,9293025,94541248.00
2023/03/30,10.16,10.16,9.93,9.99,10113164,101277480.00
2023/03/31,10.05,10.61,9.98,10.58,31432551,328825888.00
2023/04/03,10.46,10.70,10.43,10.66,18552827,195925472.00
2023/04/04,10.61,10.80,10.25,10.35,21132300,220846544.00
2023/04/06,10.31,10.32,9.97,10.03,20862927,210063648.00
2023/04/07,10.03,10.60,9.99,10.38,22541986,232913008.00
2023/04/10,10.36,10.64,10.31,10.38,18918289,197931808.00
2023/04/11,10.32,11.26,10.32,10.99,55354047,604115008.00
2023/04/12,10.80,11.90,10.78,11.77,73331469,837071040.00
2023/04/13,11.98,12.53,11.79,11.84,87035188,1053888896.00
2023/04/14,12.03,12.48,11.47,11.90,56852291,680647104.00
2023/04/17,11.57,11.63,11.23,11.29,36530867,415733760.00
2023/04/18,11.33,11.36,10.95,11.16,23622264,263271008.00
2023/04/19,11.16,11.91,11.16,11.49,33738675,388912800.00
2023/04/20,11.40,11.62,11.01,11.55,29542313,335122304.00
2023/04/21,11.45,11.46,10.67,10.70,31347479,342910656.00
2023/04/24,10.69,11.09,10.69,10.85,23165893,252566016.00
2023/04/25,10.85,10.95,10.20,10.53,25234463,265716192.00
2023/04/26,10.40,10.62,10.13,10.36,18728364,194171072.00
2023/04/27,10.35,10.49,9.99,10.06,22311777,227052000.00
2023/04/28,10.06,11.07,10.02,10.96,36987829,395185632.00
2023/05/04,10.50,10.74,9.95,10.55,51210018,528113408.00
2023/05/05,10.38,10.41,10.04,10.20,26334463,269139488.00
2023/05/08,10.07,10.23,9.72,9.96,24017889,238913552.00
2023/05/09,9.92,10.14,9.62,9.64,32945297,324351360.00
2023/05/10,9.59,9.78,9.33,9.44,22179956,210935536.00
2023/05/11,9.48,10.38,9.48,10.38,41307861,415278432.00
2023/05/12,10.35,10.38,9.75,9.78,35915385,358842656.00
2023/05/15,9.86,9.90,9.23,9.46,27037340,255522496.00
2023/05/16,9.44,9.49,9.25,9.26,15207820,141473104.00
2023/05/17,9.21,9.31,9.12,9.30,14302096,131614976.00
2023/05/18,9.26,9.32,9.16,9.27,10024879,92800968.00
2023/05/19,9.21,9.27,9.09,9.19,10642706,97627168.00
2023/05/22,9.21,9.27,9.16,9.23,7905988,72844160.00
2023/05/23,9.25,9.26,9.15,9.16,6919679,63471432.00
2023/05/24,9.24,9.28,9.13,9.18,9137363,84136512.00
2023/05/25,9.15,9.19,8.60,8.90,18658319,166241840.00
2023/05/26,8.94,9.08,8.79,9.01,9409999,84112688.00
2023/05/29,9.00,9.04,8.90,8.92,7224853,64734732.00
2023/05/30,8.93,9.06,8.78,9.06,8825197,78932744.00
2023/05/31,9.01,9.13,8.96,9.04,7141210,64556736.00
2023/06/01,9.05,9.36,9.00,9.31,17918470,165835120.00
2023/06/02,9.25,9.51,9.17,9.35,16537200,154940736.00
2023/06/05,9.28,9.67,9.28,9.58,22702812,216504448.00
2023/06/06,9.57,9.70,9.21,9.26,18745520,177441264.00
2023/06/07,9.26,9.69,9.13,9.66,26693577,254892272.00
2023/06/08,9.65,9.65,9.22,9.30,18199714,169770992.00
2023/06/09,9.26,9.44,9.12,9.34,13534090,125882696.00
2023/06/12,9.50,10.25,9.50,9.99,44830423,444400128.00
2023/06/13,10.01,10.06,9.88,10.00,21134010,210801056.00
2023/06/14,10.01,10.19,9.78,9.88,18840384,187541872.00
2023/06/15,9.87,9.94,9.75,9.79,10666437,104708048.00
2023/06/16,9.77,9.89,9.66,9.82,10061579,98644968.00
2023/06/19,9.83,9.84,9.66,9.71,10646463,103514704.00
2023/06/20,9.70,9.89,9.63,9.65,9496500,92408272.00
2023/06/21,9.62,9.75,9.25,9.28,14446363,135748672.00
2023/06/26,9.28,9.34,9.02,9.04,8380428,76486288.00
2023/06/27,9.08,9.45,9.04,9.30,10668402,99223240.00
2023/06/28,9.30,9.30,8.96,9.11,9730498,88321184.00
2023/06/29,9.08,9.14,9.03,9.09,6613200,60103372.00
2023/06/30,9.14,9.38,9.05,9.28,8035520,74257984.00
2023/07/03,9.33,9.38,9.20,9.32,6821700,63481248.00
2023/07/04,9.26,9.47,9.25,9.31,6633645,61893104.00
2023/07/05,9.28,9.28,9.10,9.12,7146565,65653260.00
2023/07/06,9.13,9.21,9.08,9.12,4868296,44472296.00
2023/07/07,9.11,9.13,8.96,9.08,8262440,74617752.00
2023/07/10,9.11,9.41,9.09,9.30,13917583,129562856.00
2023/07/11,9.28,9.28,9.13,9.23,7455997,68577280.00
2023/07/12,9.22,9.32,9.08,9.12,7075700,64861768.00
2023/07/13,9.15,9.34,9.09,9.28,10970730,101483520.00
2023/07/14,9.25,9.31,9.18,9.20,6396278,59066532.00
2023/07/17,9.01,9.35,8.90,9.17,9046341,82482072.00
2023/07/18,9.14,9.14,9.04,9.06,4862170,44095492.00
2023/07/19,9.06,9.13,9.04,9.07,3113864,28248640.00
2023/07/20,9.10,9.28,9.04,9.08,8118928,74284280.00
2023/07/21,9.04,9.15,8.98,9.06,6292174,56923908.00
2023/07/24,9.04,9.18,8.95,9.05,5158792,46832436.00
2023/07/25,9.08,9.16,9.06,9.10,8976701,81665384.00
2023/07/26,9.09,9.18,9.02,9.06,7276293,65945884.00
2023/07/27,9.03,9.06,8.97,8.99,6443464,58066156.00
2023/07/28,9.00,9.01,8.92,9.00,5485732,49213844.00
2023/07/31,9.02,9.20,9.01,9.12,14504192,132255224.00
2023/08/01,9.10,9.10,8.98,9.00,8789290,79287408.00
2023/08/02,9.00,9.03,8.94,8.97,5665657,50774068.00
2023/08/03,8.98,8.99,8.92,8.96,5296063,47338100.00
2023/08/04,8.97,9.00,8.91,8.93,7182213,64205676.00
2023/08/07,8.95,9.11,8.92,9.03,14796583,133624680.00
2023/08/08,8.99,9.38,8.94,9.21,22526064,206842976.00
2023/08/09,9.06,9.24,8.96,9.01,15386035,139005680.00
2023/08/10,8.97,9.01,8.93,8.96,6969429,62411456.00
2023/08/11,8.97,9.01,8.83,8.85,7611300,67763824.00
2023/08/14,8.74,8.77,8.61,8.75,6837792,59427892.00
2023/08/15,8.68,8.77,8.39,8.44,11061400,94528288.00
2023/08/16,8.45,8.50,8.27,8.30,7565000,63416892.00
2023/08/17,8.27,8.35,8.14,8.33,6836195,56382472.00
2023/08/18,8.33,8.50,8.28,8.29,5747379,48199448.00
2023/08/21,8.29,8.42,8.27,8.33,4059800,33957452.00
2023/08/22,8.35,8.41,8.10,8.32,6493054,53584708.00
2023/08/23,8.32,8.33,8.13,8.13,3494500,28583512.00
2023/08/24,8.16,8.34,8.13,8.25,8483893,70207120.00
2023/08/25,8.20,8.20,7.90,7.92,11122637,89145016.00
2023/08/28,8.27,8.30,7.97,8.01,8854246,71923568.00
2023/08/29,8.02,8.24,7.96,8.21,9395800,76464840.00
2023/08/30,8.20,8.24,8.07,8.18,7335247,59840236.00
2023/08/31,8.20,8.24,8.07,8.10,5328800,43196524.00
2023/09/01,8.12,8.16,8.05,8.10,3729963,30213074.00
2023/09/04,8.14,8.25,8.09,8.24,9435758,77227328.00
2023/09/05,8.23,8.23,8.10,8.12,5002313,40712088.00
2023/09/06,8.10,8.15,8.04,8.13,4300808,34809840.00
2023/09/07,8.12,8.17,7.98,8.03,5875421,47352652.00
2023/09/08,8.03,8.03,7.92,8.00,3286172,26192138.00
2023/09/11,8.01,8.14,7.99,8.09,4070362,32830076.00
2023/09/12,8.09,8.15,8.03,8.06,3003964,24244332.00
2023/09/13,8.05,8.08,7.93,7.97,4181964,33453080.00
2023/09/14,7.97,7.99,7.81,7.85,5575200,43848628.00
2023/09/15,7.88,7.95,7.83,7.90,3432800,27070698.00
2023/09/18,7.89,8.08,7.81,8.06,6631638,53053512.00
2023/09/19,8.06,8.11,7.91,7.92,3724700,29755824.00
2023/09/20,7.89,7.93,7.85,7.87,2594881,20444024.00
2023/09/21,7.85,7.87,7.71,7.71,4457200,34653420.00
2023/09/22,7.70,7.95,7.66,7.93,5740528,45049560.00
2023/09/25,7.88,7.91,7.70,7.75,6032200,46893864.00
2023/09/26,7.72,7.73,7.25,7.42,13403159,99552008.00
2023/09/27,7.38,7.50,7.35,7.49,8681570,64568056.00
2023/09/28,7.51,7.59,7.46,7.57,6950825,52385364.00
2023/10/09,7.43,7.51,7.11,7.16,12504176,89953080.00
2023/10/10,7.19,7.24,7.13,7.15,5745300,41292880.00
2023/10/11,7.16,7.29,7.12,7.18,6698216,48338760.00
2023/10/12,7.18,7.23,7.14,7.17,5156872,36965368.00
2023/10/13,7.14,7.18,7.08,7.12,5893907,41963824.00
2023/10/16,7.11,7.12,7.00,7.01,6205724,43700160.00
2023/10/17,7.00,7.07,6.97,6.99,4784100,33520316.00
2023/10/18,6.97,6.99,6.85,6.85,5480400,37802244.00
2023/10/19,6.84,6.96,6.81,6.82,6142300,42191512.00
2023/10/20,6.80,6.88,6.79,6.80,3672600,25045760.00
2023/10/23,6.79,6.79,6.60,6.64,5136300,34422548.00
2023/10/24,6.68,6.82,6.66,6.77,5241564,35422792.00
2023/10/25,6.79,6.87,6.79,6.82,3482025,23808462.00
2023/10/26,6.77,6.81,6.74,6.79,3830500,25953350.00
2023/10/27,6.77,6.92,6.71,6.89,6201699,42460828.00
2023/10/30,6.89,7.10,6.87,7.06,11609070,81430240.00
2023/10/31,7.04,7.22,7.03,7.13,10374370,74271536.00
2023/11/01,7.17,7.31,7.12,7.23,8727800,63205088.00
2023/11/02,7.17,7.35,7.16,7.23,9254200,67371200.00
2023/11/03,7.22,7.31,7.15,7.24,8221159,59472108.00
2023/11/06,7.30,7.51,7.25,7.49,11971887,88895912.00
2023/11/07,7.49,7.50,7.35,7.44,7664200,56819004.00
2023/11/08,7.40,7.62,7.40,7.55,10716664,80921320.00
2023/11/09,7.49,7.54,7.33,7.36,8721095,64596384.00
2023/11/10,7.36,7.42,7.24,7.27,6746500,49157328.00
2023/11/13,7.36,7.41,7.31,7.37,6220999,45784236.00
2023/11/14,7.38,7.40,7.30,7.35,4317500,31655920.00
2023/11/15,7.39,7.42,7.32,7.35,3958487,29141798.00
2023/11/16,7.32,7.50,7.27,7.43,7218826,53542196.00
2023/11/17,7.49,7.66,7.40,7.60,12417585,93910088.00
2023/11/20,7.62,7.74,7.54,7.66,9756031,74464840.00
2023/11/21,7.65,7.80,7.65,7.69,6807100,52545504.00
2023/11/22,7.67,7.88,7.63,7.80,11149106,87181664.00
2023/11/23,7.77,7.80,7.62,7.69,6888100,52902572.00
2023/11/24,7.75,7.83,7.65,7.69,6947400,53747680.00
2023/11/27,7.60,7.65,7.47,7.54,7230462,54552028.00
2023/11/28,7.53,7.58,7.46,7.56,4526021,34017816.00
2023/11/29,7.55,7.59,7.45,7.47,3944264,29537684.00
2023/11/30,7.47,7.55,7.42,7.46,4882682,36563300.00
2023/12/01,7.46,7.67,7.42,7.65,9079898,68654008.00
2023/12/04,7.68,7.82,7.62,7.71,6789300,52383664.00
2023/12/05,7.66,7.74,7.56,7.58,6367300,48785832.00
2023/12/06,7.58,7.95,7.46,7.79,13112555,102054936.00
2023/12/07,7.83,7.98,7.80,7.94,14258400,112607960.00
2023/12/08,7.88,7.94,7.76,7.77,9202700,71978360.00
2023/12/11,7.77,8.15,7.72,8.09,17150300,136946144.00
2023/12/12,8.07,8.27,8.05,8.17,12373400,100915960.00
2023/12/13,8.15,8.24,8.09,8.10,7070600,57709752.00
2023/12/14,8.13,8.18,7.99,8.00,8522917,68812792.00
2023/12/15,8.02,8.12,7.90,8.03,6721800,53993512.00
2023/12/18,8.02,8.10,7.73,7.79,10548087,82978176.00
2023/12/19,7.87,7.87,7.69,7.77,8121500,62982084.00
2023/12/20,7.78,7.83,7.55,7.56,6338662,48293804.00
2023/12/21,7.54,7.63,7.45,7.50,5700000,42863584.00
2023/12/22,7.55,7.56,7.11,7.16,12973081,94366952.00
2023/12/25,7.18,7.24,7.06,7.10,6434725,45844700.00
2023/12/26,7.10,7.14,6.94,6.95,4787300,33515296.00
2023/12/27,6.96,7.01,6.79,6.88,6881427,47207068.00
2023/12/28,6.88,7.11,6.81,7.07,7193683,50454988.00
2023/12/29,7.08,7.30,7.04,7.20,5670671,40917524.00
2024/01/02,7.20,7.31,7.13,7.21,7018100,50611408.00
2024/01/03,7.21,7.32,7.17,7.29,6260500,45514760.00
2024/01/04,7.32,7.32,7.20,7.30,5293846,38499108.00
2024/01/05,7.28,7.34,7.22,7.23,5140087,37370088.00
2024/01/08,7.23,7.32,7.18,7.18,6540372,47429900.00
2024/01/09,7.20,7.24,7.06,7.12,4787300,34140276.00
2024/01/10,7.12,7.14,6.94,7.05,5890400,41414088.00
2024/01/11,7.08,7.25,7.04,7.23,6249357,44710880.00
2024/01/12,7.22,7.35,7.14,7.17,6678779,48339216.00
2024/01/15,7.15,7.30,7.10,7.17,6082600,43819884.00
2024/01/16,7.18,7.18,7.02,7.07,5696563,40370824.00
2024/01/17,7.05,7.08,6.88,6.88,5363800,37401448.00
2024/01/18,6.88,6.93,6.61,6.78,9024174,60823404.00
2024/01/19,6.82,6.91,6.75,6.80,5512000,37664172.00
2024/01/22,6.80,6.82,6.16,6.27,9443728,61492236.00
2024/01/23,6.27,6.31,6.13,6.24,8230100,51232260.00
2024/01/24,6.28,6.45,6.18,6.45,8267554,52246284.00
2024/01/25,6.40,6.72,6.33,6.71,7627239,50260216.00
2024/01/26,6.72,6.90,6.69,6.81,7073900,48126452.00
2024/01/29,6.81,6.82,6.62,6.64,6310731,42117536.00
2024/01/30,6.58,6.60,6.38,6.41,7012300,45612648.00
2024/01/31,6.28,6.44,6.09,6.10,10148600,63696896.00
2024/02/01,6.10,6.23,5.90,5.99,11787171,71127968.00
2024/02/02,5.99,6.23,5.48,5.67,13756200,80843656.00
2024/02/05,5.67,5.67,5.10,5.10,16182700,84109480.00
2024/02/06,4.95,5.24,4.63,5.02,20271929,98709616.00
2024/02/07,5.05,5.22,4.86,5.05,19953114,100476144.00
2024/02/08,5.06,5.40,4.80,5.39,24225754,122327592.00
2024/02/19,5.50,5.63,5.38,5.56,19093208,105076080.00
数据来源:通达信
