003029 吉大正元 日线 后复权
      日期	    开盘	    最高	    最低	    收盘	    成交量	    成交额
2020/12/24,14.87,16.23,14.87,16.23,303976,4932976.50
2020/12/25,17.85,17.85,17.85,17.85,232012,4141414.25
2020/12/28,19.64,19.64,19.64,19.64,94896,1863757.50
2020/12/29,21.60,21.60,21.60,21.60,102064,2204582.50
2020/12/30,23.76,23.76,23.76,23.76,133271,3166519.00
2020/12/31,26.14,26.14,26.14,26.14,239884,6270568.00
2021/01/04,28.75,28.75,28.75,28.75,296495,8524231.00
2021/01/05,31.63,31.63,31.63,31.63,166242,5258234.50
2021/01/06,34.79,34.79,34.79,34.79,344293,11977953.00
2021/01/07,38.27,38.27,31.31,31.31,3656369,129216760.00
2021/01/08,28.18,28.18,28.18,28.18,1047600,29521368.00
2021/01/11,25.36,28.20,25.36,25.80,20106027,520521440.00
2021/01/12,24.50,25.14,23.22,23.22,14625441,348139552.00
2021/01/13,22.82,24.48,22.17,23.68,14175339,333196256.00
2021/01/14,23.06,23.35,22.20,22.41,8231307,186978656.00
2021/01/15,22.44,23.38,21.94,22.77,7563969,172245760.00
2021/01/18,22.32,22.95,22.02,22.47,6720146,150160944.00
2021/01/19,22.37,23.11,22.28,22.60,6360566,144636400.00
2021/01/20,22.62,22.86,22.23,22.85,5054968,114107528.00
2021/01/21,23.00,25.00,22.76,23.96,9584646,229006608.00
2021/01/22,23.41,24.88,23.30,24.63,7820111,189502048.00
2021/01/25,24.76,24.76,22.20,22.81,9323924,217078496.00
2021/01/26,22.88,23.71,22.21,22.39,5627232,128902312.00
2021/01/27,22.00,22.00,20.60,20.95,7122376,150437648.00
2021/01/28,20.60,21.16,20.22,20.25,4274022,88119208.00
2021/01/29,20.32,20.57,19.25,19.72,4307255,85575456.00
2021/02/01,19.80,21.19,19.70,20.75,4695553,96073288.00
2021/02/02,20.66,21.19,20.21,20.61,3554185,73409408.00
2021/02/03,20.65,21.00,20.30,20.93,3266855,67514080.00
2021/02/04,20.45,21.79,20.45,21.09,4999543,106483000.00
2021/02/05,21.06,21.25,19.18,19.39,5278778,106788904.00
2021/02/08,19.50,21.33,19.50,21.33,3341910,69772272.00
2021/02/09,21.66,21.66,20.61,20.81,6502225,137233760.00
2021/02/10,20.61,20.80,20.03,20.19,3834126,78003664.00
2021/02/18,20.86,21.69,20.69,21.52,5139138,109321744.00
2021/02/19,21.25,22.19,21.02,22.05,4674107,101042704.00
2021/02/22,22.07,22.50,21.67,21.79,5650124,124690952.00
2021/02/23,21.78,22.12,21.36,21.83,3167020,68870640.00
2021/02/24,21.61,21.89,21.23,21.39,2687435,58027660.00
2021/02/25,21.36,21.48,20.51,20.51,3257614,68005232.00
2021/02/26,20.09,20.54,20.03,20.34,1858014,37793828.00
2021/03/01,20.32,20.95,20.32,20.73,2133901,44205168.00
2021/03/02,21.00,21.09,20.34,20.51,1868839,38512328.00
2021/03/03,20.54,20.71,20.41,20.67,1574063,32394976.00
2021/03/04,20.70,21.39,20.44,20.78,2956539,61572856.00
2021/03/05,20.87,20.95,20.53,20.77,1912549,39743940.00
2021/03/08,20.88,21.88,20.82,21.65,5245538,112566728.00
2021/03/09,21.66,22.17,20.00,21.18,5000757,106537808.00
2021/03/10,21.21,21.45,20.42,20.45,2802229,58330904.00
2021/03/11,20.45,20.79,20.05,20.64,1981534,40607048.00
2021/03/12,20.70,20.76,20.16,20.22,1809888,36795644.00
2021/03/15,20.08,20.22,19.59,19.70,2270287,45017376.00
2021/03/16,19.79,19.87,19.58,19.83,1158358,22860404.00
2021/03/17,19.75,20.17,19.56,20.02,1494701,29761832.00
2021/03/18,20.04,20.98,19.97,20.86,3057514,62717996.00
2021/03/19,20.85,22.95,20.50,22.95,7578072,168242592.00
2021/03/22,22.99,25.24,22.80,24.62,14464995,347857984.00
2021/03/23,23.46,24.30,22.99,23.30,9749669,229477920.00
2021/03/24,22.98,23.80,22.64,23.65,6612016,153799552.00
2021/03/25,23.33,26.00,22.72,24.14,10726251,261887792.00
2021/03/26,23.68,24.40,23.27,23.77,6909775,164609072.00
2021/03/29,24.00,26.15,23.97,25.41,15752951,404556384.00
2021/03/30,24.50,25.34,24.25,24.36,10247427,253077600.00
2021/03/31,24.36,25.07,23.68,23.86,7129964,173750112.00
2021/04/01,24.00,24.21,22.83,23.86,6045799,141009824.00
2021/04/02,23.85,26.00,23.73,25.23,9704054,243064016.00
2021/04/06,25.19,25.91,24.83,25.39,7688173,194705216.00
2021/04/07,25.35,27.41,25.35,26.96,11356461,301222400.00
2021/04/08,26.55,27.10,24.78,24.91,10047789,260221024.00
2021/04/09,25.05,25.50,24.22,25.21,5256245,131073256.00
2021/04/12,24.96,25.87,24.16,25.22,6346649,158571600.00
2021/04/13,24.80,27.74,24.33,27.74,6514296,175101808.00
2021/04/14,28.83,30.51,28.60,30.51,6756420,200530560.00
2021/04/15,29.98,30.98,27.91,28.20,17947421,520191296.00
2021/04/16,27.33,29.49,26.90,27.71,13199010,372353792.00
2021/04/19,26.47,27.34,26.47,26.79,9240140,248309664.00
2021/04/20,26.66,27.10,25.88,25.97,8136600,215767840.00
2021/04/21,25.82,26.50,25.06,25.34,7298324,187638144.00
2021/04/22,25.35,25.56,24.89,25.22,5793367,145738784.00
2021/04/23,24.99,25.13,24.11,24.29,5524014,134835248.00
2021/04/26,24.50,24.79,24.20,24.23,3267321,80054992.00
2021/04/27,24.18,24.21,23.23,23.43,3453644,81479888.00
2021/04/28,23.29,23.73,23.25,23.32,1997800,46792404.00
2021/04/29,23.60,24.46,23.33,23.33,3401142,80925760.00
2021/04/30,23.31,23.32,22.10,22.15,4302255,96582440.00
2021/05/06,22.16,22.55,22.01,22.25,2123316,47340924.00
2021/05/07,22.24,23.32,22.10,22.92,3388964,77382136.00
2021/05/10,23.10,23.90,22.54,23.88,4548904,106503296.00
2021/05/11,23.56,24.55,23.41,23.55,3904244,93092872.00
2021/05/12,23.16,23.32,22.55,22.78,3008428,68568728.00
2021/05/13,22.62,23.18,22.60,22.67,2219056,50844908.00
2021/05/14,22.61,22.96,22.47,22.83,1904900,43266836.00
2021/05/17,22.83,23.50,22.00,23.48,2810651,63963280.00
2021/05/18,23.20,23.76,23.00,23.06,2028582,47406064.00
2021/05/19,23.06,23.07,22.41,22.46,1957235,44383212.00
2021/05/20,22.25,22.65,22.13,22.34,1462216,32708950.00
2021/05/21,22.55,22.76,22.27,22.40,1545197,34810608.00
2021/05/24,22.22,22.79,22.00,22.65,2116569,47371936.00
2021/05/25,22.70,22.85,22.51,22.70,1490262,33806344.00
2021/05/26,22.59,23.32,22.59,23.32,2690957,62179976.00
2021/05/27,23.66,23.79,23.23,23.77,2667077,62827240.00
2021/05/28,23.73,23.83,23.01,23.25,2553531,59666088.00
2021/05/31,23.20,23.75,23.20,23.48,1770188,41536592.00
2021/06/01,23.69,23.69,23.05,23.60,1924143,44793780.00
2021/06/02,23.43,23.55,23.14,23.23,1526548,35287624.00
2021/06/03,23.32,24.47,23.28,24.03,4331981,103454088.00
2021/06/04,23.78,24.27,23.35,23.54,2780125,65303720.00
2021/06/07,23.33,24.31,22.98,24.31,4310372,102101280.00
2021/06/08,24.67,25.15,24.07,24.52,4901949,120070968.00
2021/06/09,24.65,25.69,24.47,25.34,5391403,134697744.00
2021/06/10,25.65,27.86,25.17,27.86,6985033,185883680.00
2021/06/11,29.14,30.06,25.98,26.25,12835712,357242080.00
2021/06/15,25.57,25.66,24.07,24.07,7672806,189066112.00
2021/06/16,24.05,24.86,23.84,24.37,5214789,126332680.00
2021/06/17,24.17,25.37,24.08,24.88,3768416,92596368.00
2021/06/18,24.60,25.15,24.35,24.52,3965324,97062768.00
2021/06/21,24.41,24.95,24.08,24.79,2786862,68294104.00
2021/06/22,24.66,25.65,24.61,25.32,4171513,104016888.00
2021/06/23,25.41,25.59,24.83,25.45,3459339,86667216.00
2021/06/24,25.28,25.44,24.47,24.58,2948457,72608256.00
2021/06/25,24.48,25.27,24.48,24.90,2772200,68563456.00
2021/06/28,24.66,25.05,24.34,24.79,1724730,42324792.00
2021/06/29,24.79,24.94,23.83,23.99,2527341,61022488.00
2021/06/30,23.96,24.30,23.67,24.01,1676423,39941156.00
2021/07/01,23.82,23.97,23.07,23.08,2312800,53928276.00
2021/07/02,23.04,23.16,22.54,22.63,1869603,42300500.00
2021/07/05,23.09,24.88,23.09,24.88,2461216,60133628.00
2021/07/06,24.38,25.07,23.77,24.01,4788993,115462352.00
2021/07/07,23.69,24.14,23.64,23.84,1934769,45849912.00
2021/07/08,23.84,24.17,23.60,24.17,2143809,50841372.00
2021/07/09,23.92,24.56,23.32,23.71,2116358,49577380.00
2021/07/12,24.02,25.85,24.00,25.36,6144146,153435712.00
2021/07/13,25.66,26.37,25.17,25.35,5912074,150715456.00
2021/07/14,25.32,26.13,25.19,25.37,4227497,107816880.00
2021/07/15,25.49,25.92,25.07,25.56,3362404,85166320.00
2021/07/16,25.17,25.53,24.82,24.90,2959493,73561408.00
2021/07/19,24.92,25.27,24.28,25.11,3020599,74322200.00
2021/07/20,24.75,24.93,24.20,24.61,2233411,54347572.00
2021/07/21,24.61,24.94,24.49,24.83,1605200,39421800.00
2021/07/22,24.75,24.95,24.33,24.45,2064777,50221396.00
2021/07/23,24.45,24.59,23.74,23.86,2352195,55935212.00
2021/07/26,23.58,24.06,23.37,23.59,1582877,37081768.00
2021/07/27,23.59,23.94,23.23,23.47,1614977,37808636.00
2021/07/28,23.37,23.37,22.18,22.73,1910877,43202408.00
2021/07/29,22.86,23.11,22.78,22.89,1106916,25195032.00
2021/07/30,22.82,23.37,22.58,22.84,1318516,30032250.00
2021/08/02,22.82,23.42,22.57,23.31,1484977,33842968.00
2021/08/03,23.10,23.75,23.05,23.21,1565972,36510928.00
2021/08/04,23.09,23.29,22.97,23.17,1045794,24022750.00
2021/08/05,22.97,23.11,22.62,22.70,1389100,31441964.00
2021/08/06,22.62,22.87,22.43,22.79,1095290,24646752.00
2021/08/09,23.05,23.43,22.87,23.04,1168300,26736888.00
2021/08/10,22.87,23.65,22.77,23.30,1510782,34782824.00
2021/08/11,23.31,23.43,23.04,23.21,942434,21703988.00
2021/08/12,23.09,23.59,23.08,23.44,1143444,26600874.00
2021/08/13,23.32,23.57,22.97,23.18,1128400,26056506.00
2021/08/16,23.20,23.75,23.02,23.62,1494836,34927068.00
2021/08/17,23.59,25.02,23.27,23.83,2437616,57661860.00
2021/08/18,23.61,24.37,23.37,24.22,2441262,57791164.00
2021/08/19,23.97,24.65,23.82,24.44,2374637,57462692.00
2021/08/20,24.55,24.55,23.70,24.02,1808548,43144336.00
2021/08/23,23.89,24.43,23.80,24.30,1744674,41903240.00
2021/08/24,24.30,24.42,23.91,23.93,1611700,38609200.00
2021/08/25,24.14,24.67,23.91,23.95,1946295,46783716.00
2021/08/26,23.73,23.87,22.85,22.95,2853619,65906188.00
2021/08/27,22.97,23.50,22.67,23.31,1421574,32572596.00
2021/08/30,23.16,24.65,23.16,24.36,3665997,88076656.00
2021/08/31,24.31,24.64,24.00,24.39,2091326,50461816.00
2021/09/01,24.33,24.42,23.47,24.03,2197116,52279776.00
2021/09/02,24.11,24.11,23.77,23.81,1333604,31585272.00
2021/09/03,23.73,24.37,23.73,23.93,1423966,33965624.00
2021/09/06,23.80,24.31,23.68,24.27,1871198,44876252.00
2021/09/07,24.29,24.60,24.02,24.07,1876700,45088004.00
2021/09/08,23.86,24.25,23.82,24.07,1314979,31316362.00
2021/09/09,24.06,24.15,23.67,23.75,1432582,33861196.00
2021/09/10,23.66,23.82,23.44,23.69,1268795,29718818.00
2021/09/13,23.67,23.69,23.19,23.27,998414,23109692.00
2021/09/14,23.64,23.64,23.18,23.31,982649,22815902.00
2021/09/15,23.20,23.35,23.02,23.05,754754,17286794.00
2021/09/16,23.17,23.58,23.05,23.17,800977,18498626.00
2021/09/17,23.11,23.32,22.94,23.21,818177,18752022.00
2021/09/22,23.18,23.18,22.77,22.90,694600,15797398.00
2021/09/23,22.92,23.16,22.78,22.81,744000,16925660.00
2021/09/24,22.68,22.94,22.66,22.69,741200,16753771.00
2021/09/27,22.68,22.86,22.13,22.17,1085700,24137014.00
2021/09/28,22.17,22.17,21.17,21.72,1490905,31770954.00
2021/09/29,21.57,21.61,20.97,20.97,900700,18948596.00
2021/09/30,21.00,21.30,21.00,21.12,491300,10302830.00
2021/10/08,21.17,21.68,21.17,21.40,726888,15465707.00
2021/10/11,21.50,21.59,21.10,21.23,581355,12261824.00
2021/10/12,21.27,21.30,20.45,20.63,788016,16254416.00
2021/10/13,20.52,20.94,20.52,20.89,565008,11636289.00
2021/10/14,20.84,21.06,20.48,20.96,603724,12450435.00
2021/10/15,20.98,21.16,20.80,20.90,570000,11875926.00
2021/10/18,20.87,20.87,20.64,20.75,415259,8531496.00
2021/10/19,20.77,21.64,20.70,21.15,794731,16767663.00
2021/10/20,21.67,21.69,21.17,21.22,576100,12200348.00
2021/10/21,21.36,21.36,20.89,20.89,494583,10336404.00
2021/10/22,20.90,21.14,20.73,20.86,409900,8497689.00
2021/10/25,20.86,21.10,20.79,20.97,377626,7850500.50
2021/10/26,20.97,20.97,20.38,20.40,778000,15875611.00
2021/10/27,20.41,20.53,19.67,19.68,932177,18403332.00
2021/10/28,19.76,19.76,19.15,19.43,657493,12634948.00
2021/10/29,19.65,20.06,19.45,19.80,498148,9745120.00
2021/11/01,19.79,20.27,19.68,20.17,497909,9907267.00
2021/11/02,20.32,20.32,19.67,19.76,684479,13549498.00
2021/11/03,19.76,20.05,19.67,19.93,525170,10324733.00
2021/11/04,19.97,20.07,19.82,19.97,431477,8526263.00
2021/11/05,19.97,20.32,19.97,20.11,590831,11834816.00
2021/11/08,20.04,20.08,19.67,20.00,419418,8280255.00
2021/11/09,20.01,20.64,19.97,20.41,887795,17928302.00
2021/11/10,20.42,20.55,20.30,20.51,593600,12029448.00
2021/11/11,20.64,20.65,20.43,20.47,647288,13171024.00
2021/11/12,20.47,20.81,20.39,20.59,788177,16072760.00
2021/11/15,20.61,21.16,20.60,21.07,975295,20295320.00
2021/11/16,21.16,21.28,20.81,20.86,742400,15480323.00
2021/11/17,20.85,21.14,20.81,21.01,561256,11704709.00
2021/11/18,21.01,21.11,20.65,20.67,699900,14464702.00
2021/11/19,20.74,21.05,20.71,20.92,668454,13875633.00
2021/11/22,20.92,21.00,20.75,20.96,637300,13187875.00
2021/11/23,20.99,21.02,20.74,20.82,568216,11736176.00
2021/11/24,20.77,21.11,20.66,21.03,825616,17099962.00
2021/11/25,21.14,21.14,20.81,21.01,648100,13501260.00
2021/11/26,20.99,21.84,20.89,21.47,1764591,37487804.00
2021/11/29,21.06,21.27,20.97,21.12,986932,20637108.00
2021/11/30,21.06,22.85,21.05,22.12,3041832,66732024.00
2021/12/01,22.12,22.50,21.91,22.12,1682916,37042780.00
2021/12/02,22.03,22.25,21.93,22.05,1150100,25161344.00
2021/12/03,22.15,22.51,21.95,21.99,1062559,23438134.00
2021/12/06,21.87,22.58,21.31,21.63,1604236,34621028.00
2021/12/07,21.60,21.79,20.83,21.07,1034431,21764086.00
2021/12/08,21.20,21.25,20.97,21.09,596700,12487098.00
2021/12/09,21.09,21.20,20.93,21.05,632200,13211047.00
2021/12/10,21.10,21.14,20.86,21.05,562100,11701978.00
2021/12/13,20.97,21.40,20.97,21.22,777489,16351647.00
2021/12/14,21.27,21.32,21.08,21.26,662608,13950840.00
2021/12/15,21.27,21.66,21.19,21.26,707800,15025914.00
2021/12/16,21.26,21.38,20.96,21.20,792477,16590516.00
2021/12/17,21.08,21.08,20.38,20.47,1271300,25990628.00
2021/12/20,20.27,20.70,20.21,20.42,638300,12989968.00
2021/12/21,20.47,20.64,20.42,20.55,714135,14525420.00
2021/12/22,20.55,21.02,20.55,20.78,882105,18196626.00
2021/12/23,20.69,20.82,20.30,20.30,852616,17321892.00
2021/12/24,20.45,20.45,19.95,20.02,823032,16412910.00
2021/12/27,19.19,20.33,19.06,20.03,1501184,29337146.00
2021/12/28,20.03,21.36,19.97,20.96,2955121,60745432.00
2021/12/29,20.94,21.60,20.77,21.37,2451750,51783864.00
2021/12/30,21.37,21.77,21.29,21.35,1720132,36683680.00
2021/12/31,21.35,21.62,21.16,21.22,968941,20461044.00
2022/01/04,21.22,21.53,21.22,21.48,1263700,26848368.00
2022/01/05,21.50,21.77,21.23,21.41,1466000,31200820.00
2022/01/06,21.41,21.82,21.30,21.67,1806329,38719004.00
2022/01/07,21.80,22.27,21.15,21.16,1890260,40710396.00
2022/01/10,21.24,22.05,20.99,21.86,1816577,39220536.00
2022/01/11,21.87,22.12,21.52,21.82,1192677,25728466.00
2022/01/12,21.68,22.02,21.66,21.76,951377,20574862.00
2022/01/13,21.87,22.02,21.67,21.80,1036660,22419768.00
2022/01/14,21.75,21.93,21.48,21.48,864900,18599002.00
2022/01/17,21.70,23.43,21.67,22.96,5173139,116633680.00
2022/01/18,22.87,23.38,22.60,22.63,2881200,65772812.00
2022/01/19,22.51,23.12,22.35,23.07,1890900,42960700.00
2022/01/20,22.74,23.04,22.47,22.54,1869816,42156728.00
2022/01/21,22.54,23.87,22.34,22.66,2042008,46462328.00
2022/01/24,22.75,24.91,22.68,24.91,2397374,58467520.00
2022/01/25,26.17,27.38,25.65,27.38,28549241,766938048.00
2022/01/26,27.17,27.18,24.66,24.66,12301699,311802816.00
2022/01/27,22.22,22.56,22.21,22.21,4890700,108074768.00
2022/01/28,20.18,20.99,20.01,20.01,15169131,304761728.00
2022/02/07,20.52,20.63,19.72,19.73,6431237,127828440.00
2022/02/08,20.16,20.51,19.64,20.48,5854309,117165200.00
2022/02/09,20.57,22.05,20.37,21.73,8460110,179895712.00
2022/02/10,21.47,22.26,21.21,21.88,6781292,146047024.00
2022/02/11,21.70,24.05,21.44,24.05,14025969,323336800.00
2022/02/14,24.06,26.43,23.11,23.78,18642891,452591392.00
2022/02/15,23.43,24.17,22.87,23.15,9617548,222198672.00
2022/02/16,23.67,24.05,23.17,23.26,7178209,167412256.00
2022/02/17,23.20,23.59,22.57,22.79,6723330,153428400.00
2022/02/18,22.45,23.13,22.37,23.00,4675527,106378752.00
2022/02/21,23.23,24.04,22.75,23.42,7020439,163960752.00
2022/02/22,23.27,23.80,23.09,23.63,7388339,172775056.00
2022/02/23,23.50,24.41,23.39,24.02,6930122,164060192.00
2022/02/24,23.77,24.17,22.57,23.21,8102487,187133056.00
2022/02/25,23.18,23.83,23.08,23.62,4827192,112674896.00
2022/02/28,25.17,25.67,23.55,23.68,8282016,200041776.00
2022/03/01,23.88,24.55,23.17,24.27,6901439,163697232.00
2022/03/02,24.35,24.71,23.69,24.42,6540700,156802064.00
2022/03/03,24.32,24.35,23.47,23.59,5370239,126926136.00
2022/03/04,23.71,24.67,23.66,24.47,8911757,214069456.00
2022/03/07,24.72,26.90,24.70,26.90,24955624,657256832.00
2022/03/08,25.52,26.85,24.47,24.47,16789064,429334144.00
2022/03/09,24.28,26.16,23.88,25.75,13845000,341591744.00
2022/03/10,26.45,28.31,25.75,26.69,19271677,523620768.00
2022/03/11,25.79,27.82,25.11,27.37,15129877,394317408.00
2022/03/14,26.67,27.61,25.79,26.05,12284230,327616576.00
2022/03/15,25.95,27.95,25.95,26.69,15540556,417854240.00
2022/03/16,27.17,28.97,26.15,27.81,17038929,465673952.00
2022/03/17,27.81,28.39,26.73,28.17,16672979,457058080.00
2022/03/18,28.04,28.04,26.78,27.15,10789776,292209440.00
2022/03/21,27.17,27.28,26.01,26.45,9385140,246093584.00
2022/03/22,26.33,27.06,25.84,26.92,7330576,192632288.00
2022/03/23,26.55,26.67,25.97,26.01,6273200,163360464.00
2022/03/24,25.77,26.30,24.69,25.98,6438780,162821552.00
2022/03/25,25.94,26.34,24.84,25.34,5759780,145821184.00
2022/03/28,24.81,24.96,23.88,23.92,4425357,106977040.00
2022/03/29,23.92,24.46,23.82,24.41,3485900,83713776.00
2022/03/30,24.38,24.53,23.94,24.42,3059730,73669752.00
2022/03/31,24.21,25.51,24.21,25.09,4763200,118136624.00
2022/04/01,24.81,25.21,24.47,24.71,3324486,81989256.00
2022/04/06,25.32,25.97,24.79,25.17,4218400,106680768.00
2022/04/07,25.17,25.17,23.88,24.36,3843243,92759728.00
2022/04/08,23.82,24.32,23.61,24.12,2506200,59626956.00
2022/04/11,24.08,24.17,22.69,23.09,3266177,75415352.00
2022/04/12,23.07,23.33,22.87,23.21,1604362,36824592.00
2022/04/13,23.19,23.19,21.38,21.74,3937527,85976624.00
2022/04/14,21.81,22.17,21.62,21.96,2355600,51367628.00
2022/04/15,22.03,22.03,20.76,20.98,3090129,64484972.00
2022/04/18,21.16,21.53,20.37,21.46,1771781,37087640.00
2022/04/19,21.36,21.76,21.14,21.32,1777900,37737216.00
2022/04/20,21.48,22.02,20.68,20.92,3249000,68017856.00
2022/04/21,20.77,21.02,20.05,20.17,3786700,76634688.00
2022/04/22,20.07,20.27,19.67,19.94,2318652,45784160.00
2022/04/25,19.57,19.66,18.05,18.07,4218148,77745536.00
2022/04/26,18.08,18.74,17.82,18.02,3883575,69973704.00
2022/04/27,17.84,18.67,17.58,18.60,2963813,53399520.00
2022/04/28,18.29,18.51,17.73,18.13,2012218,36018444.00
2022/04/29,18.55,18.75,17.92,18.63,3557735,64745144.00
2022/05/05,18.63,19.55,18.09,19.15,2826758,53328932.00
2022/05/06,18.80,19.64,18.68,18.96,1981477,37473184.00
2022/05/09,18.83,19.35,18.74,19.10,1612100,30410220.00
2022/05/10,19.01,19.29,18.53,19.26,1287377,24417402.00
2022/05/11,19.26,19.80,19.19,19.24,1823500,35209580.00
2022/05/12,19.18,19.41,18.79,19.18,1254900,23781170.00
2022/05/13,19.35,19.36,18.77,18.95,1376500,25946096.00
2022/05/16,18.96,19.22,18.71,18.77,1138000,21339304.00
2022/05/17,18.77,18.93,18.17,18.38,2084000,37938464.00
2022/05/18,18.66,19.77,18.66,19.24,4036356,77027272.00
2022/05/19,18.82,19.17,18.50,18.87,2324179,43155536.00
2022/05/20,18.87,18.95,18.65,18.89,1845378,34372864.00
2022/05/23,18.87,19.35,18.86,19.30,2306057,43759320.00
2022/05/24,19.27,19.35,18.24,18.25,2466200,45620844.00
2022/05/25,18.17,18.71,18.17,18.58,1661145,30425014.00
2022/05/26,18.92,18.96,18.27,18.50,1285700,23598856.00
2022/05/27,18.51,18.76,18.34,18.45,1453900,26664780.00
2022/05/30,18.47,18.82,18.31,18.68,1773716,32635882.00
2022/05/31,18.65,18.90,18.44,18.84,1293516,23969892.00
2022/06/01,18.79,20.14,18.79,19.74,4149800,80659904.00
2022/06/02,19.72,19.82,19.32,19.81,2047277,39734672.00
2022/06/06,19.91,20.52,19.82,20.10,3177962,63617888.00
2022/06/07,20.14,20.37,19.89,20.03,2031762,40152600.00
2022/06/08,20.04,20.43,19.59,19.82,2438545,47889380.00
2022/06/09,19.73,19.84,19.35,19.41,1493777,28644042.00
2022/06/10,19.40,19.62,19.18,19.51,1871177,35816532.00
2022/06/13,19.42,19.57,19.17,19.53,2649800,50357612.00
2022/06/14,19.23,19.34,18.58,19.14,2598300,48273704.00
2022/06/15,19.15,19.82,19.15,19.39,3126300,59991816.00
2022/06/16,19.43,19.72,19.40,19.45,2497800,48003356.00
2022/06/17,19.43,19.70,19.31,19.41,2346400,44816412.00
2022/06/20,19.35,19.80,19.31,19.66,2472177,47773788.00
2022/06/21,19.80,19.92,19.51,19.73,1871000,36201280.00
2022/06/22,19.71,19.83,19.18,19.23,2157330,41157300.00
2022/06/23,19.34,19.62,19.05,19.59,2118000,40319568.00
2022/06/24,19.79,21.52,19.71,21.52,5450035,110971200.00
2022/06/27,21.64,21.84,20.54,20.84,9147164,188992272.00
2022/06/28,20.85,21.05,20.42,20.95,4906652,100308696.00
2022/06/29,20.84,21.32,20.44,20.44,4701402,95817224.00
2022/06/30,20.34,20.72,20.32,20.64,3014500,60784728.00
2022/07/01,20.54,20.76,20.20,20.29,2431276,48788832.00
2022/07/04,20.37,21.00,20.37,20.57,2830168,57332972.00
2022/07/05,20.34,20.48,19.83,20.01,3071600,60616420.00
2022/07/06,19.85,20.28,19.78,19.94,2065003,40640712.00
2022/07/07,20.22,20.82,19.97,20.04,3319177,66363532.00
2022/07/08,20.04,20.62,19.91,20.14,2771377,55162616.00
2022/07/11,20.03,20.19,19.53,19.77,2110513,40974188.00
2022/07/12,19.64,19.74,19.21,19.22,1827100,34889656.00
2022/07/13,19.21,19.48,19.12,19.35,1251400,23734406.00
2022/07/14,18.89,19.39,18.14,19.14,3577700,66300300.00
2022/07/15,18.99,19.31,18.61,18.93,1890000,35116528.00
2022/07/18,18.95,19.23,18.75,19.10,1317577,24678592.00
2022/07/19,19.27,19.82,19.05,19.75,1886793,36160200.00
2022/07/20,19.79,19.84,19.49,19.63,1758600,33846172.00
2022/07/21,19.50,19.88,19.39,19.50,1864129,35856644.00
2022/07/22,19.35,19.60,19.10,19.32,1430780,27102550.00
2022/07/25,19.64,19.94,19.18,19.25,1116600,21404300.00
2022/07/26,19.22,19.73,19.15,19.49,1301177,24912160.00
2022/07/27,19.68,19.99,19.44,19.86,2208100,42858688.00
2022/07/28,19.79,20.02,19.74,19.75,1553180,30331708.00
2022/07/29,19.75,19.91,19.53,19.62,1350400,26146352.00
2022/08/01,19.57,19.91,19.44,19.70,1256379,24395080.00
2022/08/02,19.62,19.62,18.57,18.80,2078562,38741496.00
2022/08/03,18.79,19.26,18.76,18.81,1459800,27392476.00
2022/08/04,19.00,19.10,18.74,18.98,963840,17909840.00
2022/08/05,19.14,20.03,19.09,20.01,2921403,56527576.00
2022/08/08,20.04,20.58,19.79,20.52,2797310,55805080.00
2022/08/09,20.43,20.55,20.00,20.33,1882395,37458004.00
2022/08/10,20.24,20.70,20.09,20.44,2131772,42998684.00
2022/08/11,20.64,20.64,20.32,20.46,1858563,37419728.00
2022/08/12,20.51,20.88,20.19,20.63,3062847,62085880.00
2022/08/15,20.43,20.63,20.24,20.29,2533500,50840560.00
2022/08/16,20.34,20.94,20.21,20.56,2925400,59333232.00
2022/08/17,20.55,20.87,20.35,20.51,1480700,29833992.00
2022/08/18,21.64,22.53,21.49,22.53,8370399,184611760.00
2022/08/19,21.85,24.75,21.84,23.82,20989605,487781152.00
2022/08/22,23.82,25.54,23.58,25.03,17728867,434711488.00
2022/08/23,25.00,26.97,24.58,26.44,15282665,388812256.00
2022/08/24,26.08,26.51,25.35,25.64,9020265,230317136.00
2022/08/25,25.69,26.56,23.85,25.56,8825521,221010208.00
2022/08/26,25.14,25.64,24.34,24.58,7868931,192116880.00
2022/08/29,24.28,24.78,23.87,24.62,3467500,83185984.00
2022/08/30,24.52,25.52,24.00,24.14,4567782,111520584.00
2022/08/31,24.17,24.17,22.57,22.78,6873621,156157792.00
2022/09/01,22.77,23.44,22.44,23.09,2711232,61606024.00
2022/09/02,23.09,25.29,22.73,24.74,5596551,133404544.00
2022/09/05,24.64,25.13,23.64,24.12,3030000,72167864.00
2022/09/06,24.11,24.53,23.56,23.76,2552277,60080116.00
2022/09/07,24.14,24.39,22.54,22.83,5219475,119708976.00
2022/09/08,22.72,22.72,20.89,21.64,7411600,156529088.00
2022/09/09,21.63,22.23,21.14,21.98,4767983,102337336.00
2022/09/13,21.94,22.74,21.79,21.94,3079000,67278880.00
2022/09/14,21.58,22.56,21.41,22.40,2713100,58954576.00
2022/09/15,22.42,22.74,21.64,21.84,2609700,56689936.00
2022/09/16,21.85,23.99,21.72,23.99,6135182,141264720.00
2022/09/19,24.46,24.94,22.85,23.23,11521762,267108672.00
2022/09/20,22.85,23.31,21.94,23.31,7533280,168721904.00
2022/09/21,22.70,23.24,22.20,22.59,6008991,134906352.00
2022/09/22,22.23,24.82,22.23,24.82,4725593,113257704.00
2022/09/23,25.29,26.22,23.82,23.92,13857726,336757632.00
2022/09/26,24.02,24.40,23.63,23.91,6826189,161354160.00
2022/09/27,23.99,24.57,23.39,24.54,6740700,159457136.00
2022/09/28,23.99,24.54,22.74,23.76,6090596,142416384.00
2022/09/29,23.76,25.34,23.68,24.20,6078212,147025824.00
2022/09/30,23.49,26.22,22.85,24.36,8346394,202229872.00
2022/10/10,24.41,26.76,24.24,25.90,12023212,302704480.00
2022/10/11,25.44,28.46,25.30,27.06,19047085,523116672.00
2022/10/12,26.22,26.92,24.39,26.60,18812237,470407552.00
2022/10/13,25.84,28.83,25.44,27.27,17537754,468297248.00
2022/10/14,26.42,27.14,25.84,26.94,12702955,333218048.00
2022/10/17,27.00,28.23,26.45,27.22,12036029,325369440.00
2022/10/18,26.90,26.91,26.05,26.36,9367139,244036192.00
2022/10/19,25.89,25.98,24.35,25.44,8967973,223092304.00
2022/10/20,24.94,27.95,24.94,27.95,12220236,334917888.00
2022/10/21,28.26,28.26,26.24,26.94,15095440,403405792.00
2022/10/24,26.80,29.60,26.64,28.04,13570934,377500960.00
2022/10/25,27.34,28.60,26.70,28.16,8059176,220148448.00
2022/10/26,27.71,30.44,27.39,29.03,11490760,331442464.00
2022/10/27,28.42,30.94,28.42,30.04,14407547,426122624.00
2022/10/28,28.78,32.07,28.74,30.63,12687464,385551808.00
2022/10/31,30.89,33.66,30.74,33.66,7994870,261238896.00
2022/11/01,35.34,36.99,32.53,33.46,20350966,690312448.00
2022/11/02,33.33,34.60,31.82,34.18,15542866,507002112.00
2022/11/03,32.91,32.92,30.80,30.80,12503184,388810496.00
2022/11/04,30.40,31.82,30.02,31.25,6008519,184712480.00
2022/11/07,31.16,32.64,30.04,30.62,6595875,204474096.00
2022/11/08,30.65,33.65,29.84,33.65,11492988,362899712.00
2022/11/09,33.64,36.74,32.44,34.59,10853762,367102272.00
2022/11/10,33.74,36.67,33.35,35.35,10836633,378520256.00
2022/11/11,35.03,36.31,32.36,33.64,7963266,269385728.00
2022/11/14,32.87,34.54,32.64,34.54,5315566,177580864.00
2022/11/15,34.34,37.96,34.04,36.68,10985079,403180416.00
2022/11/16,35.09,36.70,33.82,35.01,9397967,325810592.00
2022/11/17,34.44,38.48,33.95,38.48,9326728,340911936.00
2022/11/18,38.48,42.14,38.34,39.44,12697577,504164672.00
2022/11/21,39.22,43.35,38.74,43.35,8820808,353292416.00
2022/11/22,43.84,44.64,39.88,41.10,10503935,432242272.00
2022/11/23,40.48,41.10,38.61,40.24,7022631,278134240.00
2022/11/24,38.84,40.11,38.59,39.15,5567731,216740640.00
2022/11/25,39.24,39.78,36.60,37.19,6359004,239677760.00
2022/11/28,35.84,38.53,35.74,37.46,6349287,234624848.00
2022/11/29,36.54,39.14,36.25,38.24,5913000,221642912.00
2022/11/30,38.24,38.33,35.85,36.14,6499928,235673856.00
2022/12/01,35.84,39.72,35.80,39.72,7234127,270692416.00
2022/12/02,39.24,41.44,39.22,39.63,8967121,358319552.00
2022/12/05,39.62,40.22,38.58,39.99,5097388,199332224.00
2022/12/06,39.22,39.87,37.33,37.86,6557841,247404416.00
2022/12/07,38.31,38.59,36.27,36.55,5517614,202689088.00
2022/12/08,36.54,37.18,34.84,35.38,5822837,206283696.00
2022/12/09,35.38,35.38,33.44,33.85,7653545,258506736.00
2022/12/12,33.87,35.43,33.78,35.34,5218426,180103216.00
2022/12/13,34.85,35.44,34.22,34.44,3432700,117360544.00
2022/12/14,33.89,34.81,33.44,33.67,2985277,100450864.00
2022/12/15,33.23,35.90,33.23,35.19,5308450,183484736.00
2022/12/16,35.10,35.10,33.41,33.58,3577952,120247480.00
2022/12/19,33.59,34.08,33.04,33.23,1900916,63027672.00
2022/12/20,33.89,33.89,31.79,32.05,3526736,113040696.00
2022/12/21,32.06,32.69,31.34,31.54,3114770,98181032.00
2022/12/22,31.53,32.13,30.52,31.31,2871652,89591112.00
2022/12/23,31.35,34.41,31.29,34.41,4740963,156106800.00
2022/12/26,34.44,34.94,33.75,34.54,5820080,197835216.00
2022/12/27,34.54,35.90,34.24,34.84,5934200,205847424.00
2022/12/28,34.53,35.39,34.00,34.86,4516100,155174304.00
2022/12/29,34.63,37.84,34.25,36.33,9370344,335985248.00
2022/12/30,34.90,36.29,34.22,35.60,7066177,248275104.00
2023/01/03,35.34,39.13,35.02,38.83,11613866,440215904.00
2023/01/04,38.45,38.88,37.24,38.34,8591398,323255136.00
2023/01/05,38.34,39.83,37.64,39.18,5844396,224451232.00
2023/01/06,38.04,38.84,37.23,37.54,5230771,196367424.00
2023/01/09,37.45,38.84,37.38,37.47,3756017,141390544.00
2023/01/10,37.70,37.73,36.54,37.52,2984473,110007720.00
2023/01/11,37.70,38.07,35.89,36.14,4624717,168329536.00
2023/01/12,35.95,37.36,35.58,36.61,4013576,144666032.00
2023/01/13,36.62,37.18,35.75,37.03,3236767,116978464.00
2023/01/16,37.92,38.85,35.84,36.70,5013120,186624288.00
2023/01/17,37.53,37.69,34.64,35.03,3904993,137189792.00
2023/01/18,34.49,38.50,34.30,38.50,8065777,297598592.00
2023/01/19,38.34,40.34,37.54,39.42,9817696,384882208.00
2023/01/20,39.43,40.33,38.12,38.14,6761900,262339936.00
2023/01/30,38.77,41.13,37.55,40.63,9157857,360059008.00
2023/01/31,40.22,40.72,39.62,40.08,3875989,154029280.00
2023/02/01,39.55,41.84,39.55,41.40,4696581,189984192.00
2023/02/02,41.10,43.73,39.23,39.34,6412081,261159840.00
2023/02/03,39.34,40.62,38.52,40.04,5084770,199525440.00
2023/02/06,39.97,41.50,39.91,40.59,4980189,200566016.00
2023/02/07,40.35,40.71,38.98,39.34,3112196,121926264.00
2023/02/08,39.04,39.73,38.64,39.30,2084000,81048096.00
2023/02/09,39.30,39.30,37.84,38.34,5396996,206019840.00
2023/02/10,38.14,39.64,38.14,38.39,3672000,141597184.00
2023/02/13,38.33,38.80,37.35,38.30,4857468,182573888.00
2023/02/14,38.73,39.64,37.94,38.24,4339641,167044848.00
2023/02/15,37.85,39.26,37.36,38.43,5191064,197423152.00
2023/02/16,38.32,38.99,37.35,37.55,4611560,173719264.00
2023/02/17,37.16,37.51,35.74,35.97,5692504,204285088.00
2023/02/20,36.29,36.30,34.94,35.78,3675900,129039808.00
2023/02/21,35.40,36.99,35.40,36.34,3257820,117352024.00
2023/02/22,35.95,37.22,35.85,36.52,2455500,88854432.00
2023/02/23,36.51,36.51,34.94,35.31,3670856,129411968.00
2023/02/24,35.31,36.09,35.22,35.81,2692835,95401512.00
2023/02/27,35.66,36.13,35.19,35.56,2288100,80540808.00
2023/02/28,36.60,38.04,35.82,36.26,6097400,223300400.00
2023/03/01,35.84,37.32,35.84,37.05,4751993,173539344.00
2023/03/02,37.04,37.19,35.49,36.17,4043043,145032384.00
2023/03/03,35.84,36.32,35.00,35.88,4085600,143778368.00
2023/03/06,35.94,36.19,35.06,35.29,2223700,78289296.00
2023/03/07,35.15,35.60,34.34,34.34,2473200,84997136.00
2023/03/08,34.64,36.83,34.34,36.64,5295916,188888112.00
2023/03/09,36.87,37.02,35.75,36.60,3005104,108560912.00
2023/03/10,36.26,36.91,35.85,36.11,2206900,79358704.00
2023/03/13,35.84,38.69,35.30,38.42,6035500,224107872.00
2023/03/14,38.42,39.80,38.14,38.99,7985550,309846848.00
2023/03/15,39.09,39.63,38.53,39.05,3510104,136205936.00
2023/03/16,38.67,39.74,38.20,39.16,3672093,142524528.00
2023/03/17,39.37,41.00,39.15,39.90,5088705,202158832.00
2023/03/20,39.81,39.81,38.34,38.94,4817315,186424992.00
2023/03/21,38.90,39.97,38.45,39.89,2776602,108267464.00
2023/03/22,39.54,40.19,39.01,39.34,2687800,105147496.00
2023/03/23,39.21,39.33,37.61,38.35,4990082,188549600.00
2023/03/24,38.59,38.79,37.34,38.08,3654271,137795408.00
2023/03/27,38.34,40.84,37.94,38.90,5939800,230099664.00
2023/03/28,38.34,39.14,36.35,36.94,7602150,281116256.00
2023/03/29,36.78,36.97,33.96,34.24,9428163,326037216.00
2023/03/30,34.18,34.72,33.47,33.64,3766524,126764440.00
2023/03/31,33.50,33.93,32.97,33.69,3126724,103669544.00
2023/04/03,34.02,37.03,33.83,37.03,7429732,260794016.00
2023/04/04,37.34,38.45,36.53,37.40,9262759,342020448.00
2023/04/06,36.47,38.89,36.45,37.72,7047021,265929872.00
2023/04/07,37.68,39.45,37.60,38.61,6056450,231679072.00
2023/04/10,38.60,38.89,36.14,36.44,5596200,205987168.00
2023/04/11,36.34,36.82,35.98,36.44,2983050,107385344.00
2023/04/12,36.20,39.05,35.85,38.41,6105535,227894544.00
2023/04/13,37.87,42.22,37.85,40.56,15267216,617415616.00
2023/04/14,40.21,41.97,36.60,38.94,18901402,716109632.00
2023/04/17,37.88,37.97,35.08,35.08,13343499,469588512.00
2023/04/18,33.69,35.32,33.14,34.79,7321982,248619584.00
2023/04/19,34.53,34.82,33.71,34.22,6350090,215389696.00
2023/04/20,33.62,35.09,33.62,34.79,4473777,153238640.00
2023/04/21,34.42,35.24,33.12,33.15,5262785,176199936.00
2023/04/24,33.34,33.54,31.15,31.26,8077604,257687168.00
2023/04/25,31.39,32.52,31.09,31.70,6460600,201811952.00
2023/04/26,31.14,31.69,28.83,29.34,8290936,243159040.00
2023/04/27,29.11,29.93,28.89,29.35,4455804,130034536.00
2023/04/28,29.12,30.98,29.12,30.78,4076369,122146168.00
2023/05/04,30.60,31.54,29.19,30.18,4287056,127631784.00
2023/05/05,29.78,33.16,29.78,33.16,7710504,243187168.00
2023/05/08,33.42,33.54,32.01,33.24,7101804,229977776.00
2023/05/09,32.72,33.33,31.74,32.05,4454500,142665824.00
2023/05/10,31.92,32.64,31.48,32.26,3457700,109662152.00
2023/05/11,32.34,32.71,31.62,31.79,2702890,85820944.00
2023/05/12,31.47,32.24,31.42,31.91,2263394,71143896.00
2023/05/15,31.79,31.84,30.54,30.91,3253190,99771656.00
2023/05/16,30.95,30.96,29.58,29.65,3418491,101417728.00
2023/05/17,29.63,30.16,29.39,29.90,3278877,96552888.00
2023/05/18,29.93,31.90,29.67,30.93,5193401,159684048.00
2023/05/19,30.71,31.34,30.53,30.88,2423719,74094392.00
2023/05/22,30.72,30.89,29.72,30.17,3544400,105150656.00
2023/05/23,30.52,30.52,29.02,29.04,4018700,116375152.00
2023/05/24,28.89,29.25,28.32,29.19,2503700,71467640.00
2023/05/25,29.46,30.61,28.58,28.74,3720604,107436008.00
2023/05/26,28.72,31.58,28.34,31.58,6703804,201968608.00
2023/05/29,31.54,33.67,31.17,32.38,9594581,307935488.00
2023/05/30,32.13,33.34,31.84,32.94,4853800,155901488.00
2023/05/31,33.05,34.03,32.96,33.20,5734900,189685664.00
2023/06/01,32.94,33.41,32.71,32.95,3712200,121615112.00
2023/06/02,32.88,33.17,32.24,32.39,3235616,104269008.00
2023/06/05,32.67,32.79,31.99,32.54,2756404,88329896.00
2023/06/06,32.64,32.69,31.47,31.47,1885204,59944296.00
2023/06/07,31.64,33.72,31.29,33.03,3602000,116908824.00
2023/06/08,32.70,32.94,31.88,32.12,2060937,65712640.00
2023/06/09,32.12,32.95,31.71,32.81,2612200,83685488.00
2023/06/12,32.74,33.66,32.00,32.15,3483779,112300160.00
2023/06/13,32.34,32.54,31.54,32.51,1801100,57476928.00
2023/06/14,32.46,33.20,32.04,33.16,3350600,109043552.00
2023/06/15,32.91,33.08,31.74,31.80,3567200,113266176.00
2023/06/16,31.75,33.17,31.21,32.79,3510600,112724736.00
2023/06/19,32.82,34.20,32.59,33.55,3624000,119897192.00
2023/06/20,33.40,34.04,33.15,33.59,3560516,118660432.00
2023/06/21,33.35,33.45,32.12,32.12,2677400,86149344.00
2023/06/26,32.04,32.11,30.49,30.56,2692200,82401720.00
2023/06/27,30.57,30.92,29.64,30.04,4107540,122025112.00
2023/06/28,30.06,30.31,28.44,28.98,3852764,110140064.00
2023/06/29,28.99,31.84,28.83,31.84,9993530,309346144.00
2023/06/30,31.20,33.73,30.74,32.79,10339695,327575072.00
2023/07/03,32.71,34.74,32.43,34.36,10882332,362956608.00
2023/07/04,34.12,35.69,34.12,35.62,7642604,266197824.00
2023/07/05,35.34,35.84,34.03,34.26,4056016,138591584.00
2023/07/06,34.70,35.31,33.54,33.80,4151207,141273408.00
2023/07/07,33.55,33.62,30.45,30.46,7806800,238659392.00
2023/07/10,30.30,31.87,29.27,29.50,8045634,240155536.00
2023/07/11,29.48,29.80,28.54,28.98,7524978,216213040.00
2023/07/12,28.98,28.99,27.77,27.85,5774572,161181760.00
2023/07/13,27.81,27.83,26.43,27.47,7329726,195937728.00
2023/07/14,27.34,29.17,27.24,28.71,7558816,211909520.00
2023/07/17,28.21,28.29,27.34,27.72,5735494,156775216.00
2023/07/18,27.72,27.81,26.51,26.60,5459770,144690848.00
2023/07/19,26.61,26.83,25.85,25.91,4747716,122539920.00
2023/07/20,26.01,26.01,25.31,25.37,3904873,98649992.00
2023/07/21,25.35,25.89,25.23,25.50,3469379,87533672.00
2023/07/24,25.36,26.14,25.14,25.31,4561894,114619584.00
2023/07/25,25.61,25.83,25.26,25.79,3533379,89331600.00
2023/07/26,25.79,25.79,24.99,25.22,4080300,101750800.00
2023/07/27,25.22,25.34,24.72,24.80,2893378,71238664.00
2023/07/28,24.75,24.96,24.34,24.67,3018500,73415024.00
2023/07/31,24.82,24.96,24.47,24.59,3113700,75867736.00
2023/08/01,24.58,24.59,24.14,24.31,3575000,85609568.00
2023/08/02,24.33,25.43,24.09,25.22,7553201,186232704.00
2023/08/03,24.91,25.89,24.84,25.81,7547518,189877328.00
2023/08/04,25.78,26.46,25.46,26.23,7517931,194035744.00
2023/08/07,26.19,26.90,26.09,26.37,4811300,125475960.00
2023/08/08,26.28,26.96,25.98,26.60,4991300,130993744.00
2023/08/09,26.44,26.87,25.67,25.76,7303000,188351280.00
2023/08/10,25.71,26.29,25.14,25.46,5405992,136739104.00
2023/08/11,25.46,25.66,24.70,24.71,3458300,85682880.00
2023/08/14,24.59,26.22,24.39,25.88,6101568,153083904.00
2023/08/15,25.98,26.20,24.95,25.12,4139216,103457536.00
2023/08/16,25.50,25.53,24.25,24.30,4272100,103955616.00
2023/08/17,24.30,24.92,23.47,24.57,3996604,95644064.00
2023/08/18,24.55,25.82,24.42,24.97,6035016,150272688.00
2023/08/21,24.89,25.60,24.44,24.44,3625538,89362464.00
2023/08/22,24.65,25.29,24.26,25.04,4185000,102403512.00
2023/08/23,25.04,25.49,24.52,24.59,3692916,90653736.00
2023/08/24,24.56,24.94,23.90,23.97,3559800,84877080.00
2023/08/25,23.94,23.96,22.92,23.09,3524700,81079024.00
2023/08/28,23.79,24.34,22.75,22.75,4398200,102232864.00
2023/08/29,22.36,24.17,22.35,24.06,4914797,114266800.00
2023/08/30,24.03,24.94,23.82,24.82,4609600,111031464.00
2023/08/31,24.57,24.86,24.35,24.55,2738000,66355224.00
2023/09/01,24.55,24.81,23.32,23.52,4030616,94466240.00
2023/09/04,23.53,23.88,22.84,23.32,4362398,99546640.00
2023/09/05,23.24,23.70,23.04,23.26,3407500,78646528.00
2023/09/06,23.12,23.26,22.74,23.19,2808800,63691240.00
2023/09/07,23.34,25.48,23.12,23.77,11797254,281119072.00
2023/09/08,23.73,23.73,22.50,23.33,9528606,216023760.00
2023/09/11,23.17,23.46,22.52,23.20,6100500,138531376.00
2023/09/12,23.22,23.34,22.79,22.80,3818212,86210888.00
2023/09/13,22.72,22.80,22.03,22.25,4743900,104149616.00
2023/09/14,22.04,22.19,21.68,21.92,2912896,62967524.00
2023/09/15,21.94,22.03,21.51,21.57,2590997,55366892.00
2023/09/18,21.45,22.09,21.42,21.99,3638197,78267056.00
2023/09/19,21.94,21.95,21.31,21.32,2608341,55234804.00
2023/09/20,21.32,21.59,21.18,21.19,2319800,48865980.00
2023/09/21,21.17,21.44,20.97,21.19,1969512,41028360.00
2023/09/22,21.22,22.25,21.00,21.87,4642706,99134896.00
2023/09/25,21.45,21.86,21.23,21.56,3725625,78839712.00
2023/09/26,21.48,22.84,21.48,22.07,5628900,122862704.00
2023/09/27,22.00,22.72,21.79,22.12,4150079,90570712.00
2023/09/28,22.24,22.76,22.04,22.34,2992821,66065944.00
2023/10/09,22.51,22.51,21.82,21.97,2748657,59580088.00
2023/10/10,21.97,22.84,21.95,22.59,4748212,105420264.00
2023/10/11,22.57,22.65,21.95,22.36,3530282,77575344.00
2023/10/12,23.11,23.11,22.05,22.14,3680289,80996680.00
2023/10/13,21.96,22.13,21.73,21.89,2505400,54037148.00
2023/10/16,21.97,22.52,21.79,22.14,2774798,60441092.00
2023/10/17,22.44,23.11,22.26,22.78,5517100,123248664.00
2023/10/18,22.36,22.62,21.52,21.91,4366404,94190480.00
2023/10/19,21.72,22.25,21.41,21.43,2961959,63553712.00
2023/10/20,21.35,21.57,20.68,20.78,2880200,59574336.00
2023/10/23,20.61,20.74,19.54,19.64,3554300,69792968.00
2023/10/24,19.69,20.43,19.27,19.83,4380400,85535648.00
2023/10/25,19.86,21.01,19.76,20.72,4810307,97539856.00
2023/10/26,20.60,21.11,20.49,20.86,3136700,64149404.00
2023/10/27,20.87,20.92,19.94,20.24,4777700,95141776.00
2023/10/30,19.89,20.46,19.53,20.44,5215900,102256464.00
2023/10/31,20.33,20.72,19.98,20.25,3415400,68166864.00
2023/11/01,20.19,20.49,19.97,20.02,2590500,51459108.00
2023/11/02,20.05,20.17,19.53,19.54,2883400,56065976.00
2023/11/03,19.72,20.37,19.59,20.29,4092602,81184960.00
2023/11/06,20.31,20.84,20.31,20.84,3300100,67158880.00
2023/11/07,20.84,21.00,20.52,20.82,2556000,52064816.00
2023/11/08,20.94,21.83,20.83,21.45,5129400,108268544.00
2023/11/09,21.49,22.19,21.39,21.93,5172023,111261928.00
2023/11/10,21.60,21.84,21.35,21.50,3061600,64874112.00
2023/11/13,21.49,22.14,21.49,22.01,3202500,69279336.00
2023/11/14,22.03,24.18,22.03,24.18,8223731,192344240.00
2023/11/15,24.18,25.25,23.94,24.09,20624883,497469056.00
2023/11/16,23.91,24.71,23.54,23.87,13787878,327739264.00
2023/11/17,23.76,23.92,23.42,23.64,7220780,168184208.00
2023/11/20,23.64,23.76,23.20,23.63,6971500,161322128.00
2023/11/21,23.80,23.85,23.25,23.33,5471600,126711520.00
2023/11/22,23.13,23.59,22.99,22.99,4609000,105515648.00
2023/11/23,22.85,23.22,22.52,23.14,4466800,100947488.00
2023/11/24,23.05,23.06,22.32,22.46,3993764,88687120.00
2023/11/27,22.46,23.33,22.32,23.33,7540600,170190864.00
2023/11/28,23.54,23.70,22.54,23.35,9718333,222057936.00
2023/11/29,23.36,24.12,23.09,23.53,9058605,210323392.00
2023/11/30,23.73,24.45,23.25,24.38,14761447,348937696.00
2023/12/01,24.03,24.23,23.15,23.50,11139098,259390736.00
2023/12/04,23.14,23.53,23.10,23.25,5411064,124077832.00
2023/12/05,23.17,24.03,22.54,23.02,9248583,212122752.00
2023/12/06,22.64,23.64,22.35,22.83,5739283,129526976.00
2023/12/07,22.56,23.43,22.56,22.75,4167028,94008640.00
2023/12/08,22.51,23.04,22.14,22.27,5096804,112921128.00
2023/12/11,22.04,22.49,21.55,22.38,3700300,81020360.00
2023/12/12,22.43,22.84,22.27,22.56,3361100,74753856.00
2023/12/13,22.57,22.70,22.09,22.09,3555100,78309040.00
2023/12/14,22.11,22.52,21.75,21.78,3460044,75319600.00
2023/12/15,21.76,21.99,21.24,21.44,3961800,83846984.00
2023/12/18,21.33,21.63,20.60,20.65,3957716,81947424.00
2023/12/19,20.64,21.04,20.46,20.79,3331936,68173080.00
2023/12/20,20.80,20.99,20.22,20.24,3833046,77044760.00
2023/12/21,20.29,20.89,19.99,20.37,4029200,80734672.00
2023/12/22,20.30,20.33,19.84,19.93,2992283,58904328.00
2023/12/25,19.99,20.18,19.54,19.66,2864300,55609488.00
2023/12/26,19.76,19.76,19.10,19.20,3145683,59738256.00
2023/12/27,19.25,19.37,18.94,19.31,3928900,73937904.00
2023/12/28,19.32,19.84,19.02,19.78,3982800,76683296.00
2023/12/29,19.77,20.15,19.73,20.05,2729096,53577288.00
2024/01/02,20.43,20.82,19.93,20.14,4003200,79639344.00
2024/01/03,20.34,20.34,19.81,19.97,2346000,46174564.00
2024/01/04,19.87,21.93,19.81,21.93,10537700,224032288.00
2024/01/05,21.94,22.29,21.07,21.24,14235997,302172288.00
2024/01/08,20.97,21.57,20.69,20.89,7995600,165490400.00
2024/01/09,20.90,21.12,20.23,20.62,7522600,152482192.00
2024/01/10,20.42,20.50,19.64,19.95,5445000,107016320.00
2024/01/11,20.12,21.91,19.95,21.91,6082144,129411784.00
2024/01/12,23.13,23.81,22.39,22.56,24370216,552097472.00
2024/01/15,22.11,22.81,21.97,22.37,11782051,259292400.00
2024/01/16,22.44,22.83,21.84,22.36,9241769,201990752.00
2024/01/17,22.42,22.49,21.72,21.80,5760144,124927232.00
2024/01/18,21.85,22.11,20.82,22.08,7526200,158444768.00
2024/01/19,21.75,21.75,20.44,20.56,8016340,164853664.00
2024/01/22,20.46,20.46,18.54,18.54,8842500,167639328.00
2024/01/23,18.11,18.34,17.24,18.04,6343000,111440616.00
2024/01/24,18.19,18.54,17.48,18.10,5253200,92832472.00
2024/01/25,18.02,18.78,17.64,18.78,5403940,97151768.00
2024/01/26,18.73,18.98,18.23,18.27,4346012,79202568.00
2024/01/29,18.23,18.31,16.72,16.89,6865569,115821176.00
2024/01/30,16.94,16.94,16.08,16.14,4540000,73011416.00
2024/01/31,15.79,15.84,14.56,14.70,7539837,111361232.00
2024/02/01,14.84,15.84,14.84,15.54,8196193,123048480.00
2024/02/02,15.63,15.67,14.35,14.72,7905300,114512816.00
2024/02/05,14.41,14.43,13.28,13.30,6507167,85977184.00
2024/02/06,13.04,13.84,12.30,13.39,5190727,65751360.00
2024/02/07,13.40,13.45,12.10,12.26,6678199,82852792.00
2024/02/08,12.27,13.44,12.22,13.39,5927790,74947120.00
2024/02/19,13.55,14.60,13.55,14.24,3695761,51222852.00
数据来源:通达信
