002871 伟隆股份 日线 后复权
      日期	    开盘	    最高	    最低	    收盘	    成交量	    成交额
2017/05/11,20.32,22.16,20.32,22.16,4600,101752.00
2017/05/12,24.38,24.38,24.38,24.38,3500,85330.00
2017/05/15,26.82,26.82,26.82,26.82,1100,29502.00
2017/05/16,29.50,29.50,29.50,29.50,5500,162250.00
2017/05/17,32.45,32.45,32.45,32.45,7200,233640.00
2017/05/18,35.70,35.70,35.70,35.70,17137,611790.88
2017/05/19,39.27,39.27,39.27,39.27,22400,879648.00
2017/05/22,43.20,43.20,43.20,43.20,140100,6052320.00
2017/05/23,42.00,46.41,41.30,44.55,10577305,469423264.00
2017/05/24,43.06,49.01,42.00,49.01,9161858,416807328.00
2017/05/25,48.00,51.00,45.50,48.12,10200248,489406976.00
2017/05/26,51.00,52.93,50.09,52.93,8548099,447173568.00
2017/05/31,58.22,58.22,48.52,48.80,11076670,592402688.00
2017/06/01,47.39,49.74,46.44,46.66,7595306,363218784.00
2017/06/02,44.51,46.86,42.54,45.30,6301559,280552384.00
2017/06/05,47.00,48.36,44.30,44.52,6534173,305412704.00
2017/06/06,42.10,44.52,42.10,43.90,4423898,191597040.00
2017/06/07,44.58,47.20,44.27,46.01,6830979,314298912.00
2017/06/08,45.32,46.96,43.90,44.60,6443847,292223424.00
2017/06/09,44.09,44.50,43.01,43.62,3663952,160226928.00
2017/06/12,42.59,43.30,40.71,40.75,3947701,166097552.00
2017/06/13,40.50,44.83,40.49,44.83,5796598,250289824.00
2017/06/14,44.40,45.30,43.10,43.75,3586896,157636832.00
2017/06/15,43.12,46.35,43.11,45.25,3979331,178571792.00
2017/06/16,45.00,45.25,43.01,43.94,2986348,131379040.00
2017/06/19,43.43,44.15,43.43,43.86,1924400,84256768.00
2017/06/20,43.90,44.81,42.00,42.21,3782324,163420128.00
2017/06/21,42.00,43.18,41.36,42.54,2214329,93917184.00
2017/06/22,42.11,42.84,41.00,41.02,2424280,101242680.00
2017/06/23,40.95,41.50,39.22,40.65,2176234,87935584.00
2017/06/26,40.66,41.47,40.00,41.03,1421494,57932304.00
2017/06/27,41.04,41.50,40.52,40.63,1360400,55720304.00
2017/06/28,40.28,40.30,39.25,39.28,1606800,63566748.00
2017/06/29,39.25,39.97,39.25,39.42,1079482,42784848.00
2017/06/30,39.25,40.97,39.25,40.18,1791867,72072416.00
2017/07/03,40.27,41.27,40.18,40.60,1476015,60071736.00
2017/07/04,40.55,40.96,40.20,40.72,1203476,48807100.00
2017/07/05,40.58,41.80,40.58,41.49,2105248,87057584.00
2017/07/06,41.49,42.09,40.88,42.06,2299948,95658768.00
2017/07/07,41.90,43.65,41.90,43.17,2933430,126288208.00
2017/07/10,41.82,42.39,40.65,40.96,2486149,103023296.00
2017/07/11,40.50,41.15,39.88,39.90,1361522,55115236.00
2017/07/12,39.92,41.20,39.51,41.04,1398529,56253900.00
2017/07/13,40.76,40.93,39.60,39.89,1055422,42295720.00
2017/07/14,40.00,40.27,39.56,39.72,693974,27724054.00
2017/07/17,39.30,39.30,35.75,35.75,1660907,60819128.00
2017/07/18,35.00,35.79,34.11,35.25,1280500,44792192.00
2017/07/19,35.03,35.04,34.00,34.87,1228116,42619772.00
2017/07/20,34.89,36.15,34.75,34.93,1222300,43295944.00
2017/07/21,34.80,35.18,34.12,34.43,775400,26848556.00
2017/07/24,34.41,34.98,33.45,34.95,1061100,36243400.00
2017/07/25,34.97,36.08,34.70,35.72,1560600,55369700.00
2017/07/26,35.50,35.70,34.80,35.61,847276,29876212.00
2017/07/27,35.50,37.20,35.19,36.78,1620496,59089172.00
2017/07/28,36.60,37.99,36.18,37.85,2127702,78900928.00
2017/07/31,37.49,38.28,36.61,37.92,2314370,87078168.00
2017/08/01,37.62,37.90,37.17,37.38,693500,25983136.00
2017/08/02,37.40,38.00,36.77,37.33,1382000,51733968.00
2017/08/03,37.18,38.90,37.11,37.70,2170795,82764472.00
2017/08/04,37.75,38.79,37.44,38.64,1711345,65440068.00
2017/08/07,39.07,39.50,37.88,38.66,1020545,39484152.00
2017/08/08,38.42,38.72,37.92,38.26,797000,30537620.00
2017/08/09,38.26,38.49,37.20,37.25,672800,25503460.00
2017/08/10,37.21,38.45,36.87,37.00,1373500,51482304.00
2017/08/11,36.85,37.08,35.78,35.98,959200,34911328.00
2017/08/14,35.74,36.60,35.74,36.53,506591,18439986.00
2017/08/15,36.51,36.98,36.47,36.88,396945,14565855.00
2017/08/16,37.00,37.75,36.92,37.45,1080400,40449684.00
2017/08/17,37.27,37.47,36.00,37.02,1904745,69792680.00
2017/08/18,36.77,37.85,36.60,37.55,1365978,51088768.00
2017/08/21,37.60,38.78,37.11,38.20,1202200,45922024.00
2017/08/22,38.20,38.75,38.08,38.35,969622,37203064.00
2017/08/23,38.34,38.95,37.93,38.80,1433100,55219472.00
2017/08/24,38.51,39.60,38.39,38.92,2108356,82259304.00
2017/08/25,38.60,40.99,38.31,40.18,2766957,109522848.00
2017/08/28,40.31,41.66,40.00,41.31,2978989,121521848.00
2017/08/29,41.18,43.48,40.50,41.68,3359782,140788256.00
2017/08/30,41.28,41.83,40.60,40.76,1734182,71159504.00
2017/08/31,40.56,41.95,40.56,41.81,1604409,66622820.00
2017/09/01,41.85,42.50,40.71,41.32,1305227,53900380.00
2017/09/04,41.11,41.73,40.52,40.53,1182754,48656396.00
2017/09/05,40.39,41.25,40.39,40.93,958700,39238604.00
2017/09/06,40.65,41.15,39.86,40.70,988300,39810984.00
2017/09/07,40.68,41.29,40.34,40.75,1200000,49184676.00
2017/09/08,40.70,41.50,40.50,40.85,1324600,54382296.00
2017/09/11,40.96,42.66,40.61,42.24,3081552,128837280.00
2017/09/12,42.11,42.80,40.40,40.86,2339437,97154104.00
2017/09/13,40.84,41.06,40.15,40.70,1046432,42388696.00
2017/09/14,40.70,40.93,40.27,40.65,876195,35561444.00
2017/09/15,40.69,40.81,39.85,39.89,1007600,40746812.00
2017/09/18,39.40,40.98,39.40,40.70,1412082,56824560.00
2017/09/19,40.94,41.32,40.41,40.87,1671154,68175952.00
2017/09/20,40.88,41.79,40.76,41.70,2436937,100739856.00
2017/09/21,41.68,42.00,40.80,40.80,1506800,62263612.00
2017/09/22,40.15,41.15,40.10,40.93,892695,36294340.00
2017/09/25,40.87,41.31,40.35,40.55,825500,33689492.00
2017/09/26,40.53,40.88,39.34,39.88,1127800,44915944.00
2017/09/27,40.00,40.25,39.74,40.15,757500,30314802.00
2017/09/28,40.24,41.49,40.10,41.21,2542809,104593728.00
2017/09/29,41.31,42.24,41.04,42.08,2536609,105930208.00
2017/10/09,43.19,43.40,41.80,41.85,1987795,83969800.00
2017/10/10,41.68,42.47,41.55,42.45,1696600,71394272.00
2017/10/11,42.28,42.69,41.40,41.40,1874600,78828088.00
2017/10/12,41.25,41.79,41.09,41.61,1008300,41758384.00
2017/10/13,41.60,43.18,41.32,43.06,2705857,115385896.00
2017/10/16,42.85,43.03,41.36,41.40,1733354,72915248.00
2017/10/17,41.31,44.20,41.11,43.70,3433000,147672128.00
2017/10/18,43.19,43.99,42.60,42.75,2321100,100333480.00
2017/10/19,42.80,46.19,42.30,44.24,3743800,165897040.00
2017/10/20,44.11,44.95,43.48,44.76,2575500,114052480.00
2017/10/23,44.55,46.59,44.26,46.57,3568859,163207072.00
2017/10/24,45.80,45.90,43.57,43.90,3650952,162754720.00
2017/10/25,43.82,46.59,43.01,46.02,3581549,161403984.00
2017/10/26,45.75,46.34,45.12,45.90,2601322,119116400.00
2017/10/27,45.60,46.35,44.55,45.10,2300803,104652864.00
2017/10/30,44.60,44.66,41.06,41.06,3045925,128725072.00
2017/10/31,41.22,41.97,41.22,41.73,1478027,61541092.00
2017/11/01,41.75,42.86,41.54,42.33,1436325,60861868.00
2017/11/02,42.30,42.67,41.64,42.29,1324527,55759772.00
2017/11/03,42.18,42.48,41.20,41.60,1189300,49609356.00
2017/11/06,42.04,42.48,41.71,42.42,1108227,46710332.00
2017/11/07,42.04,42.40,41.39,41.95,1238127,51666872.00
2017/11/08,41.84,42.60,41.84,42.13,1317700,55714384.00
2017/11/09,42.01,42.87,42.01,42.74,1289476,54810428.00
2017/11/10,42.74,44.34,42.61,43.80,2385503,104434712.00
2017/11/13,44.00,44.78,43.60,44.36,1869684,82775904.00
2017/11/14,44.20,45.50,43.80,44.08,2231384,99798888.00
2017/11/15,43.88,45.49,43.84,44.59,2224285,99369152.00
2017/11/16,44.58,45.13,42.95,42.99,1906600,83347584.00
2017/11/17,42.99,43.00,38.69,39.28,1697717,69355896.00
2017/11/20,39.88,40.37,37.80,40.15,946700,37633448.00
2017/11/21,40.11,40.37,37.93,39.36,1323195,51596340.00
2017/11/22,39.08,39.73,38.32,39.00,750200,29214352.00
2017/11/23,38.88,38.98,37.10,37.34,791200,30280872.00
2017/11/24,37.33,37.65,36.83,36.93,713522,26589666.00
2017/11/27,36.91,37.20,35.51,36.09,602714,21868788.00
2017/11/28,36.00,36.61,35.98,36.49,635507,23116996.00
2017/11/29,36.58,36.58,35.01,35.99,800400,28562272.00
2017/11/30,35.74,36.44,35.72,36.11,611900,22114544.00
2017/12/01,36.11,36.60,35.90,36.53,608600,22118188.00
2017/12/04,36.15,36.39,34.30,34.47,1164300,40894108.00
2017/12/05,34.39,34.76,31.92,32.12,1119600,37220768.00
2017/12/06,32.18,32.99,31.71,32.90,630600,20449748.00
2017/12/07,32.68,33.17,32.32,32.89,395100,12981420.00
2017/12/08,32.61,33.89,32.60,33.65,544200,18238780.00
2017/12/11,33.77,34.23,33.63,33.99,389100,13227765.00
2017/12/12,34.10,34.10,32.90,32.98,424640,14124291.00
2017/12/13,33.08,33.65,32.90,33.50,390822,13002583.00
2017/12/14,33.61,33.92,33.06,33.80,495600,16610830.00
2017/12/15,33.79,34.05,32.80,33.30,480000,16157600.00
2017/12/18,33.31,33.55,33.05,33.31,215600,7173715.00
2017/12/19,33.25,33.84,33.25,33.70,323900,10899807.00
2017/12/20,33.98,34.18,33.18,33.28,237400,7941479.00
2017/12/21,33.26,33.50,32.55,33.33,308600,10233750.00
2017/12/22,33.33,33.58,33.02,33.55,216522,7226475.50
2017/12/25,33.21,33.40,32.65,33.08,298400,9824741.00
2017/12/26,32.95,34.26,32.93,34.06,719122,24330614.00
2017/12/27,34.29,34.29,33.85,33.95,504200,17134776.00
2017/12/28,33.80,34.70,33.71,34.61,660422,22719806.00
2017/12/29,34.65,34.87,34.30,34.86,445800,15428607.00
2018/01/02,34.71,34.98,34.70,34.86,354700,12344659.00
2018/01/03,34.93,35.26,34.72,34.82,580200,20318356.00
2018/01/04,34.79,34.97,34.25,34.59,448300,15503458.00
2018/01/05,34.45,34.65,34.30,34.55,314822,10849022.00
2018/01/08,34.57,35.08,34.21,35.02,444500,15419548.00
2018/01/09,35.00,35.70,34.93,35.52,768400,27141634.00
2018/01/10,35.22,35.35,34.31,34.57,537800,18757544.00
2018/01/11,34.70,35.23,34.30,35.09,403001,14055632.00
2018/01/12,35.08,35.12,34.63,34.66,406300,14167667.00
2018/01/15,34.48,34.76,33.31,33.33,762700,25894616.00
2018/01/16,33.35,34.70,33.30,34.44,690900,23697838.00
2018/01/17,34.46,35.37,34.46,35.10,623000,21817364.00
2018/01/18,34.95,35.35,34.87,35.08,474900,16655390.00
2018/01/19,35.07,35.50,34.73,34.80,542400,19093708.00
2018/01/22,34.34,34.90,33.90,34.60,481200,16554767.00
2018/01/23,34.36,34.84,34.25,34.81,404100,13958774.00
2018/01/24,34.79,36.00,34.55,35.23,529200,18658046.00
2018/01/25,35.23,35.66,34.61,34.63,807900,28348792.00
2018/01/26,34.50,34.77,34.08,34.25,377000,12981031.00
2018/01/29,34.37,34.54,33.68,33.80,267100,9085278.00
2018/01/30,33.68,33.95,33.36,33.73,216700,7295015.00
2018/01/31,33.55,33.74,32.30,32.30,423700,13913323.00
2018/02/01,32.29,32.48,30.85,30.99,475214,14997584.00
2018/02/02,30.99,30.99,28.18,30.00,447700,13506970.00
2018/02/05,29.03,29.78,29.03,29.25,231900,6832783.00
2018/02/06,28.00,28.82,26.73,26.73,522600,14566682.00
2018/02/07,27.60,27.97,26.60,27.30,467300,12799211.00
2018/02/08,27.48,28.06,27.09,27.79,324400,9020612.00
2018/02/09,27.10,27.79,26.80,27.10,317000,8641201.00
2018/02/12,27.55,28.28,27.15,28.15,363901,10193292.00
2018/02/13,28.38,29.05,28.02,28.51,561501,15940092.00
2018/02/14,28.25,28.72,28.20,28.40,262600,7465080.00
2018/02/22,28.69,29.15,28.50,29.00,335001,9671263.00
2018/02/23,28.80,29.51,28.80,29.50,387501,11326683.00
2018/02/26,29.99,30.42,29.85,30.20,466100,14056144.00
2018/02/27,30.22,30.54,30.03,30.20,392700,11886843.00
2018/02/28,30.02,30.33,29.72,30.05,340200,10251182.00
2018/03/01,29.98,30.70,29.85,30.56,351500,10682228.00
2018/03/02,30.36,30.79,30.35,30.37,279400,8528588.00
2018/03/05,30.48,30.92,30.36,30.78,298722,9148115.00
2018/03/06,30.93,31.75,30.70,31.33,410100,12841962.00
2018/03/07,31.50,31.50,31.04,31.41,386900,12119231.00
2018/03/08,31.38,32.21,31.31,32.18,477900,15285084.00
2018/03/09,32.28,32.92,31.98,32.84,581300,18913724.00
2018/03/12,33.04,33.47,32.70,33.00,569800,18850200.00
2018/03/13,32.75,32.98,32.35,32.37,440300,14325466.00
2018/03/14,32.61,33.20,32.35,32.35,510600,16766778.00
2018/03/15,32.04,32.32,30.00,30.80,748600,23198564.00
2018/03/16,30.70,31.50,30.68,31.22,389500,12149505.00
2018/03/19,31.25,31.85,31.25,31.68,420000,13303810.00
2018/03/20,31.48,32.20,31.10,31.93,488300,15412998.00
2018/03/21,32.19,34.47,31.85,32.48,1109001,36634064.00
2018/03/22,32.41,33.30,32.41,32.48,613600,20119128.00
2018/03/23,31.37,31.77,29.69,30.30,769600,23715316.00
2018/03/26,29.50,31.09,29.28,30.90,411101,12449586.00
2018/03/27,31.15,32.39,31.15,32.10,749501,23963396.00
2018/03/28,31.79,32.67,31.30,32.58,877801,28372920.00
2018/03/29,32.58,33.22,32.40,32.88,884801,29063384.00
2018/03/30,32.88,33.89,32.60,33.75,1001540,33559420.00
2018/04/02,33.72,33.94,33.08,33.32,911300,30531516.00
2018/04/03,32.92,34.68,32.51,34.57,1566301,53011684.00
2018/04/04,34.33,37.88,34.27,36.00,2641923,94783928.00
2018/04/09,35.80,36.37,34.80,36.34,1679363,59887276.00
2018/04/10,36.02,36.94,35.15,36.56,1906441,69119936.00
2018/04/11,36.27,37.27,36.02,37.07,1581941,58072972.00
2018/04/12,37.16,37.32,36.07,36.08,1295722,47546464.00
2018/04/13,36.16,36.97,35.83,36.97,723822,26282058.00
2018/04/16,36.38,36.50,35.56,35.95,535922,19325678.00
2018/04/17,36.01,36.48,34.20,34.20,640100,22585300.00
2018/04/18,34.79,35.38,33.58,35.21,695601,24042188.00
2018/04/19,35.39,35.70,35.01,35.20,518200,18261954.00
2018/04/20,35.00,35.00,33.10,33.13,759501,25676676.00
2018/04/23,32.87,34.26,32.87,34.26,602800,20320328.00
2018/04/24,34.29,35.99,34.01,35.75,1318401,46764100.00
2018/04/25,38.30,38.69,36.51,36.89,2824300,106108824.00
2018/04/26,36.21,36.84,35.30,35.35,1614800,58231956.00
2018/04/27,35.70,35.73,35.00,35.00,817500,28938694.00
2018/05/02,35.14,35.48,34.84,35.33,584700,20561940.00
2018/05/03,35.28,35.99,34.31,35.80,933400,32964324.00
2018/05/04,35.80,36.70,35.53,36.14,896600,32549916.00
2018/05/07,37.86,39.75,37.86,39.75,1625099,64229536.00
2018/05/08,43.73,43.73,43.73,43.73,675400,29535242.00
2018/05/09,46.89,46.89,40.57,44.11,7659406,344791488.00
2018/05/10,47.00,48.52,47.00,48.52,7661667,370708608.00
2018/05/11,45.67,47.75,43.67,43.67,7948004,359622112.00
2018/05/14,42.15,44.44,41.33,42.33,4427082,189964880.00
2018/05/15,42.41,44.49,42.41,43.57,3992981,174391088.00
2018/05/16,42.63,45.50,42.35,44.18,4306100,191382736.00
2018/05/17,43.96,46.40,43.93,44.80,3395681,152450112.00
2018/05/18,44.93,46.75,44.21,46.75,4337181,198850624.00
2018/05/21,48.00,51.43,46.76,49.50,7014081,344249856.00
2018/05/22,47.97,50.51,47.10,49.64,4778503,235381328.00
2018/05/23,49.01,52.10,49.01,49.80,4048503,204050000.00
2018/05/24,49.80,51.92,49.53,50.64,4228922,213880112.00
2018/05/25,51.30,52.92,50.45,52.10,8164625,246795504.00
2018/05/28,52.76,52.92,46.91,47.83,8188442,235734624.00
2018/05/29,48.55,52.59,48.55,49.21,12776603,383733568.00
2018/05/30,46.00,48.56,44.31,46.37,9771953,261603632.00
2018/05/31,47.37,47.87,44.93,45.78,7627990,206325840.00
2018/06/01,45.03,49.35,44.52,47.14,8953622,247381664.00
2018/06/04,46.46,50.69,46.44,49.21,11396452,325267488.00
2018/06/05,47.22,47.39,44.31,45.30,10022340,263454288.00
2018/06/06,45.27,45.27,42.05,43.68,8147988,207504544.00
2018/06/07,43.28,43.62,40.76,41.54,7679228,188238912.00
2018/06/08,41.58,42.29,40.56,41.41,4784505,115430472.00
2018/06/11,40.61,41.85,39.93,40.22,4016448,95794744.00
2018/06/12,40.47,41.58,39.91,41.30,5324394,127156736.00
2018/06/13,41.10,41.10,37.22,37.36,6310251,143507792.00
2018/06/14,37.33,37.96,36.05,37.55,3833344,83263488.00
2018/06/15,37.28,37.79,35.03,35.56,3898320,82554184.00
2018/06/19,34.84,35.00,32.04,32.04,3354820,65429532.00
2018/06/20,31.94,33.08,31.46,32.55,3339330,62965060.00
2018/06/21,32.41,33.82,31.63,32.23,3787880,72248616.00
2018/06/22,32.26,33.40,30.95,33.25,3645020,69557312.00
2018/06/25,33.59,33.96,32.62,32.63,3729750,72272992.00
2018/06/26,31.72,33.38,30.90,33.38,3353530,63602600.00
2018/06/27,33.43,34.91,33.03,34.23,5557790,110662704.00
2018/06/28,33.94,35.80,32.96,34.78,5932420,118715912.00
2018/06/29,34.33,35.63,33.79,35.08,4855970,98622728.00
2018/07/02,34.81,35.03,32.92,33.40,3746770,74520408.00
2018/07/03,33.59,36.71,33.28,35.80,7761510,160100656.00
2018/07/04,35.32,35.49,33.62,34.15,5489410,111061472.00
2018/07/05,33.79,34.73,33.45,33.60,2944800,58320556.00
2018/07/06,33.86,34.11,31.87,32.67,3778160,73060264.00
2018/07/09,32.94,33.93,32.60,33.71,3122530,60616496.00
2018/07/10,33.76,35.41,33.37,34.73,4128510,82345264.00
2018/07/11,33.96,33.96,32.35,33.11,3668818,71074496.00
2018/07/12,33.11,36.39,32.69,36.39,8255005,170613696.00
2018/07/13,36.49,37.02,35.20,35.49,8232448,173351200.00
2018/07/16,35.32,36.95,34.83,36.48,5147727,107952672.00
2018/07/17,36.26,36.51,35.32,35.88,3410167,71166168.00
2018/07/18,35.69,35.95,34.91,35.08,2962880,61063176.00
2018/07/19,35.13,37.12,35.00,36.51,6509868,137554432.00
2018/07/20,36.09,39.40,35.54,36.68,7036170,152794144.00
2018/07/23,36.02,36.66,35.66,36.41,3806160,80271384.00
2018/07/24,36.66,36.94,36.02,36.68,3808340,81211984.00
2018/07/25,36.51,36.60,35.51,35.88,3596045,75555080.00
2018/07/26,35.81,35.81,34.13,34.76,2868960,58438948.00
2018/07/27,34.13,35.30,34.13,34.66,1741020,35314560.00
2018/07/30,34.71,34.84,32.82,33.21,2167760,42570632.00
2018/07/31,33.20,33.71,33.14,33.59,1251640,24420704.00
2018/08/01,33.59,33.76,32.19,32.33,1819850,34955392.00
2018/08/02,32.04,32.38,29.88,30.56,2071880,37343192.00
2018/08/03,30.73,30.83,29.98,30.05,1416330,25084228.00
2018/08/06,29.78,30.14,29.29,30.05,1500130,25951268.00
2018/08/07,29.90,30.70,29.46,30.59,1806300,31776402.00
2018/08/08,30.48,30.73,29.56,29.59,1211470,21245040.00
2018/08/09,29.30,30.68,29.20,30.39,1504200,26487778.00
2018/08/10,30.36,30.80,30.19,30.70,1364630,24272646.00
2018/08/13,30.10,30.76,29.91,30.73,1174730,20739598.00
2018/08/14,30.71,31.14,30.65,30.73,1501650,26992476.00
2018/08/15,30.97,30.97,29.63,29.68,1199150,21043002.00
2018/08/16,29.20,30.22,29.00,29.49,1207260,20870588.00
2018/08/17,29.69,30.19,28.78,28.84,1090950,18759004.00
2018/08/20,28.72,29.95,28.72,29.78,1445120,24663466.00
2018/08/21,29.80,30.17,29.42,29.97,1399210,24271650.00
2018/08/22,29.73,31.75,29.56,30.22,2423467,43046776.00
2018/08/23,29.98,31.05,29.81,30.82,1648720,29316054.00
2018/08/24,30.78,30.78,29.71,29.80,1685680,29614562.00
2018/08/27,29.80,31.17,29.69,30.82,1691717,30056754.00
2018/08/28,30.66,30.85,30.37,30.75,951837,16941266.00
2018/08/29,30.78,31.58,30.42,31.19,2251910,40841560.00
2018/08/30,30.93,31.33,30.29,30.39,1191380,21311022.00
2018/08/31,30.34,30.73,29.81,30.17,957230,16895168.00
2018/09/03,30.00,31.05,29.98,30.95,1952717,34761976.00
2018/09/04,30.97,31.89,30.78,31.85,2995017,55196744.00
2018/09/05,30.95,32.02,30.90,31.53,1965100,36124404.00
2018/09/06,31.26,32.53,31.26,32.40,2486850,46535892.00
2018/09/07,32.18,35.61,32.18,35.61,6836454,137592240.00
2018/09/10,36.65,39.15,36.56,39.15,9699384,214503072.00
2018/09/11,41.29,41.83,37.38,37.99,7224807,164919232.00
2018/09/12,38.67,39.03,36.32,36.65,5632347,122450160.00
2018/09/13,36.68,36.99,35.56,35.83,4956327,104119176.00
2018/09/14,35.69,36.10,33.96,34.30,4809370,97890256.00
2018/09/17,34.49,35.24,34.30,34.45,4519280,91322536.00
2018/09/18,34.30,35.58,33.74,35.35,4738260,95884080.00
2018/09/19,35.01,36.36,34.83,35.66,3836660,79496528.00
2018/09/20,35.30,35.97,35.15,35.54,2077690,42956512.00
2018/09/21,35.49,36.24,35.15,36.07,2372360,49538584.00
2018/09/25,35.68,36.63,35.68,36.56,2818550,59572576.00
2018/09/26,36.58,36.99,35.81,36.66,2248760,47809976.00
2018/09/27,38.04,38.21,35.17,35.81,3091940,65086728.00
2018/09/28,35.08,39.37,34.74,38.18,4968440,108112936.00
2018/10/08,38.30,38.65,37.22,37.62,2484810,54776160.00
2018/10/09,37.55,40.86,37.38,39.25,2923720,65870388.00
2018/10/10,39.06,40.23,38.82,39.71,2077948,48273876.00
2018/10/11,38.75,39.69,37.48,38.55,2320988,52419392.00
2018/10/12,39.40,40.25,37.75,39.72,2111310,48155448.00
2018/10/15,39.42,39.67,38.75,38.96,1263330,28880858.00
2018/10/16,38.96,39.55,38.43,38.84,895300,20368812.00
2018/10/17,39.04,39.38,37.70,39.06,1632810,36812172.00
2018/10/18,38.89,38.89,37.87,38.13,930940,20758512.00
2018/10/19,39.38,39.38,38.14,38.84,1299110,29479974.00
2018/10/22,39.25,40.98,38.92,40.25,2809470,65536896.00
2018/10/23,40.00,40.52,39.42,39.45,1715550,39891312.00
2018/10/24,40.25,40.25,37.21,38.11,3102900,69126760.00
2018/10/25,36.94,38.52,36.00,38.21,1435170,31371242.00
2018/10/26,38.31,38.60,37.85,38.16,1000170,22313992.00
2018/10/29,38.21,38.35,37.72,37.89,1059360,23471712.00
2018/10/30,37.89,38.19,37.70,37.92,1051670,23319104.00
2018/10/31,38.04,39.94,37.97,39.15,1850528,42263700.00
2018/11/01,39.40,39.89,38.98,39.23,2060360,47544876.00
2018/11/02,38.79,39.77,38.79,39.35,1737950,40016928.00
2018/11/05,39.35,39.88,39.04,39.64,1547883,35648680.00
2018/11/06,39.64,39.91,38.91,39.09,1352820,31006040.00
2018/11/07,39.20,40.79,39.09,39.76,2515374,58782792.00
2018/11/08,39.88,40.79,38.06,38.06,2631950,60622016.00
2018/11/09,38.06,38.28,37.19,37.31,1789894,39335652.00
2018/11/12,37.17,38.82,37.17,37.67,2480890,54629896.00
2018/11/13,37.43,38.47,37.19,37.72,2491670,55310896.00
2018/11/14,37.77,38.04,36.48,37.19,2663140,57844136.00
2018/11/15,37.07,39.79,33.50,38.26,5620550,120569992.00
2018/11/16,37.70,41.00,37.50,40.08,4752750,109174824.00
2018/11/19,40.25,40.34,39.26,39.57,3688100,85347168.00
2018/11/20,39.83,40.05,38.62,38.74,2535717,58338620.00
2018/11/21,38.30,39.40,37.79,39.32,1518880,34232004.00
2018/11/22,39.57,39.89,39.08,39.16,1328344,30578788.00
2018/11/23,39.42,39.42,36.07,36.87,1811951,39670528.00
2018/11/26,36.34,37.22,36.17,36.32,648984,13848575.00
2018/11/27,36.44,36.78,35.83,36.19,762404,16059418.00
2018/11/28,35.93,36.34,35.93,36.20,474870,10027948.00
2018/11/29,36.26,37.26,36.10,36.10,993740,21294368.00
2018/11/30,35.85,38.33,35.85,37.82,1983450,42909536.00
2018/12/03,38.38,40.42,38.09,39.06,2358780,53513040.00
2018/12/04,38.45,38.92,38.04,38.21,1361515,30464370.00
2018/12/05,37.58,37.67,36.94,37.00,832309,18079166.00
2018/12/06,36.90,37.22,36.34,36.54,713230,15295710.00
2018/12/07,36.54,37.28,36.54,36.63,354780,7629698.00
2018/12/10,36.82,36.87,36.02,36.53,424130,9024805.00
2018/12/11,36.70,36.70,36.32,36.56,405640,8639746.00
2018/12/12,36.75,36.75,36.46,36.51,297291,6346153.50
2018/12/13,38.55,38.55,37.02,37.14,859423,18855178.00
2018/12/14,36.75,36.85,35.95,36.19,554480,11794048.00
2018/12/17,35.88,37.70,35.88,36.54,535277,11441195.00
2018/12/18,36.43,36.75,36.26,36.70,281586,6004327.00
2018/12/19,36.31,37.29,36.31,37.02,463346,10008733.00
2018/12/20,37.17,38.21,36.88,37.73,756710,16590680.00
2018/12/21,37.73,41.47,37.73,41.47,7743723,180484880.00
2018/12/24,41.95,45.59,41.73,45.59,12117758,316083392.00
2018/12/25,45.59,49.26,41.07,45.61,21175449,539827968.00
2018/12/26,41.08,43.09,41.08,41.08,12872737,311377440.00
2018/12/27,39.40,40.22,37.00,37.00,11803493,264134592.00
2018/12/28,36.05,36.32,33.33,33.37,9686760,195096928.00
2019/01/02,33.33,33.82,32.02,32.12,5862654,111207680.00
2019/01/03,32.06,32.75,31.46,31.99,5476109,102143824.00
2019/01/04,31.41,32.38,31.16,32.11,4851543,90146280.00
2019/01/07,32.11,32.92,32.02,32.60,5213369,98690840.00
2019/01/08,32.60,32.89,31.94,31.97,3994020,75192912.00
2019/01/09,32.09,32.80,31.75,32.43,4655641,87775272.00
2019/01/10,32.26,35.64,31.97,35.64,11109680,220798880.00
2019/01/11,35.15,39.18,34.98,39.18,15269213,324844288.00
2019/01/14,38.94,40.18,37.62,39.16,14932500,338713600.00
2019/01/15,37.70,40.68,37.70,39.91,13841621,319032672.00
2019/01/16,39.91,40.11,38.07,38.23,10234451,233585056.00
2019/01/17,38.16,39.11,37.19,38.13,9043682,202221376.00
2019/01/18,38.11,38.81,36.78,38.26,8539603,189713584.00
2019/01/21,38.81,42.05,37.62,42.05,14213822,330193632.00
2019/01/22,41.61,43.41,40.61,40.69,15375351,375307872.00
2019/01/23,41.12,41.24,39.91,40.18,9065964,214584624.00
2019/01/24,39.94,40.56,38.72,38.99,8618590,198747808.00
2019/01/25,39.06,39.20,35.15,37.16,9207434,202585776.00
2019/01/28,37.21,37.94,36.17,37.45,6715133,145582048.00
2019/01/29,37.29,38.47,34.30,37.73,7689173,166094016.00
2019/01/30,37.73,38.02,35.15,35.15,5590573,120278832.00
2019/01/31,34.47,34.90,32.21,32.28,5422290,106109056.00
2019/02/01,32.72,34.10,32.72,33.76,3642565,71309416.00
2019/02/11,34.52,35.64,34.11,35.24,3318682,67454288.00
2019/02/12,35.20,35.93,34.81,35.51,3444300,71145592.00
2019/02/13,35.66,36.60,35.17,36.02,3663370,76588248.00
2019/02/14,35.92,36.10,35.41,35.63,3501216,72824208.00
2019/02/15,35.64,37.14,35.30,36.71,4777406,100633864.00
2019/02/18,36.56,39.20,36.48,38.14,6766864,149436176.00
2019/02/19,37.92,38.55,37.26,37.89,4907602,108500472.00
2019/02/20,38.02,38.02,37.21,37.65,3269730,71656592.00
2019/02/21,37.38,38.48,37.02,37.45,4704160,104084392.00
2019/02/22,37.28,38.01,37.21,37.89,3399080,74657672.00
2019/02/25,38.52,39.60,37.92,39.13,7229532,163501952.00
2019/02/26,39.01,39.71,38.35,38.94,6498960,148002768.00
2019/02/27,39.74,39.74,38.13,38.52,5255050,119865720.00
2019/02/28,38.53,40.76,38.26,40.37,7602102,176451264.00
2019/03/01,40.59,40.96,39.62,40.05,4696472,110167664.00
2019/03/04,40.28,41.07,38.98,40.68,7175330,167788640.00
2019/03/05,40.10,40.51,40.00,40.49,4806740,112925616.00
2019/03/06,40.93,44.50,39.88,44.50,9894720,243458576.00
2019/03/07,44.50,48.17,44.08,44.43,13311210,353397696.00
2019/03/08,43.31,43.79,40.39,40.71,8656770,213351680.00
2019/03/11,39.25,41.75,39.25,41.32,5548680,132164648.00
2019/03/12,42.05,43.77,41.61,42.46,6957610,173274656.00
2019/03/13,42.53,42.53,40.22,40.96,4309322,104004704.00
2019/03/14,41.03,41.87,40.32,41.58,3752440,90457040.00
2019/03/15,41.78,45.62,40.88,44.30,9167080,231613904.00
2019/03/18,43.50,44.50,42.99,43.77,6572182,167852576.00
2019/03/19,43.41,43.99,42.90,43.62,4054650,102756336.00
2019/03/20,43.99,43.99,41.58,42.68,4010260,100050224.00
2019/03/21,42.36,42.99,42.21,42.60,2934720,72994160.00
2019/03/22,42.60,42.60,41.17,41.49,3162764,76940936.00
2019/03/25,40.93,42.24,40.25,41.34,2917420,70404344.00
2019/03/26,41.34,42.27,40.76,40.93,2441702,59106352.00
2019/03/27,41.19,41.54,40.52,40.88,2160340,51766444.00
2019/03/28,40.76,41.17,39.15,39.15,2340440,55174648.00
2019/03/29,39.30,40.42,38.92,40.20,2737830,63519428.00
2019/04/01,40.71,43.24,40.71,42.32,4383100,106974184.00
2019/04/02,42.55,44.26,42.38,42.75,6146590,155500160.00
2019/04/03,42.21,43.68,42.14,43.29,4458580,112453928.00
2019/04/04,43.48,43.85,42.63,43.51,4173070,105567664.00
2019/04/08,43.62,43.99,42.12,43.23,3645756,91849872.00
2019/04/09,43.34,43.65,42.56,43.29,3154566,79608600.00
2019/04/10,42.80,43.07,42.22,42.27,2860030,71285936.00
2019/04/11,42.38,43.74,42.29,42.63,2769382,69348544.00
2019/04/12,42.55,44.64,42.36,43.99,4683280,119358240.00
2019/04/15,44.25,46.64,43.48,45.10,8132380,213586608.00
2019/04/16,44.50,45.47,43.84,45.16,4597362,119806840.00
2019/04/17,45.01,45.83,44.13,44.13,4161239,109011568.00
2019/04/18,43.91,44.43,42.82,43.24,3402560,86621216.00
2019/04/19,42.85,43.65,42.75,43.23,2492310,62784876.00
2019/04/22,43.50,43.60,41.17,41.61,3171520,78288264.00
2019/04/23,41.61,41.61,40.39,40.64,2400570,57242292.00
2019/04/24,40.90,41.36,39.71,41.27,1978752,47041392.00
2019/04/25,40.95,45.37,39.88,44.16,7347714,183034848.00
2019/04/26,43.50,44.31,41.42,41.78,5830722,147267136.00
2019/04/29,41.25,41.93,39.23,39.23,4182442,99149160.00
2019/04/30,38.72,39.57,37.19,39.23,5340642,118496760.00
2019/05/06,38.09,39.64,37.45,38.28,4889240,110571416.00
2019/05/07,38.26,38.62,37.72,38.53,3832940,85386976.00
2019/05/08,37.89,38.57,36.58,36.99,2891920,63413540.00
2019/05/09,36.80,36.80,34.90,35.01,2692400,56137272.00
2019/05/10,35.17,38.48,34.08,38.48,6148492,134123272.00
2019/05/13,38.07,42.31,38.06,42.31,9800943,232745136.00
2019/05/14,42.22,42.89,40.71,40.71,10436156,255878432.00
2019/05/15,40.93,41.25,40.00,40.51,7533631,178514576.00
2019/05/16,40.51,40.73,39.60,39.76,5780343,135632336.00
2019/05/17,39.57,40.90,38.55,39.06,5618738,130639480.00
2019/05/20,38.01,39.60,35.66,38.23,4831520,107162544.00
2019/05/21,38.21,38.35,37.19,37.46,3827294,84154048.00
2019/05/22,37.02,38.01,36.82,37.22,2455930,53633600.00
2019/05/23,37.16,37.53,36.03,36.03,1893001,40671760.00
2019/05/24,35.88,36.77,35.68,36.27,1561950,32949892.00
2019/05/27,36.39,37.68,36.27,37.38,1943210,42112432.00
2019/05/28,37.53,38.26,37.17,37.80,2604258,57210936.00
2019/05/29,37.67,40.01,37.43,38.31,4547280,102713720.00
2019/05/30,37.96,38.62,36.77,36.97,3172934,69657752.00
2019/05/31,36.87,38.53,36.87,37.96,2884154,63688300.00
2019/06/03,37.89,41.70,37.36,41.70,7905570,183381808.00
2019/06/04,41.42,42.29,40.96,41.37,9218878,222230672.00
2019/06/05,41.36,41.93,40.96,41.10,6405268,153793376.00
2019/06/06,40.79,41.85,39.83,40.71,6277540,149614736.00
2019/06/10,40.05,41.27,39.84,40.42,4969420,117073520.00
2019/06/11,40.39,42.17,40.13,41.22,6272890,149889392.00
2019/06/12,41.13,42.51,40.42,42.46,6365592,153185280.00
2019/06/13,42.12,42.12,40.52,40.52,4585260,109533624.00
2019/06/14,40.54,40.57,37.72,37.96,4387501,99198128.00
2019/06/17,37.17,41.70,37.17,41.70,4587753,107038328.00
2019/06/18,42.19,44.47,39.81,40.25,5837421,140332832.00
2019/06/19,41.41,41.41,37.92,40.45,4390471,102828008.00
2019/06/20,40.47,42.41,40.45,41.85,6124011,148236800.00
2019/06/21,41.30,42.92,40.95,41.98,5518840,133982416.00
2019/06/24,41.85,41.88,40.64,41.12,2905880,69289496.00
2019/06/25,41.49,43.11,41.24,41.80,5265299,128801976.00
2019/06/26,39.93,40.59,38.74,39.93,3655738,84513424.00
2019/06/27,39.91,40.54,39.54,39.66,2445360,56635648.00
2019/06/28,39.57,40.47,39.57,39.91,2504180,58158160.00
2019/07/01,40.20,42.09,40.20,41.71,3845031,91934336.00
2019/07/02,41.70,42.41,40.90,42.17,3418271,82383280.00
2019/07/03,41.85,42.87,41.30,41.92,3342548,81391048.00
2019/07/04,41.92,43.31,40.93,41.22,4957108,121168176.00
2019/07/05,41.22,42.41,40.00,42.31,3969441,94354032.00
2019/07/08,41.87,42.80,40.64,42.60,4325300,104853056.00
2019/07/09,42.56,43.75,41.87,43.28,5706700,142225632.00
2019/07/10,43.12,43.17,41.44,41.54,3974060,97485576.00
2019/07/11,41.42,44.64,41.42,43.00,6615739,165868656.00
2019/07/12,42.82,43.72,41.53,41.54,4745010,116342664.00
2019/07/15,41.54,41.92,39.08,40.74,3854130,89961344.00
2019/07/16,40.78,41.49,40.22,41.07,2553960,60535984.00
2019/07/17,41.05,41.20,40.47,40.64,1689210,39924288.00
2019/07/18,40.32,40.52,39.42,39.50,2140079,49348680.00
2019/07/19,39.57,40.13,39.28,39.47,1349770,31047104.00
2019/07/22,39.74,39.89,37.84,37.92,1873070,41499320.00
2019/07/23,37.90,38.98,37.70,38.77,1237830,27554844.00
2019/07/24,38.89,39.62,38.53,39.23,1509610,34294884.00
2019/07/25,39.26,40.13,39.08,39.59,1880329,43069516.00
2019/07/26,39.30,40.32,39.09,40.18,2351109,54299892.00
2019/07/29,39.81,40.25,39.37,39.45,1762460,40498232.00
2019/07/30,39.52,40.00,39.13,39.33,1540470,35285328.00
2019/07/31,39.20,39.62,39.08,39.55,1042810,23793964.00
2019/08/01,39.38,40.22,39.08,39.77,1477310,33986012.00
2019/08/02,38.87,39.59,38.43,38.82,1640610,36947876.00
2019/08/05,38.82,39.89,38.75,38.75,1857800,42383696.00
2019/08/06,38.18,38.38,36.00,36.78,2414908,51768836.00
2019/08/07,37.11,37.50,36.68,36.90,1575820,33779596.00
2019/08/08,37.05,37.62,36.92,37.05,1313470,28282462.00
2019/08/09,37.41,37.62,35.59,35.76,1864330,39364464.00
2019/08/12,36.00,37.02,35.95,36.90,1480548,31220996.00
2019/08/13,36.61,37.50,36.54,37.02,1249676,26777086.00
2019/08/14,37.50,37.82,36.78,36.83,1336456,28763788.00
2019/08/15,35.86,36.95,35.49,36.78,1374185,28757662.00
2019/08/16,36.56,37.31,36.56,36.78,1055910,22576542.00
2019/08/19,36.82,37.77,36.82,37.68,1519144,32923940.00
2019/08/20,37.79,37.96,37.29,37.45,1304940,28361428.00
2019/08/21,37.45,37.58,36.94,37.17,1236900,26640428.00
2019/08/22,37.19,38.24,37.17,37.92,1898240,41424404.00
2019/08/23,37.92,38.38,36.97,36.99,1711024,36964584.00
2019/08/26,35.98,36.63,35.93,36.27,1136120,23886906.00
2019/08/27,36.36,36.99,36.36,36.80,986403,20951912.00
2019/08/28,36.65,37.41,36.63,36.87,1150089,24636460.00
2019/08/29,36.95,37.45,36.37,36.44,1069800,22757496.00
2019/08/30,36.60,36.94,35.83,36.02,1230490,25837672.00
2019/09/02,36.32,37.75,36.02,37.63,2184830,46738264.00
2019/09/03,37.84,38.02,36.99,37.36,1964529,42448100.00
2019/09/04,37.28,37.58,36.94,37.41,1277953,27493758.00
2019/09/05,37.53,37.96,37.31,37.56,2080000,45337768.00
2019/09/06,37.62,38.02,37.39,37.73,1401490,30565774.00
2019/09/09,37.89,38.64,37.73,38.45,1985800,43943968.00
2019/09/10,38.41,38.99,38.04,38.57,2135920,47555608.00
2019/09/11,38.55,38.55,37.97,37.97,1590100,35144500.00
2019/09/12,38.06,38.47,37.92,38.26,1309800,28981368.00
2019/09/16,38.55,38.87,38.21,38.65,1492170,33310196.00
2019/09/17,38.69,38.69,37.19,37.19,1676470,36619016.00
2019/09/18,37.48,38.58,37.48,38.19,2067360,45684200.00
2019/09/19,38.24,39.01,38.11,38.87,2210460,49466908.00
2019/09/20,38.92,39.45,38.60,38.99,1913409,43243628.00
2019/09/23,39.28,39.45,38.55,39.37,1754680,39603456.00
2019/09/24,39.23,39.23,38.53,38.58,2050500,46019256.00
2019/09/25,38.75,38.81,37.70,38.01,1226950,27109596.00
2019/09/26,38.31,38.36,36.03,36.60,1990706,42525480.00
2019/09/27,36.49,37.63,36.44,37.09,1580970,33906956.00
2019/09/30,37.17,38.77,36.85,37.51,2528270,55561556.00
2019/10/08,37.22,38.60,37.22,37.89,1902700,42067412.00
2019/10/09,37.84,38.92,37.34,38.60,1978800,43946032.00
2019/10/10,38.58,39.32,38.31,38.89,2283848,51437732.00
2019/10/11,38.94,39.15,38.45,38.65,1399770,31358172.00
2019/10/14,38.82,39.20,38.45,38.62,1445550,32484274.00
2019/10/15,38.82,38.96,37.92,38.64,1556970,34532592.00
2019/10/16,38.67,38.67,37.70,37.80,1448850,31926962.00
2019/10/17,37.73,38.13,37.02,37.19,1147370,24862270.00
2019/10/18,37.19,37.63,36.51,36.73,1105930,23601932.00
2019/10/21,36.85,36.85,36.03,36.39,938310,19668426.00
2019/10/22,36.32,37.19,36.26,37.02,1521620,32240250.00
2019/10/23,36.78,37.50,36.75,36.97,1407440,30169172.00
2019/10/24,36.77,37.12,36.39,36.82,759140,16162078.00
2019/10/25,37.07,37.31,36.63,37.09,973790,20859818.00
2019/10/28,36.95,37.70,36.95,37.53,1668312,36103268.00
2019/10/29,37.50,37.58,36.68,36.73,1214790,26083828.00
2019/10/30,36.73,37.19,36.26,37.00,1501660,31972442.00
2019/10/31,36.99,37.14,36.19,36.20,858152,18185288.00
2019/11/01,36.09,37.02,35.81,36.73,1092512,23073044.00
2019/11/04,36.83,37.02,36.53,36.68,913800,19457242.00
2019/11/05,36.51,36.82,36.17,36.19,703640,14825084.00
2019/11/06,36.20,36.41,35.75,35.93,587100,12240134.00
2019/11/07,35.93,36.17,35.51,35.56,969320,20029812.00
2019/11/08,35.80,35.80,35.42,35.44,747270,15366476.00
2019/11/11,35.30,35.30,33.81,34.47,1283816,25499398.00
2019/11/12,34.66,35.92,34.56,35.66,1977930,40657424.00
2019/11/13,35.59,35.59,35.00,35.20,784048,15969314.00
2019/11/14,35.35,35.35,34.74,34.91,727924,14717675.00
2019/11/15,34.91,35.20,34.16,34.16,1197816,24045684.00
2019/11/18,34.18,34.37,33.20,33.52,1441350,27972190.00
2019/11/19,33.52,34.05,33.28,33.86,760020,14835576.00
2019/11/20,33.86,34.05,33.16,33.48,870940,16813686.00
2019/11/21,33.40,33.65,33.13,33.47,732500,14153321.00
2019/11/22,33.38,33.62,32.67,32.74,990800,18872340.00
2019/11/25,32.89,33.11,32.48,32.74,1001539,18954922.00
2019/11/26,32.52,32.87,32.46,32.60,424390,7978601.00
2019/11/27,32.75,33.11,32.14,32.60,1151500,21648742.00
2019/11/28,32.60,32.70,32.33,32.38,706020,13230373.00
2019/11/29,32.38,32.53,32.23,32.38,367930,6864894.50
2019/12/02,32.53,32.53,32.23,32.38,442430,8262666.50
2019/12/03,32.45,32.45,31.87,32.33,746543,13882504.00
2019/12/04,32.23,32.43,32.11,32.38,454492,8462785.00
2019/12/05,32.43,33.03,32.43,32.57,989602,18679740.00
2019/12/06,32.70,32.84,32.45,32.77,671900,12659467.00
2019/12/09,32.94,33.01,32.53,32.60,512110,9646850.00
2019/12/10,32.48,32.82,32.36,32.74,571500,10749906.00
2019/12/11,32.74,32.79,32.35,32.35,667400,12498030.00
2019/12/12,32.11,32.52,32.11,32.28,467410,8714781.00
2019/12/13,32.36,34.30,32.36,33.26,2126520,40909460.00
2019/12/16,33.14,33.93,33.14,33.48,1493463,28886224.00
2019/12/17,33.42,33.86,33.18,33.62,1369000,26559538.00
2019/12/18,33.60,34.42,33.45,33.91,1565690,30612674.00
2019/12/19,33.88,34.42,33.72,34.20,1164769,22922552.00
2019/12/20,34.23,34.28,33.47,33.50,999330,19534394.00
2019/12/23,33.48,33.71,33.09,33.09,624720,12031044.00
2019/12/24,33.23,33.59,33.04,33.48,551349,10581185.00
2019/12/25,33.48,33.64,33.21,33.33,480140,9269153.00
2019/12/26,33.37,33.55,33.21,33.50,521103,10055512.00
2019/12/27,33.54,33.88,33.28,33.28,803090,15564960.00
2019/12/30,33.14,33.43,32.69,33.25,717950,13704837.00
2019/12/31,33.04,33.50,33.04,33.25,544820,10458312.00
2020/01/02,33.38,33.96,33.33,33.84,1075470,20941902.00
2020/01/03,33.67,34.06,33.65,33.93,978810,19139554.00
2020/01/06,33.84,34.39,33.74,33.93,1126528,22184160.00
2020/01/07,34.25,34.25,33.89,34.13,879800,17309052.00
2020/01/08,34.10,34.81,33.62,33.72,1672790,33139900.00
2020/01/09,33.88,35.15,33.86,34.64,1791550,35549240.00
2020/01/10,34.64,34.79,34.15,34.25,956420,18969660.00
2020/01/13,34.25,34.52,34.16,34.45,788290,15616281.00
2020/01/14,34.45,34.83,34.33,34.35,882490,17574420.00
2020/01/15,34.37,34.50,33.81,34.22,711670,14030951.00
2020/01/16,34.39,34.39,33.69,33.69,815670,15960431.00
2020/01/17,33.69,33.94,33.55,33.74,707730,13782444.00
2020/01/20,33.71,34.84,33.67,34.56,1900019,37842936.00
2020/01/21,34.44,35.58,34.44,35.30,2387957,48338400.00
2020/01/22,35.20,35.85,34.66,35.52,2023447,41393092.00
2020/01/23,35.49,36.22,33.82,34.50,2166850,43645412.00
2020/02/03,31.12,31.12,31.12,31.12,331300,5940209.00
2020/02/04,28.08,30.49,28.08,29.54,1597980,26923244.00
2020/02/05,30.00,31.72,29.47,30.85,1519000,26921342.00
2020/02/06,31.07,31.24,30.56,30.85,1199810,21330810.00
2020/02/07,31.04,31.04,30.02,30.63,1005920,17746352.00
2020/02/10,30.61,31.00,30.22,30.93,886710,15606609.00
2020/02/11,30.93,31.21,30.65,31.00,776598,13822531.00
2020/02/12,30.90,31.19,30.70,31.16,965057,17224000.00
2020/02/13,31.16,31.38,30.39,30.41,1249120,22147878.00
2020/02/14,30.65,30.66,29.81,30.15,899580,15706085.00
2020/02/17,30.14,31.22,30.14,31.00,1130159,19991592.00
2020/02/18,31.00,31.89,30.87,31.72,1668680,30202344.00
2020/02/19,31.72,32.01,31.46,31.63,1230569,22478840.00
2020/02/20,31.63,31.95,31.38,31.85,1235880,22618914.00
2020/02/21,31.92,32.28,31.72,31.94,1234669,22798096.00
2020/02/24,31.94,32.46,31.75,32.07,1321378,24452972.00
2020/02/25,31.38,31.68,30.41,31.48,2013268,36064340.00
2020/02/26,31.04,31.99,30.87,31.51,1460670,26567126.00
2020/02/27,31.24,31.89,31.09,31.33,1258670,22795838.00
2020/02/28,30.87,30.87,28.86,28.86,1515830,26157658.00
2020/03/02,28.98,30.34,28.98,30.19,1318130,22711850.00
2020/03/03,30.19,30.80,30.02,30.42,1191719,20955392.00
2020/03/04,30.02,30.83,30.02,30.82,975160,17186226.00
2020/03/05,31.12,31.50,30.83,31.39,1414260,25428708.00
2020/03/06,31.21,31.85,30.95,31.46,1456416,26427470.00
2020/03/09,31.00,31.75,30.56,30.59,1302460,23347432.00
2020/03/10,30.22,31.24,29.86,31.22,1430572,25170688.00
2020/03/11,31.22,31.82,31.21,31.46,1253061,22728924.00
2020/03/12,31.21,31.41,30.39,30.85,1254160,22294022.00
2020/03/13,29.32,30.36,29.32,30.07,1165181,19959430.00
2020/03/16,30.41,32.41,30.05,31.94,3259201,58834668.00
2020/03/17,31.75,33.69,31.17,33.28,5250031,98429176.00
2020/03/18,32.75,33.37,31.50,31.50,3226390,60823264.00
2020/03/19,31.24,32.06,30.07,31.21,1751111,31200288.00
2020/03/20,31.48,31.55,30.14,30.78,1359808,24111418.00
2020/03/23,30.22,30.56,29.39,29.47,1188860,20602830.00
2020/03/24,29.80,30.05,28.96,29.88,1043880,17781966.00
2020/03/25,30.48,30.48,29.80,30.14,989608,17109820.00
2020/03/26,29.90,29.97,29.25,29.37,1325871,22530532.00
2020/03/27,29.52,31.50,29.37,30.54,2472249,43475072.00
2020/03/30,29.88,30.41,28.95,29.76,1713818,29191460.00
2020/03/31,29.83,30.31,29.23,29.46,968818,16564279.00
2020/04/01,29.51,29.83,29.29,29.51,688558,11723556.00
2020/04/02,29.51,29.95,29.12,29.91,633420,10797245.00
2020/04/03,29.80,30.34,29.47,29.90,746500,12798149.00
2020/04/07,30.15,31.38,29.97,31.07,1682490,29647910.00
2020/04/08,31.22,31.22,30.66,30.87,1127728,20072694.00
2020/04/09,30.95,31.31,30.76,31.05,926920,16496821.00
2020/04/10,31.05,31.05,29.78,29.78,1414358,24619276.00
2020/04/13,29.88,29.88,29.39,29.61,563300,9586181.00
2020/04/14,30.00,30.29,29.68,30.03,766440,13221643.00
2020/04/15,30.14,30.14,29.47,29.83,770340,13174352.00
2020/04/16,29.40,30.31,29.40,29.81,1018550,17428834.00
2020/04/17,29.98,30.29,29.57,29.68,1206690,20766068.00
2020/04/20,29.56,30.00,29.52,29.85,1100650,18828158.00
2020/04/21,29.88,29.88,29.46,29.68,816720,13907039.00
2020/04/22,29.74,29.81,29.56,29.80,591150,10116428.00
2020/04/23,29.80,30.65,29.69,30.15,1212070,21010096.00
2020/04/24,30.10,30.10,29.46,29.54,751600,12838904.00
2020/04/27,29.54,29.71,28.95,29.05,942110,15849562.00
2020/04/28,29.37,29.37,26.31,28.40,1147280,18474798.00
2020/04/29,28.04,28.61,27.26,27.35,863990,13836192.00
2020/04/30,27.65,28.44,27.33,27.65,877600,13957120.00
2020/05/06,27.30,27.87,26.99,27.82,658760,10435489.00
2020/05/07,27.84,27.84,27.42,27.43,530870,8407399.00
2020/05/08,27.60,27.98,27.60,27.62,680660,10845743.00
2020/05/11,27.77,28.04,27.50,27.64,739600,11779605.00
2020/05/12,27.72,28.72,27.52,28.33,1227180,19872056.00
2020/05/13,28.30,29.27,28.18,28.81,1538840,25448208.00
2020/05/14,28.47,29.23,28.47,28.86,1156870,19212958.00
2020/05/15,28.86,29.37,28.69,29.03,1038870,17345742.00
2020/05/18,29.03,29.12,28.54,28.69,794980,13197372.00
2020/05/19,28.69,31.50,28.61,31.50,5896138,104178896.00
2020/05/20,31.24,32.86,30.22,31.02,7876317,141880608.00
2020/05/21,30.82,30.99,29.29,29.40,4657111,80179112.00
2020/05/22,29.10,29.76,28.69,29.06,2739178,46076364.00
2020/05/25,29.10,29.61,26.23,29.12,2874478,47526900.00
2020/05/26,29.13,29.69,28.79,29.29,2475710,41755888.00
2020/05/27,29.30,29.37,28.38,28.72,1824810,30164196.00
2020/05/28,28.72,28.72,28.03,28.37,1645208,26103344.00
2020/05/29,28.21,29.18,28.21,28.93,2269790,36489276.00
2020/06/01,28.88,29.44,28.61,29.12,2490148,40619960.00
2020/06/02,29.08,30.61,28.84,30.05,4473429,75154888.00
2020/06/03,29.78,31.89,29.56,31.77,6904559,119867360.00
2020/06/04,31.31,31.48,30.20,30.51,4764180,81812912.00
2020/06/05,30.65,31.44,30.27,30.34,3676800,63516200.00
2020/06/08,30.34,30.82,29.81,30.19,3393640,57786476.00
2020/06/09,30.15,31.07,30.14,30.51,3251840,55893988.00
2020/06/10,30.27,30.56,29.83,29.83,1585600,26768956.00
2020/06/11,29.71,30.03,28.89,28.96,2057900,33949892.00
2020/06/12,28.35,29.08,28.27,29.08,1115970,17977144.00
2020/06/15,29.08,30.63,28.95,29.86,3402419,57423728.00
2020/06/16,29.88,30.73,29.59,30.44,2775689,46525120.00
2020/06/17,30.36,30.37,29.37,29.49,2513259,41878896.00
2020/06/18,29.61,29.61,28.98,29.15,1278050,20869466.00
2020/06/19,29.29,29.29,29.00,29.13,761870,12425588.00
2020/06/22,29.12,29.39,29.05,29.18,746820,12234558.00
2020/06/23,29.06,29.27,28.84,28.91,673029,10948210.00
2020/06/24,29.12,29.20,28.88,29.08,540379,8773145.00
2020/06/29,28.96,29.10,28.89,28.91,545970,8853870.00
2020/06/30,29.06,29.68,28.95,29.66,1313160,21600066.00
2020/07/01,29.63,29.88,29.42,29.83,1150700,19115584.00
2020/07/02,29.73,30.73,29.57,30.32,3202562,54395400.00
2020/07/03,30.36,32.80,30.19,32.80,8314004,148034928.00
2020/07/06,32.40,33.71,32.35,33.14,9343075,174390656.00
2020/07/07,33.01,33.23,32.40,32.57,4787810,88174304.00
2020/07/08,32.35,32.97,32.04,32.57,2610950,47933832.00
2020/07/09,32.52,32.67,32.06,32.24,4713539,85680272.00
2020/07/10,32.18,32.38,31.65,31.89,2517820,45412524.00
2020/07/13,32.86,34.83,32.60,34.54,9210670,174553280.00
2020/07/14,34.20,35.95,33.76,35.64,7948530,156587280.00
2020/07/15,35.41,36.90,33.72,34.20,4153130,80634264.00
2020/07/16,34.01,35.41,32.72,34.88,4499150,85265424.00
2020/07/17,36.60,36.60,31.53,31.60,9413190,178634256.00
2020/07/20,28.95,32.79,28.95,32.41,6164830,105258056.00
2020/07/21,31.67,31.87,30.99,31.02,3411800,60258896.00
2020/07/22,30.65,31.21,30.53,30.83,2120300,36808548.00
2020/07/23,30.93,30.93,29.80,30.49,1947460,33251304.00
2020/07/24,30.59,30.82,29.61,29.74,1780630,30197854.00
2020/07/27,29.74,30.07,29.29,29.86,1003540,16748720.00
2020/07/28,29.97,30.34,29.91,30.14,1035500,17494666.00
2020/07/29,30.14,30.61,29.76,30.53,1291300,21944324.00
2020/07/30,30.61,30.68,29.97,30.14,1347380,22913904.00
2020/07/31,30.17,30.54,30.03,30.42,1253250,21332248.00
2020/08/03,30.49,31.46,30.49,31.17,2040490,35589520.00
2020/08/04,31.24,31.24,30.58,30.76,1560509,27033312.00
2020/08/05,30.66,31.24,30.65,30.99,1293550,22484536.00
2020/08/06,31.24,31.26,30.51,30.78,1161800,20062056.00
2020/08/07,30.68,30.75,29.81,30.31,1388530,23544562.00
2020/08/10,30.48,31.09,30.39,30.76,1189450,20529600.00
2020/08/11,30.75,30.83,30.07,30.14,1137060,19414870.00
2020/08/12,30.14,30.39,29.32,30.24,1306350,21805336.00
2020/08/13,30.02,30.82,30.02,30.56,1084200,18582882.00
2020/08/14,30.58,31.14,30.42,31.00,1601200,27753956.00
2020/08/17,31.04,31.46,30.71,31.24,2086660,36505692.00
2020/08/18,31.31,31.99,30.95,31.46,2699810,47690704.00
2020/08/19,31.31,34.47,31.29,34.47,10276439,194631584.00
2020/08/20,33.28,33.48,32.11,32.29,6730269,123808048.00
2020/08/21,32.06,32.50,31.85,32.09,3347930,60597272.00
2020/08/24,32.24,33.62,32.07,32.14,3270550,59655268.00
2020/08/25,32.18,32.18,31.36,31.60,2715080,48307532.00
2020/08/26,31.36,31.85,31.33,31.75,2104550,37308796.00
2020/08/27,31.73,32.84,31.58,32.52,3467390,63266168.00
2020/08/28,32.43,32.43,31.85,32.36,1851419,33543432.00
2020/08/31,32.45,32.92,32.02,32.02,1944169,35539380.00
2020/09/01,31.84,32.65,31.78,32.63,1801709,32776330.00
2020/09/02,32.60,32.74,32.31,32.60,1577979,28903058.00
2020/09/03,32.57,33.20,31.97,32.50,2055170,37619952.00
2020/09/04,32.11,33.31,31.85,32.91,2462180,45381420.00
2020/09/07,32.89,33.54,32.50,32.82,2300430,42882048.00
2020/09/08,32.69,33.11,32.46,32.94,2129350,39341624.00
2020/09/09,32.69,33.45,32.33,32.72,2894510,53768908.00
2020/09/10,32.69,33.11,31.36,31.90,3728030,67643488.00
2020/09/11,32.01,32.07,31.02,31.65,1797390,31891802.00
2020/09/14,31.80,32.29,31.58,32.24,1617630,29132454.00
2020/09/15,32.35,33.16,31.72,31.90,2140880,38982044.00
2020/09/16,31.73,32.07,31.51,31.72,1143550,20422930.00
2020/09/17,31.70,32.77,31.58,32.38,1691940,30766228.00
2020/09/18,32.69,33.03,32.29,32.94,2673080,49304976.00
2020/09/21,32.92,33.33,32.75,33.13,1640190,30585562.00
2020/09/22,32.97,33.88,32.80,33.28,2911549,54717244.00
2020/09/23,33.37,34.08,33.03,33.81,3223870,60996980.00
2020/09/24,33.52,34.20,33.03,33.13,3286429,62094176.00
2020/09/25,33.37,34.16,32.77,33.89,3909969,73945896.00
2020/09/28,33.69,37.14,33.25,37.14,10345179,207157472.00
2020/09/29,37.17,37.17,33.57,33.57,9239480,182596192.00
2020/09/30,30.37,31.77,30.36,30.36,5579468,96220168.00
2020/10/09,30.36,30.97,30.00,30.71,3539719,60873720.00
2020/10/12,30.85,31.24,30.53,31.05,3167009,55030052.00
2020/10/13,31.09,31.44,30.76,30.82,2665739,46369460.00
2020/10/14,30.80,30.95,30.39,30.73,1584500,27280952.00
2020/10/15,30.66,31.60,30.51,31.22,2708219,47334236.00
2020/10/16,31.12,32.58,30.58,30.97,3758010,65946004.00
2020/10/19,30.76,31.05,30.51,30.51,1596800,27570056.00
2020/10/20,30.49,30.71,30.39,30.70,980750,16826916.00
2020/10/21,30.78,30.78,30.32,30.59,1311050,22432306.00
2020/10/22,30.59,30.59,30.17,30.31,1097140,18712288.00
2020/10/23,30.31,30.48,30.15,30.34,867730,14744453.00
2020/10/26,30.34,30.56,30.17,30.42,621950,10599122.00
2020/10/27,30.31,30.48,30.24,30.31,616550,10491904.00
2020/10/28,30.31,30.56,30.24,30.49,770410,13150752.00
2020/10/29,30.29,31.02,30.15,30.92,1705330,29452864.00
2020/10/30,30.83,31.26,30.66,30.80,1839220,31833396.00
2020/11/02,30.90,30.97,30.70,30.88,1439499,24929034.00
2020/11/03,30.92,31.72,30.92,31.55,2285400,40285844.00
2020/11/04,31.58,32.55,31.33,32.53,3891760,70140576.00
2020/11/05,32.52,32.86,31.73,31.75,3599110,65023728.00
2020/11/06,31.53,32.45,31.26,32.43,3306840,59369776.00
2020/11/09,32.41,32.72,32.09,32.31,3447210,62633996.00
2020/11/10,32.35,32.38,31.50,31.50,1580400,28231350.00
2020/11/11,31.34,32.45,31.34,32.35,3037729,54650364.00
2020/11/12,32.33,32.60,31.82,31.84,2345100,42262980.00
2020/11/13,31.84,32.18,31.51,31.80,1386700,24829116.00
2020/11/16,31.82,33.28,31.55,32.97,3726639,68168248.00
2020/11/17,32.97,33.03,32.29,32.35,2955170,54192072.00
2020/11/18,32.55,32.94,32.12,32.40,3069680,56370420.00
2020/11/19,32.40,32.86,31.99,32.35,3110750,56865228.00
2020/11/20,32.33,32.86,32.04,32.45,3586700,65613824.00
2020/11/23,32.43,32.57,31.78,31.87,2827900,51088912.00
2020/11/24,31.87,32.82,31.73,32.79,3074890,56084632.00
2020/11/25,32.74,32.80,30.65,31.89,3512410,63839448.00
2020/11/26,32.01,32.69,31.50,32.57,4586450,83541680.00
2020/11/27,32.62,33.59,31.90,33.20,5993500,110662120.00
2020/11/30,32.94,33.28,31.89,31.99,4871520,88792864.00
2020/12/01,31.67,33.13,30.95,32.26,4809120,86721184.00
2020/12/02,32.28,32.35,31.61,31.72,2341200,42003456.00
2020/12/03,31.50,32.38,31.50,31.63,2172330,38921212.00
2020/12/04,31.51,31.87,31.41,31.67,1935910,34460796.00
2020/12/07,31.58,31.97,31.50,31.58,1509970,26912096.00
2020/12/08,31.58,31.72,31.02,31.29,1181270,20812512.00
2020/12/09,31.24,31.29,30.39,30.53,1206880,20829966.00
2020/12/10,30.39,30.68,30.15,30.36,809450,13804380.00
2020/12/11,30.61,30.61,29.03,29.34,1413270,23462666.00
2020/12/14,29.08,29.49,28.96,29.46,644300,10580799.00
2020/12/15,29.34,29.59,29.34,29.44,447300,7384436.00
2020/12/16,29.51,29.97,28.93,29.37,859440,14080879.00
2020/12/17,29.03,29.30,28.62,29.20,648050,10526058.00
2020/12/18,29.20,29.27,28.81,28.95,514900,8356829.00
2020/12/21,29.18,29.18,28.66,28.69,928870,14952058.00
2020/12/22,28.78,28.79,28.03,28.20,946960,15036936.00
2020/12/23,28.20,29.30,28.08,29.05,1483990,24007386.00
2020/12/24,29.25,29.66,28.81,29.34,1821300,29955314.00
2020/12/25,29.34,29.90,29.17,29.59,1336805,22137244.00
2020/12/28,29.56,30.08,29.42,29.88,1496720,24941714.00
2020/12/29,29.88,30.27,29.52,30.27,1102743,18495450.00
2020/12/30,30.24,30.24,29.81,29.95,541600,9087906.00
2020/12/31,29.93,30.73,29.47,30.70,2014890,34097988.00
2021/01/04,30.65,31.31,30.32,31.31,1457070,25204094.00
2021/01/05,31.07,31.07,29.52,30.20,2553700,43227376.00
2021/01/06,30.05,30.46,29.29,30.27,2344190,39321288.00
2021/01/07,30.59,30.70,28.71,29.20,2333600,38699580.00
2021/01/08,29.13,29.52,28.40,29.44,2622800,42488040.00
2021/01/11,29.00,29.54,28.61,29.25,2071370,33634196.00
2021/01/12,28.84,29.27,28.81,29.03,1336600,21717972.00
2021/01/13,28.79,31.41,28.21,31.41,2205250,35857728.00
2021/01/14,31.43,31.63,28.42,28.42,6133442,103893368.00
2021/01/15,26.06,26.89,25.72,26.11,3433625,49785952.00
2021/01/18,25.73,26.19,25.73,25.97,1640905,23714704.00
2021/01/19,25.75,26.11,25.60,25.66,2148445,30855616.00
2021/01/20,25.65,25.72,25.09,25.19,1676195,23498670.00
2021/01/21,25.43,25.80,25.24,25.72,1479280,21012666.00
2021/01/22,25.60,25.66,25.27,25.41,986440,13957864.00
2021/01/25,25.46,25.46,24.70,24.81,1017595,14087751.00
2021/01/26,24.90,25.00,24.66,24.66,580640,7990775.00
2021/01/27,24.73,24.83,24.51,24.53,588000,8035358.50
2021/01/28,24.53,24.68,24.30,24.39,764206,10373312.00
2021/01/29,24.49,24.49,23.30,23.52,1194980,15671834.00
2021/02/01,23.56,23.85,23.40,23.59,487680,6366777.00
2021/02/02,23.61,23.81,23.42,23.69,484700,6337663.00
2021/02/03,23.57,23.68,22.79,23.00,812150,10384339.00
2021/02/04,22.74,23.06,21.77,22.06,991500,12150500.00
2021/02/05,22.06,22.47,21.89,21.89,597400,7289864.00
2021/02/08,21.89,21.89,21.26,21.70,557600,6648682.00
2021/02/09,21.70,21.96,21.60,21.77,443830,5326893.00
2021/02/10,21.81,22.04,21.69,21.69,612750,7349207.50
2021/02/18,21.81,22.40,21.81,22.30,590930,7233231.00
2021/02/19,22.15,23.10,22.15,23.03,709310,8906498.00
2021/02/22,23.34,23.93,23.05,23.39,1002320,13044728.00
2021/02/23,23.49,23.64,22.93,23.23,507060,6513110.50
2021/02/24,23.47,23.62,23.20,23.62,562660,7284953.50
2021/02/25,23.64,23.68,23.13,23.30,445500,5752113.50
2021/02/26,23.32,23.71,22.96,23.59,724700,9413882.00
2021/03/01,23.79,23.98,23.68,23.98,590920,7803873.50
2021/03/02,24.05,24.30,23.71,23.76,501370,6640717.00
2021/03/03,23.79,24.12,23.79,24.02,431600,5734688.00
2021/03/04,23.76,24.37,23.76,24.08,558600,7484273.50
2021/03/05,24.03,24.53,23.98,24.42,611870,8258700.00
2021/03/08,24.51,24.85,24.20,24.22,653400,8880623.00
2021/03/09,24.36,24.36,23.44,23.76,481570,6358462.00
2021/03/10,23.93,23.93,22.93,23.10,551500,7096218.00
2021/03/11,23.06,23.51,22.67,23.51,365600,4708878.00
2021/03/12,23.57,23.57,23.18,23.34,310870,4010212.00
2021/03/15,23.34,23.47,23.10,23.35,459370,5907749.50
2021/03/16,23.51,24.15,23.47,24.08,948160,12548313.00
2021/03/17,23.85,25.17,23.85,24.93,1439552,19714732.00
2021/03/18,25.21,25.72,24.56,24.56,2199140,30918792.00
2021/03/19,24.00,24.41,23.52,24.15,1535900,20499464.00
2021/03/22,24.08,24.63,24.08,24.44,745220,10081961.00
2021/03/23,24.46,24.47,23.91,24.00,652000,8724582.00
2021/03/24,23.85,24.32,23.85,24.22,449420,6010320.50
2021/03/25,24.32,24.44,23.88,24.02,462400,6177827.00
2021/03/26,24.00,24.36,23.98,24.30,461870,6205758.00
2021/03/29,24.32,24.44,24.02,24.15,486600,6527849.50
2021/03/30,24.02,24.15,23.61,23.61,634680,8331945.00
2021/03/31,23.64,23.95,23.37,23.81,391550,5146834.00
2021/04/01,23.81,23.96,23.74,23.90,350700,4627776.00
2021/04/02,23.86,23.96,23.59,23.90,421240,5549637.00
2021/04/06,24.02,24.64,24.02,24.61,813810,11013029.00
2021/04/07,24.61,25.10,24.56,24.98,841800,11641764.00
2021/04/08,25.77,26.75,24.30,24.36,2434570,34272648.00
2021/04/09,24.05,24.34,23.88,24.22,1099720,14705891.00
2021/04/12,24.08,24.34,23.90,23.96,685800,9132242.00
2021/04/13,23.96,24.17,23.85,23.91,469600,6238749.00
2021/04/14,24.02,24.49,23.69,24.41,579900,7775604.00
2021/04/15,24.39,24.51,23.96,24.49,591460,7944827.00
2021/04/16,24.22,24.85,24.12,24.78,735659,10056147.00
2021/04/19,24.75,25.10,24.68,25.05,769370,10664678.00
2021/04/20,25.00,25.21,24.78,24.90,472850,6541210.00
2021/04/21,24.92,25.04,24.59,24.98,444510,6125624.00
2021/04/22,24.98,25.07,24.78,24.83,354950,4899149.50
2021/04/23,24.59,25.12,24.25,24.98,713800,9803130.00
2021/04/26,24.98,26.33,24.54,24.70,1197820,16657875.00
2021/04/27,24.36,26.24,24.36,24.73,1009932,13890269.00
2021/04/28,24.53,24.73,24.29,24.46,715250,9690315.00
2021/04/29,24.95,25.72,24.92,25.31,1600549,22445822.00
2021/04/30,25.05,25.48,24.98,25.43,1377629,19243284.00
2021/05/06,25.36,25.48,24.97,25.17,925400,13011904.00
2021/05/07,25.19,25.36,24.87,24.93,536680,7456317.00
2021/05/10,24.81,25.22,24.81,24.97,611092,8473858.00
2021/05/11,24.95,25.15,24.80,25.07,614400,8522510.00
2021/05/12,25.05,25.29,25.04,25.21,705900,9867017.00
2021/05/13,25.02,25.43,24.98,25.19,505700,7086832.00
2021/05/14,25.17,25.99,25.14,25.82,1819490,25946694.00
2021/05/17,25.80,26.06,25.53,25.95,1252109,17988934.00
2021/05/18,25.97,25.99,25.48,25.56,837750,11930682.00
2021/05/19,25.55,25.72,25.38,25.68,495700,7038941.00
2021/05/20,25.77,26.19,25.51,25.99,951700,13718807.00
2021/05/21,25.99,26.63,25.99,26.57,1255600,18370904.00
2021/05/24,26.91,27.53,26.21,26.24,2162759,32367538.00
2021/05/25,26.26,27.02,26.23,27.02,1312069,19510840.00
2021/05/26,27.50,27.50,26.50,27.19,1637859,24536734.00
2021/05/27,27.26,27.26,26.79,27.01,1318879,19803738.00
2021/05/28,26.82,26.94,26.13,26.35,1702259,16747514.00
2021/05/31,26.52,26.57,25.83,26.45,1332364,13011839.00
2021/06/01,26.45,26.99,26.23,26.87,1183737,11802735.00
2021/06/02,26.80,27.04,26.70,26.75,936748,9366023.00
2021/06/03,26.75,26.92,26.35,26.43,1040279,10306184.00
2021/06/04,26.33,26.60,26.20,26.25,940070,9234522.00
2021/06/07,26.30,26.43,26.13,26.13,660545,6448050.50
2021/06/08,26.20,26.30,25.88,26.03,791174,7669903.50
2021/06/09,26.03,26.43,25.91,26.20,758143,7381577.00
2021/06/10,26.03,26.40,26.01,26.20,704860,6889174.50
2021/06/11,26.23,26.60,26.20,26.33,877708,8613987.00
2021/06/15,26.43,26.43,25.56,25.61,921016,8850160.00
2021/06/16,25.51,25.83,25.46,25.46,542925,5165371.00
2021/06/17,25.46,25.69,25.29,25.54,605245,5718284.50
2021/06/18,25.54,25.64,25.32,25.44,652390,6162116.50
2021/06/21,25.44,25.74,25.34,25.61,855013,8116567.00
2021/06/22,25.61,26.08,25.61,25.98,755885,7284188.50
2021/06/23,26.18,26.35,25.86,25.96,708970,6880505.00
2021/06/24,25.96,25.96,25.61,25.76,617851,5907993.50
2021/06/25,25.81,25.83,25.44,25.59,616433,5864487.00
2021/06/28,25.78,25.78,25.41,25.76,882482,8377060.00
2021/06/29,25.71,25.74,25.14,25.39,786318,7399875.00
2021/06/30,25.71,27.36,25.39,26.03,2632466,25507400.00
2021/07/01,25.88,25.93,25.29,25.34,1417228,13482281.00
2021/07/02,25.34,25.59,25.12,25.19,526946,4930176.50
2021/07/05,25.32,25.56,25.22,25.51,694148,6550788.00
2021/07/06,25.51,25.66,25.34,25.56,753650,7145696.50
2021/07/07,25.59,25.96,24.87,25.81,870196,8299602.00
2021/07/08,25.69,25.83,25.27,25.56,1211824,11485903.00
2021/07/09,25.39,26.01,25.34,25.74,933777,8930690.00
2021/07/12,25.78,26.35,25.78,26.25,1129740,10992163.00
2021/07/13,26.25,26.28,25.96,26.25,717644,6969345.00
2021/07/14,25.98,26.25,25.91,26.08,627155,6078936.50
2021/07/15,25.96,26.15,25.59,25.61,816638,7821946.00
2021/07/16,25.61,25.83,25.51,25.51,624195,5944633.00
2021/07/19,25.49,25.81,25.39,25.69,514121,4894714.00
2021/07/20,25.59,25.78,25.34,25.71,663555,6280555.00
2021/07/21,26.20,26.72,25.88,26.47,2931508,28777948.00
2021/07/22,26.33,26.38,25.83,26.15,1706270,16565268.00
2021/07/23,25.98,26.30,25.56,25.81,1265793,12130480.00
2021/07/26,25.71,25.96,25.22,25.49,1062403,10079646.00
2021/07/27,25.49,25.64,24.97,25.02,712945,6704213.00
2021/07/28,24.85,25.09,24.06,24.28,1445598,13152409.00
2021/07/29,24.40,24.95,24.28,24.63,558215,5094897.50
2021/07/30,24.63,24.92,24.45,24.82,373068,3411823.75
2021/08/02,24.82,25.44,24.68,25.39,743700,6931871.00
2021/08/03,25.39,25.64,25.19,25.46,771773,7301150.00
2021/08/04,25.41,25.93,25.41,25.76,755535,7219976.50
2021/08/05,25.54,25.96,25.51,25.86,524677,5020835.50
2021/08/06,25.69,25.69,25.12,25.34,924040,8675811.00
2021/08/09,25.17,26.13,25.17,26.03,1424514,13709580.00
2021/08/10,26.06,26.52,25.91,26.52,1551620,15237526.00
2021/08/11,26.52,27.02,26.38,26.55,1631928,16278863.00
2021/08/12,26.57,26.99,26.55,26.77,1444738,14467965.00
2021/08/13,26.77,27.04,26.33,26.84,1321807,13173737.00
2021/08/16,26.60,27.12,26.60,27.07,1078355,10858326.00
2021/08/17,27.02,27.41,26.60,26.80,1400955,14172040.00
2021/08/18,26.52,27.29,26.52,27.07,1178723,11873700.00
2021/08/19,27.07,27.34,26.89,27.04,863366,8731261.00
2021/08/20,26.89,27.02,26.13,26.92,771065,7652724.50
2021/08/23,27.07,27.98,26.77,27.93,2219269,22896770.00
2021/08/24,27.95,28.00,27.44,27.58,1358031,14032476.00
2021/08/25,27.61,28.13,27.34,27.93,1254311,13066172.00
2021/08/26,27.93,28.05,27.44,27.81,784860,8167518.50
2021/08/27,27.44,27.73,26.65,27.17,1844386,18534692.00
2021/08/30,27.17,27.19,26.15,26.45,1130570,11216796.00
2021/08/31,26.35,26.52,25.71,25.86,994659,9609062.00
2021/09/01,25.93,27.39,25.66,27.14,2380311,23656480.00
2021/09/02,27.90,27.90,26.52,27.63,3048832,31133754.00
2021/09/03,28.40,28.40,26.67,27.19,2038817,20960346.00
2021/09/06,27.02,27.44,26.20,27.24,1595095,15869759.00
2021/09/07,27.07,27.14,26.72,26.87,776032,7800877.50
2021/09/08,26.87,27.04,26.65,26.97,641245,6436710.00
2021/09/09,27.04,27.31,26.80,27.31,966371,9743091.00
2021/09/10,27.44,27.51,26.57,27.14,1329450,13361575.00
2021/09/13,27.31,27.31,26.70,26.72,927990,9280867.00
2021/09/14,26.77,26.89,26.40,26.50,856918,8502810.00
2021/09/15,26.40,26.72,26.40,26.62,439750,4350044.00
2021/09/16,26.62,27.14,26.62,26.62,723394,7252389.50
2021/09/17,26.62,26.94,26.06,26.75,1198750,11758654.00
2021/09/22,26.89,26.92,26.55,26.72,503863,5021147.50
2021/09/23,26.89,27.12,26.67,26.77,831888,8345573.00
2021/09/24,26.77,26.89,26.11,26.18,584845,5775690.50
2021/09/27,26.11,26.35,24.95,25.12,945550,9030867.00
2021/09/28,25.14,25.34,24.97,25.17,504311,4698094.50
2021/09/29,25.17,25.34,24.63,24.95,698335,6493901.50
2021/09/30,24.97,25.44,24.77,25.32,430671,4006647.25
2021/10/08,25.32,26.06,25.32,26.06,518916,4957044.50
2021/10/11,26.06,26.20,25.76,25.76,367915,3554614.00
2021/10/12,25.83,25.83,25.05,25.29,456580,4301169.00
2021/10/13,25.46,25.71,25.09,25.56,390115,3676085.25
2021/10/14,25.56,25.93,25.34,25.83,359157,3434513.00
2021/10/15,25.64,25.98,25.49,25.59,256050,2443120.50
2021/10/18,25.56,25.96,25.24,25.54,251323,2380662.00
2021/10/19,25.64,26.23,25.54,25.83,495012,4762986.50
2021/10/20,25.83,25.91,25.41,25.46,271870,2584904.75
2021/10/21,25.78,25.78,24.90,25.05,291200,2722946.25
2021/10/22,25.05,25.22,24.68,24.77,403430,3705455.50
2021/10/25,25.09,25.44,24.87,24.97,378808,3536021.75
2021/10/26,25.00,25.17,24.75,24.77,346677,3187238.50
2021/10/27,24.65,25.02,24.23,24.33,435062,3928702.25
2021/10/28,24.21,24.92,24.21,24.77,520356,4735676.50
2021/10/29,24.77,25.09,24.45,24.97,554150,5104142.00
2021/11/01,25.09,25.44,24.80,25.22,474467,4429815.00
2021/11/02,25.22,25.56,24.80,24.97,572060,5335356.50
2021/11/03,24.97,25.78,24.97,25.51,610851,5758573.50
2021/11/04,25.49,25.74,25.34,25.46,452797,4284200.50
2021/11/05,25.69,25.74,25.44,25.44,362983,3448246.25
2021/11/08,25.56,26.75,25.56,25.91,1229805,12002484.00
2021/11/09,25.88,26.70,25.64,26.50,897604,8806822.00
2021/11/10,26.50,26.70,26.28,26.70,730161,7211557.50
2021/11/11,26.52,27.19,26.52,26.82,706505,7099554.00
2021/11/12,27.02,27.17,26.72,26.94,572864,5747718.50
2021/11/15,27.04,28.25,26.82,27.68,2973369,30806866.00
2021/11/16,28.15,28.15,27.07,27.12,1054090,10757354.00
2021/11/17,27.21,27.53,27.12,27.44,637301,6518717.00
2021/11/18,27.44,27.73,27.02,27.21,632785,6479631.50
2021/11/19,27.26,27.86,27.19,27.73,828157,8528187.00
2021/11/22,27.61,27.93,27.49,27.83,893763,9259510.00
2021/11/23,27.83,28.03,27.61,27.90,923996,9604499.00
2021/11/24,28.13,28.13,27.71,27.81,1397134,14595719.00
2021/11/25,27.66,28.99,27.53,28.72,2718903,29072070.00
2021/11/26,28.72,29.21,28.30,28.50,1067203,11445520.00
2021/11/29,28.25,28.47,27.68,28.05,770658,8048199.00
2021/11/30,28.05,28.67,27.81,28.03,1099495,11609273.00
2021/12/01,28.25,28.27,27.56,28.05,1681758,17637384.00
2021/12/02,28.03,28.18,27.73,28.03,1374220,14375169.00
2021/12/03,28.03,28.27,27.83,27.98,887340,9304145.00
2021/12/06,28.00,28.00,26.77,26.87,1648951,16689232.00
2021/12/07,27.56,27.90,26.60,27.02,1216440,12255761.00
2021/12/08,26.99,27.09,26.60,26.82,1034265,10363697.00
2021/12/09,26.82,26.94,26.67,26.75,1827433,18231126.00
2021/12/10,26.77,27.58,26.45,27.44,1652235,16800626.00
2021/12/13,27.39,27.53,26.87,27.02,1257190,12702680.00
2021/12/14,27.19,27.41,26.82,27.29,785700,7975152.50
2021/12/15,27.29,27.53,27.09,27.29,755863,7723119.00
2021/12/16,27.29,27.88,27.29,27.61,837875,8655340.00
2021/12/17,27.51,27.86,27.17,27.51,1167935,12037881.00
2021/12/20,27.78,28.35,27.39,27.49,1533423,15953980.00
2021/12/21,27.44,28.00,27.39,27.81,1198645,12476308.00
2021/12/22,27.86,28.18,27.71,28.08,1397551,14635827.00
2021/12/23,28.15,28.18,27.76,27.83,1082943,11307893.00
2021/12/24,27.71,28.15,27.24,27.39,1169632,11995724.00
2021/12/27,27.41,27.66,26.82,27.61,1091508,11137027.00
2021/12/28,27.49,27.98,27.39,27.81,956213,9969844.00
2021/12/29,27.58,28.45,27.58,28.08,1827240,19231922.00
2021/12/30,28.25,28.35,27.63,28.03,1144240,11997857.00
2021/12/31,28.08,28.35,27.86,28.05,837238,8807715.00
2022/01/04,28.05,28.64,27.98,28.52,2182915,23170272.00
2022/01/05,28.59,28.74,27.53,28.00,1945243,20308638.00
2022/01/06,28.10,28.79,28.00,28.69,2360145,25229136.00
2022/01/07,28.55,28.99,27.63,27.98,1755513,18629128.00
2022/01/10,28.20,28.50,27.61,28.35,1222514,12880114.00
2022/01/11,28.45,29.01,28.10,28.37,1687667,18111830.00
2022/01/12,28.74,29.98,28.45,29.29,2918431,32036074.00
2022/01/13,29.11,29.41,28.92,29.16,1625055,17821690.00
2022/01/14,29.36,29.73,28.55,28.55,1571753,17177166.00
2022/01/17,28.64,29.29,28.52,28.92,1562375,16938762.00
2022/01/18,28.89,29.19,27.90,28.18,1972394,20891778.00
2022/01/19,28.27,29.16,27.93,28.79,1449865,15659671.00
2022/01/20,29.04,29.24,27.63,27.71,1594207,16770531.00
2022/01/21,27.58,28.27,27.26,28.05,1308108,13639637.00
2022/01/24,28.15,28.37,27.02,27.31,1693697,17368282.00
2022/01/25,27.29,27.63,26.03,26.08,1545513,15430371.00
2022/01/26,26.65,27.19,26.15,27.07,1256438,12539407.00
2022/01/27,27.66,27.66,25.86,25.88,1311336,12858771.00
2022/01/28,26.03,27.21,26.03,26.92,1252120,12463605.00
2022/02/07,27.31,27.63,26.80,27.41,1097902,11177642.00
2022/02/08,27.41,28.03,27.31,27.78,1026975,10644415.00
2022/02/09,27.78,28.35,27.63,28.25,835320,8789363.00
2022/02/10,28.25,28.96,27.81,28.23,1161045,12246585.00
2022/02/11,28.08,28.08,27.24,27.41,861708,8867098.00
2022/02/14,27.29,28.99,27.02,28.42,2500851,26559480.00
2022/02/15,28.30,28.50,27.58,27.93,1850361,19365856.00
2022/02/16,28.03,30.52,27.98,30.52,2755663,31434034.00
2022/02/17,32.88,33.35,31.50,31.68,12243889,152814880.00
2022/02/18,29.01,30.44,29.01,29.58,13757046,152712960.00
2022/02/21,29.33,30.71,29.09,30.15,9725703,109927608.00
2022/02/22,30.39,31.18,29.48,29.93,7473862,84910072.00
2022/02/23,30.15,30.59,29.36,29.53,5561891,61839748.00
2022/02/24,29.09,29.88,28.45,28.89,6114742,67073880.00
2022/02/25,29.16,29.93,28.84,28.89,3542351,38922380.00
2022/02/28,28.84,29.21,27.56,28.55,4005683,42426312.00
2022/03/01,28.79,29.36,28.79,28.94,2410225,26260168.00
2022/03/02,29.09,29.38,28.92,29.14,1818592,19886818.00
2022/03/03,29.26,29.53,28.77,29.09,1536590,16734367.00
2022/03/04,29.09,29.14,28.55,28.64,1451482,15677838.00
2022/03/07,28.89,28.89,28.15,28.52,1601607,17127560.00
2022/03/08,28.18,28.92,27.88,28.45,1962305,20888974.00
2022/03/09,28.05,28.55,26.97,27.76,2590876,27074620.00
2022/03/10,28.30,28.87,27.78,28.67,2216694,23717156.00
2022/03/11,28.30,28.79,27.73,28.77,2043860,21626112.00
2022/03/14,28.62,28.62,27.49,27.53,1945165,20283704.00
2022/03/15,27.58,27.58,25.98,26.06,1703851,16989096.00
2022/03/16,26.47,27.04,25.81,26.89,2095013,20695394.00
2022/03/17,27.04,27.53,26.82,26.97,1488327,15073070.00
2022/03/18,27.17,27.71,26.82,27.49,1187570,12177581.00
2022/03/21,27.53,27.93,27.26,27.78,1183708,12177209.00
2022/03/22,27.51,28.00,27.36,27.88,1190540,12323743.00
2022/03/23,27.93,28.99,27.76,28.84,3764255,40247052.00
2022/03/24,28.62,29.04,28.35,28.45,2554673,27412972.00
2022/03/25,28.69,29.09,28.30,28.57,2223878,23975806.00
2022/03/28,28.50,28.57,27.56,28.30,1832090,19289310.00
2022/03/29,28.15,28.62,27.29,27.44,1993582,20667052.00
2022/03/30,27.61,29.24,27.31,28.62,3408606,36050348.00
2022/03/31,28.62,29.53,28.25,29.19,4624594,50467652.00
2022/04/01,28.92,29.09,28.32,28.77,2712611,29195148.00
2022/04/06,28.57,29.33,28.50,29.31,2334491,25487352.00
2022/04/07,29.24,29.95,28.74,28.74,3062390,33715648.00
2022/04/08,28.99,29.16,28.40,28.52,2237491,24109712.00
2022/04/11,28.40,28.42,26.92,27.12,3518410,36134060.00
2022/04/12,27.44,27.78,26.89,27.61,1679165,17102164.00
2022/04/13,27.68,27.68,26.87,26.97,1348555,13765347.00
2022/04/14,27.41,27.66,26.94,26.97,1355350,13795008.00
2022/04/15,26.97,27.14,25.59,25.83,2584300,25153548.00
2022/04/18,25.81,26.03,25.12,25.96,1165445,11093911.00
2022/04/19,25.96,26.57,25.76,26.52,1151520,11302101.00
2022/04/20,26.57,26.99,25.86,26.08,1219925,11982063.00
2022/04/21,25.74,26.33,24.82,24.92,1898945,17822860.00
2022/04/22,24.85,26.08,24.40,25.54,2275185,21452486.00
2022/04/25,25.54,25.54,23.20,23.49,1869535,16878880.00
2022/04/26,23.74,24.11,22.21,22.70,2322904,19640736.00
2022/04/27,22.56,23.49,21.54,23.07,3034131,25015080.00
2022/04/28,23.07,23.07,21.45,22.06,2493014,20085016.00
2022/04/29,22.09,23.15,22.06,23.00,1820678,15139340.00
2022/05/05,23.05,24.23,22.63,24.11,2499074,21814908.00
2022/05/06,23.81,23.91,23.42,23.57,1263545,11012093.00
2022/05/09,23.44,25.27,23.37,24.65,2392370,21756598.00
2022/05/10,24.48,24.80,23.94,24.55,2020573,18297492.00
2022/05/11,24.48,26.80,24.45,26.80,3387370,33039478.00
2022/05/12,27.90,28.10,25.37,26.15,8724626,85954672.00
2022/05/13,26.13,26.15,24.97,25.27,4847685,45482616.00
2022/05/16,24.95,25.59,24.95,25.59,3520711,33113078.00
2022/05/17,25.34,25.46,24.80,25.09,2077297,19309576.00
2022/05/18,25.05,27.39,24.97,27.39,4309489,42737936.00
2022/05/19,28.32,29.90,28.32,29.90,6185056,68434816.00
2022/05/20,32.69,32.69,28.57,30.17,19241401,224723584.00
2022/05/23,28.40,28.87,27.36,27.46,13974663,144857296.00
2022/05/24,26.55,27.26,25.88,25.96,7916101,78399576.00
2022/05/25,26.01,26.72,25.64,26.28,5089973,49682264.00
2022/05/26,26.30,27.07,25.91,26.55,4782990,47293624.00
2022/05/27,26.87,26.94,26.33,26.55,4065745,38904832.00
2022/05/30,26.52,26.70,26.06,26.25,2639892,24892642.00
2022/05/31,26.30,26.43,25.93,26.40,2073124,19533056.00
2022/06/01,26.30,26.72,26.08,26.60,2388494,22761294.00
2022/06/02,26.60,26.80,26.06,26.65,1859914,17683240.00
2022/06/06,26.65,27.04,26.65,27.04,2884860,27937254.00
2022/06/07,27.04,27.21,26.43,26.55,2453658,23627200.00
2022/06/08,26.55,26.62,25.46,26.28,2458792,23060434.00
2022/06/09,26.25,26.43,25.74,25.88,1389358,12947905.00
2022/06/10,25.88,26.38,25.78,26.23,1862454,17524770.00
2022/06/13,26.20,26.35,25.74,26.08,2016421,18781358.00
2022/06/14,26.13,26.15,25.22,25.96,1841688,16857906.00
2022/06/15,25.74,26.23,25.74,25.88,1568668,14596881.00
2022/06/16,26.08,26.33,25.64,26.15,1423189,13301505.00
2022/06/17,25.98,26.20,25.59,25.96,1393540,12963134.00
2022/06/20,25.98,26.33,25.98,26.28,1589110,14940183.00
2022/06/21,26.40,26.92,26.08,26.62,2286600,21910926.00
2022/06/22,26.70,26.84,26.38,26.47,1224000,11718017.00
2022/06/23,26.47,27.29,26.47,27.12,2497125,24140260.00
2022/06/24,27.17,27.76,26.99,27.58,2491127,24632614.00
2022/06/27,27.66,28.03,27.41,27.63,1839445,18375544.00
2022/06/28,27.63,28.37,27.26,28.18,3290055,33334840.00
2022/06/29,28.18,28.40,27.78,28.05,2599792,26416046.00
2022/06/30,28.05,28.55,27.53,27.68,1808492,18145116.00
2022/07/01,27.68,28.00,27.44,27.66,1095050,10960417.00
2022/07/04,27.66,27.86,27.34,27.81,1347900,13471450.00
2022/07/05,27.78,28.40,27.71,28.08,1943473,19701192.00
2022/07/06,28.20,28.74,27.44,28.15,2113676,21546048.00
2022/07/07,28.05,29.53,28.05,28.72,2683502,28215612.00
2022/07/08,28.79,28.99,28.42,28.67,1289475,13423736.00
2022/07/11,28.67,28.72,28.18,28.67,910670,9388400.00
2022/07/12,28.59,30.02,27.71,27.83,2533119,25873076.00
2022/07/13,27.88,28.79,25.39,28.74,2349258,24042314.00
2022/07/14,29.93,31.06,29.19,30.42,8553801,93546592.00
2022/07/15,30.52,31.58,29.75,29.88,6282620,70379608.00
2022/07/18,30.74,32.24,30.25,31.92,5346085,61820812.00
2022/07/19,31.90,32.22,31.26,32.00,3754640,43897520.00
2022/07/20,32.12,32.34,31.53,32.22,2893397,33991552.00
2022/07/21,32.37,33.57,31.92,33.16,3177425,38433428.00
2022/07/22,33.06,36.16,32.86,36.16,6498845,84165696.00
2022/07/25,36.78,37.39,34.34,34.71,8471659,111725832.00
2022/07/26,34.93,35.40,33.20,35.10,5591645,71023776.00
2022/07/27,34.78,35.13,34.46,34.95,3409027,43907960.00
2022/07/28,35.00,35.67,34.56,34.73,2650499,34280524.00
2022/07/29,34.66,35.37,34.61,34.95,3232775,41936000.00
2022/08/01,34.98,36.56,34.63,35.37,4167080,55054504.00
2022/08/02,35.30,35.30,33.62,33.85,4305430,54494240.00
2022/08/03,34.31,34.73,32.93,33.35,2597808,32559498.00
2022/08/04,34.07,34.07,32.88,33.60,2223217,27286334.00
2022/08/05,34.14,34.14,32.93,33.25,1686135,20644386.00
2022/08/08,33.03,36.29,32.76,36.29,3736985,48423856.00
2022/08/09,37.20,39.61,35.30,39.61,9771761,137273872.00
2022/08/10,39.66,43.26,36.83,43.26,18648913,279299136.00
2022/08/11,42.45,46.44,40.43,41.22,20677696,333033952.00
2022/08/12,39.96,43.04,39.51,42.00,17546826,270918144.00
2022/08/15,40.50,40.57,38.11,38.11,11044673,159113360.00
2022/08/16,37.42,37.59,36.56,37.22,11046707,152368992.00
2022/08/17,37.54,37.94,36.19,36.19,9475613,129007320.00
2022/08/18,36.04,38.11,35.72,37.91,12350823,170012832.00
2022/08/19,37.57,38.13,35.97,36.16,7514892,103289832.00
2022/08/22,35.82,36.16,35.08,35.42,4797693,63170492.00
2022/08/23,35.35,36.21,35.32,36.09,4168980,55557244.00
2022/08/24,36.06,36.09,34.39,34.49,4690985,60910320.00
2022/08/25,34.66,35.52,34.54,34.91,3364598,43622620.00
2022/08/26,34.91,37.15,34.91,36.24,6890656,92821744.00
2022/08/29,35.74,36.93,35.18,36.93,5085739,68919704.00
2022/08/30,36.83,36.98,35.05,35.18,4979600,66190472.00
2022/08/31,34.76,36.75,34.71,35.42,6167405,81609112.00
2022/09/01,34.68,35.67,33.85,33.97,5875024,75061896.00
2022/09/02,34.24,35.57,34.17,35.52,4897108,63483036.00
2022/09/05,35.57,35.89,34.86,35.05,2823984,36839708.00
2022/09/06,35.37,35.69,34.83,35.64,2216170,28998236.00
2022/09/07,35.60,36.61,35.27,35.79,2604034,34731588.00
2022/09/08,35.79,36.04,35.20,35.32,2475815,32667996.00
2022/09/09,35.32,35.55,34.49,34.63,1805843,23247666.00
2022/09/13,34.86,37.79,34.58,37.79,5535445,75404864.00
2022/09/14,38.41,41.26,37.94,41.26,17653885,265670736.00
2022/09/15,42.89,45.09,42.84,45.09,16892419,286963872.00
2022/09/16,46.64,49.30,40.87,40.87,25448155,427615808.00
2022/09/19,37.10,38.11,37.10,37.10,17874157,248791888.00
2022/09/20,35.69,36.93,35.45,36.09,15179354,203410304.00
2022/09/21,35.82,38.36,35.82,36.90,14981920,208967584.00
2022/09/22,37.27,40.28,37.27,40.28,10615075,156592784.00
2022/09/23,41.24,42.18,38.78,39.44,17279210,260622960.00
2022/09/26,39.07,40.65,38.18,39.56,11501080,168960240.00
2022/09/27,39.44,39.47,37.84,38.78,8585035,123378608.00
2022/09/28,38.90,38.90,35.32,37.39,7080055,99131848.00
2022/09/29,38.06,38.11,35.99,36.19,5861684,79616128.00
2022/09/30,35.94,36.53,34.09,34.19,6475805,83994752.00
2022/10/10,34.36,35.60,34.22,34.49,5798830,74654080.00
2022/10/11,34.49,35.08,33.57,35.03,4498545,57167952.00
2022/10/12,34.95,35.52,33.92,35.52,3843312,49415900.00
2022/10/13,35.52,35.64,34.98,35.13,3368600,44020196.00
2022/10/14,37.05,38.33,35.23,38.33,9966446,136213536.00
2022/10/17,39.05,40.70,38.48,40.18,19596319,291115904.00
2022/10/18,39.69,39.93,38.97,39.19,12723672,187524928.00
2022/10/19,39.61,39.61,38.90,39.10,6507614,95539024.00
2022/10/20,39.07,39.22,37.67,37.86,7622533,108930432.00
2022/10/21,37.89,38.48,37.49,38.33,5282967,75171384.00
2022/10/24,38.36,38.78,37.35,37.69,5779351,82346784.00
2022/10/25,37.07,38.26,36.09,37.22,6212024,85312456.00
2022/10/26,37.35,38.97,37.25,38.95,7458319,106701696.00
2022/10/27,38.33,39.59,37.91,38.01,6554350,94400648.00
2022/10/28,38.06,38.75,35.57,35.64,7199329,99194168.00
2022/10/31,35.72,36.90,35.42,35.99,4800223,64595332.00
2022/11/01,35.99,36.48,35.47,36.31,4314658,57709576.00
2022/11/02,36.26,37.00,36.01,36.88,4100658,56014816.00
2022/11/03,36.56,37.81,36.36,37.10,3536429,48847600.00
2022/11/04,37.54,40.50,37.12,40.50,6825173,100599216.00
2022/11/07,41.73,42.74,40.57,41.04,21627771,336402560.00
2022/11/08,40.70,41.24,39.96,40.67,11029085,167512528.00
2022/11/09,40.28,40.92,40.01,40.16,7896413,119595624.00
2022/11/10,39.98,40.50,39.22,39.27,6132283,91241560.00
2022/11/11,39.96,40.01,38.78,38.90,5546100,81403320.00
2022/11/14,38.65,39.24,38.53,38.90,4197748,61062540.00
2022/11/15,38.68,40.38,38.16,40.33,8014311,119018856.00
2022/11/16,40.03,40.45,39.69,40.11,5088105,76340392.00
2022/11/17,40.13,40.20,38.80,39.22,3492528,51226600.00
2022/11/18,39.24,39.81,38.73,38.95,3239953,47608072.00
2022/11/21,38.70,40.25,38.31,40.23,4412656,65396120.00
2022/11/22,40.23,40.62,39.32,39.34,4373223,65428504.00
2022/11/23,39.37,41.39,38.36,41.34,8458491,127310200.00
2022/11/24,41.02,41.83,40.13,41.22,7243167,111541336.00
2022/11/25,41.22,41.76,40.01,40.20,4752849,72615128.00
2022/11/28,40.20,40.77,39.39,39.76,4001733,59981432.00
2022/11/29,39.39,40.18,39.10,40.18,3501715,52257624.00
2022/11/30,40.01,40.11,39.12,39.59,2934570,43556476.00
2022/12/01,39.88,40.85,39.44,39.66,3461057,51785700.00
2022/12/02,39.71,39.91,39.02,39.27,3289865,48514576.00
2022/12/05,39.51,40.94,38.78,40.38,5594393,84174928.00
2022/12/06,40.13,40.48,39.17,39.42,3980258,59241384.00
2022/12/07,39.32,39.39,38.90,39.10,2118098,30995642.00
2022/12/08,38.90,39.39,38.63,38.73,2086347,30393084.00
2022/12/09,38.75,39.17,37.25,37.30,4348537,60912904.00
2022/12/12,37.30,37.96,37.17,37.42,2123001,29744292.00
2022/12/13,37.59,37.79,36.16,36.46,2915289,40071448.00
2022/12/14,36.56,36.95,36.38,36.56,1703877,23224574.00
2022/12/15,36.53,36.88,36.33,36.85,1115674,15220391.00
2022/12/16,36.63,36.88,35.57,35.89,2187185,29284536.00
2022/12/19,36.06,36.21,35.03,35.18,1684495,22125024.00
2022/12/20,35.30,35.74,34.78,35.67,1242372,16376411.00
2022/12/21,35.74,35.79,35.23,35.32,969600,12766599.00
2022/12/22,35.50,36.16,34.81,34.93,1566100,20666982.00
2022/12/23,34.71,35.30,34.58,35.03,1077300,13915140.00
2022/12/26,34.91,35.94,34.91,35.87,1313307,17386878.00
2022/12/27,36.04,36.24,35.42,35.94,1033842,13735035.00
2022/12/28,35.94,35.94,35.15,35.20,798500,10498756.00
2022/12/29,34.91,35.50,34.91,35.00,901000,11759090.00
2022/12/30,35.37,35.50,34.98,35.40,841022,11021621.00
2023/01/03,35.27,36.14,35.13,35.97,1427669,18967666.00
2023/01/04,35.64,36.98,35.60,36.75,2673275,36339768.00
2023/01/05,37.00,37.00,36.43,36.90,1807645,24749470.00
2023/01/06,36.78,37.57,36.56,36.90,1676454,23153770.00
2023/01/09,36.90,37.25,36.68,36.90,1197700,16457309.00
2023/01/10,36.93,37.17,36.75,37.03,1134500,15595102.00
2023/01/11,36.70,37.15,36.38,36.56,1236780,16897064.00
2023/01/12,36.58,37.15,36.56,37.03,1237709,17008234.00
2023/01/13,37.00,37.17,36.29,36.63,1431659,19531712.00
2023/01/16,36.80,36.98,36.41,36.85,1190678,16309592.00
2023/01/17,37.00,37.27,36.51,37.10,1189830,16402419.00
2023/01/18,37.07,37.81,36.90,37.67,1936290,27008518.00
2023/01/19,37.54,37.72,37.30,37.42,956587,13354087.00
2023/01/20,37.57,37.96,37.32,37.64,1391707,19500658.00
2023/01/30,38.04,38.68,38.04,38.58,2216266,31825756.00
2023/01/31,38.48,39.22,37.81,39.17,3346097,48408352.00
2023/02/01,39.29,39.39,38.92,39.34,2022780,29698862.00
2023/02/02,39.76,39.76,39.05,39.39,1901600,28039756.00
2023/02/03,39.44,39.88,38.85,39.81,2617874,38628452.00
2023/02/06,42.92,43.48,40.08,41.34,12972934,203393296.00
2023/02/07,41.17,45.11,40.55,42.40,11731364,185516912.00
2023/02/08,42.40,43.04,41.29,42.03,6269889,99009632.00
2023/02/09,42.23,43.02,40.80,42.94,9439638,149048544.00
2023/02/10,42.50,46.93,42.18,42.92,15285478,253788208.00
2023/02/13,40.35,42.42,40.35,41.73,9367833,145895600.00
2023/02/14,42.00,42.05,41.12,41.29,4834663,75208896.00
2023/02/15,41.44,41.93,41.24,41.41,4010163,62726596.00
2023/02/16,41.49,41.66,39.39,39.66,5485632,83225344.00
2023/02/17,39.86,40.45,39.69,40.11,3207690,48260132.00
2023/02/20,39.98,40.16,39.02,39.81,3058165,45325264.00
2023/02/21,39.91,40.92,39.76,40.85,2836900,43041132.00
2023/02/22,40.38,40.70,40.23,40.45,1698735,25783728.00
2023/02/23,40.35,40.85,40.33,40.75,1763300,26891464.00
2023/02/24,40.85,41.46,40.25,41.14,2484989,38141440.00
2023/02/27,40.99,41.73,40.80,41.02,2621060,40641656.00
2023/02/28,40.72,41.29,40.67,40.99,2014075,30945710.00
2023/03/01,40.57,41.22,40.57,41.19,1738992,26799138.00
2023/03/02,41.19,41.49,40.50,40.57,2125294,32624630.00
2023/03/03,40.60,41.02,40.33,40.65,1773696,27122066.00
2023/03/06,40.53,40.90,40.16,40.18,1516035,22981864.00
2023/03/07,40.43,40.43,39.51,39.51,1926700,28769220.00
2023/03/08,39.37,39.93,39.37,39.88,961646,14335463.00
2023/03/09,39.96,40.01,39.51,39.59,944400,14030250.00
2023/03/10,39.54,39.69,39.05,39.19,1238660,18207026.00
2023/03/13,39.07,39.74,38.90,39.71,1384635,20405466.00
2023/03/14,39.71,39.98,38.92,39.47,1774600,26244004.00
2023/03/15,39.27,39.88,39.27,39.64,1521275,22551064.00
2023/03/16,39.51,40.06,38.48,38.48,2288700,33428192.00
2023/03/17,38.97,39.44,38.80,39.24,1728215,25376742.00
2023/03/20,39.51,40.43,39.34,40.38,3131780,47056076.00
2023/03/21,40.01,40.72,40.01,40.30,3398930,51407348.00
2023/03/22,40.38,40.38,39.71,39.88,2461000,36900244.00
2023/03/23,39.74,40.33,39.71,40.11,1964495,29497742.00
2023/03/24,40.06,40.45,39.79,40.30,1952080,29466362.00
2023/03/27,40.25,40.30,39.64,40.18,1854390,27767818.00
2023/03/28,40.90,42.35,40.48,42.35,7170490,112359384.00
2023/03/29,42.37,42.37,40.87,41.09,5772555,89616416.00
2023/03/30,40.80,41.04,39.56,39.76,3427046,51399260.00
2023/03/31,39.76,40.06,39.27,40.03,1906500,28479702.00
2023/04/03,40.03,40.25,39.61,39.91,2057960,30652104.00
2023/04/04,39.98,39.98,38.92,39.02,2281145,33463306.00
2023/04/06,38.90,39.32,38.50,39.15,1155620,16822674.00
2023/04/07,39.00,39.39,38.92,39.27,921410,13531492.00
2023/04/10,39.47,39.74,38.95,39.02,1343202,19801590.00
2023/04/11,38.92,38.92,38.13,38.13,1717435,24576388.00
2023/04/12,38.26,38.58,37.89,38.53,1114937,15943924.00
2023/04/13,38.68,38.68,38.11,38.16,790400,11304275.00
2023/04/14,38.21,38.38,37.81,38.28,632780,9011277.00
2023/04/17,39.22,40.06,39.02,39.74,2972377,44101992.00
2023/04/18,39.56,40.48,39.29,40.40,2894590,43469492.00
2023/04/19,40.30,41.66,40.23,41.36,4451000,68821488.00
2023/04/20,41.61,41.68,39.64,41.04,3130085,48096404.00
2023/04/21,41.07,41.49,40.72,40.87,2404105,37089768.00
2023/04/24,40.77,41.44,40.20,41.29,2021540,31115650.00
2023/04/25,41.04,41.29,39.96,40.50,1756775,26658628.00
2023/04/26,40.50,42.30,40.25,41.98,4208805,66060244.00
2023/04/27,41.88,42.20,41.17,41.71,3111182,48847488.00
2023/04/28,41.01,42.55,40.78,42.19,4632294,55104420.00
2023/05/04,42.16,43.70,41.87,42.64,4681175,57020124.00
2023/05/05,42.87,42.87,41.20,41.33,3439553,40590776.00
2023/05/08,41.33,41.55,40.69,41.01,2558953,29780164.00
2023/05/09,41.14,41.36,39.31,39.47,3344612,37577552.00
2023/05/10,39.57,39.57,38.38,38.96,2204230,24066534.00
2023/05/11,39.25,39.25,38.77,38.96,1257537,13810741.00
2023/05/12,39.31,40.18,38.89,39.95,2838429,31730054.00
2023/05/15,39.69,40.27,39.37,40.14,2069035,23352936.00
2023/05/16,40.14,40.30,39.47,39.60,1225579,13739717.00
2023/05/17,39.60,41.39,39.47,41.33,3065567,35346316.00
2023/05/18,41.36,43.16,41.23,42.84,4857573,58813408.00
2023/05/19,42.39,42.77,42.10,42.55,2401402,29012264.00
2023/05/22,42.45,43.32,42.45,43.16,2729451,33409508.00
2023/05/23,43.19,43.44,42.58,42.67,2203966,27004098.00
2023/05/24,42.64,43.60,42.29,43.03,2137112,26142286.00
2023/05/25,43.19,43.60,42.71,43.22,2192985,26930736.00
2023/05/26,43.28,44.79,43.06,43.76,3610209,44863004.00
2023/05/29,44.02,44.79,42.80,43.16,2577336,31730928.00
2023/05/30,43.16,43.67,42.77,43.09,1630766,20065104.00
2023/05/31,43.60,43.60,42.23,42.74,1831759,22318570.00
2023/06/01,42.87,43.38,42.55,43.00,1527292,18723086.00
2023/06/02,43.09,43.86,42.90,43.41,1842017,22828376.00
2023/06/05,43.22,44.47,43.09,44.18,2377565,29707388.00
2023/06/06,44.12,44.98,43.09,43.09,2525088,31573710.00
2023/06/07,43.06,43.32,42.71,42.87,1287649,15735287.00
2023/06/08,42.71,43.22,42.10,42.45,1624237,19669740.00
2023/06/09,42.42,43.00,42.26,42.45,1105750,13383094.00
2023/06/12,42.39,43.60,41.91,43.60,2102613,25739580.00
2023/06/13,43.60,44.12,43.25,43.92,1576090,19688998.00
2023/06/14,44.08,44.08,43.06,43.32,1505768,18599978.00
2023/06/15,43.51,43.73,43.09,43.64,1323612,16391176.00
2023/06/16,43.76,43.96,43.41,43.73,1233066,15354098.00
2023/06/19,43.64,44.02,43.28,43.44,1202977,14975168.00
2023/06/20,43.67,44.18,43.12,43.73,1434470,17853080.00
2023/06/21,43.76,44.73,43.44,43.89,2097450,26326204.00
2023/06/26,43.51,44.73,43.00,43.06,2235238,27795554.00
2023/06/27,43.35,44.60,43.09,44.50,3245796,41023452.00
2023/06/28,44.34,46.07,44.18,46.07,5214854,67528736.00
2023/06/29,45.72,45.78,44.82,45.46,4095685,53103412.00
2023/06/30,45.40,46.65,44.98,46.07,4320238,56547376.00
2023/07/03,46.36,46.87,45.59,45.78,3271839,43232572.00
2023/07/04,45.59,46.68,45.27,46.10,2179850,28825144.00
2023/07/05,45.94,46.20,45.33,45.37,2005241,26223892.00
2023/07/06,45.37,45.69,45.21,45.40,1198335,15580150.00
2023/07/07,45.27,45.53,44.50,45.14,1744083,22485894.00
2023/07/10,45.30,45.75,44.47,44.73,1578709,20222180.00
2023/07/11,44.76,45.24,44.53,45.14,1108532,14255153.00
2023/07/12,45.11,45.59,44.02,44.18,1996848,25398916.00
2023/07/13,44.34,45.05,43.51,44.02,1921220,24231850.00
2023/07/14,44.12,44.15,43.57,43.73,1326079,16560065.00
2023/07/17,43.86,44.25,43.12,43.51,1950498,24162896.00
2023/07/18,43.64,43.92,43.06,43.76,1269841,15770602.00
2023/07/19,43.76,44.31,43.06,43.38,1573510,19509280.00
2023/07/20,43.70,43.70,42.93,42.96,1419121,17479502.00
2023/07/21,43.28,43.28,42.55,43.00,1201387,14667201.00
2023/07/24,43.06,43.41,42.23,43.12,1314405,16056379.00
2023/07/25,43.25,43.70,42.87,43.67,1351762,16694619.00
2023/07/26,43.57,44.15,43.25,43.96,1456678,18195292.00
2023/07/27,43.76,44.25,43.38,43.51,1345522,16777412.00
2023/07/28,43.28,43.41,42.71,43.09,1970996,24121798.00
2023/07/31,43.09,43.48,42.64,42.74,2264968,27617534.00
2023/08/01,42.93,42.96,41.87,42.23,2546218,30598630.00
2023/08/02,42.55,42.67,41.84,42.19,1080431,12930687.00
2023/08/03,42.19,42.42,41.33,42.16,1285723,15269131.00
2023/08/04,42.07,42.13,41.07,41.23,2130944,25049656.00
2023/08/07,41.43,42.00,40.78,40.94,2854446,33445942.00
2023/08/08,41.01,41.52,40.11,41.43,1529461,17873806.00
2023/08/09,41.26,41.33,40.46,40.66,1474770,17005620.00
2023/08/10,40.78,41.01,40.46,41.01,740386,8551754.00
2023/08/11,40.85,41.33,40.46,40.46,1204541,13963029.00
2023/08/14,40.30,40.91,39.98,40.75,1551377,17700056.00
2023/08/15,40.66,41.01,40.56,40.78,942930,10889778.00
2023/08/16,40.94,40.98,40.34,40.37,1115928,12858322.00
2023/08/17,40.11,41.55,40.08,41.52,1741066,20225482.00
2023/08/18,41.36,42.16,41.30,41.52,1503990,17853360.00
2023/08/21,41.36,42.00,41.01,41.26,1365110,16054804.00
2023/08/22,41.23,41.91,40.05,40.66,1396173,16051369.00
2023/08/23,40.82,40.82,39.95,40.02,1741085,19786386.00
2023/08/24,39.79,40.34,39.37,39.50,1588671,17823884.00
2023/08/25,39.37,39.60,38.54,38.99,1475650,16256918.00
2023/08/28,40.59,40.88,39.05,39.25,1858585,20928862.00
2023/08/29,39.41,41.49,38.89,41.30,3071884,35449196.00
2023/08/30,41.26,42.07,40.30,40.59,2602392,30188930.00
2023/08/31,40.46,40.56,39.47,39.73,2549845,28712028.00
2023/09/01,39.60,40.11,39.05,39.69,1728797,19309458.00
2023/09/04,39.82,40.08,39.18,40.08,2088940,23421912.00
2023/09/05,39.73,40.43,39.73,40.24,1615062,18313058.00
2023/09/06,40.30,40.50,39.92,40.11,1759987,19945090.00
2023/09/07,40.21,40.21,39.21,39.28,2016029,22446332.00
2023/09/08,39.12,40.30,39.12,39.60,1524051,17059600.00
2023/09/11,39.60,40.05,39.28,39.63,1713548,19192962.00
2023/09/12,39.79,39.92,39.37,39.53,1183129,13207300.00
2023/09/13,39.50,39.69,38.41,38.70,2334070,25532082.00
2023/09/14,38.57,38.99,37.80,38.35,2109880,22787954.00
2023/09/15,38.44,38.61,37.93,38.06,1491610,16004851.00
2023/09/18,38.25,39.28,37.87,39.18,2702400,29619516.00
2023/09/19,38.86,39.15,38.35,38.35,1455400,15790938.00
2023/09/20,38.25,38.89,38.22,38.35,1585710,17204360.00
2023/09/21,38.35,38.64,37.80,38.54,1654600,17732228.00
2023/09/22,37.90,38.70,37.42,38.64,1921294,20614808.00
2023/09/25,38.70,38.96,38.35,38.57,1118890,12162037.00
2023/09/26,38.57,38.93,38.32,38.67,1331770,14482776.00
2023/09/27,38.83,39.25,38.38,39.02,1515859,16650452.00
2023/09/28,39.25,39.41,38.83,39.09,1180829,13034079.00
2023/10/09,39.09,39.34,38.44,38.64,1522510,16591192.00
2023/10/10,38.64,38.80,37.87,38.06,1388970,14896192.00
2023/10/11,38.12,38.35,37.61,38.00,1348407,14362553.00
2023/10/12,38.03,38.16,37.45,37.77,1522590,16125680.00
2023/10/13,37.52,37.80,36.97,37.23,1527234,15954394.00
2023/10/16,37.26,37.55,36.84,37.26,1371961,14296470.00
2023/10/17,37.26,37.48,36.68,37.00,1139250,11768882.00
2023/10/18,36.94,36.94,36.27,36.52,1180780,12080542.00
2023/10/19,36.52,37.13,36.17,36.36,1056044,10816331.00
2023/10/20,36.36,36.97,35.91,36.33,978300,9985887.00
2023/10/23,36.36,36.49,35.18,35.40,1605900,15992875.00
2023/10/24,35.40,36.78,35.37,36.78,1601880,16307541.00
2023/10/25,37.16,38.06,37.03,37.90,2006862,21286326.00
2023/10/26,37.80,37.96,36.84,37.90,2088820,21945558.00
2023/10/27,37.90,38.06,37.29,38.03,1708630,18145086.00
2023/10/30,38.06,38.25,37.48,38.06,1800716,19153462.00
2023/10/31,38.06,38.22,37.77,38.09,1246353,13327294.00
2023/11/01,38.16,38.73,37.84,38.51,2197610,23753980.00
2023/11/02,38.38,38.83,38.06,38.19,993710,10720996.00
2023/11/03,38.32,38.89,38.06,38.64,1930814,21026918.00
2023/11/06,38.57,39.12,38.57,39.02,1681620,18425160.00
2023/11/07,39.12,39.31,38.77,39.25,1436950,15830276.00
2023/11/08,39.15,39.44,38.99,39.31,1367087,15140421.00
2023/11/09,39.44,39.44,39.02,39.28,1162400,12853819.00
2023/11/10,39.18,39.50,38.86,39.41,1314058,14554112.00
2023/11/13,39.37,39.95,39.34,39.92,1417984,15892337.00
2023/11/14,40.08,40.08,39.53,39.85,1276135,14330274.00
2023/11/15,39.79,40.21,39.50,39.92,1350608,15199897.00
2023/11/16,39.73,40.11,39.57,39.76,1726207,19422882.00
2023/11/17,39.69,39.98,39.15,39.98,1225786,13792905.00
2023/11/20,40.05,40.62,39.76,40.53,2199057,25088962.00
2023/11/21,40.53,40.88,40.11,40.14,1633487,18708004.00
2023/11/22,40.11,40.50,39.79,39.79,1173273,13298336.00
2023/11/23,39.82,40.53,39.82,40.43,1425637,16227939.00
2023/11/24,40.46,40.59,39.82,40.18,1347725,15288071.00
2023/11/27,40.02,40.34,39.63,40.11,1865278,21074260.00
2023/11/28,40.02,40.59,39.79,40.53,1276151,14558548.00
2023/11/29,40.53,40.66,40.21,40.43,1120676,12815105.00
2023/11/30,40.78,40.78,39.98,40.59,2006011,22868760.00
2023/12/01,40.59,40.59,39.50,39.66,2947067,33170620.00
2023/12/04,39.60,40.46,39.50,40.11,2645500,29898022.00
2023/12/05,39.95,40.21,39.34,39.63,1923170,21573538.00
2023/12/06,39.47,40.21,39.44,39.85,2030753,22910504.00
2023/12/07,39.76,39.98,39.25,39.66,1696951,18916816.00
2023/12/08,39.66,39.85,38.44,38.64,2229137,24513620.00
2023/12/11,38.25,39.21,37.93,38.09,4002141,43202476.00
2023/12/12,38.35,38.61,37.68,38.41,2121449,22763790.00
2023/12/13,38.41,39.37,38.09,38.89,2067506,22615754.00
2023/12/14,39.02,39.31,38.77,38.86,1622845,17839390.00
2023/12/15,38.86,39.31,38.61,38.93,1518077,16603266.00
2023/12/18,38.96,39.28,38.67,38.77,1801206,19742122.00
2023/12/19,38.77,39.31,38.28,39.09,1828944,19975980.00
2023/12/20,39.09,39.82,39.09,39.18,1729795,19278128.00
2023/12/21,39.34,39.50,38.32,39.44,1538021,16909262.00
2023/12/22,39.53,39.76,38.86,38.99,1724090,19102516.00
2023/12/25,39.12,39.18,38.25,38.73,1577340,17192840.00
2023/12/26,38.89,39.02,38.16,38.54,2032249,22036370.00
2023/12/27,38.48,39.02,38.25,38.70,2009470,21841616.00
2023/12/28,38.80,39.53,38.22,39.21,1959582,21549946.00
2023/12/29,39.05,39.69,38.96,39.60,1383491,15410396.00
2024/01/02,39.76,40.62,39.60,40.43,2517334,28743860.00
2024/01/03,40.50,40.82,39.89,40.30,1747361,19885392.00
2024/01/04,40.30,40.46,39.82,40.34,1470510,16716634.00
2024/01/05,40.37,40.78,39.63,39.85,1532204,17395544.00
2024/01/08,39.82,39.85,39.18,39.34,1562664,17443214.00
2024/01/09,39.34,40.18,39.02,39.66,2011130,22540528.00
2024/01/10,39.57,40.08,39.12,39.44,1881690,21027566.00
2024/01/11,39.63,39.95,39.28,39.85,1453546,16293032.00
2024/01/12,39.85,40.21,39.50,39.50,1367980,15390768.00
2024/01/15,39.66,39.98,39.28,39.66,2394610,26808216.00
2024/01/16,39.69,39.82,38.89,39.57,2012199,22316546.00
2024/01/17,39.25,39.76,38.70,38.70,1562780,17316606.00
2024/01/18,38.77,38.86,37.13,38.06,2423080,25791976.00
2024/01/19,38.28,38.44,37.68,37.77,2234996,23841872.00
2024/01/22,37.64,37.87,34.89,35.43,2833076,28912026.00
2024/01/23,35.46,35.56,34.12,34.82,3671420,35289632.00
2024/01/24,34.86,35.95,33.99,35.30,2858151,27807674.00
2024/01/25,35.50,36.94,34.89,36.84,2235138,22535734.00
2024/01/26,36.91,37.61,36.55,36.97,2264729,23587274.00
2024/01/29,37.13,37.36,35.69,36.04,2397278,24332024.00
2024/01/30,36.11,36.11,34.22,34.60,2602023,25504054.00
2024/01/31,34.38,34.57,32.61,32.87,3216823,29794336.00
2024/02/01,32.61,32.84,30.98,31.62,4039806,35302276.00
2024/02/02,31.91,32.77,28.83,29.82,5033662,41750944.00
2024/02/05,29.41,29.82,27.23,27.33,3035355,22420516.00
2024/02/06,25.59,26.88,24.99,25.69,6453786,43559276.00
2024/02/07,25.63,25.76,23.51,23.51,5976851,37573680.00
2024/02/08,23.35,25.50,22.74,25.50,6395559,40826632.00
2024/02/19,26.36,27.68,26.36,27.68,1939676,14256758.00
数据来源:通达信
