603767 中马传动 日线 后复权
      日期	    开盘	    最高	    最低	    收盘	    成交量	    成交额
2017/06/13,16.11,16.11,16.11,16.11,19179,308974.00
2017/06/14,17.72,17.72,17.72,17.72,3675,65121.00
2017/06/15,19.49,19.49,19.49,19.49,9200,179308.00
2017/06/16,21.44,21.44,21.44,21.44,60328,1293432.00
2017/06/19,23.58,23.58,23.58,23.58,398570,9398281.00
2017/06/20,25.20,25.94,25.00,25.94,11513761,295765952.00
2017/06/21,27.80,27.80,24.81,25.40,32727391,864711744.00
2017/06/22,24.35,27.69,23.57,26.33,30850991,793211840.00
2017/06/23,25.48,25.90,23.80,24.18,20337418,503786432.00
2017/06/26,23.99,24.55,23.00,23.29,14709960,345053920.00
2017/06/27,23.06,23.85,22.80,23.48,12444294,289912832.00
2017/06/28,23.09,23.18,22.11,22.28,10666596,240986752.00
2017/06/29,22.24,22.48,21.90,22.01,8708033,192628272.00
2017/06/30,22.02,22.69,21.89,22.27,10435113,233392448.00
2017/07/03,21.88,23.50,21.60,22.97,12320168,276059520.00
2017/07/04,22.63,22.99,22.40,22.49,7868759,178294080.00
2017/07/05,22.51,23.28,22.31,22.88,10756215,246448016.00
2017/07/06,22.88,23.49,22.75,23.25,13010705,301911072.00
2017/07/07,23.20,23.29,22.61,22.83,9417618,216044352.00
2017/07/10,22.36,22.36,21.04,21.13,12285821,265346176.00
2017/07/11,21.00,21.39,20.81,20.83,4786345,100857152.00
2017/07/12,20.86,21.00,20.06,20.73,5561628,113887760.00
2017/07/13,20.60,20.74,20.21,20.32,3611906,73915784.00
2017/07/14,20.22,20.56,20.12,20.22,2765050,56196080.00
2017/07/17,20.22,20.22,18.23,18.28,6232724,117840640.00
2017/07/18,18.50,18.97,18.29,18.77,3958256,73697792.00
2017/07/19,18.60,19.72,18.38,19.13,6490071,124320504.00
2017/07/20,19.00,19.38,18.66,18.75,4791055,91010904.00
2017/07/21,18.85,18.99,18.50,18.59,3084318,57709568.00
2017/07/24,18.31,18.94,18.23,18.81,3328390,61979284.00
2017/07/25,18.80,18.91,18.53,18.62,3030137,56693376.00
2017/07/26,18.64,18.67,18.23,18.35,2843546,52348024.00
2017/07/27,18.34,18.80,18.23,18.74,3860547,71897160.00
2017/07/28,18.77,18.92,18.53,18.56,2806185,52438488.00
2017/07/31,18.50,18.75,18.46,18.57,2117168,39344228.00
2017/08/01,18.57,18.69,18.41,18.63,2870448,53208420.00
2017/08/02,18.60,18.60,18.20,18.21,3360833,61755584.00
2017/08/03,18.23,19.24,18.15,18.90,6708983,125906096.00
2017/08/04,18.75,18.96,18.36,18.39,4232406,78617640.00
2017/08/07,18.35,18.55,18.31,18.47,2203885,40636120.00
2017/08/08,18.37,18.53,18.31,18.38,2207193,40595244.00
2017/08/09,18.40,18.47,18.35,18.40,1668785,30689460.00
2017/08/10,18.37,18.54,18.10,18.11,2675000,48892604.00
2017/08/11,18.12,18.14,17.51,17.58,2936539,52018840.00
2017/08/14,17.50,17.81,17.49,17.78,1859499,32948264.00
2017/08/15,17.87,17.97,17.70,17.85,1960349,34959052.00
2017/08/16,17.87,18.25,17.70,18.22,3421466,61816880.00
2017/08/17,18.17,18.29,18.02,18.18,2642385,47959080.00
2017/08/18,18.01,18.10,17.89,17.93,2282665,41008468.00
2017/08/21,17.97,18.29,17.93,18.26,2830661,51420672.00
2017/08/22,18.25,19.34,18.15,18.86,8333594,156033648.00
2017/08/23,18.90,18.90,18.38,18.51,4722886,87800840.00
2017/08/24,18.53,19.09,18.48,18.71,6106225,114806648.00
2017/08/25,18.57,20.13,18.51,19.63,10759005,206921440.00
2017/08/28,19.65,20.41,19.48,19.89,11386929,226491568.00
2017/08/29,19.80,20.90,19.51,20.30,13258163,267020256.00
2017/08/30,19.81,20.22,19.37,19.41,8653358,170712064.00
2017/08/31,19.43,20.20,19.43,20.00,8337607,165811792.00
2017/09/01,20.00,20.29,19.62,19.97,7128511,142473664.00
2017/09/04,19.88,19.95,19.30,19.41,6150187,120535288.00
2017/09/05,19.42,19.55,19.30,19.44,3358555,65183632.00
2017/09/06,19.34,19.57,19.14,19.55,4266208,82570824.00
2017/09/07,19.50,19.88,19.31,19.33,4673596,91542592.00
2017/09/08,19.21,19.36,19.04,19.19,3445960,66116612.00
2017/09/11,19.33,21.11,19.33,21.11,15360930,312404288.00
2017/09/12,21.79,23.00,21.48,21.59,25774215,569272640.00
2017/09/13,20.50,21.38,20.50,21.07,11330522,237265376.00
2017/09/14,20.94,21.42,20.28,20.34,10151538,210391712.00
2017/09/15,20.32,22.03,19.90,21.71,15568692,326951328.00
2017/09/18,21.35,22.48,21.22,21.94,14446415,317427776.00
2017/09/19,21.87,22.20,21.00,21.10,9557205,205605248.00
2017/09/20,21.38,22.05,21.26,21.56,9031017,195958240.00
2017/09/21,21.26,22.79,21.21,22.01,16090368,355832544.00
2017/09/22,21.56,21.83,21.01,21.31,9164158,196204240.00
2017/09/25,20.90,21.90,20.81,21.19,7755219,166440928.00
2017/09/26,20.95,21.29,19.81,20.19,8214749,166840080.00
2017/09/27,20.22,20.49,19.90,20.44,5201214,105544448.00
2017/09/28,20.26,20.59,20.04,20.46,5045997,102579120.00
2017/09/29,20.46,21.28,20.31,20.90,6504893,135730320.00
2017/10/09,21.30,21.90,20.89,21.44,8367602,179271552.00
2017/10/10,21.28,21.59,20.90,21.39,5694646,120947896.00
2017/10/11,21.52,21.53,20.71,20.80,5247380,110329392.00
2017/10/12,20.68,20.81,20.12,20.50,4921572,100327592.00
2017/10/13,20.47,20.89,20.22,20.81,4205047,86666696.00
2017/10/16,20.70,20.70,19.66,19.73,5193239,104532336.00
2017/10/17,19.73,20.30,19.67,19.94,3024317,60592192.00
2017/10/18,19.91,20.11,19.02,19.24,3740944,73499080.00
2017/10/19,19.08,19.34,18.56,18.72,3398527,64206952.00
2017/10/20,18.67,19.09,18.67,19.04,1962562,37066912.00
2017/10/23,19.10,19.26,18.98,19.21,1733855,33257200.00
2017/10/24,19.18,19.20,18.69,18.98,2366942,44676676.00
2017/10/25,18.97,19.58,18.93,19.48,3815198,73686696.00
2017/10/26,19.13,19.40,19.05,19.29,3477274,66817668.00
2017/10/27,19.18,19.38,18.80,18.88,2994890,57084076.00
2017/10/30,18.77,18.84,18.00,18.18,3145147,57641960.00
2017/10/31,18.33,18.49,18.18,18.45,1566918,28749948.00
2017/11/01,18.42,18.65,18.36,18.43,1824217,33769632.00
2017/11/02,18.40,18.40,18.05,18.19,1925567,34988832.00
2017/11/03,18.20,18.24,17.63,17.91,2286241,41088796.00
2017/11/06,17.95,18.43,17.91,18.39,2151939,39151052.00
2017/11/07,18.35,18.44,18.17,18.37,1926010,35184008.00
2017/11/08,18.28,18.82,18.28,18.58,3064916,57097328.00
2017/11/09,18.59,18.80,18.42,18.78,2487432,46323468.00
2017/11/10,18.73,20.30,18.50,19.73,7151161,139362576.00
2017/11/13,19.51,19.71,19.28,19.34,3768397,73130160.00
2017/11/14,19.30,19.58,18.91,18.96,2976035,57161580.00
2017/11/15,18.94,19.30,18.82,19.05,2358247,45057764.00
2017/11/16,19.19,19.20,18.38,18.42,2489777,46730056.00
2017/11/17,18.38,18.48,16.75,16.98,4097505,71981152.00
2017/11/20,16.88,17.40,16.10,17.23,2207547,36982956.00
2017/11/21,17.10,17.16,16.60,16.94,2045461,34665276.00
2017/11/22,16.84,17.25,16.71,16.83,1860000,31555590.00
2017/11/23,16.90,16.91,16.20,16.32,1754474,29215360.00
2017/11/24,16.30,16.45,16.20,16.29,1444150,23568148.00
2017/11/27,16.17,16.29,15.95,16.07,1342050,21662284.00
2017/11/28,16.00,16.55,16.00,16.41,1406910,22933804.00
2017/11/29,16.35,16.48,16.03,16.25,1386000,22496884.00
2017/11/30,16.28,16.56,16.16,16.43,1633929,26789564.00
2017/12/01,16.30,16.59,16.30,16.54,1456500,24011016.00
2017/12/04,16.54,16.54,15.61,15.67,2233952,35887544.00
2017/12/05,15.60,15.95,14.66,14.87,2874047,43535132.00
2017/12/06,14.89,15.20,14.48,15.16,1828501,27203298.00
2017/12/07,15.05,15.16,14.87,14.95,1212213,18201638.00
2017/12/08,14.96,15.35,14.91,15.19,1515819,22991916.00
2017/12/11,15.29,15.47,15.12,15.35,1301411,19919174.00
2017/12/12,15.33,15.59,15.03,15.05,2056573,31623868.00
2017/12/13,14.98,15.25,14.96,15.15,1152811,17399708.00
2017/12/14,15.28,15.28,15.02,15.15,1134594,17137850.00
2017/12/15,15.14,15.14,14.73,14.89,1350790,20185300.00
2017/12/18,14.88,15.05,14.81,14.89,1021805,15224159.00
2017/12/19,14.94,15.10,14.90,15.02,1249479,18749384.00
2017/12/20,15.02,15.07,14.68,14.71,1284300,19029578.00
2017/12/21,14.61,14.94,14.51,14.79,1237166,18202992.00
2017/12/22,14.85,14.96,14.68,14.70,1064000,15763794.00
2017/12/25,14.88,14.95,14.53,14.88,1547569,22770780.00
2017/12/26,14.90,15.57,14.70,15.55,4473380,68688368.00
2017/12/27,15.42,15.98,15.28,15.58,3949679,61460828.00
2017/12/28,15.60,15.96,15.41,15.48,3528679,55428768.00
2017/12/29,15.35,15.56,15.15,15.55,2176111,33512896.00
2018/01/02,15.50,15.72,15.38,15.50,1618385,25109066.00
2018/01/03,15.48,15.52,15.25,15.46,2032770,31269112.00
2018/01/04,15.39,15.50,15.33,15.40,1696046,26133458.00
2018/01/05,15.36,15.63,15.36,15.54,1860549,28860464.00
2018/01/08,15.68,15.77,15.40,15.60,1753985,27307504.00
2018/01/09,15.60,15.69,15.35,15.38,1915082,29624216.00
2018/01/10,15.38,15.46,14.82,14.87,2132364,32129896.00
2018/01/11,14.87,15.18,14.75,15.07,1555025,23370888.00
2018/01/12,15.06,15.16,14.94,15.12,1475194,22190824.00
2018/01/15,15.08,15.08,14.50,14.53,1884347,27802296.00
2018/01/16,14.60,14.95,14.52,14.89,1906561,28238970.00
2018/01/17,14.89,15.42,14.74,15.39,3501991,53210340.00
2018/01/18,15.34,15.37,15.13,15.28,2040400,31133072.00
2018/01/19,15.27,15.46,15.07,15.16,2122000,32456272.00
2018/01/22,15.15,15.15,14.74,14.99,1805620,26940592.00
2018/01/23,14.90,15.15,14.90,15.08,1335420,20149668.00
2018/01/24,15.21,15.35,14.95,15.30,2303135,34938560.00
2018/01/25,15.30,15.68,15.22,15.31,3036988,46905476.00
2018/01/26,15.26,15.44,15.11,15.12,1606184,24498294.00
2018/01/29,15.19,15.22,14.79,14.93,1693647,25314356.00
2018/01/30,14.82,15.20,14.75,15.06,1935894,28967784.00
2018/01/31,14.89,15.00,14.00,14.21,2387447,34386520.00
2018/02/01,14.20,14.38,13.33,13.36,2277494,31311808.00
2018/02/02,13.33,13.33,12.80,13.14,1313300,17198808.00
2018/02/05,12.99,13.19,12.81,12.95,806300,10495953.00
2018/02/06,12.80,12.87,11.77,11.80,1654985,20470814.00
2018/02/07,12.17,12.33,11.75,12.14,1450141,17513398.00
2018/02/08,12.06,12.52,12.05,12.38,965500,11923350.00
2018/02/09,12.05,12.29,11.61,12.03,1249032,14994256.00
2018/02/12,12.20,12.45,12.15,12.39,964761,11890315.00
2018/02/13,12.45,12.48,12.25,12.28,891308,11015777.00
2018/02/14,12.35,12.75,12.24,12.41,1000892,12493504.00
2018/02/22,12.59,12.67,12.41,12.59,641618,8048392.00
2018/02/23,12.59,12.74,12.41,12.71,1069594,13501550.00
2018/02/26,12.77,13.03,12.77,12.97,1244738,16070246.00
2018/02/27,12.92,13.20,12.85,12.95,1356247,17627472.00
2018/02/28,12.89,12.89,12.66,12.79,1045205,13346616.00
2018/03/01,12.72,13.10,12.70,12.96,1409042,18253380.00
2018/03/02,12.90,13.13,12.73,13.03,1533187,19943560.00
2018/03/05,12.96,13.26,12.96,13.16,1347000,17690960.00
2018/03/06,13.15,13.40,12.93,13.34,2289093,30073560.00
2018/03/07,13.25,13.28,13.12,13.21,1278399,16852416.00
2018/03/08,13.26,13.51,13.10,13.46,2429024,32392500.00
2018/03/09,13.49,13.74,13.31,13.69,2274385,30872604.00
2018/03/12,13.69,14.55,13.69,14.17,5369085,75694136.00
2018/03/13,14.03,14.17,13.80,13.81,3047321,42478624.00
2018/03/14,13.79,13.79,13.57,13.65,1722806,23493074.00
2018/03/15,13.45,13.65,13.10,13.33,2052447,27351860.00
2018/03/16,13.28,13.96,13.28,13.74,2737141,37376244.00
2018/03/19,13.71,13.90,13.60,13.84,1587641,21923686.00
2018/03/20,13.77,13.84,13.53,13.77,1740047,23770908.00
2018/03/21,13.78,14.30,13.58,13.98,4326694,60656992.00
2018/03/22,13.98,14.45,13.90,14.37,6339141,89841624.00
2018/03/23,13.88,14.25,12.93,12.93,4562547,62370276.00
2018/03/26,12.86,12.96,12.30,12.94,2418296,30613592.00
2018/03/27,13.05,13.33,13.05,13.17,2112167,27889020.00
2018/03/28,13.03,13.97,12.92,13.69,3796671,51286680.00
2018/03/29,13.74,14.99,13.37,14.82,7400523,105083312.00
2018/03/30,14.60,15.28,14.41,15.14,6676256,98796216.00
2018/04/02,15.14,15.33,14.78,15.25,4510863,67873464.00
2018/04/03,14.90,16.77,14.78,15.28,12784979,199593408.00
2018/04/04,15.39,16.10,14.58,14.60,7545682,114170680.00
2018/04/09,14.50,15.30,14.22,14.80,4885862,71895768.00
2018/04/10,14.85,15.28,14.29,14.58,4444359,65330604.00
2018/04/11,14.41,16.04,14.41,16.04,10489081,162004608.00
2018/04/12,15.99,15.99,15.20,15.42,10642940,165390128.00
2018/04/13,15.25,15.64,14.82,14.95,5840740,88954816.00
2018/04/16,15.00,15.18,14.63,14.83,3489934,51884568.00
2018/04/17,14.97,15.10,14.20,14.29,3426320,50407604.00
2018/04/18,14.33,14.60,13.55,14.14,3554050,49670384.00
2018/04/19,14.17,14.26,13.93,13.99,2310275,32547452.00
2018/04/20,13.90,14.08,13.13,13.25,2107769,28737924.00
2018/04/23,13.33,13.50,13.14,13.39,1424737,18982682.00
2018/04/24,13.52,14.20,13.40,14.07,2697707,37425352.00
2018/04/25,13.90,14.10,13.86,13.92,1729647,24153486.00
2018/04/26,14.00,14.00,13.32,13.40,1908984,26023338.00
2018/04/27,13.45,13.72,13.45,13.62,1140147,15512108.00
2018/05/02,13.67,13.80,13.53,13.66,929531,12691705.00
2018/05/03,13.66,13.88,13.19,13.87,1595624,21699694.00
2018/05/04,13.88,14.13,13.71,14.11,1878930,26252234.00
2018/05/07,14.35,14.55,14.15,14.50,2586460,37234916.00
2018/05/08,14.53,14.58,14.35,14.52,1910194,27590806.00
2018/05/09,14.53,14.71,14.38,14.54,2265233,32954000.00
2018/05/10,14.57,14.78,14.41,14.74,2240522,32847684.00
2018/05/11,14.78,14.79,14.18,14.24,2131500,30796384.00
2018/05/14,14.24,14.60,14.24,14.43,1608047,23236652.00
2018/05/15,14.35,14.85,14.33,14.81,2988117,43866448.00
2018/05/16,14.87,15.05,14.68,14.70,3008100,44647476.00
2018/05/17,14.85,15.14,14.65,15.07,3100979,46323944.00
2018/05/18,15.06,15.09,14.82,15.00,2371675,35510796.00
2018/05/21,15.10,15.45,15.00,15.24,3007947,45860888.00
2018/05/22,15.24,15.41,15.15,15.29,3517737,53800472.00
2018/05/23,15.50,16.79,15.50,15.73,9767599,109856064.00
2018/05/24,15.03,15.57,15.01,15.43,7671990,82065152.00
2018/05/25,15.66,16.95,15.57,16.95,15432721,179654432.00
2018/05/28,17.65,18.61,17.14,17.88,32152283,407441024.00
2018/05/29,16.12,17.10,16.12,16.20,21661410,251071168.00
2018/05/30,15.60,15.83,14.61,14.61,13662877,145242976.00
2018/05/31,14.82,15.10,14.55,14.99,10397972,108317408.00
2018/06/01,15.08,16.02,15.00,15.36,11949280,129384176.00
2018/06/04,15.41,15.41,14.66,14.96,8441469,88014904.00
2018/06/05,14.78,15.64,14.76,15.52,9417687,100480592.00
2018/06/06,15.35,15.67,15.10,15.63,7594522,81531376.00
2018/06/07,15.57,15.57,14.87,14.99,6072620,64746620.00
2018/06/08,14.93,14.94,14.29,14.47,6077737,61528192.00
2018/06/11,14.31,14.65,14.19,14.40,4123380,41681884.00
2018/06/12,14.40,14.51,13.25,14.29,5828197,57406544.00
2018/06/13,14.09,14.37,13.88,13.98,3793046,37471088.00
2018/06/14,13.74,14.26,13.74,14.01,2842516,27913258.00
2018/06/15,13.88,14.10,13.11,13.28,4052872,38068996.00
2018/06/19,12.62,13.04,11.98,11.98,3812672,32891012.00
2018/06/20,11.71,12.30,11.71,12.07,2899960,24344780.00
2018/06/21,12.13,12.27,11.51,11.79,3354908,27770558.00
2018/06/22,11.75,12.07,11.56,11.99,2200111,18266700.00
2018/06/25,12.03,12.44,12.00,12.05,2735731,23254556.00
2018/06/26,11.88,12.33,11.57,12.24,2738480,23101012.00
2018/06/27,12.21,13.31,12.20,12.54,6104908,53791856.00
2018/06/28,12.48,12.83,12.31,12.79,5737828,50486684.00
2018/06/29,12.63,13.08,12.42,12.94,6261723,56240168.00
2018/07/02,12.94,12.97,12.37,12.62,4542460,40229620.00
2018/07/03,12.54,12.87,12.45,12.76,3974020,35237576.00
2018/07/04,12.76,12.87,12.21,12.83,4743571,41552272.00
2018/07/05,12.93,13.25,12.35,12.40,5063340,45544572.00
2018/07/06,12.98,12.98,11.92,12.51,4794532,41928288.00
2018/07/09,12.38,12.65,12.34,12.62,3934760,34327348.00
2018/07/10,12.65,12.80,12.45,12.68,3728820,32806048.00
2018/07/11,12.54,12.54,11.92,12.16,3275559,27962684.00
2018/07/12,12.07,12.61,12.06,12.54,3223899,27990422.00
2018/07/13,12.48,12.55,12.38,12.40,2589799,22452456.00
2018/07/16,12.40,12.48,12.34,12.47,1788137,15486261.00
2018/07/17,12.48,12.48,12.21,12.44,2438940,21009916.00
2018/07/18,12.48,12.65,12.40,12.45,3031011,26439272.00
2018/07/19,12.45,12.49,12.07,12.19,1855147,15841884.00
2018/07/20,12.20,12.31,12.05,12.30,1578763,13430496.00
2018/07/23,12.30,12.40,12.14,12.38,1797349,15413554.00
2018/07/24,12.38,12.72,12.35,12.66,3712855,32567300.00
2018/07/25,12.65,12.79,12.54,12.72,3485820,30768592.00
2018/07/26,12.80,12.80,12.56,12.63,2805595,24747324.00
2018/07/27,12.63,12.70,12.56,12.63,2202009,19408152.00
2018/07/30,12.58,12.73,12.16,12.42,2911570,25337204.00
2018/07/31,12.33,12.41,12.06,12.34,1342600,11513178.00
2018/08/01,12.40,12.45,11.82,11.84,3917558,32939224.00
2018/08/02,11.81,11.82,10.81,11.18,4010731,31335416.00
2018/08/03,11.11,11.21,10.94,10.97,1605823,12377761.00
2018/08/06,10.97,11.07,10.59,10.62,1807580,13554295.00
2018/08/07,10.66,11.04,10.65,11.00,1989040,14982096.00
2018/08/08,11.00,11.01,10.67,10.74,1771660,13340878.00
2018/08/09,10.77,11.05,10.73,10.98,2272348,17267812.00
2018/08/10,10.93,11.07,10.90,11.02,1465679,11180027.00
2018/08/13,10.93,11.11,10.73,11.09,1597359,12104530.00
2018/08/14,11.02,11.28,11.02,11.15,1742380,13500293.00
2018/08/15,11.08,11.19,10.87,10.91,1562843,11938385.00
2018/08/16,10.81,10.98,10.60,10.81,1405940,10570199.00
2018/08/17,10.90,11.00,10.65,10.69,1323160,9937322.00
2018/08/20,10.69,10.84,10.56,10.84,1040940,7743676.00
2018/08/21,10.83,10.97,10.67,10.87,1652580,12445816.00
2018/08/22,10.80,10.91,10.66,10.67,1014860,7569847.00
2018/08/23,10.76,10.83,10.60,10.74,890940,6645531.00
2018/08/24,10.74,10.83,10.65,10.76,1165060,8686115.00
2018/08/27,10.73,11.01,10.70,11.00,1705480,12919847.00
2018/08/28,11.05,11.29,10.90,11.21,2201938,16983932.00
2018/08/29,11.43,11.43,11.07,11.12,2887998,22444332.00
2018/08/30,11.05,11.14,10.81,10.83,1822240,13843261.00
2018/08/31,10.83,10.86,10.66,10.67,1506120,11201850.00
2018/09/03,10.66,10.73,10.51,10.65,1160980,8523777.00
2018/09/04,10.60,10.84,10.60,10.76,1073190,7992374.00
2018/09/05,10.76,10.77,10.67,10.67,1274700,9479023.00
2018/09/06,10.60,10.73,10.58,10.63,976243,7207717.00
2018/09/07,10.73,10.77,10.56,10.70,1126220,8364108.00
2018/09/10,10.60,10.73,10.53,10.55,1093140,8042533.00
2018/09/11,10.63,10.70,10.55,10.60,728580,5360352.00
2018/09/12,10.56,10.73,10.53,10.73,1065106,7886254.00
2018/09/13,10.72,10.94,10.69,10.91,1816963,13627125.00
2018/09/14,10.95,11.15,10.79,10.79,1676160,12759057.00
2018/09/17,10.80,10.80,10.46,10.46,1848060,13529234.00
2018/09/18,10.48,10.62,10.45,10.60,1061520,7771754.00
2018/09/19,10.59,10.74,10.56,10.66,1238660,9176076.00
2018/09/20,10.65,10.70,10.58,10.59,889880,6565402.00
2018/09/21,10.66,11.46,10.62,10.98,4336400,32994684.00
2018/09/25,10.94,11.07,10.81,10.98,2163880,16453524.00
2018/09/26,11.02,11.07,10.87,10.97,1601160,12181384.00
2018/09/27,11.02,11.02,10.63,10.63,2116422,15853374.00
2018/09/28,10.63,10.77,10.59,10.74,1130880,8404477.00
2018/10/08,10.10,10.53,10.10,10.23,1425180,10164009.00
2018/10/09,10.23,10.34,10.23,10.28,666520,4756377.00
2018/10/10,10.34,10.48,10.28,10.39,900960,6476946.00
2018/10/11,10.10,10.10,9.39,9.39,2439380,16334694.00
2018/10/12,9.36,9.46,8.85,9.32,1867120,11827252.00
2018/10/15,9.34,9.43,9.18,9.23,963840,6201110.00
2018/10/16,9.23,9.36,8.98,9.11,939440,5951096.00
2018/10/17,9.23,9.27,8.95,9.18,980986,6203099.00
2018/10/18,9.15,9.15,8.77,8.91,1017760,6291634.00
2018/10/19,8.80,9.13,8.73,9.12,1399040,8669426.00
2018/10/22,9.11,9.64,9.11,9.47,2254403,14728717.00
2018/10/23,9.51,9.61,9.37,9.40,1665780,10933875.00
2018/10/24,9.32,9.50,9.27,9.43,1034060,6722610.00
2018/10/25,9.15,9.32,9.05,9.29,1289320,8173826.00
2018/10/26,9.29,9.46,9.29,9.44,1680460,10927063.00
2018/10/29,9.27,9.43,9.27,9.29,856300,5529377.00
2018/10/30,9.29,10.18,9.27,9.78,5898971,40193520.00
2018/10/31,9.67,9.89,9.62,9.75,4413811,29718336.00
2018/11/01,9.68,9.89,9.62,9.71,3202123,21617576.00
2018/11/02,9.76,9.86,9.74,9.86,2555400,17355314.00
2018/11/05,9.86,10.03,9.72,9.96,2840386,19472736.00
2018/11/06,9.88,9.88,9.58,9.78,2219128,14934444.00
2018/11/07,9.78,9.85,9.68,9.68,1761631,11913667.00
2018/11/08,9.78,9.89,9.69,9.74,1918780,12988946.00
2018/11/09,9.74,9.76,9.62,9.69,1285920,8628503.00
2018/11/12,9.68,10.02,9.65,10.02,2778656,19110748.00
2018/11/13,9.93,10.34,9.88,10.23,3268128,22987166.00
2018/11/14,10.23,10.48,10.11,10.32,2949660,21073328.00
2018/11/15,10.23,10.62,10.23,10.58,2646800,19265760.00
2018/11/16,10.58,10.79,10.48,10.59,3106079,22908452.00
2018/11/19,10.63,10.63,10.39,10.51,1849719,13478028.00
2018/11/20,10.49,10.84,10.10,10.35,2452900,17903408.00
2018/11/21,10.16,10.49,10.13,10.46,2075207,14886093.00
2018/11/22,10.52,10.59,10.34,10.45,1871720,13562483.00
2018/11/23,10.44,10.49,9.83,9.89,2701479,18892578.00
2018/11/26,9.89,10.14,9.74,9.82,1469981,10068461.00
2018/11/27,9.90,10.03,9.85,9.99,1552167,10690094.00
2018/11/28,9.99,10.11,9.75,10.11,1691803,11656475.00
2018/11/29,10.23,10.23,9.68,9.75,1801240,12454930.00
2018/11/30,9.64,9.90,9.57,9.85,1368659,9247955.00
2018/12/03,10.00,10.41,9.96,10.30,2645272,18751208.00
2018/12/04,10.28,10.73,10.28,10.51,3456891,25281546.00
2018/12/05,10.20,10.52,10.18,10.42,2679312,19307444.00
2018/12/06,10.55,10.72,10.18,10.18,2632012,18966682.00
2018/12/07,10.34,10.41,10.24,10.35,1593760,11423659.00
2018/12/10,10.18,10.31,10.04,10.09,1376800,9680561.00
2018/12/11,10.16,10.31,10.13,10.31,926960,6565402.00
2018/12/12,10.30,10.76,10.30,10.66,4067766,29950190.00
2018/12/13,10.67,10.76,10.46,10.56,3557432,26098710.00
2018/12/14,10.58,10.58,10.17,10.31,2923075,20927016.00
2018/12/17,10.28,10.35,10.07,10.27,1694480,11982160.00
2018/12/18,10.14,10.27,10.06,10.18,1651396,11610450.00
2018/12/19,10.18,10.20,9.83,9.89,1917129,13243150.00
2018/12/20,9.89,9.97,9.78,9.90,1595126,10930522.00
2018/12/21,9.82,9.97,9.76,9.89,1109860,7596741.00
2018/12/24,9.92,10.14,9.86,10.11,1443492,10044840.00
2018/12/25,10.07,10.10,9.72,9.96,1352070,9277375.00
2018/12/26,9.86,10.24,9.85,10.16,2063080,14445139.00
2018/12/27,10.21,10.30,9.79,9.82,1715400,12005495.00
2018/12/28,9.79,9.95,9.72,9.79,1252160,8523006.00
2019/01/02,9.82,10.06,9.68,9.85,1679340,11421378.00
2019/01/03,9.78,9.90,9.67,9.72,1347360,9121420.00
2019/01/04,9.71,10.03,9.61,9.96,1699560,11590685.00
2019/01/07,9.97,10.16,9.95,10.14,1951910,13619068.00
2019/01/08,10.11,10.20,10.03,10.10,1104660,7729994.00
2019/01/09,10.07,10.58,10.07,10.35,7825538,56661172.00
2019/01/10,10.23,10.30,10.07,10.18,4092358,28775612.00
2019/01/11,10.17,10.18,10.00,10.14,2545320,17827310.00
2019/01/14,10.20,10.20,9.99,10.07,2021352,14095708.00
2019/01/15,10.10,10.20,10.03,10.20,2047312,14350005.00
2019/01/16,10.21,10.44,10.14,10.34,4230900,30206064.00
2019/01/17,10.31,10.34,10.20,10.23,2164060,15394094.00
2019/01/18,10.24,10.38,10.16,10.32,3609480,25730380.00
2019/01/21,10.45,10.45,10.14,10.16,3585964,25558168.00
2019/01/22,10.21,10.21,9.92,9.97,1943600,13550425.00
2019/01/23,9.96,10.07,9.95,10.07,973436,6739925.00
2019/01/24,10.06,10.14,9.97,10.06,1401160,9771645.00
2019/01/25,10.06,10.20,10.02,10.03,1548960,10858129.00
2019/01/28,10.04,10.09,9.71,9.79,1579740,10829207.00
2019/01/29,9.79,9.79,9.26,9.51,1842986,12098336.00
2019/01/30,9.46,9.55,9.29,9.32,1580348,10262068.00
2019/01/31,9.30,9.41,9.22,9.27,1251666,8066764.00
2019/02/01,9.40,9.51,9.32,9.51,897500,5864947.00
2019/02/11,9.60,9.71,9.47,9.69,1092979,7288741.00
2019/02/12,9.69,9.82,9.69,9.78,1473140,9956940.00
2019/02/13,9.82,9.93,9.74,9.92,1948910,13311886.00
2019/02/14,9.88,9.97,9.83,9.90,1515244,10384097.00
2019/02/15,9.92,10.00,9.85,9.86,1350000,9256469.00
2019/02/18,9.96,10.17,9.90,10.14,2961460,20681322.00
2019/02/19,10.18,10.23,9.97,10.16,2978720,20879932.00
2019/02/20,10.10,10.16,10.03,10.14,2704478,18924268.00
2019/02/21,10.14,10.27,10.03,10.09,3363380,23655480.00
2019/02/22,10.04,10.24,10.04,10.21,2814933,19814248.00
2019/02/25,10.25,10.65,10.25,10.58,5193320,37671732.00
2019/02/26,10.62,10.88,10.48,10.62,6066420,44826424.00
2019/02/27,10.59,10.73,10.42,10.56,4851702,35706512.00
2019/02/28,10.59,10.91,10.53,10.87,6144398,45819260.00
2019/03/01,10.80,10.90,10.60,10.77,4640000,34583264.00
2019/03/04,10.80,11.02,10.66,10.87,6864425,51670544.00
2019/03/05,10.81,10.98,10.73,10.98,4966495,37530056.00
2019/03/06,10.98,11.42,10.97,11.36,6341203,49489924.00
2019/03/07,11.22,11.91,11.19,11.65,7595080,61147840.00
2019/03/08,11.50,11.60,10.94,10.95,6526540,51377244.00
2019/03/11,10.91,11.42,10.87,11.37,5186471,40430304.00
2019/03/12,11.75,11.86,11.39,11.57,6524560,52655256.00
2019/03/13,11.47,11.63,11.26,11.35,4693840,37500792.00
2019/03/14,11.23,11.42,10.88,11.07,4831858,37135328.00
2019/03/15,11.14,11.35,11.09,11.22,2761384,21545476.00
2019/03/18,11.29,11.61,11.25,11.53,3775858,29998520.00
2019/03/19,11.56,11.57,11.39,11.47,2948780,23495312.00
2019/03/20,11.49,11.57,11.25,11.46,2941900,23352744.00
2019/03/21,11.43,11.60,11.43,11.56,3266700,26209488.00
2019/03/22,11.60,12.03,11.40,12.00,7920839,65145680.00
2019/03/25,11.78,11.95,11.67,11.84,4670660,38389152.00
2019/03/26,11.79,11.91,11.37,11.42,4530080,36636752.00
2019/03/27,11.37,12.52,11.23,12.52,11078594,92315848.00
2019/03/28,12.34,12.34,11.92,11.92,8968208,75694856.00
2019/03/29,11.96,11.99,11.51,11.92,6040035,49624512.00
2019/04/01,11.92,12.17,11.91,12.12,7223907,60734192.00
2019/04/02,12.09,12.42,12.07,12.12,7177531,61156736.00
2019/04/03,11.99,12.21,11.92,12.16,5091980,42825248.00
2019/04/04,12.16,12.35,12.09,12.19,4895280,41557932.00
2019/04/08,12.21,12.27,11.79,12.00,4908138,41160896.00
2019/04/09,12.02,12.09,11.82,12.07,3429520,28623524.00
2019/04/10,11.96,12.12,11.85,11.96,3929566,32808034.00
2019/04/11,12.03,12.33,11.92,12.00,5197622,43823292.00
2019/04/12,11.99,12.05,11.67,11.81,3323266,27375756.00
2019/04/15,11.88,12.73,11.88,12.28,14261778,122696240.00
2019/04/16,12.30,13.29,12.20,13.18,13696593,121002896.00
2019/04/17,13.10,14.47,12.72,13.94,28470127,272116384.00
2019/04/18,13.42,13.60,12.73,12.75,18195845,166810976.00
2019/04/19,12.73,12.86,12.49,12.70,8977686,78942360.00
2019/04/22,12.72,12.72,12.28,12.33,6225480,54017164.00
2019/04/23,12.28,12.44,12.14,12.20,4042003,34554392.00
2019/04/24,12.20,12.31,12.05,12.27,3759181,31901490.00
2019/04/25,12.24,12.24,11.50,11.63,5575339,45980512.00
2019/04/26,11.61,11.71,11.37,11.50,3238926,26044738.00
2019/04/29,11.51,11.54,11.08,11.26,4204960,33008292.00
2019/04/30,11.26,11.50,11.26,11.42,1800056,14267543.00
2019/05/06,11.16,11.18,10.69,10.84,4252940,32391678.00
2019/05/07,10.88,11.07,10.84,11.04,1648250,12553192.00
2019/05/08,10.94,11.33,10.66,11.25,2228496,17319580.00
2019/05/09,11.25,11.30,11.09,11.15,1394040,10837747.00
2019/05/10,11.35,11.40,11.04,11.37,2036600,15686180.00
2019/05/13,11.35,11.50,11.25,11.36,1232260,9567358.00
2019/05/14,11.33,11.50,11.26,11.39,1304820,10123745.00
2019/05/15,11.50,11.64,11.44,11.54,1874020,14792641.00
2019/05/16,11.67,11.67,11.50,11.60,1577798,12478393.00
2019/05/17,11.56,11.63,11.07,11.12,2617560,20265260.00
2019/05/20,11.11,11.25,10.80,11.08,1366540,10202663.00
2019/05/21,11.05,11.32,11.01,11.22,1670100,12722948.00
2019/05/22,11.19,11.26,11.07,11.11,1131020,8599055.00
2019/05/23,11.12,11.22,10.84,10.90,1479560,11024983.00
2019/05/24,10.98,10.98,10.76,10.80,1180480,8706582.00
2019/05/27,10.77,11.09,10.77,11.02,1489780,11088279.00
2019/05/28,11.04,11.25,10.98,10.98,1165640,8832128.00
2019/05/29,10.94,11.12,10.93,11.05,840098,6331685.00
2019/05/30,11.07,11.07,10.83,10.91,1274140,9438438.00
2019/05/31,10.91,11.08,10.90,10.97,952300,7123055.00
2019/06/03,10.95,11.04,10.77,10.93,1606480,11927633.00
2019/06/04,10.95,10.95,10.73,10.80,998942,7348106.00
2019/06/05,10.90,11.01,10.77,10.84,1384990,10243608.00
2019/06/06,10.83,10.83,10.37,10.38,1470580,10570965.00
2019/06/10,10.38,10.66,10.38,10.59,963620,6895171.00
2019/06/11,10.62,10.98,10.53,10.95,2261520,16677350.00
2019/06/12,10.88,11.01,10.88,10.91,1072030,7988011.00
2019/06/13,10.94,11.09,10.84,11.01,1396680,10460641.00
2019/06/14,11.08,11.08,10.74,10.77,1601820,11856245.00
2019/06/17,10.83,10.97,10.67,10.83,920580,6792130.00
2019/06/18,10.83,10.94,10.73,10.86,890698,6590282.00
2019/06/19,11.05,11.12,10.95,10.98,1608280,12085885.00
2019/06/20,11.05,11.42,10.94,11.25,2801140,21334408.00
2019/06/21,11.37,11.49,11.25,11.39,2469146,19085020.00
2019/06/24,11.43,11.82,11.16,11.70,4832762,38092712.00
2019/06/25,11.56,11.56,11.22,11.35,3892992,30139668.00
2019/06/26,11.26,11.36,11.16,11.26,1550380,11903299.00
2019/06/27,11.26,11.37,11.22,11.25,2026240,15585762.00
2019/06/28,11.19,11.33,11.09,11.14,1370860,10479478.00
2019/07/01,11.32,11.43,11.16,11.36,1911130,14794035.00
2019/07/02,11.36,12.45,11.30,11.95,18961248,158045904.00
2019/07/03,11.71,11.71,11.37,11.46,12162344,95502192.00
2019/07/04,11.40,11.46,11.22,11.37,4466100,34554072.00
2019/07/05,11.36,11.40,11.25,11.35,2130360,16474345.00
2019/07/08,11.29,11.33,11.01,11.02,3117994,23618596.00
2019/07/09,10.97,11.12,10.95,11.05,1430430,10756358.00
2019/07/10,11.05,11.05,10.93,10.94,1347480,10075825.00
2019/07/11,11.08,11.12,10.88,10.93,1179000,8830172.00
2019/07/12,11.00,11.28,10.91,11.12,1940173,14613541.00
2019/07/15,11.05,11.21,10.97,11.18,1691817,12782654.00
2019/07/16,11.15,11.23,11.12,11.15,1171730,8922017.00
2019/07/17,11.15,11.63,11.09,11.57,6131339,47910984.00
2019/07/18,11.37,11.56,11.23,11.30,5265434,40898240.00
2019/07/19,11.26,11.40,11.21,11.22,2618239,20177832.00
2019/07/22,11.19,11.19,10.59,10.74,3167220,23291692.00
2019/07/23,10.70,10.86,10.70,10.81,1061319,7792599.00
2019/07/24,10.91,11.00,10.83,10.93,1557492,11575288.00
2019/07/25,10.91,11.01,10.87,10.94,1087020,8096586.00
2019/07/26,10.94,11.01,10.91,10.98,882555,6591745.00
2019/07/29,10.98,11.04,10.95,11.00,687420,5146220.00
2019/07/30,11.07,11.21,10.97,11.08,1124220,8506126.00
2019/07/31,11.07,11.11,10.94,11.04,1098700,8231174.00
2019/08/01,11.02,11.02,10.91,10.98,866960,6466712.00
2019/08/02,10.88,10.88,10.74,10.79,1657380,12171415.00
2019/08/05,10.77,10.87,10.66,10.66,915629,6696335.00
2019/08/06,10.52,10.52,10.07,10.27,1637720,11463749.00
2019/08/07,10.28,10.42,10.18,10.18,945300,6589027.00
2019/08/08,10.27,10.37,10.20,10.24,1265600,8819990.00
2019/08/09,10.24,10.38,10.00,10.03,1079840,7425082.00
2019/08/12,9.96,10.21,9.96,10.21,665200,4567832.00
2019/08/13,10.18,10.20,10.06,10.09,659880,4524081.00
2019/08/14,10.17,10.27,10.10,10.13,1368800,9453278.00
2019/08/15,9.96,10.11,9.86,10.06,1193140,8046402.00
2019/08/16,10.14,10.24,10.09,10.13,967040,6659733.00
2019/08/19,10.13,10.97,10.13,10.72,5091407,36626980.00
2019/08/20,10.72,11.11,10.49,10.94,6408713,47124552.00
2019/08/21,10.94,11.05,10.63,10.97,4649699,34363292.00
2019/08/22,10.87,11.00,10.59,10.84,2967780,21790390.00
2019/08/23,10.87,10.91,10.58,10.77,2728800,19965692.00
2019/08/26,10.58,10.98,10.46,10.72,3615795,26597916.00
2019/08/27,10.73,10.88,10.67,10.80,2778981,20382494.00
2019/08/28,10.87,11.14,10.84,10.94,3689075,27573448.00
2019/08/29,10.93,11.08,10.83,10.95,2163040,16098759.00
2019/08/30,10.95,11.11,10.69,10.72,2487660,18440264.00
2019/09/02,10.72,10.95,10.72,10.90,1745120,12920417.00
2019/09/03,10.95,11.01,10.80,10.95,1771480,13154034.00
2019/09/04,10.87,10.97,10.81,10.94,1825960,13555560.00
2019/09/05,10.95,11.11,10.95,10.98,2528749,19004100.00
2019/09/06,11.01,11.28,10.98,11.16,2850740,21628880.00
2019/09/09,11.28,11.28,11.09,11.21,3413020,25971364.00
2019/09/10,11.23,11.23,11.07,11.16,2480900,18813032.00
2019/09/11,11.14,11.32,11.08,11.16,3366046,25691052.00
2019/09/12,11.21,11.21,11.04,11.18,2569992,19490394.00
2019/09/16,11.19,11.42,11.08,11.32,3472960,26760828.00
2019/09/17,11.35,11.36,10.94,10.98,2941340,22313816.00
2019/09/18,11.04,11.22,11.00,11.08,1729660,13111839.00
2019/09/19,11.08,11.47,11.08,11.42,4214516,32547176.00
2019/09/20,11.39,11.46,11.18,11.21,3787669,29225148.00
2019/09/23,11.25,11.29,11.01,11.08,3000420,22747564.00
2019/09/24,11.09,11.67,11.09,11.44,7847026,61167776.00
2019/09/25,11.32,11.37,10.98,11.01,5186791,39383884.00
2019/09/26,11.04,11.08,10.52,10.56,3662300,26657574.00
2019/09/27,10.56,10.67,10.48,10.62,2073120,14956040.00
2019/09/30,10.62,10.76,10.58,10.60,1779040,12914026.00
2019/10/08,10.60,10.70,10.55,10.60,1202240,8691552.00
2019/10/09,10.63,10.79,10.53,10.77,1805460,13126544.00
2019/10/10,10.77,10.90,10.74,10.86,1587620,11691983.00
2019/10/11,10.84,11.11,10.77,10.88,2503820,18606538.00
2019/10/14,10.95,11.08,10.93,11.04,1983940,14885014.00
2019/10/15,11.04,11.05,10.93,11.01,1392500,10414912.00
2019/10/16,11.00,11.05,10.88,10.90,1229760,9178595.00
2019/10/17,10.87,11.04,10.83,10.94,1252000,9333206.00
2019/10/18,10.93,11.00,10.60,10.69,1913900,14080916.00
2019/10/21,10.79,10.86,10.55,10.81,1120240,8127600.00
2019/10/22,10.80,11.00,10.72,10.87,1125500,8287158.00
2019/10/23,10.90,11.04,10.81,11.01,2367880,17707500.00
2019/10/24,11.05,11.08,10.81,10.88,1649880,12254408.00
2019/10/25,10.87,11.09,10.83,11.08,2589518,19386464.00
2019/10/28,11.08,11.15,10.98,11.15,4619492,34941464.00
2019/10/29,11.15,11.15,10.94,10.94,1866520,14027350.00
2019/10/30,10.93,10.95,10.66,10.70,1970860,14450778.00
2019/10/31,10.70,10.77,10.48,10.52,1874540,13530825.00
2019/11/01,10.51,10.67,10.48,10.63,873620,6290306.00
2019/11/04,10.73,10.73,10.58,10.60,838380,6080796.00
2019/11/05,10.59,10.65,10.49,10.56,1041300,7489130.00
2019/11/06,10.58,10.59,10.37,10.39,1374380,9794339.00
2019/11/07,10.39,10.51,10.37,10.42,895820,6341022.00
2019/11/08,10.42,10.53,10.41,10.46,928360,6608611.00
2019/11/11,10.45,10.45,10.17,10.18,1215486,8476942.00
2019/11/12,10.24,10.27,10.10,10.21,782640,5394172.00
2019/11/13,10.21,10.27,10.16,10.20,888600,6153524.00
2019/11/14,10.20,10.35,10.17,10.31,947840,6604204.00
2019/11/15,10.27,10.52,10.18,10.34,1183060,8308657.00
2019/11/18,10.34,10.41,10.27,10.34,659360,4628918.00
2019/11/19,10.32,10.51,10.32,10.49,947716,6717838.00
2019/11/20,10.51,10.51,10.39,10.45,855418,6078550.00
2019/11/21,10.44,10.48,10.37,10.42,716656,5081261.00
2019/11/22,10.45,10.59,10.30,10.35,1123320,7981564.00
2019/11/25,10.34,10.34,10.21,10.30,913300,6375641.00
2019/11/26,10.38,10.38,10.27,10.34,480066,3363945.00
2019/11/27,10.30,10.35,10.23,10.30,640760,4480409.00
2019/11/28,10.31,10.32,10.21,10.23,679479,4736619.00
2019/11/29,10.23,10.25,10.09,10.18,1010656,6965927.00
2019/12/02,10.23,10.27,10.11,10.13,604900,4174193.00
2019/12/03,10.13,10.34,10.09,10.34,1044279,7249394.00
2019/12/04,10.34,10.38,10.28,10.35,965760,6778857.00
2019/12/05,10.35,10.44,10.34,10.39,946486,6684912.00
2019/12/06,10.38,10.55,10.37,10.49,1151960,8216700.00
2019/12/09,10.51,10.56,10.45,10.49,1048560,7485624.00
2019/12/10,10.52,10.52,10.34,10.38,1558560,11011976.00
2019/12/11,10.38,10.90,10.32,10.59,5107156,36986916.00
2019/12/12,10.59,10.59,10.32,10.39,2845118,20136120.00
2019/12/13,10.42,10.46,10.31,10.41,1420188,10030115.00
2019/12/16,10.42,10.52,10.41,10.52,1702250,12109581.00
2019/12/17,10.52,10.67,10.49,10.60,1948620,14031498.00
2019/12/18,10.60,10.67,10.58,10.63,1546780,11165416.00
2019/12/19,10.62,10.90,10.62,10.77,3201350,23438216.00
2019/12/20,10.76,10.86,10.65,10.66,1942820,14182111.00
2019/12/23,10.66,10.73,10.51,10.52,1415920,10230896.00
2019/12/24,10.51,10.72,10.49,10.72,1168462,8453906.00
2019/12/25,10.73,10.79,10.63,10.67,1637000,11923700.00
2019/12/26,10.69,10.86,10.65,10.84,2777193,20371888.00
2019/12/27,10.84,10.87,10.72,10.73,1784480,13111552.00
2019/12/30,10.67,10.83,10.52,10.81,1689502,12273395.00
2019/12/31,10.77,10.95,10.77,10.91,2103820,15582854.00
2020/01/02,10.98,11.08,10.90,11.02,2778440,20856056.00
2020/01/03,10.98,11.11,10.98,11.07,1619440,12189482.00
2020/01/06,11.04,11.21,10.97,11.08,2136500,16154283.00
2020/01/07,11.05,11.16,11.02,11.09,1655960,12502484.00
2020/01/08,11.04,11.64,11.04,11.08,5699245,43843320.00
2020/01/09,11.21,11.57,11.09,11.46,5927898,46037108.00
2020/01/10,11.36,11.49,11.09,11.25,4107308,31499556.00
2020/01/13,11.26,12.13,11.25,12.02,13605246,110030368.00
2020/01/14,11.99,12.47,11.79,11.84,11489489,95018424.00
2020/01/15,11.74,11.78,11.44,11.47,6083918,48136740.00
2020/01/16,11.63,11.63,11.32,11.33,3767673,29331356.00
2020/01/17,11.29,11.44,11.21,11.21,3254960,25086348.00
2020/01/20,11.15,11.40,11.12,11.40,1964648,15160200.00
2020/01/21,11.37,11.37,11.14,11.14,2893269,22100344.00
2020/01/22,11.12,11.23,10.87,11.14,1988928,14975750.00
2020/01/23,11.04,11.09,10.73,10.79,2500580,18547608.00
2020/02/03,9.76,9.76,9.76,9.76,615000,4065150.00
2020/02/04,8.87,9.65,8.87,9.51,3531420,22414820.00
2020/02/05,9.61,9.88,9.58,9.74,2057520,13593083.00
2020/02/06,9.74,9.97,9.62,9.90,2539665,16906236.00
2020/02/07,9.90,10.00,9.82,9.96,1872457,12545042.00
2020/02/10,9.92,10.20,9.90,10.17,1248880,8529511.00
2020/02/11,10.23,10.27,10.09,10.10,1218320,8390915.00
2020/02/12,10.04,10.30,9.96,10.24,1304680,9038987.00
2020/02/13,10.17,10.31,10.13,10.18,1252900,8683216.00
2020/02/14,10.13,10.27,10.10,10.18,856940,5930011.00
2020/02/17,10.18,10.49,10.18,10.48,1654520,11690462.00
2020/02/18,10.58,10.60,10.42,10.51,1787440,12749946.00
2020/02/19,10.51,10.65,10.45,10.55,1717000,12327710.00
2020/02/20,10.69,10.76,10.52,10.74,2363560,17147924.00
2020/02/21,10.77,10.90,10.70,10.83,2344320,17281786.00
2020/02/24,10.80,10.90,10.73,10.86,2594546,19107272.00
2020/02/25,10.62,10.88,10.39,10.81,3882140,28110156.00
2020/02/26,10.76,11.29,10.67,11.23,6890682,52406008.00
2020/02/27,11.07,11.82,10.98,11.57,7661032,59225792.00
2020/02/28,11.21,11.29,10.79,10.83,5056792,37820560.00
2020/03/02,10.90,11.72,10.87,11.29,5522612,42623936.00
2020/03/03,11.51,11.60,11.07,11.25,4370420,33854644.00
2020/03/04,11.12,11.32,10.97,11.25,2605123,19793276.00
2020/03/05,11.30,11.46,11.22,11.39,3407740,26338128.00
2020/03/06,11.29,11.56,11.21,11.49,3492960,27156050.00
2020/03/09,11.43,11.43,10.88,10.91,3344420,25299728.00
2020/03/10,10.60,11.25,10.55,11.19,3302163,24538992.00
2020/03/11,11.32,11.37,11.04,11.07,2023580,15489794.00
2020/03/12,10.93,11.00,10.80,10.88,1949024,14460638.00
2020/03/13,10.37,10.79,10.37,10.70,2031632,14616887.00
2020/03/16,10.79,10.84,10.31,10.31,2280495,16339596.00
2020/03/17,10.39,10.39,9.97,10.20,1646380,11384347.00
2020/03/18,10.32,10.42,10.00,10.02,1807700,12601059.00
2020/03/19,10.04,10.17,9.93,10.11,1107243,7535852.00
2020/03/20,10.17,10.39,10.07,10.38,1245785,8726345.00
2020/03/23,10.25,10.37,10.13,10.13,901800,6264213.00
2020/03/24,10.20,10.37,10.11,10.34,1032880,7191255.00
2020/03/25,10.52,10.70,10.45,10.66,1694820,12171969.00
2020/03/26,10.60,10.60,10.48,10.48,982160,7031082.00
2020/03/27,10.58,10.63,10.41,10.41,1132586,8083246.00
2020/03/30,10.37,10.65,10.06,10.56,1773051,12476755.00
2020/03/31,10.52,10.70,10.39,10.44,931220,6645707.00
2020/04/01,10.58,11.43,10.48,11.29,8667346,65102612.00
2020/04/02,11.05,11.26,10.88,11.16,6867711,51719832.00
2020/04/03,11.12,11.30,10.90,11.01,4113857,31068280.00
2020/04/07,11.12,11.53,11.01,11.42,6686360,51335840.00
2020/04/08,11.16,11.40,11.05,11.32,4151197,31723460.00
2020/04/09,11.29,11.33,11.09,11.19,3174020,24198996.00
2020/04/10,11.21,11.26,10.88,11.08,2849201,21370622.00
2020/04/13,11.01,11.14,10.81,11.09,2034980,15225270.00
2020/04/14,11.12,11.28,11.04,11.15,3193595,24354974.00
2020/04/15,11.12,11.26,10.87,11.01,2979440,22399736.00
2020/04/16,11.01,11.01,10.83,10.91,1767858,13119850.00
2020/04/17,11.04,11.67,10.98,11.28,10502115,81605320.00
2020/04/20,11.23,11.50,11.01,11.46,6147480,46978016.00
2020/04/21,11.25,11.93,11.22,11.71,11633498,92497032.00
2020/04/22,11.61,11.74,11.40,11.71,6844220,53880344.00
2020/04/23,11.71,11.82,11.30,11.33,6771033,52938528.00
2020/04/24,11.32,11.32,10.81,11.04,5960395,44788316.00
2020/04/27,11.43,11.43,10.53,10.55,4051400,30165660.00
2020/04/28,10.63,10.63,9.55,10.06,5036476,34414080.00
2020/04/29,9.93,10.42,9.93,10.18,2720840,18813622.00
2020/04/30,10.18,10.39,10.17,10.23,1892500,13166428.00
2020/05/06,9.96,10.58,9.96,10.58,1917960,13393273.00
2020/05/07,10.58,10.63,10.34,10.37,2186820,15516579.00
2020/05/08,10.04,10.53,10.04,10.44,1455590,10287905.00
2020/05/11,10.45,10.56,10.41,10.46,1341340,9560076.00
2020/05/12,10.46,10.52,10.31,10.45,1517170,10706188.00
2020/05/13,10.42,10.58,10.35,10.49,1219580,8673068.00
2020/05/14,10.39,10.45,10.31,10.35,1422986,10021493.00
2020/05/15,10.35,10.51,10.32,10.42,1230970,8711308.00
2020/05/18,10.63,10.63,10.37,10.41,1342640,9502819.00
2020/05/19,10.46,10.49,10.37,10.39,948150,6695995.00
2020/05/20,10.38,10.48,10.34,10.38,1297800,9154179.00
2020/05/21,10.38,10.79,10.38,10.46,2500706,17940636.00
2020/05/22,10.46,10.56,10.23,10.37,1132680,7982207.00
2020/05/25,10.41,10.41,10.20,10.25,1335486,9314057.00
2020/05/26,10.42,10.42,10.23,10.27,1399440,9500325.00
2020/05/27,10.32,10.41,10.24,10.38,1095546,7456865.00
2020/05/28,10.39,10.48,10.25,10.37,975146,6655582.00
2020/05/29,10.37,10.48,10.28,10.31,1637180,11208416.00
2020/06/01,10.31,10.46,10.31,10.45,2484866,17062642.00
2020/06/02,10.45,10.55,10.44,10.48,1479426,10241905.00
2020/06/03,10.45,10.70,10.45,10.58,2012366,14086517.00
2020/06/04,10.59,10.84,10.59,10.77,3102820,22103790.00
2020/06/05,10.77,10.95,10.60,10.73,2154080,15326828.00
2020/06/08,10.65,10.80,10.52,10.59,1676980,11784107.00
2020/06/09,10.59,10.65,10.56,10.62,1176060,8240025.00
2020/06/10,10.59,10.59,10.46,10.48,1012780,7015138.00
2020/06/11,10.46,10.63,10.42,10.53,1051300,7322859.00
2020/06/12,10.49,10.62,10.28,10.53,1794080,12424547.00
2020/06/15,10.66,10.66,10.37,10.39,2217580,15312378.00
2020/06/16,10.39,10.49,10.38,10.44,1054320,7256276.00
2020/06/17,10.46,10.46,10.32,10.39,1293086,8843741.00
2020/06/18,10.35,10.44,10.31,10.38,792719,5426239.00
2020/06/19,10.41,10.41,10.31,10.35,927980,6329424.00
2020/06/22,10.32,10.66,10.32,10.59,3066419,21358208.00
2020/06/23,11.01,11.01,10.51,10.55,3316060,23411732.00
2020/06/24,10.45,10.66,10.44,10.53,1504320,10483103.00
2020/06/29,10.45,10.52,10.34,10.38,1081079,7439230.00
2020/06/30,10.38,10.95,10.35,10.77,6535530,46408520.00
2020/07/01,11.02,11.77,10.94,11.77,19353895,147220992.00
2020/07/02,11.71,12.86,11.32,12.51,25639440,203309264.00
2020/07/03,11.98,12.12,11.61,11.82,21182720,167592992.00
2020/07/06,11.74,12.06,11.54,12.00,15021485,118429488.00
2020/07/07,12.02,12.42,11.81,12.13,15576272,125415408.00
2020/07/08,11.95,12.23,11.85,12.13,9448280,75933808.00
2020/07/09,12.06,12.23,11.98,12.23,8752397,70671104.00
2020/07/10,12.20,12.27,12.02,12.05,6170414,49889800.00
2020/07/13,12.12,12.41,12.12,12.41,8477920,69746384.00
2020/07/14,12.42,12.68,12.13,12.65,9161757,75873928.00
2020/07/15,12.68,12.77,12.13,12.16,5687020,46966464.00
2020/07/16,12.06,12.26,11.57,11.71,5730746,45830540.00
2020/07/17,11.72,11.91,11.56,11.81,3443700,26976780.00
2020/07/20,11.84,12.06,11.84,12.00,3309041,26410532.00
2020/07/21,11.96,12.12,11.88,12.02,3327880,26581244.00
2020/07/22,12.02,12.09,11.78,11.86,4387995,34997732.00
2020/07/23,11.79,12.02,11.29,12.02,6954654,53928976.00
2020/07/24,11.96,12.23,11.63,11.71,6245600,49870792.00
2020/07/27,11.74,11.78,11.43,11.56,2512850,19295576.00
2020/07/28,11.53,11.74,11.51,11.65,1601090,12402186.00
2020/07/29,11.60,11.82,11.57,11.79,2440910,19005940.00
2020/07/30,11.79,11.93,11.71,11.79,2675927,21062624.00
2020/07/31,11.85,11.92,11.68,11.82,2222726,17494910.00
2020/08/03,11.82,12.20,11.79,12.13,4888040,39386628.00
2020/08/04,12.17,12.17,11.92,11.95,3087740,24759336.00
2020/08/05,11.95,12.09,11.85,12.06,2920620,23399616.00
2020/08/06,12.03,12.24,11.92,12.05,2818019,22650652.00
2020/08/07,12.09,12.09,11.71,11.88,2756220,21865284.00
2020/08/10,11.98,12.23,11.57,12.21,5531439,44584824.00
2020/08/11,12.24,12.48,11.84,11.84,5661920,45932428.00
2020/08/12,11.84,11.99,11.61,11.88,2730445,21372708.00
2020/08/13,11.81,12.45,11.81,12.34,7561966,61771840.00
2020/08/14,12.33,12.76,12.21,12.45,8188694,68755160.00
2020/08/17,12.31,13.24,12.30,13.11,13065516,112287200.00
2020/08/18,13.08,13.08,12.69,12.82,10298045,88931224.00
2020/08/19,12.73,12.84,12.49,12.49,5952993,50230812.00
2020/08/20,12.42,12.61,12.24,12.30,3690099,30619692.00
2020/08/21,12.35,12.62,12.13,12.23,4351260,35939340.00
2020/08/24,12.30,12.47,12.17,12.35,2481220,20484452.00
2020/08/25,12.35,12.42,12.03,12.07,4573040,37309680.00
2020/08/26,12.06,12.14,11.78,11.86,3116860,24832122.00
2020/08/27,11.96,12.23,11.86,12.19,2587660,20891364.00
2020/08/28,12.16,12.27,12.06,12.17,1978580,16042526.00
2020/08/31,12.17,12.38,12.10,12.12,2216340,18044226.00
2020/09/01,12.13,12.38,12.00,12.38,3324740,27127808.00
2020/09/02,12.38,12.38,12.21,12.24,3093010,25386268.00
2020/09/03,12.23,12.24,11.95,11.96,2930580,23635976.00
2020/09/04,11.79,12.62,11.65,12.52,7393561,60583272.00
2020/09/07,12.62,13.07,12.42,12.45,9702476,82676152.00
2020/09/08,12.59,12.90,12.49,12.70,6364209,54179492.00
2020/09/09,12.66,12.82,12.47,12.52,4682139,39685344.00
2020/09/10,12.69,12.94,11.99,12.03,6070220,50431996.00
2020/09/11,12.07,12.19,11.85,12.16,3342500,26944580.00
2020/09/14,12.16,12.33,11.99,12.17,3611320,29319320.00
2020/09/15,12.16,12.21,11.99,12.07,1912940,15402370.00
2020/09/16,12.07,12.16,11.84,11.89,2213520,17615440.00
2020/09/17,11.92,12.17,11.78,12.07,2651840,21157730.00
2020/09/18,12.13,12.27,11.96,12.26,3070548,24834308.00
2020/09/21,12.26,12.47,12.14,12.37,2662446,21912752.00
2020/09/22,12.24,12.55,12.14,12.37,3169086,26266778.00
2020/09/23,12.41,12.63,12.31,12.49,2845240,23695284.00
2020/09/24,12.41,12.56,12.10,12.19,2629880,21505000.00
2020/09/25,12.21,12.72,12.03,12.70,6572240,54961404.00
2020/09/28,12.72,12.84,11.71,11.93,7708180,63240024.00
2020/09/29,11.75,11.92,11.30,11.32,5770440,44416716.00
2020/09/30,11.30,11.36,11.09,11.11,3191400,23668030.00
2020/10/09,11.37,12.14,11.16,12.14,6456442,51069968.00
2020/10/12,12.37,13.04,12.27,12.87,12517466,106373728.00
2020/10/13,12.83,13.33,12.62,13.07,10045460,87775256.00
2020/10/14,13.19,13.60,12.83,13.18,8934760,79568808.00
2020/10/15,13.35,13.50,12.98,13.12,5945650,52888904.00
2020/10/16,13.07,13.57,13.03,13.21,7062620,62919080.00
2020/10/19,13.21,13.81,13.04,13.18,8686220,78166232.00
2020/10/20,13.24,13.42,13.01,13.35,4767080,42430812.00
2020/10/21,13.38,13.39,13.05,13.12,3732880,33018092.00
2020/10/22,13.11,13.71,12.90,13.52,6425100,57961084.00
2020/10/23,13.56,14.05,13.40,13.64,6709096,61771480.00
2020/10/26,13.64,13.73,13.01,13.12,6034600,53866132.00
2020/10/27,13.17,13.63,12.91,13.08,5092240,45076944.00
2020/10/28,13.22,14.31,12.84,14.31,7613337,69848248.00
2020/10/29,14.78,15.08,14.02,14.29,19760800,192772096.00
2020/10/30,14.36,14.37,13.18,13.22,11843360,109741944.00
2020/11/02,13.39,14.16,13.08,13.99,12248680,113524312.00
2020/11/03,14.16,14.30,13.40,13.66,11466437,105761248.00
2020/11/04,13.57,13.66,13.24,13.32,7407100,66613880.00
2020/11/05,13.52,14.58,13.46,14.58,9116400,86726232.00
2020/11/06,15.34,15.74,14.09,14.26,22720420,226819792.00
2020/11/09,14.43,14.64,14.03,14.54,13787597,133564464.00
2020/11/10,14.36,14.36,13.70,13.81,11764345,110140368.00
2020/11/11,13.80,15.11,13.70,14.75,25204623,251927920.00
2020/11/12,14.51,14.90,13.81,14.40,18496543,179606928.00
2020/11/13,14.59,14.75,14.06,14.31,9755645,93876664.00
2020/11/16,14.23,14.47,13.91,14.44,8960720,85624816.00
2020/11/17,14.45,14.64,14.02,14.16,7189539,68654096.00
2020/11/18,14.03,14.13,13.24,13.25,12417560,113127840.00
2020/11/19,13.24,13.38,12.86,13.11,6449280,56493532.00
2020/11/20,13.12,13.45,12.98,13.31,5606586,50198836.00
2020/11/23,13.33,13.36,13.01,13.17,5251619,46313004.00
2020/11/24,13.08,13.32,12.96,12.96,5099220,44736088.00
2020/11/25,12.91,13.17,12.58,12.97,6394939,55333672.00
2020/11/26,12.89,12.89,12.48,12.51,4790640,40455048.00
2020/11/27,12.47,12.61,12.16,12.48,4946140,40961832.00
2020/11/30,12.52,12.59,12.34,12.34,2656900,22099348.00
2020/12/01,12.34,12.52,12.30,12.42,2661700,22140366.00
2020/12/02,12.44,12.48,12.31,12.44,2690100,22282350.00
2020/12/03,12.44,12.69,12.34,12.55,3532637,29576308.00
2020/12/04,12.49,12.61,12.35,12.37,2451930,20325276.00
2020/12/07,12.33,12.33,11.91,11.96,3984197,32105494.00
2020/12/08,11.96,12.20,11.77,12.09,2587580,20764380.00
2020/12/09,12.30,12.30,11.82,11.89,2081920,16654315.00
2020/12/10,11.84,11.93,11.71,11.75,2387080,18784668.00
2020/12/11,11.74,11.84,11.46,11.54,2452100,18869904.00
2020/12/14,11.51,11.74,11.35,11.68,2189266,16872188.00
2020/12/15,11.67,11.85,11.57,11.71,1603500,12500755.00
2020/12/16,11.65,11.72,11.35,11.36,2036840,15547494.00
2020/12/17,11.61,11.61,11.15,11.50,2092125,15881463.00
2020/12/18,11.46,11.60,11.39,11.42,1565977,11952093.00
2020/12/21,11.29,11.60,11.25,11.58,2152397,16443628.00
2020/12/22,11.57,11.57,11.22,11.22,2607840,19744930.00
2020/12/23,11.21,11.50,11.19,11.32,1923140,14522049.00
2020/12/24,11.33,11.43,10.87,10.87,3098160,22705320.00
2020/12/25,10.87,11.18,10.59,11.04,2459560,17943944.00
2020/12/28,11.04,11.05,10.79,10.80,2057540,14804174.00
2020/12/29,10.88,11.00,10.69,10.72,1643586,11764694.00
2020/12/30,10.76,10.87,10.65,10.73,1795800,12794047.00
2020/12/31,10.73,10.97,10.70,10.91,1938680,13967156.00
2021/01/04,10.87,11.14,10.83,11.11,2147640,15699663.00
2021/01/05,11.07,11.11,10.80,10.83,2825440,20371760.00
2021/01/06,10.76,10.77,10.27,10.32,4931940,33971768.00
2021/01/07,10.25,10.25,9.88,9.96,3855900,25417228.00
2021/01/08,9.92,10.21,9.75,10.13,2778657,18363550.00
2021/01/11,10.13,10.17,9.75,9.79,2443300,15909554.00
2021/01/12,9.76,9.99,9.68,9.81,1725080,11177605.00
2021/01/13,9.92,9.92,9.46,9.47,2835680,17792492.00
2021/01/14,9.47,9.64,9.40,9.50,1929000,12043092.00
2021/01/15,9.50,9.72,9.48,9.67,1356986,8589092.00
2021/01/18,9.67,9.89,9.65,9.82,1592700,10248281.00
2021/01/19,9.85,10.14,9.75,10.00,2237240,14709488.00
2021/01/20,10.00,10.14,9.93,9.99,1842820,12168886.00
2021/01/21,9.99,10.21,9.88,10.00,1905794,12584880.00
2021/01/22,10.02,10.03,9.82,9.86,1365400,8870683.00
2021/01/25,9.89,9.95,9.65,9.65,1523580,9703303.00
2021/01/26,9.65,9.81,9.54,9.71,948420,6032176.00
2021/01/27,9.67,9.78,9.61,9.68,819540,5201264.00
2021/01/28,9.64,9.95,9.58,9.74,1093180,7001492.00
2021/01/29,9.72,9.76,9.41,9.54,1477600,9267472.00
2021/02/01,9.53,9.79,9.47,9.57,2170340,13714435.00
2021/02/02,9.51,9.68,9.48,9.53,1526060,9563936.00
2021/02/03,9.57,9.57,9.13,9.16,2618786,15886753.00
2021/02/04,9.15,9.22,8.99,9.06,1410740,8377296.00
2021/02/05,9.04,9.23,9.04,9.05,1006197,5967849.00
2021/02/08,9.05,9.15,8.94,9.13,865046,5106131.00
2021/02/09,9.12,9.39,9.06,9.34,1280540,7756669.00
2021/02/10,9.37,9.43,9.27,9.37,988014,6029450.00
2021/02/18,9.40,9.81,9.40,9.76,1995466,12608744.00
2021/02/19,9.76,9.93,9.69,9.90,1699026,10959563.00
2021/02/22,9.97,10.16,9.86,9.97,2248880,14864458.00
2021/02/23,9.99,10.09,9.79,9.95,1851400,12086384.00
2021/02/24,9.96,10.14,9.90,9.96,956600,6294012.00
2021/02/25,9.97,10.06,9.92,10.02,1445960,9514550.00
2021/02/26,9.96,10.30,9.92,10.24,2284320,15268029.00
2021/03/01,10.20,10.37,10.10,10.23,1930116,13015196.00
2021/03/02,10.11,10.38,10.11,10.30,1467026,9936634.00
2021/03/03,10.24,10.72,10.20,10.59,4339560,30248340.00
2021/03/04,10.46,10.65,10.42,10.52,2642560,18344124.00
2021/03/05,10.48,10.53,10.32,10.42,2355920,16191161.00
2021/03/08,10.38,10.45,10.23,10.24,1765700,12058564.00
2021/03/09,10.30,10.32,9.92,10.09,1797040,11965021.00
2021/03/10,10.16,10.17,10.00,10.03,824940,5454994.00
2021/03/11,9.99,10.11,9.92,10.06,1226600,8100458.00
2021/03/12,10.00,10.16,9.99,10.06,883020,5848809.00
2021/03/15,10.07,10.13,9.99,10.04,750240,4977499.00
2021/03/16,10.04,10.21,10.03,10.21,1007800,6734652.00
2021/03/17,10.24,10.32,10.17,10.28,1041400,7044321.00
2021/03/18,10.28,10.30,10.10,10.14,1017100,6820709.00
2021/03/19,10.06,10.27,9.90,10.21,1202340,8047829.00
2021/03/22,10.17,10.28,10.17,10.23,865420,5838460.00
2021/03/23,10.21,10.25,10.07,10.11,894420,5972151.00
2021/03/24,10.11,10.17,10.03,10.04,902580,5991551.00
2021/03/25,10.04,10.20,9.97,10.03,849760,5631338.00
2021/03/26,10.03,10.09,9.99,10.04,951146,6292824.00
2021/03/29,10.04,10.06,9.92,9.93,1155640,7578395.00
2021/03/30,9.90,9.99,9.67,9.69,1510116,9669101.00
2021/03/31,9.75,9.89,9.68,9.86,919100,5905082.00
2021/04/01,9.86,9.93,9.82,9.88,494900,3211565.00
2021/04/02,9.88,9.89,9.79,9.82,587580,3798040.00
2021/04/06,9.92,9.96,9.81,9.95,626440,4081876.00
2021/04/07,9.95,10.07,9.95,10.03,758726,4999116.00
2021/04/08,9.99,10.13,9.99,10.02,1169466,7754022.00
2021/04/09,10.02,10.11,9.96,10.09,971760,6412172.00
2021/04/12,10.09,10.13,9.89,9.92,788900,5169172.00
2021/04/13,9.93,9.95,9.78,9.82,636380,4114747.00
2021/04/14,9.82,9.99,9.76,9.97,586500,3812617.00
2021/04/15,9.95,10.07,9.93,10.02,612640,4029682.00
2021/04/16,10.02,10.20,10.02,10.17,1134280,7582553.00
2021/04/19,10.17,10.48,10.17,10.39,2348034,16074294.00
2021/04/20,10.39,10.48,10.21,10.24,1457080,9968635.00
2021/04/21,10.24,10.28,10.16,10.17,833260,5605292.00
2021/04/22,10.23,10.38,10.13,10.14,792740,5339332.00
2021/04/23,10.14,10.23,10.02,10.14,1022640,6781149.00
2021/04/26,10.04,10.17,10.03,10.10,957006,6361122.00
2021/04/27,10.04,10.10,9.92,10.02,773017,5071278.00
2021/04/28,10.02,10.02,9.90,9.97,734586,4801451.00
2021/04/29,9.95,10.88,9.92,10.31,5065368,34659328.00
2021/04/30,10.17,10.38,10.07,10.09,2244651,15064106.00
2021/05/06,10.09,10.11,9.93,10.02,1831117,12057097.00
2021/05/07,9.96,10.10,9.79,9.79,1436717,9347838.00
2021/05/10,9.79,9.93,9.68,9.90,969072,6252650.00
2021/05/11,9.88,9.96,9.83,9.90,713060,4636839.00
2021/05/12,9.92,9.97,9.83,9.97,900534,5879009.00
2021/05/13,9.96,10.02,9.81,9.86,1114600,7277101.00
2021/05/14,9.92,10.07,9.88,10.06,1053940,6936257.00
2021/05/17,10.09,10.11,9.97,10.02,923240,6087355.00
2021/05/18,9.96,10.06,9.93,10.03,612220,4023992.00
2021/05/19,10.09,10.10,9.92,10.03,879894,5797976.00
2021/05/20,9.96,10.27,9.96,10.18,1577786,10503319.00
2021/05/21,10.14,10.24,10.09,10.18,937258,6264975.00
2021/05/24,10.11,10.24,10.11,10.20,1117600,7502148.00
2021/05/25,10.20,10.20,10.13,10.17,860400,5755558.00
2021/05/26,10.16,10.23,10.13,10.18,1087280,7292581.00
2021/05/27,10.14,10.45,10.14,10.37,2162272,14713277.00
2021/05/28,10.31,10.42,10.20,10.21,1275800,8658632.00
2021/05/31,10.23,10.52,10.14,10.49,2504294,17219528.00
2021/06/01,10.49,10.52,10.39,10.46,1323320,9130537.00
2021/06/02,10.48,10.59,10.39,10.41,2431636,16849148.00
2021/06/03,10.41,10.48,10.31,10.32,1193044,8166014.00
2021/06/04,10.35,10.41,10.25,10.31,1007480,6867094.00
2021/06/07,10.31,10.32,10.14,10.27,1593380,10734774.00
2021/06/08,10.27,10.44,10.27,10.38,1387080,9270692.00
2021/06/09,10.38,10.49,10.37,10.48,1206740,8149069.00
2021/06/10,10.46,10.55,10.38,10.41,890020,5994861.00
2021/06/11,10.45,10.52,10.41,10.44,853260,5773527.00
2021/06/15,10.46,10.53,10.27,10.30,927060,6185128.00
2021/06/16,10.28,10.32,10.20,10.23,842266,5563045.00
2021/06/17,10.23,10.31,10.17,10.20,682420,4492651.00
2021/06/18,10.18,10.48,10.17,10.45,1075940,7191820.00
2021/06/21,10.45,10.65,10.39,10.63,1627860,11109559.00
2021/06/22,10.63,10.65,10.52,10.65,1216580,8346765.00
2021/06/23,10.66,10.69,10.52,10.58,1236280,8470972.00
2021/06/24,10.65,10.65,10.41,10.45,1145000,7754794.00
2021/06/25,10.45,10.52,10.34,10.41,1137020,7648580.00
2021/06/28,10.44,10.44,10.31,10.41,728000,4866754.00
2021/06/29,10.39,10.44,10.31,10.32,657400,4394201.00
2021/06/30,10.30,10.41,10.28,10.35,1169920,7797269.00
2021/07/01,10.41,10.41,10.17,10.17,1059246,7002731.00
2021/07/02,10.24,10.25,10.09,10.11,1004486,6552605.00
2021/07/05,10.18,10.31,10.13,10.28,655016,4316717.00
2021/07/06,10.28,10.35,10.21,10.31,767880,5088941.00
2021/07/07,10.28,10.38,10.23,10.34,738940,4927161.00
2021/07/08,10.38,10.38,10.23,10.31,998780,6635285.00
2021/07/09,10.35,10.46,10.25,10.37,1537980,10278370.00
2021/07/12,10.44,10.52,10.38,10.38,1488613,10035522.00
2021/07/13,10.44,10.48,10.24,10.39,1875867,12555752.00
2021/07/14,10.34,10.42,10.28,10.34,1179300,7876623.00
2021/07/15,10.32,10.41,9.97,10.35,3074460,20161604.00
2021/07/16,10.27,10.45,10.25,10.27,1170060,7780808.00
2021/07/19,10.27,10.30,10.09,10.14,865020,5655056.00
2021/07/20,10.14,10.31,10.00,10.28,983100,6420723.00
2021/07/21,10.23,10.81,10.23,10.69,5104092,35027604.00
2021/07/22,10.70,10.79,10.55,10.66,3152560,21705416.00
2021/07/23,10.66,10.66,10.56,10.60,1490280,10215583.00
2021/07/26,10.59,10.60,10.39,10.53,1231280,8361355.00
2021/07/27,10.52,10.90,10.52,10.69,4458220,31140892.00
2021/07/28,10.52,10.90,10.30,10.90,4815834,33258252.00
2021/07/29,11.00,11.04,10.76,10.81,4419250,31168632.00
2021/07/30,10.90,11.00,10.65,10.79,3354147,23563688.00
2021/08/02,10.86,10.98,10.73,10.95,4453336,31482322.00
2021/08/03,10.94,10.98,10.80,10.87,2803740,19788024.00
2021/08/04,10.90,11.01,10.79,10.88,2740320,19302584.00
2021/08/05,10.88,10.91,10.77,10.91,1886536,13266594.00
2021/08/06,10.90,11.05,10.79,11.01,3294160,23391336.00
2021/08/09,11.07,11.14,10.93,11.00,2261480,16150443.00
2021/08/10,10.95,11.02,10.77,10.91,3495680,24711710.00
2021/08/11,10.80,10.97,10.80,10.91,1674723,11850933.00
2021/08/12,10.88,11.16,10.81,11.05,4418254,31684860.00
2021/08/13,11.02,11.43,10.95,11.36,7112767,52199448.00
2021/08/16,11.43,11.49,11.12,11.21,3873397,28339944.00
2021/08/17,11.12,11.21,10.77,10.79,3901100,27822796.00
2021/08/18,10.80,11.08,10.72,11.04,2581154,18318980.00
2021/08/19,11.04,11.16,10.88,11.04,1991154,14239937.00
2021/08/20,11.05,11.05,10.70,10.90,2849508,20032564.00
2021/08/23,10.93,11.00,10.84,10.93,2238280,15874621.00
2021/08/24,10.97,11.29,10.93,11.02,2927586,21077478.00
2021/08/25,11.05,11.11,10.87,11.07,2550380,18234500.00
2021/08/26,11.00,11.25,10.98,11.08,3218500,23340584.00
2021/08/27,11.07,11.28,11.02,11.16,3004600,21776248.00
2021/08/30,11.18,11.40,11.09,11.35,5347643,39215420.00
2021/08/31,11.33,11.33,11.02,11.04,4265534,30853162.00
2021/09/01,11.04,11.12,10.77,10.91,3607272,25588144.00
2021/09/02,10.83,10.98,10.81,10.93,1961748,13905135.00
2021/09/03,10.97,11.04,10.87,10.90,1939980,13791193.00
2021/09/06,10.91,11.01,10.77,10.98,2786778,19717564.00
2021/09/07,10.95,11.07,10.94,11.04,2313600,16546884.00
2021/09/08,11.05,11.16,11.01,11.15,3316140,23915466.00
2021/09/09,11.16,11.21,10.98,11.08,2986646,21487008.00
2021/09/10,11.12,11.14,10.94,11.01,2579070,18457330.00
2021/09/13,11.01,11.01,10.88,10.95,1516958,10759648.00
2021/09/14,10.95,10.98,10.76,10.77,2135185,15054355.00
2021/09/15,10.77,10.91,10.69,10.87,1410620,9896839.00
2021/09/16,10.87,11.15,10.84,10.87,2576298,18394424.00
2021/09/17,10.87,10.95,10.72,10.86,1399631,9822534.00
2021/09/22,10.77,10.84,10.72,10.80,1195760,8350001.00
2021/09/23,10.80,10.97,10.80,10.93,1457720,10310603.00
2021/09/24,10.93,10.94,10.67,10.69,1523107,10652639.00
2021/09/27,10.67,10.76,10.18,10.23,2493100,16697974.00
2021/09/28,10.27,10.31,10.09,10.24,1172207,7687853.00
2021/09/29,10.24,10.24,10.00,10.00,972709,6326290.00
2021/09/30,10.02,10.25,9.99,10.21,843689,5542043.00
2021/10/08,10.24,10.45,10.24,10.38,1072400,7170796.00
2021/10/11,10.41,10.41,10.32,10.37,455220,3042803.00
2021/10/12,10.35,10.39,10.10,10.18,816700,5375525.00
2021/10/13,10.23,10.32,10.06,10.28,757820,4980980.00
2021/10/14,10.25,10.38,10.11,10.34,1275898,8422803.00
2021/10/15,10.34,10.37,10.24,10.35,823420,5481417.00
2021/10/18,10.35,10.46,10.30,10.44,643503,4324632.00
2021/10/19,10.37,10.46,10.37,10.39,769178,5174295.00
2021/10/20,10.31,10.42,10.31,10.37,609080,4073898.00
2021/10/21,10.37,10.38,10.28,10.35,784940,5230338.00
2021/10/22,10.32,10.62,10.31,10.52,1770900,11984840.00
2021/10/25,10.46,10.60,10.42,10.52,1118800,7615315.00
2021/10/26,10.46,10.56,10.35,10.42,843700,5685363.00
2021/10/27,10.37,10.37,9.99,10.17,1337140,8743971.00
2021/10/28,10.11,10.28,10.07,10.27,654140,4288367.00
2021/10/29,10.24,10.34,10.16,10.34,959720,6351510.00
2021/11/01,10.34,10.42,10.24,10.37,756094,5049007.00
2021/11/02,10.38,10.65,10.24,10.28,1166066,7859461.00
2021/11/03,10.28,10.37,10.14,10.37,468600,3115162.00
2021/11/04,10.37,10.53,10.32,10.48,1393340,9410576.00
2021/11/05,10.46,10.63,10.45,10.53,1174680,8018639.00
2021/11/08,10.52,10.67,10.39,10.66,1273340,8749331.00
2021/11/09,10.69,10.70,10.58,10.66,1101320,7576617.00
2021/11/10,10.62,10.91,10.62,10.90,2031544,14183443.00
2021/11/11,10.83,11.09,10.83,11.04,2866400,20518608.00
2021/11/12,11.04,11.21,10.97,11.16,3428605,24760060.00
2021/11/15,11.22,11.32,11.11,11.21,3848980,28106364.00
2021/11/16,11.26,11.26,11.11,11.18,2163280,15729713.00
2021/11/17,11.21,11.53,11.14,11.51,3849940,28494480.00
2021/11/18,11.43,11.57,11.21,11.23,3485300,25778590.00
2021/11/19,11.22,11.51,11.22,11.49,3126700,23243684.00
2021/11/22,11.47,11.47,11.26,11.37,2365700,17533604.00
2021/11/23,11.37,11.53,11.29,11.36,2207880,16389958.00
2021/11/24,11.47,11.47,11.19,11.23,2052400,15075198.00
2021/11/25,11.26,11.37,11.11,11.16,1706900,12440318.00
2021/11/26,11.18,11.19,11.00,11.12,1573980,11326062.00
2021/11/29,11.01,11.19,10.97,11.11,1376380,9905645.00
2021/11/30,11.09,11.40,11.08,11.25,2377946,17447740.00
2021/12/01,11.22,11.71,11.21,11.68,5002245,37630188.00
2021/12/02,11.70,12.75,11.68,12.75,17380438,143150704.00
2021/12/03,12.83,12.89,11.71,12.06,21472072,170374224.00
2021/12/06,11.84,13.17,11.75,13.17,23393754,197892384.00
2021/12/07,13.07,13.99,12.70,12.90,31575265,278126368.00
2021/12/08,12.62,14.09,12.06,13.77,27018407,230244272.00
2021/12/09,13.26,13.67,13.03,13.18,19205246,168513664.00
2021/12/10,12.91,13.24,12.68,12.98,12540485,106675352.00
2021/12/13,12.76,13.11,12.37,12.38,12565780,104658576.00
2021/12/14,12.28,12.56,12.09,12.54,10026745,81020992.00
2021/12/15,12.34,12.45,12.20,12.40,6764740,54613032.00
2021/12/16,12.34,12.55,12.20,12.52,7137400,58022840.00
2021/12/17,12.47,12.47,12.20,12.20,5627105,45299456.00
2021/12/20,12.13,12.13,11.63,11.72,7944660,61478744.00
2021/12/21,11.79,12.00,11.71,11.98,5241200,40797864.00
2021/12/22,12.13,12.58,12.12,12.31,11137980,90199216.00
2021/12/23,12.35,12.98,12.20,12.48,10326900,85160600.00
2021/12/24,12.48,12.55,11.71,11.79,9706195,76400288.00
2021/12/27,11.82,11.82,11.42,11.79,5151356,39078976.00
2021/12/28,11.77,12.05,11.58,11.98,4419490,34266676.00
2021/12/29,12.00,12.00,11.72,11.78,3297140,25508892.00
2021/12/30,11.78,12.16,11.77,11.95,4281160,33472936.00
2021/12/31,11.96,12.12,11.86,11.96,2665020,20813560.00
2022/01/04,11.98,12.38,11.89,12.27,6361200,50931532.00
2022/01/05,12.23,12.31,11.92,12.28,4803940,38074564.00
2022/01/06,12.41,12.73,12.27,12.31,5122900,41732216.00
2022/01/07,12.37,12.42,11.84,11.85,4897530,38727928.00
2022/01/10,11.85,12.17,11.65,12.07,3328320,26231064.00
2022/01/11,12.13,12.16,11.95,12.00,2362180,18632614.00
2022/01/12,12.03,12.42,12.03,12.30,4281040,34427592.00
2022/01/13,12.31,12.41,12.24,12.27,2772240,22401264.00
2022/01/14,12.27,12.35,11.91,11.95,3157900,25075616.00
2022/01/17,11.99,12.24,11.88,12.20,2654740,21122336.00
2022/01/18,12.38,12.38,11.82,11.99,4584500,35997176.00
2022/01/19,11.93,12.09,11.88,11.99,2256739,17696492.00
2022/01/20,11.99,12.24,11.67,12.09,5177560,40474968.00
2022/01/21,12.13,12.26,11.93,12.02,4614720,36702168.00
2022/01/24,11.89,12.34,11.89,12.31,4855000,38867408.00
2022/01/25,12.23,12.68,12.07,12.65,13383826,109568296.00
2022/01/26,12.69,13.81,12.38,13.11,19196945,166867520.00
2022/01/27,12.86,12.97,11.91,11.92,13718146,111083440.00
2022/01/28,11.51,11.56,10.84,11.35,10787529,78172760.00
2022/02/07,11.36,12.38,11.36,12.38,7395448,58548280.00
2022/02/08,12.61,13.10,12.28,13.03,16262730,136243840.00
2022/02/09,13.18,13.28,12.65,12.86,9555900,80509968.00
2022/02/10,12.80,13.12,12.65,13.03,10192310,86659104.00
2022/02/11,12.90,13.01,12.58,12.70,7755471,65115848.00
2022/02/14,12.70,13.71,12.58,13.32,13626807,118599704.00
2022/02/15,13.10,13.40,12.76,13.18,8148590,70120800.00
2022/02/16,13.18,13.28,12.87,13.14,6460621,55472008.00
2022/02/17,13.12,13.14,12.20,12.84,7305571,61807876.00
2022/02/18,12.79,12.89,12.49,12.80,4313080,36075504.00
2022/02/21,12.41,13.35,12.41,13.35,9557080,82026048.00
2022/02/22,13.12,13.31,12.83,13.00,6575540,56566256.00
2022/02/23,13.42,14.20,13.28,13.56,16939673,153317632.00
2022/02/24,13.60,14.82,13.43,14.41,37890999,367287232.00
2022/02/25,14.12,14.51,13.60,13.74,27078906,251076816.00
2022/02/28,13.61,13.63,12.87,13.25,12149180,106255568.00
2022/03/01,13.38,13.42,12.90,13.21,9053260,78458400.00
2022/03/02,13.01,13.36,12.84,13.26,8368240,72734968.00
2022/03/03,13.26,13.26,12.75,12.75,10179940,86980240.00
2022/03/04,12.93,12.93,12.34,12.34,7419320,61212160.00
2022/03/07,12.20,12.42,12.19,12.28,3823403,30849024.00
2022/03/08,12.23,12.33,11.67,11.75,7679589,59638708.00
2022/03/09,11.78,11.88,11.15,11.71,7277221,54775732.00
2022/03/10,11.88,11.99,11.71,11.72,5123600,39667200.00
2022/03/11,11.50,11.77,11.35,11.74,4640320,34985128.00
2022/03/14,11.67,11.67,11.23,11.28,3488400,26030972.00
2022/03/15,11.33,11.37,10.66,10.66,5674600,40504212.00
2022/03/16,10.80,11.12,10.65,11.08,4669180,32955160.00
2022/03/17,11.12,11.30,11.00,11.04,4709500,34234320.00
2022/03/18,10.95,11.23,10.95,11.16,2721340,19701978.00
2022/03/21,11.12,11.56,11.12,11.49,4362320,32408508.00
2022/03/22,11.50,11.57,11.35,11.46,2930160,21878308.00
2022/03/23,11.46,11.63,11.36,11.39,2707860,20268102.00
2022/03/24,11.35,11.43,11.23,11.23,2299100,16912630.00
2022/03/25,11.23,11.49,11.22,11.39,2623600,19479660.00
2022/03/28,11.39,11.39,11.11,11.25,2027300,14843581.00
2022/03/29,11.26,11.32,11.04,11.12,1972640,14299905.00
2022/03/30,11.18,11.28,11.14,11.26,1502040,10977720.00
2022/03/31,11.28,11.53,11.28,11.49,2974000,22204434.00
2022/04/01,11.57,11.57,11.29,11.33,2123760,15724343.00
2022/04/06,11.40,11.57,11.32,11.53,2440040,18271436.00
2022/04/07,11.47,11.54,11.36,11.40,2498000,18639068.00
2022/04/08,11.40,11.43,11.19,11.36,2605680,19188096.00
2022/04/11,11.36,11.46,11.19,11.28,3211000,23741250.00
2022/04/12,11.26,11.51,11.18,11.50,2410760,17865208.00
2022/04/13,11.49,11.50,11.30,11.32,2350300,17432744.00
2022/04/14,11.33,11.50,11.30,11.33,2100800,15580851.00
2022/04/15,11.35,11.42,11.08,11.19,2672800,19485316.00
2022/04/18,11.18,11.98,11.11,11.89,9127940,69732288.00
2022/04/19,11.99,12.19,11.71,12.00,7361460,57552836.00
2022/04/20,11.74,12.61,11.74,12.20,9892980,79821488.00
2022/04/21,12.05,12.38,11.96,12.33,8436716,67426592.00
2022/04/22,12.27,12.28,11.84,12.03,5774196,45489904.00
2022/04/25,11.82,12.16,11.53,11.70,6832070,52954456.00
2022/04/26,11.64,12.41,11.15,12.17,12723340,98932424.00
2022/04/27,11.78,12.79,11.26,12.79,12503400,100144928.00
2022/04/28,12.63,12.90,12.27,12.42,9972225,81957632.00
2022/04/29,12.41,12.83,12.40,12.62,9264030,76942608.00
2022/05/05,12.26,12.77,11.64,12.65,10749728,87157568.00
2022/05/06,12.23,12.45,11.99,12.44,6779136,54560296.00
2022/05/09,12.37,12.54,12.17,12.54,6231256,50571336.00
2022/05/10,12.47,12.47,12.06,12.23,5604032,43330148.00
2022/05/11,12.24,13.31,12.14,13.11,20322975,170625168.00
2022/05/12,12.80,14.08,12.70,13.17,27579040,231566928.00
2022/05/13,13.17,13.53,12.96,13.33,16144859,136145616.00
2022/05/16,13.25,13.49,12.97,13.10,13892328,116826784.00
2022/05/17,13.04,14.26,12.91,14.26,23635261,211322928.00
2022/05/18,14.30,15.55,13.80,15.55,39005045,366744992.00
2022/05/19,15.24,16.96,15.00,16.96,46854771,494570752.00
2022/05/20,16.40,18.51,16.15,17.25,49263943,567764352.00
2022/05/23,16.54,17.09,15.67,15.70,42873207,449078912.00
2022/05/24,15.42,16.83,15.03,16.27,43930470,458016160.00
2022/05/25,15.80,15.95,14.79,15.49,36327459,361856352.00
2022/05/26,15.03,15.27,14.20,14.38,29067380,271955072.00
2022/05/27,14.30,14.64,14.17,14.57,20654061,192596816.00
2022/05/30,14.58,14.59,13.87,14.16,20154809,183381184.00
2022/05/31,14.16,14.20,13.67,13.88,16404599,145683632.00
2022/06/01,13.88,14.15,13.70,14.08,14667740,131750160.00
2022/06/02,13.94,14.79,13.75,14.50,25259162,231990656.00
2022/06/06,14.50,14.50,13.95,14.10,17355950,157782768.00
2022/06/07,14.05,14.06,13.11,13.31,20887209,179404928.00
2022/06/08,13.45,13.67,13.05,13.63,15742900,134483936.00
2022/06/09,13.43,13.49,13.10,13.12,9435400,79723104.00
2022/06/10,13.04,13.36,12.98,13.26,7672260,64852420.00
2022/06/13,13.31,13.53,13.04,13.17,8992660,76321264.00
2022/06/14,13.12,13.60,12.83,13.60,14028880,118977360.00
2022/06/15,13.57,13.63,13.18,13.18,11591840,99067704.00
2022/06/16,13.18,13.25,13.01,13.08,6696140,55873640.00
2022/06/17,13.05,13.18,12.94,13.18,6369200,53207396.00
2022/06/20,13.17,13.35,13.10,13.35,6871040,58044704.00
2022/06/21,13.36,13.38,12.97,13.17,6888200,57751012.00
2022/06/22,13.25,13.74,13.17,13.45,14440720,124877440.00
2022/06/23,13.35,14.65,13.29,14.38,27516043,247775216.00
2022/06/24,14.34,14.34,13.88,13.96,18084810,162538096.00
2022/06/27,13.99,14.27,13.77,14.19,13672576,123481984.00
2022/06/28,14.16,14.16,13.81,13.99,10462480,93504288.00
2022/06/29,13.99,13.99,13.25,13.25,11857097,102830064.00
2022/06/30,13.12,13.31,12.97,13.00,8363860,69685384.00
2022/07/01,12.98,13.04,12.70,12.80,6257800,51050756.00
2022/07/04,12.75,12.80,12.59,12.69,5399520,43364140.00
2022/07/05,12.70,12.80,12.31,12.48,6496340,51614864.00
2022/07/06,12.45,12.62,12.42,12.55,4501300,35687912.00
2022/07/07,12.54,12.83,12.45,12.76,5896380,47446464.00
2022/07/08,12.77,12.86,12.65,12.68,3560600,28778328.00
2022/07/11,12.66,12.66,12.41,12.51,3452460,27262420.00
2022/07/12,12.59,12.59,12.23,12.23,3369400,26345172.00
2022/07/13,12.27,12.54,12.26,12.42,3364700,26407220.00
2022/07/14,12.49,12.52,12.33,12.33,2415500,18964056.00
2022/07/15,12.27,12.45,12.13,12.14,3613300,28061576.00
2022/07/18,12.16,12.65,12.16,12.63,5056600,40145148.00
2022/07/19,12.63,12.97,12.52,12.82,6013800,48840672.00
2022/07/20,12.79,12.91,12.66,12.86,4420180,35839688.00
2022/07/21,12.89,13.52,12.73,13.46,11926486,100217832.00
2022/07/22,13.50,13.60,13.15,13.22,7550632,64105560.00
2022/07/25,13.22,13.39,13.05,13.08,4327977,36394776.00
2022/07/26,13.08,13.29,12.91,13.29,3382060,28298472.00
2022/07/27,13.29,13.82,13.24,13.63,8279520,71855024.00
2022/07/28,13.64,14.16,13.54,13.60,12432100,109684120.00
2022/07/29,13.74,13.87,13.54,13.77,8269695,72770512.00
2022/08/01,13.70,14.43,13.61,14.30,13901786,126866264.00
2022/08/02,14.15,14.80,13.74,14.38,16652300,151832624.00
2022/08/03,14.30,14.62,13.73,13.82,15953524,145684432.00
2022/08/04,13.78,13.89,13.50,13.89,8217360,71995136.00
2022/08/05,13.81,14.29,13.75,14.02,7581800,68107120.00
2022/08/08,13.81,14.30,13.64,14.22,7014480,63455184.00
2022/08/09,14.30,14.43,14.01,14.05,5624340,51203832.00
2022/08/10,14.08,14.19,13.89,14.08,5047520,45437240.00
2022/08/11,14.08,14.83,13.92,14.40,11109138,102115216.00
2022/08/12,14.37,14.47,14.03,14.03,6564600,59957532.00
2022/08/15,14.02,14.08,13.88,13.96,3936280,35346060.00
2022/08/16,13.95,14.38,13.95,14.30,6574360,60230392.00
2022/08/17,14.55,14.58,14.26,14.36,5331380,49346952.00
2022/08/18,14.57,14.57,14.34,14.38,5051720,46994616.00
2022/08/19,14.44,14.50,13.88,13.91,6488800,58817216.00
2022/08/22,13.88,14.06,13.61,14.01,5507740,49118040.00
2022/08/23,13.98,14.37,13.88,14.01,4712500,42807928.00
2022/08/24,13.99,14.06,13.25,13.29,4978434,43192152.00
2022/08/25,13.19,13.39,12.96,13.14,3640700,30381542.00
2022/08/26,13.14,13.40,13.11,13.28,2258341,19136204.00
2022/08/29,13.24,13.57,13.01,13.25,2302540,19494824.00
2022/08/30,13.31,13.38,13.04,13.11,2308560,19345296.00
2022/08/31,13.14,13.14,12.69,12.70,2534700,20642754.00
2022/09/01,12.77,12.87,12.61,12.65,2071420,16708566.00
2022/09/02,12.65,12.86,12.58,12.79,1743640,14110343.00
2022/09/05,12.80,12.96,12.73,12.87,1636801,13365407.00
2022/09/06,12.87,12.96,12.79,12.93,2513040,20570586.00
2022/09/07,12.98,13.14,12.86,13.00,2116600,17540776.00
2022/09/08,12.93,13.05,12.82,12.83,1783480,14637810.00
2022/09/09,12.83,13.05,12.76,12.82,1864700,15246517.00
2022/09/13,12.83,13.00,12.80,12.94,1316800,10804124.00
2022/09/14,12.87,12.90,12.59,12.73,2074400,16730453.00
2022/09/15,12.77,12.82,12.23,12.35,2391100,18846122.00
2022/09/16,12.34,12.68,12.33,12.37,2083740,16484919.00
2022/09/19,12.34,12.37,12.02,12.02,2790660,21371384.00
2022/09/20,12.07,12.34,12.07,12.24,2385940,18468936.00
2022/09/21,12.26,12.33,12.00,12.27,1600300,12306584.00
2022/09/22,12.16,12.44,12.13,12.34,1562500,12177639.00
2022/09/23,12.27,12.40,12.24,12.28,1806460,14035931.00
2022/09/26,12.12,12.31,11.88,11.91,1515000,11503821.00
2022/09/27,11.92,12.14,11.88,12.10,1293109,9781813.00
2022/09/28,12.14,12.14,11.79,11.79,1543800,11609178.00
2022/09/29,11.91,12.03,11.70,11.75,1272600,9440502.00
2022/09/30,11.88,11.88,11.51,11.53,1260240,9191685.00
2022/10/10,11.64,11.64,11.32,11.42,1444509,10367684.00
2022/10/11,11.36,11.54,11.33,11.50,1344340,9621517.00
2022/10/12,11.50,11.98,11.47,11.95,1826760,13409342.00
2022/10/13,11.95,12.03,11.79,11.95,1092000,8207732.00
2022/10/14,11.93,12.34,11.92,12.00,1226366,9303963.00
2022/10/17,11.92,12.17,11.89,12.14,1230200,9352201.00
2022/10/18,12.24,12.24,12.06,12.19,1342800,10307884.00
2022/10/19,12.16,12.31,12.09,12.20,1039900,8013238.00
2022/10/20,12.10,12.24,11.92,12.06,1062900,8067276.00
2022/10/21,12.05,12.16,11.96,12.03,680080,5179216.00
2022/10/24,12.06,12.27,12.00,12.06,1606506,12294409.00
2022/10/25,11.95,12.45,11.64,12.42,2532911,19509064.00
2022/10/26,12.47,13.03,12.44,12.69,4199897,34133508.00
2022/10/27,12.69,12.94,12.49,12.49,2707800,21829122.00
2022/10/28,12.68,12.70,12.09,12.13,2045080,15908273.00
2022/10/31,12.20,12.51,11.43,12.40,2747080,21435450.00
2022/11/01,12.27,12.65,12.27,12.65,2061900,16350829.00
2022/11/02,12.69,12.73,12.55,12.69,1951900,15663780.00
2022/11/03,12.69,13.04,12.62,12.93,3467881,28466024.00
2022/11/04,12.90,13.15,12.82,13.12,3085660,25657954.00
2022/11/07,13.14,13.21,13.00,13.03,2849744,23723902.00
2022/11/08,12.94,13.10,12.84,13.04,1864800,15386089.00
2022/11/09,13.01,13.15,12.93,12.97,1513400,12555872.00
2022/11/10,13.05,13.14,12.89,12.94,1654500,13700079.00
2022/11/11,13.04,13.21,12.80,12.91,2634020,21744080.00
2022/11/14,13.05,13.05,12.62,12.70,2138940,17307984.00
2022/11/15,12.68,12.86,12.61,12.83,2480880,20138504.00
2022/11/16,12.86,12.90,12.75,12.80,1896216,15446443.00
2022/11/17,12.83,13.00,12.70,12.96,2125360,17414036.00
2022/11/18,12.96,12.98,12.62,12.66,2262300,18353014.00
2022/11/21,12.66,12.82,12.56,12.80,2093100,16858684.00
2022/11/22,12.70,12.83,12.56,12.59,1742240,14003025.00
2022/11/23,12.65,12.77,12.48,12.63,2102700,16807488.00
2022/11/24,12.63,12.73,12.55,12.59,1579500,12666978.00
2022/11/25,12.65,12.65,12.40,12.41,1562440,12345759.00
2022/11/28,12.41,12.41,12.17,12.17,1814155,14026270.00
2022/11/29,12.20,12.35,12.19,12.31,1727900,13415536.00
2022/11/30,12.30,12.70,12.24,12.59,3102300,24604640.00
2022/12/01,12.68,12.90,12.59,12.61,2229755,17991432.00
2022/12/02,12.56,12.72,12.54,12.69,1566527,12556952.00
2022/12/05,12.69,12.86,12.65,12.75,1757800,14199204.00
2022/12/06,12.75,12.80,12.63,12.68,1369840,11034209.00
2022/12/07,12.68,12.76,12.58,12.61,2046215,16420896.00
2022/12/08,12.54,12.65,12.45,12.55,1713179,13639895.00
2022/12/09,12.56,12.63,12.30,12.30,2868960,22589560.00
2022/12/12,12.31,12.48,12.24,12.30,1802206,14104405.00
2022/12/13,12.31,12.38,12.20,12.21,1285554,9989712.00
2022/12/14,12.17,12.31,11.96,12.05,1925300,14730402.00
2022/12/15,12.10,12.28,12.00,12.28,2280180,17519666.00
2022/12/16,12.27,12.28,11.98,11.98,1718600,13071913.00
2022/12/19,11.98,12.09,11.71,11.77,1394700,10368484.00
2022/12/20,11.78,11.88,11.64,11.74,2170300,16047587.00
2022/12/21,11.77,11.82,11.57,11.63,1686300,12328167.00
2022/12/22,11.71,11.72,11.43,11.43,1552300,11228142.00
2022/12/23,11.40,11.93,11.30,11.36,2291682,16430628.00
2022/12/26,11.25,11.77,11.25,11.67,1854640,13457361.00
2022/12/27,11.78,11.85,11.53,11.57,1086180,7915704.00
2022/12/28,11.63,11.63,11.35,11.35,1635200,11714038.00
2022/12/29,11.35,11.50,11.30,11.33,1310900,9322891.00
2022/12/30,11.36,11.57,11.36,11.44,772220,5521062.00
2023/01/03,11.44,11.72,11.44,11.67,1893940,13805195.00
2023/01/04,11.72,11.93,11.67,11.79,2220000,16492563.00
2023/01/05,11.74,12.00,11.68,11.85,1509400,11226194.00
2023/01/06,11.93,12.02,11.74,11.79,1707060,12737319.00
2023/01/09,11.95,12.03,11.85,11.96,1688880,12726979.00
2023/01/10,11.96,12.13,11.86,12.02,1697700,12839254.00
2023/01/11,12.06,12.09,11.77,11.77,1865120,13997119.00
2023/01/12,11.74,11.99,11.72,11.81,1786900,13344619.00
2023/01/13,11.81,12.09,11.81,12.05,2566440,19410070.00
2023/01/16,12.07,12.23,12.00,12.16,2579717,19742108.00
2023/01/17,12.16,12.38,12.12,12.24,2415420,18717608.00
2023/01/18,12.24,12.45,12.24,12.42,2211000,17330364.00
2023/01/19,12.55,12.55,12.26,12.48,2511320,19733588.00
2023/01/20,12.48,12.54,12.42,12.52,1841500,14560438.00
2023/01/30,12.61,12.77,12.58,12.65,2528700,20306508.00
2023/01/31,12.76,12.87,12.59,12.82,3414820,27666062.00
2023/02/01,12.82,13.01,12.72,12.76,9053646,73662792.00
2023/02/02,12.96,13.08,12.62,12.80,7414231,60313304.00
2023/02/03,13.01,13.08,12.62,12.69,6174880,50287084.00
2023/02/06,12.72,12.80,12.62,12.65,3488940,28035920.00
2023/02/07,12.69,12.98,12.66,12.90,5276755,43046732.00
2023/02/08,12.84,12.93,12.77,12.87,2495193,20379738.00
2023/02/09,12.83,13.01,12.80,12.91,3973300,32631628.00
2023/02/10,12.98,12.98,12.77,12.84,2472940,20186312.00
2023/02/13,12.83,12.84,12.69,12.83,2230300,18081666.00
2023/02/14,12.89,12.90,12.75,12.79,2209815,17944260.00
2023/02/15,12.79,12.89,12.69,12.79,3577360,29030174.00
2023/02/16,12.83,12.86,12.40,12.45,3636139,29192570.00
2023/02/17,12.47,12.66,12.42,12.47,2149200,17066970.00
2023/02/20,12.45,12.59,12.42,12.58,2279860,18065048.00
2023/02/21,12.59,12.79,12.49,12.70,1961838,15785186.00
2023/02/22,12.70,12.73,12.51,12.59,2559620,20458212.00
2023/02/23,12.56,12.79,12.56,12.69,2497980,20146736.00
2023/02/24,12.69,12.72,12.48,12.54,1623199,12950696.00
2023/02/27,12.59,12.59,12.33,12.33,2613151,20547736.00
2023/02/28,12.38,12.49,12.33,12.47,2042300,16024877.00
2023/03/01,12.47,12.56,12.44,12.48,1823600,14440036.00
2023/03/02,12.48,12.63,12.37,12.45,2515980,19880860.00
2023/03/03,12.48,12.49,12.27,12.34,1951100,15261554.00
2023/03/06,12.42,12.45,12.30,12.30,2179220,17033576.00
2023/03/07,12.34,12.34,12.03,12.06,2332600,17888684.00
2023/03/08,12.03,12.13,11.99,12.07,1543460,11739709.00
2023/03/09,12.06,12.17,11.99,12.06,1597900,12144350.00
2023/03/10,12.03,12.12,11.95,11.95,1832840,13896462.00
2023/03/13,11.95,12.10,11.75,11.84,2168200,16192839.00
2023/03/14,11.85,11.95,11.54,11.64,2533300,18629956.00
2023/03/15,11.72,11.89,11.65,11.78,1776500,13172996.00
2023/03/16,11.78,11.88,11.63,11.67,1368900,10118657.00
2023/03/17,11.65,11.77,11.60,11.60,1844400,13506472.00
2023/03/20,11.65,11.67,11.50,11.60,1560960,11345711.00
2023/03/21,11.65,11.79,11.56,11.77,1663900,12227345.00
2023/03/22,11.81,11.99,11.72,11.96,1920700,14376892.00
2023/03/23,11.93,11.96,11.79,11.86,1328000,9911021.00
2023/03/24,11.95,12.02,11.81,11.99,2158760,16268861.00
2023/03/27,11.99,12.03,11.78,11.98,3133720,23449900.00
2023/03/28,12.06,12.06,11.86,11.89,1328500,9969883.00
2023/03/29,11.91,11.96,11.78,11.81,1189660,8853391.00
2023/03/30,11.71,11.89,11.57,11.65,2191500,16067494.00
2023/03/31,11.65,11.75,11.58,11.67,2002020,14661862.00
2023/04/03,11.67,11.79,11.54,11.72,3383500,24762880.00
2023/04/04,11.72,11.72,11.40,11.46,4055760,29253570.00
2023/04/06,11.42,11.46,11.22,11.26,2614080,18468320.00
2023/04/07,11.26,11.39,11.25,11.33,1362300,9635714.00
2023/04/10,11.30,11.43,11.19,11.22,2589600,18252196.00
2023/04/11,11.19,11.25,10.98,11.02,2768640,19082276.00
2023/04/12,11.08,11.16,11.05,11.11,1619239,11208310.00
2023/04/13,11.12,11.16,11.02,11.04,1709700,11797763.00
2023/04/14,11.07,11.12,11.04,11.05,1424960,9820978.00
2023/04/17,11.07,11.18,11.04,11.15,2152860,14891502.00
2023/04/18,11.16,11.26,11.11,11.25,1973460,13761147.00
2023/04/19,11.25,11.25,11.02,11.07,1880700,13004550.00
2023/04/20,11.07,11.11,10.80,10.88,2062180,13948643.00
2023/04/21,10.87,10.94,10.62,10.65,2156500,14373205.00
2023/04/24,10.63,10.80,10.45,10.73,2265637,14984083.00
2023/04/25,10.72,10.73,10.45,10.56,2426400,15777655.00
2023/04/26,10.59,10.98,10.58,10.95,2596800,17490124.00
2023/04/27,10.94,11.19,10.81,11.12,2768180,19119126.00
2023/04/28,11.08,11.19,11.02,11.14,2057700,14219319.00
2023/05/04,11.18,11.70,11.16,11.60,6307860,45392608.00
2023/05/05,11.67,11.67,11.44,11.47,2258500,16266857.00
2023/05/08,11.49,11.63,11.47,11.53,1977800,14306143.00
2023/05/09,11.60,11.64,11.49,11.53,2692400,19505450.00
2023/05/10,11.54,11.67,11.49,11.65,1615920,11747703.00
2023/05/11,11.68,11.72,11.58,11.68,1184091,8660836.00
2023/05/12,11.71,11.99,11.63,11.98,3197220,23730488.00
2023/05/15,12.00,12.03,11.51,11.64,4094753,29967896.00
2023/05/16,11.63,11.82,11.61,11.71,3476600,25570804.00
2023/05/17,11.64,11.78,11.61,11.71,2529000,17836122.00
2023/05/18,11.64,11.95,11.64,11.85,2526640,18032150.00
2023/05/19,11.82,11.91,11.75,11.77,1382900,9838651.00
2023/05/22,11.77,11.96,11.72,11.85,2062000,14690970.00
2023/05/23,11.85,12.05,11.79,11.89,1823700,13149998.00
2023/05/24,11.85,11.93,11.79,11.82,1313400,9404183.00
2023/05/25,11.85,11.88,11.70,11.82,1623300,11531249.00
2023/05/26,11.79,12.14,11.74,12.10,3175860,23018564.00
2023/05/29,12.03,12.10,11.78,11.81,2368300,17003128.00
2023/05/30,11.81,11.98,11.79,11.89,1427000,10235328.00
2023/05/31,11.95,11.96,11.81,11.84,873800,6241344.00
2023/06/01,11.81,11.88,11.77,11.79,1584900,11305698.00
2023/06/02,11.78,12.10,11.78,12.00,3374640,24404666.00
2023/06/05,12.13,12.13,11.96,12.10,1837360,13381836.00
2023/06/06,12.10,12.10,11.91,11.92,1184100,8591243.00
2023/06/07,11.92,11.98,11.84,11.88,1257700,9043869.00
2023/06/08,11.89,11.99,11.85,11.86,1111820,8000304.00
2023/06/09,11.92,11.96,11.77,11.84,1814760,12936978.00
2023/06/12,11.89,12.14,11.78,12.12,3010100,21892926.00
2023/06/13,12.17,12.40,12.14,12.34,2749280,20546758.00
2023/06/14,12.35,12.49,12.28,12.31,2184500,16416746.00
2023/06/15,12.37,12.90,12.28,12.52,6490960,49877356.00
2023/06/16,12.51,13.59,12.49,13.59,24518543,203793888.00
2023/06/19,13.10,13.50,13.05,13.28,24177346,196410432.00
2023/06/20,13.15,14.43,12.82,14.43,32102859,271629376.00
2023/06/21,13.95,15.69,13.81,15.69,36551436,343717152.00
2023/06/26,16.54,17.07,16.23,17.07,13363810,142674592.00
2023/06/27,17.24,18.60,15.66,18.60,63650970,689218240.00
2023/06/28,18.68,20.28,18.68,20.28,35174375,453500960.00
2023/06/29,22.13,22.13,22.13,22.13,8556580,123984848.00
2023/06/30,22.84,24.16,22.36,23.48,66156069,1011107904.00
2023/07/03,23.48,23.96,22.49,22.87,53851264,813764416.00
2023/07/04,22.36,23.30,22.21,23.05,47843797,720617280.00
2023/07/05,20.94,22.52,20.94,21.19,53572324,743682624.00
2023/07/06,20.50,22.06,20.19,21.87,45184084,628101312.00
2023/07/07,21.30,21.86,19.87,19.87,40378542,548038592.00
2023/07/10,19.35,19.84,19.10,19.41,27198976,341122368.00
2023/07/11,19.69,19.98,19.42,19.83,26174975,334476864.00
2023/07/12,19.70,21.44,19.34,20.96,48727635,659778240.00
2023/07/13,20.04,20.05,19.05,19.49,39011736,487327136.00
2023/07/14,19.20,20.73,18.93,20.26,38062689,494196704.00
2023/07/17,19.84,22.11,19.70,21.41,45843635,639214848.00
2023/07/18,21.05,21.30,19.90,20.88,34979338,473409952.00
2023/07/19,20.64,22.78,20.18,22.78,46810302,665631872.00
2023/07/20,23.41,24.88,23.27,24.88,41603891,672200000.00
2023/07/21,25.43,25.96,22.57,22.57,56540865,881987264.00
2023/07/24,20.50,21.43,20.50,20.50,41046190,551285312.00
2023/07/25,20.15,20.74,20.04,20.31,35628739,470492448.00
2023/07/26,19.76,19.97,19.09,19.14,29465920,369022528.00
2023/07/27,19.27,19.75,19.03,19.06,23822340,299261248.00
2023/07/28,18.64,19.31,18.00,18.70,26812028,320504896.00
2023/07/31,18.68,19.16,18.37,18.96,20702978,252268512.00
2023/08/01,18.93,18.96,18.46,18.53,17041140,204180784.00
2023/08/02,18.43,20.19,18.25,20.19,40305439,505027584.00
2023/08/03,19.75,20.21,19.51,19.90,34068569,438147232.00
2023/08/04,19.76,21.20,19.55,20.63,38935981,516032992.00
2023/08/07,20.49,20.74,19.91,20.18,24460795,322219264.00
2023/08/08,19.90,20.42,19.49,19.61,18430200,236476096.00
2023/08/09,19.69,19.79,19.12,19.70,17769300,224434592.00
2023/08/10,19.47,19.47,18.68,18.77,18647640,227516752.00
2023/08/11,19.07,19.72,18.78,19.26,24610395,307315808.00
2023/08/14,19.45,20.80,19.45,20.07,32671580,425824704.00
2023/08/15,20.04,20.05,18.95,19.49,24708860,309807200.00
2023/08/16,19.63,19.68,18.71,18.75,18208078,222640512.00
2023/08/17,18.71,20.45,18.43,20.45,33009780,425041792.00
2023/08/18,21.47,22.31,21.06,21.90,62524420,889319936.00
2023/08/21,21.23,22.13,20.75,21.27,36973276,515235456.00
2023/08/22,21.29,23.22,20.99,23.22,49120091,716109696.00
2023/08/23,22.69,25.36,22.04,23.37,58643914,906138560.00
2023/08/24,22.94,23.97,22.43,22.73,42928940,652260800.00
2023/08/25,22.21,22.42,21.22,21.48,31895393,452524192.00
2023/08/28,22.66,22.66,20.75,21.16,27690880,389800224.00
2023/08/29,21.15,23.09,20.96,23.09,22016540,327879744.00
2023/08/30,25.22,25.22,25.22,25.22,5108446,85311048.00
2023/08/31,26.21,27.56,25.58,27.56,32448732,578263424.00
2023/09/01,27.56,30.13,26.37,30.13,65175166,1229008128.00
2023/09/04,29.97,32.96,29.17,32.96,52237538,1113621376.00
2023/09/05,33.27,34.74,32.23,32.68,60159761,1359917056.00
2023/09/06,32.84,33.37,31.39,33.37,49313791,1079214720.00
2023/09/07,32.47,32.49,30.22,30.22,40181800,827651840.00
2023/09/08,30.26,31.06,29.85,29.94,36701606,749180160.00
2023/09/11,29.14,32.63,28.86,30.06,42767112,881426048.00
2023/09/12,29.50,30.89,28.30,29.01,37889026,749213888.00
2023/09/13,28.97,29.39,28.57,29.38,26608680,516035744.00
2023/09/14,29.18,29.67,27.99,28.65,21803846,416075808.00
2023/09/15,28.51,29.52,28.33,28.78,21184860,410472640.00
2023/09/18,28.86,30.33,28.73,29.32,29718140,584010048.00
2023/09/19,28.51,29.14,27.88,28.83,19688986,374336640.00
2023/09/20,28.87,30.79,28.55,29.21,33189280,660938624.00
2023/09/21,28.08,28.76,26.76,27.33,31637040,582391232.00
2023/09/22,27.22,27.73,26.98,27.68,18755246,343017152.00
2023/09/25,27.70,28.27,27.39,27.88,18023300,333964448.00
2023/09/26,27.39,30.12,26.79,28.44,37948040,727309376.00
2023/09/27,27.80,29.91,27.29,29.00,36887140,711909760.00
2023/09/28,28.44,30.79,27.85,29.83,41778920,824594560.00
2023/10/09,29.28,30.15,28.79,28.96,28068739,551674112.00
2023/10/10,28.44,28.50,26.24,26.24,31935053,571207616.00
2023/10/11,25.65,27.11,25.65,26.48,22262060,390097024.00
2023/10/12,26.16,26.28,25.47,25.84,18331580,314333184.00
2023/10/13,25.85,26.12,25.28,25.36,16448160,278811744.00
2023/10/16,25.57,25.63,25.09,25.29,11610000,195019264.00
2023/10/17,25.08,25.12,24.52,25.07,11263073,185009792.00
2023/10/18,24.83,24.83,24.06,24.07,14482780,232836864.00
2023/10/19,24.21,24.21,23.39,23.51,12170060,189900576.00
2023/10/20,23.44,23.93,23.23,23.30,8839226,136782768.00
2023/10/23,23.47,23.48,22.70,22.88,9146120,138775120.00
2023/10/24,22.80,23.60,22.80,23.36,10659000,163508256.00
2023/10/25,23.32,24.03,23.22,23.57,9954486,154824544.00
2023/10/26,23.51,24.49,23.11,23.89,19269520,302006816.00
2023/10/27,23.54,24.27,23.48,23.90,14936099,234879744.00
2023/10/30,23.79,24.16,23.44,24.02,11580990,182040608.00
2023/10/31,23.82,24.09,23.23,23.39,9860500,153146912.00
2023/11/01,23.51,23.60,23.08,23.12,8349520,127653512.00
2023/11/02,22.92,23.43,22.73,22.77,6617801,99974040.00
2023/11/03,23.79,24.87,23.79,24.87,15297520,248731360.00
2023/11/06,26.48,26.48,25.04,25.40,41153020,696390528.00
2023/11/07,25.40,25.40,24.70,25.07,25027533,413300672.00
2023/11/08,24.93,25.29,24.76,25.02,17893433,295872672.00
2023/11/09,24.94,27.10,24.32,26.62,41102399,705312000.00
2023/11/10,25.64,26.03,25.02,25.36,22982960,387531392.00
2023/11/13,25.39,25.92,24.87,25.58,15472893,260972336.00
2023/11/14,25.58,25.84,25.11,25.61,13948480,235385632.00
2023/11/15,25.82,25.82,25.16,25.51,14695860,248553536.00
2023/11/16,25.35,25.56,24.94,24.97,12256980,204104592.00
2023/11/17,24.81,25.99,24.80,25.64,18907480,318872672.00
2023/11/20,25.64,27.00,25.50,26.37,27711266,482053856.00
2023/11/21,26.09,26.26,25.42,25.58,18946786,324446592.00
2023/11/22,25.36,25.46,24.49,24.49,13217110,217206080.00
2023/11/23,24.38,24.94,24.35,24.70,9618500,157401488.00
2023/11/24,24.49,24.70,23.68,23.76,10916540,172568064.00
2023/11/27,24.04,24.23,23.54,23.99,6794780,106926024.00
2023/11/28,23.82,24.37,23.75,24.24,7037635,112166664.00
2023/11/29,24.34,24.94,24.21,24.38,11887355,193051232.00
2023/11/30,24.94,26.14,24.73,24.98,21687101,364252096.00
2023/12/01,24.24,24.31,23.40,23.96,17048550,266596256.00
2023/12/04,23.67,23.96,23.41,23.74,9087220,141862880.00
2023/12/05,23.53,24.00,22.99,23.40,10820260,166803072.00
2023/12/06,23.02,23.78,22.98,23.04,8143300,124105344.00
2023/12/07,23.05,23.09,22.14,22.27,9640980,141364080.00
2023/12/08,22.25,22.56,22.21,22.34,5759000,84581864.00
2023/12/11,22.38,22.94,22.24,22.92,8618900,128665624.00
2023/12/12,22.92,22.92,22.35,22.49,7536750,111398696.00
2023/12/13,22.35,23.82,22.17,23.25,19045220,289709152.00
2023/12/14,23.05,23.20,22.46,22.52,12116300,180829632.00
2023/12/15,22.60,22.60,21.78,21.86,9354920,134355968.00
2023/12/18,21.79,22.08,21.51,21.66,5061100,72023624.00
2023/12/19,21.72,21.89,21.30,21.89,5445960,77161936.00
2023/12/20,21.96,22.01,21.41,21.45,5457100,77495664.00
2023/12/21,21.29,21.66,21.03,21.61,6543780,91281088.00
2023/12/22,21.61,21.73,21.19,21.30,4825850,67677056.00
2023/12/25,21.19,21.54,21.02,21.50,4370680,60913716.00
2023/12/26,21.37,23.46,21.23,23.46,20769781,311597792.00
2023/12/27,23.46,24.03,22.56,22.91,25238720,383242656.00
2023/12/28,22.83,23.96,22.63,23.16,22961931,351362112.00
2023/12/29,23.01,23.55,22.88,23.39,17263761,264389360.00
2024/01/02,23.44,23.65,23.09,23.53,14476421,223046176.00
2024/01/03,23.57,23.57,22.59,23.08,12032700,181245184.00
2024/01/04,23.12,23.19,22.56,22.57,6865300,102540504.00
2024/01/05,22.56,22.88,21.86,21.93,7771560,113433336.00
2024/01/08,21.79,23.06,21.33,22.29,12444900,182670976.00
2024/01/09,22.03,23.55,22.01,22.59,12712200,190656576.00
2024/01/10,22.14,22.28,21.45,21.55,9114800,129638392.00
2024/01/11,21.17,21.86,21.17,21.79,6426360,90847336.00
2024/01/12,21.79,21.79,21.09,21.09,6889600,96036392.00
2024/01/15,20.96,21.06,20.60,20.73,4820400,65222460.00
2024/01/16,20.74,20.74,20.12,20.49,5641700,74583648.00
2024/01/17,20.45,20.49,19.97,19.97,4349500,56971768.00
2024/01/18,19.96,20.11,19.34,19.98,5659920,72017336.00
2024/01/19,20.00,20.14,19.69,19.69,3212500,41370184.00
2024/01/22,19.79,19.83,18.43,18.64,4530300,55759296.00
2024/01/23,18.54,18.77,18.32,18.70,4031840,48242408.00
2024/01/24,18.70,19.05,18.25,18.93,5152000,62232556.00
2024/01/25,18.93,19.48,18.71,19.45,6962700,86521744.00
2024/01/26,19.40,19.59,19.23,19.28,4780666,59974632.00
2024/01/29,19.30,19.44,18.65,18.78,3614266,44006560.00
2024/01/30,18.86,20.47,18.53,20.47,12313720,161970336.00
2024/01/31,19.96,22.34,19.70,22.34,33493501,463921472.00
2024/02/01,21.87,24.38,21.78,24.38,37315674,580541824.00
2024/02/02,26.48,26.63,22.46,26.63,55847046,906002624.00
2024/02/05,28.16,28.82,24.16,24.16,65332440,1178659840.00
2024/02/06,21.93,23.41,21.93,21.93,38422180,558460224.00
2024/02/07,21.09,21.59,19.93,19.93,35225686,471293248.00
2024/02/08,18.99,20.67,18.15,20.12,36872862,459439136.00
2024/02/19,19.94,20.92,19.56,20.73,22124608,294387136.00
数据来源:通达信
