603992 松霖科技 日线 后复权
      日期	    开盘	    最高	    最低	    收盘	    成交量	    成交额
2019/08/26,19.50,19.50,19.50,19.50,102040,1989780.00
2019/08/27,21.45,21.45,21.45,21.45,30398,652037.00
2019/08/28,23.60,23.60,23.60,23.60,80189,1892460.00
2019/08/29,25.96,25.96,25.96,25.96,122601,3182722.00
2019/08/30,28.56,28.56,28.56,28.56,1109089,31675582.00
2019/09/02,26.49,28.49,26.12,26.80,23141603,619388480.00
2019/09/03,25.90,27.16,25.60,26.94,16675047,438949760.00
2019/09/04,26.45,27.97,26.21,27.49,18932168,511414880.00
2019/09/05,27.30,27.43,26.38,26.52,16615095,446713472.00
2019/09/06,26.07,26.20,25.20,25.31,12988168,333369440.00
2019/09/09,25.39,26.15,25.08,26.14,10047869,258865696.00
2019/09/10,26.00,27.38,25.89,26.65,12397540,331089312.00
2019/09/11,26.60,26.80,25.70,25.84,9112374,237252880.00
2019/09/12,25.91,26.46,25.81,26.00,7036508,184121216.00
2019/09/16,26.30,27.19,26.10,27.02,12025750,321841216.00
2019/09/17,26.81,28.88,26.63,27.79,19275267,537006336.00
2019/09/18,27.44,28.69,26.88,27.98,16534179,460424096.00
2019/09/19,27.45,28.08,27.00,27.86,11426238,314438144.00
2019/09/20,27.50,28.92,27.42,28.01,13752779,389400192.00
2019/09/23,27.63,27.70,25.26,25.73,13613723,354657504.00
2019/09/24,25.44,25.97,25.28,25.83,7280590,186314656.00
2019/09/25,25.68,25.68,24.04,24.27,7613031,189938256.00
2019/09/26,24.35,24.72,23.28,23.59,6283443,150634832.00
2019/09/27,23.50,23.80,23.40,23.65,3539857,83607888.00
2019/09/30,23.63,24.24,23.48,23.74,3744721,89635352.00
2019/10/08,23.83,24.19,22.90,22.99,4134227,96882152.00
2019/10/09,22.50,23.80,22.30,23.64,4115430,94445232.00
2019/10/10,23.32,23.80,23.19,23.43,3404928,79948488.00
2019/10/11,23.35,23.65,23.30,23.43,2574905,60376376.00
2019/10/14,23.61,24.04,23.48,23.81,3953876,93872832.00
2019/10/15,23.67,23.69,22.81,22.83,3900583,90176560.00
2019/10/16,22.85,23.07,22.60,22.70,2314852,52868908.00
2019/10/17,22.62,23.10,22.62,22.72,2586117,59078372.00
2019/10/18,22.60,23.04,22.60,22.84,2762814,63095320.00
2019/10/21,22.66,22.92,21.00,21.28,4553836,97763584.00
2019/10/22,21.17,21.40,20.88,21.28,3018238,63823088.00
2019/10/23,21.24,21.43,21.10,21.36,2338951,49788872.00
2019/10/24,21.22,21.33,20.80,20.94,2417719,50895680.00
2019/10/25,20.93,21.13,20.62,21.04,2153247,45076680.00
2019/10/28,20.90,21.20,20.82,21.19,2522289,53091568.00
2019/10/29,21.18,21.26,20.24,20.27,3866500,79962448.00
2019/10/30,20.33,20.45,19.66,19.94,3068517,61199336.00
2019/10/31,19.91,19.94,19.40,19.40,2713692,53309816.00
2019/11/01,19.39,19.86,19.36,19.80,2682461,53003964.00
2019/11/04,19.73,20.60,19.63,20.22,3552220,71187080.00
2019/11/05,20.16,20.27,19.95,20.06,2382809,47885192.00
2019/11/06,20.02,20.09,19.68,20.09,2242470,44547208.00
2019/11/07,20.08,20.74,20.00,20.25,3048663,62105824.00
2019/11/08,20.26,20.52,20.03,20.34,3010375,61098416.00
2019/11/11,20.13,20.13,19.32,19.46,2304538,45394372.00
2019/11/12,20.00,21.41,19.50,21.41,7782123,164410048.00
2019/11/13,21.73,22.49,21.45,21.87,13000839,285575040.00
2019/11/14,21.31,22.38,21.02,22.06,8378642,179646416.00
2019/11/15,21.51,21.75,20.72,20.80,5627301,119992496.00
2019/11/18,20.68,22.88,20.66,21.99,8241002,181572400.00
2019/11/19,21.81,22.44,21.53,21.99,6858496,150447632.00
2019/11/20,21.61,21.75,21.26,21.57,5449007,117194392.00
2019/11/21,21.69,21.69,21.03,21.41,3813339,81190032.00
2019/11/22,21.33,21.58,20.30,20.52,4224014,88400456.00
2019/11/25,20.62,20.74,19.60,19.90,3150283,62662652.00
2019/11/26,19.90,20.19,19.85,19.93,2059852,41155816.00
2019/11/27,19.67,19.92,19.54,19.88,1841435,36367868.00
2019/11/28,19.88,20.09,19.60,19.62,2081705,41251176.00
2019/11/29,19.62,20.24,19.41,20.03,3444838,68610216.00
2019/12/02,20.03,20.15,19.80,20.04,2348470,46955240.00
2019/12/03,19.81,20.15,19.70,20.15,2009254,40278432.00
2019/12/04,19.91,20.20,19.88,19.94,1858270,37142680.00
2019/12/05,19.92,20.47,19.92,20.29,3259792,65792444.00
2019/12/06,20.20,20.36,20.01,20.20,2272112,45806544.00
2019/12/09,20.29,20.29,19.85,19.90,2976502,59532572.00
2019/12/10,19.88,20.02,19.72,19.98,2429991,48299200.00
2019/12/11,19.95,19.95,19.74,19.75,2155500,42688780.00
2019/12/12,19.75,19.86,19.37,19.42,2726776,53295456.00
2019/12/13,19.49,19.77,19.46,19.68,2063981,40495432.00
2019/12/16,19.69,19.93,19.62,19.93,2452730,48631208.00
2019/12/17,19.95,20.49,19.90,20.32,4422350,89340368.00
2019/12/18,20.42,20.42,20.23,20.27,3715109,75495184.00
2019/12/19,20.38,20.40,20.08,20.28,2656605,53649268.00
2019/12/20,20.27,20.46,20.16,20.16,2565868,52077156.00
2019/12/23,20.10,20.10,19.52,19.63,2479801,48992348.00
2019/12/24,19.65,19.85,19.65,19.75,1331087,26299420.00
2019/12/25,19.77,19.83,19.60,19.82,1601510,31608816.00
2019/12/26,19.84,20.35,19.73,20.19,3115651,62619732.00
2019/12/27,20.18,20.38,19.99,20.17,3144649,63306712.00
2019/12/30,20.01,20.46,19.61,20.24,3498174,70587568.00
2019/12/31,20.24,20.49,20.04,20.12,2387779,48269176.00
2020/01/02,20.17,20.45,20.08,20.27,3044987,61763748.00
2020/01/03,20.29,20.67,20.01,20.56,4116026,83808624.00
2020/01/06,20.33,20.59,20.22,20.30,3068133,62497320.00
2020/01/07,20.33,20.49,20.22,20.41,2678710,54525960.00
2020/01/08,20.35,20.48,20.03,20.05,3097640,62739312.00
2020/01/09,20.12,20.30,20.06,20.19,1923788,38812892.00
2020/01/10,20.26,20.58,20.18,20.49,4027610,82407944.00
2020/01/13,20.58,20.59,20.35,20.52,2672772,54765604.00
2020/01/14,20.54,20.66,20.39,20.49,2355920,48273356.00
2020/01/15,20.55,21.05,20.46,20.67,4138335,85881152.00
2020/01/16,20.67,20.75,20.23,20.30,2776823,56809144.00
2020/01/17,20.35,20.40,19.96,20.00,2364262,47706832.00
2020/01/20,20.00,20.06,19.77,20.06,1484670,29593628.00
2020/01/21,20.00,20.09,19.59,19.63,2023511,39976332.00
2020/01/22,19.53,19.58,19.31,19.49,1821881,35422376.00
2020/01/23,19.40,19.42,18.00,18.29,3020601,56852996.00
2020/02/03,16.46,16.46,16.46,16.46,286500,4715790.00
2020/02/04,14.81,15.87,14.81,15.30,4017912,61230956.00
2020/02/05,15.14,15.79,15.14,15.43,2566482,39874232.00
2020/02/06,15.45,15.67,15.30,15.67,2719470,42244920.00
2020/02/07,15.60,15.95,15.46,15.69,2534370,39734552.00
2020/02/10,15.62,16.32,15.48,16.23,3366961,53692532.00
2020/02/11,16.20,17.70,16.03,16.95,3997120,66424520.00
2020/02/12,16.70,17.28,16.57,16.92,3089176,52347756.00
2020/02/13,16.92,17.15,16.38,16.55,2160828,36083312.00
2020/02/14,16.48,17.41,16.35,16.79,2630210,44125160.00
2020/02/17,16.88,17.24,16.69,17.08,2624624,44647724.00
2020/02/18,17.29,17.30,16.98,17.22,2252500,38682720.00
2020/02/19,17.30,17.45,17.10,17.10,2495027,43132452.00
2020/02/20,17.00,17.35,17.00,17.32,2255002,38870948.00
2020/02/21,17.35,17.43,17.25,17.33,2115339,36672364.00
2020/02/24,17.11,17.69,16.90,17.46,3517644,60643472.00
2020/02/25,16.98,17.26,16.62,17.01,2867200,48625872.00
2020/02/26,16.69,17.19,16.66,16.77,2580060,43752876.00
2020/02/27,16.98,17.10,16.66,16.82,1671808,28196772.00
2020/02/28,16.47,16.50,15.51,15.54,2731868,43753072.00
2020/03/02,15.60,16.45,15.60,16.40,1906631,30753548.00
2020/03/03,16.55,16.80,16.30,16.42,1935147,32020880.00
2020/03/04,16.40,16.78,16.16,16.75,2033860,33675752.00
2020/03/05,16.80,18.43,16.80,18.43,8147680,144165712.00
2020/03/06,17.99,19.57,17.70,18.47,10578048,196602528.00
2020/03/09,17.80,19.95,17.71,19.65,11117199,209653264.00
2020/03/10,19.18,20.23,18.65,19.95,13875642,273565696.00
2020/03/11,19.60,19.80,18.72,18.92,7591207,147264384.00
2020/03/12,18.39,18.46,17.91,18.13,4633982,84233488.00
2020/03/13,17.00,18.97,16.58,18.68,5756516,103379312.00
2020/03/16,18.51,19.15,18.08,18.25,4537678,84628712.00
2020/03/17,18.15,18.75,17.15,17.72,3305845,59044364.00
2020/03/18,17.85,18.19,17.05,17.07,2843607,50450036.00
2020/03/19,17.00,17.78,16.90,17.39,2347611,40760528.00
2020/03/20,17.49,18.38,17.40,18.24,4140600,74688784.00
2020/03/23,18.05,18.70,17.72,18.00,4482665,81887584.00
2020/03/24,18.35,18.58,17.77,18.26,4227270,76842536.00
2020/03/25,18.48,20.09,18.07,20.09,8652439,164465888.00
2020/03/26,20.00,22.10,19.50,21.45,16765686,350456800.00
2020/03/27,20.83,21.10,19.85,19.98,9858838,202088576.00
2020/03/30,19.21,19.55,18.51,18.77,6202108,117241120.00
2020/03/31,18.80,19.28,17.56,17.75,6348467,116614592.00
2020/04/01,17.69,18.11,17.18,18.11,3729537,66414116.00
2020/04/02,18.03,18.55,17.60,18.54,3526399,64249736.00
2020/04/03,18.60,19.18,18.27,18.62,3477433,65131960.00
2020/04/07,18.70,19.02,18.49,18.80,4588990,85905832.00
2020/04/08,18.62,18.73,18.20,18.32,3018935,55748068.00
2020/04/09,18.30,18.45,17.88,17.91,3376893,60804940.00
2020/04/10,17.99,18.07,17.03,17.26,3253694,56729384.00
2020/04/13,17.18,17.42,16.68,16.73,2543181,43031156.00
2020/04/14,16.78,17.04,16.70,16.92,1977500,33410280.00
2020/04/15,16.88,17.08,16.70,16.74,2329862,39268900.00
2020/04/16,16.75,16.75,16.19,16.28,2536270,41507032.00
2020/04/17,16.33,16.44,16.07,16.13,2437770,39562132.00
2020/04/20,16.18,16.37,16.13,16.33,1754580,28552316.00
2020/04/21,16.33,16.89,16.02,16.78,3174320,52030004.00
2020/04/22,16.40,16.85,16.40,16.68,1928300,32038202.00
2020/04/23,16.65,16.65,16.12,16.17,1676360,27539496.00
2020/04/24,16.30,16.36,15.63,15.90,1870300,29810652.00
2020/04/27,16.00,16.00,15.52,15.52,1404925,22058764.00
2020/04/28,15.54,15.77,14.01,14.88,1995378,29566244.00
2020/04/29,14.88,14.97,14.70,14.80,1527551,22615996.00
2020/04/30,14.60,15.05,14.53,14.95,1944461,29001716.00
2020/05/06,14.80,16.11,14.71,15.76,3226836,50073536.00
2020/05/07,15.76,15.86,15.28,15.46,2287236,35503424.00
2020/05/08,15.53,16.13,15.53,15.84,3089258,49179640.00
2020/05/11,15.84,16.09,15.76,15.85,1850558,29415468.00
2020/05/12,15.85,16.33,15.77,16.20,3342258,53867032.00
2020/05/13,16.10,16.12,15.81,15.94,2077258,33063782.00
2020/05/14,15.89,15.89,15.63,15.67,1655593,26061368.00
2020/05/15,15.75,16.37,15.75,16.32,3950258,64054236.00
2020/05/18,16.25,16.25,15.63,15.66,2809058,44636748.00
2020/05/19,15.73,16.04,15.60,15.94,1846200,29255526.00
2020/05/20,15.93,16.97,15.60,16.66,5738259,93913832.00
2020/05/21,16.59,17.29,16.40,16.63,5223772,87574704.00
2020/05/22,16.84,17.28,16.40,16.89,5242920,88330856.00
2020/05/25,16.75,16.80,16.00,16.29,3252198,53194132.00
2020/05/26,16.21,17.25,16.20,17.07,5319768,89470424.00
2020/05/27,17.00,18.00,16.88,17.61,7845166,137059184.00
2020/05/28,17.51,17.57,16.60,17.14,5573679,95096048.00
2020/05/29,16.98,17.06,16.64,16.68,3065800,50907240.00
2020/06/01,16.79,17.24,16.58,17.10,3104869,52122928.00
2020/06/02,17.06,17.23,16.72,16.80,3304146,55145816.00
2020/06/03,16.68,16.91,16.59,16.66,2338100,38630944.00
2020/06/04,16.75,16.75,16.38,16.43,2041746,33299108.00
2020/06/05,16.45,16.52,16.21,16.47,1680407,27151686.00
2020/06/08,16.52,17.13,16.52,17.04,4483507,74852192.00
2020/06/09,16.98,17.08,16.74,17.02,2669987,44666672.00
2020/06/10,16.90,17.52,16.84,17.50,4630218,78907176.00
2020/06/11,17.53,17.78,17.18,17.24,4327870,74583352.00
2020/06/12,16.68,17.05,16.68,16.89,1889900,31585832.00
2020/06/15,16.86,16.86,16.49,16.56,1803400,29746252.00
2020/06/16,16.68,16.92,16.64,16.81,1228170,20394030.00
2020/06/17,16.88,16.96,16.72,16.77,1228724,20446396.00
2020/06/18,16.73,16.73,16.42,16.58,1714800,28040344.00
2020/06/19,16.49,16.64,16.41,16.55,941000,15431519.00
2020/06/22,16.48,16.86,16.48,16.75,1401400,23212162.00
2020/06/23,16.64,17.07,16.62,16.96,2008800,33705308.00
2020/06/24,16.98,16.98,16.66,16.66,1569249,26027156.00
2020/06/29,16.51,16.58,16.03,16.04,1786200,28626594.00
2020/06/30,16.04,16.27,16.04,16.14,836799,13384858.00
2020/07/01,16.09,16.30,15.78,15.88,2143600,33842596.00
2020/07/02,15.87,16.08,15.73,16.06,1524803,24002380.00
2020/07/03,16.12,16.32,16.10,16.21,1843400,29557430.00
2020/07/06,16.40,16.93,16.34,16.90,3840542,63560360.00
2020/07/07,17.00,17.46,16.63,17.04,5019252,84784440.00
2020/07/08,17.00,17.37,16.94,17.31,3361053,57237740.00
2020/07/09,17.41,17.67,17.20,17.55,4379731,75667416.00
2020/07/10,17.55,17.77,17.20,17.29,3565100,61529472.00
2020/07/13,17.36,17.73,17.20,17.61,3719172,64456120.00
2020/07/14,17.69,17.94,17.09,17.60,3913718,68012096.00
2020/07/15,17.75,17.88,17.11,17.49,3690067,64041052.00
2020/07/16,17.49,17.56,16.66,16.67,2843700,48186256.00
2020/07/17,16.68,16.87,16.53,16.75,1580126,26132596.00
2020/07/20,16.84,17.56,16.80,17.45,3100570,53034668.00
2020/07/21,17.62,18.54,17.51,18.25,7424595,133356272.00
2020/07/22,18.16,19.45,17.93,19.03,8849133,164628688.00
2020/07/23,18.70,18.97,18.03,18.50,5832430,106733728.00
2020/07/24,18.67,19.02,17.72,18.26,4940640,90460784.00
2020/07/27,18.51,18.63,17.69,18.28,4467142,80659504.00
2020/07/28,18.48,18.48,17.55,17.70,4091369,72650848.00
2020/07/29,17.70,18.12,17.53,18.06,2784837,49277300.00
2020/07/30,17.99,18.26,17.75,17.84,2840300,50483628.00
2020/07/31,18.00,18.68,17.95,18.44,4304468,78422856.00
2020/08/03,18.58,18.83,18.28,18.70,4459392,81993304.00
2020/08/04,18.75,18.95,18.40,18.61,3534848,65316504.00
2020/08/05,18.38,18.76,18.38,18.57,2457000,45192176.00
2020/08/06,18.57,18.74,18.17,18.51,2082000,38002392.00
2020/08/07,18.53,19.19,18.39,18.81,3674479,68467528.00
2020/08/10,18.80,19.28,18.36,19.28,4638423,87086816.00
2020/08/11,19.19,19.87,18.39,18.47,6630408,125170264.00
2020/08/12,18.21,19.34,18.21,18.98,6162044,114354496.00
2020/08/13,18.68,20.27,18.68,19.98,9160896,177689200.00
2020/08/14,19.98,21.16,19.77,20.88,7838630,159479088.00
2020/08/17,20.79,21.08,20.48,20.76,5714831,117442544.00
2020/08/18,20.75,22.40,20.74,22.30,7376337,160710112.00
2020/08/19,22.06,23.34,22.06,23.21,8847351,199755840.00
2020/08/20,22.79,23.88,22.21,23.88,11744181,270263776.00
2020/08/21,25.18,26.25,21.51,21.89,27643375,665870720.00
2020/08/24,19.72,19.72,19.72,19.72,982400,19196096.00
2020/08/25,17.77,17.77,17.77,17.77,2090000,36763100.00
2020/08/26,16.74,17.77,16.74,17.04,10707944,181368720.00
2020/08/27,16.47,16.84,16.33,16.72,7095475,116121016.00
2020/08/28,16.62,16.66,16.28,16.53,4991255,81206336.00
2020/08/31,16.57,17.28,16.53,17.16,6048182,101136392.00
2020/09/01,16.99,17.08,16.67,16.85,3604078,59991884.00
2020/09/02,16.85,16.86,16.55,16.68,3214437,52927592.00
2020/09/03,16.67,16.67,16.37,16.40,3258340,53137868.00
2020/09/04,16.35,16.55,16.10,16.51,2371691,38404968.00
2020/09/07,16.48,16.62,16.30,16.33,2384680,38806856.00
2020/09/08,16.33,16.48,16.18,16.39,2005793,32320232.00
2020/09/09,16.26,16.33,15.97,15.99,2745510,43893484.00
2020/09/10,16.08,16.20,15.32,15.40,2420470,37592368.00
2020/09/11,15.21,15.82,15.19,15.79,1500740,23157680.00
2020/09/14,15.84,16.06,15.63,15.81,1304370,20411148.00
2020/09/15,15.78,16.00,15.65,16.00,1497700,23409160.00
2020/09/16,16.06,16.07,15.81,15.89,1216270,19128272.00
2020/09/17,15.89,15.98,15.73,15.82,1211700,18977492.00
2020/09/18,15.88,16.33,15.76,16.21,2035200,32332368.00
2020/09/21,16.22,16.73,15.99,16.58,2837300,46105988.00
2020/09/22,16.40,16.56,16.16,16.24,1722170,27843144.00
2020/09/23,16.24,16.70,16.14,16.49,1767270,28726462.00
2020/09/24,16.36,16.53,16.09,16.22,1821200,29321066.00
2020/09/25,16.30,16.30,15.69,15.82,1234710,19478944.00
2020/09/28,15.77,15.79,15.40,15.48,1028150,15837318.00
2020/09/29,15.49,15.68,15.38,15.50,687600,10563528.00
2020/09/30,15.54,15.66,15.40,15.48,646000,9893511.00
2020/10/09,15.67,15.91,15.60,15.81,1119335,17467030.00
2020/10/12,15.87,16.38,15.87,16.38,1825729,29281708.00
2020/10/13,16.46,16.47,16.16,16.22,1234700,19818840.00
2020/10/14,16.35,16.35,16.09,16.15,905800,14502761.00
2020/10/15,16.15,16.26,15.99,16.01,708903,11260188.00
2020/10/16,16.08,16.12,15.88,16.00,645770,10197881.00
2020/10/19,16.12,16.23,15.99,16.11,884470,14086969.00
2020/10/20,16.26,17.03,16.24,16.93,4637644,76543480.00
2020/10/21,16.95,17.17,16.73,17.04,3682080,61904904.00
2020/10/22,16.95,16.98,16.61,16.63,2505234,41566312.00
2020/10/23,16.59,17.54,16.53,17.34,5024635,85502376.00
2020/10/26,17.55,18.76,17.23,18.58,7553436,135271232.00
2020/10/27,18.53,18.53,17.69,18.14,4915097,87866344.00
2020/10/28,17.99,18.45,17.80,18.15,3808519,68550896.00
2020/10/29,17.84,18.68,17.71,18.48,3915010,71383152.00
2020/10/30,18.56,19.10,17.86,18.06,4458928,82082304.00
2020/11/02,17.98,18.52,17.53,17.68,3493134,61772288.00
2020/11/03,18.00,18.46,17.76,18.20,2948625,53045428.00
2020/11/04,18.19,18.43,17.94,18.02,2071796,37158200.00
2020/11/05,18.07,18.32,17.95,18.03,1907770,34163432.00
2020/11/06,18.13,18.15,17.70,17.81,1667600,29507908.00
2020/11/09,17.89,18.33,17.78,18.00,2699643,48225632.00
2020/11/10,17.99,18.00,17.51,17.61,1716129,30064062.00
2020/11/11,17.62,17.62,17.20,17.21,1675310,28808616.00
2020/11/12,17.22,17.46,17.18,17.30,931740,15973439.00
2020/11/13,17.35,17.36,16.85,17.04,1386140,23367352.00
2020/11/16,17.15,17.26,17.00,17.11,998834,16914114.00
2020/11/17,17.11,17.12,16.72,16.84,995900,16547166.00
2020/11/18,16.83,17.02,16.81,16.98,764800,12806393.00
2020/11/19,17.04,17.27,16.79,17.21,1137100,19209088.00
2020/11/20,17.21,17.63,17.09,17.54,1320600,22762032.00
2020/11/23,17.52,17.56,17.04,17.38,1697600,28996424.00
2020/11/24,17.38,17.38,16.98,17.02,1239229,20939804.00
2020/11/25,17.03,17.12,16.85,16.88,738100,12370473.00
2020/11/26,16.69,16.88,16.50,16.60,1308600,21531756.00
2020/11/27,16.59,16.74,16.47,16.73,747600,12284802.00
2020/11/30,16.87,17.00,16.73,16.83,790635,13196465.00
2020/12/01,16.74,16.97,16.74,16.90,517500,8637406.00
2020/12/02,16.93,17.06,16.87,17.00,674405,11316560.00
2020/12/03,17.02,17.11,16.96,17.04,621408,10469791.00
2020/12/04,17.04,17.12,16.94,17.08,566808,9562077.00
2020/12/07,17.31,17.31,16.98,17.07,609200,10302733.00
2020/12/08,17.14,17.16,16.94,17.10,702500,11858461.00
2020/12/09,17.10,17.14,16.54,16.57,1397400,23182796.00
2020/12/10,16.58,16.67,16.33,16.53,706900,11559181.00
2020/12/11,16.48,16.70,16.24,16.58,734000,11919558.00
2020/12/14,16.58,16.75,16.36,16.50,492800,8033236.00
2020/12/15,16.62,16.62,16.33,16.35,453700,7356398.00
2020/12/16,16.36,16.45,16.17,16.17,633008,10199659.00
2020/12/17,16.40,16.40,15.96,16.20,538100,8588948.00
2020/12/18,16.20,16.30,16.07,16.08,510935,8177947.00
2020/12/21,16.07,16.10,15.78,15.83,1110800,17427848.00
2020/12/22,15.90,17.17,15.78,16.98,3550293,58589908.00
2020/12/23,16.97,17.94,16.36,17.73,4887318,83118816.00
2020/12/24,17.73,18.32,17.54,17.84,4453070,79368344.00
2020/12/25,17.56,19.58,17.56,18.80,6019283,111918688.00
2020/12/28,18.69,19.10,18.48,19.05,2402616,44830816.00
2020/12/29,18.98,19.37,18.69,18.83,2681732,50438224.00
2020/12/30,18.83,18.97,18.08,18.47,2590059,47241916.00
2020/12/31,18.58,18.65,18.18,18.52,1753400,31878320.00
2021/01/04,18.52,18.57,17.99,18.05,1720900,31002672.00
2021/01/05,18.05,18.23,17.64,17.94,1615200,28580410.00
2021/01/06,17.93,18.04,17.36,17.56,1424600,24806428.00
2021/01/07,17.43,17.72,17.23,17.28,1306600,22574704.00
2021/01/08,17.14,17.22,16.49,16.78,1452528,24181188.00
2021/01/11,16.78,16.97,16.19,16.23,1121603,18203098.00
2021/01/12,16.40,16.62,16.19,16.43,884600,14413206.00
2021/01/13,16.43,16.58,15.88,15.91,1259620,20066874.00
2021/01/14,15.94,17.17,15.93,16.70,1597700,26263240.00
2021/01/15,16.68,17.04,16.55,16.68,1018220,16882010.00
2021/01/18,16.59,16.89,16.46,16.83,815200,13439165.00
2021/01/19,16.78,16.84,16.33,16.36,752001,12313082.00
2021/01/20,16.36,16.53,16.14,16.39,625201,10119494.00
2021/01/21,16.39,16.52,16.19,16.36,597755,9663673.00
2021/01/22,16.38,16.72,16.20,16.72,960932,15660441.00
2021/01/25,16.72,16.75,16.29,16.45,764300,12456553.00
2021/01/26,16.33,16.38,15.99,16.10,774400,12349212.00
2021/01/27,16.10,16.58,16.04,16.45,621155,10054927.00
2021/01/28,16.38,16.38,16.07,16.11,510100,8158660.00
2021/01/29,16.08,16.36,16.08,16.19,413700,6630557.00
2021/02/01,16.10,16.81,16.04,16.60,629700,10279712.00
2021/02/02,16.61,17.04,16.55,17.03,1475900,24667128.00
2021/02/03,17.03,17.18,16.60,17.09,1028100,17213440.00
2021/02/04,16.90,17.07,16.19,16.33,785000,12866402.00
2021/02/05,16.32,17.02,16.28,16.70,992200,16340964.00
2021/02/08,16.44,16.63,16.10,16.34,689400,11141834.00
2021/02/09,16.34,16.64,16.18,16.35,536800,8668614.00
2021/02/10,16.18,16.50,16.08,16.14,857210,13766444.00
2021/02/18,16.68,16.68,16.18,16.43,690600,11214970.00
2021/02/19,16.40,16.85,16.39,16.82,955010,15695877.00
2021/02/22,16.77,17.67,16.69,17.13,1831300,31326412.00
2021/02/23,17.14,18.12,16.98,18.12,2331242,40809484.00
2021/02/24,17.98,18.35,17.34,17.56,1809124,31922916.00
2021/02/25,17.62,17.80,17.16,17.60,1126447,19367576.00
2021/02/26,17.36,17.72,17.27,17.45,713000,12306322.00
2021/03/01,17.33,17.79,17.28,17.64,829370,14432098.00
2021/03/02,17.68,17.69,17.24,17.29,782600,13488816.00
2021/03/03,17.29,17.50,17.24,17.35,552200,9480507.00
2021/03/04,17.36,17.68,17.21,17.45,858600,14844739.00
2021/03/05,17.46,18.05,17.46,17.83,1251247,22083918.00
2021/03/08,17.98,18.07,17.24,17.44,1056900,18455242.00
2021/03/09,17.44,17.81,16.79,17.29,1033680,17697108.00
2021/03/10,17.27,17.43,17.00,17.00,559500,9530770.00
2021/03/11,17.03,17.74,16.90,17.69,1508932,26162276.00
2021/03/12,17.53,17.87,17.53,17.60,569300,9944379.00
2021/03/15,17.38,17.67,17.24,17.32,497100,8547928.00
2021/03/16,17.19,17.53,17.10,17.53,608100,10423021.00
2021/03/17,17.53,17.53,17.10,17.15,1057100,18014724.00
2021/03/18,17.17,17.22,16.46,16.56,1358700,22470884.00
2021/03/19,16.48,17.13,16.31,16.78,831300,13805831.00
2021/03/22,16.83,17.16,16.72,17.08,621400,10476100.00
2021/03/23,17.10,17.28,16.80,16.82,467200,7855162.00
2021/03/24,16.79,17.03,16.69,16.82,369270,6151576.00
2021/03/25,17.08,17.08,16.55,16.58,455100,7528296.00
2021/03/26,16.70,16.75,16.51,16.70,267700,4411045.00
2021/03/29,16.78,16.79,16.63,16.67,283800,4686437.00
2021/03/30,16.68,16.83,16.38,16.70,483703,7929825.00
2021/03/31,16.70,17.01,16.62,16.96,587570,9805598.00
2021/04/01,17.16,17.17,16.80,16.87,287013,4798664.00
2021/04/02,16.86,16.88,16.62,16.81,411670,6810707.00
2021/04/06,16.84,17.43,16.75,17.38,1023200,17379554.00
2021/04/07,17.38,17.57,17.28,17.35,598100,10305006.00
2021/04/08,17.29,17.48,17.18,17.28,550100,9408369.00
2021/04/09,17.29,17.53,17.18,17.51,608100,10452962.00
2021/04/12,17.53,17.85,17.39,17.48,937800,16316930.00
2021/04/13,17.48,18.84,17.07,17.44,2401675,42354656.00
2021/04/14,17.53,18.05,17.19,17.96,1800500,31812280.00
2021/04/15,17.93,18.22,17.79,18.10,1257100,22424102.00
2021/04/16,17.92,18.17,17.92,18.09,799400,14303589.00
2021/04/19,18.08,18.33,17.96,18.02,1149900,20664132.00
2021/04/20,18.17,18.62,18.03,18.40,1687240,30683478.00
2021/04/21,18.18,18.61,17.75,17.91,1105528,19847510.00
2021/04/22,18.05,18.47,17.95,18.27,1260961,22768402.00
2021/04/23,18.28,18.56,17.87,17.87,674110,12069375.00
2021/04/26,17.89,18.88,17.50,18.87,2239522,41036816.00
2021/04/27,18.86,18.86,18.39,18.49,1219761,22475428.00
2021/04/28,18.29,19.39,18.23,19.26,2273161,43166648.00
2021/04/29,19.26,19.37,18.88,19.00,1242710,23440400.00
2021/04/30,18.88,19.48,18.88,18.99,874000,16592887.00
2021/05/06,19.09,19.55,18.93,19.25,1341800,25555524.00
2021/05/07,19.38,19.47,18.51,18.76,1801362,33827052.00
2021/05/10,18.74,18.74,18.30,18.40,1098900,20069256.00
2021/05/11,18.35,18.36,17.65,17.84,1041214,18424384.00
2021/05/12,17.79,17.84,17.51,17.68,652828,11390259.00
2021/05/13,17.62,17.95,17.54,17.82,650200,11447259.00
2021/05/14,17.79,18.32,17.69,17.96,682100,12170721.00
2021/05/17,17.98,18.08,17.23,17.51,1439200,24934548.00
2021/05/18,17.50,17.73,17.28,17.41,644246,11145719.00
2021/05/19,17.42,17.86,17.24,17.80,899963,15689195.00
2021/05/20,17.73,17.92,17.47,17.51,561800,9783496.00
2021/05/21,17.35,17.81,17.35,17.64,699300,12148329.00
2021/05/24,17.64,17.81,17.36,17.46,629172,10895565.00
2021/05/25,17.58,17.66,17.40,17.64,457146,7846677.00
2021/05/26,17.65,17.92,17.50,17.80,546906,9467950.00
2021/05/27,17.84,18.04,17.70,17.94,765128,13388220.00
2021/05/28,17.93,17.95,17.58,17.66,520500,9014723.00
2021/05/31,17.61,17.71,17.44,17.52,662300,11360133.00
2021/06/01,17.68,17.73,17.49,17.66,452700,7804456.00
2021/06/02,17.67,17.69,17.40,17.42,976503,16711883.00
2021/06/03,17.43,17.68,17.43,17.44,1066300,18329232.00
2021/06/04,17.39,19.15,17.31,19.15,3277314,60170328.00
2021/06/07,19.37,20.34,18.77,18.88,4265689,80828920.00
2021/06/08,19.16,19.16,18.63,18.96,2281814,42154488.00
2021/06/09,18.84,19.18,18.64,18.91,1724966,32005752.00
2021/06/10,18.91,19.08,18.46,18.57,1688177,30899524.00
2021/06/11,18.57,18.75,18.08,18.16,1432500,25775112.00
2021/06/15,18.18,18.61,18.00,18.48,1282400,23056180.00
2021/06/16,18.26,18.53,17.70,18.03,1205162,21334766.00
2021/06/17,18.08,18.14,17.62,17.72,974100,16989666.00
2021/06/18,17.69,17.96,17.55,17.81,856300,14891895.00
2021/06/21,17.67,18.35,17.64,18.23,1139800,20256856.00
2021/06/22,18.53,18.53,18.04,18.21,911000,16233444.00
2021/06/23,18.33,18.43,18.11,18.34,758870,13569967.00
2021/06/24,18.28,18.47,18.13,18.32,1109900,19900152.00
2021/06/25,18.32,18.66,17.73,17.93,1984600,35438224.00
2021/06/28,17.73,18.91,17.73,18.89,2583900,47090100.00
2021/06/29,18.80,18.88,18.47,18.57,1200116,21836840.00
2021/06/30,18.58,18.88,18.40,18.74,1396437,25537784.00
2021/07/01,18.67,19.32,18.67,18.78,1942101,36153424.00
2021/07/02,18.78,19.67,18.78,19.35,3125276,59309840.00
2021/07/05,19.35,19.40,18.88,19.12,1906800,35575168.00
2021/07/06,19.01,19.57,19.01,19.57,2030711,38479532.00
2021/07/07,19.58,19.81,19.06,19.08,1786000,33864044.00
2021/07/08,19.15,19.26,18.60,18.74,1619700,29800888.00
2021/07/09,18.66,20.36,18.66,20.28,3761033,73328248.00
2021/07/12,20.13,20.21,19.73,19.94,2187170,42752128.00
2021/07/13,19.85,21.90,19.78,21.90,3597290,75073416.00
2021/07/14,21.90,22.85,21.26,21.34,4680200,100417520.00
2021/07/15,21.38,21.61,20.93,21.08,1754805,36428144.00
2021/07/16,21.30,21.30,20.38,20.53,2213595,44986068.00
2021/07/19,20.45,20.54,19.98,20.15,1765070,34984892.00
2021/07/20,20.06,20.55,19.91,20.21,1307070,25908002.00
2021/07/21,19.87,20.48,19.87,20.22,1410056,28020056.00
2021/07/22,20.10,21.20,20.10,20.91,2241200,45792056.00
2021/07/23,20.80,22.16,20.36,21.51,2964556,62529528.00
2021/07/26,21.37,22.33,20.09,22.07,3196376,66995772.00
2021/07/27,22.07,22.48,20.78,20.78,2187500,46542416.00
2021/07/28,20.78,22.82,19.86,22.52,3321756,70271696.00
2021/07/29,22.26,23.18,21.86,22.78,3177061,70926944.00
2021/07/30,22.16,22.64,21.68,22.41,1875900,40891712.00
2021/08/02,22.71,22.73,21.58,21.88,1245738,26893404.00
2021/08/03,21.82,22.49,21.10,21.35,1734461,36668680.00
2021/08/04,21.38,22.58,21.28,22.18,1618733,34849548.00
2021/08/05,22.11,23.88,22.01,23.33,2780956,63535736.00
2021/08/06,23.38,23.68,22.29,22.48,1957400,43649176.00
2021/08/09,22.50,23.25,21.98,22.60,1661400,36915800.00
2021/08/10,22.68,24.06,22.38,23.60,2265610,52203248.00
2021/08/11,23.49,23.93,22.98,23.68,1179900,27201852.00
2021/08/12,23.38,23.61,22.76,22.88,1143800,25959392.00
2021/08/13,23.38,23.38,22.59,23.24,757268,17127128.00
2021/08/16,22.88,23.23,22.41,22.75,858800,19159490.00
2021/08/17,22.53,22.88,22.29,22.29,826500,18310308.00
2021/08/18,22.26,22.53,21.49,21.83,1117556,24093226.00
2021/08/19,21.90,23.63,21.88,23.36,2514735,56654548.00
2021/08/20,23.03,23.53,22.68,22.97,832668,18889152.00
2021/08/23,22.97,23.38,22.59,22.91,849439,19132316.00
2021/08/24,22.55,22.87,21.48,22.28,1842500,40295924.00
2021/08/25,22.24,22.26,21.29,21.93,1052600,22467564.00
2021/08/26,22.04,22.04,20.99,21.41,1423318,29954040.00
2021/08/27,21.38,21.49,20.59,20.74,1353862,27802318.00
2021/08/30,20.89,21.93,20.53,21.66,1527300,32294612.00
2021/08/31,21.88,21.88,20.71,21.18,918900,19050032.00
2021/09/01,21.18,21.68,20.79,21.03,605044,12574894.00
2021/09/02,21.48,21.48,20.73,21.23,392454,8154742.00
2021/09/03,20.91,21.68,20.91,21.40,386200,8123399.00
2021/09/06,21.41,21.41,20.18,20.42,1600670,32234276.00
2021/09/07,20.43,21.86,20.03,21.14,2356202,48766776.00
2021/09/08,21.37,21.38,20.19,20.56,1463617,29430794.00
2021/09/09,20.38,20.62,20.23,20.27,588359,11732088.00
2021/09/10,20.33,20.72,20.28,20.52,582300,11688751.00
2021/09/13,20.11,20.28,19.19,19.67,1946888,37379624.00
2021/09/14,19.41,20.07,19.27,19.53,1251923,24109698.00
2021/09/15,19.59,19.59,18.59,18.79,1471100,27285620.00
2021/09/16,18.78,19.08,18.03,18.07,1655700,29845912.00
2021/09/17,18.23,19.84,17.91,19.84,3186984,59939344.00
2021/09/22,19.57,19.84,18.46,19.08,1922561,35555204.00
2021/09/23,19.18,19.28,18.79,18.80,836094,15543123.00
2021/09/24,18.80,18.94,18.62,18.85,581200,10712015.00
2021/09/27,18.95,19.24,18.63,19.10,665363,12342500.00
2021/09/28,19.09,19.09,18.71,18.81,468200,8645505.00
2021/09/29,18.62,18.82,18.25,18.39,606174,10938367.00
2021/09/30,18.37,19.03,18.29,18.91,584874,10794398.00
2021/10/08,18.98,19.18,18.71,19.16,703827,13116659.00
2021/10/11,19.16,20.16,19.03,19.97,1460302,28116372.00
2021/10/12,19.97,21.67,19.97,21.10,3409380,69368680.00
2021/10/13,20.92,21.03,19.80,20.30,2642555,52974476.00
2021/10/14,20.36,20.36,18.98,19.13,2116228,40521440.00
2021/10/15,18.76,19.83,18.76,19.48,1520000,28995418.00
2021/10/18,19.08,19.44,18.88,18.97,875800,16365232.00
2021/10/19,18.90,19.33,18.60,19.20,647508,12061580.00
2021/10/20,19.20,19.31,18.79,18.88,515600,9557155.00
2021/10/21,18.83,19.94,18.83,19.17,1071806,20329838.00
2021/10/22,19.26,19.26,18.85,19.16,500408,9344369.00
2021/10/25,19.20,19.20,18.60,18.83,458300,8456133.00
2021/10/26,18.83,18.91,18.61,18.80,322170,5922949.00
2021/10/27,19.17,19.17,18.40,18.53,464200,8457229.00
2021/10/28,19.03,20.35,18.69,19.63,3090770,60587552.00
2021/10/29,19.61,19.61,18.48,18.77,2428933,44767692.00
2021/11/01,18.58,19.46,18.51,19.23,1406235,26182176.00
2021/11/02,19.04,19.76,18.92,19.14,1049100,19842144.00
2021/11/03,19.26,19.49,18.80,19.47,713600,13418629.00
2021/11/04,19.60,19.60,19.22,19.41,674335,12801230.00
2021/11/05,19.38,19.73,19.12,19.20,716700,13571250.00
2021/11/08,19.36,19.36,18.93,19.06,614600,11482654.00
2021/11/09,19.10,19.43,18.84,19.33,605547,11416689.00
2021/11/10,19.32,19.80,19.18,19.60,869012,16634005.00
2021/11/11,19.54,20.77,19.54,20.59,2326917,46365416.00
2021/11/12,20.48,21.23,20.19,20.72,1278470,26010370.00
2021/11/15,20.92,20.92,20.49,20.66,825510,16770935.00
2021/11/16,20.67,21.28,20.28,20.45,1288100,26146050.00
2021/11/17,20.38,20.98,20.08,20.83,1352200,27540056.00
2021/11/18,20.83,21.54,20.64,21.13,2021796,42184288.00
2021/11/19,21.05,22.08,20.88,21.78,2009932,42654776.00
2021/11/22,21.86,22.03,21.26,21.51,1255200,26537408.00
2021/11/23,21.45,22.36,21.26,21.38,1194600,25406944.00
2021/11/24,21.51,21.81,21.11,21.69,880800,18642072.00
2021/11/25,21.69,21.82,21.19,21.22,706600,14822635.00
2021/11/26,21.37,21.43,20.87,21.14,929200,19191380.00
2021/11/29,20.87,21.17,20.45,20.63,897100,18197404.00
2021/11/30,20.66,21.53,20.63,20.96,1137800,23656812.00
2021/12/01,20.96,21.17,20.57,20.85,874212,17840900.00
2021/12/02,20.85,20.85,20.18,20.28,897700,17981012.00
2021/12/03,20.28,20.63,20.14,20.15,677600,13541490.00
2021/12/06,20.28,20.29,19.18,19.27,2450000,47084880.00
2021/12/07,19.48,19.76,19.28,19.61,1039000,19920044.00
2021/12/08,19.62,19.71,19.38,19.67,566600,10880728.00
2021/12/09,19.70,20.50,19.67,19.85,1565000,30756026.00
2021/12/10,19.70,19.89,19.38,19.55,1010600,19421448.00
2021/12/13,19.53,19.72,19.36,19.72,1089600,20872824.00
2021/12/14,19.76,19.89,19.48,19.84,850000,16456435.00
2021/12/15,19.77,20.30,19.40,19.48,1407170,27207378.00
2021/12/16,19.47,19.85,19.40,19.67,746300,14363129.00
2021/12/17,19.58,19.70,19.20,19.37,1209300,22983372.00
2021/12/20,19.44,19.53,19.08,19.13,967400,18228624.00
2021/12/21,19.19,19.44,19.10,19.37,750919,14167830.00
2021/12/22,19.37,19.64,19.36,19.62,801800,15356709.00
2021/12/23,19.65,19.65,19.31,19.44,572900,10898412.00
2021/12/24,19.56,19.56,19.08,19.22,653032,12286285.00
2021/12/27,19.19,19.43,18.98,19.38,705600,13294256.00
2021/12/28,19.68,19.88,19.44,19.71,1200400,23182768.00
2021/12/29,19.80,20.75,19.65,20.16,2777888,55249228.00
2021/12/30,20.16,20.30,19.91,20.14,1154919,22769430.00
2021/12/31,20.21,20.21,19.89,19.99,1133600,22263584.00
2022/01/04,20.00,20.28,19.95,20.16,896200,17675772.00
2022/01/05,20.18,20.18,19.73,20.03,850000,16584746.00
2022/01/06,19.80,20.16,19.80,20.04,592100,11612082.00
2022/01/07,20.08,20.32,19.83,20.06,823046,16235508.00
2022/01/10,19.88,20.29,19.80,20.29,793451,15697748.00
2022/01/11,20.29,20.83,20.21,20.56,2099200,42407148.00
2022/01/12,20.73,20.94,20.36,20.58,1017300,20497770.00
2022/01/13,20.56,20.72,20.11,20.18,686000,13665556.00
2022/01/14,20.20,20.31,19.94,19.98,575800,11329732.00
2022/01/17,20.03,20.36,19.93,20.10,513700,10123945.00
2022/01/18,20.00,20.11,19.40,19.52,838000,16138591.00
2022/01/19,19.47,19.82,19.41,19.56,519000,9980574.00
2022/01/20,19.56,19.70,19.02,19.14,770200,14555826.00
2022/01/21,19.16,19.23,18.43,18.58,1078700,19846284.00
2022/01/24,18.76,18.84,18.45,18.74,489800,8965588.00
2022/01/25,18.78,18.78,18.08,18.11,655500,11713901.00
2022/01/26,18.11,18.31,17.63,18.07,528346,9333949.00
2022/01/27,18.24,18.58,17.48,17.57,714800,12470731.00
2022/01/28,17.62,17.87,17.56,17.72,357500,6199296.00
2022/02/07,18.56,18.56,17.78,17.95,459100,8084750.00
2022/02/08,18.30,18.34,17.86,18.34,486270,8641057.00
2022/02/09,18.32,18.42,18.06,18.25,448546,7991895.00
2022/02/10,18.25,18.55,18.13,18.30,335900,6002357.00
2022/02/11,18.18,18.33,17.82,17.87,539900,9541365.00
2022/02/14,17.83,18.02,17.68,17.90,345900,6056449.00
2022/02/15,17.80,18.01,17.59,17.95,360000,6278265.00
2022/02/16,18.05,18.29,17.95,18.20,385970,6856246.00
2022/02/17,18.20,18.32,18.08,18.08,465500,8293555.00
2022/02/18,18.03,18.23,17.94,18.21,181800,3220079.00
2022/02/21,18.20,18.20,17.78,18.03,815900,14311738.00
2022/02/22,17.94,18.01,17.75,17.90,399400,6990525.00
2022/02/23,17.90,18.17,17.82,18.10,504388,8900260.00
2022/02/24,18.01,18.25,17.53,17.65,861324,15028912.00
2022/02/25,17.82,18.04,17.57,17.68,459046,8027304.00
2022/02/28,17.85,17.85,17.01,17.44,587865,9947048.00
2022/03/01,17.46,17.65,17.19,17.58,287219,4932777.00
2022/03/02,17.65,17.91,17.48,17.78,420100,7292935.00
2022/03/03,17.95,17.95,17.67,17.71,270146,4693839.00
2022/03/04,17.63,17.78,17.41,17.53,398500,6852292.00
2022/03/07,17.62,17.62,17.03,17.09,515408,8678434.00
2022/03/08,17.23,17.23,16.32,16.40,720646,11742695.00
2022/03/09,16.48,16.55,15.19,16.04,1230900,18934392.00
2022/03/10,16.18,16.78,15.88,15.94,844700,13392674.00
2022/03/11,15.93,16.34,15.38,16.28,824600,12823379.00
2022/03/14,16.76,16.76,15.69,15.90,476900,7407307.00
2022/03/15,15.78,15.78,14.78,14.78,925200,13749398.00
2022/03/16,15.21,15.58,14.29,14.87,1330000,19293130.00
2022/03/17,15.08,15.64,14.98,15.37,853254,12717603.00
2022/03/18,15.35,15.79,15.15,15.68,520200,7929312.00
2022/03/21,15.92,15.92,15.48,15.64,499700,7621269.00
2022/03/22,15.86,15.90,15.36,15.85,776500,11896233.00
2022/03/23,15.93,15.99,15.68,15.96,526570,8156237.00
2022/03/24,15.89,16.11,15.76,16.01,622700,9712410.00
2022/03/25,16.07,16.30,15.99,16.11,464900,7330194.00
2022/03/28,15.97,16.43,15.65,16.39,690400,10834072.00
2022/03/29,16.19,17.16,15.83,17.16,846500,13361374.00
2022/03/30,16.64,16.96,16.14,16.72,1588389,25521232.00
2022/03/31,16.44,16.53,15.97,15.97,1435000,22607100.00
2022/04/01,15.98,15.98,15.36,15.48,1499837,22792040.00
2022/04/06,15.46,16.26,15.38,15.65,722200,11113035.00
2022/04/07,15.65,16.11,15.39,15.50,604300,9267092.00
2022/04/08,15.48,15.57,15.27,15.37,433400,6522603.00
2022/04/11,15.36,15.47,14.77,15.00,514100,7556874.00
2022/04/12,15.00,15.41,14.86,15.37,471600,6950042.00
2022/04/13,15.21,15.42,14.98,15.24,285500,4226623.00
2022/04/14,15.09,15.48,15.09,15.25,255900,3821747.00
2022/04/15,15.12,15.33,14.93,15.19,313569,4605879.00
2022/04/18,15.32,16.12,15.18,15.84,1210969,18583300.00
2022/04/19,15.88,16.17,15.87,16.07,839100,13147727.00
2022/04/20,16.07,16.28,15.98,16.08,646600,10168261.00
2022/04/21,16.36,16.36,15.85,15.99,675400,10546667.00
2022/04/22,15.91,16.37,15.82,16.25,858019,13589652.00
2022/04/25,16.18,16.53,15.95,16.16,1087424,17145384.00
2022/04/26,16.15,16.22,14.81,14.81,1939389,29668276.00
2022/04/27,15.43,15.43,13.86,14.78,998554,14005947.00
2022/04/28,14.90,14.90,13.97,14.03,879400,12226143.00
2022/04/29,14.22,14.63,13.79,14.46,1046300,14589950.00
2022/05/05,14.77,15.42,14.29,15.40,1154072,16911396.00
2022/05/06,15.09,15.58,14.98,15.24,501600,7490713.00
2022/05/09,15.20,15.48,15.06,15.41,368300,5511306.00
2022/05/10,14.98,15.33,14.88,15.18,548600,8108277.00
2022/05/11,15.40,15.79,14.88,15.36,823000,12453624.00
2022/05/12,15.36,15.77,15.17,15.68,711400,10828162.00
2022/05/13,15.78,15.93,15.56,15.81,396800,6100737.00
2022/05/16,15.81,16.28,15.63,16.26,1035770,16167089.00
2022/05/17,16.04,16.53,16.04,16.29,933800,14884595.00
2022/05/18,16.38,16.43,16.08,16.34,774300,12285321.00
2022/05/19,16.14,16.61,16.14,16.36,529500,8464279.00
2022/05/20,16.34,16.65,16.27,16.50,995200,16005561.00
2022/05/23,16.44,16.91,16.42,16.83,877200,14348583.00
2022/05/24,16.83,16.93,16.49,16.73,1116900,18199976.00
2022/05/25,16.68,17.16,16.68,17.06,1181898,19621918.00
2022/05/26,16.97,17.07,16.78,16.97,527600,8719732.00
2022/05/27,16.88,17.02,16.72,16.78,1236600,20357186.00
2022/05/30,16.78,16.78,16.48,16.69,466201,7571329.00
2022/05/31,16.65,16.73,15.41,16.14,2566471,40128896.00
2022/06/01,15.83,16.27,15.73,15.99,1035601,16195358.00
2022/06/02,16.12,16.23,15.79,16.12,866701,13570214.00
2022/06/06,16.13,16.24,15.96,16.04,504797,7945316.00
2022/06/07,16.06,16.48,16.06,16.29,781300,12372913.00
2022/06/08,16.27,16.27,15.83,15.94,584800,9130943.00
2022/06/09,15.95,15.95,15.54,15.62,499500,7625055.00
2022/06/10,15.62,16.08,15.62,16.08,463000,7166024.00
2022/06/13,16.04,16.23,15.87,16.16,485900,7575102.00
2022/06/14,15.98,16.32,15.91,16.31,591900,9277426.00
2022/06/15,16.43,16.43,16.18,16.25,508700,8074035.00
2022/06/16,16.33,17.79,15.72,15.96,2283168,36754696.00
2022/06/17,15.76,16.09,15.61,15.81,1316967,20199796.00
2022/06/20,16.06,17.35,15.81,17.35,3011170,49592444.00
2022/06/21,17.60,18.45,17.46,17.81,5833157,101940336.00
2022/06/22,17.66,17.74,16.61,16.94,4569925,75617824.00
2022/06/23,16.94,17.13,16.61,17.10,2985736,49112344.00
2022/06/24,17.10,17.20,16.79,16.91,2241057,36993284.00
2022/06/27,17.08,17.14,16.63,16.74,2081100,33946960.00
2022/06/28,16.68,16.85,16.61,16.80,1351727,22032512.00
2022/06/29,16.76,16.96,16.52,16.54,1357057,22123510.00
2022/06/30,16.54,16.92,16.49,16.76,1183427,19321784.00
2022/07/01,16.75,17.12,16.64,17.06,1403700,23027652.00
2022/07/04,16.96,17.29,16.78,17.25,1428489,23749996.00
2022/07/05,17.24,17.24,16.64,16.77,1324700,21732216.00
2022/07/06,16.76,17.03,16.37,17.03,960332,15613627.00
2022/07/07,16.99,16.99,16.63,16.79,755650,12327285.00
2022/07/08,16.79,16.91,16.58,16.66,552905,8987863.00
2022/07/11,16.66,16.81,16.47,16.65,532600,8592495.00
2022/07/12,16.69,16.69,16.23,16.26,727800,11542997.00
2022/07/13,16.27,16.53,16.22,16.34,491200,7810753.00
2022/07/14,16.34,16.65,16.22,16.59,520000,8346455.00
2022/07/15,16.51,16.73,16.35,16.54,544800,8767405.00
2022/07/18,17.26,17.46,16.92,17.45,4721949,79069568.00
2022/07/19,17.56,17.67,17.00,17.67,4845205,81936480.00
2022/07/20,16.81,16.95,16.59,16.90,3641835,59401136.00
2022/07/21,16.77,16.90,16.62,16.74,1683973,27354160.00
2022/07/22,16.64,16.72,16.39,16.52,1343100,21592264.00
2022/07/25,16.43,16.66,16.38,16.65,892704,14371225.00
2022/07/26,16.63,17.05,16.57,16.96,1961830,32194278.00
2022/07/27,16.87,16.93,16.62,16.80,1107750,18040588.00
2022/07/28,16.79,16.81,16.58,16.66,854400,13888633.00
2022/07/29,16.66,16.70,16.36,16.36,1173100,18794460.00
2022/08/01,16.26,16.42,16.22,16.36,575300,9135975.00
2022/08/02,16.34,16.34,15.30,15.39,1420600,21473572.00
2022/08/03,15.39,15.65,15.23,15.24,724001,10892034.00
2022/08/04,15.23,15.44,14.99,15.36,1025698,15165127.00
2022/08/05,15.36,15.42,15.20,15.39,728400,10824392.00
2022/08/08,15.40,15.60,15.39,15.59,523501,7858717.00
2022/08/09,15.65,15.86,15.51,15.54,760000,11533375.00
2022/08/10,15.54,15.57,15.43,15.49,476400,7156239.00
2022/08/11,15.49,15.70,15.49,15.66,543200,8232902.00
2022/08/12,15.71,15.72,15.33,15.43,1246300,18733736.00
2022/08/15,15.43,15.53,15.32,15.53,935400,13998570.00
2022/08/16,15.60,15.64,15.45,15.60,1166925,17616862.00
2022/08/17,15.69,15.69,15.48,15.57,753100,11362084.00
2022/08/18,15.50,15.57,15.32,15.51,751500,11238315.00
2022/08/19,15.55,15.58,15.32,15.32,665600,9965984.00
2022/08/22,15.34,15.44,15.13,15.43,636800,9437313.00
2022/08/23,15.43,15.46,15.08,15.12,781502,11509698.00
2022/08/24,16.58,16.59,15.97,16.59,4769102,76780936.00
2022/08/25,16.87,17.71,16.58,16.86,8818373,146676944.00
2022/08/26,16.41,16.45,15.66,15.72,5669984,87919320.00
2022/08/29,15.43,15.53,15.14,15.16,4511775,66775556.00
2022/08/30,15.26,15.34,14.97,15.12,2247300,32931204.00
2022/08/31,15.01,15.11,14.47,14.77,2923265,41810264.00
2022/09/01,15.01,15.21,14.85,15.06,2159261,31469318.00
2022/09/02,15.10,15.36,14.86,15.30,1699612,24954664.00
2022/09/05,15.30,15.43,15.06,15.41,1211212,17936390.00
2022/09/06,15.46,15.61,15.24,15.56,1177800,17665344.00
2022/09/07,15.52,15.70,15.32,15.40,832200,12468200.00
2022/09/08,15.38,15.46,15.20,15.26,750406,11118799.00
2022/09/09,15.33,15.50,15.19,15.43,1048900,15652532.00
2022/09/13,15.44,15.86,15.42,15.51,2035100,30785328.00
2022/09/14,15.43,15.51,15.25,15.40,824100,12291347.00
2022/09/15,15.51,15.57,15.02,15.33,991430,14660067.00
2022/09/16,15.44,15.44,14.86,14.88,708500,10333386.00
2022/09/19,15.11,15.11,14.63,14.75,758370,10839408.00
2022/09/20,14.77,14.91,14.69,14.77,516700,7401502.00
2022/09/21,14.73,14.89,14.48,14.81,609100,8696696.00
2022/09/22,14.77,14.91,14.56,14.61,656700,9373666.00
2022/09/23,14.66,14.66,14.18,14.19,835026,11635376.00
2022/09/26,14.02,14.34,13.90,13.93,763700,10438617.00
2022/09/27,13.86,14.41,13.86,14.38,853800,11760844.00
2022/09/28,14.41,14.55,14.11,14.22,614900,8537716.00
2022/09/29,14.42,14.52,13.84,13.86,775700,10556826.00
2022/09/30,14.01,14.11,13.78,13.91,757300,10218832.00
2022/10/10,13.92,14.23,13.81,14.03,842400,11462735.00
2022/10/11,13.93,13.99,13.51,13.64,707806,9342434.00
2022/10/12,13.58,13.91,13.51,13.86,974430,13028471.00
2022/10/13,13.83,14.11,13.80,13.98,1168970,15777552.00
2022/10/14,14.00,14.41,14.00,14.35,1205630,16656217.00
2022/10/17,14.26,14.45,14.22,14.44,639300,8897898.00
2022/10/18,14.61,14.61,14.31,14.43,655000,9149487.00
2022/10/19,14.31,14.42,14.20,14.26,512700,7097331.00
2022/10/20,14.20,14.43,13.98,14.24,587030,8123093.00
2022/10/21,14.36,14.40,14.11,14.14,401100,5522303.00
2022/10/24,14.23,14.31,13.78,13.84,823000,11190679.00
2022/10/25,13.79,14.14,13.79,13.95,1172870,15885621.00
2022/10/26,14.00,14.35,14.00,14.35,1031500,14233733.00
2022/10/27,14.43,14.69,14.24,14.55,1246500,17566630.00
2022/10/28,14.55,14.61,14.06,14.15,1131700,15719993.00
2022/10/31,13.74,13.86,13.35,13.58,2746356,35928120.00
2022/11/01,13.42,13.75,13.40,13.73,1399000,18273276.00
2022/11/02,13.64,13.71,13.51,13.63,2398300,31528076.00
2022/11/03,13.56,13.71,13.46,13.70,1838531,24171156.00
2022/11/04,13.68,13.86,13.61,13.85,1593131,21212732.00
2022/11/07,13.84,13.99,13.68,13.99,1655070,22142348.00
2022/11/08,13.99,14.04,13.74,13.87,1322567,17722204.00
2022/11/09,13.86,13.97,13.79,13.82,1061970,14229110.00
2022/11/10,13.77,14.01,13.72,13.95,1682470,22608160.00
2022/11/11,14.21,14.42,14.02,14.17,2181411,30098460.00
2022/11/14,14.36,14.94,14.29,14.73,3154797,44811516.00
2022/11/15,14.68,15.11,14.51,14.87,2080000,29855974.00
2022/11/16,14.82,15.01,14.66,14.97,1534400,22063164.00
2022/11/17,14.90,15.04,14.76,14.99,1035100,14945542.00
2022/11/18,14.96,15.32,14.93,15.07,1689505,24656772.00
2022/11/21,15.07,15.51,14.76,15.38,2041463,29942206.00
2022/11/22,15.38,16.39,14.99,15.20,2861930,42835256.00
2022/11/23,15.19,15.35,14.89,14.92,1489300,21724744.00
2022/11/24,14.92,15.63,14.92,15.41,1637800,24375372.00
2022/11/25,15.50,15.86,15.41,15.71,1317000,20029660.00
2022/11/28,15.71,15.76,15.21,15.66,986600,14813905.00
2022/11/29,15.81,16.40,15.67,16.27,2765671,43245052.00
2022/11/30,16.21,16.39,16.02,16.11,1370500,21557042.00
2022/12/01,16.23,16.66,16.12,16.26,1849097,29289376.00
2022/12/02,16.25,16.96,16.16,16.70,1952630,31518232.00
2022/12/05,16.72,17.12,16.61,17.04,1673300,27588120.00
2022/12/06,17.09,17.41,16.83,17.03,1184100,19710460.00
2022/12/07,16.99,16.99,16.54,16.87,1321900,21525764.00
2022/12/08,17.21,17.21,16.47,16.54,1014420,16360730.00
2022/12/09,16.56,16.86,16.42,16.45,777288,12506772.00
2022/12/12,16.64,16.64,16.25,16.35,976680,15557693.00
2022/12/13,16.34,16.61,16.17,16.42,998400,15953053.00
2022/12/14,16.58,16.58,15.97,16.03,1282170,20203308.00
2022/12/15,16.32,16.32,15.69,15.87,1602988,24672168.00
2022/12/16,15.90,15.94,15.57,15.71,886600,13530594.00
2022/12/19,15.64,16.32,15.40,15.64,2378100,36852916.00
2022/12/20,15.63,15.85,15.36,15.38,904200,13662395.00
2022/12/21,15.66,16.00,15.36,15.68,928900,14159936.00
2022/12/22,15.74,15.95,15.32,15.40,816297,12292372.00
2022/12/23,15.39,15.62,15.34,15.50,764600,11483240.00
2022/12/26,15.48,15.96,15.48,15.74,953500,14637703.00
2022/12/27,15.78,16.15,15.57,15.95,762206,11699134.00
2022/12/28,15.94,15.94,15.64,15.73,727300,11110346.00
2022/12/29,15.73,15.89,15.35,15.71,756000,11512342.00
2022/12/30,15.71,16.12,15.63,16.00,1187600,18286864.00
2023/01/03,16.51,16.51,15.79,16.16,681200,10636805.00
2023/01/04,16.15,16.66,15.96,16.56,914200,14653087.00
2023/01/05,16.56,17.45,16.39,17.18,3524554,58313640.00
2023/01/06,17.28,18.01,17.18,17.54,4447842,76369008.00
2023/01/09,17.67,17.94,16.96,17.30,4382981,74490128.00
2023/01/10,17.19,17.63,16.81,17.41,2865300,48199820.00
2023/01/11,17.59,17.59,16.76,16.84,2322400,38719588.00
2023/01/12,16.67,16.99,16.61,16.80,1928400,31586884.00
2023/01/13,16.66,16.88,16.46,16.52,1522200,24557170.00
2023/01/16,16.46,16.74,15.86,16.31,1901762,30231648.00
2023/01/17,16.26,16.42,16.02,16.23,1085200,17056836.00
2023/01/18,16.05,16.31,15.98,16.11,795400,12445951.00
2023/01/19,16.06,16.20,15.66,15.71,1403700,21553962.00
2023/01/20,15.73,15.96,15.72,15.85,862000,13254886.00
2023/01/30,16.11,16.17,15.92,16.02,740862,11532434.00
2023/01/31,16.06,16.66,15.82,16.44,1665000,26313868.00
2023/02/01,16.44,16.72,16.32,16.54,1416700,22713676.00
2023/02/02,16.57,16.60,16.37,16.47,672993,10767961.00
2023/02/03,16.34,16.54,16.26,16.52,740100,11795430.00
2023/02/06,16.52,16.85,16.35,16.64,2371060,38461344.00
2023/02/07,16.60,17.06,16.58,16.72,1797300,29378484.00
2023/02/08,16.72,16.80,16.51,16.54,986500,15995439.00
2023/02/09,16.61,16.61,16.39,16.47,916100,14661558.00
2023/02/10,16.55,16.86,16.47,16.86,1570046,25441454.00
2023/02/13,16.87,17.35,16.68,16.90,1541180,25496612.00
2023/02/14,16.98,16.98,16.79,16.95,726000,11937285.00
2023/02/15,16.94,17.01,16.77,16.84,997800,16356426.00
2023/02/16,16.90,17.23,16.66,16.76,1713646,28315116.00
2023/02/17,16.71,17.07,16.71,16.82,1080700,17811746.00
2023/02/20,16.98,17.13,16.61,17.13,948200,15722775.00
2023/02/21,17.16,17.37,17.07,17.21,946800,15863892.00
2023/02/22,17.14,17.75,17.13,17.64,3245156,55508804.00
2023/02/23,17.65,17.69,17.25,17.40,1210800,20595720.00
2023/02/24,17.44,17.50,17.31,17.46,959774,16284527.00
2023/02/27,17.36,18.62,17.27,18.32,3769700,66855480.00
2023/02/28,18.32,18.60,17.96,18.40,1576900,27908448.00
2023/03/01,18.58,18.96,18.08,18.26,2572000,46087420.00
2023/03/02,18.17,18.29,17.92,18.20,1109100,19557776.00
2023/03/03,18.17,18.22,17.84,17.88,1054600,18455556.00
2023/03/06,17.95,18.04,17.58,17.81,1433471,24737460.00
2023/03/07,17.82,18.10,17.46,17.50,1165416,20184114.00
2023/03/08,17.50,18.06,16.87,18.06,1263100,21876380.00
2023/03/09,18.01,18.13,17.77,17.96,786000,13723558.00
2023/03/10,17.97,18.13,17.69,17.74,743700,12974581.00
2023/03/13,17.68,17.82,17.39,17.51,889900,15170984.00
2023/03/14,17.55,17.55,17.11,17.22,588500,9881697.00
2023/03/15,17.33,17.57,17.22,17.51,562900,9534050.00
2023/03/16,17.44,17.63,16.96,17.13,567800,9502636.00
2023/03/17,17.41,17.44,16.86,17.10,741900,12412089.00
2023/03/20,16.98,17.36,16.98,17.08,1020400,16998556.00
2023/03/21,17.18,17.19,16.86,17.15,822800,13625041.00
2023/03/22,17.25,18.23,17.11,17.89,2297900,40002160.00
2023/03/23,17.95,17.95,17.57,17.81,1090800,18871752.00
2023/03/24,17.81,17.81,17.55,17.60,904600,15545863.00
2023/03/27,17.60,18.83,17.36,18.25,2644700,46812508.00
2023/03/28,18.01,18.56,17.89,18.00,1153300,20269772.00
2023/03/29,17.94,17.94,17.66,17.70,1005460,17397856.00
2023/03/30,17.76,17.76,17.24,17.42,980900,16630097.00
2023/03/31,17.49,17.95,17.24,17.36,681333,11539529.00
2023/04/03,17.07,17.55,17.01,17.41,778970,13095218.00
2023/04/04,17.41,17.63,17.25,17.38,953500,16145209.00
2023/04/06,17.30,17.79,17.01,17.64,1606733,27244468.00
2023/04/07,17.64,18.21,17.59,18.16,1535933,26948144.00
2023/04/10,18.17,18.34,17.53,17.65,1328700,23041792.00
2023/04/11,17.65,17.66,17.36,17.46,742160,12605143.00
2023/04/12,17.58,17.66,17.16,17.40,853400,14407926.00
2023/04/13,17.58,18.17,17.42,17.90,1695800,29538524.00
2023/04/14,17.94,18.12,17.82,17.88,1094100,19098524.00
2023/04/17,17.92,18.20,17.78,17.89,679300,11887918.00
2023/04/18,18.06,18.95,17.87,18.69,5623045,101642488.00
2023/04/19,18.66,18.66,17.80,18.28,2382700,42310936.00
2023/04/20,18.19,18.41,18.01,18.25,1125734,19919180.00
2023/04/21,18.24,18.84,18.08,18.52,2500400,45089264.00
2023/04/24,18.96,19.72,16.71,16.79,8615515,155958272.00
2023/04/25,16.64,16.75,15.75,16.17,4941400,78397064.00
2023/04/26,16.17,16.53,15.81,15.95,2224500,34740352.00
2023/04/27,15.95,15.97,15.25,15.52,2875653,43480528.00
2023/04/28,15.52,16.03,15.34,15.90,2333230,35857504.00
2023/05/04,16.00,16.46,15.97,16.17,2193300,34416780.00
2023/05/05,16.17,16.17,15.02,15.19,2571100,38382048.00
2023/05/08,15.21,15.26,14.93,14.96,1725000,25151626.00
2023/05/09,14.93,15.15,14.86,14.95,2256000,32800980.00
2023/05/10,14.96,15.91,14.91,15.75,3525800,53309448.00
2023/05/11,15.86,16.24,15.75,16.04,1948000,30283986.00
2023/05/12,15.91,15.95,15.46,15.65,2190400,33301352.00
2023/05/15,15.61,16.72,15.61,16.70,4043305,63797780.00
2023/05/16,16.59,17.22,16.28,17.06,4978995,82073136.00
2023/05/17,17.06,17.51,16.86,17.36,3279900,54692620.00
2023/05/18,17.48,17.65,16.86,17.13,4030400,66969648.00
2023/05/19,17.11,17.19,16.46,16.77,1838100,30124372.00
2023/05/22,16.76,16.94,16.53,16.58,1327100,21488944.00
2023/05/23,16.69,16.70,16.24,16.28,1264200,20124998.00
2023/05/24,16.24,16.56,15.51,15.71,2167400,33230160.00
2023/05/25,15.90,15.90,15.43,15.71,1868100,28350092.00
2023/05/26,15.57,15.83,15.42,15.68,1463200,22115888.00
2023/05/29,15.68,15.75,15.49,15.54,923800,13969074.00
2023/05/30,15.46,15.62,15.36,15.58,1032100,15516720.00
2023/05/31,15.54,15.62,15.28,15.51,1697700,25417374.00
2023/06/01,15.54,15.72,15.30,15.72,1850900,27913884.00
2023/06/02,15.65,16.05,15.65,15.72,1921300,29542362.00
2023/06/05,15.72,15.80,15.42,15.47,989400,14866849.00
2023/06/06,15.39,15.62,15.12,15.21,925500,13787010.00
2023/06/07,15.33,15.64,15.23,15.54,1367100,20562156.00
2023/06/08,15.65,15.65,15.32,15.60,1409600,21187466.00
2023/06/09,15.55,15.72,15.43,15.51,959700,14497554.00
2023/06/12,15.46,15.95,15.35,15.84,1802226,27556722.00
2023/06/13,16.03,16.44,15.84,16.24,2133100,33188296.00
2023/06/14,16.28,16.65,16.24,16.45,1338100,21135308.00
2023/06/15,16.61,16.61,16.07,16.26,1457200,22761458.00
2023/06/16,16.40,16.45,16.15,16.35,757900,11886730.00
2023/06/19,16.51,16.51,15.96,16.04,1232800,19084194.00
2023/06/20,16.12,16.12,15.66,15.78,690500,10460724.00
2023/06/21,15.82,15.87,15.45,15.57,1163100,17435292.00
2023/06/26,15.50,15.53,15.15,15.22,1080950,15818073.00
2023/06/27,15.04,15.63,15.04,15.55,1116250,16521114.00
2023/06/28,15.70,15.70,15.08,15.34,1339300,19577530.00
2023/06/29,15.45,15.46,15.20,15.40,692950,10200386.00
2023/06/30,15.43,16.05,15.42,15.99,2762555,42054988.00
2023/07/03,15.99,16.10,15.65,15.76,1566000,23695632.00
2023/07/04,15.74,15.74,15.55,15.71,792505,11883112.00
2023/07/05,15.68,15.69,15.44,15.49,692300,10318216.00
2023/07/06,15.52,15.53,15.32,15.45,699600,10326357.00
2023/07/07,15.45,15.82,15.33,15.63,1048000,15694871.00
2023/07/10,15.63,16.05,15.55,15.68,1399100,21246678.00
2023/07/11,15.68,15.82,15.45,15.74,951600,14238362.00
2023/07/12,15.60,15.77,15.53,15.63,1214800,18225768.00
2023/07/13,15.64,15.74,15.60,15.74,713800,10731806.00
2023/07/14,15.80,15.80,15.60,15.60,482900,7238250.00
2023/07/17,15.69,15.80,15.42,15.78,838300,12584670.00
2023/07/18,15.60,15.84,15.56,15.60,728900,10959163.00
2023/07/19,15.67,15.70,15.52,15.61,741000,11064650.00
2023/07/20,15.73,15.73,15.48,15.52,699800,10454763.00
2023/07/21,16.71,16.71,15.05,15.08,2343700,34370728.00
2023/07/24,15.25,15.25,14.80,14.97,1060670,15197424.00
2023/07/25,15.11,15.70,15.06,15.52,1580400,23382872.00
2023/07/26,15.42,15.70,15.42,15.57,1201100,17928248.00
2023/07/27,15.63,15.64,15.26,15.30,799900,11799891.00
2023/07/28,15.24,15.52,15.21,15.49,478100,7059997.00
2023/07/31,15.56,15.70,15.52,15.61,1008400,15097202.00
2023/08/01,15.65,15.70,15.40,15.49,758300,11286690.00
2023/08/02,15.49,15.63,15.35,15.45,430600,6373112.00
2023/08/03,15.38,15.63,15.31,15.60,800700,11879951.00
2023/08/04,15.56,15.73,15.54,15.58,1028100,15408373.00
2023/08/07,15.54,15.58,15.33,15.37,1163900,17164190.00
2023/08/08,15.49,15.50,15.16,15.22,617300,9003665.00
2023/08/09,15.17,15.27,14.87,14.91,834000,11945225.00
2023/08/10,14.91,14.95,14.80,14.91,756300,10746096.00
2023/08/11,14.89,14.96,14.45,14.48,1055100,14795259.00
2023/08/14,14.55,14.55,14.11,14.47,690000,9401920.00
2023/08/15,14.46,14.49,14.26,14.45,488760,6710035.00
2023/08/16,14.45,14.60,14.31,14.32,489600,6738896.00
2023/08/17,14.31,14.57,14.20,14.56,852600,11751849.00
2023/08/18,14.53,14.74,14.42,14.45,660300,9214806.00
2023/08/21,14.39,14.64,14.39,14.47,663300,9208536.00
2023/08/22,14.49,14.53,14.00,14.21,1058700,14339394.00
2023/08/23,14.26,14.26,13.96,13.97,741500,9950339.00
2023/08/24,13.98,14.09,13.90,13.98,526700,7022982.00
2023/08/25,14.04,14.11,13.70,13.76,632660,8368722.00
2023/08/28,14.29,14.42,13.75,13.85,1467700,19666464.00
2023/08/29,13.79,14.50,13.75,14.48,1305600,17776976.00
2023/08/30,14.42,15.10,14.41,15.02,1756805,25140266.00
2023/08/31,15.00,15.12,14.72,14.83,1380100,19624644.00
2023/09/01,14.85,15.20,14.83,15.15,1225295,17694696.00
2023/09/04,15.21,15.39,15.12,15.31,1085900,15840141.00
2023/09/05,15.29,15.55,15.20,15.46,1502308,22230960.00
2023/09/06,15.46,15.70,15.35,15.65,1252200,18685970.00
2023/09/07,15.21,16.05,15.21,15.64,1743700,26364360.00
2023/09/08,15.64,15.77,15.11,15.18,1379300,20217062.00
2023/09/11,15.07,15.41,15.05,15.31,1589900,23278822.00
2023/09/12,15.14,15.43,15.11,15.25,594067,8684532.00
2023/09/13,15.54,15.54,14.97,15.08,858200,12414827.00
2023/09/14,15.13,15.19,14.98,15.12,724500,10448081.00
2023/09/15,15.12,15.21,14.98,15.11,749500,10820202.00
2023/09/18,15.11,15.16,14.88,15.13,712300,10252278.00
2023/09/19,15.23,15.34,14.91,14.94,674300,9669995.00
2023/09/20,14.90,15.14,14.64,14.98,733600,10532696.00
2023/09/21,14.99,15.15,14.94,15.10,788200,11354569.00
2023/09/22,15.07,15.19,14.80,14.92,971500,13905744.00
2023/09/25,15.02,15.02,14.63,14.70,920600,12936948.00
2023/09/26,14.63,15.09,14.63,15.01,1080400,15414407.00
2023/09/27,14.96,14.97,14.58,14.70,1035600,14573423.00
2023/09/28,14.84,14.99,14.69,14.97,732600,10419815.00
2023/10/09,14.97,15.06,14.59,14.65,928900,13053435.00
2023/10/10,14.74,14.75,14.40,14.60,1198300,16633243.00
2023/10/11,14.54,14.87,14.47,14.87,1233900,17381364.00
2023/10/12,14.89,14.97,14.25,14.59,1440600,19951222.00
2023/10/13,14.48,14.53,14.23,14.37,1009670,13801504.00
2023/10/16,14.32,14.53,14.15,14.53,777060,10674569.00
2023/10/17,14.54,14.54,14.25,14.50,1057000,14532816.00
2023/10/18,15.64,15.64,13.73,14.05,3836500,52106656.00
2023/10/19,13.77,13.91,13.53,13.78,1854900,24285060.00
2023/10/20,13.78,13.81,13.48,13.55,1424300,18490148.00
2023/10/23,13.64,13.64,12.92,13.04,2531130,31546372.00
2023/10/24,13.04,13.37,12.94,13.35,1418945,17867826.00
2023/10/25,13.47,13.99,13.42,13.95,1861701,24497944.00
2023/10/26,13.93,13.93,13.57,13.68,916041,11934551.00
2023/10/27,13.69,14.32,13.58,14.32,1699100,22860600.00
2023/10/30,15.05,15.23,14.60,15.16,7253735,102998944.00
2023/10/31,15.14,15.51,14.86,15.33,3513541,51281444.00
2023/11/01,15.45,15.74,15.07,15.66,3182608,47384300.00
2023/11/02,15.58,15.95,15.45,15.89,2301300,34813164.00
2023/11/03,15.84,15.92,15.67,15.83,2256100,34184896.00
2023/11/06,15.78,16.19,15.74,16.11,1974400,30178896.00
2023/11/07,16.03,16.40,15.96,16.35,1969500,30658460.00
2023/11/08,16.35,16.72,16.25,16.70,1616495,25734984.00
2023/11/09,16.70,17.05,16.51,17.00,1564000,25443426.00
2023/11/10,16.92,17.20,16.72,17.03,1447800,23684510.00
2023/11/13,17.19,17.19,16.77,16.82,1716500,27880560.00
2023/11/14,16.80,17.25,16.49,17.24,1751900,28634632.00
2023/11/15,17.20,17.41,17.12,17.30,1170923,19424522.00
2023/11/16,17.32,17.64,17.17,17.53,1519100,25580132.00
2023/11/17,17.53,17.65,17.38,17.65,1239400,20953840.00
2023/11/20,17.83,18.03,17.55,17.99,1608700,27651728.00
2023/11/21,17.88,19.72,17.85,19.72,4049385,74663496.00
2023/11/22,20.65,20.85,18.68,19.00,6820085,126070808.00
2023/11/23,18.76,18.90,18.44,18.60,3626660,65186304.00
2023/11/24,18.72,19.15,18.58,18.58,2829100,51356712.00
2023/11/27,18.44,18.65,18.16,18.17,2452400,43301792.00
2023/11/28,18.13,18.32,17.93,18.28,1706500,29931930.00
2023/11/29,18.16,18.67,18.16,18.41,1708500,30460496.00
2023/11/30,18.26,18.65,18.26,18.54,1340583,23833292.00
2023/12/01,18.72,18.80,18.30,18.54,2158900,38615316.00
2023/12/04,18.51,18.80,18.30,18.49,2064700,37023784.00
2023/12/05,18.34,18.62,18.26,18.33,1811133,32251378.00
2023/12/06,18.65,18.65,18.16,18.40,1117500,19781360.00
2023/12/07,18.35,18.81,18.24,18.72,1945400,34902404.00
2023/12/08,18.56,18.82,18.35,18.53,1846800,32699904.00
2023/12/11,18.57,18.90,18.43,18.62,2506425,44606324.00
2023/12/12,19.16,19.21,18.42,18.97,1985690,35669148.00
2023/12/13,18.97,19.07,18.69,18.75,1080000,19390900.00
2023/12/14,18.71,19.09,18.42,18.81,1073400,19323534.00
2023/12/15,18.81,19.16,18.78,19.08,1666090,30202720.00
2023/12/18,19.08,19.19,18.88,18.97,1084500,19672432.00
2023/12/19,18.92,19.01,18.61,18.98,1470784,26341012.00
2023/12/20,19.03,19.19,18.63,18.68,1157880,20807882.00
2023/12/21,18.65,19.39,18.65,19.31,2160000,39209808.00
2023/12/22,19.06,19.66,19.00,19.07,1613500,29722528.00
2023/12/25,19.01,19.02,18.60,18.77,1391470,24793320.00
2023/12/26,18.59,18.69,18.31,18.51,1412848,24862752.00
2023/12/27,18.51,19.00,18.31,18.92,1051900,18802042.00
2023/12/28,18.96,19.28,18.68,19.24,1025000,18615504.00
2023/12/29,19.24,19.38,18.97,19.04,1464800,26802516.00
2024/01/02,19.00,20.85,18.94,20.85,5083900,99085040.00
2024/01/03,20.80,20.88,19.49,19.77,7306760,139308144.00
2024/01/04,19.77,19.89,19.26,19.43,3561000,66056144.00
2024/01/05,19.29,20.55,19.14,19.30,4363416,81770008.00
2024/01/08,19.06,19.66,18.58,19.11,3520303,64644016.00
2024/01/09,19.01,19.56,19.01,19.40,2410764,44414704.00
2024/01/10,19.27,19.78,18.94,19.47,2250900,41679356.00
2024/01/11,19.27,20.01,19.16,19.66,2562700,48150944.00
2024/01/12,19.66,19.92,19.43,19.54,1468533,27542572.00
2024/01/15,19.49,19.85,19.32,19.73,1589833,29832888.00
2024/01/16,19.65,19.87,19.45,19.85,1290000,24217200.00
2024/01/17,19.98,20.13,19.40,19.45,1398708,26360844.00
2024/01/18,19.40,19.49,18.64,19.40,1801995,32763808.00
2024/01/19,19.49,19.80,19.15,19.28,1181900,21897744.00
2024/01/22,19.28,19.44,18.11,18.26,2012500,35974920.00
2024/01/23,18.18,18.60,17.96,18.51,1501900,26111152.00
2024/01/24,18.57,19.17,18.25,18.73,2116000,37680004.00
2024/01/25,18.62,19.18,18.33,19.16,1602942,28597712.00
2024/01/26,19.10,19.46,18.85,18.95,1122700,20523404.00
2024/01/29,18.91,19.10,18.32,18.32,1091613,19384328.00
2024/01/30,18.02,18.42,17.50,17.65,1206785,20661436.00
2024/01/31,17.61,17.77,16.90,17.00,1522030,25075344.00
2024/02/01,17.00,17.35,16.29,16.93,3162600,50545848.00
2024/02/02,16.82,17.03,15.68,16.09,2034200,31471510.00
2024/02/05,15.84,16.26,14.57,14.57,1824400,25496788.00
2024/02/06,13.90,14.78,13.20,14.19,3393430,43939156.00
2024/02/07,14.32,14.55,13.50,13.75,3671546,48092436.00
2024/02/08,13.83,15.04,13.26,15.04,4045970,53483520.00
2024/02/19,15.16,16.45,15.16,16.45,2058800,31506768.00
数据来源:通达信
