603218 日月股份 日线 后复权
      日期	    开盘	    最高	    最低	    收盘	    成交量	    成交额
2016/12/28,34.42,34.42,34.42,34.42,32440,1116585.00
2016/12/29,37.86,37.86,37.86,37.86,15800,598188.00
2016/12/30,41.65,41.65,41.65,41.65,29716,1237671.00
2017/01/03,45.82,45.82,45.82,45.82,84171,3856715.00
2017/01/04,49.99,50.40,48.06,50.40,16581495,821012224.00
2017/01/05,50.00,50.45,46.12,47.70,17460681,843899712.00
2017/01/06,46.60,46.99,43.56,43.91,11537412,517988960.00
2017/01/09,43.13,44.56,42.50,43.27,6781272,295320864.00
2017/01/10,43.27,43.89,41.81,41.98,6614600,283342272.00
2017/01/11,41.70,41.73,40.02,40.42,6980691,283676128.00
2017/01/12,40.06,40.98,38.81,39.20,6513774,259262032.00
2017/01/13,39.00,42.08,38.15,40.22,8481236,336822368.00
2017/01/16,39.50,41.18,38.50,40.41,8527509,340919168.00
2017/01/17,39.92,42.38,39.09,41.64,10587460,433696288.00
2017/01/18,40.98,41.25,39.20,39.24,6459647,260128080.00
2017/01/19,38.12,39.98,38.02,38.50,4761719,185315472.00
2017/01/20,38.47,39.48,38.47,38.93,4024962,157089520.00
2017/01/23,38.91,39.40,38.53,38.74,3548478,138264784.00
2017/01/24,38.66,38.79,37.65,37.86,3706403,140904336.00
2017/01/25,38.00,38.45,37.90,38.24,2917380,111378040.00
2017/01/26,38.50,38.50,37.82,38.10,2121368,80832840.00
2017/02/03,38.05,39.06,37.93,38.67,2800255,107899232.00
2017/02/06,38.95,40.18,38.70,40.05,5512733,218448160.00
2017/02/07,39.73,39.79,39.01,39.51,4523266,178405904.00
2017/02/08,39.30,40.18,39.16,39.85,4218448,167349648.00
2017/02/09,39.75,40.08,39.42,39.54,3856996,153045120.00
2017/02/10,39.49,39.61,38.52,38.54,3989392,155550224.00
2017/02/13,38.00,39.50,38.00,39.36,4564576,178350336.00
2017/02/14,39.19,40.86,39.16,40.13,7641200,306008000.00
2017/02/15,39.78,42.16,39.77,40.76,10399648,426174752.00
2017/02/16,40.70,42.47,39.88,42.13,9459975,389440480.00
2017/02/17,42.13,43.80,41.41,41.90,9070837,385421792.00
2017/02/20,41.32,43.70,40.69,43.38,7229345,302249824.00
2017/02/21,43.00,47.65,42.42,46.50,11482138,508365248.00
2017/02/22,45.85,50.01,45.20,49.94,14100514,673286528.00
2017/02/23,49.89,54.90,48.86,54.65,21250462,1084945664.00
2017/02/24,53.90,58.90,53.20,56.47,17322602,970501952.00
2017/02/27,56.46,59.28,52.45,53.62,10840602,600072832.00
2017/02/28,53.62,54.50,52.37,53.77,7684218,408270144.00
2017/03/01,56.25,59.15,56.23,59.15,4353243,254372944.00
2017/03/02,65.07,65.07,65.07,65.07,2177068,141661808.00
2017/03/03,65.07,65.07,58.56,58.56,27301394,1613510016.00
2017/03/06,52.70,55.00,52.70,52.77,22789939,1209956608.00
2017/03/07,51.50,52.90,51.11,52.27,12626529,656365952.00
2017/03/08,52.50,52.87,51.10,51.41,10263171,530217312.00
2017/03/09,51.26,51.26,49.20,49.36,8653392,432271456.00
2017/03/10,49.36,50.30,49.01,49.50,7110798,353004064.00
2017/03/13,49.50,49.70,48.20,49.01,6063441,296160928.00
2017/03/14,49.01,50.49,48.71,49.50,7383188,367747872.00
2017/03/15,49.30,49.30,48.30,48.39,5634941,274390880.00
2017/03/16,48.65,50.28,48.20,49.75,8031118,397423744.00
2017/03/17,49.41,53.80,49.40,51.47,14676656,761529920.00
2017/03/20,51.53,52.50,50.51,52.49,10301248,533004608.00
2017/03/21,52.10,57.57,52.00,55.96,17577668,966433792.00
2017/03/22,55.00,57.50,54.01,55.72,13756635,766991680.00
2017/03/23,55.00,56.50,51.51,52.96,11389784,614091456.00
2017/03/24,53.20,53.95,52.58,53.71,6886203,367636640.00
2017/03/27,53.70,53.70,51.20,51.73,6936994,361203776.00
2017/03/28,51.26,51.70,49.28,49.34,5994343,301313152.00
2017/03/29,49.11,49.68,46.00,46.50,6736552,319535616.00
2017/03/30,46.14,49.83,44.40,48.46,9164009,432315616.00
2017/03/31,47.93,49.98,47.02,47.48,6271910,304877824.00
2017/04/05,46.22,48.74,45.00,48.45,5736943,272027616.00
2017/04/06,48.12,49.88,47.66,49.76,6696424,329129472.00
2017/04/07,49.50,49.50,47.70,47.78,4796707,233826992.00
2017/04/10,46.90,47.22,43.51,44.00,5743753,262439568.00
2017/04/11,43.89,45.46,43.70,45.29,4392240,196578000.00
2017/04/12,45.10,45.10,43.20,43.34,3964644,174750848.00
2017/04/13,43.31,44.35,42.60,43.01,2887978,125301144.00
2017/04/14,42.71,42.99,41.70,41.91,2718912,114508824.00
2017/04/17,40.75,42.36,39.60,41.40,3627305,148239776.00
2017/04/18,41.18,42.30,40.80,40.98,2593700,107660112.00
2017/04/19,40.38,43.35,40.38,43.09,5674065,240001120.00
2017/04/20,42.80,43.46,42.18,42.98,4293388,183841376.00
2017/04/21,42.99,43.67,42.55,42.77,2671723,114926864.00
2017/04/24,42.90,42.90,40.01,40.57,2556140,105465976.00
2017/04/25,40.75,41.68,40.70,40.97,2321160,95476632.00
2017/04/26,40.79,41.96,40.60,41.54,2749488,114046528.00
2017/04/27,41.12,42.96,40.21,42.94,5134957,215008144.00
2017/04/28,42.67,43.50,42.46,43.29,4058036,175138416.00
2017/05/02,43.31,43.50,42.50,42.65,2628431,112777944.00
2017/05/03,42.55,43.19,41.90,43.10,3259218,139045088.00
2017/05/04,43.00,44.90,42.39,44.46,5961260,261667888.00
2017/05/05,44.00,44.99,43.00,43.04,4575901,202259136.00
2017/05/08,42.50,42.50,40.02,40.23,3489089,144323648.00
2017/05/09,40.20,41.20,40.05,41.01,2334103,95062448.00
2017/05/10,40.99,41.50,39.04,39.18,2998555,121664120.00
2017/05/11,39.13,40.08,38.02,39.94,3199109,124775032.00
2017/05/12,39.60,40.44,39.21,39.88,2280008,91052320.00
2017/05/15,40.71,40.71,39.26,39.42,1802860,72055104.00
2017/05/16,39.10,40.29,38.45,40.18,2614069,102824752.00
2017/05/17,40.00,40.86,39.99,40.47,2914134,117673232.00
2017/05/18,39.62,40.34,39.62,39.74,1901500,75939896.00
2017/05/19,39.79,41.50,39.71,40.83,3857587,157359104.00
2017/05/22,40.26,40.65,38.61,38.72,2671040,105782104.00
2017/05/23,38.36,39.13,36.19,36.71,2476628,93473424.00
2017/05/24,36.43,37.36,36.05,36.97,1692644,62172256.00
2017/05/25,36.88,37.16,36.00,36.76,1981508,72515360.00
2017/05/26,36.80,37.65,36.50,37.04,1995340,73889192.00
2017/05/31,38.10,38.55,36.55,36.77,2374008,89344080.00
2017/06/01,36.30,36.67,34.42,34.45,3133632,110710152.00
2017/06/02,34.28,35.50,33.51,35.18,3292936,113125160.00
2017/06/05,35.16,35.75,35.10,35.21,2126008,75188640.00
2017/06/06,34.80,35.75,34.62,35.45,1983108,69730272.00
2017/06/07,35.49,36.56,35.11,36.24,3153084,113579416.00
2017/06/08,36.29,36.80,35.70,35.72,3209232,116390768.00
2017/06/09,35.80,35.85,34.80,35.27,2405125,84783088.00
2017/06/12,34.89,35.09,33.88,33.95,2207414,76182208.00
2017/06/13,33.85,35.00,33.83,34.82,1912066,66212708.00
2017/06/14,34.66,35.49,34.35,35.08,2368090,82803224.00
2017/06/15,34.94,36.49,34.82,36.26,4115225,148221152.00
2017/06/16,36.09,36.46,35.51,35.62,2207686,78987064.00
2017/06/19,35.65,36.58,35.42,36.25,2591416,93385200.00
2017/06/20,36.16,36.40,35.60,35.71,2578016,92847632.00
2017/06/21,35.90,35.99,35.07,35.40,1871744,66375444.00
2017/06/22,35.15,35.64,34.45,34.49,1875184,65857908.00
2017/06/23,34.50,34.89,34.02,34.60,1610689,55433008.00
2017/06/26,34.60,34.86,34.20,34.80,1423857,49320996.00
2017/06/27,34.80,35.28,34.66,34.91,1550574,54273240.00
2017/06/28,34.70,34.81,34.19,34.24,1383477,47565208.00
2017/06/29,34.30,34.66,34.23,34.54,1095034,37731196.00
2017/06/30,34.44,35.52,34.25,35.44,2686929,94276984.00
2017/07/03,35.34,35.75,35.31,35.66,2080041,73979832.00
2017/07/04,35.66,35.83,35.05,35.20,1614426,56951216.00
2017/07/05,35.20,35.77,35.10,35.59,1947181,69141832.00
2017/07/06,35.58,35.60,34.88,35.13,1765534,62208920.00
2017/07/07,34.93,37.08,34.86,36.57,4693996,169983568.00
2017/07/10,36.01,36.49,35.50,35.74,2820766,101324160.00
2017/07/11,35.90,36.10,34.54,34.82,2137075,75612416.00
2017/07/12,34.88,34.98,33.88,34.96,1991064,68505104.00
2017/07/13,34.88,34.90,34.40,34.57,1274300,44105536.00
2017/07/14,34.50,34.78,34.13,34.19,1108023,38147916.00
2017/07/17,33.73,33.99,30.77,30.77,3166214,100416560.00
2017/07/18,30.16,31.10,29.90,30.41,2045876,62052112.00
2017/07/19,30.35,30.76,29.93,30.48,1768851,53625180.00
2017/07/20,30.42,31.70,30.21,31.62,3189040,99410664.00
2017/07/21,31.70,32.77,31.11,32.26,2937022,93699736.00
2017/07/24,32.03,33.46,31.65,33.06,2612491,85613816.00
2017/07/25,33.09,35.80,32.80,33.26,4685750,157064848.00
2017/07/26,33.02,33.07,31.54,31.68,2903565,93317400.00
2017/07/27,31.61,32.50,31.15,32.13,1963699,62910832.00
2017/07/28,32.02,32.34,31.43,31.48,1461055,46444672.00
2017/07/31,31.47,31.60,31.03,31.26,1085568,33997080.00
2017/08/01,31.31,31.69,30.70,31.52,1602150,49939756.00
2017/08/02,31.32,31.49,30.82,30.87,1240916,38592324.00
2017/08/03,30.99,31.63,30.50,31.16,1288960,40241168.00
2017/08/04,31.28,31.60,30.90,30.93,1164503,36330076.00
2017/08/07,30.72,31.38,30.72,31.15,929460,28983766.00
2017/08/08,31.30,31.40,30.95,31.07,902160,27923244.00
2017/08/09,30.92,31.60,30.92,31.38,1327419,41311644.00
2017/08/10,31.26,31.55,30.40,30.48,1672814,51389332.00
2017/08/11,30.18,30.91,30.10,30.22,1151030,34872712.00
2017/08/14,30.19,30.71,30.09,30.59,1003908,30478520.00
2017/08/15,30.59,31.01,30.47,30.87,1130016,34591480.00
2017/08/16,30.80,31.27,30.63,31.09,1533108,47365168.00
2017/08/17,31.09,31.32,30.85,31.26,1331172,41197112.00
2017/08/18,31.25,31.25,30.63,30.65,1467208,45016300.00
2017/08/21,30.45,31.44,30.45,31.27,1566752,48517728.00
2017/08/22,31.24,32.95,31.18,31.73,3596816,115144368.00
2017/08/23,31.49,32.35,31.21,31.97,2762082,87508952.00
2017/08/24,31.79,32.38,31.36,31.60,2277220,72327848.00
2017/08/25,31.35,32.38,31.35,32.25,2362960,75165824.00
2017/08/28,32.34,33.03,32.04,32.68,2897850,93856344.00
2017/08/29,32.65,34.12,32.01,33.35,5140345,169060736.00
2017/08/30,32.96,33.10,32.40,32.63,2616119,85288744.00
2017/08/31,32.63,33.03,32.43,32.98,2238944,73186440.00
2017/09/01,33.00,33.06,32.41,32.72,1968100,63960124.00
2017/09/04,32.71,32.71,32.05,32.28,1964089,63086512.00
2017/09/05,32.16,32.43,32.03,32.18,1409500,45172676.00
2017/09/06,32.08,32.30,31.68,32.19,1751859,55677328.00
2017/09/07,32.27,32.89,32.15,32.35,2144200,69426528.00
2017/09/08,32.43,32.45,31.91,32.20,1509185,48377312.00
2017/09/11,32.33,32.85,32.08,32.75,2185781,70769184.00
2017/09/12,32.93,33.01,31.95,32.05,2465224,79338656.00
2017/09/13,31.99,32.31,31.80,32.25,1240828,39674628.00
2017/09/14,32.23,32.35,31.85,32.00,1272928,40647712.00
2017/09/15,31.99,32.07,31.45,31.48,1332524,42046624.00
2017/09/18,31.33,31.65,31.28,31.49,1042076,32668588.00
2017/09/19,31.67,31.82,31.45,31.60,1045676,32849936.00
2017/09/20,31.57,31.80,31.26,31.74,1107240,34786088.00
2017/09/21,31.72,31.97,31.39,31.51,1277477,40321088.00
2017/09/22,31.55,31.82,31.34,31.50,978316,30666376.00
2017/09/25,31.51,31.68,30.88,31.05,1054200,32937092.00
2017/09/26,30.71,31.05,30.35,30.61,1348467,41079760.00
2017/09/27,30.51,30.82,30.51,30.71,748748,22854896.00
2017/09/28,30.71,30.84,30.32,30.47,1369953,41701504.00
2017/09/29,30.47,30.78,30.37,30.75,1005097,30586272.00
2017/10/09,31.04,31.41,30.87,31.09,1235808,38164952.00
2017/10/10,31.10,31.76,31.01,31.64,1404121,43833104.00
2017/10/11,31.65,31.91,31.35,31.80,1640508,51632376.00
2017/10/12,31.70,31.83,31.30,31.49,1022508,32086658.00
2017/10/13,31.43,31.80,31.25,31.66,1572028,49533656.00
2017/10/16,31.66,31.85,30.55,30.59,1683652,52050612.00
2017/10/17,30.61,31.59,30.40,31.12,1482700,45727532.00
2017/10/18,31.00,31.22,30.46,30.54,1026800,31515152.00
2017/10/19,30.49,30.73,29.91,30.05,1165708,35068840.00
2017/10/20,30.05,30.48,30.05,30.46,809752,24424236.00
2017/10/23,30.47,30.93,30.21,30.82,1023181,31157518.00
2017/10/24,30.71,32.04,30.28,31.65,3155808,98735144.00
2017/10/25,31.46,32.47,31.36,32.27,4521749,144751408.00
2017/10/26,32.08,32.27,31.75,32.03,2183411,69546056.00
2017/10/27,31.87,32.02,31.48,31.57,1967728,62050508.00
2017/10/30,31.50,31.75,29.26,30.02,2267438,68184520.00
2017/10/31,30.00,30.49,29.86,30.30,1105359,33162430.00
2017/11/01,30.17,30.48,30.05,30.07,1351300,40580320.00
2017/11/02,30.02,30.24,29.34,29.47,1602508,47106672.00
2017/11/03,29.26,29.68,28.78,28.92,1175900,34138608.00
2017/11/06,28.91,29.35,28.57,29.29,944224,27350196.00
2017/11/07,29.28,29.54,29.00,29.53,1101916,32052066.00
2017/11/08,29.50,29.95,29.35,29.49,1415554,41785156.00
2017/11/09,29.28,29.60,29.28,29.47,795600,23293796.00
2017/11/10,29.37,29.64,29.36,29.55,1003165,29433050.00
2017/11/13,29.50,30.29,29.48,29.76,1240900,36893556.00
2017/11/14,29.76,29.76,28.81,28.98,1511198,43818832.00
2017/11/15,28.98,29.10,28.56,28.60,939908,26910488.00
2017/11/16,28.60,28.79,28.35,28.37,828888,23548288.00
2017/11/17,28.37,28.49,26.16,26.39,2355316,63213676.00
2017/11/20,26.35,26.35,24.95,25.82,1538800,39083296.00
2017/11/21,25.57,26.11,25.26,25.42,1047724,26665672.00
2017/11/22,25.45,26.04,25.41,25.62,1092405,27872058.00
2017/11/23,25.52,25.73,25.06,25.20,954200,24089060.00
2017/11/24,25.15,25.32,25.10,25.19,672500,16840452.00
2017/11/27,25.16,25.21,24.54,24.60,858580,21166620.00
2017/11/28,24.65,25.05,24.53,25.01,934626,23040818.00
2017/11/29,25.00,25.20,24.63,25.18,1238442,30676888.00
2017/11/30,24.95,25.47,24.95,25.13,1029102,25815516.00
2017/12/01,24.97,25.20,24.85,25.11,719100,17907112.00
2017/12/04,25.04,26.13,24.68,25.45,2328808,59059080.00
2017/12/05,25.23,26.43,25.23,26.07,3402016,87884880.00
2017/12/06,26.28,26.28,25.35,25.95,2256800,57811256.00
2017/12/07,25.92,25.95,25.27,25.45,1635732,41453668.00
2017/12/08,25.34,26.56,25.23,26.32,2645606,68348016.00
2017/12/11,26.00,26.60,25.96,26.13,1782729,46408760.00
2017/12/12,25.99,26.15,24.95,24.98,1708800,43370456.00
2017/12/13,24.96,25.22,24.73,25.03,855222,21275816.00
2017/12/14,24.89,25.31,24.80,25.29,956208,23813752.00
2017/12/15,25.29,25.40,24.88,25.02,735000,18269044.00
2017/12/18,25.25,25.25,24.75,24.78,681300,16819260.00
2017/12/19,24.77,24.93,24.75,24.85,688514,16992308.00
2017/12/20,24.75,24.86,24.15,24.16,1270322,30793956.00
2017/12/21,24.03,24.03,23.66,23.81,1120427,26523184.00
2017/12/22,23.81,23.97,23.50,23.53,813908,19190120.00
2017/12/25,23.15,23.52,21.82,22.41,1954112,43552712.00
2017/12/26,22.33,23.27,22.10,22.98,1635243,36965816.00
2017/12/27,22.89,22.94,22.33,22.37,1279527,28742938.00
2017/12/28,22.37,23.11,22.17,22.76,1488850,33659020.00
2017/12/29,22.35,22.75,21.53,22.60,1970559,43328520.00
2018/01/02,22.56,23.57,22.37,22.97,1771100,40435808.00
2018/01/03,22.70,23.02,22.66,22.95,1335784,30321360.00
2018/01/04,22.96,23.12,22.85,22.93,1250873,28520284.00
2018/01/05,22.83,23.10,22.83,22.93,1400200,31957216.00
2018/01/08,22.93,23.02,22.60,22.72,996160,22510852.00
2018/01/09,22.70,22.81,22.14,22.33,2218400,49175104.00
2018/01/10,22.34,22.34,21.94,22.11,1198108,26345850.00
2018/01/11,22.03,22.59,21.90,22.47,1235452,27441676.00
2018/01/12,22.44,22.63,22.21,22.52,1121702,24957842.00
2018/01/15,23.03,23.05,22.07,22.14,1277102,28590204.00
2018/01/16,22.00,22.52,21.81,22.34,795800,17571772.00
2018/01/17,22.17,23.34,21.90,22.95,2673831,60474768.00
2018/01/18,22.76,23.22,22.76,22.87,1172524,26691328.00
2018/01/19,22.77,23.25,22.75,22.89,1473708,33640272.00
2018/01/22,22.86,23.25,22.77,23.12,1439816,33012516.00
2018/01/23,23.12,23.15,22.63,22.75,1437339,32602114.00
2018/01/24,22.76,22.76,22.48,22.54,1782947,39971864.00
2018/01/25,22.61,23.04,22.30,22.31,1829300,41073908.00
2018/01/26,22.31,22.53,22.12,22.17,1139932,25276264.00
2018/01/29,22.21,22.28,21.95,21.98,852900,18700736.00
2018/01/30,22.13,22.13,21.75,21.85,803800,17457782.00
2018/01/31,21.75,21.85,20.38,20.72,1733706,36269792.00
2018/02/01,20.86,20.86,19.67,19.71,1449040,28947076.00
2018/02/02,19.71,19.93,19.05,19.16,1123700,21482910.00
2018/02/05,18.99,19.19,18.56,18.94,810719,15193433.00
2018/02/06,18.73,18.73,17.06,17.06,1802648,32066222.00
2018/02/07,17.57,18.36,17.30,17.80,2360598,41547916.00
2018/02/08,17.70,18.49,17.46,18.34,1806839,32414644.00
2018/02/09,17.64,18.09,17.53,17.84,1399008,24668132.00
2018/02/12,18.17,18.34,17.91,18.25,1300979,23505692.00
2018/02/13,18.21,18.56,18.21,18.26,1313940,23935504.00
2018/02/14,18.26,18.46,18.15,18.34,640377,11603601.00
2018/02/22,18.37,18.94,18.37,18.81,1048200,19483424.00
2018/02/23,18.75,18.96,18.62,18.75,763863,14205157.00
2018/02/26,18.70,19.33,18.69,19.19,1276763,24184896.00
2018/02/27,19.30,19.30,18.95,19.08,831200,15728628.00
2018/02/28,19.05,19.11,18.76,18.98,713726,13418162.00
2018/03/01,18.81,19.26,18.68,19.16,939399,17777778.00
2018/03/02,18.95,19.35,18.86,19.03,858199,16321097.00
2018/03/05,19.01,19.27,19.00,19.23,775000,14721168.00
2018/03/06,19.17,19.43,19.16,19.38,1039239,19910784.00
2018/03/07,19.38,19.41,18.97,19.03,911500,17348398.00
2018/03/08,18.88,19.55,18.88,19.53,1526224,29272738.00
2018/03/09,19.50,20.51,19.38,20.25,2705448,54042856.00
2018/03/12,20.25,20.51,19.99,20.26,1773040,35572772.00
2018/03/13,20.28,20.28,19.96,20.03,1126363,22442248.00
2018/03/14,20.06,20.06,19.61,19.65,991308,19471932.00
2018/03/15,19.58,19.65,18.71,19.37,1901699,36179616.00
2018/03/16,19.22,19.73,19.20,19.44,1203200,23245864.00
2018/03/19,19.41,19.57,19.09,19.42,985300,18944640.00
2018/03/20,19.27,19.40,19.09,19.18,958900,18308756.00
2018/03/21,19.36,20.00,19.22,19.51,2085900,40713180.00
2018/03/22,19.43,19.84,19.36,19.49,1393100,27048068.00
2018/03/23,19.10,19.10,17.56,18.10,2486300,44851204.00
2018/03/26,17.85,18.24,17.57,18.21,772600,13785957.00
2018/03/27,18.31,18.74,18.27,18.65,1045000,19230632.00
2018/03/28,18.47,18.85,18.26,18.66,915840,16971412.00
2018/03/29,18.65,20.51,18.56,19.66,3617263,71114952.00
2018/03/30,19.51,20.00,19.41,19.96,2613917,51223912.00
2018/04/02,19.97,21.15,19.86,20.54,3725161,76309184.00
2018/04/03,20.13,21.09,19.97,20.67,2727024,55450260.00
2018/04/04,20.38,21.03,20.22,20.52,2331500,47574608.00
2018/04/09,20.14,20.35,19.75,20.09,1727522,34327156.00
2018/04/10,20.25,20.29,19.76,20.02,1352500,26896338.00
2018/04/11,19.98,20.24,19.97,20.04,1594824,31822084.00
2018/04/12,19.90,20.84,19.90,20.76,2814362,57444204.00
2018/04/13,20.64,20.89,20.10,20.18,1878738,38244460.00
2018/04/16,20.00,20.15,18.91,19.30,2087114,40269360.00
2018/04/17,19.31,19.48,18.60,18.73,1215500,22825860.00
2018/04/18,18.81,19.02,18.27,18.95,917468,17048788.00
2018/04/19,18.95,19.19,18.78,18.83,1064000,20004204.00
2018/04/20,18.80,18.82,18.17,18.26,870143,15964467.00
2018/04/23,18.26,18.58,18.07,18.42,567079,10322938.00
2018/04/24,18.45,18.88,18.36,18.86,780808,14493777.00
2018/04/25,18.70,19.13,18.70,18.87,906872,17013868.00
2018/04/26,18.83,18.83,18.24,18.27,1046508,19100332.00
2018/04/27,18.21,18.49,18.16,18.41,634000,11539401.00
2018/05/02,18.42,18.57,18.15,18.25,478300,8683736.00
2018/05/03,18.25,18.51,17.93,18.42,682100,12319726.00
2018/05/04,18.32,18.80,18.32,18.77,781008,14364980.00
2018/05/07,18.73,20.04,18.61,19.87,2554808,49624112.00
2018/05/08,19.75,20.33,19.65,19.93,2040424,40497540.00
2018/05/09,19.76,20.23,19.76,19.97,1288208,25525656.00
2018/05/10,19.97,21.43,19.97,20.89,4810887,98244016.00
2018/05/11,20.73,20.73,19.78,19.95,2896122,58029800.00
2018/05/14,19.65,20.05,19.58,19.69,1291607,25388592.00
2018/05/15,19.71,20.95,19.67,20.32,2919615,59052712.00
2018/05/16,20.14,22.34,19.96,22.34,6096463,128606696.00
2018/05/17,22.19,22.19,21.21,21.35,6276879,135097904.00
2018/05/18,21.05,22.34,21.04,21.77,4367004,93951248.00
2018/05/21,21.94,23.00,21.50,22.60,5471447,121295800.00
2018/05/22,22.61,22.94,22.05,22.49,3905700,87047304.00
2018/05/23,22.26,22.33,21.52,21.58,3101752,67037144.00
2018/05/24,21.63,22.43,21.45,22.02,4642837,102004144.00
2018/05/25,21.92,22.08,21.35,21.97,2956056,63800848.00
2018/05/28,21.81,21.98,21.23,21.38,1747016,37458988.00
2018/05/29,21.25,21.71,20.60,20.91,1669924,35355800.00
2018/05/30,20.33,20.33,19.25,19.54,2547208,50095980.00
2018/05/31,19.71,20.05,19.58,19.69,1167532,22683712.00
2018/06/01,19.93,20.33,19.43,19.70,1476047,28929764.00
2018/06/04,19.73,20.03,19.08,19.17,1303264,24941000.00
2018/06/05,19.14,19.82,19.14,19.72,1166816,22465532.00
2018/06/06,19.72,19.97,19.41,19.53,1603351,30833432.00
2018/06/07,19.69,21.45,19.61,21.45,7427521,152662448.00
2018/06/08,20.93,23.35,20.83,22.11,10262290,219551280.00
2018/06/11,21.55,22.03,21.22,21.86,4819884,102704016.00
2018/06/12,21.85,22.86,21.65,22.73,7688990,169651440.00
2018/06/13,22.38,22.38,21.37,21.65,4780840,103148168.00
2018/06/14,21.29,22.03,21.27,21.95,3103946,66548572.00
2018/06/15,21.85,21.85,20.08,20.54,4090556,83945816.00
2018/06/19,20.00,20.04,18.52,18.52,3039808,57082248.00
2018/06/20,18.02,18.98,18.02,18.64,2628808,47955612.00
2018/06/21,18.64,19.03,17.95,18.13,2460008,44606752.00
2018/06/22,17.70,18.58,17.68,18.34,1585133,28337172.00
2018/06/25,18.70,18.85,18.42,18.55,1713750,31320276.00
2018/06/26,18.31,18.94,18.06,18.87,1697508,31099674.00
2018/06/27,18.85,19.33,18.68,18.96,1905208,35597104.00
2018/06/28,18.90,19.24,18.20,18.28,1895566,34852080.00
2018/06/29,18.15,19.34,18.15,19.08,2016816,37316264.00
2018/07/02,19.09,19.18,18.47,18.71,1643916,30371986.00
2018/07/03,18.85,19.36,18.66,19.35,1976000,36966400.00
2018/07/04,19.23,19.24,18.66,18.69,1573500,29239954.00
2018/07/05,18.69,18.84,17.83,17.88,1504900,26962924.00
2018/07/06,17.95,18.50,17.38,18.07,1364400,24203016.00
2018/07/09,18.12,18.51,18.12,18.46,1002120,18076544.00
2018/07/10,18.41,18.70,18.26,18.60,1142400,20743984.00
2018/07/11,18.27,18.36,17.45,17.80,1373600,24130516.00
2018/07/12,17.75,18.29,17.75,18.22,1250700,22241584.00
2018/07/13,18.18,18.34,18.08,18.26,757812,13557998.00
2018/07/16,18.37,18.86,18.26,18.84,1695400,31019780.00
2018/07/17,18.84,18.85,18.43,18.70,1068900,19490396.00
2018/07/18,18.72,18.90,18.53,18.54,950408,17432288.00
2018/07/19,18.57,18.80,18.06,18.07,1056558,18926676.00
2018/07/20,18.06,18.43,17.97,18.26,765508,13698704.00
2018/07/23,18.35,18.43,18.11,18.43,813427,14604402.00
2018/07/24,18.65,18.87,18.47,18.75,1487508,27331500.00
2018/07/25,18.43,20.35,18.05,18.94,3584966,66554392.00
2018/07/26,18.59,18.91,18.56,18.74,1661400,30513614.00
2018/07/27,18.66,18.71,18.27,18.30,1195200,21654590.00
2018/07/30,18.28,18.48,17.92,18.02,885600,15778741.00
2018/07/31,18.02,18.91,18.01,18.69,1742100,31779334.00
2018/08/01,18.60,18.75,18.44,18.46,971393,17717696.00
2018/08/02,18.22,18.43,17.95,18.11,1279258,22702508.00
2018/08/03,18.15,18.40,17.99,18.07,661000,11793971.00
2018/08/06,17.84,18.03,16.95,17.08,1084900,18598238.00
2018/08/07,17.12,17.54,17.05,17.41,659768,11182200.00
2018/08/08,17.35,17.43,16.70,16.78,893668,14956756.00
2018/08/09,16.73,17.07,16.55,16.95,962600,15959486.00
2018/08/10,17.16,17.16,16.90,17.01,519600,8658444.00
2018/08/13,17.00,17.01,16.54,16.94,805716,13258909.00
2018/08/14,16.94,17.03,16.81,16.99,593000,9839998.00
2018/08/15,16.96,17.04,16.65,16.71,705200,11635443.00
2018/08/16,16.66,16.73,16.35,16.39,760600,12323543.00
2018/08/17,16.46,16.62,15.57,15.62,1113800,17628316.00
2018/08/20,15.75,15.93,15.41,15.81,742716,11405270.00
2018/08/21,15.99,16.03,15.72,15.90,593200,9241803.00
2018/08/22,15.90,15.90,15.48,15.50,535300,8224755.00
2018/08/23,15.50,15.84,15.50,15.76,696300,10727774.00
2018/08/24,15.77,16.02,15.73,15.82,519800,8068428.00
2018/08/27,16.12,16.12,15.84,15.96,617835,9636203.00
2018/08/28,16.01,16.09,15.90,15.93,575300,8971365.00
2018/08/29,15.97,16.85,15.75,16.10,1258600,19915044.00
2018/08/30,15.99,16.20,15.71,15.72,730900,11366014.00
2018/08/31,15.72,15.81,15.54,15.66,352800,5416673.00
2018/09/03,15.70,16.10,15.58,16.09,794633,12332055.00
2018/09/04,15.91,16.13,15.84,16.04,786600,12317417.00
2018/09/05,15.98,16.19,15.78,15.78,913100,14286542.00
2018/09/06,16.08,16.08,15.61,15.65,428400,6582939.00
2018/09/07,15.65,15.86,15.45,15.59,551900,8439693.00
2018/09/10,15.59,15.60,15.23,15.23,596400,8954423.00
2018/09/11,15.23,15.42,15.16,15.37,444252,6655585.00
2018/09/12,15.47,15.52,15.26,15.37,322200,4857579.00
2018/09/13,15.52,15.68,15.36,15.65,617999,9391320.00
2018/09/14,15.65,15.70,15.45,15.48,427099,6496648.00
2018/09/17,15.40,15.49,14.84,14.84,642100,9505281.00
2018/09/18,14.83,15.09,14.83,15.05,751900,11010175.00
2018/09/19,15.05,15.33,14.91,15.19,686699,10200357.00
2018/09/20,15.23,15.42,14.92,15.05,775235,11473406.00
2018/09/21,14.98,15.33,14.98,15.23,711300,10545010.00
2018/09/25,15.23,15.32,15.14,15.30,577100,8606290.00
2018/09/26,15.36,15.37,15.18,15.20,622899,9297653.00
2018/09/27,15.21,15.28,14.81,14.84,968500,14173256.00
2018/09/28,14.82,15.10,14.76,14.98,731200,10680124.00
2018/10/08,14.97,14.97,14.41,14.49,614600,8778328.00
2018/10/09,14.55,14.65,14.40,14.40,428200,6064882.00
2018/10/10,14.42,14.82,14.36,14.80,951952,13590023.00
2018/10/11,14.33,14.35,13.36,13.36,1237800,16622652.00
2018/10/12,13.36,13.36,12.15,12.73,1292840,15976082.00
2018/10/15,12.85,12.90,12.55,12.55,719115,8877789.00
2018/10/16,12.55,12.74,12.17,12.22,889715,10769818.00
2018/10/17,12.46,12.58,11.99,12.36,858800,10272428.00
2018/10/18,12.15,12.36,12.02,12.16,672600,7954832.00
2018/10/19,12.05,12.51,11.84,12.45,1032200,12243561.00
2018/10/22,12.53,13.09,12.29,12.99,1454672,18213860.00
2018/10/23,12.95,13.30,12.81,12.89,1284878,16324554.00
2018/10/24,12.76,13.68,12.60,13.45,1503814,19534392.00
2018/10/25,13.25,13.25,12.70,13.10,945860,11998018.00
2018/10/26,13.30,13.45,13.15,13.31,937458,12183336.00
2018/10/29,13.21,13.77,13.20,13.71,1688162,22406512.00
2018/10/30,13.63,13.97,13.48,13.55,1285600,17196048.00
2018/10/31,13.62,14.11,13.50,13.85,1289544,17497716.00
2018/11/01,14.00,14.29,13.85,14.10,1244044,17137134.00
2018/11/02,14.55,14.65,14.07,14.32,1086315,15117477.00
2018/11/05,14.28,14.65,14.13,14.56,1012008,14329177.00
2018/11/06,14.57,14.63,14.28,14.32,631400,8857670.00
2018/11/07,14.53,14.94,14.35,14.69,2063200,29670248.00
2018/11/08,14.63,14.99,14.63,14.75,1048700,15189794.00
2018/11/09,14.70,14.87,14.54,14.71,616815,8877598.00
2018/11/12,14.79,15.73,14.55,15.59,1379681,20590864.00
2018/11/13,15.55,16.85,15.31,15.95,1966408,30843716.00
2018/11/14,15.65,16.54,15.20,16.27,2252616,34861260.00
2018/11/15,15.91,16.29,15.71,16.10,1156921,18205428.00
2018/11/16,16.25,17.09,16.05,16.72,1757720,28772240.00
2018/11/19,16.79,17.00,16.46,16.75,882921,14389906.00
2018/11/20,16.64,16.85,16.13,16.15,1146300,18383120.00
2018/11/21,15.90,16.90,15.86,16.75,1215443,19606242.00
2018/11/22,16.75,16.94,16.27,16.48,913671,14840653.00
2018/11/23,16.58,16.80,15.75,16.04,891500,14108382.00
2018/11/26,16.07,16.70,16.06,16.15,1014913,16281578.00
2018/11/27,16.43,16.57,16.18,16.29,557987,8969308.00
2018/11/28,16.65,16.93,16.19,16.76,1388197,22759516.00
2018/11/29,16.76,16.99,16.25,16.30,793846,12818923.00
2018/11/30,16.43,16.62,15.95,16.49,741415,11801056.00
2018/12/03,16.64,18.10,16.64,17.64,3044881,52812584.00
2018/12/04,17.70,18.22,17.65,17.81,1480271,25985380.00
2018/12/05,17.35,18.02,17.22,17.65,1091975,18988888.00
2018/12/06,17.34,18.12,17.34,17.55,1026898,17891508.00
2018/12/07,17.89,17.95,17.45,17.50,630295,10922907.00
2018/12/10,17.79,18.14,17.66,17.85,1376480,24206252.00
2018/12/11,17.79,18.08,17.38,17.61,898572,15543621.00
2018/12/12,17.63,17.92,17.59,17.62,435572,7572644.00
2018/12/13,17.77,18.53,17.30,18.23,1669508,29449720.00
2018/12/14,18.04,18.35,17.60,17.70,764136,13430536.00
2018/12/17,17.60,18.00,17.15,17.39,938500,16042338.00
2018/12/18,17.43,17.68,17.15,17.67,924903,15782097.00
2018/12/19,17.45,17.53,16.93,16.95,971000,16309443.00
2018/12/20,16.90,17.35,16.85,17.15,427700,7179010.00
2018/12/21,16.97,17.30,16.75,17.01,517522,8650048.00
2018/12/24,17.32,17.42,16.95,17.28,451192,7620659.00
2018/12/25,17.48,17.75,16.60,17.66,686449,11651114.00
2018/12/26,17.83,17.84,17.37,17.48,431300,7406187.00
2018/12/27,17.50,17.73,17.03,17.04,423520,7206589.00
2018/12/28,17.04,17.28,16.75,16.87,418500,6949099.00
2019/01/02,16.80,17.25,16.80,17.08,471731,7905005.00
2019/01/03,17.08,17.43,16.20,16.49,536181,8835746.00
2019/01/04,16.49,18.06,15.97,17.85,1539247,25988588.00
2019/01/07,17.85,18.04,17.45,17.81,837708,14618046.00
2019/01/08,17.85,17.95,17.56,17.71,448655,7801772.00
2019/01/09,17.61,17.87,17.58,17.65,526249,9134435.00
2019/01/10,17.65,18.65,17.65,18.53,1579975,28571850.00
2019/01/11,18.43,18.48,18.03,18.06,761860,13595419.00
2019/01/14,18.02,18.20,17.55,17.71,568571,9906179.00
2019/01/15,17.71,17.99,17.53,17.80,427374,7472985.00
2019/01/16,17.80,18.35,17.80,18.33,916351,16394894.00
2019/01/17,18.33,18.47,17.78,18.44,1059900,18903984.00
2019/01/18,18.44,18.50,17.97,18.27,435162,7798041.00
2019/01/21,18.35,18.94,17.76,18.13,1291743,23272164.00
2019/01/22,17.78,18.30,17.78,18.02,626800,11112919.00
2019/01/23,18.12,18.23,17.88,17.98,288105,5087230.00
2019/01/24,17.98,19.10,17.83,18.83,1811870,33321038.00
2019/01/25,19.43,19.90,18.57,19.25,2014408,38168504.00
2019/01/28,19.89,21.14,19.56,20.91,2915319,59198280.00
2019/01/29,20.36,20.93,19.61,20.19,1352380,26907504.00
2019/01/30,21.01,21.01,19.69,20.46,1700191,34000072.00
2019/01/31,20.33,21.22,20.19,20.32,1754506,36005672.00
2019/02/01,20.25,21.32,20.25,20.90,1227670,25176374.00
2019/02/11,21.33,21.33,20.70,21.00,1148636,23883690.00
2019/02/12,21.15,21.25,20.67,20.88,1124273,23034460.00
2019/02/13,20.88,20.89,20.33,20.77,1789185,36139460.00
2019/02/14,20.35,20.43,19.57,20.00,3531470,69598912.00
2019/02/15,20.10,20.10,19.29,19.55,2501989,48341412.00
2019/02/18,19.55,20.59,19.55,20.22,2136669,42274844.00
2019/02/19,20.29,20.69,20.14,20.22,1599232,32008348.00
2019/02/20,20.22,20.48,19.85,20.34,815262,16254754.00
2019/02/21,20.43,20.49,20.04,20.06,977959,19489412.00
2019/02/22,20.06,20.10,19.28,19.62,1740302,33499624.00
2019/02/25,20.01,21.14,19.75,20.83,2064723,41796400.00
2019/02/26,21.36,21.40,20.33,20.42,2171884,44093836.00
2019/02/27,20.38,20.79,20.05,20.12,1382696,27509478.00
2019/02/28,20.12,20.76,20.00,20.55,1274682,25679570.00
2019/03/01,20.67,20.85,20.33,20.84,1278255,25913020.00
2019/03/04,20.71,21.14,20.60,20.74,2539600,51760468.00
2019/03/05,20.80,22.55,20.68,22.33,3392236,73118704.00
2019/03/06,22.36,22.65,21.68,22.14,1570093,34222552.00
2019/03/07,22.13,22.16,21.58,21.76,1257573,27047156.00
2019/03/08,21.75,22.13,20.75,20.76,1267600,26761128.00
2019/03/11,20.72,22.01,20.72,21.89,1278308,27094624.00
2019/03/12,22.02,23.35,22.02,22.94,2694330,60663936.00
2019/03/13,22.93,24.05,22.63,22.72,1498859,34396496.00
2019/03/14,22.38,23.60,22.38,23.37,1597962,36649840.00
2019/03/15,23.35,25.50,23.15,25.01,2595806,63636608.00
2019/03/18,25.01,26.75,24.34,25.32,2549130,64078048.00
2019/03/19,25.25,25.83,24.21,25.66,2936241,71914936.00
2019/03/20,25.95,28.04,25.87,26.69,4977937,131965888.00
2019/03/21,25.87,27.43,25.87,26.44,1913900,50354148.00
2019/03/22,26.20,26.74,24.95,25.47,2076910,52249940.00
2019/03/25,25.72,26.83,25.19,26.61,2275496,59443708.00
2019/03/26,26.61,26.99,25.95,26.22,1393030,36316952.00
2019/03/27,26.22,27.01,26.05,26.28,1224566,32158388.00
2019/03/28,26.15,27.38,25.92,26.60,1814393,48048908.00
2019/03/29,26.60,27.24,25.45,26.93,2017768,52292640.00
2019/04/01,26.93,28.59,26.11,28.27,2161575,59582036.00
2019/04/02,28.40,28.59,27.67,27.75,1054023,29126934.00
2019/04/03,27.73,27.93,25.35,25.79,2894794,76095464.00
2019/04/04,26.09,26.61,24.55,25.41,4870950,122226832.00
2019/04/08,25.40,26.51,25.40,26.51,3151163,81183456.00
2019/04/09,26.06,26.38,25.35,25.48,2440701,61691424.00
2019/04/10,25.22,25.63,24.93,25.34,2163241,54139616.00
2019/04/11,25.53,25.53,24.65,24.80,1426620,35275212.00
2019/04/12,24.58,25.03,22.45,23.22,4119649,95155960.00
2019/04/15,23.88,24.64,23.48,23.48,4433505,104788944.00
2019/04/16,23.85,24.61,23.24,23.58,3665600,85660960.00
2019/04/17,23.75,24.84,23.55,24.35,3044723,73252448.00
2019/04/18,24.28,24.28,23.39,23.61,2393439,55944424.00
2019/04/19,23.67,24.20,23.38,23.82,1644038,38479164.00
2019/04/22,23.79,24.28,23.40,23.60,1735554,40953928.00
2019/04/23,23.70,23.85,22.90,23.00,1708444,39162648.00
2019/04/24,23.00,23.85,22.98,23.22,1568672,35964528.00
2019/04/25,23.55,23.55,21.65,22.14,1706259,38152724.00
2019/04/26,22.14,24.23,22.07,23.57,3781447,86206096.00
2019/04/29,23.57,24.02,22.65,23.15,2713823,61994800.00
2019/04/30,23.16,24.14,23.15,23.68,2029738,47397224.00
2019/05/06,22.57,23.62,21.46,22.60,2250375,50357208.00
2019/05/07,22.49,23.66,22.47,23.46,1514908,34554692.00
2019/05/08,22.35,24.22,22.35,23.30,1790327,41447648.00
2019/05/09,23.45,25.35,23.16,25.07,3153082,75914464.00
2019/05/10,24.95,25.83,24.37,25.42,3334259,83151936.00
2019/05/13,24.95,25.33,24.55,25.01,1703512,41882676.00
2019/05/14,24.85,25.75,24.60,25.13,1871787,46764164.00
2019/05/15,25.03,25.63,24.70,25.48,1726669,43020624.00
2019/05/16,25.53,25.75,24.57,24.86,1701161,41929864.00
2019/05/17,24.89,25.34,23.93,24.34,1248999,30401046.00
2019/05/20,24.05,24.05,22.95,23.38,1262176,29070262.00
2019/05/21,23.68,24.63,23.42,24.32,872930,20713320.00
2019/05/22,24.34,24.65,23.44,23.89,1009882,23937404.00
2019/05/23,24.26,24.26,22.50,22.58,1475595,33387642.00
2019/05/24,22.08,23.13,22.03,23.08,954676,21475900.00
2019/05/27,23.19,25.32,23.08,24.91,1690559,30987788.00
2019/05/28,24.44,25.10,24.35,24.57,1422234,26210320.00
2019/05/29,24.57,24.64,23.80,23.86,1113407,20096216.00
2019/05/30,23.87,24.15,23.28,23.57,1086556,19081692.00
2019/05/31,23.47,24.67,23.28,24.64,2127859,38786364.00
2019/06/03,24.95,25.61,23.79,25.53,3606855,67073844.00
2019/06/04,25.58,25.74,24.84,25.17,1166698,22007980.00
2019/06/05,25.48,25.78,25.00,25.69,1247283,23798230.00
2019/06/06,25.70,26.29,25.22,26.17,2999894,58177868.00
2019/06/10,26.52,27.20,25.49,26.14,2011361,39825224.00
2019/06/11,26.13,26.13,24.05,25.48,2170383,41065012.00
2019/06/12,25.57,25.57,24.84,25.22,942110,17737612.00
2019/06/13,25.04,25.42,24.27,25.29,648370,12194460.00
2019/06/14,25.27,25.27,23.54,23.76,1122300,20517828.00
2019/06/17,23.93,23.93,23.08,23.34,1175808,20621308.00
2019/06/18,23.73,24.51,23.35,23.43,1425608,25454280.00
2019/06/19,23.80,24.51,23.80,24.31,2228984,40431364.00
2019/06/20,24.31,24.44,23.80,24.41,931701,16901974.00
2019/06/21,24.51,24.83,24.44,24.56,850078,15683234.00
2019/06/24,24.56,24.93,24.25,24.56,2160907,39721392.00
2019/06/25,24.58,24.83,24.51,24.62,1333874,24623448.00
2019/06/26,24.71,26.59,24.71,26.04,3766633,72836304.00
2019/06/27,26.14,26.57,25.87,26.31,2295670,45190164.00
2019/06/28,26.31,26.59,25.75,25.87,1122801,21951228.00
2019/07/01,26.65,26.78,25.88,26.07,1986514,39016256.00
2019/07/02,26.09,26.56,26.07,26.21,1400333,27606556.00
2019/07/03,26.46,26.60,25.70,26.21,1095283,21572904.00
2019/07/04,26.21,26.59,25.55,25.82,1112081,21703020.00
2019/07/05,25.73,26.23,25.42,25.55,1094609,21044748.00
2019/07/08,25.38,25.84,24.86,24.91,1185500,22432870.00
2019/07/09,24.92,25.35,24.84,25.14,579244,10890837.00
2019/07/10,25.23,26.22,24.90,26.00,1634112,31571798.00
2019/07/11,26.00,26.49,25.55,26.00,1261574,24571004.00
2019/07/12,25.61,26.51,25.61,26.48,1871675,36824916.00
2019/07/15,26.48,27.17,26.27,26.46,2292673,45822084.00
2019/07/16,26.53,26.64,25.81,25.97,1257282,24692878.00
2019/07/17,26.01,26.13,25.14,25.27,1912756,36427144.00
2019/07/18,25.22,25.22,24.34,24.80,1457630,26928664.00
2019/07/19,24.49,25.21,24.49,25.10,991998,18597968.00
2019/07/22,25.12,25.75,23.61,25.34,1921831,36309048.00
2019/07/23,24.97,25.66,24.86,24.90,1460049,27647332.00
2019/07/24,25.03,25.60,24.92,25.35,1344709,25521966.00
2019/07/25,25.35,25.87,25.22,25.38,1145793,21929680.00
2019/07/26,25.58,25.99,25.35,25.77,1306620,25190908.00
2019/07/29,25.65,25.96,25.17,25.58,953710,18290784.00
2019/07/30,25.58,25.84,25.22,25.22,900587,17244012.00
2019/07/31,25.32,25.47,24.86,24.87,807500,15196103.00
2019/08/01,24.99,24.99,23.40,24.09,3417216,61724464.00
2019/08/02,23.63,23.83,23.32,23.36,1922970,33916872.00
2019/08/05,23.36,23.78,22.92,23.08,1328470,23191748.00
2019/08/06,22.76,22.76,21.46,22.14,3077580,50741832.00
2019/08/07,22.23,23.21,22.23,22.88,1955280,33430060.00
2019/08/08,22.71,23.31,22.71,22.89,1110101,19086032.00
2019/08/09,22.92,23.28,21.48,22.09,3930125,65381044.00
2019/08/12,22.07,23.26,22.05,22.93,3460508,58877136.00
2019/08/13,22.62,23.11,22.13,22.66,2591993,43729152.00
2019/08/14,23.08,23.53,22.69,22.85,1744525,30021908.00
2019/08/15,22.75,23.27,22.27,23.01,2137027,36462096.00
2019/08/16,23.17,24.28,23.17,24.27,2293358,40600852.00
2019/08/19,24.49,24.82,23.69,24.36,3993639,72691624.00
2019/08/20,24.70,25.69,24.45,25.05,5439686,103056640.00
2019/08/21,25.19,25.48,24.43,25.10,3187584,60216304.00
2019/08/22,25.22,27.53,25.06,26.98,8828272,176464736.00
2019/08/23,27.16,28.72,26.46,27.11,6726832,138199152.00
2019/08/26,26.65,27.95,26.59,27.78,5360899,109923912.00
2019/08/27,27.76,27.94,27.21,27.63,5986480,124100848.00
2019/08/28,27.66,27.87,26.99,27.43,3443008,70722640.00
2019/08/29,26.68,27.64,26.68,27.37,2561030,52578064.00
2019/08/30,27.68,27.68,26.66,26.88,2388972,48668464.00
2019/09/02,27.26,29.51,26.92,29.51,6637565,144551072.00
2019/09/03,30.29,31.07,29.02,30.15,7437864,166999568.00
2019/09/04,30.54,30.54,29.33,30.19,4049417,91239008.00
2019/09/05,29.32,30.42,28.64,29.64,5197719,115280032.00
2019/09/06,29.67,30.07,29.08,29.22,2662065,59001632.00
2019/09/09,29.59,32.01,29.59,31.66,7043020,164652144.00
2019/09/10,31.47,31.53,30.30,30.49,4974571,114668744.00
2019/09/11,30.12,30.77,29.77,30.02,2175874,49294468.00
2019/09/12,30.03,30.41,29.64,30.02,2147081,48459632.00
2019/09/16,30.00,30.54,29.47,29.69,2170874,48788368.00
2019/09/17,29.42,29.91,28.86,28.99,2191710,48170808.00
2019/09/18,29.21,29.38,28.67,29.21,2229669,48619260.00
2019/09/19,29.22,29.24,27.90,28.47,3225874,68875712.00
2019/09/20,28.46,29.37,28.46,28.55,2745280,59560016.00
2019/09/23,28.85,29.41,27.82,28.24,2881610,61611120.00
2019/09/24,28.59,28.90,28.08,28.67,3774847,80951136.00
2019/09/25,28.74,28.93,27.99,28.13,2028005,43145812.00
2019/09/26,28.00,28.60,26.95,27.99,2409490,50332112.00
2019/09/27,28.25,29.09,27.46,28.96,2783153,59861120.00
2019/09/30,28.95,29.38,28.54,28.54,1589880,34509004.00
2019/10/08,28.87,30.10,28.73,29.84,4128892,92124256.00
2019/10/09,29.90,31.07,29.46,30.54,4462550,102185336.00
2019/10/10,30.29,30.75,29.46,29.91,3361972,75645656.00
2019/10/11,29.97,30.34,29.25,29.38,2056208,45828568.00
2019/10/14,29.56,29.76,28.98,29.25,2526540,55671448.00
2019/10/15,29.56,29.76,28.43,29.64,2570856,56012140.00
2019/10/16,29.64,29.64,28.41,28.54,2206197,47900572.00
2019/10/17,28.50,28.59,27.14,27.40,3505880,72719608.00
2019/10/18,27.43,28.05,26.17,26.61,2482161,50254104.00
2019/10/21,26.44,27.07,25.81,25.94,2790781,54918224.00
2019/10/22,26.43,26.78,25.87,26.00,3052892,59897656.00
2019/10/23,26.30,26.52,24.77,25.42,3779737,72436392.00
2019/10/24,25.73,25.88,24.99,25.62,2488634,47645936.00
2019/10/25,25.43,25.66,24.97,25.43,2396989,45445464.00
2019/10/28,25.92,26.77,25.53,26.21,5090818,100057560.00
2019/10/29,26.49,26.60,25.19,25.32,4738605,91716128.00
2019/10/30,25.36,25.70,24.48,24.75,3953422,73946264.00
2019/10/31,24.96,25.62,24.48,25.27,4655049,87598464.00
2019/11/01,25.01,25.39,24.21,24.45,4350955,79993032.00
2019/11/04,24.62,24.64,23.58,23.86,4245516,75895216.00
2019/11/05,23.86,23.92,23.10,23.57,4226417,74402920.00
2019/11/06,23.67,24.39,23.66,23.92,3754701,67583248.00
2019/11/07,23.92,23.99,23.41,23.66,2426348,43044600.00
2019/11/08,23.84,24.36,23.79,23.99,2971942,53667048.00
2019/11/11,23.53,23.99,23.13,23.36,2371371,41347604.00
2019/11/12,23.31,23.44,22.82,23.26,2687433,46546644.00
2019/11/13,23.41,24.25,23.18,23.89,3844151,68498168.00
2019/11/14,24.04,24.45,23.76,23.89,3880360,70078400.00
2019/11/15,24.08,24.26,23.73,23.84,2522769,45232616.00
2019/11/18,23.73,24.31,23.08,24.22,2746450,48974576.00
2019/11/19,24.49,24.64,24.25,24.53,2291907,41955912.00
2019/11/20,24.40,24.99,24.38,24.69,2827791,52255032.00
2019/11/21,24.51,24.77,24.32,24.40,1518606,27905548.00
2019/11/22,24.34,24.86,24.13,24.40,2247683,41269912.00
2019/11/25,24.47,24.60,23.83,24.36,2345948,42518464.00
2019/11/26,24.31,24.93,24.28,24.66,2487414,46032264.00
2019/11/27,24.66,24.80,24.31,24.44,1437799,26334020.00
2019/11/28,24.67,24.67,24.21,24.32,1507717,27487636.00
2019/11/29,24.14,24.44,23.92,24.23,1771571,32085346.00
2019/12/02,24.13,24.83,24.13,24.35,2682804,49349356.00
2019/12/03,24.56,24.78,24.38,24.73,2706370,49979160.00
2019/12/04,25.09,25.09,24.47,24.53,2198042,40566584.00
2019/12/05,24.53,24.92,24.53,24.56,2053550,37935204.00
2019/12/06,24.66,25.40,24.57,25.16,3441080,64708576.00
2019/12/09,25.25,26.12,25.25,25.87,3787825,73132496.00
2019/12/10,25.61,25.87,25.29,25.62,2208816,42337876.00
2019/12/11,25.60,25.62,24.93,25.23,2743926,51914120.00
2019/12/12,25.35,25.61,25.12,25.43,2212090,42113516.00
2019/12/13,25.30,25.94,25.25,25.82,2375892,45766588.00
2019/12/16,26.00,26.36,25.71,25.91,2362350,45952792.00
2019/12/17,26.22,26.52,25.78,26.36,2592785,50892328.00
2019/12/18,26.26,26.53,26.08,26.08,3445245,67778304.00
2019/12/19,26.31,26.77,26.18,26.73,3286016,65403020.00
2019/12/20,26.53,27.04,26.42,26.85,3231172,64734652.00
2019/12/23,26.52,26.52,25.45,25.74,3094150,60185560.00
2019/12/24,25.79,26.08,25.49,25.86,1305184,25226888.00
2019/12/25,25.83,26.34,25.79,26.20,1243620,24356112.00
2019/12/26,26.07,26.33,25.78,26.26,1564260,30614020.00
2019/12/27,26.09,27.24,26.09,26.43,3281060,65724216.00
2019/12/30,26.62,27.01,26.08,26.74,2791137,55836520.00
2019/12/31,26.56,27.95,26.55,27.65,4023968,83252640.00
2020/01/02,27.94,30.16,27.37,29.03,5180840,112084624.00
2020/01/03,28.99,29.19,28.38,28.86,3163980,68473544.00
2020/01/06,28.89,29.72,28.31,29.41,4473370,98583432.00
2020/01/07,29.76,30.29,29.39,29.90,3459443,77707384.00
2020/01/08,29.64,30.17,29.03,29.28,2695510,59869752.00
2020/01/09,29.47,29.84,29.28,29.32,2705758,59963176.00
2020/01/10,30.55,31.58,29.38,29.55,3820472,86109752.00
2020/01/13,29.55,30.36,29.38,29.82,3698399,82540160.00
2020/01/14,29.82,30.15,29.52,29.56,1717945,38360624.00
2020/01/15,29.39,29.56,28.51,29.04,3884927,84580584.00
2020/01/16,29.02,30.00,28.82,29.29,3238536,71984424.00
2020/01/17,29.33,30.49,29.33,29.76,3326460,75083536.00
2020/01/20,29.74,29.97,28.94,29.84,2597940,57494792.00
2020/01/21,30.00,30.00,28.42,28.77,2873450,62186840.00
2020/01/22,28.61,28.98,28.02,28.85,2504549,53722192.00
2020/01/23,28.56,28.96,26.72,27.29,3113222,64526324.00
2020/02/03,24.62,24.62,24.62,24.62,448000,8261120.00
2020/02/04,22.23,24.64,22.23,24.35,4646775,83585904.00
2020/02/05,24.34,25.13,24.02,24.56,3447525,63433276.00
2020/02/06,24.57,26.00,24.52,25.48,2789706,52861396.00
2020/02/07,25.51,25.86,25.01,25.30,1868570,35468200.00
2020/02/10,25.16,25.79,25.16,25.70,2156065,41332608.00
2020/02/11,25.74,26.62,25.70,26.16,3074737,60347664.00
2020/02/12,25.32,26.59,25.32,26.27,4009481,78755448.00
2020/02/13,26.00,27.24,25.91,25.95,2273730,44961320.00
2020/02/14,25.75,26.26,25.62,25.82,1734680,33625544.00
2020/02/17,26.03,26.91,25.77,26.68,3037571,60321524.00
2020/02/18,27.17,27.24,26.18,26.57,2889296,57530916.00
2020/02/19,26.57,27.69,26.39,27.66,3553535,72669592.00
2020/02/20,27.53,28.38,27.09,28.15,3417005,70863824.00
2020/02/21,27.73,28.08,27.31,27.37,4038122,83651128.00
2020/02/24,27.12,27.30,26.46,26.86,2844068,57281876.00
2020/02/25,26.39,26.65,25.56,26.14,3069094,60205432.00
2020/02/26,25.81,26.25,25.65,25.66,2430622,47394272.00
2020/02/27,25.94,27.55,25.77,27.44,4697244,94528336.00
2020/02/28,27.04,27.04,25.09,25.53,4473033,87437656.00
2020/03/02,25.38,26.51,25.38,25.97,2792018,54588528.00
2020/03/03,26.21,26.88,25.52,25.83,2873466,56468840.00
2020/03/04,25.69,25.99,25.32,25.83,2143247,41180496.00
2020/03/05,26.12,27.24,25.88,27.18,4907915,98460144.00
2020/03/06,26.87,27.69,26.66,27.57,4588245,94559424.00
2020/03/09,27.57,27.69,25.61,25.66,4253709,83639448.00
2020/03/10,25.34,26.39,24.70,26.39,4461655,85307368.00
2020/03/11,26.51,26.98,25.97,26.05,2913320,57858376.00
2020/03/12,25.94,26.13,24.96,26.01,3109759,59240680.00
2020/03/13,24.69,25.36,23.92,25.09,4863629,89232512.00
2020/03/16,25.29,25.29,23.40,23.66,3185828,57538564.00
2020/03/17,23.14,23.74,22.52,23.09,2366885,40907136.00
2020/03/18,23.39,24.19,23.14,23.14,2115455,37335792.00
2020/03/19,23.01,23.31,22.62,23.18,1619636,27779440.00
2020/03/20,23.57,23.91,23.13,23.32,1062848,18507696.00
2020/03/23,22.88,23.17,22.59,22.82,1750968,29906878.00
2020/03/24,22.87,23.50,22.87,23.21,2038349,35379176.00
2020/03/25,23.63,24.38,23.41,24.38,2193541,39398608.00
2020/03/26,24.36,24.36,23.74,23.76,1681218,30158484.00
2020/03/27,23.80,24.25,23.80,23.87,1178796,21153532.00
2020/03/30,23.62,23.62,22.91,23.10,1663210,28772250.00
2020/03/31,23.26,23.96,23.17,23.27,1049316,18524356.00
2020/04/01,23.02,24.12,22.98,23.84,1735349,30853060.00
2020/04/02,23.65,24.27,23.47,24.27,1298907,23392918.00
2020/04/03,24.30,24.82,24.14,24.40,1154790,21109978.00
2020/04/07,24.65,24.99,24.32,24.40,1355467,24919306.00
2020/04/08,24.41,24.87,24.19,24.78,1731430,31919196.00
2020/04/09,24.90,25.05,24.61,24.69,746300,13842198.00
2020/04/10,25.35,25.70,24.83,25.08,2643934,50042708.00
2020/04/13,25.31,25.55,24.44,24.61,3017884,56529876.00
2020/04/14,24.64,24.90,24.40,24.67,2944128,54373752.00
2020/04/15,24.67,25.30,24.60,24.99,2968702,55661204.00
2020/04/16,24.99,25.16,24.74,24.97,1608720,30082952.00
2020/04/17,25.13,25.48,24.86,25.21,1908160,35976040.00
2020/04/20,25.27,25.99,25.08,25.86,2610813,50166464.00
2020/04/21,25.81,26.77,25.53,26.38,4372933,85726152.00
2020/04/22,26.42,26.87,26.18,26.53,2898145,57806880.00
2020/04/23,27.17,27.17,26.07,26.46,4574116,91128608.00
2020/04/24,26.52,26.85,26.36,26.52,2867589,57276856.00
2020/04/27,26.75,27.94,26.75,27.13,4583230,94669088.00
2020/04/28,27.08,27.55,26.13,26.66,4344929,87277304.00
2020/04/29,26.51,27.46,26.48,27.35,4317955,87862736.00
2020/04/30,27.44,27.87,27.25,27.72,4584375,95344832.00
2020/05/06,27.94,28.83,27.79,28.64,6275545,133021224.00
2020/05/07,28.63,29.32,28.17,29.07,5116143,111092800.00
2020/05/08,29.24,29.34,28.93,29.04,2653622,58022912.00
2020/05/11,29.09,29.59,28.94,29.47,3843865,84799520.00
2020/05/12,29.38,29.74,28.29,28.76,5673577,122778344.00
2020/05/13,28.80,29.09,28.37,28.82,4255700,92144000.00
2020/05/14,28.80,28.98,28.41,28.72,2604020,56257776.00
2020/05/15,28.91,29.09,28.35,28.59,1891413,40836416.00
2020/05/18,28.47,29.48,27.95,29.33,3607320,78583968.00
2020/05/19,29.63,29.99,29.28,29.84,2705930,60580308.00
2020/05/20,29.89,30.42,29.64,29.72,2629110,59401800.00
2020/05/21,30.08,30.37,29.24,29.38,2422950,53904332.00
2020/05/22,29.61,29.61,28.78,29.09,1629966,35687912.00
2020/05/25,29.20,30.63,28.86,30.23,4349734,98206928.00
2020/05/26,30.42,30.94,29.60,30.29,2804944,63482980.00
2020/05/27,30.28,30.28,29.03,29.13,2761479,61107212.00
2020/05/28,29.20,29.37,28.37,29.16,2356195,51413536.00
2020/05/29,29.12,29.98,28.99,29.33,2232260,49577160.00
2020/06/01,29.61,30.93,29.61,30.76,4472604,102487120.00
2020/06/02,30.76,31.30,30.43,30.89,3191464,74289528.00
2020/06/03,31.20,33.87,30.65,33.87,7270480,127263864.00
2020/06/04,34.05,34.05,31.76,32.11,9801440,170162544.00
2020/06/05,32.44,33.14,32.05,32.44,5926392,102756600.00
2020/06/08,32.78,32.85,31.31,31.43,7102799,119740272.00
2020/06/09,31.40,31.87,31.02,31.16,5082755,84626648.00
2020/06/10,31.29,31.43,30.85,31.27,3983486,65805604.00
2020/06/11,31.31,32.16,30.89,30.98,4451486,74425760.00
2020/06/12,30.51,31.31,30.34,31.02,4084839,66991536.00
2020/06/15,31.31,32.49,31.31,32.02,8749548,149055408.00
2020/06/16,32.18,32.29,31.45,31.80,7678437,129781800.00
2020/06/17,31.76,32.54,31.27,32.44,5982835,102003280.00
2020/06/18,32.33,32.80,32.16,32.53,3836944,66271000.00
2020/06/19,32.54,32.71,32.07,32.42,4585546,79001168.00
2020/06/22,32.40,32.84,31.93,32.51,5422599,93458448.00
2020/06/23,32.44,32.44,31.58,32.05,6128738,103984016.00
2020/06/24,31.91,33.38,31.91,32.31,6665058,115626176.00
2020/06/29,32.20,32.98,31.91,32.58,4552822,78807896.00
2020/06/30,32.82,34.64,32.65,34.35,7111756,128223520.00
2020/07/01,34.56,34.56,33.18,33.40,7531815,134214512.00
2020/07/02,33.42,34.44,33.11,33.96,5978886,107467504.00
2020/07/03,33.98,34.91,33.76,34.24,7318150,133680200.00
2020/07/06,34.58,35.93,34.24,35.27,10396665,195146304.00
2020/07/07,35.29,36.00,34.98,35.00,9007958,169883872.00
2020/07/08,35.02,35.58,34.42,35.47,8639914,161829376.00
2020/07/09,35.67,37.19,35.40,37.08,8966802,172996080.00
2020/07/10,37.08,38.50,36.64,37.80,7676855,154299824.00
2020/07/13,38.30,40.72,37.77,40.55,8812598,185070096.00
2020/07/14,41.08,41.99,38.00,39.17,13539262,285592192.00
2020/07/15,39.50,39.50,37.44,37.66,10129405,206756528.00
2020/07/16,37.49,38.44,36.89,37.57,8816266,177703680.00
2020/07/17,37.35,37.88,35.67,36.26,10693440,208819472.00
2020/07/20,36.26,37.37,35.67,37.04,10532419,205676528.00
2020/07/21,36.80,36.84,35.78,36.33,10345777,200999472.00
2020/07/22,36.11,37.00,35.93,36.60,9335239,181936880.00
2020/07/23,36.17,36.24,34.64,35.58,12995878,244704064.00
2020/07/24,35.37,35.66,33.16,33.16,16150142,292777664.00
2020/07/27,33.16,33.91,32.89,33.31,9104920,162224032.00
2020/07/28,33.60,34.62,33.31,34.53,9380860,170705440.00
2020/07/29,34.38,35.37,33.64,35.15,10699711,197998720.00
2020/07/30,35.31,36.44,35.02,36.40,10263796,196094240.00
2020/07/31,36.40,37.13,35.26,35.87,11767700,226201680.00
2020/08/03,35.97,36.49,35.87,36.40,14086321,272060736.00
2020/08/04,36.38,36.75,35.62,35.71,10456829,202003584.00
2020/08/05,35.73,38.44,35.26,37.99,15782394,314095424.00
2020/08/06,38.04,38.90,37.55,38.55,12531658,256445008.00
2020/08/07,38.88,39.08,37.26,38.33,12366027,252069840.00
2020/08/10,37.95,39.81,37.62,39.55,14869213,310068544.00
2020/08/11,39.55,39.72,37.11,37.31,12570583,256018736.00
2020/08/12,37.04,37.26,34.24,35.77,11559205,219128448.00
2020/08/13,36.15,36.15,34.86,35.09,7036161,132771592.00
2020/08/14,34.93,35.71,34.49,35.64,6006822,112504184.00
2020/08/17,35.66,39.10,35.37,39.10,20359555,415890784.00
2020/08/18,39.44,40.19,38.91,39.37,15552880,328516896.00
2020/08/19,39.42,39.99,38.17,38.48,9981192,208205120.00
2020/08/20,38.44,38.59,36.71,36.78,7673529,153583424.00
2020/08/21,37.44,37.60,35.78,36.08,8847588,172734096.00
2020/08/24,36.44,37.44,36.18,37.00,8904595,175956400.00
2020/08/25,36.71,37.22,35.17,36.49,16220936,309660512.00
2020/08/26,35.89,36.95,35.18,36.64,11603888,225170352.00
2020/08/27,37.26,38.33,35.69,36.48,14836520,291382464.00
2020/08/28,36.55,38.73,36.55,37.95,16388006,331319520.00
2020/08/31,37.86,39.19,37.44,38.40,16344782,334865856.00
2020/09/01,38.22,39.42,38.10,38.44,10051684,207809632.00
2020/09/02,38.55,39.11,37.99,38.86,8888131,183478352.00
2020/09/03,38.86,38.95,36.84,37.24,9724030,195003136.00
2020/09/04,36.37,37.39,36.28,37.35,5506761,108394384.00
2020/09/07,37.66,38.59,37.20,37.80,9642198,195687360.00
2020/09/08,37.84,38.53,36.97,38.53,10408749,210947344.00
2020/09/09,38.22,38.77,37.33,38.26,10933412,223024944.00
2020/09/10,38.37,41.04,37.62,38.17,20210328,429504704.00
2020/09/11,36.48,41.01,36.17,40.59,17033823,359149824.00
2020/09/14,42.23,42.70,41.03,42.17,21629683,483424352.00
2020/09/15,42.10,43.81,41.64,43.63,15569655,357661856.00
2020/09/16,42.95,43.83,41.99,43.12,8980244,207517888.00
2020/09/17,43.10,43.46,42.15,42.70,10029299,229622608.00
2020/09/18,42.88,43.28,42.12,42.35,7524575,171656032.00
2020/09/21,42.72,43.25,42.28,43.15,8064114,185399472.00
2020/09/22,42.90,43.01,41.41,41.86,8279358,187697184.00
2020/09/23,42.04,42.66,41.59,42.14,4578758,103097368.00
2020/09/24,42.17,42.39,40.17,40.63,7954567,174610496.00
2020/09/25,41.24,41.26,39.82,40.44,5411551,117233408.00
2020/09/28,40.92,41.23,39.64,39.99,6639645,142497744.00
2020/09/29,40.15,41.86,40.15,40.46,9532832,208513168.00
2020/09/30,41.19,42.35,40.50,42.30,9488230,211731888.00
2020/10/09,43.81,45.45,42.75,43.79,20601002,485380128.00
2020/10/12,43.92,46.78,43.92,46.41,18691262,457805696.00
2020/10/13,46.18,48.72,45.34,47.41,18093175,462414528.00
2020/10/14,48.36,51.98,45.81,50.69,26813388,718983296.00
2020/10/15,50.91,53.27,50.51,51.02,20823183,580838528.00
2020/10/16,51.33,51.82,49.45,50.45,12362770,334988192.00
2020/10/19,51.24,51.24,46.85,47.01,18363822,473552288.00
2020/10/20,48.36,48.36,46.41,47.18,13188545,334293984.00
2020/10/21,46.56,47.87,44.94,45.39,15201783,374951104.00
2020/10/22,45.08,45.76,44.19,45.08,11918112,288244288.00
2020/10/23,45.27,45.63,43.70,44.50,9725378,233377440.00
2020/10/26,44.21,45.78,42.88,45.39,11828488,282783808.00
2020/10/27,45.34,46.25,44.99,45.92,9235302,226289200.00
2020/10/28,45.59,45.92,44.68,45.28,10443055,253838368.00
2020/10/29,44.45,46.72,43.88,45.90,10375278,254507072.00
2020/10/30,46.52,47.05,44.72,44.92,7959172,195657024.00
2020/11/02,45.08,46.45,44.61,45.68,10959252,269166016.00
2020/11/03,46.18,48.47,45.81,48.05,13975167,354629600.00
2020/11/04,48.05,49.76,47.45,48.96,12230168,322326560.00
2020/11/05,49.45,49.76,47.94,49.09,8075904,211766976.00
2020/11/06,49.34,49.43,46.27,47.01,8860334,225085120.00
2020/11/09,46.90,48.56,46.49,47.40,10825137,276272352.00
2020/11/10,47.10,47.83,45.34,46.76,9525073,238507488.00
2020/11/11,46.92,47.60,46.27,46.34,5696679,143847040.00
2020/11/12,46.54,46.79,45.50,45.67,4693048,115800912.00
2020/11/13,45.59,45.96,44.50,44.97,5761545,139165152.00
2020/11/16,45.18,45.50,43.26,43.68,11311267,265856960.00
2020/11/17,43.97,44.48,43.17,44.08,12031551,283287136.00
2020/11/18,43.90,45.12,43.65,44.47,6146918,146930160.00
2020/11/19,44.23,45.18,43.43,45.10,8140508,194309920.00
2020/11/20,44.65,45.36,44.27,44.87,7043531,169666848.00
2020/11/23,45.30,47.98,45.08,47.27,11159527,280491808.00
2020/11/24,47.36,48.38,46.36,48.32,8321258,213257888.00
2020/11/25,48.89,50.11,48.32,49.34,10993853,290608096.00
2020/11/26,48.31,50.18,47.67,50.13,8478804,224072416.00
2020/11/27,49.69,50.36,48.69,50.16,6880997,183657248.00
2020/11/30,49.82,49.85,47.63,47.72,12100687,315143840.00
2020/12/01,47.72,50.49,47.63,50.42,10572643,282575616.00
2020/12/02,50.00,52.51,49.73,50.45,11998280,328557600.00
2020/12/03,50.71,50.84,49.65,50.36,5649950,152555952.00
2020/12/04,50.27,52.35,50.18,50.76,7527926,207796560.00
2020/12/07,50.18,50.23,48.69,49.54,7543104,200715888.00
2020/12/08,49.12,50.14,49.05,49.09,4558986,121526448.00
2020/12/09,49.78,49.82,47.74,47.81,4637607,121097240.00
2020/12/10,48.03,52.49,48.00,52.49,11119630,304282912.00
2020/12/11,53.98,53.98,47.34,47.34,15886240,425072448.00
2020/12/14,45.72,49.67,45.72,49.62,15622844,402429248.00
2020/12/15,49.85,50.47,48.91,49.74,8601562,229335120.00
2020/12/16,49.65,52.20,49.58,50.60,9895529,271574144.00
2020/12/17,50.60,50.89,49.42,50.00,6011508,161789136.00
2020/12/18,50.25,52.20,49.20,50.13,9392110,256991984.00
2020/12/21,50.18,52.91,49.96,51.27,15920261,441629024.00
2020/12/22,51.45,53.42,50.87,51.80,14642280,410606848.00
2020/12/23,53.42,56.88,53.42,56.88,22867957,690417920.00
2020/12/24,56.84,62.01,56.00,59.32,19529043,620445696.00
2020/12/25,58.77,60.01,57.21,59.97,12512152,395778432.00
2020/12/28,59.63,59.97,55.68,56.91,16970477,525983520.00
2020/12/29,57.19,57.28,53.84,53.98,14196361,421220416.00
2020/12/30,54.13,55.91,54.00,54.37,12813138,378649792.00
2020/12/31,54.35,56.48,53.62,56.10,16148547,478041632.00
2021/01/04,55.59,61.37,53.95,60.12,19308821,611361856.00
2021/01/05,59.43,60.48,58.06,59.63,14789319,471312352.00
2021/01/06,59.28,61.46,56.93,61.10,14991752,476146688.00
2021/01/07,60.37,65.80,59.37,63.48,20113485,680815680.00
2021/01/08,63.63,66.56,61.08,64.74,14997466,515334240.00
2021/01/11,66.54,66.74,60.28,62.10,13129054,443370816.00
2021/01/12,61.92,65.14,60.77,64.74,10535846,360382816.00
2021/01/13,64.74,71.11,64.19,69.27,14416560,535216768.00
2021/01/14,68.38,75.48,67.11,73.20,17550507,685129472.00
2021/01/15,72.02,75.75,68.38,74.39,15792076,611752640.00
2021/01/18,72.75,77.48,71.02,72.93,13662386,548373504.00
2021/01/19,72.20,75.61,69.31,70.86,16281849,634898560.00
2021/01/20,71.35,76.21,69.53,76.04,14479551,575127680.00
2021/01/21,75.48,83.54,73.62,83.54,21349387,915636160.00
2021/01/22,83.54,85.76,81.37,85.16,12256386,556740544.00
2021/01/25,84.54,91.40,76.84,78.19,27306767,1221710080.00
2021/01/26,76.84,82.69,75.57,82.01,19685752,844620160.00
2021/01/27,79.76,85.27,77.66,81.21,17015470,747642176.00
2021/01/28,78.06,80.57,73.80,75.26,15256506,633457408.00
2021/01/29,76.62,77.26,72.15,73.89,12218255,493256096.00
2021/02/01,73.88,76.24,73.08,75.19,9916016,400774112.00
2021/02/02,75.21,75.99,73.31,73.71,12634169,507555744.00
2021/02/03,73.82,76.01,70.98,71.98,12364099,492519488.00
2021/02/04,72.11,72.55,66.89,69.91,17859274,666996096.00
2021/02/05,71.18,72.17,68.93,69.65,11821921,451980416.00
2021/02/08,69.82,71.24,67.56,70.36,9688296,364745536.00
2021/02/09,70.44,75.66,70.44,73.26,15030852,597910016.00
2021/02/10,72.97,79.19,71.84,77.61,16294407,662515712.00
2021/02/18,78.39,79.72,75.35,77.13,10754863,451299392.00
2021/02/19,76.57,77.30,72.93,77.24,7835532,319471808.00
2021/02/22,76.39,76.42,69.84,70.07,11132815,440947456.00
2021/02/23,70.20,73.71,70.02,72.02,7927918,309675776.00
2021/02/24,71.44,72.48,67.47,69.62,8770338,330513248.00
2021/02/25,70.18,70.33,65.85,66.20,9610653,349572928.00
2021/02/26,64.98,67.49,63.92,66.16,8303871,297284288.00
2021/03/01,66.49,67.76,65.65,67.54,6699819,242828416.00
2021/03/02,68.42,69.33,66.25,68.27,6756687,247278672.00
2021/03/03,67.83,68.71,66.81,68.13,5222030,192000592.00
2021/03/04,67.67,67.67,64.76,66.36,5872778,209856480.00
2021/03/05,65.10,66.34,63.83,65.18,4427237,156049120.00
2021/03/08,65.72,65.72,58.88,58.93,10349620,343472544.00
2021/03/09,57.88,59.13,55.69,57.22,8216001,255521552.00
2021/03/10,58.70,59.63,57.48,58.57,6298898,199207728.00
2021/03/11,58.61,60.12,57.51,59.37,3927543,125780600.00
2021/03/12,60.12,62.28,59.12,61.61,7005376,231107904.00
2021/03/15,61.08,61.17,59.39,59.77,4752568,153879088.00
2021/03/16,60.03,61.19,58.62,59.63,4796498,155008864.00
2021/03/17,59.39,60.68,58.37,60.41,4178408,134977520.00
2021/03/18,60.44,61.79,58.97,61.50,5266787,171643568.00
2021/03/19,60.15,61.41,59.43,60.70,4704936,153858608.00
2021/03/22,60.08,63.85,60.08,63.21,6730257,228193088.00
2021/03/23,62.85,64.34,61.90,62.41,4244333,144634096.00
2021/03/24,62.12,62.96,58.81,59.32,4510146,147143632.00
2021/03/25,58.39,59.50,57.55,58.30,3876471,121787304.00
2021/03/26,58.55,63.25,58.33,62.43,5808010,193582704.00
2021/03/29,62.61,65.01,62.36,63.98,6348822,219129248.00
2021/03/30,62.97,64.78,61.83,64.43,5544119,191062576.00
2021/03/31,64.08,64.38,63.03,63.58,3296484,113436528.00
2021/04/01,63.79,64.59,62.70,62.97,2559718,87586520.00
2021/04/02,62.97,66.31,62.74,65.83,9357429,328278816.00
2021/04/06,66.36,66.54,64.96,66.03,3520049,125481944.00
2021/04/07,65.72,66.03,62.63,65.07,5051058,175640336.00
2021/04/08,64.45,65.83,63.21,63.65,2677682,92730064.00
2021/04/09,63.39,63.99,62.41,62.94,2059927,70163992.00
2021/04/12,62.61,63.47,60.19,60.79,3485893,116158376.00
2021/04/13,60.37,62.30,59.86,61.03,2368946,78407200.00
2021/04/14,61.10,63.94,60.85,63.23,3675496,125552384.00
2021/04/15,62.85,63.12,61.74,62.59,2012782,68042384.00
2021/04/16,62.63,63.30,60.97,61.26,2151367,71708288.00
2021/04/19,60.75,65.07,60.74,64.30,5532594,189411008.00
2021/04/20,65.54,65.65,63.65,64.08,3768851,131549368.00
2021/04/21,64.07,65.49,62.32,62.37,3929093,134296608.00
2021/04/22,62.79,65.65,61.85,65.47,7388748,257043792.00
2021/04/23,63.85,64.38,59.03,63.92,13003201,440173632.00
2021/04/26,63.78,65.34,62.70,64.43,9981960,347285536.00
2021/04/27,64.01,64.43,61.19,63.38,5720371,193582192.00
2021/04/28,63.38,64.16,61.35,61.65,5250547,176702368.00
2021/04/29,61.34,61.59,56.97,58.83,9903026,314570080.00
2021/04/30,58.53,58.62,53.06,53.35,18832749,555701696.00
2021/05/06,53.64,53.64,49.20,51.45,21819914,595603136.00
2021/05/07,51.42,51.44,47.83,48.58,17267876,454391008.00
2021/05/10,48.16,48.25,46.63,47.27,12044742,306591872.00
2021/05/11,46.81,46.81,45.01,46.03,11828964,289672288.00
2021/05/12,45.67,45.67,44.06,44.16,12751098,304650848.00
2021/05/13,43.72,44.41,43.19,43.72,14031421,328572128.00
2021/05/14,43.79,44.43,42.72,44.39,14154720,331927456.00
2021/05/17,44.72,45.94,44.57,45.36,25103416,612518208.00
2021/05/18,45.63,46.79,43.45,43.68,20813499,502099648.00
2021/05/19,42.92,43.41,41.74,43.39,18610051,424951392.00
2021/05/20,44.21,47.63,44.21,47.63,45469447,1132861568.00
2021/05/21,46.54,48.54,46.18,46.92,22474833,572548480.00
2021/05/24,47.27,50.14,45.10,49.74,21908557,563921472.00
2021/05/25,49.74,49.74,48.31,48.76,16735044,440399040.00
2021/05/26,48.36,48.89,47.14,47.58,13072050,336823616.00
2021/05/27,47.41,49.27,46.90,49.27,28852206,749232896.00
2021/05/28,48.82,48.82,47.78,48.21,19517341,505959808.00
2021/05/31,48.21,51.05,47.87,50.64,25498648,685164480.00
2021/06/01,50.62,52.33,50.00,50.74,22651938,624508864.00
2021/06/02,50.73,51.60,50.23,50.42,10502968,287490624.00
2021/06/03,50.38,50.40,48.00,49.14,16191876,427525984.00
2021/06/04,48.92,49.14,46.41,47.58,20644687,524576640.00
2021/06/07,47.09,47.38,45.32,47.18,23210057,575225600.00
2021/06/08,47.27,48.07,46.05,46.72,11400254,287427968.00
2021/06/09,46.65,49.05,46.27,48.56,16227402,421272064.00
2021/06/10,49.27,50.73,47.69,49.63,24524451,657169920.00
2021/06/11,50.09,51.53,48.58,50.13,20773009,561620736.00
2021/06/15,50.22,52.27,50.22,51.20,16844645,466307520.00
2021/06/16,50.94,51.82,48.69,49.36,20821742,563174400.00
2021/06/17,49.36,50.27,48.11,50.03,11773384,311736736.00
2021/06/18,49.58,52.09,49.18,52.09,16989546,467016928.00
2021/06/21,52.00,54.07,50.82,53.47,17642906,503214560.00
2021/06/22,53.82,54.18,52.36,52.60,15221001,436042880.00
2021/06/23,52.58,52.86,51.62,51.98,11036956,309290528.00
2021/06/24,51.95,53.75,51.84,53.69,15933178,456984672.00
2021/06/25,53.82,54.44,52.07,52.42,15850475,450010208.00
2021/06/28,52.44,53.18,51.49,52.00,15639567,440484064.00
2021/06/29,51.91,52.33,49.71,49.91,14627906,396924256.00
2021/06/30,49.83,51.18,49.27,50.33,10510215,283197760.00
2021/07/01,50.18,50.31,48.38,48.56,8834870,232877328.00
2021/07/02,48.27,48.45,46.03,46.38,11762033,297221504.00
2021/07/05,46.39,46.87,45.85,46.16,7557483,187850688.00
2021/07/06,46.18,47.74,45.18,47.52,10009365,251212544.00
2021/07/07,46.90,47.32,45.90,46.03,16454138,411216256.00
2021/07/08,46.16,50.43,46.14,49.65,24806087,654568576.00
2021/07/09,49.93,53.42,48.74,52.75,22631414,624156096.00
2021/07/12,53.26,54.02,52.00,53.24,23680824,674339264.00
2021/07/13,53.09,54.51,52.24,54.29,17445677,496710944.00
2021/07/14,54.35,54.77,52.87,53.67,17341494,495596288.00
2021/07/15,53.53,54.37,51.67,53.37,18289651,512516160.00
2021/07/16,52.78,52.82,50.76,50.80,14666203,402469600.00
2021/07/19,50.53,52.36,49.42,49.83,15081767,405875008.00
2021/07/20,49.47,49.98,47.83,48.94,11785540,304462912.00
2021/07/21,49.36,51.09,48.83,49.62,16403031,435390176.00
2021/07/22,49.49,50.58,48.85,50.00,14994507,396176800.00
2021/07/23,50.00,53.24,49.47,52.40,25177459,688395648.00
2021/07/26,53.13,53.13,50.22,50.80,21627799,593288064.00
2021/07/27,52.35,55.71,52.35,55.71,41473854,1226225408.00
2021/07/28,55.37,57.10,50.31,56.30,55518484,1621405440.00
2021/07/29,56.59,61.76,56.59,61.76,45314979,1471999360.00
2021/07/30,63.50,67.23,61.76,64.96,49594133,1723397888.00
2021/08/02,65.25,68.89,63.61,66.41,39104725,1381824512.00
2021/08/03,66.85,68.60,62.21,62.88,30134201,1044234688.00
2021/08/04,64.19,68.34,63.25,67.36,29592442,1035846464.00
2021/08/05,67.42,70.56,66.05,67.83,23218846,846002752.00
2021/08/06,66.00,67.76,63.65,64.78,27228001,949101184.00
2021/08/09,64.41,64.58,62.14,62.87,19801170,668515584.00
2021/08/10,62.68,64.69,61.52,63.32,19750631,666979008.00
2021/08/11,63.05,63.05,59.97,61.48,23386704,767082560.00
2021/08/12,61.50,62.54,59.86,62.21,19041914,628230272.00
2021/08/13,61.68,64.87,60.83,62.96,23616813,802818560.00
2021/08/16,63.17,64.74,61.46,63.58,18548682,626806016.00
2021/08/17,62.96,64.87,60.99,61.63,18584230,629239808.00
2021/08/18,60.75,62.96,58.75,59.92,16977866,550501440.00
2021/08/19,59.74,64.01,58.97,63.50,16534453,544829632.00
2021/08/20,63.50,65.98,62.74,65.85,25819860,898937920.00
2021/08/23,67.12,72.27,64.41,70.44,30413634,1143674624.00
2021/08/24,66.23,69.87,63.96,68.98,40109702,1446867584.00
2021/08/25,68.65,70.05,67.23,68.67,16062360,589096448.00
2021/08/26,67.14,69.60,65.49,69.60,21170445,767877248.00
2021/08/27,68.89,68.96,62.81,62.81,27337620,957533824.00
2021/08/30,61.65,64.08,56.70,62.08,31802797,1030233344.00
2021/08/31,62.08,62.08,57.68,58.92,22504137,707416064.00
2021/09/01,57.86,58.61,53.18,54.22,29804933,875958080.00
2021/09/02,53.93,59.48,53.55,59.48,24354877,753963264.00
2021/09/03,62.41,65.27,61.68,64.41,60176534,2063548288.00
2021/09/06,64.39,66.69,59.86,63.56,52539815,1788220544.00
2021/09/07,64.23,66.03,61.96,63.96,24359133,835147520.00
2021/09/08,63.68,65.52,62.74,62.96,20278976,693588992.00
2021/09/09,62.23,62.77,58.55,59.15,24197465,773767232.00
2021/09/10,59.92,60.12,56.95,58.24,19375705,602801920.00
2021/09/13,59.83,61.50,58.24,60.59,18464420,590540992.00
2021/09/14,59.86,62.77,58.61,61.45,18432468,600416896.00
2021/09/15,59.92,67.43,59.26,67.43,38762512,1355894528.00
2021/09/16,67.16,70.29,66.76,68.38,36233593,1336263680.00
2021/09/17,68.38,74.79,66.83,71.44,33812882,1296185600.00
2021/09/22,72.20,73.84,68.96,72.42,29876666,1148485376.00
2021/09/23,72.02,72.02,68.05,70.42,24308716,919814528.00
2021/09/24,69.73,71.69,67.51,68.78,12884250,480485120.00
2021/09/27,70.62,70.78,66.60,67.80,19223770,709333504.00
2021/09/28,68.84,69.36,65.14,65.67,16004007,576274176.00
2021/09/29,65.27,66.40,62.47,63.83,12002486,414593920.00
2021/09/30,64.18,65.16,61.68,64.59,14140817,483398368.00
2021/10/08,65.96,66.11,59.32,60.59,22256847,731144704.00
2021/10/11,60.77,61.32,58.15,60.01,12197180,388887104.00
2021/10/12,60.26,62.08,59.50,61.14,13133451,425850272.00
2021/10/13,61.50,65.65,60.15,65.27,16494261,559169088.00
2021/10/14,63.90,68.56,63.50,65.96,15958530,567268672.00
2021/10/15,65.47,65.78,62.14,64.01,14278141,488308576.00
2021/10/18,65.27,70.24,64.45,68.56,19652659,705918272.00
2021/10/19,68.22,70.07,66.38,67.52,16873521,612776512.00
2021/10/20,67.52,69.42,66.60,68.76,14895784,548880512.00
2021/10/21,67.93,68.42,65.34,65.50,14489510,517680320.00
2021/10/22,66.23,67.20,64.18,65.40,10132670,358187552.00
2021/10/25,65.49,71.77,65.49,71.77,20447796,776026752.00
2021/10/26,69.89,72.15,65.85,67.18,47241780,1743807360.00
2021/10/27,66.29,73.73,66.05,73.73,38170363,1461883136.00
2021/10/28,74.19,78.06,72.11,73.60,38782087,1551049600.00
2021/10/29,74.22,74.24,69.24,72.44,22331700,860720960.00
2021/11/01,73.04,76.28,72.06,72.37,22226520,883284672.00
2021/11/02,71.66,75.21,70.29,74.97,18802708,740553664.00
2021/11/03,72.60,74.68,69.71,71.00,19919335,766806784.00
2021/11/04,72.49,77.88,71.87,76.62,25582593,1044725504.00
2021/11/05,76.62,78.97,74.59,75.02,24782584,1022238528.00
2021/11/08,76.24,79.88,73.51,75.88,22166140,913616576.00
2021/11/09,78.06,79.59,72.20,75.15,17221789,689884864.00
2021/11/10,74.15,74.60,68.96,72.37,18725582,721151424.00
2021/11/11,71.87,72.95,69.78,70.35,14221693,541708416.00
2021/11/12,70.16,71.89,69.62,70.89,12230076,464803040.00
2021/11/15,70.80,71.67,67.89,68.20,14489015,542191936.00
2021/11/16,68.07,69.58,66.60,68.94,18911541,690630080.00
2021/11/17,68.54,72.91,68.31,72.00,23160186,888300416.00
2021/11/18,71.36,73.11,70.24,71.00,15747825,605002304.00
2021/11/19,70.78,73.55,68.96,73.15,15184428,583683520.00
2021/11/22,73.24,74.06,71.80,73.15,14484799,565520768.00
2021/11/23,73.15,73.18,68.80,69.60,14964040,567416192.00
2021/11/24,68.96,69.45,65.14,65.50,19219177,688280960.00
2021/11/25,65.47,66.63,63.87,65.78,14041138,492659072.00
2021/11/26,65.69,67.91,65.10,67.29,12825079,457804736.00
2021/11/29,65.67,68.23,65.32,67.85,8974378,324373088.00
2021/11/30,67.69,69.27,65.80,67.89,11980621,435895808.00
2021/12/01,68.91,68.91,64.43,65.83,14075608,496461728.00
2021/12/02,65.32,65.80,63.01,63.34,16379594,560771904.00
2021/12/03,63.34,63.52,61.97,63.36,11920851,400492832.00
2021/12/06,63.81,65.54,63.45,63.48,13419248,462992384.00
2021/12/07,63.54,63.78,61.08,62.96,12843440,426534432.00
2021/12/08,62.94,64.18,62.76,63.85,9920063,338347520.00
2021/12/09,63.54,64.76,62.94,64.50,10552984,361647456.00
2021/12/10,64.41,64.41,62.96,63.14,12721524,432560320.00
2021/12/13,63.43,66.32,63.43,64.94,15808606,548275328.00
2021/12/14,65.21,69.44,64.99,67.32,20186290,731150848.00
2021/12/15,67.32,67.85,65.80,66.40,9984169,356634816.00
2021/12/16,66.40,68.56,65.50,67.65,12420498,450272928.00
2021/12/17,67.56,68.05,64.98,65.10,9397814,333838464.00
2021/12/20,64.05,64.45,61.86,62.23,9337617,314635456.00
2021/12/21,62.21,62.77,59.95,61.61,12872806,421334432.00
2021/12/22,61.48,62.48,60.90,61.32,6789140,222874912.00
2021/12/23,61.34,62.77,60.77,62.19,8943823,295643072.00
2021/12/24,62.12,62.12,58.68,58.90,9830120,315561376.00
2021/12/27,58.95,60.77,58.04,58.55,8055863,255859008.00
2021/12/28,58.55,59.39,58.15,59.17,11094460,348900320.00
2021/12/29,59.13,59.53,58.22,59.06,9583335,301865216.00
2021/12/30,58.99,60.59,58.99,59.28,10226714,326321024.00
2021/12/31,59.77,63.14,59.77,61.59,14325197,471913184.00
2022/01/04,61.88,62.96,58.59,59.17,15483321,497208704.00
2022/01/05,59.13,59.19,55.84,56.40,17542998,532357888.00
2022/01/06,56.00,58.57,55.71,57.64,10773323,330000864.00
2022/01/07,57.50,58.39,56.22,56.46,8453433,257063872.00
2022/01/10,56.48,56.53,54.13,54.35,11202088,327587200.00
2022/01/11,54.57,54.89,52.40,52.78,12724397,360289696.00
2022/01/12,53.13,53.89,52.07,53.77,11783583,332535616.00
2022/01/13,52.95,53.58,52.16,52.27,10126504,284055776.00
2022/01/14,52.05,53.22,52.05,52.87,7673161,215612016.00
2022/01/17,52.66,53.38,51.64,52.20,14875375,414165536.00
2022/01/18,52.55,52.62,51.69,52.07,7395510,205221392.00
2022/01/19,52.07,52.07,50.23,50.65,11642855,314857024.00
2022/01/20,50.58,51.13,49.69,49.91,9414240,251315552.00
2022/01/21,50.18,50.36,49.12,49.94,9226068,244471216.00
2022/01/24,49.43,50.98,49.31,50.74,9068111,243132256.00
2022/01/25,50.49,51.11,48.91,48.91,7334910,194975472.00
2022/01/26,48.98,51.11,48.98,50.56,12634955,338540640.00
2022/01/27,50.42,51.85,49.69,49.82,10405882,279962784.00
2022/01/28,50.67,53.97,49.32,52.35,18974551,525403040.00
2022/02/07,53.51,53.93,51.49,52.38,9870142,274618720.00
2022/02/08,52.40,53.27,49.31,50.94,14331492,386172992.00
2022/02/09,50.67,51.00,49.40,50.89,12928243,345608480.00
2022/02/10,50.42,53.55,49.85,50.29,21139211,581767488.00
2022/02/11,50.40,50.58,47.07,47.07,25530814,654934080.00
2022/02/14,46.30,47.29,45.36,45.96,18613995,454081312.00
2022/02/15,45.81,48.32,44.99,48.03,24279611,599957056.00
2022/02/16,48.03,49.43,47.49,48.69,15360214,395774912.00
2022/02/17,48.98,49.89,48.32,49.56,15002946,392692768.00
2022/02/18,49.05,49.54,48.67,49.27,13284534,346070752.00
2022/02/21,49.40,50.22,48.14,48.43,10360651,267842384.00
2022/02/22,47.94,48.43,47.23,48.01,9515876,241093776.00
2022/02/23,47.74,52.56,47.74,51.49,24505588,661733376.00
2022/02/24,51.38,53.11,50.00,50.80,20315504,561120320.00
2022/02/25,51.55,52.20,50.64,50.78,10420454,283680640.00
2022/02/28,50.85,51.96,49.98,51.49,19488183,529787840.00
2022/03/01,51.95,53.26,51.31,52.02,21339445,594102720.00
2022/03/02,51.85,52.95,50.67,52.35,15924955,440120128.00
2022/03/03,52.56,52.82,51.78,51.85,10922615,303937344.00
2022/03/04,51.49,54.77,51.14,53.51,19157136,545304256.00
2022/03/07,52.93,53.40,50.94,52.22,13009366,362535776.00
2022/03/08,52.13,53.24,50.56,51.38,11737017,323155360.00
2022/03/09,51.51,53.07,50.11,52.38,14885651,410916832.00
2022/03/10,53.31,56.22,52.60,55.82,22425530,656214208.00
2022/03/11,54.77,55.39,53.49,54.86,12206426,354562336.00
2022/03/14,54.28,54.57,52.00,52.04,8750990,246943168.00
2022/03/15,51.47,51.76,49.45,49.45,11178264,300002016.00
2022/03/16,50.40,52.76,47.49,52.38,19600599,523869280.00
2022/03/17,52.76,53.38,50.20,51.29,18664967,510136768.00
2022/03/18,50.36,51.05,49.74,50.54,8941138,239729744.00
2022/03/21,50.03,50.71,49.00,49.27,11117654,292716320.00
2022/03/22,49.12,49.29,48.01,48.14,10229567,262822672.00
2022/03/23,48.76,50.22,48.29,48.58,15384575,402760224.00
2022/03/24,48.03,48.03,46.21,46.85,13978718,346436864.00
2022/03/25,46.87,46.87,42.57,42.99,25350861,593601344.00
2022/03/28,42.41,42.54,41.44,41.86,10371879,229924464.00
2022/03/29,41.86,42.34,40.32,40.53,13633564,295602080.00
2022/03/30,40.92,41.61,40.53,41.37,14365330,311388640.00
2022/03/31,40.81,41.01,39.24,39.30,17021575,356824192.00
2022/04/01,38.84,39.81,38.59,39.68,11076574,229941264.00
2022/04/06,39.84,39.97,38.99,39.57,8214120,170850960.00
2022/04/07,39.57,39.82,38.26,38.31,11452587,234676272.00
2022/04/08,38.66,39.75,38.35,38.99,13265957,272599328.00
2022/04/11,38.77,39.19,37.29,37.68,10523921,210223840.00
2022/04/12,37.44,38.17,36.71,37.90,7252831,142768464.00
2022/04/13,37.69,37.97,36.84,37.17,6519964,128210040.00
2022/04/14,37.37,37.69,36.97,37.06,5661428,110713216.00
2022/04/15,36.86,37.11,35.91,36.97,7003951,134167160.00
2022/04/18,36.57,37.20,35.77,37.11,5027259,96811616.00
2022/04/19,37.11,38.39,36.13,36.35,10473549,203678672.00
2022/04/20,35.98,36.91,35.18,35.44,9291554,174625536.00
2022/04/21,35.22,35.60,34.02,34.24,11794956,214465792.00
2022/04/22,33.49,34.89,33.49,34.31,11868016,213589616.00
2022/04/25,33.67,33.80,31.65,32.20,13122899,223268224.00
2022/04/26,31.87,32.18,29.80,29.94,11642798,187505584.00
2022/04/27,28.39,31.00,28.30,30.43,22044815,341965504.00
2022/04/28,30.14,30.65,28.98,30.01,16485884,255536752.00
2022/04/29,29.98,31.58,29.63,31.32,15523352,249645328.00
2022/05/05,31.43,32.05,31.07,31.58,11101026,182730288.00
2022/05/06,31.11,31.42,30.71,31.00,6031032,97534000.00
2022/05/09,31.14,31.93,30.96,31.12,6100290,99477360.00
2022/05/10,30.96,34.07,30.63,33.00,34260456,590828096.00
2022/05/11,33.11,34.38,32.58,33.07,30488408,535709376.00
2022/05/12,33.04,33.76,32.76,33.07,10635511,184098768.00
2022/05/13,33.44,33.80,32.98,33.40,9132121,159227744.00
2022/05/16,33.53,34.29,32.93,33.09,10185716,177905104.00
2022/05/17,33.18,34.05,32.93,33.93,12312269,216626912.00
2022/05/18,34.02,35.95,33.67,35.57,18326924,337024544.00
2022/05/19,35.13,38.97,35.04,38.20,33245094,652779904.00
2022/05/20,38.64,38.81,37.40,37.82,23365576,465060096.00
2022/05/23,37.68,37.68,36.71,37.51,13175795,257247504.00
2022/05/24,38.93,41.10,38.40,38.75,42424623,890222656.00
2022/05/25,38.11,39.72,37.48,39.35,28583860,578427712.00
2022/05/26,39.02,41.79,38.86,40.57,31126788,666667008.00
2022/05/27,40.48,41.57,39.11,39.57,15963672,336792512.00
2022/05/30,39.57,40.06,38.13,39.26,17155029,352073184.00
2022/05/31,40.12,40.93,38.68,40.63,23895318,503891200.00
2022/06/01,40.30,41.37,39.61,40.64,17972513,385050944.00
2022/06/02,40.57,44.12,39.88,43.50,26236886,595987648.00
2022/06/06,43.39,45.36,42.94,45.12,24765924,581075072.00
2022/06/07,44.54,45.25,43.26,43.57,16841905,391983552.00
2022/06/08,43.52,43.99,41.88,42.85,13806373,312324576.00
2022/06/09,42.86,43.19,40.64,41.08,18104669,397109024.00
2022/06/10,40.75,42.48,40.44,42.06,17049402,375556096.00
2022/06/13,42.75,43.81,42.46,43.30,16477015,375462976.00
2022/06/14,42.94,43.19,41.33,43.03,12149365,271791552.00
2022/06/15,42.94,43.45,41.41,42.37,14786475,330347360.00
2022/06/16,42.14,44.39,41.97,43.59,17694957,407365824.00
2022/06/17,43.43,47.80,43.12,47.80,34525110,862109696.00
2022/06/20,50.78,52.42,49.65,50.13,52139157,1428042752.00
2022/06/21,49.18,51.02,47.67,49.76,23318765,613854656.00
2022/06/22,49.78,50.18,48.01,48.21,17817105,464136192.00
2022/06/23,48.40,49.31,47.21,49.12,17197638,443153824.00
2022/06/24,49.12,51.93,49.11,51.73,18918238,515071616.00
2022/06/27,51.85,52.04,48.36,49.23,29215581,769644096.00
2022/06/28,49.18,49.22,47.12,48.67,20863257,535138656.00
2022/06/29,48.34,48.40,45.98,46.25,21541658,534648864.00
2022/06/30,46.25,48.54,46.05,47.85,19159818,481923392.00
2022/07/01,48.00,49.11,46.94,47.12,10687855,270516704.00
2022/07/04,47.12,48.23,46.49,47.40,16233558,407723136.00
2022/07/05,47.41,48.11,46.41,47.52,11787325,293844192.00
2022/07/06,48.21,50.74,47.92,48.63,22526535,590517056.00
2022/07/07,47.85,50.22,47.05,49.18,17196850,445731840.00
2022/07/08,49.87,49.87,47.69,48.05,12756254,327254432.00
2022/07/11,47.98,49.54,47.12,48.01,15360193,394887552.00
2022/07/12,45.70,52.44,45.52,50.71,43569299,1171458560.00
2022/07/13,50.74,54.73,50.36,53.40,39039443,1101998080.00
2022/07/14,53.58,54.77,52.58,53.31,21041714,600499328.00
2022/07/15,53.87,56.55,53.31,54.84,28135526,829000192.00
2022/07/18,55.22,55.88,52.40,55.04,19196079,553240000.00
2022/07/19,53.67,53.86,51.89,52.04,18111770,508603104.00
2022/07/20,51.85,54.33,51.58,53.69,17065502,485036928.00
2022/07/21,53.82,53.82,50.49,50.76,17330652,474865472.00
2022/07/22,51.11,51.62,48.92,51.25,16826932,448214176.00
2022/07/25,50.76,50.85,47.30,47.80,22416341,575783744.00
2022/07/26,47.81,49.49,47.47,47.91,15943915,408236608.00
2022/07/27,47.92,48.72,46.79,48.71,12913319,327966176.00
2022/07/28,49.16,49.25,47.12,47.25,14612364,371509824.00
2022/07/29,47.00,48.85,46.69,47.70,13839031,348451232.00
2022/08/01,47.40,47.58,45.41,46.67,15858934,385628512.00
2022/08/02,45.76,46.27,44.08,44.83,15104473,356652032.00
2022/08/03,44.94,47.81,44.94,46.61,18026940,442061856.00
2022/08/04,46.78,47.25,45.59,46.54,12037052,293872864.00
2022/08/05,46.54,48.58,46.32,48.43,14152709,356649824.00
2022/08/08,48.45,51.67,47.87,50.36,19002029,505157664.00
2022/08/09,50.11,53.00,49.69,51.44,22066664,601151808.00
2022/08/10,51.18,51.95,50.69,51.22,12017602,324988608.00
2022/08/11,51.58,52.13,50.51,50.67,9460442,253481264.00
2022/08/12,50.67,51.14,48.92,49.22,11936756,310972000.00
2022/08/15,48.80,51.11,48.49,51.04,10925142,289750976.00
2022/08/16,51.67,55.93,51.67,54.64,42605116,1241710464.00
2022/08/17,55.19,55.31,52.82,53.87,22301671,634819712.00
2022/08/18,54.00,55.22,53.47,53.62,11898213,340835840.00
2022/08/19,53.33,54.17,51.93,52.67,12873154,357389184.00
2022/08/22,52.40,53.47,49.94,51.00,12569200,336897824.00
2022/08/23,50.31,51.76,49.83,50.60,11181507,299631520.00
2022/08/24,50.29,51.18,49.07,49.36,13604583,356951104.00
2022/08/25,49.40,50.71,48.85,49.49,13460032,351007104.00
2022/08/26,49.83,52.09,49.54,50.40,15569780,418705920.00
2022/08/29,49.62,51.67,48.83,51.29,11920395,319082048.00
2022/08/30,51.42,51.58,49.00,49.34,9581895,250662544.00
2022/08/31,48.98,49.40,45.18,45.38,14897072,361892480.00
2022/09/01,45.39,46.81,45.39,45.94,10265849,248849648.00
2022/09/02,45.87,46.25,44.70,45.70,6285318,149944416.00
2022/09/05,45.74,48.00,45.74,46.67,10234780,251698336.00
2022/09/06,47.00,47.56,45.18,46.47,12328760,297510464.00
2022/09/07,46.09,48.45,45.78,47.30,9589895,239049376.00
2022/09/08,47.30,47.87,46.27,46.47,5259600,129447656.00
2022/09/09,46.65,46.83,45.21,46.21,6206617,149576192.00
2022/09/13,46.19,46.47,45.25,45.65,5726366,137112976.00
2022/09/14,45.10,46.16,44.72,44.87,5044320,119354928.00
2022/09/15,45.45,45.54,41.44,42.30,13917522,310563040.00
2022/09/16,42.24,43.12,41.57,41.86,8290728,182341280.00
2022/09/19,41.37,44.08,41.30,42.54,9578408,215022736.00
2022/09/20,42.97,43.57,42.59,43.14,5945156,133836056.00
2022/09/21,43.01,43.36,41.88,43.15,5350096,119804904.00
2022/09/22,42.61,45.03,42.17,43.25,7210275,165104624.00
2022/09/23,43.03,43.65,41.04,42.97,11498105,253510672.00
2022/09/26,42.52,43.30,41.68,41.88,8438343,187379648.00
2022/09/27,42.19,43.90,42.19,43.32,10281617,232141072.00
2022/09/28,43.39,44.52,41.41,42.04,8260784,183338336.00
2022/09/29,42.43,42.43,40.57,41.66,7653155,165770560.00
2022/09/30,41.30,41.94,39.77,40.30,8359587,175740352.00
2022/10/10,40.30,40.75,39.08,39.30,6446242,133849608.00
2022/10/11,39.86,40.50,39.19,39.59,6139873,127286872.00
2022/10/12,39.75,42.28,38.84,42.04,11789593,249352704.00
2022/10/13,41.57,43.05,41.43,42.77,9015989,200757920.00
2022/10/14,43.08,44.36,42.68,43.94,10714098,244548240.00
2022/10/17,43.94,44.36,43.25,44.05,7927958,182354688.00
2022/10/18,44.30,45.30,43.72,44.56,9322733,217658528.00
2022/10/19,44.34,44.94,43.05,43.21,8396004,192781568.00
2022/10/20,42.81,43.17,41.41,42.46,7716611,170365024.00
2022/10/21,42.32,45.90,42.32,44.67,19069693,445481248.00
2022/10/24,44.67,45.65,43.48,43.81,15069435,350897952.00
2022/10/25,43.48,45.08,42.86,43.96,10888647,250572736.00
2022/10/26,43.79,43.90,41.79,42.35,16925611,376127584.00
2022/10/27,43.01,44.74,42.50,43.50,19222393,439051200.00
2022/10/28,42.85,44.72,42.26,43.34,14976446,342203424.00
2022/10/31,43.39,44.43,41.86,42.28,13011904,291591840.00
2022/11/01,42.28,43.28,41.23,42.63,10399997,229387840.00
2022/11/02,42.86,43.06,41.57,43.06,9648046,213786080.00
2022/11/03,42.41,45.01,42.15,43.63,14119991,325127296.00
2022/11/04,43.65,45.72,43.59,44.99,15942336,375856928.00
2022/11/07,45.03,45.12,42.43,42.59,20225481,455282592.00
2022/11/08,42.32,43.34,41.59,42.34,12102520,267485872.00
2022/11/09,42.26,42.26,38.99,39.66,27041460,565702208.00
2022/11/10,39.30,39.61,38.28,38.91,13901097,279623424.00
2022/11/11,39.66,39.90,38.30,39.17,19060915,388181024.00
2022/11/14,39.01,39.51,38.30,38.71,16643412,336098848.00
2022/11/15,38.64,39.42,38.51,39.35,11667610,236786688.00
2022/11/16,39.42,39.93,38.84,38.91,13625990,279549216.00
2022/11/17,38.81,38.84,38.39,38.70,7150732,143272128.00
2022/11/18,38.71,39.06,38.11,38.37,9293065,186364288.00
2022/11/21,38.26,38.93,38.26,38.88,9982034,200807616.00
2022/11/22,38.88,38.95,37.40,37.55,14208268,279509536.00
2022/11/23,37.75,38.28,36.73,38.11,12825807,249125472.00
2022/11/24,37.91,38.51,37.66,37.75,6200134,122424648.00
2022/11/25,37.57,37.77,36.77,36.91,7018105,134658336.00
2022/11/28,36.40,37.90,36.29,37.71,11021290,214081680.00
2022/11/29,38.06,38.22,37.42,37.71,7299941,143132176.00
2022/11/30,37.66,38.17,37.57,38.13,7173224,141218384.00
2022/12/01,38.51,38.88,38.13,38.20,7915348,158432384.00
2022/12/02,38.15,39.21,37.95,38.93,9201196,185948608.00
2022/12/05,39.02,39.17,38.30,38.51,7366791,147456816.00
2022/12/06,38.39,38.97,38.15,38.46,6204939,124302144.00
2022/12/07,38.35,38.66,38.08,38.50,7010827,139793360.00
2022/12/08,38.37,38.77,37.99,38.08,5868895,116741088.00
2022/12/09,38.08,38.37,37.39,37.53,9052078,177789600.00
2022/12/12,37.59,38.13,37.02,37.93,8835632,172679264.00
2022/12/13,37.93,38.20,37.29,37.59,6343014,123838664.00
2022/12/14,37.68,37.79,36.99,36.99,5186333,100413552.00
2022/12/15,36.97,37.88,36.88,37.71,5563387,108138184.00
2022/12/16,37.90,37.90,36.53,37.02,6429072,123347776.00
2022/12/19,36.68,37.37,36.66,36.89,4671326,89569944.00
2022/12/20,36.88,38.40,36.51,38.19,13018661,256480064.00
2022/12/21,38.11,39.08,37.69,38.42,12397168,247318160.00
2022/12/22,38.48,38.57,36.02,36.35,12459855,238792896.00
2022/12/23,35.42,36.48,34.56,36.06,7963846,146608512.00
2022/12/26,36.38,38.77,35.78,38.37,16317930,321894112.00
2022/12/27,38.48,39.72,38.02,39.39,16094665,327444352.00
2022/12/28,39.35,39.61,38.99,39.28,8407898,172193728.00
2022/12/29,39.21,39.48,38.48,38.55,6479799,130517344.00
2022/12/30,38.68,39.57,38.13,39.02,7831091,158904464.00
2023/01/03,39.01,40.44,38.75,40.26,11679674,242599488.00
2023/01/04,40.26,40.83,39.93,40.17,8358842,175832176.00
2023/01/05,40.17,40.73,39.79,40.24,7109479,149255664.00
2023/01/06,40.19,41.90,39.93,41.23,12117756,261183472.00
2023/01/09,41.39,42.46,41.06,41.97,11967732,262674368.00
2023/01/10,42.15,42.23,41.30,41.59,6382288,138839952.00
2023/01/11,41.68,42.08,41.32,41.43,6948460,151050288.00
2023/01/12,41.57,42.92,41.39,41.52,8824044,193552032.00
2023/01/13,41.68,41.68,40.77,41.26,6854733,147045168.00
2023/01/16,41.46,42.19,41.10,41.66,4906240,107110144.00
2023/01/17,41.61,41.94,41.30,41.43,4279249,92784632.00
2023/01/18,41.43,41.66,41.03,41.52,3495978,75475432.00
2023/01/19,41.52,41.64,40.64,40.90,6171340,131659912.00
2023/01/20,41.08,41.74,40.99,41.15,4360325,93826112.00
2023/01/30,42.26,42.26,41.55,41.75,5305242,115835000.00
2023/01/31,42.52,45.72,41.94,45.72,26300360,620750016.00
2023/02/01,46.41,46.63,45.03,46.32,24716828,596956928.00
2023/02/02,46.61,46.67,45.94,46.49,8041106,195709904.00
2023/02/03,46.27,46.38,45.18,45.88,7302444,174630288.00
2023/02/06,45.76,46.03,45.08,45.74,6429739,153552816.00
2023/02/07,45.76,45.92,44.68,45.01,7765511,183732688.00
2023/02/08,45.03,45.70,44.50,45.14,7301901,173130000.00
2023/02/09,45.14,45.76,44.68,45.39,6692807,158950400.00
2023/02/10,45.41,45.67,43.94,44.37,8439301,196798832.00
2023/02/13,44.37,45.45,44.03,45.28,11761188,278141216.00
2023/02/14,45.52,45.99,45.05,45.32,4576175,108798312.00
2023/02/15,45.74,46.10,44.90,45.30,5997068,142673120.00
2023/02/16,45.58,45.63,44.12,44.47,6274583,147549280.00
2023/02/17,44.57,45.05,44.32,44.47,4706047,110061752.00
2023/02/20,44.63,45.96,44.16,45.41,9625484,228810528.00
2023/02/21,45.85,46.03,44.96,45.70,6555657,156747440.00
2023/02/22,45.50,47.49,45.48,45.94,10791173,264120240.00
2023/02/23,45.76,47.12,45.59,46.39,8055007,196268032.00
2023/02/24,46.30,48.54,45.83,48.40,15540981,390116128.00
2023/02/27,48.40,48.40,46.87,47.58,10653146,265572176.00
2023/02/28,47.20,48.21,47.05,47.74,6704388,167915280.00
2023/03/01,47.49,47.89,46.50,46.72,6372787,157240144.00
2023/03/02,46.85,47.36,45.83,46.09,6632176,161570320.00
2023/03/03,46.29,46.76,45.59,45.81,4686477,113305008.00
2023/03/06,45.83,46.72,44.88,46.47,6722792,161705056.00
2023/03/07,46.32,46.45,44.63,44.74,6221554,147493424.00
2023/03/08,44.50,45.36,44.27,44.50,4880103,114029896.00
2023/03/09,44.72,45.07,44.47,44.77,2883093,67580120.00
2023/03/10,44.34,44.92,43.72,43.74,4582828,105500896.00
2023/03/13,43.41,44.67,43.36,43.57,6003692,137848944.00
2023/03/14,43.61,43.92,42.30,43.03,5640393,126597728.00
2023/03/15,43.10,44.97,43.10,43.66,7530466,174070832.00
2023/03/16,43.43,43.66,41.79,41.84,6991209,154745168.00
2023/03/17,42.17,42.59,41.90,41.94,4903944,108133392.00
2023/03/20,41.94,42.23,41.06,41.66,5826281,126451880.00
2023/03/21,41.79,42.48,41.19,42.03,5913133,128607168.00
2023/03/22,42.12,42.77,41.92,42.15,4261693,94286584.00
2023/03/23,42.12,42.28,41.13,41.70,4880063,105900400.00
2023/03/24,41.79,42.30,41.43,42.06,5689825,124570000.00
2023/03/27,42.15,44.03,42.04,43.30,8042075,181268576.00
2023/03/28,43.46,43.46,42.23,42.35,4357980,97389528.00
2023/03/29,42.28,43.17,42.06,42.24,6504058,144507904.00
2023/03/30,42.23,43.06,41.84,42.99,7523984,168022400.00
2023/03/31,42.94,43.76,42.34,42.55,6489286,145501152.00
2023/04/03,42.32,43.15,42.17,42.45,8765528,194947744.00
2023/04/04,42.32,42.75,41.50,41.75,8496301,186722944.00
2023/04/06,41.75,42.61,40.72,41.28,6438698,140097696.00
2023/04/07,41.39,41.99,40.52,40.77,8449309,180500896.00
2023/04/10,40.70,41.72,40.66,41.24,6164854,132894480.00
2023/04/11,41.50,41.50,40.59,40.84,4549748,96835408.00
2023/04/12,40.84,41.28,40.17,40.35,4432882,93662088.00
2023/04/13,40.12,40.99,39.75,39.88,6653589,139227824.00
2023/04/14,39.42,40.79,39.42,40.06,4810111,101112600.00
2023/04/17,40.15,41.39,39.93,40.75,6896251,146726080.00
2023/04/18,40.66,41.86,40.66,41.33,5817911,125663592.00
2023/04/19,41.21,41.72,40.97,41.19,3597329,77213296.00
2023/04/20,40.88,41.17,40.08,40.32,4911045,103263624.00
2023/04/21,40.48,41.03,39.39,39.50,4664416,97218944.00
2023/04/24,39.37,39.79,38.95,39.21,3284867,66990536.00
2023/04/25,40.02,42.52,38.20,39.26,23155301,487432896.00
2023/04/26,39.44,41.94,39.06,41.39,16576311,356036256.00
2023/04/27,41.75,43.30,41.33,42.63,15692563,348780672.00
2023/04/28,42.30,42.66,40.92,41.52,10171206,220626720.00
2023/05/04,41.48,43.21,41.48,42.28,11512855,255796144.00
2023/05/05,42.12,42.61,40.81,41.75,7782537,168971776.00
2023/05/08,41.72,43.03,41.43,41.81,8306619,182028432.00
2023/05/09,41.75,41.81,40.26,40.35,6185934,131639240.00
2023/05/10,40.19,41.94,39.77,41.39,7752201,166966560.00
2023/05/11,41.64,42.04,40.90,41.12,5305157,114117600.00
2023/05/12,41.39,42.50,40.75,41.39,8086600,175742192.00
2023/05/15,41.30,43.21,41.17,43.15,13209861,293297248.00
2023/05/16,43.01,44.97,43.01,44.28,13184292,305885344.00
2023/05/17,44.85,44.99,43.41,44.57,9942671,231115360.00
2023/05/18,44.23,44.77,43.36,43.85,10732451,245728576.00
2023/05/19,43.81,43.83,42.92,43.45,5673056,128538256.00
2023/05/22,43.43,44.39,43.03,44.14,6168051,142595968.00
2023/05/23,44.17,44.39,43.57,43.61,3673142,84278360.00
2023/05/24,43.50,44.12,43.12,43.59,4687632,107094120.00
2023/05/25,42.85,44.48,42.81,43.97,6622274,152224880.00
2023/05/26,44.47,44.47,43.03,43.76,5636792,128759752.00
2023/05/29,44.12,44.12,42.21,42.43,8575864,191018944.00
2023/05/30,42.48,42.88,41.08,42.06,10841809,236528464.00
2023/05/31,41.81,42.19,40.63,40.84,7471510,159837376.00
2023/06/01,40.86,42.10,40.72,40.90,7393653,159316192.00
2023/06/02,40.64,41.50,40.52,40.64,7723844,164635552.00
2023/06/05,40.37,40.55,39.51,39.61,7745650,160704352.00
2023/06/06,39.64,39.66,38.22,38.37,10778376,216075216.00
2023/06/07,38.24,38.48,37.29,37.37,7449300,145132768.00
2023/06/08,37.42,37.69,36.44,36.57,8800777,168062224.00
2023/06/09,36.57,37.04,35.89,36.71,11158482,210916336.00
2023/06/12,36.62,36.77,35.73,36.51,7751981,145969312.00
2023/06/13,36.48,36.82,35.97,36.75,7598777,143566560.00
2023/06/14,36.89,37.17,36.49,36.84,6709445,128281736.00
2023/06/15,36.86,38.20,36.51,38.17,10845315,211572896.00
2023/06/16,38.28,38.84,37.69,38.70,7962320,157347664.00
2023/06/19,38.70,39.28,38.48,39.06,6577236,131810768.00
2023/06/20,38.99,39.57,38.64,38.70,6020204,120750512.00
2023/06/21,38.84,39.26,38.15,38.15,7147368,141833328.00
2023/06/26,37.90,37.93,36.89,37.37,9365036,179949776.00
2023/06/27,37.39,37.93,36.89,37.19,5989273,114473824.00
2023/06/28,37.13,37.35,36.48,37.04,7549523,142938352.00
2023/06/29,36.93,37.37,36.66,36.78,6018994,114253128.00
2023/06/30,36.99,37.19,36.48,37.00,9421731,177905088.00
2023/07/03,36.97,37.64,36.84,37.02,14750538,282303200.00
2023/07/04,37.04,37.15,36.22,36.44,12147287,227214880.00
2023/07/05,36.40,36.46,35.35,35.47,11759888,214949360.00
2023/07/06,35.40,35.60,35.22,35.33,7114335,128880800.00
2023/07/07,35.51,35.51,34.84,35.02,6355833,113800864.00
2023/07/10,35.04,35.71,34.86,35.31,7764182,140545760.00
2023/07/11,35.37,36.06,35.24,35.97,7716519,141167200.00
2023/07/12,36.06,36.08,35.47,35.60,6439300,117752864.00
2023/07/13,35.66,36.44,35.66,36.35,11232636,208008000.00
2023/07/14,36.26,36.40,35.89,36.29,9249665,171155392.00
2023/07/17,36.15,36.82,35.69,35.84,8753289,161559184.00
2023/07/18,35.95,36.20,35.71,35.89,6686613,123132144.00
2023/07/19,35.91,36.28,35.73,36.02,8639280,159301728.00
2023/07/20,36.06,36.13,35.53,35.55,5958214,109266568.00
2023/07/21,35.38,35.84,35.15,35.37,5799439,105153960.00
2023/07/24,35.27,35.27,34.49,34.60,7507155,133105856.00
2023/07/25,34.84,35.49,34.69,35.47,10779863,193805472.00
2023/07/26,35.53,35.53,34.82,35.37,10693884,192128208.00
2023/07/27,35.37,36.44,35.26,35.31,12235014,224804832.00
2023/07/28,35.29,35.35,34.36,35.33,11137367,198110608.00
2023/07/31,35.20,35.73,35.11,35.49,7016435,127243720.00
2023/08/01,35.57,35.62,35.00,35.15,7579448,136192048.00
2023/08/02,35.00,35.20,34.73,34.76,4833020,86126992.00
2023/08/03,34.71,35.02,34.56,34.71,5982600,106181296.00
2023/08/04,34.71,35.06,34.38,34.38,9184587,161922848.00
2023/08/07,34.38,34.47,33.56,33.89,9573621,165624080.00
2023/08/08,33.87,33.96,33.60,33.84,5390655,92863952.00
2023/08/09,33.73,34.00,33.40,33.78,4506276,77561552.00
2023/08/10,33.78,34.33,33.67,33.82,7374531,127664336.00
2023/08/11,33.82,33.84,33.16,33.18,7502064,127718200.00
2023/08/14,32.80,33.38,32.49,33.36,6311308,105722744.00
2023/08/15,33.13,33.35,32.54,32.87,5494471,91828328.00
2023/08/16,32.74,32.87,32.27,32.31,5378793,88810000.00
2023/08/17,32.14,32.53,31.98,32.40,5046662,82627112.00
2023/08/18,32.47,32.64,31.87,31.87,4686852,76650608.00
2023/08/21,31.87,32.16,31.42,31.43,7267252,116844800.00
2023/08/22,31.69,31.74,30.65,31.31,10321939,162644288.00
2023/08/23,31.31,31.38,30.45,30.47,7172767,111545680.00
2023/08/24,30.49,30.96,30.29,30.54,7693442,119277920.00
2023/08/25,30.45,31.09,30.11,30.43,9331403,144446912.00
2023/08/28,31.83,31.94,30.80,31.09,14677704,231629920.00
2023/08/29,31.16,32.38,31.07,32.36,20972039,340682880.00
2023/08/30,32.40,32.82,31.94,32.20,15724896,259100752.00
2023/08/31,32.09,32.29,31.67,31.83,8594969,138848224.00
2023/09/01,31.58,32.00,31.40,31.54,7268789,116465864.00
2023/09/04,31.56,31.80,31.31,31.78,8752435,140208112.00
2023/09/05,31.78,31.87,31.42,31.62,6781261,108689064.00
2023/09/06,31.49,31.76,31.23,31.71,6813136,108899968.00
2023/09/07,31.67,31.82,30.76,30.83,9723682,153168304.00
2023/09/08,30.69,31.27,30.65,31.07,5574191,87516216.00
2023/09/11,31.18,31.42,30.83,31.25,5843260,92389120.00
2023/09/12,31.29,31.34,31.03,31.20,4343193,68656568.00
2023/09/13,31.16,31.29,30.49,30.71,6937125,108154728.00
2023/09/14,30.65,30.67,30.16,30.23,6459000,99122048.00
2023/09/15,30.25,30.72,30.25,30.40,7281738,112026808.00
2023/09/18,30.25,30.83,30.03,30.60,5392490,83136816.00
2023/09/19,30.51,30.62,30.07,30.16,5316000,81297144.00
2023/09/20,30.00,30.36,29.87,29.89,5210673,79053560.00
2023/09/21,29.76,29.98,29.49,29.63,5424860,81150864.00
2023/09/22,29.40,30.12,29.38,30.11,5399548,81232096.00
2023/09/25,30.11,30.12,29.76,29.92,4502180,67945120.00
2023/09/26,29.94,30.43,29.92,30.03,5025300,76451744.00
2023/09/27,29.94,31.27,29.94,31.02,11817493,184895232.00
2023/09/28,30.96,31.62,30.92,31.34,9012462,143135328.00
2023/10/09,31.34,31.34,30.63,30.74,8965876,139479104.00
2023/10/10,30.67,30.92,30.38,30.40,6508600,100507688.00
2023/10/11,30.52,30.72,30.43,30.54,5253794,81123232.00
2023/10/12,30.58,31.58,30.51,31.27,10909633,171595680.00
2023/10/13,31.05,31.14,30.72,31.00,6217075,97222000.00
2023/10/16,30.83,31.36,30.58,30.67,6979081,109057760.00
2023/10/17,30.60,31.29,30.60,30.76,5115728,79862112.00
2023/10/18,30.67,30.82,29.96,30.01,5687859,86450776.00
2023/10/19,29.89,30.38,29.80,29.85,4954741,74968984.00
2023/10/20,29.81,31.18,29.76,30.34,10792670,166713152.00
2023/10/23,30.32,30.32,28.83,29.05,9884178,145829280.00
2023/10/24,29.29,29.50,28.83,29.38,8008802,117602816.00
2023/10/25,29.58,30.07,28.85,28.98,11444578,169180032.00
2023/10/26,28.74,29.10,27.78,29.09,11680525,166864032.00
2023/10/27,28.74,28.74,27.41,28.36,22392904,316435936.00
2023/10/30,28.27,28.74,27.99,28.52,13148000,187068304.00
2023/10/31,28.39,28.65,27.85,28.05,12622444,178053888.00
2023/11/01,28.07,28.27,27.59,27.74,12878649,180043840.00
2023/11/02,27.67,27.89,26.94,26.94,15182896,206497504.00
2023/11/03,26.99,27.96,26.94,27.81,16142928,223611120.00
2023/11/06,27.92,28.89,27.90,28.52,14144091,202230944.00
2023/11/07,28.36,28.61,28.23,28.45,8279086,118161960.00
2023/11/08,28.65,28.65,28.09,28.27,7494914,106467488.00
2023/11/09,28.27,28.69,28.19,28.38,7694771,109938112.00
2023/11/10,28.29,28.30,27.99,28.16,6478250,91464728.00
2023/11/13,28.19,28.43,28.10,28.23,5148398,72875624.00
2023/11/14,28.14,28.43,28.09,28.25,6187374,87599160.00
2023/11/15,28.38,28.67,28.30,28.43,9509512,135875536.00
2023/11/16,28.47,28.47,27.58,27.61,12820542,178984512.00
2023/11/17,27.56,27.68,27.23,27.65,8840507,121626688.00
2023/11/20,27.90,28.16,27.59,28.05,8425210,117960392.00
2023/11/21,28.10,28.19,27.65,27.70,8347887,116756480.00
2023/11/22,27.50,27.68,27.21,27.23,8012618,109753264.00
2023/11/23,27.16,27.45,27.07,27.43,6510640,88866520.00
2023/11/24,27.41,27.41,27.10,27.18,6498363,88286064.00
2023/11/27,27.12,27.16,26.72,26.72,8200944,109822784.00
2023/11/28,26.70,26.92,26.32,26.92,9325862,124304888.00
2023/11/29,26.81,26.96,26.45,26.48,5828559,77435312.00
2023/11/30,26.37,26.63,26.03,26.07,15167982,197973488.00
2023/12/01,26.10,26.16,25.65,25.85,9400642,120863336.00
2023/12/04,25.97,26.01,25.68,25.70,6564500,84215360.00
2023/12/05,25.66,25.83,25.21,25.21,9163933,116015160.00
2023/12/06,25.21,25.59,25.03,25.28,9075689,114372096.00
2023/12/07,25.26,25.26,24.92,25.05,6755624,83874280.00
2023/12/08,25.21,25.30,25.05,25.05,7042861,87941960.00
2023/12/11,24.92,25.37,24.75,25.10,7514127,92930760.00
2023/12/12,25.10,25.23,25.01,25.06,5917814,73700608.00
2023/12/13,25.06,25.06,24.57,24.57,7571200,92788592.00
2023/12/14,24.72,24.94,24.46,24.50,5538388,67680080.00
2023/12/15,24.52,24.86,24.43,24.50,6839185,83379960.00
2023/12/18,24.41,24.46,24.01,24.04,6954097,83143176.00
2023/12/19,24.03,24.17,23.77,23.95,6894646,81588024.00
2023/12/20,23.95,24.17,23.37,23.43,10702259,124551664.00
2023/12/21,23.28,23.92,23.17,23.64,11243496,130090152.00
2023/12/22,23.55,24.12,23.24,23.84,11992828,140214800.00
2023/12/25,23.63,24.10,23.63,23.92,8324700,98103312.00
2023/12/26,23.84,23.92,23.54,23.68,5513159,64279792.00
2023/12/27,23.77,23.83,23.41,23.48,6132768,71023152.00
2023/12/28,23.44,24.83,23.39,24.72,17266645,207916096.00
2023/12/29,24.68,25.01,24.68,24.95,9580183,118164880.00
2024/01/02,25.23,25.30,24.66,24.74,7141462,87951872.00
2024/01/03,24.74,24.90,24.35,24.57,8609135,104704240.00
2024/01/04,24.57,24.57,24.15,24.28,6211100,74588688.00
2024/01/05,24.17,24.43,23.54,23.63,9603984,113298784.00
2024/01/08,23.59,23.86,23.26,23.28,7495857,86737608.00
2024/01/09,23.30,23.90,22.97,23.32,10861648,125008952.00
2024/01/10,23.19,23.55,22.90,23.13,11128983,127293336.00
2024/01/11,23.15,23.74,23.06,23.55,12243234,140890672.00
2024/01/12,23.50,24.01,23.41,23.59,11838320,138407568.00
2024/01/15,23.48,23.63,23.12,23.24,8439443,96771984.00
2024/01/16,23.24,23.57,22.99,23.35,9115343,104210824.00
2024/01/17,23.30,23.30,22.63,22.63,8738811,98404112.00
2024/01/18,22.53,22.73,21.93,22.63,14394145,157398160.00
2024/01/19,22.59,23.08,22.17,22.19,11297882,124670648.00
2024/01/22,22.19,22.19,21.10,21.28,11528202,121803400.00
2024/01/23,21.17,21.73,20.95,21.48,12322604,128412600.00
2024/01/24,21.61,21.90,20.73,21.50,14058323,145319744.00
2024/01/25,21.46,21.88,21.26,21.84,12718532,134319744.00
2024/01/26,21.79,21.97,21.50,21.53,10315467,109220328.00
2024/01/29,21.57,21.62,20.81,20.81,10519856,107721024.00
2024/01/30,20.95,21.33,20.59,20.59,13356200,136149264.00
2024/01/31,20.44,20.91,20.02,20.10,13174658,129649400.00
2024/02/01,20.13,20.46,19.86,19.88,11666552,113123584.00
2024/02/02,19.93,20.06,18.46,19.08,15118527,140385520.00
2024/02/05,18.91,18.91,17.44,18.09,20538342,177177440.00
2024/02/06,17.91,19.66,17.66,19.66,19993762,179443520.00
2024/02/07,19.55,20.91,19.55,20.81,24181616,240457808.00
2024/02/08,21.01,22.17,21.01,21.37,21406211,226035776.00
2024/02/19,21.57,21.62,20.82,20.88,11808156,121462696.00
数据来源:通达信
