603225 新凤鸣 日线 后复权
      日期	    开盘	    最高	    最低	    收盘	    成交量	    成交额
2017/04/18,32.02,38.42,32.02,38.42,47765,1834491.00
2017/04/19,42.26,42.26,42.26,42.26,36607,1547012.00
2017/04/20,46.49,46.49,46.49,46.49,43730,2033008.00
2017/04/21,51.14,51.14,48.50,51.14,25704995,1302293120.00
2017/04/24,47.77,48.96,46.03,46.03,24492369,1153578496.00
2017/04/25,46.00,49.58,45.80,47.11,19662801,932846208.00
2017/04/26,46.20,46.80,45.01,45.16,16897817,770069120.00
2017/04/27,44.01,47.95,43.50,47.38,23319852,1075494016.00
2017/04/28,46.80,47.18,45.60,45.74,13903404,641506816.00
2017/05/02,45.74,45.98,44.01,44.78,11040927,494043200.00
2017/05/03,44.51,45.96,44.22,45.86,13651553,616810624.00
2017/05/04,45.86,45.86,44.11,44.33,10875036,486265472.00
2017/05/05,44.01,44.04,42.20,42.28,10055270,434911744.00
2017/05/08,41.85,42.81,41.18,41.21,6357265,267507984.00
2017/05/09,41.30,42.19,41.10,41.77,6529294,272102080.00
2017/05/10,41.77,42.04,39.41,39.53,10008687,407542144.00
2017/05/11,39.00,40.43,38.70,40.20,8432853,335062880.00
2017/05/12,40.00,40.20,39.05,39.86,7143073,283636832.00
2017/05/15,39.55,40.28,39.34,39.96,5762202,229722640.00
2017/05/16,39.94,40.49,38.88,40.45,9373071,371224480.00
2017/05/17,40.16,40.80,39.82,39.91,7786215,313375808.00
2017/05/18,39.38,39.56,38.51,38.59,7304522,285308384.00
2017/05/19,38.43,38.88,38.03,38.18,5043634,193907024.00
2017/05/22,38.18,38.52,36.25,36.43,7287572,272360640.00
2017/05/23,36.05,36.45,34.71,34.77,7408040,262516976.00
2017/05/24,34.61,35.47,34.20,35.35,6883581,241518816.00
2017/05/25,35.15,35.41,33.81,35.10,7909102,274969952.00
2017/05/26,35.10,37.25,34.79,36.56,10059068,362789728.00
2017/05/31,37.81,38.54,36.29,36.41,10129680,381394336.00
2017/06/01,35.86,35.86,34.25,34.30,6731718,236739296.00
2017/06/02,34.00,35.45,33.85,35.38,6002355,209380864.00
2017/06/05,36.08,36.26,35.51,35.59,6168804,221440816.00
2017/06/06,35.07,35.83,35.00,35.79,3876007,137122464.00
2017/06/07,35.80,36.89,35.61,36.85,7550157,275345184.00
2017/06/08,36.85,36.86,36.02,36.13,5903021,214767616.00
2017/06/09,36.00,36.39,35.66,35.98,3902341,140278448.00
2017/06/12,35.45,35.45,34.43,34.63,4611229,161238736.00
2017/06/13,34.65,35.35,34.65,35.20,3861037,135493088.00
2017/06/14,35.10,35.20,34.67,34.90,3155047,110145416.00
2017/06/15,34.89,36.19,34.87,35.86,6105063,217758256.00
2017/06/16,35.85,35.97,35.35,35.47,3338350,118697840.00
2017/06/19,35.58,35.96,35.46,35.71,2544279,90747744.00
2017/06/20,35.90,36.14,35.50,35.57,4009564,143638688.00
2017/06/21,35.70,35.88,35.22,35.35,3416151,121116352.00
2017/06/22,35.33,35.46,34.48,34.52,4081997,143014352.00
2017/06/23,34.37,34.77,33.86,34.49,3614582,124001128.00
2017/06/26,34.43,34.85,34.42,34.83,2728367,94625000.00
2017/06/27,34.80,35.14,34.66,34.88,3020622,105434392.00
2017/06/28,34.63,34.80,34.23,34.35,2567901,88446112.00
2017/06/29,34.51,34.96,34.35,34.85,3024928,105023616.00
2017/06/30,34.66,37.18,34.52,36.18,9763271,351549280.00
2017/07/03,36.17,36.32,35.72,36.29,5620969,202568240.00
2017/07/04,36.35,36.94,36.12,36.30,6176595,225363216.00
2017/07/05,36.16,36.80,36.15,36.49,4679052,170686224.00
2017/07/06,36.69,37.15,36.25,36.67,6761113,248767664.00
2017/07/07,36.62,37.45,36.23,37.09,7573246,280062624.00
2017/07/10,36.65,36.87,35.80,35.87,6888152,249986576.00
2017/07/11,35.99,36.10,35.08,35.13,4161469,148096256.00
2017/07/12,35.03,35.35,34.35,35.29,3829211,133362048.00
2017/07/13,35.35,35.35,34.70,34.96,2665949,93102896.00
2017/07/14,34.88,34.93,34.57,34.76,2286640,79439616.00
2017/07/17,34.50,34.52,32.02,32.19,5855531,192149552.00
2017/07/18,32.08,33.11,32.08,32.96,3610414,117860984.00
2017/07/19,36.26,36.26,36.26,36.26,3894910,141229440.00
2017/07/20,38.97,38.97,36.60,36.69,18249433,686634944.00
2017/07/21,36.01,36.40,35.36,35.50,9304832,332898976.00
2017/07/24,35.30,36.21,35.20,35.85,6597603,236674752.00
2017/07/25,36.06,36.36,35.81,35.92,5744109,207233392.00
2017/07/26,35.73,36.46,35.52,35.98,5572397,200662896.00
2017/07/27,35.71,37.67,35.71,37.39,10162716,376442240.00
2017/07/28,37.50,37.50,36.80,36.93,5685659,210363088.00
2017/07/31,37.01,37.85,37.00,37.14,7273174,272108192.00
2017/08/01,37.17,37.53,36.41,36.87,6493514,239286160.00
2017/08/02,36.73,36.92,36.45,36.55,3916173,143550416.00
2017/08/03,36.56,37.18,36.33,37.14,5473059,201956912.00
2017/08/04,37.15,38.47,37.05,37.94,9489175,357872096.00
2017/08/07,38.16,38.66,37.70,38.62,8200882,313504608.00
2017/08/08,38.06,38.18,36.75,36.84,10564351,393929696.00
2017/08/09,36.84,37.19,36.35,36.77,4357092,160046048.00
2017/08/10,36.78,36.78,35.88,35.96,5567121,201799952.00
2017/08/11,35.74,35.74,34.77,34.81,5801048,204105232.00
2017/08/14,34.50,35.29,34.50,35.21,2765429,97095272.00
2017/08/15,35.32,35.49,35.05,35.33,2946350,103928504.00
2017/08/16,35.34,36.24,35.33,35.91,4434626,159160736.00
2017/08/17,35.94,36.36,35.80,35.99,3919851,141199600.00
2017/08/18,35.58,35.78,35.10,35.21,4063851,143828512.00
2017/08/21,35.21,35.68,35.16,35.62,2878811,102222552.00
2017/08/22,35.66,36.10,35.42,35.90,3645723,130065200.00
2017/08/23,35.84,37.17,35.80,36.67,8678322,318678304.00
2017/08/24,36.50,36.75,35.90,36.05,5237271,190017280.00
2017/08/25,36.10,37.08,36.10,36.86,6137231,225292928.00
2017/08/28,37.06,37.78,37.06,37.44,7874703,294514528.00
2017/08/29,37.20,38.19,36.95,37.50,9196425,344695744.00
2017/08/30,36.95,37.58,36.90,37.06,5795948,215330368.00
2017/08/31,36.36,38.20,36.36,37.97,9139134,344587712.00
2017/09/01,38.15,40.50,37.62,39.63,15801278,612544064.00
2017/09/04,38.86,39.45,38.60,38.70,10177256,396203840.00
2017/09/05,38.65,39.44,38.61,38.98,6640839,259037408.00
2017/09/06,39.00,39.24,37.97,38.47,6408080,246947616.00
2017/09/07,38.31,38.69,38.02,38.18,5057518,194083984.00
2017/09/08,38.18,38.25,37.43,37.68,5377386,203405904.00
2017/09/11,37.78,38.39,37.50,38.36,4146485,157848000.00
2017/09/12,38.19,38.50,37.57,37.67,4504121,170644352.00
2017/09/13,37.62,38.09,37.50,37.94,2697342,102006248.00
2017/09/14,37.90,38.18,37.56,37.62,2798218,105763336.00
2017/09/15,37.60,37.60,37.12,37.21,2730002,101734344.00
2017/09/18,37.10,37.67,37.10,37.61,2368253,88585264.00
2017/09/19,37.50,37.68,37.31,37.38,2049939,76741720.00
2017/09/20,37.40,38.03,37.38,38.02,3169183,119717744.00
2017/09/21,37.98,38.58,37.80,37.82,4592779,175645104.00
2017/09/22,37.51,37.70,36.50,37.16,3500603,130215840.00
2017/09/25,37.10,37.26,36.66,36.68,2167211,79971968.00
2017/09/26,36.55,37.00,36.01,36.22,2310878,84407288.00
2017/09/27,36.39,36.45,36.00,36.42,1840387,66815976.00
2017/09/28,36.41,36.67,36.25,36.34,1842394,67218040.00
2017/09/29,36.27,36.84,36.27,36.71,1801823,66024772.00
2017/10/09,37.06,37.35,36.75,36.92,1968093,72684816.00
2017/10/10,36.92,37.68,36.76,37.63,2832062,105624704.00
2017/10/11,37.69,37.92,37.34,37.77,3005564,113086584.00
2017/10/12,37.86,37.95,37.06,37.37,2300091,86150912.00
2017/10/13,37.45,38.44,37.18,38.19,4631459,176471056.00
2017/10/16,38.00,38.15,36.96,37.15,4205015,157338320.00
2017/10/17,37.10,37.79,36.91,37.38,3077283,115294800.00
2017/10/18,37.28,37.80,37.00,37.04,3049345,114185856.00
2017/10/19,37.05,37.19,35.72,35.87,3804065,137943744.00
2017/10/20,35.71,36.17,35.69,36.13,1497320,53881456.00
2017/10/23,36.08,36.35,36.01,36.25,1527303,55278312.00
2017/10/24,36.19,36.34,35.69,35.94,1842900,66218708.00
2017/10/25,35.98,36.48,35.95,36.41,1879417,68315200.00
2017/10/26,36.41,36.98,36.29,36.93,2807965,103191136.00
2017/10/27,36.88,37.45,36.62,37.40,3712994,137802560.00
2017/10/30,37.84,38.00,36.69,36.92,4680075,174533504.00
2017/10/31,36.74,38.18,36.74,38.10,6681358,252425952.00
2017/11/01,37.95,38.30,37.81,38.14,5486915,208773824.00
2017/11/02,38.15,38.57,37.68,37.78,5566859,212120000.00
2017/11/03,37.65,37.75,36.70,37.05,3992534,148509744.00
2017/11/06,37.30,37.96,37.09,37.79,3491305,130975024.00
2017/11/07,37.78,37.80,37.29,37.75,3231028,121198920.00
2017/11/08,37.80,38.38,37.41,37.47,4579153,173843760.00
2017/11/09,37.25,37.70,37.23,37.57,2963591,111180304.00
2017/11/10,37.66,38.29,37.45,37.95,4716949,178989168.00
2017/11/13,38.20,38.48,37.90,38.11,4935171,188590832.00
2017/11/14,38.22,38.23,37.29,37.41,4232935,159244560.00
2017/11/15,37.30,37.65,37.18,37.50,3051716,114238096.00
2017/11/16,37.39,37.40,36.35,36.59,3843369,141608448.00
2017/11/17,36.38,36.78,34.58,34.84,4927715,175526896.00
2017/11/20,34.78,35.46,34.52,35.41,2385732,83758160.00
2017/11/21,35.39,35.48,34.82,35.27,2218803,78064960.00
2017/11/22,35.29,35.41,34.68,34.91,2173416,76185528.00
2017/11/23,34.60,34.88,33.65,33.67,3036975,104037520.00
2017/11/24,33.65,33.98,33.53,33.76,1812164,61173716.00
2017/11/27,33.76,33.95,33.16,33.74,1388574,46735796.00
2017/11/28,33.64,35.22,33.64,35.02,3166773,109634776.00
2017/11/29,35.10,35.47,34.51,35.05,3059508,107411952.00
2017/11/30,35.07,35.57,34.85,35.16,3034105,106946720.00
2017/12/01,35.00,35.19,34.62,35.05,1713970,59879824.00
2017/12/04,35.00,35.45,34.51,34.69,2418545,84418928.00
2017/12/05,34.49,34.50,33.03,33.40,3306996,111431144.00
2017/12/06,33.54,34.08,33.30,34.06,2252513,75954472.00
2017/12/07,33.90,34.06,33.68,33.72,1443516,48849464.00
2017/12/08,33.70,34.38,33.69,34.22,2163162,73973640.00
2017/12/11,34.22,34.48,34.11,34.42,1808181,62108216.00
2017/12/12,34.48,34.48,33.66,33.70,1733491,59005808.00
2017/12/13,33.97,34.19,33.76,34.15,1195333,40719464.00
2017/12/14,34.02,34.41,33.80,34.26,1681065,57274780.00
2017/12/15,34.23,34.23,33.71,33.86,1289036,43739140.00
2017/12/18,33.87,34.26,33.85,34.13,1228896,41880404.00
2017/12/19,34.18,34.96,34.09,34.71,2561101,88632672.00
2017/12/20,34.66,34.66,33.89,33.98,2147317,73521040.00
2017/12/21,34.00,34.16,33.36,34.01,1743726,58979792.00
2017/12/22,34.08,34.65,33.90,34.44,2334387,80401336.00
2017/12/25,34.27,34.60,33.88,34.10,1690861,57737900.00
2017/12/26,34.00,35.18,33.85,34.82,2765061,95760568.00
2017/12/27,34.74,35.15,34.54,34.67,2227870,77540960.00
2017/12/28,34.76,35.28,34.57,35.13,2632018,92272408.00
2017/12/29,35.00,36.18,34.95,35.80,4015201,143266592.00
2018/01/02,35.80,37.30,35.58,36.86,6125879,224715648.00
2018/01/03,36.58,36.92,36.28,36.57,4053330,148231776.00
2018/01/04,39.51,40.23,38.53,40.23,10471292,413679712.00
2018/01/05,41.00,42.51,40.20,40.23,23705030,978471744.00
2018/01/08,39.55,41.50,39.51,41.28,12490958,506012544.00
2018/01/09,42.00,42.00,40.02,40.17,9365729,382423776.00
2018/01/10,40.10,40.63,39.39,39.57,7467659,297413600.00
2018/01/11,39.20,39.83,38.81,39.38,5283977,207970016.00
2018/01/12,39.24,39.96,39.10,39.24,4465707,176281408.00
2018/01/15,39.20,39.20,37.01,37.57,6784067,256539024.00
2018/01/16,37.26,38.38,37.25,38.12,5053754,191968144.00
2018/01/17,38.03,38.69,37.55,38.49,4889797,187260912.00
2018/01/18,38.53,39.00,38.02,38.56,3919338,150878368.00
2018/01/19,38.30,38.70,37.88,37.91,3647729,139352304.00
2018/01/22,39.00,40.80,38.78,39.29,9870208,391624352.00
2018/01/23,39.74,39.74,38.72,39.14,4775882,186561328.00
2018/01/24,38.93,39.42,38.65,39.29,4281343,167014112.00
2018/01/25,39.00,39.37,38.68,38.71,3884675,151683616.00
2018/01/26,38.45,38.45,37.59,37.63,5282228,200402048.00
2018/01/29,37.52,38.20,37.48,37.91,2772786,104976992.00
2018/01/30,37.81,38.15,37.69,38.12,2127218,80645336.00
2018/01/31,38.10,39.68,37.78,39.23,7345585,287386752.00
2018/02/01,38.90,39.68,38.63,39.53,6794597,266428464.00
2018/02/02,39.41,39.41,35.58,37.88,6332072,238899504.00
2018/02/05,37.10,38.07,36.99,37.63,2867918,108091984.00
2018/02/06,37.10,37.57,34.50,34.60,5534979,199634544.00
2018/02/07,35.70,35.90,34.08,35.27,3602304,127225680.00
2018/02/08,35.10,36.30,35.10,36.22,2760994,99187320.00
2018/02/09,35.35,36.20,35.01,35.91,3265834,116463304.00
2018/02/12,36.33,36.97,36.10,36.52,3197116,117090352.00
2018/02/13,36.80,36.83,35.80,35.90,3154413,114940464.00
2018/02/14,36.01,36.10,35.15,35.42,1931875,68689792.00
2018/02/22,35.74,36.14,35.61,35.91,2142684,76898080.00
2018/02/23,36.00,36.09,35.65,35.99,2050201,73546240.00
2018/02/26,36.81,37.67,36.51,37.57,5392655,200168224.00
2018/02/27,37.65,38.79,37.06,38.46,5292633,199663008.00
2018/02/28,37.88,38.19,37.42,37.96,3791772,143601232.00
2018/03/01,37.58,38.80,37.45,38.39,4472733,171875648.00
2018/03/02,38.00,38.33,37.46,37.59,3440611,130215240.00
2018/03/05,37.60,38.20,37.43,38.07,2719270,102972632.00
2018/03/06,38.04,38.30,37.81,38.25,3778768,143729200.00
2018/03/07,38.28,39.21,38.19,38.62,5881420,228553872.00
2018/03/08,38.41,38.92,38.22,38.77,3337604,128695520.00
2018/03/09,38.78,39.15,38.53,39.02,4250268,165079296.00
2018/03/12,39.17,39.84,38.71,38.82,5319155,208066112.00
2018/03/13,38.50,38.59,37.78,37.80,4486342,170960272.00
2018/03/14,38.30,38.96,38.11,38.13,4262207,163951776.00
2018/03/15,37.87,38.25,37.56,37.94,2799988,105883624.00
2018/03/16,37.94,38.95,37.81,38.78,4658341,180032880.00
2018/03/19,39.07,39.16,38.21,38.33,3562861,137179456.00
2018/03/20,38.00,38.00,37.05,37.52,3458232,129765840.00
2018/03/21,37.71,37.99,36.95,37.01,2416768,64398104.00
2018/03/22,36.63,36.88,35.41,35.64,5485070,139841552.00
2018/03/23,34.36,34.70,32.19,32.73,6555619,156133232.00
2018/03/26,32.05,33.34,31.83,33.20,3924017,90775328.00
2018/03/27,33.61,34.41,33.40,33.61,4245576,101851544.00
2018/03/28,33.31,33.50,33.01,33.06,2643091,62211540.00
2018/03/29,33.30,34.56,33.26,34.08,4014117,96891544.00
2018/03/30,34.11,34.28,33.72,34.22,2812324,67835448.00
2018/04/02,34.22,34.84,33.96,34.34,3331275,81210992.00
2018/04/03,33.86,33.86,33.16,33.27,3061088,72475600.00
2018/04/04,33.37,34.31,33.33,33.54,3044879,72939440.00
2018/04/09,33.34,33.36,32.63,33.09,2778850,64990056.00
2018/04/10,33.02,33.36,32.71,33.23,2735336,63909296.00
2018/04/11,33.41,34.14,33.37,33.93,4090764,98311368.00
2018/04/12,33.86,34.52,33.66,34.13,3805843,92118688.00
2018/04/13,34.03,34.41,33.94,34.18,2859298,69274784.00
2018/04/16,34.25,34.25,33.02,33.24,2899428,68908008.00
2018/04/17,33.17,33.48,32.25,32.38,2421510,56164864.00
2018/04/18,32.70,33.33,32.12,33.16,3010303,70197552.00
2018/04/19,33.03,33.40,32.89,33.08,2185305,51354488.00
2018/04/20,32.95,33.13,32.04,32.10,2189976,50359440.00
2018/04/23,32.10,32.60,31.87,32.36,2020865,46086356.00
2018/04/24,32.61,33.71,32.57,33.47,3233742,76085296.00
2018/04/25,33.30,33.52,32.92,33.47,2516434,59178224.00
2018/04/26,33.30,33.51,32.46,32.59,2257179,52880488.00
2018/04/27,32.04,32.36,30.63,30.75,5962608,131650480.00
2018/05/02,30.74,30.86,29.63,29.90,4093906,87151592.00
2018/05/03,29.66,30.74,29.66,30.70,3174689,68214536.00
2018/05/04,30.64,30.84,30.30,30.54,2189555,47436416.00
2018/05/07,30.56,31.38,30.56,31.23,2769481,61171536.00
2018/05/08,31.34,31.58,31.07,31.27,2412135,53426008.00
2018/05/09,31.07,31.31,30.61,31.12,2984927,65416884.00
2018/05/10,31.12,31.37,30.99,31.28,2425463,53646736.00
2018/05/11,31.35,31.35,30.65,30.78,2236503,48983668.00
2018/05/14,30.53,30.98,30.53,30.89,1613594,35232384.00
2018/05/15,30.91,31.05,30.65,31.03,1842503,40276216.00
2018/05/16,30.99,30.99,30.37,30.39,2294769,49818652.00
2018/05/17,30.39,33.40,30.35,33.40,11802815,273361920.00
2018/05/18,33.79,34.18,32.35,32.82,12137588,286183712.00
2018/05/21,32.68,33.51,32.60,33.22,6861701,161191232.00
2018/05/22,33.22,34.56,32.81,34.06,10007501,240683408.00
2018/05/23,33.86,33.86,32.95,33.03,5338234,126214768.00
2018/05/24,33.06,33.29,32.50,33.23,3259165,75808464.00
2018/05/25,32.94,33.20,32.64,32.70,3198155,74375536.00
2018/05/28,32.49,32.61,31.73,31.80,3138791,71285648.00
2018/05/29,31.80,32.28,31.07,31.09,3157364,70474864.00
2018/05/30,30.50,30.51,28.96,29.11,5040533,106141112.00
2018/05/31,29.52,29.74,29.14,29.46,2996431,62549180.00
2018/06/01,29.35,30.16,29.24,29.79,3015483,63622308.00
2018/06/04,29.84,30.39,29.84,30.07,1943505,41410284.00
2018/06/05,30.22,30.53,29.80,30.37,2724859,58294908.00
2018/06/06,30.39,30.39,30.00,30.22,2036661,43498488.00
2018/06/07,30.19,30.85,29.55,30.81,3576302,76429072.00
2018/06/08,30.56,30.56,29.83,30.07,2201384,46972824.00
2018/06/11,29.98,30.25,29.56,30.14,1698705,36150304.00
2018/06/12,29.88,30.44,29.87,30.37,2203787,47257328.00
2018/06/13,30.37,30.40,29.69,29.70,1602210,34013596.00
2018/06/14,29.38,29.98,29.18,29.34,1716412,35915436.00
2018/06/15,29.17,29.77,28.99,29.20,1815031,37653860.00
2018/06/19,28.67,28.68,26.30,26.45,3586085,69265880.00
2018/06/20,26.45,27.27,26.12,26.89,2581364,49088128.00
2018/06/21,26.89,27.28,26.19,26.22,1700024,32073544.00
2018/06/22,26.02,26.75,25.60,26.72,1571620,29428200.00
2018/06/25,26.94,27.07,26.36,26.43,1422353,26847574.00
2018/06/26,25.96,26.69,25.74,26.54,1605638,29832340.00
2018/06/27,26.57,26.90,26.27,26.33,1808800,33999692.00
2018/06/28,27.28,28.93,27.11,27.78,6272795,124587568.00
2018/06/29,27.90,28.32,27.56,28.22,4496826,89010272.00
2018/07/02,27.97,28.02,27.35,27.70,3072518,60250544.00
2018/07/03,27.97,28.26,27.59,28.23,2823339,55813120.00
2018/07/04,28.02,29.21,27.85,28.16,3607015,72836496.00
2018/07/05,27.87,28.19,26.51,26.57,3091416,59683196.00
2018/07/06,26.30,27.11,25.47,26.57,2490871,46506504.00
2018/07/09,26.44,27.63,26.40,27.56,2463333,47214456.00
2018/07/10,28.90,29.17,28.09,28.43,5782601,116825432.00
2018/07/11,27.71,28.44,27.63,28.25,4040534,80352416.00
2018/07/12,28.19,28.90,28.15,28.74,4177517,84776984.00
2018/07/13,28.55,29.56,28.44,29.28,3892438,80221320.00
2018/07/16,29.04,29.80,29.02,29.39,2865143,59672612.00
2018/07/17,29.39,29.73,29.04,29.56,2663783,55519528.00
2018/07/18,29.34,29.73,28.57,28.85,3478779,71887080.00
2018/07/19,28.95,29.52,28.76,29.18,3933840,81385824.00
2018/07/20,29.38,29.73,28.89,29.56,2856891,59436468.00
2018/07/23,29.46,31.21,29.28,30.92,5303719,114449888.00
2018/07/24,31.37,32.01,31.10,31.63,7267418,162973648.00
2018/07/25,31.47,31.61,30.92,31.05,3792712,83777664.00
2018/07/26,30.98,31.82,30.86,30.89,3436073,76226272.00
2018/07/27,30.84,31.54,30.37,31.34,2868721,62918376.00
2018/07/30,31.40,31.75,31.03,31.37,3749869,83310064.00
2018/07/31,31.27,31.41,30.64,30.99,1999352,43791576.00
2018/08/01,31.00,31.48,30.08,30.21,2696887,58872036.00
2018/08/02,29.83,30.86,29.52,30.78,4562593,98394256.00
2018/08/03,30.77,31.87,30.51,31.44,4966261,110645040.00
2018/08/06,30.96,31.62,28.32,28.33,6806030,142078496.00
2018/08/07,28.54,29.25,27.99,29.13,3290265,67027552.00
2018/08/08,29.11,30.12,28.96,29.24,3737569,78462864.00
2018/08/09,29.18,30.74,29.10,30.46,3538018,75737384.00
2018/08/10,31.33,32.12,30.84,31.28,4626464,102889944.00
2018/08/13,31.28,31.72,30.79,31.58,4132811,91377952.00
2018/08/14,31.56,31.59,31.06,31.35,4638459,102793776.00
2018/08/15,31.41,31.87,30.78,30.89,3904823,86597920.00
2018/08/16,30.71,31.72,30.00,31.52,5530971,122103176.00
2018/08/17,31.84,32.03,30.22,30.33,4568565,100540320.00
2018/08/20,30.09,31.33,30.02,31.28,3757249,81798496.00
2018/08/21,31.35,31.58,30.92,31.47,3992252,88735272.00
2018/08/22,31.34,31.62,30.77,30.79,2708047,59776360.00
2018/08/23,30.58,31.48,30.49,31.27,3094974,68161880.00
2018/08/24,31.34,31.87,31.06,31.62,3278015,73240920.00
2018/08/27,31.63,32.22,31.10,32.22,5563558,124980544.00
2018/08/28,32.33,33.15,31.87,32.89,6829246,157612624.00
2018/08/29,32.89,33.10,32.38,32.73,4178296,96730144.00
2018/08/30,32.77,32.96,32.22,32.31,3569091,82221616.00
2018/08/31,32.28,32.40,31.65,31.69,2775537,62970520.00
2018/09/03,31.69,32.12,31.33,32.11,2407664,54163076.00
2018/09/04,32.14,32.29,31.54,31.93,2526527,57147000.00
2018/09/05,31.82,32.12,31.52,31.52,2051794,46302672.00
2018/09/06,31.48,31.58,31.12,31.13,1542975,34259048.00
2018/09/07,31.10,31.75,30.92,31.51,1877338,41855048.00
2018/09/10,31.34,31.49,30.74,30.78,1808300,39941280.00
2018/09/11,30.64,31.00,28.64,29.87,3153338,66284128.00
2018/09/12,29.79,30.51,29.45,30.15,1500069,31948674.00
2018/09/13,30.49,30.84,30.16,30.78,1835313,39705052.00
2018/09/14,30.78,31.33,30.60,31.03,1848575,40663508.00
2018/09/17,30.92,31.13,30.25,30.44,1251399,27039750.00
2018/09/18,30.36,31.48,30.08,31.31,1549644,34026616.00
2018/09/19,31.42,31.62,31.09,31.17,1905646,42390740.00
2018/09/20,31.30,31.47,31.12,31.26,1038198,23009340.00
2018/09/21,31.26,31.54,30.11,31.45,2103775,46592384.00
2018/09/25,31.37,31.41,30.89,31.27,1511392,33452372.00
2018/09/26,31.40,31.89,31.06,31.12,1788617,39800980.00
2018/09/27,31.30,32.04,31.12,31.69,2912053,65627888.00
2018/09/28,31.90,32.01,31.41,31.76,1889107,42523752.00
2018/10/08,31.30,31.70,30.50,30.50,1914260,42113688.00
2018/10/09,30.50,31.03,30.25,30.33,1075957,23321954.00
2018/10/10,30.37,30.95,30.12,30.86,1188283,25776524.00
2018/10/11,29.66,30.23,27.80,27.99,2784237,57014216.00
2018/10/12,27.22,28.50,27.21,28.16,1909456,37880624.00
2018/10/15,28.23,28.96,28.19,28.54,1930640,39145860.00
2018/10/16,28.54,28.76,27.63,28.15,1479474,29449804.00
2018/10/17,28.30,28.57,25.61,27.21,2638101,50270132.00
2018/10/18,26.80,27.01,25.60,25.68,1716566,31747476.00
2018/10/19,25.46,26.85,25.17,26.62,2302788,42548960.00
2018/10/22,26.86,28.53,26.86,28.19,2341325,46237296.00
2018/10/23,28.20,28.54,27.91,28.22,2214491,44217900.00
2018/10/24,27.81,28.61,27.60,28.01,1833682,36612424.00
2018/10/25,27.14,27.81,26.93,27.74,1545368,29985244.00
2018/10/26,28.26,28.51,27.84,28.23,1548274,31011124.00
2018/10/29,28.29,28.48,27.63,27.73,1253063,24852672.00
2018/10/30,27.83,28.54,26.85,28.27,1860073,37000336.00
2018/10/31,28.08,29.63,28.06,29.60,3085279,63738436.00
2018/11/01,29.45,30.18,29.14,29.58,3145720,66092412.00
2018/11/02,30.05,30.86,30.00,30.74,3120133,67530480.00
2018/11/05,30.92,31.61,30.53,31.17,2711914,59824756.00
2018/11/06,31.19,31.41,30.71,30.91,2031142,44588508.00
2018/11/07,30.93,31.69,30.50,30.57,2433908,53395120.00
2018/11/08,31.07,31.45,30.57,30.72,2197473,48293916.00
2018/11/09,30.63,31.16,30.50,30.84,1526338,33333146.00
2018/11/12,30.54,31.27,30.44,31.27,1893754,41563396.00
2018/11/13,31.03,31.05,30.47,30.98,2590541,56536672.00
2018/11/14,30.78,30.78,29.27,29.44,5329313,112478768.00
2018/11/15,29.38,31.41,29.38,31.38,5179390,111495664.00
2018/11/16,31.33,31.48,30.65,30.77,3672717,80309624.00
2018/11/19,30.96,31.17,30.16,30.51,2825860,61119644.00
2018/11/20,30.51,30.92,30.08,30.15,3109909,67322768.00
2018/11/21,29.59,29.67,28.79,29.17,3335071,68905896.00
2018/11/22,29.21,29.21,28.65,28.92,2201511,45053328.00
2018/11/23,28.85,28.86,27.74,27.99,2638581,52593360.00
2018/11/26,28.09,28.29,27.15,27.53,1734135,33862144.00
2018/11/27,27.59,28.37,27.56,27.84,1944006,38439544.00
2018/11/28,27.84,27.94,27.15,27.71,2019509,39325240.00
2018/11/29,27.98,28.04,26.66,26.69,2931184,56551112.00
2018/11/30,26.76,27.07,26.64,27.01,1768885,33642228.00
2018/12/03,27.74,28.27,27.53,28.04,2815469,55664500.00
2018/12/04,27.92,28.23,27.60,27.81,2336738,45978164.00
2018/12/05,27.39,27.92,27.35,27.66,1724539,33729768.00
2018/12/06,27.66,27.67,27.08,27.13,1580940,30492472.00
2018/12/07,27.04,27.31,27.00,27.15,1716228,32922470.00
2018/12/10,26.96,27.11,26.47,26.93,1836535,34724772.00
2018/12/11,27.07,27.31,26.87,27.29,1503900,28828976.00
2018/12/12,27.21,27.50,27.21,27.35,1411461,27373124.00
2018/12/13,27.49,27.98,27.29,27.87,1870166,36736944.00
2018/12/14,27.87,28.05,27.43,27.53,1872839,36858700.00
2018/12/17,27.52,27.81,26.71,26.99,2010137,38475748.00
2018/12/18,26.96,27.39,26.75,27.20,1867566,35749876.00
2018/12/19,27.41,27.52,26.89,26.93,1445029,27731478.00
2018/12/20,27.00,27.07,26.62,26.71,1202117,22746156.00
2018/12/21,26.61,26.93,25.92,26.24,1962474,36600704.00
2018/12/24,26.22,27.07,26.03,27.07,1888986,35768540.00
2018/12/25,26.87,27.17,26.41,27.07,1828332,34633836.00
2018/12/26,27.04,27.04,26.44,26.48,1275354,24067746.00
2018/12/27,26.85,26.99,26.20,26.24,1325865,25021260.00
2018/12/28,26.83,26.83,26.33,26.51,1724139,32422304.00
2019/01/02,26.72,27.06,26.58,26.62,1574381,29780414.00
2019/01/03,26.57,26.83,26.19,26.29,1581563,29604400.00
2019/01/04,25.75,26.89,25.75,26.78,2055558,38429016.00
2019/01/07,26.93,27.42,26.71,27.28,2156322,41309844.00
2019/01/08,27.25,27.36,27.10,27.25,1087096,20954940.00
2019/01/09,27.14,27.77,27.13,27.13,2204738,42813492.00
2019/01/10,27.03,27.67,27.03,27.32,1774304,34397048.00
2019/01/11,27.25,27.66,27.06,27.56,1456344,28255480.00
2019/01/14,27.71,27.71,26.78,26.99,1812476,34794244.00
2019/01/15,27.10,27.35,26.93,27.35,1722040,33069822.00
2019/01/16,27.42,27.45,27.14,27.25,1360476,26277124.00
2019/01/17,27.13,27.46,26.93,27.03,1692324,32578740.00
2019/01/18,27.06,27.34,26.82,27.32,1766800,33883648.00
2019/01/21,27.36,27.67,27.28,27.64,2855284,55596784.00
2019/01/22,27.70,28.05,27.29,27.35,3253413,63624352.00
2019/01/23,27.06,28.65,26.86,27.77,7462607,146942400.00
2019/01/24,27.25,27.28,26.38,26.55,6762548,127540112.00
2019/01/25,26.51,26.51,24.77,24.80,10072380,181159568.00
2019/01/28,24.90,24.94,24.06,24.13,5411233,93338848.00
2019/01/29,24.13,24.23,22.97,23.33,4691959,77839896.00
2019/01/30,23.11,23.72,23.11,23.39,2418872,40120760.00
2019/01/31,23.33,23.54,22.58,23.04,2970090,48521544.00
2019/02/01,23.33,23.92,23.14,23.89,2725806,45495248.00
2019/02/11,23.88,24.28,23.88,24.24,4229877,72014608.00
2019/02/12,24.27,24.47,23.96,24.33,5170422,88645880.00
2019/02/13,24.33,24.55,24.13,24.49,4303960,74159760.00
2019/02/14,24.47,24.58,24.34,24.44,3536653,61119924.00
2019/02/15,24.45,24.48,24.09,24.12,4062149,69461952.00
2019/02/18,24.20,24.97,24.20,24.93,6352372,110521072.00
2019/02/19,25.18,25.22,24.49,24.83,5475865,96052984.00
2019/02/20,24.76,25.04,24.56,24.76,3801170,66610852.00
2019/02/21,24.83,25.00,24.52,24.58,4490711,78567152.00
2019/02/22,24.48,24.82,24.30,24.80,5492789,95238368.00
2019/02/25,25.04,25.85,24.86,25.75,10325084,185338400.00
2019/02/26,25.78,26.57,25.35,25.94,10902291,199817424.00
2019/02/27,25.81,26.40,25.68,26.02,7407903,136674624.00
2019/02/28,26.10,26.57,25.98,26.37,5584363,103618040.00
2019/03/01,26.38,26.55,25.88,26.23,5110228,94452136.00
2019/03/04,26.27,26.93,26.27,26.55,8977390,168807296.00
2019/03/05,26.44,26.75,26.27,26.71,6437440,120504208.00
2019/03/06,26.75,27.66,26.75,27.66,11227634,216629584.00
2019/03/07,27.57,30.40,27.42,29.58,15655273,322213280.00
2019/03/08,28.96,31.83,28.58,29.65,15423799,330437536.00
2019/03/11,30.50,31.59,29.80,31.41,12519634,272708256.00
2019/03/12,31.76,32.25,30.18,30.99,13896735,306101472.00
2019/03/13,30.88,30.89,28.76,29.24,11906995,251372608.00
2019/03/14,28.89,29.62,27.78,28.33,11018243,222004096.00
2019/03/15,28.33,28.95,28.30,28.68,7238898,146397024.00
2019/03/18,28.81,30.77,28.61,30.67,12103569,256784304.00
2019/03/19,30.29,30.50,29.70,30.37,8715516,185818512.00
2019/03/20,30.19,31.05,29.52,31.03,9290769,199142432.00
2019/03/21,30.82,30.82,29.55,29.94,12011791,255140400.00
2019/03/22,30.05,30.28,29.41,30.05,7433152,157282432.00
2019/03/25,29.52,31.52,29.31,30.57,10657231,230868128.00
2019/03/26,31.03,31.20,29.74,30.02,7305452,156787424.00
2019/03/27,30.11,30.33,29.06,29.37,6127392,127977960.00
2019/03/28,29.56,29.64,28.17,28.27,5999416,86619944.00
2019/03/29,27.93,29.91,27.87,29.03,9956353,144053904.00
2019/04/01,29.17,30.23,28.95,29.72,13065273,194488544.00
2019/04/02,29.72,30.64,29.32,29.56,11474391,172232560.00
2019/04/03,29.56,31.19,29.48,30.75,16996060,258822336.00
2019/04/04,30.75,31.38,30.05,30.95,14768381,227790640.00
2019/04/08,33.05,33.75,31.87,32.15,22360593,365735968.00
2019/04/09,32.15,32.15,31.21,31.46,9869180,156077104.00
2019/04/10,31.01,31.60,30.79,31.07,7487563,117020096.00
2019/04/11,30.99,31.17,29.97,30.01,7171903,109480424.00
2019/04/12,30.03,30.44,29.97,30.28,4033868,61091932.00
2019/04/15,30.64,30.75,29.70,29.74,6293357,95597240.00
2019/04/16,29.42,30.15,28.95,30.05,5505176,81503240.00
2019/04/17,30.09,30.26,29.77,30.09,4956646,74716712.00
2019/04/18,29.81,30.01,29.46,29.54,4230686,62981528.00
2019/04/19,29.46,29.64,29.11,29.58,4039158,59444848.00
2019/04/22,29.77,29.81,29.13,29.19,3924254,57915684.00
2019/04/23,28.93,29.52,28.93,28.99,3540350,51766828.00
2019/04/24,29.03,29.66,28.89,29.66,4188918,61459848.00
2019/04/25,29.64,29.66,28.48,28.54,4398596,64113516.00
2019/04/26,28.34,28.78,28.34,28.46,3426572,49048184.00
2019/04/29,28.54,28.83,26.95,26.97,5088721,70304224.00
2019/04/30,27.17,27.62,27.09,27.50,2683346,36820796.00
2019/05/06,26.72,26.72,24.91,25.15,5921444,76546736.00
2019/05/07,25.38,26.07,25.25,25.99,5009736,64451288.00
2019/05/08,25.50,26.70,25.21,26.09,4012355,52720656.00
2019/05/09,25.97,26.44,25.82,25.85,2728478,35520724.00
2019/05/10,25.91,26.62,25.35,26.34,4165327,54575880.00
2019/05/13,26.03,26.23,25.84,25.97,2213605,28779518.00
2019/05/14,25.60,26.11,25.50,25.64,2515292,32432246.00
2019/05/15,25.85,26.07,25.64,25.91,2997027,38805232.00
2019/05/16,25.97,26.05,25.70,26.03,2960477,38365120.00
2019/05/17,26.05,26.33,24.97,25.07,4378504,55948884.00
2019/05/20,25.23,25.23,24.23,24.54,3396100,41513880.00
2019/05/21,24.58,25.27,24.54,25.09,2961629,37012852.00
2019/05/22,25.15,25.42,24.76,24.91,1943139,24342044.00
2019/05/23,24.82,24.82,24.35,24.37,2175058,26617036.00
2019/05/24,24.35,24.60,24.23,24.33,1524838,18569306.00
2019/05/27,24.33,25.01,24.33,24.86,2565797,31761632.00
2019/05/28,24.82,25.19,24.76,24.84,2363093,29536808.00
2019/05/29,24.84,25.15,24.72,24.97,1891960,23641744.00
2019/05/30,24.95,25.03,24.70,24.95,1694057,21003968.00
2019/05/31,24.95,25.35,24.95,25.11,1964638,24720828.00
2019/06/03,24.97,25.09,24.62,24.64,2185507,27056232.00
2019/06/04,24.62,24.99,24.46,24.60,1500986,18501010.00
2019/06/05,24.86,24.91,24.48,24.52,1450804,17878984.00
2019/06/06,24.50,24.54,23.66,23.89,2187560,26336990.00
2019/06/10,24.13,24.38,23.95,24.21,1459505,17616664.00
2019/06/11,24.21,25.01,24.21,24.97,2933015,36253420.00
2019/06/12,24.64,25.23,24.64,24.97,1807113,22605820.00
2019/06/13,25.11,25.11,24.72,25.05,1681766,20949740.00
2019/06/14,25.05,25.13,24.27,24.44,2120774,26181820.00
2019/06/17,24.27,24.82,24.25,24.74,1446024,17787200.00
2019/06/18,24.70,25.01,24.68,24.84,2009264,24947400.00
2019/06/19,25.35,25.50,24.99,24.99,2651955,33346042.00
2019/06/20,25.01,25.46,24.93,25.40,3398976,42936448.00
2019/06/21,25.60,25.85,25.52,25.76,3056981,39322332.00
2019/06/24,25.80,25.91,25.33,25.54,2251637,28708664.00
2019/06/25,25.72,25.72,24.89,25.21,2479249,31225096.00
2019/06/26,25.21,25.54,24.95,25.38,2262870,28558646.00
2019/06/27,25.54,26.34,25.36,25.87,6516813,84310648.00
2019/06/28,25.60,25.74,24.91,24.99,4377263,55099700.00
2019/07/01,25.44,26.29,25.31,26.15,6270991,80969768.00
2019/07/02,26.31,27.66,25.82,27.38,9195326,122771320.00
2019/07/03,26.83,27.11,26.29,26.46,8104338,108139488.00
2019/07/04,26.38,26.66,25.89,26.05,4613762,60567784.00
2019/07/05,25.85,26.07,25.62,26.01,2837300,36728060.00
2019/07/08,26.01,26.01,25.03,25.07,3602499,45643680.00
2019/07/09,25.05,25.35,24.82,25.23,2116500,26535160.00
2019/07/10,25.27,25.38,24.86,25.01,1800632,22555276.00
2019/07/11,25.15,25.31,24.87,24.95,1699684,21334972.00
2019/07/12,24.89,25.21,24.89,25.03,1490736,18648144.00
2019/07/15,25.11,25.29,24.37,24.97,2092573,25912668.00
2019/07/16,24.78,25.09,24.78,24.89,1628925,20252652.00
2019/07/17,24.95,25.03,24.76,24.87,1445997,18023272.00
2019/07/18,24.80,24.80,24.42,24.44,1628993,19981000.00
2019/07/19,24.46,24.80,24.46,24.50,1308032,16109788.00
2019/07/22,24.52,24.91,23.91,24.09,2105268,25425438.00
2019/07/23,24.09,24.48,23.97,24.27,982534,11933395.00
2019/07/24,24.38,24.58,24.33,24.37,1512576,18488748.00
2019/07/25,24.40,24.50,24.23,24.31,1437857,17466756.00
2019/07/26,24.33,24.38,24.17,24.38,1222717,14845815.00
2019/07/29,24.37,24.54,24.33,24.52,1354368,16551643.00
2019/07/30,24.60,25.17,24.56,24.93,3060184,38176732.00
2019/07/31,24.89,24.91,24.66,24.68,1608976,19907168.00
2019/08/01,24.68,24.99,24.58,24.80,1683303,20834092.00
2019/08/02,24.31,24.56,24.03,24.38,2315891,28149974.00
2019/08/05,24.44,24.52,23.95,23.95,2059323,24875196.00
2019/08/06,23.62,23.62,22.44,22.91,3930303,45071116.00
2019/08/07,23.09,23.33,22.64,22.70,1719154,19647380.00
2019/08/08,22.86,22.97,22.76,22.86,1497328,17061104.00
2019/08/09,22.90,23.05,22.37,22.42,2122637,23936616.00
2019/08/12,22.66,22.86,22.50,22.84,1961641,22228412.00
2019/08/13,22.84,22.95,22.66,22.93,1491809,16989156.00
2019/08/14,23.29,23.35,22.88,22.91,1563492,17978356.00
2019/08/15,22.27,22.80,22.17,22.74,1893297,21198760.00
2019/08/16,22.72,22.91,22.56,22.62,1846492,20917232.00
2019/08/19,22.76,23.23,22.58,23.21,2410094,27669942.00
2019/08/20,23.23,23.39,23.05,23.09,1599807,18515420.00
2019/08/21,23.13,23.19,22.97,23.09,1222475,14082208.00
2019/08/22,23.19,23.21,22.93,23.15,1475086,17011878.00
2019/08/23,23.05,23.15,22.80,22.84,2296326,26268568.00
2019/08/26,22.46,22.54,22.23,22.41,2964477,33053444.00
2019/08/27,22.48,22.84,22.46,22.80,2071014,23455920.00
2019/08/28,22.68,23.07,22.62,22.86,1882262,21509104.00
2019/08/29,22.90,23.39,22.84,23.15,2828906,32707506.00
2019/08/30,23.25,23.39,22.66,22.76,2397404,27447072.00
2019/09/02,22.56,23.19,22.54,23.13,2208034,25341524.00
2019/09/03,23.33,23.37,22.97,23.17,1965732,22697448.00
2019/09/04,23.07,23.76,23.07,23.62,4168558,48647320.00
2019/09/05,23.74,23.97,23.54,23.58,4642345,55146256.00
2019/09/06,23.58,23.80,23.46,23.66,2801271,33024108.00
2019/09/09,23.93,24.01,23.64,23.93,3589489,42735372.00
2019/09/10,23.97,24.27,23.91,24.19,3017967,36310576.00
2019/09/11,24.27,24.40,24.03,24.07,2483444,29960596.00
2019/09/12,24.11,24.33,24.09,24.27,1853459,22439244.00
2019/09/16,24.52,24.91,24.01,24.19,4027591,49137608.00
2019/09/17,24.05,24.80,23.93,24.07,4796666,58400772.00
2019/09/18,23.99,24.25,23.68,23.72,2325513,27631924.00
2019/09/19,23.72,23.84,23.50,23.76,2100639,24778100.00
2019/09/20,23.76,23.80,23.52,23.62,2039051,24050720.00
2019/09/23,23.54,23.56,23.07,23.15,2306495,26724000.00
2019/09/24,23.17,23.35,22.97,23.11,1750352,20239004.00
2019/09/25,23.11,23.11,22.68,22.80,2280409,25988772.00
2019/09/26,22.80,23.03,22.70,22.76,2044559,23315646.00
2019/09/27,22.76,23.01,22.54,22.86,1472272,16775962.00
2019/09/30,22.90,23.19,22.66,22.90,1457520,16744008.00
2019/10/08,22.84,23.13,22.84,22.93,1391721,15935071.00
2019/10/09,22.86,23.09,22.60,23.03,1585691,18047052.00
2019/10/10,23.01,23.13,22.88,23.03,1443998,16575804.00
2019/10/11,23.03,23.31,22.93,23.25,1880011,21687764.00
2019/10/14,23.37,23.64,23.27,23.37,2357094,27551586.00
2019/10/15,23.27,23.37,23.03,23.33,1567281,18132248.00
2019/10/16,23.35,23.48,23.13,23.15,1392409,16206573.00
2019/10/17,23.23,23.89,23.11,23.64,4834052,56987900.00
2019/10/18,23.70,23.89,23.23,23.40,2761200,32516820.00
2019/10/21,23.33,23.33,22.78,22.97,2053133,23503276.00
2019/10/22,23.05,23.05,22.80,22.99,1091804,12488103.00
2019/10/23,23.05,23.09,22.88,22.95,1330183,15230854.00
2019/10/24,22.95,23.07,22.80,22.97,1157452,13242080.00
2019/10/25,23.13,23.13,22.86,23.01,1081179,12398990.00
2019/10/28,23.13,23.23,23.01,23.19,2220239,25576100.00
2019/10/29,23.25,23.25,22.88,22.88,1630602,18763984.00
2019/10/30,22.93,23.03,22.76,22.76,1360529,15500246.00
2019/10/31,23.15,23.19,22.78,22.78,1866602,21380662.00
2019/11/01,22.78,23.15,22.68,23.13,1716501,19683948.00
2019/11/04,23.25,24.58,23.21,24.21,8244371,99095120.00
2019/11/05,24.21,24.70,24.03,24.52,7057640,86141144.00
2019/11/06,24.44,24.70,24.42,24.54,4915114,60287208.00
2019/11/07,24.62,24.66,24.25,24.40,2914935,35539792.00
2019/11/08,24.50,24.58,23.68,23.74,5377010,64580276.00
2019/11/11,23.64,23.64,23.11,23.15,3837508,44810800.00
2019/11/12,23.15,23.33,22.88,22.95,2794959,32112440.00
2019/11/13,23.03,23.09,22.78,22.97,1944063,22239964.00
2019/11/14,22.91,23.13,22.86,23.07,2164728,24835070.00
2019/11/15,22.91,23.03,22.74,22.82,1802089,20565224.00
2019/11/18,22.95,23.09,22.80,22.97,1270202,14542485.00
2019/11/19,23.05,23.39,22.93,23.35,1905955,22097744.00
2019/11/20,23.40,23.66,23.17,23.64,2124666,24836920.00
2019/11/21,23.44,23.70,23.37,23.46,1362031,15991391.00
2019/11/22,23.46,23.76,23.17,23.25,1890697,22109276.00
2019/11/25,23.25,23.74,23.21,23.74,2250480,26397372.00
2019/11/26,23.76,23.86,23.54,23.70,1831531,21672718.00
2019/11/27,23.54,23.80,23.48,23.58,1534196,18105292.00
2019/11/28,23.54,23.72,23.44,23.56,1353103,15917694.00
2019/11/29,23.64,23.80,23.35,23.52,1618370,19043556.00
2019/12/02,23.56,23.74,23.31,23.39,1215215,14252108.00
2019/12/03,23.35,23.37,22.97,23.19,1624568,18721496.00
2019/12/04,23.09,23.33,22.97,23.23,843252,9765652.00
2019/12/05,23.35,23.37,23.17,23.27,1188096,13791698.00
2019/12/06,23.33,23.72,23.27,23.56,1723077,20192366.00
2019/12/09,23.56,23.89,23.48,23.66,2433515,28775224.00
2019/12/10,23.66,23.80,23.39,23.50,2404935,28181708.00
2019/12/11,23.48,23.48,23.27,23.29,1804445,21003240.00
2019/12/12,23.23,23.29,23.11,23.19,1565319,18107284.00
2019/12/13,23.33,23.52,23.25,23.52,1912469,22351928.00
2019/12/16,23.54,23.89,23.54,23.89,3266591,38734800.00
2019/12/17,23.80,24.27,23.76,24.07,3612381,43444096.00
2019/12/18,24.15,24.21,23.91,24.01,2538172,30464168.00
2019/12/19,24.05,24.15,23.89,24.11,1918357,22994728.00
2019/12/20,24.09,24.27,23.93,24.01,2100038,25309996.00
2019/12/23,24.03,24.03,23.37,23.40,2941144,34739160.00
2019/12/24,23.40,23.80,23.40,23.78,2505746,29578334.00
2019/12/25,23.80,23.91,23.64,23.80,1813872,21555436.00
2019/12/26,23.74,24.19,23.74,24.19,2792792,33561392.00
2019/12/27,24.27,24.50,24.07,24.29,4060652,49333480.00
2019/12/30,24.33,24.87,24.23,24.74,4258999,52410304.00
2019/12/31,24.76,24.82,24.46,24.72,3034756,37343624.00
2020/01/02,24.87,24.99,24.62,24.76,4289622,53169820.00
2020/01/03,24.80,25.11,24.52,24.95,3781573,47005196.00
2020/01/06,24.97,25.21,24.70,25.11,5216925,65201904.00
2020/01/07,25.21,25.25,24.99,25.19,3422547,42967804.00
2020/01/08,25.11,25.15,24.48,24.50,4265915,52716584.00
2020/01/09,24.68,24.99,24.64,24.74,1907293,23647592.00
2020/01/10,24.82,24.91,24.62,24.84,2202161,27271750.00
2020/01/13,24.97,24.97,24.48,24.78,2008221,24756510.00
2020/01/14,24.74,25.05,24.72,24.82,2307795,28705312.00
2020/01/15,24.82,24.91,24.44,24.46,2097881,25753140.00
2020/01/16,24.52,24.62,24.35,24.37,1909187,23316192.00
2020/01/17,24.52,25.80,24.46,25.07,6923760,87353304.00
2020/01/20,25.05,25.29,24.78,25.17,3979450,49830768.00
2020/01/21,25.15,25.15,24.62,24.78,3113355,38524664.00
2020/01/22,24.76,24.76,24.15,24.42,2721036,33169824.00
2020/01/23,24.42,24.44,23.40,23.68,4183049,49728568.00
2020/02/03,21.37,21.37,21.37,21.37,1549700,16488808.00
2020/02/04,20.13,21.64,20.13,20.76,5414038,56251988.00
2020/02/05,20.82,21.46,20.72,21.39,3952169,41626556.00
2020/02/06,21.39,21.62,21.11,21.56,3495915,37268152.00
2020/02/07,21.68,22.72,21.19,22.46,5461844,59972168.00
2020/02/10,22.29,22.44,21.90,22.44,3993241,44133828.00
2020/02/11,22.41,22.58,22.17,22.31,2275888,25367860.00
2020/02/12,22.27,22.44,22.19,22.37,1978138,22005488.00
2020/02/13,22.37,22.54,21.68,21.90,2883334,31760952.00
2020/02/14,21.90,22.23,21.78,22.13,2630970,28857446.00
2020/02/17,22.17,22.66,22.07,22.64,3548596,39764512.00
2020/02/18,22.68,22.95,22.52,22.80,2917861,33085294.00
2020/02/19,22.84,22.84,22.42,22.44,2378482,26825114.00
2020/02/20,22.50,22.76,22.25,22.68,3381701,37984568.00
2020/02/21,22.70,22.86,22.56,22.74,3977836,45003156.00
2020/02/24,22.66,22.66,22.19,22.58,4554202,50924908.00
2020/02/25,22.07,22.41,21.90,22.31,4735340,52369248.00
2020/02/26,22.31,23.13,22.09,22.82,6542834,74120520.00
2020/02/27,22.82,22.86,22.41,22.58,3431451,38613296.00
2020/02/28,22.23,22.31,21.78,21.82,4847327,53213040.00
2020/03/02,21.90,22.72,21.90,22.56,3775545,42372944.00
2020/03/03,22.58,22.76,22.46,22.52,4144853,46727944.00
2020/03/04,22.62,23.19,22.48,23.01,4533879,51782608.00
2020/03/05,23.11,23.54,22.97,23.52,5222852,60669420.00
2020/03/06,23.27,24.44,23.11,23.88,7074167,84413680.00
2020/03/09,23.64,24.38,22.97,23.35,6232745,73692992.00
2020/03/10,23.05,23.50,22.19,23.17,6296350,71832344.00
2020/03/11,23.13,23.21,22.66,22.68,3443108,39320968.00
2020/03/12,22.31,22.58,22.11,22.15,2968930,32930164.00
2020/03/13,21.50,22.01,21.09,21.74,3663940,39205492.00
2020/03/16,21.93,22.07,20.92,20.94,3587573,38478384.00
2020/03/17,20.80,21.48,20.41,20.99,2604542,27090676.00
2020/03/18,21.05,21.33,20.72,20.76,2346159,24593920.00
2020/03/19,20.76,20.99,20.33,20.80,2707334,27871208.00
2020/03/20,20.92,21.19,20.84,21.19,2115293,22135824.00
2020/03/23,21.48,22.21,21.25,21.52,5382433,58393376.00
2020/03/24,21.68,21.95,21.11,21.58,3259405,34815636.00
2020/03/25,21.86,21.92,21.43,21.68,3046863,32864984.00
2020/03/26,21.66,21.66,21.19,21.27,2177719,23132000.00
2020/03/27,21.33,21.52,20.86,20.86,3821143,40294752.00
2020/03/30,20.86,20.86,20.19,20.31,2662357,26957852.00
2020/03/31,20.45,20.92,20.25,20.76,2649028,26959538.00
2020/04/01,20.52,20.99,20.43,20.52,1875700,19312128.00
2020/04/02,20.43,20.97,20.41,20.95,2702399,27799900.00
2020/04/03,20.94,20.97,20.58,20.68,1566301,16163925.00
2020/04/07,20.94,21.41,20.94,21.33,3401624,36007864.00
2020/04/08,21.33,21.60,21.09,21.50,2934764,31286676.00
2020/04/09,21.50,21.64,21.33,21.37,2109708,22596942.00
2020/04/10,21.39,21.46,21.03,21.07,2228576,23519280.00
2020/04/13,20.92,21.25,20.70,20.86,2208864,22991868.00
2020/04/14,20.82,21.07,20.78,21.01,1678049,17482978.00
2020/04/15,20.99,21.01,20.74,20.80,1823678,18915504.00
2020/04/16,20.68,20.82,20.46,20.70,1605450,16477571.00
2020/04/17,20.74,20.92,20.50,20.56,2258472,23270600.00
2020/04/20,20.68,21.82,20.68,21.50,5574655,59172920.00
2020/04/21,21.48,21.86,21.03,21.27,3645311,38782184.00
2020/04/22,20.92,21.50,20.90,21.46,2424741,25718760.00
2020/04/23,21.48,21.64,21.29,21.39,2276299,24317956.00
2020/04/24,21.56,21.56,20.99,21.11,1918976,20221808.00
2020/04/27,21.03,21.27,20.84,20.86,2287805,23965676.00
2020/04/28,20.82,20.88,20.21,20.50,2392774,24403444.00
2020/04/29,20.56,20.80,20.41,20.80,1447365,14814089.00
2020/04/30,20.45,20.90,20.45,20.88,2384441,24617736.00
2020/05/06,20.70,20.76,20.41,20.70,3141771,32146632.00
2020/05/07,20.64,20.64,20.45,20.48,2205306,22483050.00
2020/05/08,20.58,20.58,20.35,20.48,2170559,22119368.00
2020/05/11,20.54,20.58,20.41,20.46,1879694,19129654.00
2020/05/12,20.46,20.48,20.27,20.45,1670559,16937480.00
2020/05/13,20.46,20.60,20.41,20.60,2259112,23084668.00
2020/05/14,20.45,20.56,20.41,20.45,1443102,14685637.00
2020/05/15,20.48,20.56,20.29,20.31,1886564,19092492.00
2020/05/18,20.62,20.62,20.07,20.13,1954621,19393388.00
2020/05/19,20.25,20.25,20.07,20.11,1506840,14888474.00
2020/05/20,20.17,20.19,19.54,19.58,3582182,34728076.00
2020/05/21,19.99,21.01,19.88,20.27,8794547,88247544.00
2020/05/22,20.27,20.27,19.64,19.74,3742886,36433464.00
2020/05/25,19.60,19.99,19.21,19.50,3819759,36620844.00
2020/05/26,19.58,19.70,19.43,19.62,2247545,21563062.00
2020/05/27,19.62,19.90,19.45,19.58,2512083,24174972.00
2020/05/28,19.54,19.74,19.47,19.62,1799836,17282080.00
2020/05/29,19.60,19.82,19.50,19.68,2037913,19685386.00
2020/06/01,19.74,20.84,19.70,20.66,7838152,78824064.00
2020/06/02,20.74,20.94,20.50,20.72,4257160,43338840.00
2020/06/03,20.76,20.92,20.46,20.52,4162460,42383016.00
2020/06/04,20.72,20.72,20.29,20.31,2770400,27761686.00
2020/06/05,20.46,20.46,20.13,20.33,2195881,21861496.00
2020/06/08,20.39,21.03,20.39,21.01,9279405,94784544.00
2020/06/09,21.01,21.66,20.82,21.27,12143598,126427888.00
2020/06/10,21.15,21.23,20.78,20.90,3684951,37845700.00
2020/06/11,20.78,20.94,20.62,20.80,2789221,28426320.00
2020/06/12,20.41,21.21,20.37,20.88,5045567,51712104.00
2020/06/15,20.86,21.07,20.66,20.80,2819032,28936808.00
2020/06/16,20.84,20.97,20.72,20.88,1848579,18922892.00
2020/06/17,20.92,21.33,20.78,21.25,4458054,46223020.00
2020/06/18,21.44,21.44,21.05,21.09,2560452,26598932.00
2020/06/19,21.05,21.09,20.86,20.90,2417328,24898816.00
2020/06/22,20.95,20.95,20.72,20.76,2176220,22244872.00
2020/06/23,20.76,20.86,20.64,20.70,1897277,19296010.00
2020/06/24,20.76,20.86,20.50,20.68,2942401,29824324.00
2020/06/29,20.64,20.64,20.27,20.33,2285373,22912692.00
2020/06/30,20.35,20.52,20.21,20.33,2558104,25512824.00
2020/07/01,20.35,20.56,20.29,20.54,2669506,26744862.00
2020/07/02,20.66,21.09,20.46,21.03,4950749,50758284.00
2020/07/03,21.11,21.39,20.90,21.37,5461330,56998432.00
2020/07/06,21.39,22.52,21.39,22.44,9247639,100646176.00
2020/07/07,22.48,22.91,21.99,22.70,9051901,100496584.00
2020/07/08,22.62,23.07,22.41,22.95,7028565,78876688.00
2020/07/09,22.97,23.46,22.74,23.25,6892912,78522144.00
2020/07/10,23.25,23.48,22.84,23.05,5565834,63436644.00
2020/07/13,22.52,23.40,22.52,23.21,5610909,63849820.00
2020/07/14,23.11,23.27,22.44,22.80,5451214,61376456.00
2020/07/15,22.82,23.15,21.95,22.19,5801752,64190592.00
2020/07/16,22.23,22.62,21.54,21.70,5362658,58424024.00
2020/07/17,21.66,21.92,21.31,21.46,3860986,40953584.00
2020/07/20,21.27,22.44,21.27,22.35,4926146,53604008.00
2020/07/21,22.35,22.42,22.07,22.19,3530207,38634560.00
2020/07/22,22.31,22.64,22.11,22.19,3425216,37700664.00
2020/07/23,21.88,22.11,21.41,21.90,3277886,35104368.00
2020/07/24,21.80,21.97,21.07,21.17,3683472,38928324.00
2020/07/27,21.19,21.52,20.74,20.90,2882768,29721558.00
2020/07/28,20.84,21.43,20.84,20.97,2375150,24580724.00
2020/07/29,20.97,21.35,20.72,21.31,3225996,33402776.00
2020/07/30,21.29,22.07,21.29,21.60,5393856,57450744.00
2020/07/31,21.50,21.84,21.07,21.56,3019113,32001954.00
2020/08/03,21.70,21.93,21.60,21.80,4172620,44641532.00
2020/08/04,21.74,22.21,21.58,21.88,5240219,56469864.00
2020/08/05,21.93,22.39,21.56,22.21,7080581,76826536.00
2020/08/06,22.82,23.23,22.41,22.60,13100384,147203264.00
2020/08/07,22.35,23.09,22.13,22.95,10910104,122107096.00
2020/08/10,22.84,23.80,22.82,23.60,10103287,116209872.00
2020/08/11,23.62,23.95,23.19,23.23,8766221,102189768.00
2020/08/12,23.19,23.84,23.05,23.84,7046082,81355928.00
2020/08/13,24.01,24.19,23.39,23.46,6581149,77346576.00
2020/08/14,23.35,23.82,23.29,23.60,6440569,74946360.00
2020/08/17,23.70,25.19,23.40,24.78,11997043,145172192.00
2020/08/18,24.76,24.93,24.42,24.76,5404659,65627872.00
2020/08/19,24.68,24.99,24.19,24.86,8289295,101031008.00
2020/08/20,24.64,24.68,23.89,24.37,5655950,67666784.00
2020/08/21,24.31,24.33,23.48,23.50,5846740,68612824.00
2020/08/24,23.74,24.01,23.25,23.44,4512849,52448908.00
2020/08/25,23.39,23.82,23.15,23.27,4460808,51580656.00
2020/08/26,23.21,23.40,22.66,23.21,5758853,65268008.00
2020/08/27,23.11,23.21,22.76,23.03,3666225,41484596.00
2020/08/28,23.31,23.31,22.27,23.17,6906776,77497600.00
2020/08/31,23.74,23.74,22.60,22.72,7896640,89352512.00
2020/09/01,22.70,23.11,22.62,23.07,3768504,42597572.00
2020/09/02,23.13,23.37,22.72,22.95,3621347,41117384.00
2020/09/03,22.95,23.07,22.68,22.80,2373801,26748904.00
2020/09/04,22.66,22.90,22.29,22.70,2582242,28705310.00
2020/09/07,22.68,23.17,22.56,22.80,3113470,35213892.00
2020/09/08,22.56,23.07,22.56,22.91,2716021,30580108.00
2020/09/09,22.27,22.68,22.07,22.27,4067612,44683900.00
2020/09/10,22.76,22.78,21.64,21.64,3176264,34511128.00
2020/09/11,21.88,21.88,21.31,21.46,3487096,36877440.00
2020/09/14,21.60,21.80,21.48,21.68,2569181,27343392.00
2020/09/15,21.68,22.03,21.44,21.97,3037447,32423942.00
2020/09/16,21.93,22.07,21.54,21.56,2501578,26789022.00
2020/09/17,21.54,22.03,21.54,21.78,3399134,36535920.00
2020/09/18,21.90,22.07,21.68,22.01,3237381,34838152.00
2020/09/21,22.07,22.07,21.56,21.64,3533299,37731888.00
2020/09/22,21.64,21.64,21.17,21.17,2875112,30240216.00
2020/09/23,21.25,21.37,20.97,21.27,2340097,24349336.00
2020/09/24,21.13,21.13,20.46,20.56,4868514,49419652.00
2020/09/25,20.62,20.72,20.37,20.46,1860019,18747970.00
2020/09/28,20.46,20.66,20.25,20.39,2982019,29857240.00
2020/09/29,20.37,20.62,20.33,20.35,1855915,18616680.00
2020/09/30,20.37,20.72,20.27,20.48,2185875,21950370.00
2020/10/09,20.66,21.17,20.62,21.05,2706968,27886340.00
2020/10/12,21.17,21.82,21.11,21.60,3771991,40034072.00
2020/10/13,21.72,21.72,21.15,21.64,2605539,27487016.00
2020/10/14,21.82,22.72,21.60,22.54,7578968,83123184.00
2020/10/15,22.62,23.13,22.50,22.54,7445205,83873728.00
2020/10/16,22.62,23.03,22.33,22.42,3738762,41611680.00
2020/10/19,22.90,23.42,22.56,22.74,6685969,75730568.00
2020/10/20,22.76,22.99,22.41,22.78,3619833,40436872.00
2020/10/21,22.72,22.78,22.35,22.46,2985646,33137212.00
2020/10/22,22.37,22.39,21.56,21.62,5074632,54586844.00
2020/10/23,21.64,22.05,21.54,21.58,2213167,23669924.00
2020/10/26,21.44,21.78,21.25,21.58,2802209,29636536.00
2020/10/27,21.37,21.58,21.15,21.54,1917275,20083824.00
2020/10/28,21.43,21.46,20.99,21.11,2281116,23739878.00
2020/10/29,20.56,21.27,20.41,20.90,2785980,28570876.00
2020/10/30,20.94,21.03,20.60,20.70,2026831,20722476.00
2020/11/02,20.95,20.95,20.62,20.76,3305739,33693056.00
2020/11/03,20.68,20.97,20.68,20.92,2771228,28351880.00
2020/11/04,20.90,20.97,20.62,20.76,1866504,19060892.00
2020/11/05,20.90,20.94,20.66,20.84,3413951,34865068.00
2020/11/06,20.86,20.92,20.66,20.86,2922155,29864710.00
2020/11/09,20.92,21.27,20.88,21.09,4595743,47676664.00
2020/11/10,21.33,22.11,21.23,21.50,7196781,76689184.00
2020/11/11,21.60,22.31,21.35,22.11,6975821,75460160.00
2020/11/12,22.03,22.07,21.60,21.95,4717370,50743456.00
2020/11/13,21.74,23.03,21.64,22.64,9297106,102881824.00
2020/11/16,23.17,24.84,22.93,24.84,21229984,254909392.00
2020/11/17,25.31,26.23,24.89,25.66,23386291,296310592.00
2020/11/18,25.66,26.80,25.38,26.62,19219881,250140000.00
2020/11/19,26.64,26.64,25.27,25.68,18669972,238842384.00
2020/11/20,25.66,26.91,25.52,26.44,14672621,190904448.00
2020/11/23,26.42,27.81,26.42,26.87,15390119,207393136.00
2020/11/24,26.72,27.19,26.44,27.01,9063703,120338736.00
2020/11/25,27.05,27.32,26.15,26.15,7765304,102223008.00
2020/11/26,26.31,26.58,25.62,25.78,7199316,92583832.00
2020/11/27,25.82,26.21,25.27,25.89,6562701,83412296.00
2020/11/30,25.89,26.05,25.19,25.19,6652431,84187368.00
2020/12/01,25.07,25.46,24.84,25.35,5097321,63561040.00
2020/12/02,25.36,25.42,24.93,25.09,3686169,45771776.00
2020/12/03,25.09,25.27,24.42,24.86,5820328,71419520.00
2020/12/04,25.31,25.78,24.82,24.93,7377630,91987016.00
2020/12/07,24.52,24.99,24.19,24.19,4952049,59969156.00
2020/12/08,24.15,24.44,24.05,24.21,2599992,31167224.00
2020/12/09,24.17,24.82,23.84,24.07,5138690,61764908.00
2020/12/10,24.17,24.93,23.89,24.62,6646106,80655688.00
2020/12/11,24.82,26.44,24.82,25.76,12500502,158825344.00
2020/12/14,25.97,26.05,24.13,25.21,10390983,128351752.00
2020/12/15,25.21,25.21,24.38,24.58,4847964,59240968.00
2020/12/16,24.58,25.91,24.58,25.19,5913208,74060840.00
2020/12/17,25.72,27.38,25.38,26.99,12632834,166713152.00
2020/12/18,26.74,27.36,26.36,26.38,6850127,90602608.00
2020/12/21,26.31,27.17,25.87,26.82,6388555,84532216.00
2020/12/22,26.64,26.74,25.52,25.76,5655293,73205160.00
2020/12/23,25.46,25.91,25.01,25.58,5815350,73205472.00
2020/12/24,25.48,25.52,24.78,25.27,3312375,41268700.00
2020/12/25,25.36,27.72,25.36,27.72,13150844,177986192.00
2020/12/28,28.29,28.87,27.42,27.56,18816184,261526272.00
2020/12/29,27.72,28.05,26.83,27.01,8683684,117587904.00
2020/12/30,27.07,28.66,27.03,27.56,11291762,156248240.00
2020/12/31,27.81,28.27,27.23,28.01,9343267,129078616.00
2021/01/04,28.01,28.07,26.95,27.95,7624353,104131232.00
2021/01/05,27.54,29.28,27.07,29.09,14177820,200717104.00
2021/01/06,28.97,29.91,28.40,29.32,10304170,149218112.00
2021/01/07,29.21,30.74,29.11,29.52,9045396,134349824.00
2021/01/08,29.44,31.85,29.38,30.93,17063377,262100368.00
2021/01/11,30.81,33.95,30.36,33.95,16682049,274966944.00
2021/01/12,34.09,36.11,33.56,35.65,21650959,376173120.00
2021/01/13,34.97,37.22,34.38,37.18,19047870,342814752.00
2021/01/14,36.40,36.83,35.01,35.34,14664005,263171568.00
2021/01/15,34.64,35.26,33.30,33.85,15067783,256717472.00
2021/01/18,34.20,36.34,33.46,36.07,12004037,210543008.00
2021/01/19,35.64,37.42,34.69,35.07,12053793,215297552.00
2021/01/20,35.13,36.01,34.60,35.83,8823650,155530400.00
2021/01/21,35.48,38.50,35.26,38.05,13548159,252448288.00
2021/01/22,37.28,38.32,37.18,38.14,8907632,168388432.00
2021/01/25,37.91,39.03,36.99,38.34,8498030,161674256.00
2021/01/26,37.50,38.01,35.95,37.42,7802373,143807328.00
2021/01/27,36.97,39.87,36.97,38.77,8219759,159827552.00
2021/01/28,37.81,39.28,35.85,36.34,10067376,187239504.00
2021/01/29,36.63,37.01,35.65,36.44,8088321,146387152.00
2021/02/01,35.81,38.69,35.42,38.36,5927237,111697072.00
2021/02/02,38.40,39.38,36.83,38.79,8574913,163799312.00
2021/02/03,38.59,42.14,38.59,41.10,11547743,235384784.00
2021/02/04,40.65,41.63,39.46,40.65,11193603,226952048.00
2021/02/05,40.46,41.79,38.40,40.26,10045423,202391200.00
2021/02/08,40.16,43.00,39.32,42.18,12484805,260911280.00
2021/02/09,42.18,44.38,41.63,44.18,10345580,224471488.00
2021/02/10,44.06,44.57,42.28,44.55,8682187,189683888.00
2021/02/18,46.73,47.81,45.02,45.83,10942586,254059104.00
2021/02/19,45.45,45.45,41.36,43.81,14200744,310380608.00
2021/02/22,43.69,46.20,43.69,44.22,10065996,226824864.00
2021/02/23,43.77,45.81,42.91,43.98,7514584,167477792.00
2021/02/24,43.89,45.85,41.73,41.93,10078588,222120352.00
2021/02/25,42.18,44.81,41.93,42.51,11153573,241008160.00
2021/02/26,40.73,41.83,38.83,38.99,11682832,233252624.00
2021/03/01,39.93,40.40,38.81,39.38,12502577,247696144.00
2021/03/02,39.75,40.75,38.36,39.16,12110774,239464672.00
2021/03/03,38.79,39.65,38.42,38.77,5008671,97763984.00
2021/03/04,38.79,38.97,36.40,36.79,8569511,158740256.00
2021/03/05,36.79,37.22,35.67,36.34,4940388,90076040.00
2021/03/08,37.52,37.52,35.36,35.56,5150796,92509472.00
2021/03/09,35.89,35.89,32.13,32.81,16013701,266050400.00
2021/03/10,33.07,33.68,32.19,32.75,10271982,168700640.00
2021/03/11,32.87,33.71,32.28,33.54,5323164,88333752.00
2021/03/12,33.75,34.42,33.11,34.13,5030234,84759520.00
2021/03/15,33.89,34.01,32.97,33.44,3611904,60122880.00
2021/03/16,33.97,33.99,33.01,33.13,2974331,49373304.00
2021/03/17,32.85,34.69,32.73,34.54,4911918,83316984.00
2021/03/18,34.28,36.01,34.18,35.15,4860810,85188200.00
2021/03/19,34.13,34.97,33.07,33.42,3620234,61052240.00
2021/03/22,33.13,34.28,32.97,33.62,2993470,50077616.00
2021/03/23,33.13,33.79,32.34,32.75,5420559,88537248.00
2021/03/24,32.85,32.85,31.09,31.44,6262958,98610976.00
2021/03/25,31.99,32.48,31.52,31.89,3607307,57398056.00
2021/03/26,31.77,32.42,31.54,32.22,3042300,48527160.00
2021/03/29,32.32,32.81,31.62,32.50,3435405,55271520.00
2021/03/30,32.79,33.75,32.03,33.54,4739832,78140384.00
2021/03/31,33.42,33.75,32.66,33.30,3877488,64339968.00
2021/04/01,33.17,34.20,32.42,32.66,6505115,107109008.00
2021/04/02,32.89,33.34,32.15,32.79,2332190,37975192.00
2021/04/06,32.87,33.36,32.66,32.87,2380491,39056400.00
2021/04/07,32.87,33.28,31.99,33.17,2759943,44979592.00
2021/04/08,32.52,33.17,32.24,32.97,3281365,53647964.00
2021/04/09,32.89,32.89,31.72,32.40,5080330,81664336.00
2021/04/12,32.40,32.68,30.40,30.75,5543440,85568768.00
2021/04/13,30.46,31.58,30.46,31.38,3035626,47143208.00
2021/04/14,31.38,31.91,30.99,31.60,1490355,23431104.00
2021/04/15,32.07,32.62,30.93,32.40,2412748,38196176.00
2021/04/16,32.48,33.20,31.70,32.34,4179704,67330528.00
2021/04/19,32.81,33.62,31.91,33.22,3901254,64096744.00
2021/04/20,33.71,34.44,32.75,33.93,5752295,96302224.00
2021/04/21,33.75,34.50,33.64,34.01,3781386,64016244.00
2021/04/22,35.09,35.09,33.66,34.58,4787257,81692120.00
2021/04/23,34.58,34.77,33.62,34.34,3233844,55191448.00
2021/04/26,34.52,35.69,34.38,35.44,5792808,101301088.00
2021/04/27,34.97,35.85,34.28,35.46,5948603,104214920.00
2021/04/28,35.64,37.22,35.20,36.03,8884263,159707216.00
2021/04/29,36.03,36.14,34.85,35.93,4967869,88179152.00
2021/04/30,35.18,35.85,34.81,35.42,3934400,69388008.00
2021/05/06,35.81,36.60,35.42,36.07,5749815,103529656.00
2021/05/07,36.40,37.26,35.97,36.85,5535004,101492648.00
2021/05/10,36.75,37.14,35.42,36.24,4492012,81034232.00
2021/05/11,34.95,36.60,34.83,36.28,4401050,78765624.00
2021/05/12,36.36,36.85,35.65,36.05,2955412,53283372.00
2021/05/13,35.79,36.48,35.58,35.81,3345530,60040760.00
2021/05/14,35.77,36.22,34.77,35.64,4347132,77045728.00
2021/05/17,35.81,37.75,35.62,36.79,5473271,100804696.00
2021/05/18,36.79,37.71,36.46,37.12,3109795,57510708.00
2021/05/19,37.09,37.32,36.52,37.09,1659287,30692072.00
2021/05/20,37.01,37.09,35.13,35.46,4167721,74220840.00
2021/05/21,35.79,35.85,34.15,35.65,4166187,73096736.00
2021/05/24,35.48,37.03,34.99,36.81,3811291,69127248.00
2021/05/25,36.81,38.99,36.81,38.01,4430783,84009400.00
2021/05/26,38.56,38.75,37.14,37.42,2751502,51589888.00
2021/05/27,37.26,38.12,37.16,37.93,2495187,47060112.00
2021/05/28,38.16,38.50,37.52,38.44,3986626,75958408.00
2021/05/31,38.34,38.63,37.42,38.46,3468182,66088732.00
2021/06/01,38.79,40.22,37.93,39.85,4641300,90736488.00
2021/06/02,39.81,40.24,39.28,39.95,3348929,66576800.00
2021/06/03,39.73,40.16,38.61,39.24,3173280,62488040.00
2021/06/04,38.77,39.83,38.77,39.79,2481618,49098968.00
2021/06/07,39.77,40.95,39.34,40.59,3502958,70742352.00
2021/06/08,40.57,41.53,39.54,39.73,3534279,71271680.00
2021/06/09,39.89,41.53,39.36,41.48,4237887,86638048.00
2021/06/10,41.85,41.95,40.61,41.79,4746878,98376560.00
2021/06/11,41.77,41.79,40.67,40.79,6212017,127621920.00
2021/06/15,40.65,41.10,39.71,40.63,3892343,78908024.00
2021/06/16,40.38,40.79,39.56,39.75,2306780,46214132.00
2021/06/17,39.63,40.20,38.91,39.83,2370721,46716904.00
2021/06/18,39.81,40.22,37.99,39.01,4797626,92809592.00
2021/06/21,38.46,38.56,36.81,37.48,4878381,90699688.00
2021/06/22,37.85,38.97,37.16,37.60,4547679,85743224.00
2021/06/23,37.44,38.36,37.44,37.83,3108288,58384612.00
2021/06/24,37.93,38.65,37.28,38.07,2799655,52751668.00
2021/06/25,38.63,39.42,38.12,39.10,4805411,92834392.00
2021/06/28,39.10,39.30,38.24,39.10,4115431,79475168.00
2021/06/29,39.12,42.59,38.67,41.77,11542842,237629760.00
2021/06/30,41.77,41.95,40.26,40.81,5533615,112785120.00
2021/07/01,41.38,41.38,40.26,40.28,3182128,64477200.00
2021/07/02,40.57,40.57,39.05,39.14,3141680,61866956.00
2021/07/05,39.87,39.87,37.60,38.30,3850888,73397376.00
2021/07/06,38.65,40.87,38.34,40.61,9697238,193968320.00
2021/07/07,39.83,41.55,39.67,41.42,5858627,119338856.00
2021/07/08,41.77,43.06,40.95,41.32,5123397,106619800.00
2021/07/09,41.40,42.38,40.22,42.01,5519038,113444432.00
2021/07/12,41.99,43.53,41.99,43.14,7272149,155518160.00
2021/07/13,43.16,45.26,42.73,45.02,7845329,172449600.00
2021/07/14,45.89,46.65,43.36,45.02,9255331,207020080.00
2021/07/15,45.32,48.06,41.20,47.87,14270195,333727808.00
2021/07/16,46.92,49.55,46.49,46.81,13780755,327606816.00
2021/07/19,46.89,47.59,44.89,44.98,9576973,219846944.00
2021/07/20,44.71,45.69,42.55,43.36,11162767,243347696.00
2021/07/21,43.28,44.38,42.77,43.71,8279800,180616432.00
2021/07/22,44.14,44.98,43.98,44.30,8462182,187388608.00
2021/07/23,44.30,46.61,43.91,46.34,13360088,305723744.00
2021/07/26,46.65,46.73,43.53,43.87,10502875,234219872.00
2021/07/27,43.30,44.63,41.97,42.04,13459468,287449408.00
2021/07/28,41.10,41.97,40.22,41.04,10022408,204704832.00
2021/07/29,41.89,41.89,40.40,40.65,9793063,199694912.00
2021/07/30,40.06,41.34,38.16,38.56,13904354,272611072.00
2021/08/02,38.28,42.32,38.28,42.12,18596238,376610400.00
2021/08/03,41.97,42.12,40.20,40.91,11814819,241145392.00
2021/08/04,41.40,41.40,40.08,40.54,7889913,159933024.00
2021/08/05,40.61,40.63,38.81,39.12,7514486,147363376.00
2021/08/06,39.12,40.50,38.73,39.44,8243280,162064240.00
2021/08/09,38.69,39.91,38.38,39.67,5874094,114985840.00
2021/08/10,39.63,39.67,38.81,39.24,5304886,103229136.00
2021/08/11,39.34,40.87,39.34,40.05,9902133,198375072.00
2021/08/12,40.48,40.52,39.63,40.24,9371285,187078160.00
2021/08/13,40.24,41.38,40.03,40.81,12474818,253274736.00
2021/08/16,41.52,41.52,40.32,40.46,9802112,198468080.00
2021/08/17,40.46,41.20,39.85,40.06,12427541,251260144.00
2021/08/18,39.28,39.32,37.30,38.05,16210976,305370208.00
2021/08/19,37.87,37.89,35.32,36.09,18459778,333113632.00
2021/08/20,36.07,36.24,34.67,35.05,10045890,175254336.00
2021/08/23,34.75,35.34,34.75,34.89,10422775,180671536.00
2021/08/24,35.11,35.46,34.64,34.73,11086031,191384048.00
2021/08/25,34.73,35.01,34.36,34.87,9968271,171388944.00
2021/08/26,35.11,35.18,34.34,34.89,11478350,198479424.00
2021/08/27,34.89,35.13,34.22,34.81,16277604,280151904.00
2021/08/30,34.93,38.01,34.81,37.61,29067708,531672544.00
2021/08/31,37.07,37.48,35.71,37.01,23254201,421082144.00
2021/09/01,37.24,39.71,37.20,37.77,25027435,477562816.00
2021/09/02,37.77,39.44,37.11,39.14,19239368,370795296.00
2021/09/03,38.85,39.57,38.09,38.61,15712036,302356928.00
2021/09/06,38.63,39.24,37.63,38.50,15831303,301471744.00
2021/09/07,38.83,40.67,38.69,40.52,20416481,404693728.00
2021/09/08,40.24,43.10,40.08,42.67,22260521,469475008.00
2021/09/09,42.67,43.26,41.73,42.18,12637420,265328720.00
2021/09/10,40.22,42.30,40.14,40.57,22488293,456960960.00
2021/09/13,40.77,43.20,40.57,42.97,18955898,402212416.00
2021/09/14,42.97,44.61,41.69,43.49,20067855,432885568.00
2021/09/15,43.73,45.85,42.89,43.73,20388469,447967968.00
2021/09/16,43.93,46.30,43.55,43.69,17516320,390050432.00
2021/09/17,43.42,44.42,41.52,42.53,16599641,354146336.00
2021/09/22,41.12,43.51,41.12,41.85,14929264,316365216.00
2021/09/23,43.36,43.71,41.59,41.79,16752069,354801984.00
2021/09/24,42.48,42.48,38.56,39.10,23430260,463666816.00
2021/09/27,39.28,39.30,36.32,37.22,18354483,341831904.00
2021/09/28,36.62,38.03,36.22,36.60,11848645,216623936.00
2021/09/29,36.60,36.60,34.24,34.34,13637426,236746576.00
2021/09/30,34.50,34.69,33.17,33.68,15193420,253410720.00
2021/10/08,34.18,34.73,32.75,33.22,14596020,240618192.00
2021/10/11,32.99,34.24,32.99,33.40,17282888,287723136.00
2021/10/12,32.79,33.89,31.95,32.38,14156882,228450288.00
2021/10/13,32.38,32.42,31.40,32.11,8811717,139156304.00
2021/10/14,32.07,32.44,31.36,32.11,8529888,134418560.00
2021/10/15,31.99,32.07,31.17,31.52,9999042,155678752.00
2021/10/18,32.19,32.85,31.52,32.36,17645936,280146112.00
2021/10/19,32.44,32.93,31.95,32.38,14004145,224210064.00
2021/10/20,32.11,32.26,31.85,31.97,10156641,160656240.00
2021/10/21,32.19,33.03,32.09,32.68,14159911,228325760.00
2021/10/22,32.68,32.99,31.44,31.60,14809928,234312112.00
2021/10/25,31.73,31.99,31.46,31.77,8919276,139764320.00
2021/10/26,31.77,33.03,31.73,32.19,14759701,235919504.00
2021/10/27,32.38,32.38,31.07,31.72,10954997,170835920.00
2021/10/28,31.79,31.81,29.70,29.99,18548879,276765184.00
2021/10/29,30.26,30.72,29.21,29.77,15778502,232750096.00
2021/11/01,29.74,31.11,29.66,30.56,14717282,221469888.00
2021/11/02,30.52,30.52,28.40,28.87,20024866,289200736.00
2021/11/03,28.89,29.38,28.48,29.17,12051762,171615200.00
2021/11/04,29.13,29.44,28.56,28.79,10144037,143690032.00
2021/11/05,28.58,28.91,27.48,27.54,18367533,253176688.00
2021/11/08,27.56,28.40,27.42,28.32,11850177,163620960.00
2021/11/09,28.58,28.58,27.66,27.87,10398625,142450176.00
2021/11/10,27.87,27.93,26.95,27.64,10040410,135101888.00
2021/11/11,27.48,27.97,27.38,27.81,9062627,123607912.00
2021/11/12,27.81,27.97,27.62,27.80,7678429,104738032.00
2021/11/15,27.83,27.97,27.42,27.91,8662085,117965584.00
2021/11/16,28.15,28.23,27.32,27.32,11810174,159795136.00
2021/11/17,27.31,27.74,27.11,27.68,9079314,122658352.00
2021/11/18,27.66,28.30,27.54,27.99,15748526,216972480.00
2021/11/19,27.91,28.52,27.40,28.46,12289161,168912176.00
2021/11/22,28.46,29.54,28.42,28.89,19837958,283641696.00
2021/11/23,28.81,29.09,28.42,28.50,17749047,250558944.00
2021/11/24,28.52,28.64,28.34,28.40,8029973,112435424.00
2021/11/25,28.42,28.58,28.15,28.46,8067751,112541672.00
2021/11/26,28.66,29.32,28.40,29.05,14870701,211837120.00
2021/11/29,28.46,28.62,27.91,28.46,12340046,172191296.00
2021/11/30,28.42,29.81,28.42,28.91,18115003,259900096.00
2021/12/01,29.03,29.77,28.85,29.66,17227910,249270816.00
2021/12/02,29.81,30.01,29.44,29.72,15314270,224555424.00
2021/12/03,29.70,29.91,29.09,29.77,12283998,178746400.00
2021/12/06,29.81,30.50,29.66,29.95,15576848,231364928.00
2021/12/07,30.23,31.13,30.15,30.68,21375100,323117952.00
2021/12/08,30.75,30.75,29.52,30.03,18775542,276159648.00
2021/12/09,30.01,30.32,29.76,29.93,11501867,170092736.00
2021/12/10,29.87,30.91,29.83,30.09,13609504,203678992.00
2021/12/13,30.03,31.24,29.97,30.60,18940672,286959872.00
2021/12/14,30.52,30.54,29.66,29.72,13604053,200540640.00
2021/12/15,29.76,29.89,29.28,29.40,8262983,120180704.00
2021/12/16,29.40,29.89,29.21,29.87,7021315,102186104.00
2021/12/17,29.79,29.97,28.68,28.83,13047648,186528912.00
2021/12/20,28.95,29.56,28.70,28.87,10468277,149859472.00
2021/12/21,28.85,29.15,28.62,29.05,7118312,101294888.00
2021/12/22,29.25,29.32,28.79,29.13,5813519,83148480.00
2021/12/23,29.09,29.11,28.81,28.87,5382716,76636224.00
2021/12/24,28.85,28.87,28.17,28.30,7658101,106731744.00
2021/12/27,28.32,29.25,28.09,29.21,9628070,136544528.00
2021/12/28,29.23,29.54,28.83,28.99,6407081,91710832.00
2021/12/29,29.05,29.89,28.87,29.44,11831309,171758752.00
2021/12/30,29.54,29.56,29.09,29.48,10335001,149159536.00
2021/12/31,29.66,30.36,29.36,30.13,13482655,198983008.00
2022/01/04,30.13,30.58,29.87,30.15,10930697,162190256.00
2022/01/05,30.07,30.52,29.91,30.32,18128116,270764896.00
2022/01/06,30.32,30.95,30.19,30.64,14026336,212116736.00
2022/01/07,30.52,30.91,30.28,30.60,13009945,196679968.00
2022/01/10,30.50,31.07,30.23,30.79,13710412,207461456.00
2022/01/11,30.75,31.13,30.58,31.09,13663923,208433936.00
2022/01/12,31.13,31.21,30.66,30.95,10034299,152884672.00
2022/01/13,31.01,32.26,30.97,31.48,18223834,285101216.00
2022/01/14,31.19,31.42,30.15,30.21,14269852,214556688.00
2022/01/17,30.64,31.09,30.09,30.91,12035433,181651792.00
2022/01/18,30.89,31.60,30.77,31.40,9660654,149251536.00
2022/01/19,31.42,32.19,31.11,31.97,17292522,272394240.00
2022/01/20,31.93,31.97,30.91,31.09,12867195,198196208.00
2022/01/21,31.13,31.13,29.56,30.03,18205677,269505664.00
2022/01/24,29.74,30.23,28.70,29.97,15862688,229802160.00
2022/01/25,30.03,30.13,27.91,28.01,15624653,222013360.00
2022/01/26,28.19,28.34,27.44,27.66,9055707,123888976.00
2022/01/27,27.78,27.80,26.60,26.68,11299922,149965936.00
2022/01/28,27.23,27.29,26.42,26.83,8650682,114197832.00
2022/02/07,27.34,28.38,27.23,28.09,9610525,131802896.00
2022/02/08,28.09,29.07,27.93,28.99,9148674,129252104.00
2022/02/09,29.15,29.62,28.97,29.38,8346997,120717904.00
2022/02/10,29.44,30.54,29.09,30.42,12453055,184461584.00
2022/02/11,30.66,31.09,30.13,30.25,12563921,189755472.00
2022/02/14,30.03,30.40,29.15,29.28,9620726,139998480.00
2022/02/15,29.25,29.44,28.81,29.13,7977879,114148112.00
2022/02/16,29.13,30.13,29.13,29.68,7041522,103274920.00
2022/02/17,29.60,29.76,29.07,29.11,5024869,72463496.00
2022/02/18,28.79,29.42,28.66,29.27,10383613,148617664.00
2022/02/21,29.38,30.19,28.89,29.89,10265772,150310688.00
2022/02/22,29.85,29.87,28.85,29.13,6390233,92059352.00
2022/02/23,29.11,29.58,28.85,29.15,7966021,114080808.00
2022/02/24,29.15,29.15,27.68,28.07,12858900,179286176.00
2022/02/25,28.38,28.78,28.27,28.50,9325620,130834944.00
2022/02/28,28.56,28.60,27.99,28.44,5569010,77444728.00
2022/03/01,28.46,28.93,27.81,28.03,7139287,98913976.00
2022/03/02,27.93,28.13,27.48,27.66,7674848,104566080.00
2022/03/03,27.68,27.78,27.29,27.48,6680059,90332512.00
2022/03/04,27.40,27.52,26.87,27.03,7210703,95879256.00
2022/03/07,26.78,27.13,25.66,25.78,11464813,147017536.00
2022/03/08,26.01,26.17,24.64,24.93,10568692,130631688.00
2022/03/09,25.27,25.31,23.27,24.29,14194415,169335152.00
2022/03/10,24.87,25.87,24.86,25.58,13004925,161841792.00
2022/03/11,25.11,25.50,24.54,25.42,13922822,169961616.00
2022/03/14,25.03,25.78,24.93,25.19,7789989,97034400.00
2022/03/15,25.05,25.13,23.60,23.74,11583424,138193728.00
2022/03/16,24.15,24.38,23.07,23.91,21316917,247524336.00
2022/03/17,24.11,24.95,24.05,24.40,13258723,158615904.00
2022/03/18,24.19,24.70,24.11,24.60,6710503,80158680.00
2022/03/21,24.58,24.82,24.37,24.50,7819033,93834416.00
2022/03/22,24.50,24.70,24.23,24.44,5572406,66574784.00
2022/03/23,24.46,24.58,24.27,24.44,5361481,63941196.00
2022/03/24,24.17,24.29,23.97,24.11,5858117,69000112.00
2022/03/25,24.27,24.42,23.91,23.95,5806036,68580888.00
2022/03/28,23.93,24.21,23.15,23.97,8905947,103039824.00
2022/03/29,23.93,24.11,23.58,23.76,6601561,76809752.00
2022/03/30,24.05,24.25,23.76,24.11,7282164,85470568.00
2022/03/31,24.03,24.29,23.64,23.66,10258244,119899880.00
2022/04/01,23.60,23.64,23.25,23.33,13037932,148558112.00
2022/04/06,23.37,23.84,23.19,23.68,11061635,126365536.00
2022/04/07,23.60,23.78,23.29,23.29,7721242,88346264.00
2022/04/08,23.25,23.40,22.88,23.21,10439926,117811144.00
2022/04/11,23.31,23.37,22.52,22.68,10541396,117903320.00
2022/04/12,22.54,23.13,22.29,23.11,7519649,83134496.00
2022/04/13,22.97,23.03,22.66,22.68,4553360,50660412.00
2022/04/14,22.80,23.35,22.68,23.25,6833242,77029608.00
2022/04/15,23.13,23.13,22.21,22.27,14919720,163520912.00
2022/04/18,22.09,22.21,21.03,21.21,21049860,217718336.00
2022/04/19,21.25,21.84,21.15,21.72,16270723,171067056.00
2022/04/20,21.74,22.07,21.03,21.21,11319726,117692648.00
2022/04/21,21.11,21.31,20.37,20.48,16450379,165348336.00
2022/04/22,20.46,20.97,20.07,20.80,11833223,118144544.00
2022/04/25,20.46,20.72,19.48,19.58,14275813,139159664.00
2022/04/26,19.76,19.94,19.11,19.13,11649701,109775296.00
2022/04/27,18.82,19.50,18.60,19.43,17575324,161574912.00
2022/04/28,19.25,19.52,18.88,19.27,13911703,129163960.00
2022/04/29,19.09,19.80,19.05,19.64,19233661,180332112.00
2022/05/05,19.47,20.13,19.39,19.78,16335736,156725056.00
2022/05/06,19.39,19.70,19.21,19.52,9238662,86884848.00
2022/05/09,19.52,19.88,19.43,19.68,7323029,69709032.00
2022/05/10,19.54,19.82,19.35,19.72,10247723,97253984.00
2022/05/11,19.68,20.33,19.68,19.90,15582458,151247568.00
2022/05/12,19.86,20.56,19.74,19.94,17966834,174129696.00
2022/05/13,19.92,20.21,19.82,19.90,9136507,88373616.00
2022/05/16,20.03,21.78,19.94,21.78,35260911,356573472.00
2022/05/17,21.82,21.84,20.60,20.95,39152140,398598336.00
2022/05/18,20.92,21.03,20.41,20.58,33416209,334427136.00
2022/05/19,20.23,20.33,19.86,20.29,30958409,301879360.00
2022/05/20,20.39,22.21,20.37,22.21,46313387,480616448.00
2022/05/23,22.58,24.33,22.39,23.42,68581793,770162240.00
2022/05/24,23.09,23.66,22.42,22.42,46348263,520574208.00
2022/05/25,22.48,22.91,22.21,22.76,30537632,336742912.00
2022/05/26,22.88,23.93,22.60,23.74,39438894,449344448.00
2022/05/27,23.46,23.91,22.76,23.09,39997430,453034176.00
2022/05/30,23.44,24.89,22.74,24.76,38679235,451069856.00
2022/05/31,24.54,25.46,24.13,24.44,31780054,384800416.00
2022/06/01,24.46,24.72,23.35,23.80,26549504,310516288.00
2022/06/02,23.81,23.87,23.28,23.77,17183585,194329792.00
2022/06/06,23.77,24.98,23.55,24.88,24537382,289103520.00
2022/06/07,24.77,25.06,24.18,24.55,16478369,193338112.00
2022/06/08,24.71,25.18,23.92,24.39,20103661,236029072.00
2022/06/09,24.10,24.10,23.02,23.63,26530619,299112928.00
2022/06/10,23.41,24.26,23.22,24.18,16648110,190800656.00
2022/06/13,23.96,24.49,23.41,23.81,19177970,219336016.00
2022/06/14,23.79,24.20,23.22,24.12,19561569,222249648.00
2022/06/15,24.22,24.90,23.69,23.79,21721696,250182144.00
2022/06/16,24.06,24.06,23.45,23.51,13255102,150634832.00
2022/06/17,23.26,23.65,23.22,23.47,13689910,153874832.00
2022/06/20,23.71,24.00,23.26,23.77,11924862,134993744.00
2022/06/21,23.98,24.75,23.77,24.12,17911428,207478624.00
2022/06/22,24.12,24.12,23.02,23.02,19494079,218173488.00
2022/06/23,23.04,23.20,22.47,23.14,17079759,185691968.00
2022/06/24,23.10,23.32,22.73,23.04,12432996,136490400.00
2022/06/27,23.08,24.08,22.85,23.63,17345231,197092976.00
2022/06/28,23.79,23.81,23.36,23.75,10935292,123463184.00
2022/06/29,23.59,24.45,23.55,24.06,19131248,221139616.00
2022/06/30,24.04,24.36,23.87,24.08,11022879,127073584.00
2022/07/01,23.83,24.16,23.55,23.59,9609172,109382536.00
2022/07/04,23.38,23.59,23.02,23.47,10992381,122132360.00
2022/07/05,23.38,24.57,23.38,24.12,15252555,175851248.00
2022/07/06,24.12,24.12,23.24,23.49,10279949,115545544.00
2022/07/07,23.30,23.57,23.16,23.32,6608857,73673152.00
2022/07/08,23.41,23.71,23.06,23.20,5719215,63707136.00
2022/07/11,23.10,23.18,22.53,22.69,7138696,77642016.00
2022/07/12,22.77,22.85,22.14,22.24,5763457,61771196.00
2022/07/13,22.24,22.36,21.93,22.06,7333581,77306336.00
2022/07/14,22.04,22.18,21.69,22.06,10350595,108098200.00
2022/07/15,21.71,21.73,20.85,21.16,12598345,127899152.00
2022/07/18,21.40,21.87,21.24,21.83,8538300,87482832.00
2022/07/19,21.69,22.00,21.55,21.91,5738279,59502416.00
2022/07/20,21.93,22.06,21.81,21.98,4185380,43681032.00
2022/07/21,21.98,21.98,21.57,21.57,5083313,52525192.00
2022/07/22,21.65,21.65,21.08,21.36,5056614,51337852.00
2022/07/25,21.38,21.51,21.00,21.06,4122070,41494584.00
2022/07/26,21.06,21.24,20.96,21.16,3075570,30815892.00
2022/07/27,21.20,21.24,21.00,21.04,3609055,36109344.00
2022/07/28,21.08,21.49,21.08,21.45,5469404,55483368.00
2022/07/29,21.45,21.53,20.91,21.02,6938281,69642752.00
2022/08/01,20.93,21.24,20.44,21.24,7704034,76183248.00
2022/08/02,20.98,20.98,20.00,20.51,12334707,119562992.00
2022/08/03,20.44,20.83,19.89,19.93,9935455,95657600.00
2022/08/04,20.10,20.30,19.97,20.28,7341668,69938568.00
2022/08/05,20.28,20.77,20.20,20.73,7459414,72569472.00
2022/08/08,20.71,21.02,20.53,20.98,6937786,68686976.00
2022/08/09,20.98,21.53,20.85,21.06,8139064,81804392.00
2022/08/10,21.10,21.75,20.98,21.16,13693266,138751760.00
2022/08/11,21.30,22.02,21.22,21.87,14022057,144929408.00
2022/08/12,22.00,22.10,21.73,22.04,8341564,87267192.00
2022/08/15,21.98,22.26,21.75,21.85,6264450,65387824.00
2022/08/16,21.83,21.91,21.53,21.71,5560058,57339596.00
2022/08/17,21.59,21.69,21.42,21.55,5566101,57020040.00
2022/08/18,21.55,21.57,21.12,21.24,9259126,93620400.00
2022/08/19,21.26,21.38,21.06,21.10,6216628,62530036.00
2022/08/22,21.08,21.93,20.81,21.77,11565777,118601048.00
2022/08/23,21.61,21.93,21.49,21.77,8741527,90349648.00
2022/08/24,21.77,21.77,20.81,20.85,14645189,146780304.00
2022/08/25,20.89,21.65,20.87,21.51,14385326,145822928.00
2022/08/26,21.55,21.65,20.98,21.04,8749682,88204560.00
2022/08/29,20.87,21.38,20.73,21.32,7498693,75272448.00
2022/08/30,21.30,21.57,20.95,21.14,8297009,83160056.00
2022/08/31,21.16,21.30,20.89,20.95,8640201,86306032.00
2022/09/01,21.06,21.14,20.85,20.89,5899808,58682196.00
2022/09/02,20.87,21.02,20.81,20.89,4356217,43210220.00
2022/09/05,20.89,21.10,20.81,21.10,6160857,61263832.00
2022/09/06,21.14,21.75,21.10,21.57,10672192,109242856.00
2022/09/07,21.45,22.02,21.40,21.83,10368002,107613528.00
2022/09/08,22.02,22.36,21.81,21.94,11029927,116044608.00
2022/09/09,21.96,22.36,21.83,21.94,7111618,74577808.00
2022/09/13,21.96,22.14,21.89,21.94,5436932,56944664.00
2022/09/14,21.61,22.12,21.53,21.77,6398190,66508760.00
2022/09/15,21.89,22.06,20.96,21.30,12527306,127391336.00
2022/09/16,21.34,21.38,20.57,20.63,12609379,125328752.00
2022/09/19,20.61,20.81,20.16,20.49,9224441,89129000.00
2022/09/20,20.53,20.98,20.46,20.87,6695860,65887072.00
2022/09/21,20.69,21.14,20.51,21.06,6379549,63321088.00
2022/09/22,20.93,21.18,20.75,20.77,4194906,41686232.00
2022/09/23,20.87,20.98,20.49,20.69,6962757,68470208.00
2022/09/26,20.57,20.57,19.91,19.98,8062182,76969824.00
2022/09/27,20.00,20.18,19.42,20.00,7381625,69109240.00
2022/09/28,19.97,19.98,19.42,19.49,6632394,61527576.00
2022/09/29,19.61,19.85,19.14,19.30,6717047,61774872.00
2022/09/30,19.34,19.48,19.10,19.10,4490386,40759096.00
2022/10/10,19.22,19.24,18.55,18.59,7378737,65449196.00
2022/10/11,18.63,18.87,18.38,18.75,4996523,43816468.00
2022/10/12,18.81,19.14,18.51,19.06,5222742,46197652.00
2022/10/13,18.97,19.61,18.87,19.49,8003023,72955928.00
2022/10/14,19.49,19.75,19.42,19.49,5903604,54539692.00
2022/10/17,19.55,19.61,19.30,19.59,4725924,43451128.00
2022/10/18,19.59,19.69,19.32,19.46,5593924,51424188.00
2022/10/19,19.38,19.48,19.12,19.20,4064903,36947164.00
2022/10/20,19.14,19.28,18.87,19.04,5076080,45580752.00
2022/10/21,19.04,19.12,18.79,18.89,4615612,41182044.00
2022/10/24,18.89,19.18,18.53,18.73,5693504,50408296.00
2022/10/25,18.65,18.67,18.12,18.28,7168634,61647156.00
2022/10/26,18.26,18.63,18.18,18.40,6317965,54786600.00
2022/10/27,18.50,18.71,18.42,18.55,5507594,48098592.00
2022/10/28,18.24,18.26,17.63,17.77,11154667,93770136.00
2022/10/31,17.50,17.85,17.28,17.34,7821359,63798280.00
2022/11/01,17.34,17.83,17.34,17.77,8061812,66508652.00
2022/11/02,17.97,18.24,17.81,18.12,6585952,55876812.00
2022/11/03,18.02,18.08,17.87,17.97,4994199,42045716.00
2022/11/04,17.97,19.61,17.89,19.61,17864921,159996864.00
2022/11/07,19.77,20.61,19.69,20.24,27035615,258605312.00
2022/11/08,20.24,20.28,19.83,20.00,11765694,111318024.00
2022/11/09,20.00,20.30,19.91,20.20,9353961,89234016.00
2022/11/10,19.97,20.14,19.85,20.06,7594954,71863824.00
2022/11/11,20.44,20.96,20.08,20.87,17642439,172129536.00
2022/11/14,20.75,21.65,20.75,21.00,18098835,182601328.00
2022/11/15,21.02,21.96,20.89,21.75,15054141,153869936.00
2022/11/16,21.77,21.77,21.14,21.24,8216566,83353096.00
2022/11/17,21.08,21.26,20.89,20.98,7194723,71679200.00
2022/11/18,21.10,21.16,20.67,20.73,9805517,96838192.00
2022/11/21,20.69,20.69,20.22,20.57,9816239,95000696.00
2022/11/22,20.63,20.65,20.08,20.22,5853651,56275988.00
2022/11/23,20.28,20.55,20.14,20.20,5074700,48736040.00
2022/11/24,20.18,20.32,19.97,20.22,5376008,51267576.00
2022/11/25,20.36,20.42,19.98,20.16,4726212,45167064.00
2022/11/28,19.89,20.42,19.61,20.38,8144829,77308328.00
2022/11/29,20.51,20.89,20.28,20.77,11382832,111422256.00
2022/11/30,20.77,21.49,20.67,20.83,9509875,95106464.00
2022/12/01,21.12,22.16,21.12,21.96,18343570,189314096.00
2022/12/02,22.18,23.10,21.96,22.79,23889715,258714640.00
2022/12/05,22.98,23.28,22.79,23.04,13525850,148709040.00
2022/12/06,23.12,23.18,22.40,22.59,12373774,133506880.00
2022/12/07,22.55,22.67,21.96,22.43,10151293,107990008.00
2022/12/08,22.69,22.71,22.22,22.30,5313860,56652544.00
2022/12/09,22.49,22.51,22.06,22.36,5632240,59819684.00
2022/12/12,22.43,22.71,22.10,22.36,7521173,80571168.00
2022/12/13,22.38,22.57,22.18,22.38,4067835,43390440.00
2022/12/14,22.22,23.16,22.22,22.91,9277582,101170096.00
2022/12/15,22.87,23.08,22.57,22.94,7214389,78874320.00
2022/12/16,22.79,24.65,22.79,23.85,19568838,225874672.00
2022/12/19,23.83,23.85,22.89,23.08,11195514,124311872.00
2022/12/20,22.75,23.18,22.36,22.57,6097771,66085472.00
2022/12/21,22.69,22.87,22.42,22.57,4666439,50377280.00
2022/12/22,22.57,23.08,22.38,22.71,7230026,78559392.00
2022/12/23,22.81,22.81,21.85,21.93,6511861,68735000.00
2022/12/26,22.20,22.30,21.59,21.73,7205502,74969152.00
2022/12/27,21.77,22.49,21.77,21.98,6086435,64140112.00
2022/12/28,22.10,22.69,21.89,22.57,12427620,132465928.00
2022/12/29,22.40,23.45,22.40,23.16,9768366,107777952.00
2022/12/30,23.16,23.16,22.45,22.79,7497323,81472120.00
2023/01/03,22.81,22.91,21.65,21.96,14817774,155108304.00
2023/01/04,21.75,22.53,21.75,22.00,11469586,121216320.00
2023/01/05,22.04,22.71,21.75,22.47,9621080,102332656.00
2023/01/06,22.51,23.71,22.28,23.04,12616859,139336128.00
2023/01/09,23.20,24.20,22.92,23.67,13140141,148559392.00
2023/01/10,23.79,23.85,22.91,23.26,8352536,92714536.00
2023/01/11,23.41,23.71,23.06,23.12,6857905,76718720.00
2023/01/12,23.12,23.71,22.98,23.08,6982861,77584544.00
2023/01/13,23.38,23.51,22.91,23.43,7673542,85499936.00
2023/01/16,23.26,24.12,23.08,23.79,11472838,130500232.00
2023/01/17,23.65,24.39,23.59,24.39,14198993,164520304.00
2023/01/18,24.87,25.73,24.36,24.38,25587686,306427552.00
2023/01/19,24.94,24.94,24.06,24.20,8665714,101063480.00
2023/01/20,24.34,25.06,24.20,24.88,10585635,125677112.00
2023/01/30,25.28,25.67,24.55,24.79,13148291,159147488.00
2023/01/31,24.00,26.12,23.81,25.90,24757772,303795840.00
2023/02/01,26.00,26.73,25.77,26.47,18914271,241072784.00
2023/02/02,26.47,27.14,26.37,26.63,13458805,173583184.00
2023/02/03,26.63,26.65,25.77,26.18,13202737,165997136.00
2023/02/06,26.12,26.12,24.73,25.32,13597856,164764784.00
2023/02/07,25.47,25.57,25.04,25.47,7852214,95583624.00
2023/02/08,25.10,25.18,24.32,24.49,12265849,145010688.00
2023/02/09,24.39,24.79,24.06,24.53,8771926,103172776.00
2023/02/10,24.49,25.32,24.41,25.22,11431375,136762864.00
2023/02/13,25.10,26.39,25.06,26.24,13871951,173239360.00
2023/02/14,26.24,26.98,26.18,26.67,9853351,126511712.00
2023/02/15,26.83,26.92,26.00,26.08,8481191,107930520.00
2023/02/16,26.69,27.30,25.43,25.63,12165540,154925184.00
2023/02/17,25.65,26.61,25.65,26.35,8492777,107400920.00
2023/02/20,26.28,27.73,26.28,27.55,15123280,199606032.00
2023/02/21,27.49,27.59,27.10,27.30,11398855,150250688.00
2023/02/22,27.30,27.67,26.94,27.28,7717052,101779360.00
2023/02/23,27.35,27.41,26.63,26.81,8229567,106899248.00
2023/02/24,26.88,26.98,26.51,26.86,6493399,83906192.00
2023/02/27,26.63,27.02,26.28,26.37,7051089,90112520.00
2023/02/28,26.59,26.88,26.24,26.83,10361504,132938456.00
2023/03/01,26.77,27.43,26.59,27.10,7369334,96523728.00
2023/03/02,27.10,27.18,26.22,26.35,9483885,121269288.00
2023/03/03,26.35,26.51,25.83,25.98,6453665,81085792.00
2023/03/06,25.96,26.06,23.53,24.38,38915081,449664960.00
2023/03/07,24.34,24.92,24.16,24.26,16211284,190866480.00
2023/03/08,24.10,24.22,23.38,23.90,18995037,215544208.00
2023/03/09,23.81,24.12,23.41,23.65,11080719,125771888.00
2023/03/10,23.57,23.67,22.94,23.32,9118540,101438560.00
2023/03/13,23.12,23.71,22.98,23.55,9501010,106145496.00
2023/03/14,23.32,24.06,23.32,23.63,12216726,138633568.00
2023/03/15,23.79,23.92,23.51,23.65,4950582,56091860.00
2023/03/16,23.45,23.65,22.77,22.81,9970609,109730672.00
2023/03/17,23.04,23.47,22.91,23.24,6796507,75576008.00
2023/03/20,23.61,23.67,22.18,22.34,17044941,184407616.00
2023/03/21,22.34,22.94,22.12,22.75,13100473,141038512.00
2023/03/22,22.87,23.18,22.79,23.12,5661091,62377792.00
2023/03/23,23.12,23.12,22.34,22.55,9623835,103653528.00
2023/03/24,22.51,22.81,22.42,22.55,6963781,75128336.00
2023/03/27,22.47,23.34,22.26,23.20,10572003,115649312.00
2023/03/28,25.37,25.37,23.38,23.57,27729850,321084576.00
2023/03/29,23.38,23.57,21.93,22.16,28836871,309280384.00
2023/03/30,22.00,22.24,21.57,22.18,19591392,205024272.00
2023/03/31,22.10,23.08,22.06,22.73,15031066,163031392.00
2023/04/03,22.73,23.32,22.51,23.18,12729154,140116688.00
2023/04/04,23.12,23.36,22.79,22.92,8840837,97052128.00
2023/04/06,22.83,23.41,22.40,23.10,15195402,166673344.00
2023/04/07,23.10,23.26,22.83,22.91,6253000,68739864.00
2023/04/10,22.81,23.81,22.81,23.57,13925441,156717280.00
2023/04/11,23.61,24.06,23.40,23.81,12655838,143377696.00
2023/04/12,23.77,23.90,23.22,23.38,7244457,81384200.00
2023/04/13,23.32,23.43,22.83,23.06,9039528,99555008.00
2023/04/14,23.02,23.98,22.79,23.63,11668964,130993592.00
2023/04/17,23.59,24.30,23.40,24.00,9856248,112692760.00
2023/04/18,24.00,24.43,23.73,23.96,6389148,73989992.00
2023/04/19,23.85,23.94,23.28,23.49,6986040,78683576.00
2023/04/20,23.51,23.53,23.00,23.16,8870991,98216752.00
2023/04/21,23.14,23.22,22.22,22.32,9093811,98073088.00
2023/04/24,22.32,22.61,21.71,21.93,8531102,89290440.00
2023/04/25,21.93,22.32,21.30,21.69,5609532,58134272.00
2023/04/26,21.55,21.96,21.45,21.55,5342455,55156320.00
2023/04/27,21.26,21.75,21.26,21.57,4502443,46207684.00
2023/04/28,21.59,21.87,21.36,21.63,5003041,51236008.00
2023/05/04,21.77,22.63,21.55,22.42,10158625,107981432.00
2023/05/05,22.43,22.53,21.32,21.69,11116235,114533280.00
2023/05/08,21.81,22.40,21.65,21.89,9141089,95913056.00
2023/05/09,21.89,22.18,21.63,21.83,6267580,65379856.00
2023/05/10,21.67,22.12,21.65,22.02,5584111,58321124.00
2023/05/11,22.16,22.40,21.91,22.18,3829006,40435076.00
2023/05/12,22.06,22.57,21.96,22.20,5660551,60039484.00
2023/05/15,22.06,22.12,21.79,22.12,7121600,74554232.00
2023/05/16,22.14,22.14,21.57,21.69,5024385,52035440.00
2023/05/17,21.65,21.73,21.30,21.40,6486146,66122460.00
2023/05/18,21.55,21.55,20.63,20.96,9287001,92466368.00
2023/05/19,21.00,21.16,20.57,21.04,6881036,68144048.00
2023/05/22,21.14,21.75,20.81,21.65,9160399,93213664.00
2023/05/23,21.67,22.22,21.45,21.75,6581961,68513072.00
2023/05/24,21.57,22.14,21.45,21.79,5915200,61660176.00
2023/05/25,21.51,21.93,21.18,21.45,6447833,65837844.00
2023/05/26,21.36,21.71,21.10,21.51,4070663,41427192.00
2023/05/29,21.51,21.96,21.47,21.71,4381821,45386208.00
2023/05/30,21.59,22.10,21.34,22.00,5112427,52934384.00
2023/05/31,21.91,22.18,21.85,22.04,4157666,43564420.00
2023/06/01,21.96,22.79,21.83,22.42,7590587,80827968.00
2023/06/02,22.42,23.32,22.28,23.22,9930804,108936608.00
2023/06/05,23.22,23.34,22.63,23.10,9494048,104435704.00
2023/06/06,23.12,23.41,22.87,22.96,5795137,64133424.00
2023/06/07,22.85,23.38,22.85,23.08,7008015,77591888.00
2023/06/08,23.12,23.92,22.81,23.65,9794741,109810816.00
2023/06/09,23.65,23.77,22.89,22.92,9271973,102732264.00
2023/06/12,23.00,23.38,22.83,23.08,6552511,72424528.00
2023/06/13,23.02,23.67,22.96,23.40,6248513,69901352.00
2023/06/14,23.26,24.71,23.26,23.81,16240698,187301296.00
2023/06/15,23.81,23.92,23.26,23.71,9399297,105891096.00
2023/06/16,23.87,23.87,23.24,23.28,6023542,67540464.00
2023/06/19,23.28,23.32,22.61,22.83,10377486,113166712.00
2023/06/20,22.83,22.87,22.04,22.18,10479047,111352824.00
2023/06/21,22.18,22.45,21.98,22.00,7933711,83818608.00
2023/06/26,21.85,22.83,21.85,22.38,8474530,90676704.00
2023/06/27,22.73,23.85,22.73,23.45,17283004,192326688.00
2023/06/28,23.71,23.71,22.75,23.02,8820400,96992232.00
2023/06/29,23.02,23.28,22.79,23.06,6266042,69008872.00
2023/06/30,22.85,23.41,22.85,23.12,6434468,71440544.00
2023/07/03,23.14,23.45,23.04,23.16,7410276,82340928.00
2023/07/04,23.24,23.63,22.89,23.36,9410856,105076328.00
2023/07/05,23.32,23.69,23.14,23.53,7139808,80294448.00
2023/07/06,23.45,23.61,23.22,23.51,4783065,53653688.00
2023/07/07,23.47,23.61,23.22,23.40,4883443,54689556.00
2023/07/10,23.40,24.49,23.40,24.24,13883308,160498224.00
2023/07/11,24.24,24.47,24.00,24.34,7830477,91159224.00
2023/07/12,24.22,25.49,24.14,24.88,18816765,225775072.00
2023/07/13,25.14,26.16,25.08,25.83,22905309,283952608.00
2023/07/14,25.83,26.30,25.57,25.90,13851592,173060032.00
2023/07/17,26.18,26.30,25.37,25.67,13613565,168484208.00
2023/07/18,25.75,26.14,25.45,25.92,7550801,93850168.00
2023/07/19,25.96,26.18,25.71,26.00,6441981,80351672.00
2023/07/20,25.79,26.34,25.79,25.92,8017230,100787608.00
2023/07/21,25.92,26.81,25.61,26.32,11202375,142879232.00
2023/07/24,26.26,26.63,25.98,26.26,11924870,150622032.00
2023/07/25,26.63,26.94,25.96,26.22,10408879,132580552.00
2023/07/26,25.96,26.94,25.83,26.16,13861713,176240848.00
2023/07/27,26.18,26.45,25.41,25.57,13762010,170731280.00
2023/07/28,25.57,25.88,25.22,25.53,10205079,124959640.00
2023/07/31,25.96,26.18,25.37,25.47,9245907,114189392.00
2023/08/01,25.96,26.06,25.16,25.28,9590970,117038656.00
2023/08/02,25.30,25.30,24.63,24.92,15070691,179901104.00
2023/08/03,24.85,25.28,24.81,24.98,8907635,107169568.00
2023/08/04,25.16,25.77,25.00,25.37,8853649,108186208.00
2023/08/07,25.36,25.45,24.87,25.28,5540207,67034144.00
2023/08/08,25.32,25.96,24.98,25.79,9590598,118526888.00
2023/08/09,25.49,25.77,25.06,25.22,8648388,105126704.00
2023/08/10,25.20,26.35,25.04,26.34,14194852,177324656.00
2023/08/11,26.28,26.45,25.67,25.94,8668689,108471808.00
2023/08/14,25.51,25.77,25.14,25.67,8277181,101337152.00
2023/08/15,25.73,25.81,25.06,25.43,5855295,71639752.00
2023/08/16,25.30,25.67,25.18,25.39,4075696,49904880.00
2023/08/17,25.20,25.49,24.81,25.08,7764030,93221352.00
2023/08/18,24.98,25.32,24.69,24.73,5667300,67967232.00
2023/08/21,24.73,25.28,24.55,24.83,5766837,68984216.00
2023/08/22,24.81,25.86,24.75,25.51,9118125,110755712.00
2023/08/23,25.41,25.86,25.16,25.55,7761640,95261920.00
2023/08/24,25.51,26.08,25.20,25.96,9268317,114781880.00
2023/08/25,26.16,27.10,26.00,26.34,17249342,220707488.00
2023/08/28,27.49,27.57,26.00,26.08,14486570,185315392.00
2023/08/29,26.20,26.34,25.98,26.16,10617660,133902648.00
2023/08/30,26.16,26.37,25.86,26.14,8415424,105779888.00
2023/08/31,25.98,26.83,25.85,26.34,8547200,109202280.00
2023/09/01,26.37,27.12,26.34,27.04,8414064,109065400.00
2023/09/04,27.10,27.65,26.94,27.49,14019606,185662736.00
2023/09/05,27.55,27.65,27.12,27.55,6996953,92940296.00
2023/09/06,27.73,28.04,27.45,27.92,9784135,131806632.00
2023/09/07,27.81,28.49,27.81,28.08,8420355,114877744.00
2023/09/08,28.04,28.31,27.55,28.12,7342499,99274960.00
2023/09/11,28.30,28.41,27.69,27.79,9619436,130424024.00
2023/09/12,28.02,28.02,27.14,27.32,11952602,158455456.00
2023/09/13,27.57,27.59,27.18,27.43,5980509,79000800.00
2023/09/14,27.30,28.26,27.22,28.04,8516600,115196408.00
2023/09/15,27.90,28.31,27.73,27.90,4922559,66665820.00
2023/09/18,27.90,28.24,27.53,28.08,6341696,85932640.00
2023/09/19,27.92,28.28,27.33,28.18,11486629,153882912.00
2023/09/20,28.22,28.22,27.61,27.77,5798807,77988928.00
2023/09/21,27.51,27.92,27.22,27.39,9129574,120785888.00
2023/09/22,27.51,27.69,26.96,27.26,5356688,70361416.00
2023/09/25,27.20,27.75,27.00,27.30,6505196,86160864.00
2023/09/26,27.43,27.81,27.24,27.49,5870756,78108992.00
2023/09/27,27.55,27.71,27.20,27.35,3917900,51881896.00
2023/09/28,27.51,27.88,27.10,27.24,6884240,90966856.00
2023/10/09,26.98,27.28,26.61,26.94,11494955,149056960.00
2023/10/10,27.08,27.08,26.55,26.77,8430064,108956168.00
2023/10/11,26.86,27.04,26.02,26.45,15299510,194557360.00
2023/10/12,26.63,26.92,26.12,26.55,9825672,125645344.00
2023/10/13,26.51,26.53,26.10,26.43,5179391,65589184.00
2023/10/16,26.34,26.77,26.18,26.35,7593284,96490520.00
2023/10/17,26.49,26.67,26.18,26.30,6005575,76344800.00
2023/10/18,26.35,26.45,26.14,26.16,5145209,65008648.00
2023/10/19,26.04,26.32,25.77,25.90,6748465,84466968.00
2023/10/20,25.85,26.16,25.73,25.83,5514884,68899200.00
2023/10/23,25.86,25.86,25.18,25.30,5878841,71986224.00
2023/10/24,25.32,25.69,25.14,25.32,6458772,78696888.00
2023/10/25,25.47,25.77,25.04,25.06,4967572,60333168.00
2023/10/26,24.98,25.61,24.79,25.49,8619758,105060120.00
2023/10/27,25.61,26.67,25.61,26.39,13501768,170596224.00
2023/10/30,26.43,26.51,25.47,25.69,11020508,137768912.00
2023/10/31,25.86,26.24,25.79,26.14,8920903,111924840.00
2023/11/01,26.04,26.55,25.90,26.24,7476545,94810496.00
2023/11/02,26.28,26.34,25.69,26.08,6404963,80287344.00
2023/11/03,26.06,26.26,25.85,25.96,4359122,54715176.00
2023/11/06,26.02,26.06,25.12,25.24,12272666,149422944.00
2023/11/07,25.24,25.55,25.08,25.20,9365196,113862584.00
2023/11/08,25.26,25.81,24.98,25.45,19382320,236826240.00
2023/11/09,25.36,25.36,24.02,24.24,25435467,298924768.00
2023/11/10,24.22,24.43,23.94,24.30,10540885,122286632.00
2023/11/13,24.36,24.94,23.92,24.77,12850946,150576432.00
2023/11/14,24.75,24.98,24.57,24.71,5549500,65915880.00
2023/11/15,24.83,25.04,24.63,24.92,5222464,62381680.00
2023/11/16,24.90,25.26,24.75,25.10,6359921,76513728.00
2023/11/17,24.88,25.22,24.81,25.10,4504844,54183824.00
2023/11/20,25.10,25.28,24.69,24.79,5860006,69850152.00
2023/11/21,24.79,25.36,24.69,25.06,6448565,77976312.00
2023/11/22,24.90,25.32,24.88,24.94,4728749,57013112.00
2023/11/23,24.88,25.20,24.79,25.18,4353772,52276792.00
2023/11/24,25.12,25.20,24.79,24.90,5087064,60890056.00
2023/11/27,24.85,25.59,24.85,25.28,8554315,104005568.00
2023/11/28,25.32,25.34,24.79,25.18,6027325,72605520.00
2023/11/29,25.14,25.57,25.14,25.26,6590675,80398128.00
2023/11/30,25.16,25.26,24.98,25.10,3553469,42858592.00
2023/12/01,25.12,25.34,24.90,24.92,5752388,69485280.00
2023/12/04,24.83,24.92,24.41,24.63,7250166,85580192.00
2023/12/05,24.61,24.75,24.47,24.49,4339034,51195724.00
2023/12/06,24.45,25.12,24.30,24.98,6169990,73479240.00
2023/12/07,24.88,25.37,24.65,25.18,6384492,76572000.00
2023/12/08,25.14,26.16,25.02,25.75,9491854,117197824.00
2023/12/11,25.79,27.51,25.37,27.47,18765757,241456304.00
2023/12/12,27.04,28.26,27.04,28.06,20086622,270784672.00
2023/12/13,27.92,28.31,27.73,27.82,11494537,155715968.00
2023/12/14,27.92,28.16,27.73,28.00,8889910,120125568.00
2023/12/15,28.16,28.26,27.43,27.61,10286458,137296128.00
2023/12/18,27.55,27.79,27.26,27.53,8104010,107424880.00
2023/12/19,27.37,27.49,26.88,27.18,9411442,123311040.00
2023/12/20,27.24,27.61,26.88,27.43,6405696,84659552.00
2023/12/21,27.18,27.51,27.00,27.30,6591851,86756704.00
2023/12/22,27.14,27.53,26.86,27.39,9390514,123434448.00
2023/12/25,27.22,27.88,26.96,27.26,7698554,101103448.00
2023/12/26,27.67,27.84,27.28,27.53,6397827,85112688.00
2023/12/27,27.47,28.26,27.37,28.08,7660248,103182400.00
2023/12/28,28.22,28.98,27.98,28.86,10921544,150781824.00
2023/12/29,28.77,29.47,28.59,29.29,9152038,129608088.00
2024/01/02,29.24,29.77,29.20,29.35,8977239,128312336.00
2024/01/03,29.29,29.96,29.00,29.77,10162568,145843392.00
2024/01/04,29.49,29.82,29.26,29.49,7286371,104145312.00
2024/01/05,29.53,29.69,29.33,29.47,4901292,70106616.00
2024/01/08,29.43,29.57,28.94,29.04,6542943,92566984.00
2024/01/09,28.71,29.33,28.71,29.28,5939446,83742632.00
2024/01/10,29.00,29.22,28.53,28.88,7402380,103463376.00
2024/01/11,27.51,27.51,26.14,26.16,23327428,294316480.00
2024/01/12,26.02,26.92,25.53,26.49,38068203,484340352.00
2024/01/15,26.59,27.92,26.37,27.43,20621038,272560032.00
2024/01/16,27.35,27.82,26.98,27.73,11169553,148542592.00
2024/01/17,27.47,27.81,26.94,27.02,10123690,133333984.00
2024/01/18,27.02,27.20,26.32,27.02,8314548,106870064.00
2024/01/19,27.12,27.39,26.61,26.79,6450628,83717136.00
2024/01/22,26.88,26.88,25.20,25.37,8729511,109418488.00
2024/01/23,25.22,25.67,24.77,25.55,10323911,125428848.00
2024/01/24,25.59,26.22,25.12,25.94,8833043,109563704.00
2024/01/25,26.04,26.67,25.90,26.59,6837862,87128552.00
2024/01/26,26.67,26.67,26.00,26.12,6444700,81332904.00
2024/01/29,26.12,26.26,25.47,25.57,5981226,74120208.00
2024/01/30,25.16,25.77,24.87,24.88,9919250,120684864.00
2024/01/31,24.65,25.47,24.59,24.67,9180907,110252088.00
2024/02/01,24.57,25.37,24.49,24.83,10123220,121632864.00
2024/02/02,24.90,25.22,23.61,24.18,9023939,105643368.00
2024/02/05,24.18,24.55,22.96,23.57,15395220,173972768.00
2024/02/06,23.45,25.73,23.02,25.28,13544019,159821888.00
2024/02/07,25.26,27.67,25.10,27.67,20707817,266806320.00
2024/02/08,27.81,29.49,27.47,28.35,18149431,251688448.00
2024/02/19,28.77,28.90,27.30,27.75,9888435,133413144.00
数据来源:通达信
