688508 芯朋微 日线 后复权
      日期	    开盘	    最高	    最低	    收盘	    成交量	    成交额
2020/07/22,102.00,163.70,101.00,132.35,18610079,2229939712.00
2020/07/23,129.00,151.00,129.00,143.35,10294940,1465043456.00
2020/07/24,137.00,147.58,121.01,127.00,8107492,1079033088.00
2020/07/27,127.00,129.91,115.69,129.80,6998298,858802496.00
2020/07/28,128.00,133.50,120.10,123.99,5498300,699471744.00
2020/07/29,120.88,129.75,117.80,128.10,5279515,661325824.00
2020/07/30,128.00,153.72,121.88,153.72,9231541,1302589952.00
2020/07/31,150.50,156.50,146.00,156.00,6847060,1039501504.00
2020/08/03,156.88,163.50,148.58,155.00,6540933,1016694336.00
2020/08/04,154.33,156.00,139.57,141.57,5390475,790347712.00
2020/08/05,149.60,165.00,142.00,152.68,7576988,1157887872.00
2020/08/06,147.00,151.99,144.00,146.80,4104167,607240256.00
2020/08/07,145.00,151.00,137.77,138.50,4335290,625777472.00
2020/08/10,135.50,137.60,127.05,133.18,3270617,434917536.00
2020/08/11,133.55,138.60,130.90,133.34,2769934,374130048.00
2020/08/12,133.90,139.68,133.00,137.57,2909975,397468384.00
2020/08/13,135.70,142.90,134.50,136.59,2711292,375862816.00
2020/08/14,138.75,138.75,130.01,136.00,1532555,206350240.00
2020/08/17,136.00,138.49,131.50,135.80,1814820,244135696.00
2020/08/18,133.10,136.98,129.01,130.56,2703320,356663936.00
2020/08/19,129.70,129.76,119.96,119.96,2409147,299281504.00
2020/08/20,117.87,122.80,116.66,119.60,1421819,169686368.00
2020/08/21,120.80,121.00,111.12,112.76,2030485,235270880.00
2020/08/24,111.00,112.96,106.08,109.42,1806007,198107792.00
2020/08/25,109.86,111.90,105.00,106.31,1519065,164415680.00
2020/08/26,106.94,108.81,101.00,101.39,1672883,174001904.00
2020/08/27,100.50,121.67,99.80,114.00,3856838,439078688.00
2020/08/28,111.50,112.00,102.62,107.91,3339752,355491040.00
2020/08/31,109.00,118.40,108.00,115.35,3566221,405859392.00
2020/09/01,113.66,117.80,112.70,114.20,1567004,180156800.00
2020/09/02,115.41,116.98,107.28,110.06,1939430,214334336.00
2020/09/03,107.12,114.30,107.09,113.33,1581329,176374544.00
2020/09/04,111.11,118.80,110.11,114.70,2506185,290452544.00
2020/09/07,113.00,116.00,105.01,106.01,2035226,223502256.00
2020/09/08,105.45,107.70,102.00,104.79,1203755,125276408.00
2020/09/09,103.00,113.30,100.09,106.00,1790807,190306128.00
2020/09/10,107.00,111.11,102.30,103.48,1477377,157318400.00
2020/09/11,103.00,109.51,100.01,106.67,1462997,154018544.00
2020/09/14,109.00,111.50,106.45,107.90,1732316,188529968.00
2020/09/15,107.35,113.83,104.11,109.45,1996634,217624368.00
2020/09/16,108.01,110.78,107.59,109.99,1323427,144478992.00
2020/09/17,110.01,118.00,108.60,115.96,2798286,321061376.00
2020/09/18,116.10,117.30,113.80,115.99,1743065,201724896.00
2020/09/21,114.51,116.00,110.50,110.70,1541361,174736672.00
2020/09/22,110.00,111.99,107.85,107.88,1186980,130079568.00
2020/09/23,108.53,112.48,108.53,110.93,1222032,134958656.00
2020/09/24,109.00,110.25,106.20,107.40,855574,92556752.00
2020/09/25,108.78,108.95,104.38,104.99,868238,91829944.00
2020/09/28,104.18,106.00,102.21,103.10,805161,83308352.00
2020/09/29,104.80,106.50,103.50,103.58,773552,81243216.00
2020/09/30,104.75,104.90,101.52,101.71,753869,77651296.00
2020/10/09,104.00,112.57,103.50,110.50,2060927,223879872.00
2020/10/12,111.56,116.60,111.56,115.34,2169757,248547296.00
2020/10/13,113.99,115.50,113.10,113.20,1088304,124046000.00
2020/10/14,113.37,114.62,108.80,109.60,1225356,135171120.00
2020/10/15,108.99,110.62,102.28,103.60,2785230,296022144.00
2020/10/16,104.78,105.47,99.80,101.66,2642589,267642800.00
2020/10/19,102.00,104.40,101.13,103.99,1660839,171048960.00
2020/10/20,102.88,103.52,101.11,103.52,963189,98399608.00
2020/10/21,104.39,104.40,100.00,100.69,1074918,108885656.00
2020/10/22,100.69,101.00,97.26,98.10,1202515,118813776.00
2020/10/23,98.90,99.02,92.30,93.64,1620321,154131520.00
2020/10/26,94.70,101.89,94.68,97.76,1645113,160777552.00
2020/10/27,97.70,99.80,96.25,99.10,818198,80300976.00
2020/10/28,100.30,100.30,97.60,98.80,790702,78190600.00
2020/10/29,97.15,101.80,97.05,101.10,1432320,143340336.00
2020/10/30,101.21,106.68,100.01,101.30,1915934,198232048.00
2020/11/02,103.00,106.68,101.42,106.20,1923411,201708848.00
2020/11/03,106.35,113.40,106.35,111.88,3007657,335325984.00
2020/11/04,110.48,112.00,109.00,111.00,1409175,155805056.00
2020/11/05,114.00,115.00,109.30,111.80,1709667,191632416.00
2020/11/06,111.59,112.00,108.02,109.90,1279938,140772944.00
2020/11/09,116.00,131.88,115.00,131.88,4996583,639821440.00
2020/11/10,134.40,134.40,127.00,132.97,4396177,578242304.00
2020/11/11,128.72,131.79,123.80,124.60,2404001,305642720.00
2020/11/12,126.80,128.00,118.19,119.95,2534309,310059904.00
2020/11/13,120.30,123.65,116.00,120.29,3058234,367517952.00
2020/11/16,119.52,124.30,116.30,119.98,2469864,294874912.00
2020/11/17,120.00,120.00,113.59,119.76,2201001,256318272.00
2020/11/18,117.36,119.50,114.30,115.11,1812102,210961792.00
2020/11/19,114.24,118.40,113.10,115.80,1320750,153758048.00
2020/11/20,115.00,116.91,114.23,114.55,1146356,132120176.00
2020/11/23,115.00,119.70,113.51,117.06,1579378,184413168.00
2020/11/24,117.30,121.88,115.19,115.50,1956087,232058368.00
2020/11/25,117.00,120.99,116.07,118.18,1889629,224800848.00
2020/11/26,118.00,119.69,111.51,112.10,2168662,249666240.00
2020/11/27,111.16,113.99,102.99,107.00,3123862,336938880.00
2020/11/30,111.00,113.65,107.00,110.39,2617040,291037632.00
2020/12/01,111.59,113.41,110.16,112.28,1325270,147947344.00
2020/12/02,112.26,115.60,111.50,112.03,1589551,180115584.00
2020/12/03,111.53,113.68,105.88,106.00,2389297,258718368.00
2020/12/04,105.55,107.00,103.30,103.85,1742359,181889312.00
2020/12/07,105.36,108.00,103.88,104.24,1126232,119140160.00
2020/12/08,103.50,105.85,103.50,104.80,796415,83488712.00
2020/12/09,105.17,105.99,101.75,105.19,1385992,144397248.00
2020/12/10,104.10,106.98,101.98,104.60,1403778,146479072.00
2020/12/11,104.60,108.88,102.28,105.00,2465584,260700528.00
2020/12/14,106.20,109.99,104.68,109.77,2224971,240062768.00
2020/12/15,109.10,109.96,103.00,104.00,2583801,272856800.00
2020/12/16,102.51,102.57,98.10,98.25,2095478,210214288.00
2020/12/17,97.73,100.50,96.38,99.89,1137683,112490800.00
2020/12/18,101.43,102.25,95.69,96.30,1497843,146795504.00
2020/12/21,95.18,101.00,95.18,100.95,1605006,159896240.00
2020/12/22,100.30,100.95,97.35,97.39,1121430,110645944.00
2020/12/23,96.98,100.73,95.44,99.17,1455103,142025984.00
2020/12/24,99.29,100.80,92.60,93.00,1629515,156542752.00
2020/12/25,93.01,95.43,90.52,92.98,1391432,129152064.00
2020/12/28,92.98,93.50,89.09,90.00,1204162,108982480.00
2020/12/29,92.00,92.89,90.11,90.50,962803,88261392.00
2020/12/30,89.41,92.74,89.00,91.65,1255637,114142488.00
2020/12/31,91.89,96.30,91.66,94.50,1170040,110345280.00
2021/01/04,94.30,94.40,91.80,92.86,2169993,201235920.00
2021/01/05,93.79,95.88,90.01,94.07,2777369,257387424.00
2021/01/06,93.50,95.00,90.55,91.40,1710344,157614800.00
2021/01/07,90.55,91.25,81.38,83.13,3320382,284222688.00
2021/01/08,83.09,85.00,80.10,82.09,1323411,109919008.00
2021/01/11,82.30,85.27,80.10,80.51,1502697,124242312.00
2021/01/12,80.99,81.70,78.22,80.08,1296863,103283408.00
2021/01/13,79.90,80.03,75.15,75.82,2066815,158447664.00
2021/01/14,76.51,85.20,75.58,82.47,3321921,269777568.00
2021/01/15,82.47,86.60,81.01,83.00,2392066,201253904.00
2021/01/18,83.15,86.80,81.50,86.10,2201442,187334192.00
2021/01/19,86.50,89.30,85.21,86.07,1884519,164232896.00
2021/01/20,85.64,87.49,84.50,84.98,997555,85033744.00
2021/01/21,84.50,86.31,83.51,84.74,1235230,104937968.00
2021/01/22,84.74,84.74,81.48,81.80,1696852,139845968.00
2021/01/25,80.09,83.78,78.32,80.19,1543388,124528456.00
2021/01/26,80.68,84.20,80.20,80.78,1268879,104057880.00
2021/01/27,83.31,85.45,81.08,81.50,1829351,151933456.00
2021/01/28,79.80,86.39,79.74,84.53,2671923,225341664.00
2021/01/29,85.50,85.85,82.01,85.85,1759253,147215168.00
2021/02/01,85.20,87.67,83.11,87.19,1884827,160934848.00
2021/02/02,87.19,89.30,85.20,86.47,1602652,139761040.00
2021/02/03,85.95,85.95,81.02,81.14,1673555,138444656.00
2021/02/04,81.95,88.00,78.35,87.19,2070974,172252512.00
2021/02/05,86.01,86.40,82.19,82.80,1547928,130590992.00
2021/02/08,82.39,84.97,82.02,84.00,907756,76081576.00
2021/02/09,84.34,84.60,80.80,81.82,1669161,136913824.00
2021/02/10,82.01,83.34,81.00,81.40,1112934,91252232.00
2021/02/18,82.58,86.36,82.15,83.88,1631553,138447552.00
2021/02/19,82.60,87.26,82.60,86.99,1898818,162300672.00
2021/02/22,87.13,88.79,86.01,86.17,1936444,168813968.00
2021/02/23,85.20,87.39,84.89,85.22,1182882,101380936.00
2021/02/24,85.21,88.40,85.20,86.60,1387393,120553008.00
2021/02/25,86.62,87.99,81.80,82.12,1957254,164121312.00
2021/02/26,79.72,82.58,79.10,80.17,1229337,99273928.00
2021/03/01,81.60,83.28,80.02,82.90,1161180,95235424.00
2021/03/02,84.28,87.70,82.60,85.46,2346423,201469664.00
2021/03/03,85.40,89.36,84.53,88.51,2249182,196731920.00
2021/03/04,88.30,93.20,86.31,87.11,2518772,226130224.00
2021/03/05,86.00,89.88,85.40,87.48,1302765,114270696.00
2021/03/08,87.84,91.70,87.83,89.01,2102981,188614080.00
2021/03/09,88.99,89.00,82.00,83.82,1659321,140746384.00
2021/03/10,85.00,85.50,80.71,80.71,1088128,89637912.00
2021/03/11,80.60,83.98,80.60,81.39,1228181,100619552.00
2021/03/12,82.00,82.29,79.00,79.80,1089798,87460272.00
2021/03/15,78.00,78.54,73.30,73.55,1583070,119563208.00
2021/03/16,73.60,74.59,70.80,71.70,1024911,73990408.00
2021/03/17,71.70,73.25,71.00,72.09,750669,54180040.00
2021/03/18,72.10,72.97,70.88,71.33,834050,59888544.00
2021/03/19,69.79,71.97,69.11,71.49,570931,40578288.00
2021/03/22,71.89,72.64,71.44,72.50,511206,36872536.00
2021/03/23,72.59,73.95,71.60,72.00,603789,43944808.00
2021/03/24,71.80,72.50,67.90,68.01,1130583,78800920.00
2021/03/25,66.71,69.60,66.71,68.17,535952,36897908.00
2021/03/26,68.90,69.79,68.05,69.33,442589,30538130.00
2021/03/29,69.42,71.00,69.42,69.59,499721,35024968.00
2021/03/30,69.59,70.20,68.87,69.10,463259,32119660.00
2021/03/31,69.20,69.70,68.64,69.30,400612,27685284.00
2021/04/01,70.40,72.39,70.00,71.56,898872,64164160.00
2021/04/02,71.99,76.14,71.99,76.14,1762439,131426272.00
2021/04/06,77.60,78.00,74.56,75.30,1036512,78418456.00
2021/04/07,74.80,77.50,73.73,76.80,1200604,90318952.00
2021/04/08,75.29,76.18,73.95,74.09,1220083,91525752.00
2021/04/09,74.11,75.30,73.41,74.00,819973,60929696.00
2021/04/12,75.00,76.00,72.20,72.26,1019856,75741216.00
2021/04/13,72.25,73.00,70.59,70.95,720980,51766992.00
2021/04/14,71.55,73.37,70.70,72.15,511888,36955500.00
2021/04/15,72.00,72.54,70.30,72.10,640387,45681252.00
2021/04/16,71.68,72.87,71.02,72.66,539671,38943600.00
2021/04/19,72.04,74.93,72.00,74.91,796776,58808748.00
2021/04/20,74.39,75.48,72.86,72.94,738613,54606084.00
2021/04/21,71.50,73.24,71.30,72.82,354565,25740218.00
2021/04/22,72.82,79.27,72.82,78.70,2760639,213124384.00
2021/04/23,78.66,86.00,78.03,81.23,1952473,159883936.00
2021/04/26,81.80,84.84,81.32,82.85,1384596,114728640.00
2021/04/27,82.31,84.50,80.80,84.28,1000159,83270024.00
2021/04/28,84.02,85.50,78.60,82.50,1674185,136149952.00
2021/04/29,82.15,85.00,79.67,79.67,1087384,88590880.00
2021/04/30,80.45,80.88,76.62,77.66,1123071,87622376.00
2021/05/06,77.00,78.28,73.07,73.57,1239416,92777200.00
2021/05/07,73.50,74.50,71.27,71.39,1010586,73441040.00
2021/05/10,71.35,71.38,69.28,69.85,827611,57970112.00
2021/05/11,69.82,70.97,69.10,70.69,634487,44644376.00
2021/05/12,70.77,72.35,69.61,72.16,773357,54928112.00
2021/05/13,71.00,74.10,70.63,71.77,827022,59959156.00
2021/05/14,72.79,72.99,70.83,72.30,584694,42025640.00
2021/05/17,72.49,73.77,71.80,71.91,706760,51300416.00
2021/05/18,71.09,72.88,70.55,70.95,675119,47905560.00
2021/05/19,71.00,73.93,70.72,72.94,1177097,85654648.00
2021/05/20,72.03,73.89,70.66,71.80,726231,52068868.00
2021/05/21,71.91,72.85,70.80,70.98,605862,43446684.00
2021/05/24,70.65,72.31,68.90,71.91,876415,61837400.00
2021/05/25,72.00,73.58,71.51,73.10,753914,54713860.00
2021/05/26,73.00,73.80,72.05,72.44,794359,57971556.00
2021/05/27,72.60,79.64,72.42,79.51,2712074,209565936.00
2021/05/28,79.20,79.38,76.66,76.90,1375213,106794720.00
2021/05/31,78.30,82.48,78.05,81.58,1973436,158136592.00
2021/06/01,81.28,89.52,80.20,84.65,3382818,289225440.00
2021/06/02,84.61,88.80,84.15,85.30,2808697,242728752.00
2021/06/03,83.30,86.18,82.90,83.70,1376927,115708064.00
2021/06/04,82.12,86.70,82.12,85.20,1310865,111213208.00
2021/06/07,86.01,90.18,86.01,87.13,1708416,149778976.00
2021/06/08,87.30,91.30,84.10,85.90,2607996,228239808.00
2021/06/09,85.32,88.80,83.30,84.40,1744305,148483344.00
2021/06/10,83.77,87.40,83.11,86.50,1676234,142957856.00
2021/06/11,86.30,86.90,81.60,82.00,1753205,145991472.00
2021/06/15,82.00,93.28,81.38,90.76,3307057,293427520.00
2021/06/16,90.94,94.76,87.12,89.06,3525734,318010624.00
2021/06/17,88.80,99.82,87.30,98.70,4900856,462046848.00
2021/06/18,96.96,102.30,95.18,100.27,3432512,339965440.00
2021/06/21,101.29,106.19,97.38,100.06,2942539,297588288.00
2021/06/22,100.78,100.80,93.81,95.03,2896473,276964608.00
2021/06/23,94.29,98.48,93.80,96.09,2535446,243941968.00
2021/06/24,96.89,98.25,91.80,91.80,1981333,186096592.00
2021/06/25,91.69,95.10,90.59,93.18,1998572,184593888.00
2021/06/28,94.86,100.29,94.86,96.00,2785436,270985920.00
2021/06/29,95.55,96.96,92.05,92.50,2010526,187969648.00
2021/06/30,97.72,110.94,97.72,110.94,3976513,423541216.00
2021/07/01,111.30,111.30,99.00,99.30,5170491,535041216.00
2021/07/02,99.25,103.80,97.30,101.00,3261210,327150016.00
2021/07/05,102.46,103.80,96.50,102.80,3299741,328426560.00
2021/07/06,100.40,102.75,94.19,97.40,2915284,285427168.00
2021/07/07,93.74,98.17,93.30,97.59,1717061,164471920.00
2021/07/08,96.40,103.76,96.40,100.26,2902646,291657504.00
2021/07/09,99.50,101.40,96.41,100.20,1896232,187931040.00
2021/07/12,100.30,104.59,98.32,104.29,2408568,246068176.00
2021/07/13,101.60,102.15,95.38,95.76,2397531,235311392.00
2021/07/14,95.76,97.28,88.90,89.24,3080670,281524128.00
2021/07/15,88.96,92.81,88.26,91.90,2177053,197001968.00
2021/07/16,91.97,102.80,91.96,99.27,3576906,352424096.00
2021/07/19,96.30,106.16,95.95,104.61,3016477,309097888.00
2021/07/20,104.61,108.62,100.66,107.24,2529878,266607488.00
2021/07/21,108.39,119.30,104.30,115.81,3132666,356064512.00
2021/07/22,108.30,116.17,104.20,114.18,8503085,936278784.00
2021/07/23,114.30,122.02,111.32,115.85,4512843,529420256.00
2021/07/26,120.30,138.96,120.30,138.96,8693134,1177548160.00
2021/07/27,139.30,148.65,132.03,135.27,8298350,1148663552.00
2021/07/28,133.80,137.29,127.95,130.43,4230246,559163072.00
2021/07/29,134.80,143.30,132.18,137.30,4978116,685540608.00
2021/07/30,136.38,147.30,134.30,140.30,4125323,576029184.00
2021/08/02,135.30,139.78,129.30,133.30,3781230,503030016.00
2021/08/03,133.14,136.30,122.30,125.30,3584621,460557440.00
2021/08/04,127.38,137.29,126.78,134.60,3421051,457997344.00
2021/08/05,132.32,156.09,132.32,148.40,4174925,616487488.00
2021/08/06,149.50,158.58,144.66,155.08,4135846,624700160.00
2021/08/09,138.80,147.48,133.30,145.80,6013745,840708928.00
2021/08/10,146.00,159.77,144.74,151.18,3947871,596086976.00
2021/08/11,147.18,152.30,141.58,148.08,2010792,295607328.00
2021/08/12,145.32,155.20,143.70,148.24,2251741,335961824.00
2021/08/13,145.34,146.68,137.91,143.30,2722302,385180864.00
2021/08/16,139.35,148.63,139.35,142.86,1694220,243616128.00
2021/08/17,142.41,145.90,129.11,131.30,3113899,419056832.00
2021/08/18,131.30,137.29,129.71,133.80,2126573,283696192.00
2021/08/19,134.98,141.27,132.31,137.89,2429426,331115424.00
2021/08/20,136.30,152.31,135.53,150.18,4199106,616809920.00
2021/08/23,153.60,164.20,151.67,163.29,3821499,608643072.00
2021/08/24,161.80,167.16,159.30,164.40,2725954,443127008.00
2021/08/25,162.07,165.99,155.33,159.80,1528829,243088640.00
2021/08/26,164.07,165.30,151.83,153.82,1527927,237795424.00
2021/08/27,158.48,158.48,149.41,151.95,1424756,216341008.00
2021/08/30,152.50,156.28,141.33,144.68,2457985,361416576.00
2021/08/31,144.68,147.21,141.33,145.67,1508288,217445104.00
2021/09/01,142.78,142.78,134.49,137.57,1570848,215711360.00
2021/09/02,136.81,142.20,130.71,132.42,1943318,262617968.00
2021/09/03,135.39,135.39,126.43,127.98,1476986,190953760.00
2021/09/06,127.61,131.39,123.82,130.08,1647010,210486976.00
2021/09/07,130.08,135.10,125.73,128.81,1694211,218055296.00
2021/09/08,128.81,129.11,122.94,123.40,1306750,163028608.00
2021/09/09,122.49,124.80,117.57,121.28,1994783,239085184.00
2021/09/10,119.80,137.28,116.94,129.33,2838450,362252512.00
2021/09/13,127.37,134.17,126.18,127.48,1758618,227030640.00
2021/09/14,126.40,132.09,123.10,124.80,1452317,184053680.00
2021/09/15,123.16,128.48,118.82,124.57,876594,108380008.00
2021/09/16,124.57,124.57,116.86,116.87,1198661,143277312.00
2021/09/17,118.01,122.19,113.50,118.48,1609848,189132960.00
2021/09/22,116.30,129.73,116.10,125.32,1680725,209818384.00
2021/09/23,126.73,132.79,122.50,126.90,1434988,184415552.00
2021/09/24,126.30,128.10,123.35,123.63,674034,84435560.00
2021/09/27,124.30,129.30,119.67,121.85,942114,116185680.00
2021/09/28,121.31,127.25,119.90,124.81,756292,93892088.00
2021/09/29,124.30,126.87,120.04,120.90,1019501,125509208.00
2021/09/30,122.68,130.30,120.31,128.10,1192758,150048144.00
2021/10/08,129.72,131.29,123.30,123.78,1019992,128432808.00
2021/10/11,123.70,126.09,119.79,121.34,780862,95697112.00
2021/10/12,120.30,123.07,111.63,113.86,1240503,142541696.00
2021/10/13,113.30,119.58,113.30,118.00,858151,100634792.00
2021/10/14,117.90,123.03,117.90,118.95,630334,75882512.00
2021/10/15,118.95,128.10,115.66,125.97,1363365,168275088.00
2021/10/18,125.00,125.01,120.13,121.96,833407,101224656.00
2021/10/19,122.05,123.94,118.50,120.35,742612,88983016.00
2021/10/20,122.16,122.16,117.63,119.24,614829,73169528.00
2021/10/21,118.40,120.54,116.63,118.50,512736,60451464.00
2021/10/22,119.90,123.38,117.30,119.24,811337,97628752.00
2021/10/25,117.88,122.62,117.88,121.90,953013,114609752.00
2021/10/26,121.30,123.30,115.50,117.07,1320169,155715984.00
2021/10/27,117.07,118.78,110.78,110.88,1734835,195812848.00
2021/10/28,118.30,119.96,112.25,112.50,3412799,396185248.00
2021/10/29,114.12,128.80,113.30,122.10,3664376,448587104.00
2021/11/01,122.52,132.28,122.52,130.50,2638509,338944768.00
2021/11/02,132.30,135.17,128.98,131.19,1918157,252665728.00
2021/11/03,131.33,136.93,130.96,133.05,1567322,208676432.00
2021/11/04,131.96,137.81,131.96,133.95,1165482,157140400.00
2021/11/05,135.57,140.80,132.31,133.78,1179203,158871920.00
2021/11/08,131.41,134.54,127.80,133.70,1285989,168444800.00
2021/11/09,131.80,138.24,131.40,137.29,1220221,165061280.00
2021/11/10,136.96,140.80,135.81,139.03,1307645,180499200.00
2021/11/11,138.30,148.30,137.47,146.28,1781105,255704000.00
2021/11/12,143.33,147.70,141.60,142.50,1182471,170037792.00
2021/11/15,143.45,146.40,139.33,140.67,1145227,163299040.00
2021/11/16,139.40,144.88,138.41,140.30,1041250,147345248.00
2021/11/17,140.80,140.80,134.30,140.26,1632466,224239472.00
2021/11/18,139.30,144.79,135.62,138.61,867869,120688192.00
2021/11/19,139.06,146.52,139.06,144.78,1694152,244905056.00
2021/11/22,147.30,147.85,142.82,146.45,1699551,247641600.00
2021/11/23,145.60,152.30,144.60,147.36,1591694,235083264.00
2021/11/24,146.33,149.19,143.20,143.30,1514321,220146800.00
2021/11/25,143.08,145.98,140.33,142.80,1450305,208021360.00
2021/11/26,141.30,144.18,139.10,140.30,1374236,192663200.00
2021/11/29,137.91,141.85,136.80,139.43,1352190,188654224.00
2021/11/30,140.70,143.28,133.30,135.53,1995941,273289088.00
2021/12/01,135.30,139.18,134.54,136.25,1438450,196005632.00
2021/12/02,134.60,139.28,134.57,136.90,1121375,154315568.00
2021/12/03,138.31,139.89,136.33,137.02,823596,113222936.00
2021/12/06,137.86,138.05,131.80,132.75,1273342,170157424.00
2021/12/07,133.15,134.88,127.21,128.95,1155728,149209792.00
2021/12/08,127.80,132.75,127.80,132.08,968735,126486640.00
2021/12/09,130.99,132.20,129.10,129.70,765562,99514752.00
2021/12/10,130.13,130.98,127.26,130.24,1054858,136132144.00
2021/12/13,130.37,131.29,128.30,130.30,1096123,142180448.00
2021/12/14,130.10,132.08,126.68,131.21,1312316,170025584.00
2021/12/15,130.53,132.65,126.19,126.20,1165357,148827792.00
2021/12/16,126.27,129.30,125.55,125.79,624977,79121328.00
2021/12/17,126.88,126.88,119.31,120.50,1476863,178875136.00
2021/12/20,119.51,121.84,116.13,117.03,851415,100267648.00
2021/12/21,116.69,117.69,112.96,115.40,1302926,149322256.00
2021/12/22,116.49,120.72,115.90,118.80,1246367,147806032.00
2021/12/23,118.33,118.75,115.86,117.20,821677,95888752.00
2021/12/24,116.90,117.91,114.46,114.87,845666,97644120.00
2021/12/27,115.33,117.89,113.40,116.17,1049311,121336272.00
2021/12/28,116.06,119.04,115.71,117.07,875795,102188688.00
2021/12/29,119.30,119.69,113.08,113.90,1089504,124717424.00
2021/12/30,113.90,116.23,113.31,114.11,701163,80439736.00
2021/12/31,114.11,118.30,113.84,116.16,1261754,146218816.00
2022/01/04,116.36,121.29,114.79,117.18,1377111,161197408.00
2022/01/05,117.65,117.65,110.30,112.41,1885534,212211808.00
2022/01/06,111.91,116.87,111.32,115.38,982085,111867928.00
2022/01/07,114.51,116.29,109.30,109.92,1605945,179161264.00
2022/01/10,109.31,110.94,105.31,108.97,1407217,151629136.00
2022/01/11,109.30,109.30,100.62,102.10,3561149,365012896.00
2022/01/12,102.20,103.61,99.18,99.80,3933151,393693728.00
2022/01/13,100.08,100.26,96.68,96.96,1293202,126349176.00
2022/01/14,96.78,100.18,95.64,99.30,2282549,223797296.00
2022/01/17,99.10,103.88,98.06,102.94,1774281,181542624.00
2022/01/18,103.65,104.45,101.39,101.76,1068949,109630600.00
2022/01/19,101.32,103.72,100.39,100.96,764604,77495528.00
2022/01/20,100.33,102.35,98.50,98.61,866080,86049584.00
2022/01/21,98.33,99.68,96.13,96.71,1022676,98974984.00
2022/01/24,98.30,99.93,96.74,98.67,1073312,105457960.00
2022/01/25,98.67,99.53,94.63,94.90,951160,91692088.00
2022/01/26,94.55,96.74,94.30,95.51,830326,79026704.00
2022/01/27,96.72,96.72,92.10,92.10,679905,63745584.00
2022/01/28,92.47,94.59,90.72,91.12,884049,81379440.00
2022/02/07,93.14,95.80,89.92,91.57,1076240,98682184.00
2022/02/08,90.80,91.56,87.20,89.45,1265766,112391024.00
2022/02/09,89.58,92.11,88.11,91.50,910700,82244392.00
2022/02/10,91.82,92.52,88.33,88.71,1378914,123164480.00
2022/02/11,88.71,89.25,86.06,86.35,1058361,92358560.00
2022/02/14,86.79,87.70,84.32,85.56,1114077,95362352.00
2022/02/15,88.03,91.63,86.37,91.37,1294020,115627920.00
2022/02/16,92.29,92.95,90.06,91.43,1200079,109396744.00
2022/02/17,92.80,102.85,92.10,97.99,2797986,273517760.00
2022/02/18,96.32,97.97,92.41,93.90,2609310,244538096.00
2022/02/21,93.65,98.80,93.65,96.45,2051279,198037104.00
2022/02/22,94.81,101.78,92.06,101.22,3015555,294387712.00
2022/02/23,99.55,111.10,99.42,107.58,3849870,410212864.00
2022/02/24,108.30,108.98,104.15,107.25,2004234,212519408.00
2022/02/25,107.22,111.80,106.30,106.51,1685694,182179888.00
2022/02/28,106.51,110.30,104.32,107.30,2192755,236453712.00
2022/03/01,108.96,110.30,106.32,109.19,1594344,172034672.00
2022/03/02,107.80,108.28,103.33,106.01,1198906,125931680.00
2022/03/03,108.12,108.12,100.99,102.05,1850126,189516832.00
2022/03/04,100.37,108.59,100.37,104.84,2131993,223734000.00
2022/03/07,103.23,105.78,99.84,100.75,1405407,141890976.00
2022/03/08,100.53,104.36,99.81,100.52,1836706,186829680.00
2022/03/09,100.52,105.10,98.58,101.26,1790058,181894624.00
2022/03/10,104.80,110.22,101.93,102.21,2957269,309375328.00
2022/03/11,100.16,103.89,98.50,101.85,1695819,171049936.00
2022/03/14,100.97,101.30,95.33,96.66,1491576,145209520.00
2022/03/15,95.14,101.75,94.38,98.69,2054745,202859792.00
2022/03/16,101.58,105.51,97.51,105.30,1883840,189679920.00
2022/03/17,106.50,109.80,102.44,104.30,2659322,280648864.00
2022/03/18,103.98,107.30,96.30,102.49,3148920,322709440.00
2022/03/21,102.49,110.79,102.11,107.72,2826751,300465056.00
2022/03/22,108.01,112.60,107.41,109.09,2848555,312251328.00
2022/03/23,110.10,111.18,106.40,107.20,1547145,166463744.00
2022/03/24,106.31,107.79,103.10,103.87,992917,103201352.00
2022/03/25,104.20,107.08,101.41,101.81,1061151,109951200.00
2022/03/28,100.11,102.82,99.32,100.49,1047727,105087008.00
2022/03/29,99.30,100.84,91.84,92.24,2884906,273422784.00
2022/03/30,92.87,94.50,89.20,91.57,2818713,254913344.00
2022/03/31,90.66,91.10,86.92,89.37,2370004,209282816.00
2022/04/01,88.30,90.04,87.36,88.12,1317855,116026648.00
2022/04/06,87.36,88.09,83.98,84.60,1760490,149310256.00
2022/04/07,84.27,85.48,81.30,81.88,1462310,120441808.00
2022/04/08,81.38,82.60,78.80,81.32,2330157,187082544.00
2022/04/11,81.32,81.94,77.11,77.86,1440651,112732568.00
2022/04/12,78.30,78.30,75.13,77.67,1288190,98275472.00
2022/04/13,77.67,77.67,74.00,74.58,1099292,82404760.00
2022/04/14,75.80,76.80,72.91,75.92,1774355,132491472.00
2022/04/15,74.55,77.80,72.55,76.36,2045432,154375568.00
2022/04/18,75.80,82.59,74.83,81.45,1999325,160483808.00
2022/04/19,80.80,81.75,78.89,79.98,1164712,93123288.00
2022/04/20,79.96,81.18,77.60,77.65,1117027,87864816.00
2022/04/21,75.32,79.30,75.32,75.96,1263488,97633816.00
2022/04/22,75.01,76.47,73.31,73.38,1328103,98672552.00
2022/04/25,71.33,71.92,66.21,66.60,1715267,118116200.00
2022/04/26,66.74,70.10,66.40,67.50,1680156,114424536.00
2022/04/27,66.43,72.87,65.41,70.98,1817244,125112496.00
2022/04/28,67.45,68.30,62.97,64.48,4338592,282699808.00
2022/04/29,64.50,66.90,62.33,66.58,4065564,258227392.00
2022/05/05,66.03,70.15,66.03,69.79,2317489,156070144.00
2022/05/06,67.72,69.10,66.78,66.90,1394696,93120000.00
2022/05/09,66.71,67.29,64.20,64.43,1434521,92682624.00
2022/05/10,63.89,68.46,62.74,67.11,1869388,123158992.00
2022/05/11,67.95,72.56,66.61,70.53,2464061,172165040.00
2022/05/12,70.98,72.50,69.82,71.14,1717624,120260272.00
2022/05/13,71.10,72.30,69.90,70.45,1093680,76391592.00
2022/05/16,71.25,74.88,70.48,71.76,2032016,145560176.00
2022/05/17,72.25,73.72,70.49,72.01,2080147,148448048.00
2022/05/18,72.48,74.14,72.05,72.65,1469206,106133296.00
2022/05/19,70.90,81.28,69.72,79.03,4321524,330789536.00
2022/05/20,79.34,79.40,77.51,79.04,1784795,138765424.00
2022/05/23,78.95,80.87,77.24,79.29,1526408,119021008.00
2022/05/24,78.49,79.15,73.98,74.08,1638984,123893856.00
2022/05/25,73.41,75.15,71.45,72.44,1818023,130266656.00
2022/05/26,72.44,73.88,68.11,70.85,1714708,119258872.00
2022/05/27,71.67,73.24,69.70,69.96,1150899,81440088.00
2022/05/30,69.98,70.90,68.58,69.88,1727536,118557688.00
2022/05/31,70.58,75.30,68.46,74.30,2736660,193849152.00
2022/06/01,74.18,77.38,73.20,75.80,1954787,145233728.00
2022/06/02,76.33,80.56,76.33,80.20,2619786,204850304.00
2022/06/06,81.00,84.78,79.41,82.86,2544946,209121536.00
2022/06/07,83.38,83.38,79.25,79.69,2658298,211866768.00
2022/06/08,79.15,80.99,76.82,79.05,1731272,134821376.00
2022/06/09,78.11,79.05,74.40,75.25,2057665,154494800.00
2022/06/10,74.50,76.60,74.11,75.87,1638075,122621600.00
2022/06/13,74.68,77.39,73.90,74.87,2100539,156083248.00
2022/06/14,73.80,74.86,70.70,73.35,1813715,129453344.00
2022/06/15,73.06,76.90,73.06,74.44,1781751,132739408.00
2022/06/16,74.50,78.20,74.50,76.68,2172821,165458304.00
2022/06/17,75.40,77.68,74.00,75.56,1923449,143751264.00
2022/06/20,76.59,78.67,74.90,76.90,2106382,160238496.00
2022/06/21,76.40,77.59,73.60,74.73,1938815,143462704.00
2022/06/22,74.89,75.18,71.01,71.21,1826260,130766416.00
2022/06/23,71.20,74.27,71.20,73.92,2430237,175577088.00
2022/06/24,74.91,74.91,70.65,72.20,4637999,331380704.00
2022/06/27,72.37,74.69,71.00,72.59,3600720,257985024.00
2022/06/28,72.61,73.57,68.58,72.70,5834970,406835616.00
2022/06/29,72.40,76.19,71.01,71.18,7444307,542519616.00
2022/06/30,71.45,77.21,71.40,75.40,7734089,571446208.00
2022/07/01,76.55,78.28,72.92,75.20,7972435,594553856.00
2022/07/04,73.70,74.42,68.93,71.32,6994045,488281120.00
2022/07/05,71.28,73.38,69.43,70.34,3846829,270244640.00
2022/07/06,69.84,73.51,69.78,70.99,5520729,393558272.00
2022/07/07,70.90,71.43,69.40,69.63,3715578,256646976.00
2022/07/08,70.84,73.70,69.96,72.65,5314564,380324928.00
2022/07/11,71.90,74.07,71.20,72.70,3582676,257567120.00
2022/07/12,71.79,72.58,67.23,67.23,5543183,374677472.00
2022/07/13,67.19,67.66,65.43,65.95,2949448,192236064.00
2022/07/14,65.27,67.38,65.27,65.76,2276500,149617504.00
2022/07/15,65.40,67.71,64.58,66.18,2487798,163169168.00
2022/07/18,66.21,66.80,64.38,65.53,2363342,151799536.00
2022/07/19,65.22,65.90,63.63,64.66,2824531,179935904.00
2022/07/20,64.90,67.30,64.90,65.99,3590354,235247328.00
2022/07/21,66.05,69.76,64.95,67.30,4654447,313997920.00
2022/07/22,67.90,68.57,64.58,65.33,3079376,200189840.00
2022/07/25,65.20,66.77,64.30,65.70,1804688,117011064.00
2022/07/26,65.70,66.70,64.30,66.50,2195445,141401584.00
2022/07/27,65.80,66.50,65.33,65.85,1470384,95464944.00
2022/07/28,66.38,70.11,65.91,68.98,4541380,307572928.00
2022/07/29,70.04,70.04,65.91,66.03,3580425,237262992.00
2022/08/01,65.40,69.10,62.96,68.71,4065910,264976576.00
2022/08/02,67.58,70.85,66.31,69.41,5368822,367111488.00
2022/08/03,69.90,72.58,68.90,69.79,5764611,402581248.00
2022/08/04,70.50,71.79,69.29,70.49,3865392,269184128.00
2022/08/05,70.83,80.88,70.83,80.26,10198079,774481216.00
2022/08/08,81.24,81.26,76.01,77.05,6661445,511065248.00
2022/08/09,76.99,78.35,74.20,78.33,4538463,339600544.00
2022/08/10,76.90,79.34,75.51,75.90,4515522,345028064.00
2022/08/11,75.90,78.10,75.58,77.17,3667921,279653920.00
2022/08/12,77.27,79.60,75.25,75.41,3590620,275258816.00
2022/08/15,74.75,76.75,74.31,74.79,2033295,150811792.00
2022/08/16,74.73,77.06,73.03,75.50,2712640,202693760.00
2022/08/17,75.06,76.77,74.41,76.06,2247596,167836800.00
2022/08/18,76.07,78.50,74.92,77.80,3622587,276349760.00
2022/08/19,78.16,79.68,73.45,73.47,3982290,298943648.00
2022/08/22,72.70,74.47,72.04,72.59,2217796,160202192.00
2022/08/23,72.08,74.08,71.78,72.20,1684868,121109192.00
2022/08/24,71.94,72.70,67.23,67.45,3419560,233706720.00
2022/08/25,66.89,68.12,65.71,66.78,1994156,130912776.00
2022/08/26,66.81,67.83,65.22,65.30,1567998,102771680.00
2022/08/29,64.16,66.39,64.16,65.90,1452824,94014040.00
2022/08/30,64.90,66.35,63.22,64.50,1963185,125290928.00
2022/08/31,64.30,65.17,62.51,62.96,1977103,123435488.00
2022/09/01,63.19,64.82,62.66,62.89,1210380,75704448.00
2022/09/02,63.60,64.68,62.65,64.64,1454742,91494608.00
2022/09/05,64.54,64.65,63.18,63.95,1013745,63846712.00
2022/09/06,63.70,64.48,63.43,64.32,936999,59120504.00
2022/09/07,64.20,66.20,63.90,64.76,1577476,101506904.00
2022/09/08,64.76,65.08,63.43,63.51,1042059,65728600.00
2022/09/09,63.51,65.00,63.20,64.70,909900,57509264.00
2022/09/13,65.10,65.85,64.29,64.60,947610,60733996.00
2022/09/14,63.90,65.02,63.47,64.38,989334,62557140.00
2022/09/15,64.38,64.90,62.91,63.37,1474818,92348680.00
2022/09/16,63.35,65.70,63.35,63.85,1896987,120799936.00
2022/09/19,63.84,64.70,59.92,59.92,2408142,146779840.00
2022/09/20,59.51,60.77,59.45,59.99,1165378,69091520.00
2022/09/21,59.62,60.47,58.98,60.22,1215879,71560176.00
2022/09/22,60.18,61.40,59.52,59.90,869784,51767032.00
2022/09/23,59.90,60.13,56.90,56.90,1555997,89028104.00
2022/09/26,56.78,57.77,55.78,56.21,966524,53916556.00
2022/09/27,57.20,57.76,56.41,57.24,671050,37652308.00
2022/09/28,57.30,57.30,54.93,54.93,1040196,57349848.00
2022/09/29,55.60,56.04,54.56,54.78,722079,39198512.00
2022/09/30,54.16,55.31,52.33,52.44,1153904,60412320.00
2022/10/10,52.41,52.41,49.35,49.90,1355270,67009848.00
2022/10/11,49.67,50.40,48.79,49.12,831360,40513620.00
2022/10/12,48.96,51.77,48.66,51.62,951123,47120692.00
2022/10/13,51.62,52.77,51.05,51.40,796146,40679864.00
2022/10/14,51.91,53.63,51.91,53.19,1058632,55127160.00
2022/10/17,52.75,54.80,52.70,54.36,993631,52636892.00
2022/10/18,54.36,54.80,53.12,53.35,650573,34314440.00
2022/10/19,53.35,53.77,52.15,52.15,801970,41688248.00
2022/10/20,52.53,57.40,51.43,55.32,2145616,114744184.00
2022/10/21,56.19,56.19,53.08,53.20,2012504,106223520.00
2022/10/24,54.61,55.91,51.20,52.30,2060705,108671424.00
2022/10/25,52.50,52.61,50.38,50.46,1762886,88670176.00
2022/10/26,50.40,52.80,49.40,52.41,2398301,122086496.00
2022/10/27,52.56,55.35,51.92,52.92,2363325,123791096.00
2022/10/28,51.90,54.57,50.93,52.70,2561401,134518128.00
2022/10/31,52.70,54.66,51.97,53.82,2158686,114204400.00
2022/11/01,53.82,55.58,53.20,55.53,2469979,132710552.00
2022/11/02,55.97,59.45,55.28,58.50,4265259,242112960.00
2022/11/03,58.33,65.24,57.90,63.00,5913187,360972384.00
2022/11/04,63.90,68.10,62.58,65.53,5898819,378358816.00
2022/11/07,64.90,66.27,64.23,64.38,3112161,199746944.00
2022/11/08,64.78,65.04,62.42,63.45,1640930,102426536.00
2022/11/09,63.48,63.70,62.06,62.11,1436582,88606320.00
2022/11/10,62.65,63.40,60.27,60.49,1966403,119369912.00
2022/11/11,63.09,67.55,63.09,63.99,4738270,305479872.00
2022/11/14,63.65,68.09,62.35,66.07,3030346,197558032.00
2022/11/15,66.88,76.28,65.63,74.51,7292970,528562336.00
2022/11/16,75.50,76.21,70.86,71.70,4513562,325314816.00
2022/11/17,70.90,76.89,69.35,76.27,5115592,370785024.00
2022/11/18,74.70,77.87,74.42,74.59,3666273,275085984.00
2022/11/21,73.98,75.50,71.93,72.53,1664165,120415312.00
2022/11/22,72.10,73.90,70.40,71.39,3000683,213546768.00
2022/11/23,70.70,73.40,70.45,71.59,2141943,151500032.00
2022/11/24,71.55,72.26,69.67,69.87,1401731,97749864.00
2022/11/25,69.74,72.70,68.46,68.95,1548889,107090504.00
2022/11/28,67.77,70.44,67.61,69.03,1118707,76166328.00
2022/11/29,69.90,74.11,69.90,73.31,2999933,215668688.00
2022/11/30,72.55,75.90,71.50,73.91,2296268,167863648.00
2022/12/01,74.65,75.89,71.02,71.71,2401711,173909952.00
2022/12/02,70.83,72.38,66.00,67.26,3779135,256547072.00
2022/12/05,67.90,69.50,66.31,69.02,2311311,155385056.00
2022/12/06,68.80,73.98,68.78,71.41,2831354,202633728.00
2022/12/07,70.45,71.15,68.00,69.17,2155801,147655872.00
2022/12/08,68.39,70.10,67.21,69.26,1734840,117628720.00
2022/12/09,68.81,71.28,68.50,69.89,2579934,177910816.00
2022/12/12,69.70,74.88,68.67,73.85,3449209,247243648.00
2022/12/13,73.38,73.85,71.02,71.75,1530772,108843352.00
2022/12/14,74.40,75.90,70.80,70.85,2141326,154547296.00
2022/12/15,70.59,73.48,69.90,72.71,1596066,113890208.00
2022/12/16,72.48,72.48,69.70,70.42,1296853,90246272.00
2022/12/19,70.42,70.90,67.33,67.90,1001093,67772512.00
2022/12/20,67.50,69.20,67.50,67.90,1003341,67383280.00
2022/12/21,67.71,69.46,66.91,68.91,1208375,81291576.00
2022/12/22,70.09,71.29,67.78,68.28,1419079,97056344.00
2022/12/23,67.56,68.65,64.60,65.46,1651945,107134256.00
2022/12/26,65.04,69.74,65.04,69.21,1562914,105400104.00
2022/12/27,69.87,70.55,68.22,70.49,1340306,91998240.00
2022/12/28,70.49,70.49,68.60,69.21,694713,47633556.00
2022/12/29,68.55,70.40,66.96,67.15,997852,67019980.00
2022/12/30,67.83,68.16,65.23,65.71,969282,63530032.00
2023/01/03,65.71,69.75,64.49,69.15,1484389,98351096.00
2023/01/04,69.23,72.89,68.59,70.52,2878978,202127808.00
2023/01/05,70.10,74.50,69.74,73.30,2170351,156672880.00
2023/01/06,72.89,74.07,72.13,72.20,1083433,78066880.00
2023/01/09,73.27,76.01,72.21,72.50,1685848,123102608.00
2023/01/10,72.83,78.78,72.36,77.59,3097751,233940944.00
2023/01/11,77.30,78.50,74.76,75.00,1409558,106475232.00
2023/01/12,75.00,75.89,73.08,73.30,1141545,83510984.00
2023/01/13,73.64,75.48,72.48,73.45,1274738,92907872.00
2023/01/16,76.90,85.67,76.40,81.36,5167988,414459648.00
2023/01/17,80.90,86.90,80.47,86.38,4832901,407555904.00
2023/01/18,86.80,87.68,85.57,86.58,2001151,171399680.00
2023/01/19,86.80,88.88,86.13,88.56,1702610,148217104.00
2023/01/20,88.56,89.46,86.28,86.70,1641635,143075760.00
2023/01/30,86.10,87.38,83.40,83.94,2310027,193611744.00
2023/01/31,83.45,84.38,81.25,82.36,1875920,152306688.00
2023/02/01,83.40,84.25,80.73,82.90,1852750,150668288.00
2023/02/02,82.90,84.90,81.35,82.23,2026170,165852944.00
2023/02/03,82.30,83.70,79.93,82.50,1747107,141149696.00
2023/02/06,82.75,83.50,81.13,81.88,1145491,93244400.00
2023/02/07,81.88,82.19,79.69,80.25,1387488,110490256.00
2023/02/08,81.21,81.88,77.18,77.18,1359522,106128176.00
2023/02/09,77.31,81.99,76.90,81.98,2084367,165142896.00
2023/02/10,81.80,83.30,80.21,80.90,1089039,87862008.00
2023/02/13,80.24,82.36,78.50,80.08,1552553,122885984.00
2023/02/14,80.89,81.34,77.95,79.19,1666051,129983152.00
2023/02/15,79.17,79.65,77.72,78.30,1519670,117868552.00
2023/02/16,78.29,81.62,77.10,78.08,2477034,194866176.00
2023/02/17,78.18,78.38,74.92,75.89,1688721,127023480.00
2023/02/20,75.90,76.39,73.46,74.61,2263804,166320832.00
2023/02/21,75.06,76.78,73.75,74.80,1636648,121178600.00
2023/02/22,73.90,75.40,73.48,74.96,1048864,76986624.00
2023/02/23,75.88,77.45,74.71,75.66,1537371,115551992.00
2023/02/24,76.46,76.67,74.64,74.64,973749,72651024.00
2023/02/27,73.75,74.77,72.95,73.00,1130807,82138408.00
2023/02/28,73.00,74.32,71.92,73.25,1098200,78872272.00
2023/03/01,73.25,74.28,72.72,73.70,1122553,81503904.00
2023/03/02,73.69,73.90,69.94,70.28,2875607,201410320.00
2023/03/03,70.88,72.24,69.96,71.19,1436579,100785952.00
2023/03/06,71.02,74.38,69.75,72.49,2379241,169098944.00
2023/03/07,72.28,73.25,69.69,69.69,1642031,115085336.00
2023/03/08,69.69,71.70,69.21,71.53,985839,68580224.00
2023/03/09,71.91,78.74,71.91,76.74,4343310,327092768.00
2023/03/10,75.67,77.21,74.50,75.11,2073953,155062816.00
2023/03/13,75.15,75.67,73.41,75.12,1596728,117583680.00
2023/03/14,74.78,77.14,73.90,75.95,2001423,149774976.00
2023/03/15,76.16,79.81,75.40,77.92,2627362,203096096.00
2023/03/16,77.16,79.09,76.41,77.10,1640118,125666816.00
2023/03/17,79.40,82.22,78.10,79.86,3715667,294565984.00
2023/03/20,78.90,81.35,78.80,79.89,2571225,203656464.00
2023/03/21,79.51,80.94,78.42,79.38,1479120,116388168.00
2023/03/22,80.20,80.32,78.24,79.99,1517235,119416496.00
2023/03/23,79.74,81.80,79.32,81.80,2229383,178363024.00
2023/03/24,83.90,84.08,78.98,79.11,2058178,163602176.00
2023/03/27,79.50,79.89,76.49,76.78,2144869,164106944.00
2023/03/28,75.41,76.77,74.70,74.80,1429097,106259840.00
2023/03/29,75.28,77.67,74.00,75.89,1415570,105890688.00
2023/03/30,76.34,81.70,76.05,80.87,2869247,226473824.00
2023/03/31,79.87,81.59,79.59,80.71,1362385,108362248.00
2023/04/03,80.71,83.32,79.22,82.09,2812383,226206528.00
2023/04/04,82.00,85.62,80.64,82.54,2759228,227354576.00
2023/04/06,83.50,86.78,82.58,86.10,3507449,295343488.00
2023/04/07,86.40,86.45,81.34,81.89,4336997,355221888.00
2023/04/10,82.68,90.84,81.47,86.77,5773342,498582624.00
2023/04/11,86.90,87.58,84.57,85.56,2519357,214244032.00
2023/04/12,85.00,86.42,83.60,85.18,1935112,163362656.00
2023/04/13,86.40,89.70,84.40,84.50,2891419,248068576.00
2023/04/14,84.90,88.38,81.71,87.06,2319612,196181744.00
2023/04/17,87.90,92.24,87.90,89.98,3491087,311063200.00
2023/04/18,88.10,90.06,85.90,86.83,2103965,181559056.00
2023/04/19,86.80,88.35,84.41,85.29,1788694,151920160.00
2023/04/20,84.51,85.89,82.90,83.55,2999424,248909344.00
2023/04/21,83.23,83.71,77.90,77.92,3101658,245639312.00
2023/04/24,77.38,78.58,74.53,75.90,4778809,359527424.00
2023/04/25,75.50,76.75,70.70,71.51,2857507,204916272.00
2023/04/26,70.86,73.66,69.90,71.08,2246633,158617984.00
2023/04/27,69.90,72.01,69.00,69.89,2353845,162882432.00
2023/04/28,69.77,72.50,68.93,69.95,1899626,131872248.00
2023/05/04,69.79,71.89,69.10,69.85,2221087,154578704.00
2023/05/05,69.78,70.81,67.91,68.53,1872924,127217440.00
2023/05/08,69.53,71.03,68.33,70.52,1671424,114720848.00
2023/05/09,70.72,71.32,68.35,69.35,1850033,126513168.00
2023/05/10,70.13,70.13,68.01,68.83,1039455,70192248.00
2023/05/11,68.94,71.95,68.31,70.43,1505973,104364760.00
2023/05/12,71.35,73.85,70.78,71.11,1971627,140621200.00
2023/05/15,69.93,72.50,69.71,71.65,902346,63433508.00
2023/05/16,71.65,73.14,70.95,72.55,1142439,81337552.00
2023/05/17,71.91,74.82,71.45,73.50,1394725,101026688.00
2023/05/18,73.49,73.89,69.15,69.84,3981738,276881440.00
2023/05/19,70.53,73.58,68.95,72.95,2992555,210812848.00
2023/05/22,73.62,73.62,70.43,70.76,1315512,92326576.00
2023/05/23,71.03,71.15,69.70,69.75,868328,59880816.00
2023/05/24,69.34,70.02,67.15,68.49,2257205,152003104.00
2023/05/25,68.44,69.95,67.65,69.55,1367189,92287000.00
2023/05/26,69.28,70.43,68.98,69.85,1143474,78553160.00
2023/05/29,70.15,71.35,69.45,69.62,1176608,81337592.00
2023/05/30,69.76,70.31,67.87,69.62,1147930,77911648.00
2023/05/31,69.57,70.30,68.48,69.94,1297220,88646472.00
2023/06/01,69.12,69.93,68.16,69.28,1175488,79665920.00
2023/06/02,69.42,70.75,68.27,69.64,1460282,99933376.00
2023/06/05,69.65,71.17,67.95,68.05,1717013,117055944.00
2023/06/06,67.81,68.17,64.25,64.60,2515319,162477312.00
2023/06/07,64.55,66.65,64.32,65.20,1591829,102106216.00
2023/06/08,65.70,65.70,62.17,62.41,2110408,130445104.00
2023/06/09,62.67,63.14,61.06,62.26,2038785,123712496.00
2023/06/12,61.53,63.40,61.35,61.56,1634601,99395256.00
2023/06/13,61.70,62.88,60.48,62.64,1688006,102276736.00
2023/06/14,62.65,63.83,61.72,63.42,1451554,89626984.00
2023/06/15,63.97,65.35,63.44,64.14,2288848,144446816.00
2023/06/16,64.15,64.59,63.15,64.15,1285152,80614600.00
2023/06/19,63.76,64.45,63.50,64.15,1287893,80972728.00
2023/06/20,64.15,64.73,63.17,64.11,1215510,76487376.00
2023/06/21,63.95,64.43,61.84,61.84,1416452,87012584.00
2023/06/26,61.75,62.73,59.39,59.45,1621209,96054976.00
2023/06/27,59.45,60.30,58.87,59.30,1294411,75255272.00
2023/06/28,59.39,59.75,57.66,58.34,1286381,73571360.00
2023/06/29,58.32,59.25,57.66,58.11,1268489,72469584.00
2023/06/30,58.35,59.40,57.67,59.14,1103463,63602712.00
2023/07/03,60.07,61.84,59.57,61.00,2488119,148142784.00
2023/07/04,61.28,66.44,61.28,65.16,3459998,218995904.00
2023/07/05,65.66,67.03,64.66,65.15,2099084,136099264.00
2023/07/06,64.67,65.92,63.55,64.81,1518199,96661952.00
2023/07/07,64.96,64.96,62.96,64.46,1202727,75793192.00
2023/07/10,64.59,67.51,63.83,66.04,2104650,135958816.00
2023/07/11,66.69,68.60,65.45,67.85,2528398,168068320.00
2023/07/12,68.12,68.65,66.41,67.20,1592625,105566520.00
2023/07/13,67.56,72.03,67.23,70.77,3843107,266268288.00
2023/07/14,70.95,71.62,69.56,71.15,2090896,145364592.00
2023/07/17,70.85,71.41,67.86,68.62,1670690,113281384.00
2023/07/18,68.41,70.36,68.41,69.42,2164307,148364528.00
2023/07/19,68.25,71.73,68.25,71.06,2333047,163004832.00
2023/07/20,70.70,72.25,70.15,71.35,2029431,142681248.00
2023/07/21,70.56,71.35,69.15,69.51,1331521,91849528.00
2023/07/24,70.13,70.22,67.58,68.17,1098308,73840168.00
2023/07/25,69.51,69.51,66.93,67.10,1470375,98051672.00
2023/07/26,67.63,67.99,66.73,67.02,722359,47749676.00
2023/07/27,66.51,68.37,65.85,66.50,1232867,81188728.00
2023/07/28,65.91,67.49,65.91,66.44,682264,44759424.00
2023/07/31,66.44,69.56,65.80,67.80,1558030,104549552.00
2023/08/01,67.65,67.91,66.26,66.71,957761,62938308.00
2023/08/02,66.78,67.25,65.35,65.73,816589,52931080.00
2023/08/03,65.45,66.41,64.15,65.77,1178826,75499920.00
2023/08/04,66.35,67.53,65.71,66.29,1159820,75873480.00
2023/08/07,65.85,66.62,64.83,65.55,817639,52541744.00
2023/08/08,65.15,65.84,64.21,64.35,816565,51981616.00
2023/08/09,64.35,65.13,63.95,64.67,588217,37230580.00
2023/08/10,63.92,64.81,63.92,64.25,430143,27157608.00
2023/08/11,64.58,65.75,63.45,63.51,639072,40303368.00
2023/08/14,62.98,63.50,61.66,62.72,724355,44353884.00
2023/08/15,63.15,63.15,60.26,62.70,1784367,107559712.00
2023/08/16,63.55,66.15,59.66,60.23,2315955,138603504.00
2023/08/17,60.15,61.30,59.84,60.45,896183,53342624.00
2023/08/18,61.15,61.35,59.15,59.53,1533969,90051808.00
2023/08/21,59.53,60.11,58.15,58.15,691033,40038772.00
2023/08/22,58.14,58.79,56.15,57.84,810986,45710104.00
2023/08/23,56.35,58.26,56.35,56.67,1150469,64476560.00
2023/08/24,57.14,57.70,56.25,56.65,774723,43253932.00
2023/08/25,56.16,56.40,54.39,55.15,951697,51627608.00
2023/08/28,58.43,58.91,53.86,53.86,1451828,79372312.00
2023/08/29,53.67,56.65,53.35,56.47,2016329,109699096.00
2023/08/30,57.50,59.61,56.48,59.20,2354643,135485744.00
2023/08/31,59.04,60.94,58.62,60.44,1794113,106060944.00
2023/09/01,60.87,61.77,60.24,60.65,1077155,64427868.00
2023/09/04,60.65,61.01,59.51,60.68,824706,48676564.00
2023/09/05,61.25,61.95,60.55,61.45,1112418,67176152.00
2023/09/06,61.31,63.70,60.49,62.89,1388941,85000832.00
2023/09/07,62.89,63.05,61.10,61.10,806937,48893592.00
2023/09/08,60.20,61.94,60.20,61.52,705627,42546072.00
2023/09/11,61.52,62.36,60.26,61.33,847540,51309176.00
2023/09/12,61.51,62.09,60.52,60.87,669344,40085512.00
2023/09/13,61.43,61.43,59.04,60.08,761058,44736776.00
2023/09/14,60.07,60.14,58.25,58.99,978313,56400912.00
2023/09/15,59.47,61.07,57.79,59.25,1014327,58845452.00
2023/09/18,59.65,59.65,57.84,57.99,683308,39038024.00
2023/09/19,58.45,58.54,56.89,57.75,610754,34512952.00
2023/09/20,57.60,58.42,56.60,56.73,637863,35697212.00
2023/09/21,56.73,58.05,56.16,57.17,855457,47839928.00
2023/09/22,57.65,58.31,56.08,58.24,916264,51410444.00
2023/09/25,58.65,59.05,56.96,57.13,894475,50487536.00
2023/09/26,57.65,57.65,56.03,56.03,754643,41685644.00
2023/09/27,56.15,57.11,55.67,56.17,769761,42474248.00
2023/09/28,57.07,57.17,55.95,56.15,999501,55303352.00
2023/10/09,56.15,56.63,55.18,55.78,1087910,59457664.00
2023/10/10,56.15,56.81,55.57,56.02,798960,43998176.00
2023/10/11,56.07,58.50,55.45,57.38,1771091,99578512.00
2023/10/12,57.48,59.04,56.99,58.25,1172512,66719580.00
2023/10/13,58.15,58.25,57.27,57.55,768219,43544528.00
2023/10/16,57.55,57.66,55.03,55.47,1190327,65238112.00
2023/10/17,55.47,55.64,54.37,55.31,1052389,56572912.00
2023/10/18,55.45,55.46,53.95,53.95,579126,30882110.00
2023/10/19,53.20,56.83,53.18,56.15,1596424,87423216.00
2023/10/20,55.71,56.43,53.91,54.16,1065318,57077916.00
2023/10/23,53.27,53.97,51.35,51.68,987052,50366336.00
2023/10/24,51.96,53.60,50.83,53.35,1206344,61828088.00
2023/10/25,53.33,54.41,52.67,53.82,828422,43384528.00
2023/10/26,53.33,54.03,52.50,53.55,837844,43562376.00
2023/10/27,52.79,54.94,52.59,54.55,1064308,56003616.00
2023/10/30,54.05,56.58,53.88,56.28,1768990,96407488.00
2023/10/31,56.55,56.95,55.24,55.84,1253686,68631256.00
2023/11/01,55.92,56.85,54.81,55.83,1135999,62583568.00
2023/11/02,55.85,56.33,54.43,54.61,868505,46873380.00
2023/11/03,54.72,57.62,54.72,57.40,1440539,79914248.00
2023/11/06,57.61,59.28,57.39,58.53,1482868,84806640.00
2023/11/07,59.02,59.02,57.76,58.21,788177,44921752.00
2023/11/08,57.85,59.80,56.95,58.48,1391646,80157536.00
2023/11/09,58.48,58.96,57.60,57.78,687771,39253232.00
2023/11/10,57.84,58.70,57.50,58.11,713442,40598488.00
2023/11/13,58.65,59.05,57.80,58.48,925099,52894172.00
2023/11/14,58.35,60.35,57.81,59.51,1123437,65406484.00
2023/11/15,59.65,60.24,58.75,59.35,927717,54010760.00
2023/11/16,59.02,59.71,58.05,58.13,756445,43493188.00
2023/11/17,58.15,58.75,57.95,58.69,464777,26608576.00
2023/11/20,58.70,59.04,57.53,58.14,839535,47752008.00
2023/11/21,58.31,58.31,57.20,57.52,797153,45103888.00
2023/11/22,57.34,57.69,55.81,55.92,817559,45250852.00
2023/11/23,56.35,57.43,55.53,57.33,723533,40080184.00
2023/11/24,57.15,57.93,55.68,56.05,768430,42375712.00
2023/11/27,55.75,56.76,55.74,56.32,651930,35915312.00
2023/11/28,56.15,58.00,56.15,57.14,799449,44840324.00
2023/11/29,57.28,58.31,56.83,56.87,632240,35642288.00
2023/11/30,56.67,56.95,55.70,56.32,516892,28380704.00
2023/12/01,55.95,56.53,55.15,56.08,602938,32958172.00
2023/12/04,56.54,56.54,55.60,55.78,426481,23401348.00
2023/12/05,55.45,55.45,53.49,53.70,1083646,57367368.00
2023/12/06,53.80,54.56,53.44,53.67,610572,32149420.00
2023/12/07,54.33,54.33,53.32,53.82,584093,30742910.00
2023/12/08,53.79,54.66,53.46,54.27,761931,40364012.00
2023/12/11,54.14,55.12,52.95,54.71,825131,43631920.00
2023/12/12,54.68,55.30,54.20,54.60,669846,35854464.00
2023/12/13,54.60,54.78,53.60,53.75,527033,27915042.00
2023/12/14,54.80,54.80,53.49,53.72,484889,25630952.00
2023/12/15,53.86,54.23,52.21,52.55,790852,40960512.00
2023/12/18,51.97,52.50,50.25,50.59,1017626,50632336.00
2023/12/19,50.60,51.25,49.88,50.37,855494,42105136.00
2023/12/20,50.40,50.63,49.14,49.21,892257,43382092.00
2023/12/21,49.21,50.08,48.71,49.60,803190,38736008.00
2023/12/22,49.65,50.11,48.77,48.95,792848,38131720.00
2023/12/25,49.14,50.14,48.96,49.15,1108396,53658452.00
2023/12/26,49.21,49.43,46.18,46.67,1511518,69410064.00
2023/12/27,46.64,47.58,46.21,47.35,1256703,57395068.00
2023/12/28,47.00,49.58,47.00,49.28,1383423,65847176.00
2023/12/29,49.36,50.55,49.15,50.36,1040748,50933368.00
2024/01/02,50.39,50.41,49.28,49.38,850215,41241060.00
2024/01/03,48.76,49.41,47.89,48.74,1016667,48175776.00
2024/01/04,48.75,48.75,46.73,46.95,1915611,88539152.00
2024/01/05,46.91,47.60,45.84,46.10,1126845,51273972.00
2024/01/08,45.91,45.91,44.43,44.57,1108938,48690188.00
2024/01/09,44.63,45.47,44.18,44.37,1289041,56209516.00
2024/01/10,44.15,45.03,43.29,44.45,964202,41562688.00
2024/01/11,44.45,45.63,44.02,45.08,1007732,44102288.00
2024/01/12,45.07,45.43,44.06,44.17,891894,38786968.00
2024/01/15,44.17,45.29,43.50,44.71,926487,40370240.00
2024/01/16,44.35,44.68,43.36,43.99,1115798,47739044.00
2024/01/17,44.07,44.08,42.26,42.26,956232,40020620.00
2024/01/18,42.55,42.69,40.84,42.50,1398140,56628268.00
2024/01/19,42.50,43.06,41.53,41.56,889657,36486916.00
2024/01/22,41.35,41.62,38.56,38.91,1322617,51564192.00
2024/01/23,39.14,39.83,38.15,39.26,1304150,49447960.00
2024/01/24,39.45,39.63,37.50,39.17,1286391,47986532.00
2024/01/25,39.45,40.75,38.77,40.39,1200199,46721072.00
2024/01/26,41.24,41.24,39.55,39.75,1230048,48082180.00
2024/01/29,39.65,40.54,38.32,38.48,1250760,47324956.00
2024/01/30,37.95,38.52,37.07,37.14,1214792,44452616.00
2024/01/31,36.25,37.38,35.57,35.71,1325497,46455352.00
2024/02/01,35.43,36.38,34.31,34.74,1530844,52172632.00
2024/02/02,34.75,35.64,31.27,32.42,2368013,75733488.00
2024/02/05,32.15,32.15,27.51,29.08,3023871,85996064.00
2024/02/06,27.86,31.64,27.47,31.08,2305406,65186700.00
2024/02/07,31.50,33.15,30.68,32.26,2370023,73945024.00
2024/02/08,32.93,36.15,32.93,36.14,2698823,91161408.00
2024/02/19,36.29,37.81,35.26,35.35,1639867,57153592.00
数据来源:通达信
