688220 翱捷科技-U 日线 后复权
      日期	    开盘	    最高	    最低	    收盘	    成交量	    成交额
2022/01/14,130.00,130.11,105.88,109.00,17809065,1998047360.00
2022/01/17,106.10,110.50,102.01,105.72,8206321,874275456.00
2022/01/18,105.96,108.28,103.65,107.00,5929604,627396096.00
2022/01/19,105.16,107.50,104.00,106.00,3499634,370170912.00
2022/01/20,105.13,105.65,101.41,101.45,3713921,383786432.00
2022/01/21,101.00,101.20,97.81,98.54,2824559,280272896.00
2022/01/24,98.00,101.16,97.20,98.52,1841361,183594688.00
2022/01/25,98.50,100.00,95.10,95.17,1622348,157712256.00
2022/01/26,96.04,97.16,91.09,91.91,2027106,188056320.00
2022/01/27,91.96,92.24,87.00,87.33,2235392,198545872.00
2022/01/28,88.00,89.91,86.72,88.79,1545086,136993488.00
2022/02/07,89.90,92.88,89.30,91.45,1251626,114272944.00
2022/02/08,91.30,91.30,89.84,90.32,733654,66169440.00
2022/02/09,91.00,92.94,90.15,92.40,999352,91561968.00
2022/02/10,91.99,93.53,91.70,91.96,837226,77308656.00
2022/02/11,91.62,91.67,87.80,88.03,1404312,125070048.00
2022/02/14,87.95,89.90,87.13,88.17,756191,66886900.00
2022/02/15,88.21,89.70,88.20,89.31,736624,65671132.00
2022/02/16,89.98,91.28,89.10,91.18,931116,84067704.00
2022/02/17,91.00,91.98,89.80,90.50,816666,74181920.00
2022/02/18,89.75,90.70,89.70,90.11,574391,51767372.00
2022/02/21,89.89,91.24,89.88,90.54,608860,55168092.00
2022/02/22,90.25,90.87,89.00,89.11,949190,85067368.00
2022/02/23,89.04,92.00,88.90,91.62,1191167,108618856.00
2022/02/24,90.62,92.58,89.59,90.00,1290851,117454592.00
2022/02/25,90.61,91.87,90.00,90.19,627222,56988536.00
2022/02/28,90.00,90.00,88.60,88.91,593552,52893840.00
2022/03/01,89.53,89.55,88.70,89.39,474877,42297240.00
2022/03/02,88.50,89.01,88.40,88.55,615408,54565824.00
2022/03/03,89.20,89.20,87.60,87.60,763390,67345784.00
2022/03/04,87.48,88.00,86.52,86.68,988767,86136816.00
2022/03/07,86.06,86.40,82.39,82.77,1217489,102161792.00
2022/03/08,82.60,83.04,80.32,80.41,965382,78452008.00
2022/03/09,80.89,81.49,74.25,77.35,1114026,86932400.00
2022/03/10,79.06,79.49,76.37,76.68,836107,65225152.00
2022/03/11,76.12,76.20,73.85,75.68,1386966,103852280.00
2022/03/14,75.30,75.74,74.31,74.44,729452,54565316.00
2022/03/15,74.44,74.44,69.50,69.50,1703876,122335520.00
2022/03/16,70.30,71.53,67.70,71.05,1382145,96343352.00
2022/03/17,71.85,74.36,71.59,73.51,1393009,102116528.00
2022/03/18,73.50,74.20,72.80,73.77,809843,59649580.00
2022/03/21,74.10,74.98,73.33,74.69,885601,65668636.00
2022/03/22,74.40,74.40,73.13,73.31,689161,50720280.00
2022/03/23,74.00,74.16,72.92,73.19,668612,49008932.00
2022/03/24,72.80,72.89,71.60,71.70,532659,38309892.00
2022/03/25,72.00,74.68,71.51,71.51,822041,59870168.00
2022/03/28,71.00,72.00,69.80,71.77,588321,41648600.00
2022/03/29,71.81,72.21,69.40,69.90,592998,41716112.00
2022/03/30,70.28,71.77,69.69,71.68,527307,37428064.00
2022/03/31,71.66,71.66,70.00,70.01,586200,41314492.00
2022/04/01,69.62,70.30,69.44,69.93,366257,25593464.00
2022/04/06,69.78,70.35,69.30,69.83,367671,25677836.00
2022/04/07,70.00,70.02,68.10,68.25,406212,27977532.00
2022/04/08,68.05,68.60,66.67,66.75,512539,34472648.00
2022/04/11,66.96,66.96,63.20,63.61,800173,51761156.00
2022/04/12,63.39,64.51,63.00,64.30,451282,28743774.00
2022/04/13,64.28,65.20,63.12,64.02,485281,31190548.00
2022/04/14,64.11,65.28,63.03,65.15,802666,51542600.00
2022/04/15,64.44,71.12,63.80,68.50,1715544,116744344.00
2022/04/18,68.00,69.98,67.01,69.00,1055910,72827264.00
2022/04/19,68.99,69.00,67.08,67.20,544925,36982596.00
2022/04/20,67.35,67.92,66.26,66.50,439187,29468692.00
2022/04/21,66.18,67.49,64.20,64.25,568786,37308488.00
2022/04/22,64.30,64.50,63.01,63.45,398742,25349644.00
2022/04/25,63.30,63.30,59.20,59.61,764604,46437828.00
2022/04/26,60.41,60.98,58.71,58.91,534575,31929344.00
2022/04/27,58.70,61.58,57.89,61.25,700725,42216152.00
2022/04/28,61.48,61.50,59.85,60.33,459963,27846464.00
2022/04/29,61.24,62.97,60.52,62.78,535336,33222848.00
2022/05/05,62.85,63.55,62.02,62.80,566987,35668968.00
2022/05/06,61.65,62.50,60.90,61.66,334811,20640356.00
2022/05/09,61.98,63.02,61.66,62.28,288203,17959168.00
2022/05/10,61.98,63.74,61.18,63.19,451766,28497676.00
2022/05/11,63.65,66.39,63.11,64.32,912850,59435956.00
2022/05/12,64.18,64.95,63.68,64.45,452162,29069438.00
2022/05/13,64.44,64.86,63.80,64.17,323288,20761454.00
2022/05/16,64.99,65.50,63.75,64.02,322692,20858528.00
2022/05/17,63.81,65.25,63.81,65.00,547707,35462112.00
2022/05/18,65.21,66.24,64.59,65.50,634879,41695964.00
2022/05/19,64.96,66.32,64.37,66.02,489168,32201512.00
2022/05/20,65.70,66.50,65.61,66.01,361496,23869218.00
2022/05/23,66.01,66.48,65.62,66.36,325689,21543848.00
2022/05/24,66.36,66.36,63.00,63.01,656420,42435800.00
2022/05/25,63.00,63.87,62.39,63.20,298323,18820256.00
2022/05/26,63.20,64.20,62.01,62.72,319130,20040328.00
2022/05/27,63.40,63.85,62.12,62.37,309491,19462756.00
2022/05/30,62.50,63.43,62.05,63.09,344859,21667408.00
2022/05/31,63.10,65.16,62.53,65.01,627400,40345008.00
2022/06/01,65.01,70.09,64.84,67.93,1346033,91294936.00
2022/06/02,68.09,71.55,67.50,71.18,1608396,112530840.00
2022/06/06,71.90,74.50,71.05,73.98,1546738,113637160.00
2022/06/07,73.90,73.94,72.50,72.81,1042287,76100608.00
2022/06/08,72.81,75.59,71.50,72.32,1309649,96443520.00
2022/06/09,72.01,72.28,68.80,69.10,1242013,87044584.00
2022/06/10,69.13,70.53,68.92,69.90,570781,39758308.00
2022/06/13,69.18,70.50,69.18,69.71,515234,36027416.00
2022/06/14,69.70,69.70,67.00,69.00,775179,52814380.00
2022/06/15,69.07,70.35,68.78,68.92,626672,43519360.00
2022/06/16,69.33,70.34,69.01,69.41,600373,41931988.00
2022/06/17,68.98,69.58,67.58,68.88,575110,39428152.00
2022/06/20,68.87,70.65,68.87,69.64,635835,44524764.00
2022/06/21,69.01,69.69,68.17,68.82,461161,31739470.00
2022/06/22,68.51,69.33,67.30,67.40,557127,37879788.00
2022/06/23,67.05,68.45,67.05,68.39,517582,35229984.00
2022/06/24,68.42,70.36,68.40,69.47,740012,51506404.00
2022/06/27,69.01,70.43,69.00,69.51,566827,39482872.00
2022/06/28,69.51,70.65,68.50,70.58,752449,52388268.00
2022/06/29,70.56,71.78,69.35,69.50,1016527,71715480.00
2022/06/30,69.52,70.50,69.00,69.55,717846,49951780.00
2022/07/01,69.55,69.95,68.22,68.31,617277,42492072.00
2022/07/04,68.11,68.11,66.84,67.23,711263,47825072.00
2022/07/05,67.23,68.15,65.96,66.37,715042,47702908.00
2022/07/06,66.00,70.48,66.00,68.31,1235867,85093072.00
2022/07/07,69.50,69.50,67.26,67.58,484981,32890830.00
2022/07/08,67.84,68.80,67.59,67.60,455705,31072992.00
2022/07/11,68.15,68.22,66.56,66.82,470944,31525960.00
2022/07/12,66.36,67.21,65.88,66.02,499344,33000988.00
2022/07/13,66.02,66.34,64.22,64.46,768359,49892180.00
2022/07/14,64.07,65.35,62.77,65.14,1260539,80909104.00
2022/07/15,64.42,66.80,64.03,65.30,1083153,71176744.00
2022/07/18,65.53,66.29,63.70,64.96,814851,52757432.00
2022/07/19,65.14,66.18,64.71,65.99,598147,39224928.00
2022/07/20,66.45,67.19,65.66,66.61,534563,35683032.00
2022/07/21,66.59,69.25,66.04,68.18,1151873,78519024.00
2022/07/22,68.19,69.56,67.36,68.40,882751,60349620.00
2022/07/25,68.40,68.53,67.23,67.28,416428,28158548.00
2022/07/26,67.29,68.36,67.00,67.96,464582,31411496.00
2022/07/27,68.22,69.76,67.60,69.40,955119,66018404.00
2022/07/28,69.40,71.32,69.40,70.85,992403,70157888.00
2022/07/29,71.00,71.40,69.67,69.90,674613,47278348.00
2022/08/01,69.59,71.17,68.56,71.00,688439,48287284.00
2022/08/02,70.57,70.58,67.97,69.59,926703,64163344.00
2022/08/03,69.81,72.47,69.59,70.12,1443388,102432480.00
2022/08/04,70.85,72.40,70.12,71.08,823332,58753328.00
2022/08/05,71.50,76.34,70.88,75.97,2278247,169764800.00
2022/08/08,76.54,79.23,75.11,78.95,2516331,194896736.00
2022/08/09,78.18,78.18,75.50,76.53,1401857,106917712.00
2022/08/10,76.00,77.49,74.92,74.99,1187069,90126600.00
2022/08/11,75.53,77.00,75.13,76.01,976266,74423504.00
2022/08/12,75.52,76.11,73.79,73.79,963607,71967320.00
2022/08/15,73.29,74.76,72.89,73.60,510789,37510464.00
2022/08/16,73.50,74.14,72.22,72.35,724179,52883416.00
2022/08/17,72.60,73.47,71.78,73.26,617752,44785368.00
2022/08/18,73.26,75.13,72.80,74.38,643994,47839328.00
2022/08/19,74.03,75.47,72.75,72.96,586051,43385152.00
2022/08/22,72.82,73.73,71.81,72.95,421470,30707240.00
2022/08/23,72.95,73.95,72.12,72.65,524498,38243292.00
2022/08/24,72.21,72.98,70.10,70.40,754538,53663480.00
2022/08/25,71.00,71.00,69.72,70.33,463218,32552660.00
2022/08/26,70.38,71.24,69.42,70.88,555413,38979680.00
2022/08/29,65.00,76.00,65.00,74.42,1612411,118842800.00
2022/08/30,73.60,76.27,73.14,75.51,1230754,92893072.00
2022/08/31,75.31,76.98,74.31,75.30,922213,69921312.00
2022/09/01,75.33,77.77,75.01,76.07,656210,50104928.00
2022/09/02,76.06,78.77,75.08,77.52,918080,70971208.00
2022/09/05,77.58,78.50,76.02,77.81,741968,57670972.00
2022/09/06,77.71,78.30,76.73,77.71,606018,47017480.00
2022/09/07,78.63,80.10,77.63,78.99,987891,78290544.00
2022/09/08,78.41,78.60,76.20,76.44,1053330,81121176.00
2022/09/09,78.49,78.49,73.03,73.23,1670285,124027520.00
2022/09/13,74.00,74.35,72.71,72.71,453866,33354920.00
2022/09/14,71.93,74.58,71.71,73.81,566912,41771124.00
2022/09/15,73.52,74.84,72.00,72.23,572615,41887720.00
2022/09/16,71.80,73.03,70.48,70.50,421796,30280632.00
2022/09/19,70.56,71.44,69.25,69.25,312233,21934146.00
2022/09/20,69.35,69.93,68.48,68.86,363879,25141100.00
2022/09/21,68.86,69.32,67.72,68.96,241917,16587866.00
2022/09/22,68.15,69.60,68.15,69.40,218284,15096572.00
2022/09/23,69.38,69.91,67.56,67.65,386014,26511052.00
2022/09/26,67.39,68.00,65.30,65.50,357280,23773196.00
2022/09/27,65.50,66.47,65.18,66.00,332041,21907672.00
2022/09/28,66.08,66.56,64.53,64.75,216569,14173194.00
2022/09/29,65.55,66.02,64.49,64.54,180902,11770939.00
2022/09/30,64.54,65.61,63.23,63.54,269962,17335218.00
2022/10/10,64.20,64.20,62.20,62.52,252180,15924240.00
2022/10/11,62.31,63.25,59.25,59.93,598363,36199264.00
2022/10/12,59.75,61.40,58.30,60.94,493306,29482458.00
2022/10/13,60.94,62.38,60.08,61.45,364001,22435680.00
2022/10/14,61.99,63.07,61.52,62.44,421252,26299924.00
2022/10/17,62.48,64.73,62.06,64.46,391558,24919034.00
2022/10/18,64.90,65.28,64.00,64.85,327994,21232672.00
2022/10/19,65.16,65.36,63.90,64.00,204731,13147410.00
2022/10/20,63.71,66.30,63.31,65.35,373720,24293604.00
2022/10/21,65.55,66.25,64.30,65.90,407207,26707870.00
2022/10/24,66.58,66.98,64.60,65.45,478027,31521316.00
2022/10/25,64.64,65.99,62.88,65.79,278356,18172038.00
2022/10/26,65.44,67.28,64.37,67.07,422748,28060670.00
2022/10/27,67.00,68.28,66.56,67.90,405793,27394084.00
2022/10/28,67.17,67.74,65.95,65.99,444310,29702908.00
2022/10/31,65.18,67.83,65.17,67.21,324330,21772284.00
2022/11/01,67.00,67.60,66.35,67.20,375278,25123748.00
2022/11/02,67.18,68.67,67.02,67.90,421293,28675304.00
2022/11/03,67.86,70.53,67.50,70.45,800064,55457008.00
2022/11/04,70.45,70.94,69.70,70.33,493078,34648712.00
2022/11/07,70.01,70.70,69.57,69.80,427131,29913134.00
2022/11/08,69.80,71.56,69.02,70.65,423720,29735036.00
2022/11/09,70.08,71.09,69.95,70.50,281460,19886332.00
2022/11/10,70.03,70.90,69.31,69.96,352471,24754072.00
2022/11/11,71.00,71.80,70.31,70.61,418482,29650880.00
2022/11/14,70.60,71.30,68.92,69.79,435355,30364132.00
2022/11/15,69.05,72.65,69.05,72.10,743010,53080712.00
2022/11/16,72.98,72.98,71.40,71.47,368606,26509312.00
2022/11/17,71.30,72.81,71.07,72.57,380676,27424234.00
2022/11/18,72.02,72.88,70.90,71.15,379652,27185132.00
2022/11/21,70.84,71.17,69.80,70.18,231479,16257319.00
2022/11/22,71.00,71.00,68.86,68.89,269692,18806854.00
2022/11/23,68.89,70.00,68.80,69.15,297353,20609348.00
2022/11/24,69.29,69.58,68.60,69.28,301691,20859662.00
2022/11/25,68.76,69.82,68.71,68.85,209145,14456977.00
2022/11/28,68.30,68.97,68.10,68.37,165477,11301025.00
2022/11/29,69.16,70.00,68.36,69.75,208645,14501941.00
2022/11/30,69.75,70.55,69.18,69.87,149001,10410097.00
2022/12/01,70.20,70.88,69.91,70.40,280778,19789992.00
2022/12/02,70.33,70.79,70.09,70.66,168304,11866827.00
2022/12/05,71.00,71.48,70.24,71.15,317142,22575560.00
2022/12/06,70.98,72.30,70.91,71.73,319418,22905506.00
2022/12/07,71.97,71.98,70.22,70.31,340175,24120378.00
2022/12/08,71.30,71.32,68.60,68.87,411919,28565376.00
2022/12/09,69.00,69.30,68.20,68.82,450662,30963440.00
2022/12/12,69.17,69.90,68.25,69.10,422799,29265968.00
2022/12/13,69.23,69.76,68.51,68.56,223482,15402176.00
2022/12/14,70.00,70.62,68.80,69.02,367116,25547114.00
2022/12/15,68.70,69.87,68.30,69.16,350672,24280800.00
2022/12/16,69.44,69.44,67.72,67.76,302159,20724564.00
2022/12/19,67.78,68.58,65.52,65.75,309161,20505252.00
2022/12/20,65.62,66.48,64.91,65.03,191026,12483577.00
2022/12/21,65.96,65.96,64.04,64.49,197790,12812048.00
2022/12/22,64.49,64.79,63.28,63.29,196893,12603156.00
2022/12/23,63.29,63.67,62.99,63.36,145802,9229607.00
2022/12/26,63.36,64.78,63.08,64.18,181945,11658937.00
2022/12/27,64.18,64.67,63.05,63.75,256628,16317221.00
2022/12/28,63.20,63.63,62.06,62.07,339205,21259836.00
2022/12/29,62.01,62.58,61.12,61.23,351215,21628432.00
2022/12/30,61.38,61.87,60.61,60.69,279602,17072322.00
2023/01/03,60.70,62.16,60.43,61.95,278974,17170694.00
2023/01/04,62.29,62.56,61.20,61.62,249840,15474526.00
2023/01/05,61.74,62.15,61.06,62.09,221963,13744834.00
2023/01/06,62.10,63.40,61.38,62.85,473874,29632134.00
2023/01/09,63.38,63.38,62.10,62.30,340322,21295072.00
2023/01/10,62.05,63.08,62.05,62.38,227246,14203759.00
2023/01/11,62.48,62.79,61.58,61.59,205991,12803321.00
2023/01/12,61.56,62.18,60.81,60.91,346178,21198278.00
2023/01/13,61.19,61.70,60.66,60.81,373279,22739662.00
2023/01/16,59.88,60.99,56.96,57.30,5429754,315915392.00
2023/01/17,56.99,57.55,55.96,56.07,4162612,235759216.00
2023/01/18,55.99,56.33,55.70,56.02,1910121,106970496.00
2023/01/19,55.75,57.08,55.75,56.50,2745145,155282016.00
2023/01/20,56.43,56.60,56.03,56.25,2352851,132474976.00
2023/01/30,56.48,56.94,56.41,56.83,2530760,143566368.00
2023/01/31,56.90,57.06,55.84,55.98,2763670,155147328.00
2023/02/01,56.14,57.27,56.00,56.79,3227802,183028080.00
2023/02/02,57.05,59.86,57.05,58.91,6970939,407943168.00
2023/02/03,59.12,59.63,58.07,58.92,3110759,182766240.00
2023/02/06,58.58,60.30,58.36,59.61,3927193,234081296.00
2023/02/07,59.60,60.48,59.12,60.23,3331615,199362784.00
2023/02/08,59.87,60.35,58.53,58.56,2887584,170877040.00
2023/02/09,58.69,62.11,58.54,61.52,6207622,376998784.00
2023/02/10,61.60,62.99,60.85,61.31,3912330,241810640.00
2023/02/13,61.30,62.18,60.67,61.43,2972981,182323040.00
2023/02/14,61.46,62.09,60.38,60.67,2773873,169487520.00
2023/02/15,64.10,70.52,63.20,68.38,13591246,894521600.00
2023/02/16,67.79,69.04,65.30,66.16,7909232,532104512.00
2023/02/17,66.40,66.40,64.34,64.58,3923653,255160768.00
2023/02/20,65.01,65.46,64.38,64.78,3625338,234829680.00
2023/02/21,64.95,65.59,63.15,63.65,4131531,265353088.00
2023/02/22,63.05,64.76,62.98,63.92,2723263,174411248.00
2023/02/23,63.62,65.15,63.61,64.95,2616951,168867520.00
2023/02/24,65.00,65.77,64.50,65.01,2830857,184147536.00
2023/02/27,64.18,66.78,64.16,66.11,4851873,317780800.00
2023/02/28,65.99,67.58,65.61,66.96,3516943,234852992.00
2023/03/01,66.90,68.76,66.50,67.40,4109637,277868608.00
2023/03/02,68.00,69.86,67.02,67.37,3627655,247509040.00
2023/03/03,67.50,69.66,67.41,68.46,3508867,240642960.00
2023/03/06,68.00,69.70,67.42,67.69,2890554,197834832.00
2023/03/07,67.60,68.16,65.03,65.07,3391447,224341328.00
2023/03/08,65.10,65.96,64.64,65.18,2376975,154868464.00
2023/03/09,65.63,66.16,64.61,65.82,2213213,145046848.00
2023/03/10,65.03,66.88,64.85,65.63,3152689,207661184.00
2023/03/13,65.30,67.39,64.76,66.86,2831716,188379792.00
2023/03/14,66.86,66.97,65.50,65.90,1905530,125811440.00
2023/03/15,65.99,67.50,65.99,66.25,1903014,127186608.00
2023/03/16,65.48,66.77,64.81,66.00,2156319,141832736.00
2023/03/17,66.01,67.29,66.01,66.80,2161327,144554704.00
2023/03/20,67.00,69.60,66.50,68.03,3930003,267578144.00
2023/03/21,67.95,68.66,67.00,68.55,3040655,207434176.00
2023/03/22,68.61,68.87,67.81,68.69,2077615,142142672.00
2023/03/23,68.30,71.88,68.25,71.83,6863029,486995584.00
2023/03/24,71.98,79.38,71.00,77.50,14195784,1065713152.00
2023/03/27,80.00,85.80,80.00,83.11,14105284,1175921408.00
2023/03/28,84.50,84.96,77.80,79.73,10267026,833475840.00
2023/03/29,81.80,82.80,77.77,78.95,6914868,552650560.00
2023/03/30,79.67,79.95,75.27,75.97,5430896,419664000.00
2023/03/31,76.00,77.28,72.91,76.31,5932222,446605728.00
2023/04/03,75.65,80.50,75.43,79.24,8001741,623153024.00
2023/04/04,79.03,82.00,77.48,78.42,7454288,594759680.00
2023/04/06,79.00,84.95,79.00,81.95,10055069,832488576.00
2023/04/07,81.94,83.22,79.18,81.20,7451966,604797568.00
2023/04/10,80.86,84.18,79.10,80.35,7635053,623993856.00
2023/04/11,81.96,87.00,77.30,78.00,8195124,659325312.00
2023/04/12,77.19,82.00,76.50,79.51,5278620,417387776.00
2023/04/13,78.80,79.51,75.93,76.30,5220643,403457984.00
2023/04/14,77.01,77.79,74.80,77.55,4362339,334222048.00
2023/04/17,77.55,77.55,73.76,74.01,5313252,397630464.00
2023/04/18,73.76,74.69,71.38,73.79,5109720,374036864.00
2023/04/19,73.99,75.13,73.13,74.26,2766120,205278656.00
2023/04/20,73.95,75.82,73.51,74.60,3751580,280256320.00
2023/04/21,74.05,74.39,71.39,71.46,4118803,298022208.00
2023/04/24,71.17,72.57,69.51,70.86,3866826,272565760.00
2023/04/25,70.39,70.80,67.12,67.44,3806586,260320416.00
2023/04/26,67.50,68.80,66.42,66.96,2909320,196206288.00
2023/04/27,66.66,67.33,65.65,65.90,2205299,146326224.00
2023/04/28,63.96,66.66,63.53,66.38,2740473,180212704.00
2023/05/04,66.20,66.78,65.50,66.30,1928642,127428104.00
2023/05/05,66.07,66.38,64.17,64.97,3230518,209692944.00
2023/05/08,64.90,67.19,64.58,66.30,1957730,129296184.00
2023/05/09,66.00,66.86,65.11,65.24,1595493,105359560.00
2023/05/10,64.82,66.13,64.60,65.74,1349384,88405040.00
2023/05/11,65.70,67.16,65.38,65.98,1097919,72732872.00
2023/05/12,66.25,70.82,65.35,70.60,3459861,236506864.00
2023/05/15,69.00,70.25,67.44,69.00,3072077,211872672.00
2023/05/16,68.52,71.30,68.50,69.05,3002874,210045392.00
2023/05/17,68.82,70.00,68.16,68.91,1391289,96071360.00
2023/05/18,68.99,69.59,67.72,68.01,1737901,118995440.00
2023/05/19,67.62,72.00,67.62,71.08,4323198,306539488.00
2023/05/22,71.80,72.20,69.90,70.02,1996059,140656000.00
2023/05/23,70.14,73.77,69.53,72.55,4268989,308808928.00
2023/05/24,72.01,73.00,71.01,72.73,2532471,183261328.00
2023/05/25,72.96,73.98,70.43,71.61,2918319,209354048.00
2023/05/26,71.87,72.17,70.90,71.50,1406086,100542664.00
2023/05/29,72.50,76.80,72.20,75.77,5597797,421126848.00
2023/05/30,75.55,78.20,75.38,76.68,4041566,311205728.00
2023/05/31,76.87,80.30,75.89,79.29,5570184,437074400.00
2023/06/01,80.00,80.00,78.50,79.00,2720240,215110240.00
2023/06/02,78.60,79.50,78.18,78.70,2027233,159897328.00
2023/06/05,78.80,82.25,78.27,80.72,4276189,346690496.00
2023/06/06,80.02,80.56,77.00,77.35,3135027,245686336.00
2023/06/07,77.35,80.10,77.35,79.90,2995193,236879552.00
2023/06/08,80.48,81.98,79.67,81.09,5298898,429089280.00
2023/06/09,81.00,85.10,79.52,82.92,14423683,1190750336.00
2023/06/12,82.90,84.98,82.21,84.38,5728412,480468928.00
2023/06/13,84.58,86.50,83.60,84.45,3541679,300179712.00
2023/06/14,86.00,86.01,82.80,83.59,3381514,283902880.00
2023/06/15,83.30,84.48,81.88,82.20,2397032,198161728.00
2023/06/16,82.00,82.58,80.30,80.49,2586998,209519104.00
2023/06/19,80.55,81.18,78.96,79.42,3430237,272863552.00
2023/06/20,79.17,80.03,77.90,78.22,2858613,224622432.00
2023/06/21,78.16,78.48,76.00,76.63,2588556,198733648.00
2023/06/26,75.94,77.88,75.01,76.65,2430903,187284080.00
2023/06/27,76.93,78.78,75.25,75.79,2115544,162326880.00
2023/06/28,75.84,76.49,74.79,75.49,1358872,102599976.00
2023/06/29,75.49,76.94,74.52,75.10,1330945,100242336.00
2023/06/30,75.80,76.35,73.54,75.39,1882805,141132160.00
2023/07/03,75.40,77.30,74.90,76.14,1405357,107085912.00
2023/07/04,76.10,77.40,75.41,75.57,1627697,124033368.00
2023/07/05,75.58,77.32,75.55,76.48,1561323,119974296.00
2023/07/06,75.70,76.95,75.67,75.83,1039147,79057568.00
2023/07/07,76.34,77.37,75.60,76.50,1440064,110235024.00
2023/07/10,76.46,77.25,76.14,76.59,771319,59169888.00
2023/07/11,76.85,77.89,76.66,77.60,1248314,96645880.00
2023/07/12,77.19,78.84,76.80,77.50,1531597,119111504.00
2023/07/13,77.78,79.59,77.28,78.89,1282813,101085304.00
2023/07/14,78.89,79.27,76.80,77.66,1280431,99757840.00
2023/07/17,77.62,79.32,77.25,79.25,1115413,87618880.00
2023/07/18,79.12,80.35,79.11,80.00,1090622,87225384.00
2023/07/19,80.00,80.60,79.52,79.92,1120327,89682816.00
2023/07/20,80.17,80.17,74.68,77.28,2674790,205950752.00
2023/07/21,77.31,77.81,76.03,76.98,1087274,83917664.00
2023/07/24,77.90,77.90,76.52,76.76,817315,62966312.00
2023/07/25,77.90,77.90,76.42,76.43,1344229,103209552.00
2023/07/26,76.90,77.42,76.30,76.61,862708,66195536.00
2023/07/27,76.98,78.52,76.30,76.67,1410306,108644504.00
2023/07/28,76.18,77.40,76.18,76.67,1019240,78202056.00
2023/07/31,76.62,77.90,76.32,76.96,1246746,96173272.00
2023/08/01,77.02,77.48,76.10,76.28,1236070,94900040.00
2023/08/02,76.28,77.39,76.28,77.06,1298883,99940200.00
2023/08/03,77.15,77.52,76.80,76.80,1013429,78030000.00
2023/08/04,76.85,78.43,76.57,76.66,1302474,100738360.00
2023/08/07,77.00,77.45,76.41,76.74,944203,72616304.00
2023/08/08,76.82,77.09,74.88,76.00,1312544,99833936.00
2023/08/09,75.70,76.35,75.05,75.85,1052676,79710000.00
2023/08/10,75.99,76.69,75.46,76.20,1138592,86694536.00
2023/08/11,76.32,77.44,76.19,76.82,959563,73852704.00
2023/08/14,76.89,77.62,74.80,75.10,1319049,100148880.00
2023/08/15,74.81,75.60,71.51,72.23,2037106,148012128.00
2023/08/16,72.22,72.59,71.10,71.85,1105598,79654312.00
2023/08/17,72.00,72.65,71.38,71.99,911642,65661056.00
2023/08/18,73.58,74.28,71.41,71.60,1217280,88822072.00
2023/08/21,71.14,72.08,69.91,69.92,984448,69757080.00
2023/08/22,70.52,70.98,69.13,70.20,1573212,110425280.00
2023/08/23,70.17,70.92,69.38,69.45,1153166,80500888.00
2023/08/24,69.50,70.00,68.88,69.13,942356,65350316.00
2023/08/25,68.94,69.59,67.45,67.81,1014957,69452648.00
2023/08/28,71.15,71.79,68.50,68.87,1827839,128678832.00
2023/08/29,68.69,71.00,67.28,67.80,2960816,204098720.00
2023/08/30,70.15,71.44,68.91,69.97,3174407,222952864.00
2023/08/31,69.40,70.58,69.18,70.04,1786115,124897848.00
2023/09/01,70.00,70.49,69.20,70.26,1158669,80974160.00
2023/09/04,70.26,70.95,69.01,69.32,1868986,130337312.00
2023/09/05,69.30,70.00,68.88,69.30,1328020,92132880.00
2023/09/06,69.07,69.51,68.30,68.97,1410556,97217976.00
2023/09/07,69.00,69.34,67.21,67.41,1781072,121416816.00
2023/09/08,67.00,67.36,66.57,66.66,1120860,75005896.00
2023/09/11,66.59,69.33,66.59,68.58,1400284,95438640.00
2023/09/12,69.12,69.48,66.50,66.71,1330991,89802152.00
2023/09/13,66.69,67.01,65.45,65.67,1072709,70791216.00
2023/09/14,65.86,66.38,65.12,65.18,839653,55019244.00
2023/09/15,65.23,67.04,64.70,67.04,2270901,150169152.00
2023/09/18,65.81,65.97,64.60,65.07,1107619,72286592.00
2023/09/19,65.40,65.40,63.81,63.98,1174143,75504720.00
2023/09/20,63.97,64.63,63.75,63.83,771687,49548824.00
2023/09/21,63.73,64.28,63.33,63.51,1073848,68447616.00
2023/09/22,63.30,64.85,62.90,64.85,1094287,70365216.00
2023/09/25,64.31,64.96,63.50,63.80,866501,55435736.00
2023/09/26,64.00,64.00,62.63,62.66,1107312,69735672.00
2023/09/27,62.71,63.32,62.53,62.80,825465,51919632.00
2023/09/28,62.80,63.46,62.80,63.03,1053387,66365224.00
2023/10/09,62.75,63.28,61.63,62.17,875471,54392544.00
2023/10/10,61.90,62.90,61.90,61.93,1053848,65732916.00
2023/10/11,62.00,62.68,61.32,61.44,1438830,89092592.00
2023/10/12,61.50,62.08,60.50,60.82,1375483,84084472.00
2023/10/13,60.66,61.04,60.15,60.94,936815,56949876.00
2023/10/16,60.94,60.95,58.90,59.80,1758194,104860064.00
2023/10/17,59.67,59.98,58.88,59.69,1595925,94829200.00
2023/10/18,59.69,59.92,57.80,58.17,1701741,99397360.00
2023/10/19,58.00,61.50,57.88,60.79,3330174,200560560.00
2023/10/20,61.78,66.08,60.38,60.90,5434263,344987520.00
2023/10/23,59.90,59.90,55.55,56.45,4069225,232242832.00
2023/10/24,57.00,57.66,55.68,56.98,2483950,141011296.00
2023/10/25,57.23,58.40,56.69,56.74,2120297,122067552.00
2023/10/26,56.50,57.71,55.85,57.36,2206479,125130440.00
2023/10/27,56.98,61.13,56.98,60.85,2873561,170690816.00
2023/10/30,61.78,66.66,60.10,65.15,6126893,395806272.00
2023/10/31,65.00,66.30,64.66,65.23,2647026,173178368.00
2023/11/01,65.73,65.73,63.78,64.06,1701610,109562592.00
2023/11/02,64.12,67.28,63.79,66.21,4109775,270359648.00
2023/11/03,65.99,69.94,65.60,69.70,4386362,298359296.00
2023/11/06,70.70,72.27,69.88,70.66,3691917,262068176.00
2023/11/07,70.51,70.75,67.91,68.36,2632208,181282960.00
2023/11/08,68.36,68.68,65.29,67.19,3600880,239317440.00
2023/11/09,67.00,68.19,65.94,66.50,1725048,115281472.00
2023/11/10,66.97,68.15,66.00,67.83,2346286,157537216.00
2023/11/13,68.50,68.65,67.00,68.35,1355474,92170840.00
2023/11/14,68.01,70.40,67.88,70.02,3153288,219786336.00
2023/11/15,70.60,72.22,69.50,72.10,4042168,288033184.00
2023/11/16,71.50,72.48,70.50,70.50,1401931,100043584.00
2023/11/17,70.00,70.95,69.57,69.77,931242,65242216.00
2023/11/20,69.80,70.76,68.73,69.40,1454914,100765328.00
2023/11/21,69.40,69.79,67.00,67.00,1951803,132625600.00
2023/11/22,67.16,67.45,66.71,66.80,1223352,81988144.00
2023/11/23,66.60,67.32,65.80,66.77,1706288,113325464.00
2023/11/24,66.49,66.59,65.12,65.64,1146826,75211376.00
2023/11/27,67.00,69.50,67.00,68.10,3011467,205424832.00
2023/11/28,68.14,69.82,67.80,68.79,1997454,137551808.00
2023/11/29,68.82,69.29,67.50,67.59,1509294,102757280.00
2023/11/30,67.57,67.60,66.41,66.97,1200103,80267728.00
2023/12/01,66.97,66.97,65.50,66.20,1432489,94708800.00
2023/12/04,66.25,67.57,65.55,67.28,1578574,105671984.00
2023/12/05,67.00,67.74,65.60,67.20,1748518,116671560.00
2023/12/06,66.67,68.19,65.92,66.48,1708833,114393224.00
2023/12/07,66.28,66.71,64.88,65.65,2083175,136226592.00
2023/12/08,65.63,66.68,64.91,66.68,3831830,251107392.00
2023/12/11,66.23,67.66,65.50,67.60,2147582,142985216.00
2023/12/12,68.03,69.20,67.05,68.19,1417752,96280568.00
2023/12/13,67.90,68.98,67.65,68.28,1307750,89407168.00
2023/12/14,68.28,69.68,67.90,68.06,1202149,82800152.00
2023/12/15,68.06,69.35,67.79,68.90,1556561,106776544.00
2023/12/18,68.90,69.10,66.88,67.99,1514723,102744056.00
2023/12/19,67.98,69.28,67.58,68.05,1483398,101703120.00
2023/12/20,68.69,68.69,66.90,67.27,925456,62527376.00
2023/12/21,67.07,68.73,66.70,68.00,1305108,88710840.00
2023/12/22,68.45,69.58,66.20,67.22,1886871,127767104.00
2023/12/25,67.21,67.65,64.95,65.82,1273592,83885552.00
2023/12/26,65.62,66.16,64.90,65.11,981574,64324528.00
2023/12/27,65.10,66.29,64.40,65.68,1602299,104645568.00
2023/12/28,65.59,67.89,65.22,67.33,1632117,108632032.00
2023/12/29,67.33,70.64,67.33,70.44,2070560,144402416.00
2024/01/02,70.41,70.75,66.50,66.58,2041081,138658016.00
2024/01/03,66.51,66.68,65.00,65.28,1406940,92546944.00
2024/01/04,65.49,65.49,62.60,63.15,2047403,130011200.00
2024/01/05,63.10,64.47,62.06,62.54,1618115,102042616.00
2024/01/08,62.00,62.47,60.38,60.42,1754168,107319464.00
2024/01/09,60.87,61.87,58.88,59.46,1946030,116164896.00
2024/01/10,59.28,60.16,58.66,58.67,1829370,108698288.00
2024/01/11,59.00,59.26,57.91,58.88,2073561,121316808.00
2024/01/12,58.60,58.78,57.02,57.61,2811071,162151728.00
2024/01/15,57.45,59.63,57.16,58.61,2207411,129496624.00
2024/01/16,58.61,59.45,57.70,58.08,1095165,63950696.00
2024/01/17,58.00,58.05,56.08,56.08,1116438,63612272.00
2024/01/18,56.05,56.42,54.55,55.98,1814559,100497384.00
2024/01/19,55.90,56.89,55.20,55.53,1466968,81990704.00
2024/01/22,55.80,55.80,52.13,52.28,2225846,119474408.00
2024/01/23,52.34,53.78,51.60,53.19,2193505,115408320.00
2024/01/24,53.44,54.40,52.06,53.45,1355246,72182256.00
2024/01/25,53.60,55.65,53.01,54.72,1708920,93513040.00
2024/01/26,54.56,55.25,52.70,52.80,1662205,89456608.00
2024/01/29,52.97,53.88,51.18,51.20,1350308,70291688.00
2024/01/30,51.00,51.54,48.10,48.49,2563042,127406560.00
2024/01/31,48.60,49.08,45.91,46.01,3144997,147752720.00
2024/02/01,46.02,48.66,45.54,46.99,2705550,127774464.00
2024/02/02,47.32,47.45,42.69,44.00,3613394,160944288.00
2024/02/05,44.13,44.33,38.80,41.30,4140418,169687456.00
2024/02/06,40.20,44.75,39.71,44.49,4088596,175720848.00
2024/02/07,44.19,49.10,44.00,48.98,5276009,251617472.00
2024/02/08,49.69,56.30,49.33,51.79,4776362,255854448.00
2024/02/19,52.37,52.37,49.00,49.05,2438796,122998920.00
数据来源:通达信
