603269 海鸥股份 日线 后复权
      日期	    开盘	    最高	    最低	    收盘	    成交量	    成交额
2017/05/17,12.61,12.61,12.61,12.61,11900,150059.00
2017/05/18,13.87,13.87,13.87,13.87,4500,62415.00
2017/05/19,15.26,15.26,15.26,15.26,6276,95772.00
2017/05/22,16.79,16.79,16.79,16.79,11598,194730.00
2017/05/23,18.47,18.47,18.47,18.47,34335,634167.00
2017/05/24,20.32,20.32,20.32,20.32,70076,1423944.00
2017/05/25,22.35,22.35,22.35,22.35,74106,1656269.00
2017/05/26,24.59,24.59,24.59,24.59,66347,1631473.00
2017/05/31,27.05,27.05,27.05,27.05,122944,3325635.00
2017/06/01,29.76,29.76,29.76,29.76,490796,14606089.00
2017/06/02,32.74,32.74,32.74,32.74,5399017,176763824.00
2017/06/05,36.01,36.01,33.00,33.39,9862206,342081184.00
2017/06/06,32.58,36.73,32.20,36.73,17983442,642780928.00
2017/06/07,37.00,40.40,37.00,40.40,8089727,316298112.00
2017/06/08,44.44,44.44,38.40,38.70,19697286,816654080.00
2017/06/09,37.74,39.00,35.38,36.06,13480330,498525088.00
2017/06/12,34.85,35.88,33.32,33.71,9724907,334871520.00
2017/06/13,33.88,34.43,32.88,34.13,8902392,299688800.00
2017/06/14,33.35,33.45,31.15,31.87,8217753,264456576.00
2017/06/15,31.99,32.84,31.66,32.12,6360760,205685376.00
2017/06/16,31.80,31.80,30.80,31.63,5444077,170975984.00
2017/06/19,31.50,32.00,30.90,31.35,3715283,116520824.00
2017/06/20,31.50,31.73,30.92,31.16,3553663,111353488.00
2017/06/21,31.16,32.45,30.91,31.74,4800487,151935536.00
2017/06/22,31.60,32.88,31.21,32.18,6919898,220991344.00
2017/06/23,31.80,32.09,29.51,31.12,6194859,191590448.00
2017/06/26,30.31,31.12,30.22,30.86,2668346,81992624.00
2017/06/27,30.66,31.16,30.10,30.22,2380106,72700776.00
2017/06/28,30.04,30.10,28.90,29.03,2967416,87096752.00
2017/06/29,29.15,29.88,29.02,29.06,2651118,77646528.00
2017/06/30,28.83,29.66,28.65,29.38,2837288,83187480.00
2017/07/03,29.19,29.52,28.88,29.38,1726082,50386048.00
2017/07/04,29.43,29.76,29.32,29.52,1959235,57877016.00
2017/07/05,29.64,30.26,29.40,30.14,2585632,77424512.00
2017/07/06,30.00,31.69,29.89,31.21,4573469,141110176.00
2017/07/07,32.11,33.30,31.30,31.37,5884647,189958992.00
2017/07/10,30.10,30.60,29.50,29.69,3763347,112969048.00
2017/07/11,29.21,29.54,29.01,29.29,2126114,62219400.00
2017/07/12,29.25,29.45,28.66,29.37,1710276,49768400.00
2017/07/13,29.20,29.20,28.50,28.68,1568961,45205428.00
2017/07/14,28.42,28.98,28.10,28.13,999530,28417760.00
2017/07/17,27.47,28.13,25.55,27.41,3088284,82197560.00
2017/07/18,26.36,27.31,26.20,27.03,1471397,39399388.00
2017/07/19,26.50,26.90,26.26,26.61,1153366,30661430.00
2017/07/20,26.61,27.04,26.00,26.38,1169135,31109974.00
2017/07/21,26.28,26.29,25.81,25.99,939535,24438196.00
2017/07/24,25.70,26.23,25.61,26.05,827103,21474974.00
2017/07/25,26.20,26.30,25.96,26.00,744623,19429376.00
2017/07/26,26.04,26.04,25.34,25.66,857123,22003574.00
2017/07/27,25.66,26.49,25.17,26.29,1520130,39601352.00
2017/07/28,26.14,26.38,25.88,26.24,1185661,30897880.00
2017/07/31,27.40,28.67,26.98,27.30,8803847,243570848.00
2017/08/01,26.31,26.65,25.70,25.95,4323844,112525656.00
2017/08/02,25.50,25.73,24.71,24.73,3520513,88577600.00
2017/08/03,24.50,25.00,24.10,24.83,2306664,56708416.00
2017/08/04,24.66,24.73,24.03,24.09,1870292,45484304.00
2017/08/07,24.15,24.58,24.08,24.22,1126408,27321036.00
2017/08/08,24.30,24.30,23.81,24.00,1354195,32482596.00
2017/08/09,24.07,24.16,23.87,23.93,920295,22030220.00
2017/08/10,23.93,23.99,21.54,22.99,1562275,36324448.00
2017/08/11,22.77,23.20,22.54,22.72,1397479,31825982.00
2017/08/14,22.75,23.10,22.70,23.02,1024791,23493804.00
2017/08/15,23.44,23.55,23.10,23.38,1437251,33584604.00
2017/08/16,23.45,23.95,23.25,23.84,1526621,36141400.00
2017/08/17,23.90,23.97,23.65,23.88,1300771,31025314.00
2017/08/18,23.69,24.86,23.51,24.69,3156888,76822880.00
2017/08/21,24.46,26.00,24.19,25.97,4569973,115198480.00
2017/08/22,25.84,26.95,25.60,26.56,5139252,135674208.00
2017/08/23,26.55,27.25,26.30,26.97,4681314,125753448.00
2017/08/24,26.74,29.00,26.70,28.36,7233088,199700176.00
2017/08/25,28.10,28.80,27.78,28.28,6147509,174233568.00
2017/08/28,28.45,30.50,28.00,29.81,6607420,194541296.00
2017/08/29,29.81,31.00,29.51,30.07,7744804,235189616.00
2017/08/30,30.05,30.22,29.40,30.03,4546144,135600560.00
2017/08/31,30.30,30.30,29.10,29.66,6222158,184174576.00
2017/09/01,29.68,31.00,29.39,30.73,5574458,168695760.00
2017/09/04,30.93,30.99,30.11,30.63,2888900,87963136.00
2017/09/05,30.26,31.72,29.72,31.46,5009005,154549296.00
2017/09/06,31.45,31.87,30.12,31.02,4372425,136490960.00
2017/09/07,30.90,31.65,30.32,30.85,3422200,105588840.00
2017/09/08,30.75,31.29,30.33,30.88,3142858,97215024.00
2017/09/11,31.10,32.90,30.88,32.69,7015830,225307120.00
2017/09/12,32.60,33.39,31.60,32.88,4121820,132834912.00
2017/09/13,32.79,36.10,32.33,35.54,8431084,285928704.00
2017/09/14,34.78,37.20,31.99,34.20,15303636,528650400.00
2017/09/15,30.78,31.88,30.78,30.78,7469675,231598704.00
2017/09/18,29.01,29.36,27.70,27.73,7622187,214349616.00
2017/09/19,27.75,28.35,27.44,27.97,4087995,114458760.00
2017/09/20,27.69,27.89,27.30,27.76,3893423,107355016.00
2017/09/21,27.76,28.30,27.52,27.74,3733152,104287904.00
2017/09/22,27.60,27.77,26.91,27.63,2719727,74587664.00
2017/09/25,27.50,28.09,27.15,27.31,2329241,64485380.00
2017/09/26,27.32,27.46,26.05,26.42,2987549,79214792.00
2017/09/27,26.50,26.75,26.26,26.64,1481647,39197480.00
2017/09/28,26.55,26.85,26.27,26.30,1707252,45296308.00
2017/09/29,26.31,26.70,26.31,26.56,1162952,30812068.00
2017/10/09,26.95,27.33,26.74,27.01,1445645,39050080.00
2017/10/10,27.07,27.92,27.07,27.83,1976902,54436816.00
2017/10/11,27.88,28.24,27.38,27.39,1840971,51047488.00
2017/10/12,27.38,27.93,27.10,27.51,1569471,43196784.00
2017/10/13,27.58,28.30,27.35,28.29,3117555,87431968.00
2017/10/16,28.28,28.34,27.00,27.30,2201023,60793920.00
2017/10/17,27.30,27.74,26.85,27.44,1380710,37826268.00
2017/10/18,27.48,27.77,26.78,26.88,1565381,42775788.00
2017/10/19,26.85,26.85,26.03,26.27,1731638,45540952.00
2017/10/20,26.01,26.49,26.00,26.42,1171851,30850388.00
2017/10/23,26.38,27.15,26.31,27.02,1208521,32409208.00
2017/10/24,26.98,26.98,26.38,26.77,844971,22585154.00
2017/10/25,26.79,27.88,26.43,27.68,2114371,57897520.00
2017/10/26,27.60,28.19,27.35,28.01,2202571,61380224.00
2017/10/27,27.86,28.18,27.37,27.78,2007040,55826312.00
2017/10/30,27.44,27.44,25.80,26.23,2383565,63271484.00
2017/10/31,26.23,26.82,26.00,26.77,1351862,35661052.00
2017/11/01,26.77,26.96,26.51,26.92,1203515,32289932.00
2017/11/02,26.91,27.44,26.26,27.28,1950576,52690184.00
2017/11/03,27.05,27.25,26.60,26.67,1246576,33494668.00
2017/11/06,26.80,27.26,26.77,27.24,1318176,35629480.00
2017/11/07,27.25,27.59,27.05,27.46,1582820,43259016.00
2017/11/08,27.40,28.25,27.18,28.09,3606020,100330504.00
2017/11/09,27.89,28.18,27.70,28.08,2252094,63013528.00
2017/11/10,28.04,28.38,27.81,27.96,2161311,60737096.00
2017/11/13,27.98,28.19,27.64,27.97,1956161,54620820.00
2017/11/14,28.04,28.97,27.75,28.92,4464687,126997448.00
2017/11/15,28.64,29.35,28.30,28.60,3389776,97635384.00
2017/11/16,28.17,28.60,27.01,27.06,2422805,67622896.00
2017/11/17,27.05,27.14,25.05,25.38,2870934,75765056.00
2017/11/20,24.92,25.70,24.01,25.56,1946884,48544000.00
2017/11/21,25.22,25.80,24.10,24.77,1626470,40681280.00
2017/11/22,24.72,25.18,24.50,24.97,1260566,31346500.00
2017/11/23,24.94,25.15,24.25,24.28,1396731,34701808.00
2017/11/24,23.95,24.35,23.85,24.05,1234200,29656228.00
2017/11/27,23.99,24.10,23.51,23.84,765076,18228094.00
2017/11/28,23.86,24.16,23.81,24.09,803147,19282874.00
2017/11/29,24.23,24.53,23.76,24.12,1206771,28954610.00
2017/11/30,24.03,24.50,24.03,24.09,692732,16779452.00
2017/12/01,24.06,24.35,23.90,24.27,687094,16646952.00
2017/12/04,24.02,24.42,23.20,23.47,1381100,32760898.00
2017/12/05,23.25,23.55,21.31,22.36,2145395,47760688.00
2017/12/06,22.27,22.78,21.91,22.55,1335571,29830268.00
2017/12/07,22.32,22.60,22.26,22.40,824895,18517408.00
2017/12/08,22.30,22.96,22.20,22.78,837123,19003700.00
2017/12/11,22.74,23.01,22.51,22.87,560290,12787001.00
2017/12/12,22.87,22.96,22.05,22.14,616122,13865912.00
2017/12/13,22.14,22.65,22.08,22.58,684089,15324707.00
2017/12/14,22.65,22.99,22.40,22.92,690565,15702247.00
2017/12/15,22.91,23.08,22.43,22.62,719551,16341719.00
2017/12/18,22.70,22.76,22.37,22.42,507771,11433801.00
2017/12/19,22.44,23.30,22.44,23.26,1045286,24042962.00
2017/12/20,23.30,23.32,22.46,22.82,739576,17048956.00
2017/12/21,22.61,22.88,22.31,22.77,578118,13109846.00
2017/12/22,22.88,23.23,22.70,22.87,881400,20260330.00
2017/12/25,22.59,22.94,22.36,22.54,565100,12753757.00
2017/12/26,22.46,23.32,22.46,23.18,1315178,30340288.00
2017/12/27,23.28,23.47,23.06,23.40,998030,23309808.00
2017/12/28,23.32,24.29,23.03,24.07,1846804,43565936.00
2017/12/29,24.04,25.06,23.80,24.94,1712300,41880380.00
2018/01/02,25.00,25.30,24.40,24.98,1295900,32264110.00
2018/01/03,24.73,25.16,24.38,24.98,1439149,35494192.00
2018/01/04,25.60,26.00,24.60,24.79,2478895,62604636.00
2018/01/05,24.60,25.24,24.23,24.97,2364600,58727624.00
2018/01/08,24.83,25.27,24.83,25.22,1484624,37375392.00
2018/01/09,25.30,25.49,24.99,25.43,1459600,36828952.00
2018/01/10,25.43,25.67,24.79,25.25,1421900,35840300.00
2018/01/11,25.03,25.95,24.90,25.77,3928632,100832528.00
2018/01/12,26.00,26.00,25.30,25.68,3098200,79574616.00
2018/01/15,25.67,25.67,24.86,25.31,2422277,61225752.00
2018/01/16,25.15,25.62,25.04,25.32,1535807,38926388.00
2018/01/17,25.39,25.55,24.42,25.41,1620057,40994928.00
2018/01/18,25.36,27.00,25.26,26.88,4484714,116931176.00
2018/01/19,26.69,27.26,25.00,26.05,7078242,187345136.00
2018/01/22,25.43,26.04,23.88,25.54,3635200,90633288.00
2018/01/23,25.28,27.00,24.88,26.65,2739544,70635688.00
2018/01/24,26.35,27.50,26.35,27.36,3848937,103793968.00
2018/01/25,27.58,27.98,26.40,26.87,7020739,190371616.00
2018/01/26,26.89,26.89,25.45,26.57,3758277,98126064.00
2018/01/29,26.26,26.28,25.80,25.97,1008000,26309768.00
2018/01/30,25.96,26.19,25.78,25.96,912325,23679004.00
2018/01/31,26.00,26.15,25.40,25.91,1191299,30571612.00
2018/02/01,25.91,25.92,23.32,25.28,3639070,87860792.00
2018/02/02,24.68,25.45,24.19,25.37,2110862,51908072.00
2018/02/05,25.14,26.03,25.10,25.97,1150900,29633096.00
2018/02/06,25.79,26.20,25.39,25.94,2486000,64482856.00
2018/02/07,26.36,27.59,26.17,27.51,2810334,75761112.00
2018/02/08,27.20,29.50,27.05,29.09,4175622,116333184.00
2018/02/09,28.58,29.09,27.00,28.85,2814676,79942064.00
2018/02/12,28.62,29.50,28.40,29.12,2396778,69327016.00
2018/02/13,29.11,30.93,28.87,30.09,2212976,65948952.00
2018/02/14,30.37,30.37,29.54,29.92,1390195,41499672.00
2018/02/22,29.82,32.43,29.82,32.07,2423571,75867208.00
2018/02/23,32.10,35.15,31.62,34.39,2336519,77700656.00
2018/02/26,34.50,34.57,33.00,34.40,1474795,50071964.00
2018/02/27,34.00,34.08,33.10,33.97,1850045,61999480.00
2018/02/28,33.75,33.97,33.34,33.85,1111190,37253196.00
2018/03/01,33.80,34.33,33.70,33.75,712700,24107248.00
2018/03/02,33.50,33.88,33.50,33.78,767842,25913822.00
2018/03/05,33.85,35.74,33.85,35.56,1693166,59545420.00
2018/03/06,35.49,36.40,35.45,35.86,2214242,79073816.00
2018/03/07,36.00,36.34,35.80,36.14,1400395,50540056.00
2018/03/08,36.80,37.00,35.30,36.05,1620676,58513144.00
2018/03/09,36.00,38.58,35.97,38.41,1394393,51715368.00
2018/03/12,38.35,40.47,38.31,39.76,1546600,60566508.00
2018/03/13,39.88,39.98,39.30,39.56,1418900,56260900.00
2018/03/14,39.56,42.72,39.45,41.64,2140156,86249304.00
2018/03/15,41.70,42.34,40.40,42.12,1881107,77943272.00
2018/03/16,42.58,44.43,37.91,43.41,15051340,603401536.00
2018/03/19,39.07,39.07,39.07,39.07,546500,21351756.00
2018/03/20,35.16,35.60,35.16,35.16,5806353,204175040.00
2018/03/21,32.34,33.74,31.64,31.64,13839653,442546368.00
2018/03/22,30.11,30.67,28.81,29.05,9674650,287631104.00
2018/03/23,27.90,27.90,26.15,26.15,6385878,171826080.00
2018/03/26,25.20,26.80,24.80,26.41,5286645,136714992.00
2018/03/27,26.65,27.49,26.21,27.30,6098432,164163584.00
2018/03/28,26.53,26.94,25.77,25.88,4724851,124747040.00
2018/03/29,26.20,27.53,26.02,27.14,5795447,155339296.00
2018/03/30,27.13,27.40,26.70,26.92,3917794,105541928.00
2018/04/02,26.90,27.38,26.54,26.92,3959878,107043664.00
2018/04/03,26.50,26.50,25.87,26.00,3149795,82128960.00
2018/04/04,26.30,26.47,25.70,25.88,2345200,61301996.00
2018/04/09,25.90,26.16,25.12,25.47,2474695,63068420.00
2018/04/10,25.40,25.81,24.87,25.48,2640795,66946384.00
2018/04/11,25.51,26.35,25.42,26.10,3188900,82866328.00
2018/04/12,26.81,28.19,26.38,27.80,7952571,219251472.00
2018/04/13,27.27,27.55,26.66,26.97,4580695,124156096.00
2018/04/16,26.80,26.97,25.22,25.62,3309900,86059192.00
2018/04/17,25.48,25.95,24.93,25.16,2391000,60833448.00
2018/04/18,25.51,25.52,23.60,24.81,2705000,66049016.00
2018/04/19,24.52,24.93,24.30,24.67,2156195,53080188.00
2018/04/20,24.59,24.60,23.46,23.49,2307600,55267876.00
2018/04/23,23.50,23.88,23.41,23.53,1530476,36150288.00
2018/04/24,23.80,24.50,23.60,24.42,2574071,62092196.00
2018/04/25,24.19,24.78,24.12,24.32,2055776,50182884.00
2018/04/26,24.55,24.66,23.05,23.33,1929276,46198420.00
2018/04/27,23.40,23.98,23.16,23.77,1691895,39852392.00
2018/05/02,23.87,23.88,23.04,23.16,1753766,40856572.00
2018/05/03,23.13,23.60,22.50,23.58,2111400,48774228.00
2018/05/04,23.43,23.58,23.08,23.23,1484757,34551088.00
2018/05/07,23.38,23.87,23.25,23.78,1744076,41206888.00
2018/05/08,23.86,24.19,23.73,23.93,1934076,46399404.00
2018/05/09,23.99,26.32,23.88,26.32,5696333,144684992.00
2018/05/10,26.80,28.51,25.74,27.20,9162391,247962912.00
2018/05/11,26.62,26.85,25.44,25.80,5537032,144301840.00
2018/05/14,25.10,26.16,24.62,25.65,4307530,108329288.00
2018/05/15,25.20,25.73,25.04,25.62,2816210,71846528.00
2018/05/16,25.50,25.58,24.70,24.72,2963476,73956496.00
2018/05/17,24.72,25.13,24.50,24.89,1906835,47531668.00
2018/05/18,24.68,25.43,24.68,25.39,2326392,58197576.00
2018/05/21,25.45,26.28,25.44,25.98,3566154,92699672.00
2018/05/22,26.10,26.28,25.48,26.02,2738100,70691680.00
2018/05/23,25.80,25.94,25.29,25.32,2148085,55031592.00
2018/05/24,25.74,26.19,25.56,25.74,2445007,63197128.00
2018/05/25,25.53,25.71,25.24,25.46,1785071,45402228.00
2018/05/28,25.79,26.00,25.53,25.91,2549478,65806840.00
2018/05/29,26.02,26.29,25.23,25.30,2268802,58508512.00
2018/05/30,24.06,24.20,22.77,22.79,3214791,74695792.00
2018/05/31,23.39,23.39,22.68,23.12,1675950,38694632.00
2018/06/01,22.88,23.45,22.72,22.92,1202341,27771912.00
2018/06/04,23.20,23.40,22.91,23.04,860001,19868332.00
2018/06/05,23.06,23.44,23.04,23.41,1206891,28070460.00
2018/06/06,23.48,23.50,23.21,23.43,1240300,28949070.00
2018/06/07,23.28,23.28,22.66,22.73,1977776,45237044.00
2018/06/08,22.65,22.84,22.02,22.28,1435200,32035508.00
2018/06/11,22.49,22.59,22.14,22.20,754600,16748110.00
2018/06/12,22.14,22.34,21.29,21.94,1190501,25789980.00
2018/06/13,21.94,21.94,21.03,21.17,1153200,24642448.00
2018/06/14,21.42,21.47,21.08,21.30,810900,17179392.00
2018/06/15,21.52,21.70,20.54,20.57,1124600,23480212.00
2018/06/19,19.51,20.44,18.53,18.53,1503900,28690488.00
2018/06/20,18.14,19.15,17.79,18.89,1145750,21034104.00
2018/06/21,18.89,18.89,17.24,17.50,1222100,21859346.00
2018/06/22,17.50,18.13,17.18,18.00,946600,16752455.00
2018/06/25,18.12,18.63,18.12,18.20,933500,16982408.00
2018/06/26,17.74,18.59,17.69,18.55,798840,14547923.00
2018/06/27,18.61,18.82,18.42,18.49,889600,16458941.00
2018/06/28,18.49,18.79,18.30,18.54,903951,16720258.00
2018/06/29,18.64,19.23,18.48,19.10,997751,18735268.00
2018/07/02,19.32,19.32,18.34,18.46,1031004,19240496.00
2018/07/03,18.69,19.24,18.49,19.23,1290781,24212412.00
2018/07/04,19.45,19.45,18.29,18.56,1256976,23508926.00
2018/07/05,18.39,18.76,17.69,17.89,1064576,19266780.00
2018/07/06,18.18,19.58,17.98,18.41,1361359,25055636.00
2018/07/09,18.34,18.92,18.34,18.87,1059281,19750610.00
2018/07/10,19.10,19.28,18.82,19.10,1339798,25306722.00
2018/07/11,18.94,18.94,18.07,18.33,1424893,26075746.00
2018/07/12,18.68,18.98,18.35,18.87,1196302,22237500.00
2018/07/13,19.21,19.37,18.75,19.00,1293663,24396358.00
2018/07/16,19.08,19.08,18.59,18.84,900421,16746148.00
2018/07/17,18.75,19.05,18.61,18.90,805107,15045668.00
2018/07/18,19.03,19.22,18.71,18.84,1250513,23647170.00
2018/07/19,18.71,19.22,18.44,18.96,1188443,22219640.00
2018/07/20,18.96,18.99,18.37,18.89,1211992,22541632.00
2018/07/23,18.85,18.91,18.55,18.89,876340,16290737.00
2018/07/24,18.92,19.90,18.79,19.47,2069050,39813152.00
2018/07/25,19.49,19.51,19.14,19.29,1193069,22879008.00
2018/07/26,19.27,19.40,19.04,19.11,864797,16425992.00
2018/07/27,19.27,19.33,19.04,19.23,969273,18443192.00
2018/07/30,19.25,19.25,18.54,18.60,918200,17152888.00
2018/07/31,18.60,18.72,18.44,18.64,461368,8510787.00
2018/08/01,18.64,18.96,18.34,18.44,670837,12375215.00
2018/08/02,18.43,18.55,17.16,17.49,1004100,17612988.00
2018/08/03,17.50,17.68,17.18,17.19,575083,9910306.00
2018/08/06,17.14,17.24,16.44,16.44,612600,10127771.00
2018/08/07,16.44,17.05,16.33,17.00,639107,10633156.00
2018/08/08,16.89,17.06,16.47,16.51,430254,7143884.00
2018/08/09,16.47,17.25,16.47,17.04,715694,12059250.00
2018/08/10,16.94,17.61,16.94,17.32,810887,13983845.00
2018/08/13,17.14,17.44,16.90,17.30,596018,10091986.00
2018/08/14,17.31,17.54,17.17,17.37,508299,8761412.00
2018/08/15,17.50,17.50,17.01,17.09,565941,9691243.00
2018/08/16,16.96,17.23,16.64,16.89,554549,9306537.00
2018/08/17,16.74,17.08,16.36,16.48,877500,14598544.00
2018/08/20,16.48,16.63,15.76,16.24,636770,10207424.00
2018/08/21,16.16,16.56,16.16,16.45,438757,7129250.00
2018/08/22,16.46,16.59,16.19,16.21,360241,5838418.00
2018/08/23,16.34,16.54,16.25,16.39,397538,6467966.00
2018/08/24,16.64,16.64,16.14,16.32,531667,8600922.00
2018/08/27,16.45,16.59,16.25,16.50,512200,8362775.00
2018/08/28,16.46,16.56,16.38,16.49,477400,7787524.00
2018/08/29,16.50,16.50,16.05,16.14,636100,10232193.00
2018/08/30,16.14,16.20,15.80,15.81,588171,9286213.00
2018/08/31,15.81,15.81,15.46,15.53,417200,6453530.00
2018/09/03,15.22,15.63,15.03,15.32,442700,6700941.00
2018/09/04,15.37,15.57,15.17,15.54,469805,7195140.00
2018/09/05,15.62,15.74,15.32,15.42,407707,6271462.00
2018/09/06,15.31,15.57,15.24,15.41,336837,5150475.00
2018/09/07,15.49,15.68,15.29,15.45,409271,6294498.00
2018/09/10,15.44,15.55,14.64,15.06,445316,6737612.00
2018/09/11,15.06,15.28,14.99,15.14,340236,5096119.00
2018/09/12,15.16,15.33,15.06,15.23,317100,4784947.00
2018/09/13,15.30,15.46,15.19,15.43,580568,8822813.00
2018/09/14,15.53,15.61,15.32,15.50,511322,7836016.00
2018/09/17,15.51,15.73,14.86,14.88,499302,7446456.00
2018/09/18,14.51,15.17,14.51,15.16,416154,6167804.00
2018/09/19,15.28,15.44,15.07,15.32,420453,6377860.00
2018/09/20,15.36,15.65,15.33,15.37,584902,8969800.00
2018/09/21,15.39,15.61,15.29,15.59,584172,8937685.00
2018/09/25,15.55,15.71,15.43,15.61,437307,6755874.00
2018/09/26,15.61,15.84,15.61,15.78,554715,8662998.00
2018/09/27,16.40,16.76,15.86,16.02,3662931,59608976.00
2018/09/28,15.55,15.65,15.19,15.55,1505473,23158366.00
2018/10/08,15.14,15.29,14.65,14.66,963582,14277740.00
2018/10/09,14.61,14.88,14.61,14.66,604900,8824002.00
2018/10/10,14.67,14.88,14.58,14.81,568700,8323536.00
2018/10/11,14.34,14.34,13.34,13.35,1011784,13834256.00
2018/10/12,13.35,13.35,12.57,13.27,897741,11616310.00
2018/10/15,13.29,13.54,13.14,13.14,438300,5782232.00
2018/10/16,13.21,13.32,12.80,12.99,510000,6625803.00
2018/10/17,13.32,13.44,12.90,13.22,577973,7529535.00
2018/10/18,13.16,13.16,12.85,12.96,723395,9333240.00
2018/10/19,12.83,13.40,12.69,13.31,699100,9043831.00
2018/10/22,13.52,14.09,13.50,13.93,1106264,15077843.00
2018/10/23,13.84,14.04,13.76,13.84,891154,12252438.00
2018/10/24,14.13,14.64,13.87,13.99,1159471,16209758.00
2018/10/25,13.23,13.75,13.22,13.66,743341,9925261.00
2018/10/26,13.84,13.95,13.65,13.69,634500,8662612.00
2018/10/29,13.70,13.87,13.52,13.78,454500,6174633.00
2018/10/30,13.74,13.99,13.53,13.89,577054,7876018.00
2018/10/31,13.91,14.19,13.85,14.01,716125,9976832.00
2018/11/01,14.06,14.33,13.99,13.99,952900,13358311.00
2018/11/02,14.09,14.41,14.09,14.40,1307754,18493472.00
2018/11/05,14.46,14.80,14.32,14.72,1626871,23590300.00
2018/11/06,14.69,14.70,14.38,14.53,1067900,15309700.00
2018/11/07,14.34,15.14,14.32,14.99,1722321,25404620.00
2018/11/08,15.04,16.48,14.94,16.48,2394247,38377120.00
2018/11/09,16.89,18.11,16.59,18.11,4918159,84804728.00
2018/11/12,18.47,19.30,17.45,18.55,9475973,175273600.00
2018/11/13,17.83,18.39,17.20,18.14,4793103,84808792.00
2018/11/14,17.94,17.94,17.00,17.23,4586986,79151696.00
2018/11/15,17.39,17.78,17.02,17.76,4073078,70481088.00
2018/11/16,17.88,18.58,17.74,18.12,5763390,103978024.00
2018/11/19,18.07,18.07,17.14,17.88,3046811,53399620.00
2018/11/20,17.79,18.66,17.78,17.88,4129583,74913200.00
2018/11/21,17.15,17.48,16.75,17.26,2393925,40829876.00
2018/11/22,17.51,17.60,16.90,17.08,1729012,29363956.00
2018/11/23,17.04,17.21,15.54,15.68,2108600,33783080.00
2018/11/26,15.68,15.73,15.14,15.43,1454862,22232908.00
2018/11/27,15.38,15.63,15.27,15.49,1000019,15335470.00
2018/11/28,15.54,15.89,14.79,15.76,1557241,23767900.00
2018/11/29,15.81,16.09,15.02,15.04,1369975,21115712.00
2018/11/30,14.94,15.39,14.70,15.26,1137038,16920272.00
2018/12/03,15.54,15.82,15.44,15.64,1473400,22813024.00
2018/12/04,15.54,15.68,15.40,15.64,1047600,16158345.00
2018/12/05,15.24,15.61,15.00,15.41,854200,12987279.00
2018/12/06,15.38,15.44,15.02,15.04,818757,12347055.00
2018/12/07,15.04,15.29,14.97,15.00,736600,11004296.00
2018/12/10,15.13,15.13,14.60,14.62,751881,10979519.00
2018/12/11,14.86,15.02,14.68,14.97,721381,10576351.00
2018/12/12,15.01,15.28,15.00,15.13,784610,11791637.00
2018/12/13,15.16,15.49,15.01,15.44,863908,13105206.00
2018/12/14,15.39,15.39,14.60,14.74,1074000,15927202.00
2018/12/17,14.47,15.01,14.47,14.84,508600,7438350.00
2018/12/18,14.76,15.14,14.76,15.06,782300,11623518.00
2018/12/19,14.94,15.12,14.74,14.82,570600,8398838.00
2018/12/20,14.91,15.02,14.71,14.83,658900,9689029.00
2018/12/21,14.88,14.93,14.58,14.75,520352,7614119.00
2018/12/24,14.73,15.07,14.73,15.03,660052,9756067.00
2018/12/25,14.84,15.11,14.31,14.57,917075,13270893.00
2018/12/26,14.54,15.02,14.54,14.82,934497,13764002.00
2018/12/27,15.04,15.18,14.59,14.59,753700,11132176.00
2018/12/28,14.59,14.83,14.44,14.46,693600,10051128.00
2019/01/02,14.49,14.72,14.23,14.44,719475,10361595.00
2019/01/03,14.56,14.80,14.39,14.57,682205,9902095.00
2019/01/04,14.57,14.99,14.34,14.91,809507,11863884.00
2019/01/07,15.04,15.34,14.92,15.15,1140729,17057206.00
2019/01/08,15.15,15.33,14.94,15.11,837678,12564527.00
2019/01/09,15.24,15.34,15.00,15.04,940649,14162558.00
2019/01/10,15.11,15.21,14.89,14.92,654376,9751470.00
2019/01/11,14.92,15.22,14.90,15.16,738162,11020029.00
2019/01/14,15.18,15.22,14.79,14.99,768639,11442889.00
2019/01/15,14.96,15.22,14.80,15.16,695968,10385847.00
2019/01/16,15.22,15.34,15.16,15.25,622300,9395197.00
2019/01/17,15.19,15.29,14.72,14.79,822729,12198161.00
2019/01/18,14.80,14.98,14.73,14.77,785775,11526416.00
2019/01/21,14.91,14.94,14.75,14.80,626482,9210910.00
2019/01/22,14.94,15.09,14.64,14.76,516500,7566444.00
2019/01/23,14.61,14.87,14.59,14.76,492981,7180688.00
2019/01/24,14.78,14.80,14.65,14.70,627700,9156744.00
2019/01/25,14.73,14.75,14.25,14.25,896152,12890121.00
2019/01/28,14.24,14.60,14.24,14.35,772952,11080385.00
2019/01/29,14.28,14.60,13.42,13.78,951885,13094869.00
2019/01/30,13.62,13.88,13.45,13.57,660839,8968097.00
2019/01/31,13.19,13.63,12.84,12.89,898080,11687608.00
2019/02/01,12.94,13.44,12.93,13.43,838895,11018491.00
2019/02/11,13.53,13.93,13.53,13.90,705899,9615141.00
2019/02/12,13.92,14.24,13.92,14.12,766699,10681837.00
2019/02/13,14.00,14.29,14.00,14.27,962995,13540270.00
2019/02/14,14.29,14.33,14.14,14.24,764059,10776153.00
2019/02/15,14.37,14.43,14.15,14.24,680400,9636815.00
2019/02/18,14.38,14.72,14.26,14.71,1028449,14850569.00
2019/02/19,14.78,14.87,14.42,14.74,1037528,15087736.00
2019/02/20,14.76,14.83,14.61,14.82,932188,13603169.00
2019/02/21,14.82,14.94,14.64,14.69,1248102,18292008.00
2019/02/22,15.11,16.11,15.11,15.76,4889054,75141040.00
2019/02/25,15.49,16.34,15.36,16.31,4718609,74296384.00
2019/02/26,16.15,16.16,15.65,15.78,3433378,54096948.00
2019/02/27,15.72,16.01,15.64,15.73,1933016,30325566.00
2019/02/28,15.74,15.82,15.50,15.77,1343276,20860888.00
2019/03/01,15.75,15.86,15.68,15.84,1311278,20529776.00
2019/03/04,15.84,16.23,15.84,16.01,2067258,32850876.00
2019/03/05,15.87,16.23,15.85,16.22,1891944,30158468.00
2019/03/06,16.23,16.47,16.05,16.47,2570575,41541236.00
2019/03/07,16.47,16.98,16.29,16.87,2814757,46380092.00
2019/03/08,16.50,16.64,15.76,15.76,2903740,46859416.00
2019/03/11,15.70,16.43,15.70,16.37,1874949,29992716.00
2019/03/12,16.63,16.79,16.29,16.56,2323701,38165576.00
2019/03/13,16.58,16.82,16.14,16.30,2091256,34356556.00
2019/03/14,16.22,16.41,15.61,15.71,1656885,26183596.00
2019/03/15,15.78,16.36,15.78,16.36,1869354,29914608.00
2019/03/18,16.51,16.72,16.29,16.72,1752110,28672252.00
2019/03/19,17.58,17.71,16.62,16.81,2811510,47631280.00
2019/03/20,16.69,16.80,16.14,16.61,2002515,32756276.00
2019/03/21,16.94,16.94,16.59,16.68,1540785,25543328.00
2019/03/22,16.64,16.80,16.42,16.66,1193544,19650484.00
2019/03/25,16.29,17.10,16.29,16.73,1455500,24189716.00
2019/03/26,16.69,16.97,15.97,16.14,1454700,23783906.00
2019/03/27,16.10,16.52,16.10,16.45,964600,15603456.00
2019/03/28,16.74,16.94,16.19,16.62,2121325,35106756.00
2019/03/29,16.49,16.87,16.22,16.82,2042240,33670640.00
2019/04/01,16.94,17.54,16.74,17.44,2793977,47586248.00
2019/04/02,17.69,17.70,17.20,17.31,2045403,35225620.00
2019/04/03,17.42,17.42,17.16,17.42,1791479,30749380.00
2019/04/04,17.43,17.44,17.17,17.27,1683186,28860656.00
2019/04/08,17.34,17.44,16.96,17.42,1822000,31161184.00
2019/04/09,17.37,18.01,17.25,17.90,2880228,50572376.00
2019/04/10,17.42,17.58,17.16,17.42,1975300,34010228.00
2019/04/11,17.41,17.42,17.02,17.04,1298081,22154858.00
2019/04/12,16.91,17.18,16.84,17.11,1155885,19523144.00
2019/04/15,17.15,17.41,16.56,16.84,1329311,22675132.00
2019/04/16,17.08,17.09,16.44,17.09,1313759,21854002.00
2019/04/17,17.13,17.33,16.96,17.22,1388279,23686064.00
2019/04/18,17.15,17.35,17.14,17.24,1432239,24489168.00
2019/04/19,17.19,17.52,17.07,17.44,1847050,31669744.00
2019/04/22,17.38,17.52,17.09,17.25,1836000,31433512.00
2019/04/23,17.10,17.15,16.46,16.64,1505962,25129686.00
2019/04/24,16.64,16.94,16.54,16.85,987082,16405791.00
2019/04/25,16.85,17.08,16.16,16.37,1501177,24815474.00
2019/04/26,16.34,16.54,16.06,16.42,1352982,21835858.00
2019/04/29,16.13,16.36,14.94,14.94,1601960,24876404.00
2019/04/30,14.95,15.63,14.87,15.39,1222700,18468870.00
2019/05/06,14.90,15.01,13.95,14.17,1210695,17480054.00
2019/05/07,14.28,14.56,13.98,14.42,1006638,14287495.00
2019/05/08,14.19,14.48,14.04,14.30,1004151,14241020.00
2019/05/09,14.30,14.60,14.16,14.46,1091957,15582298.00
2019/05/10,14.54,14.99,14.28,14.82,1107703,16201291.00
2019/05/13,14.68,15.01,14.47,14.82,710034,10426293.00
2019/05/14,14.64,14.98,14.59,14.69,710020,10390141.00
2019/05/15,14.82,15.13,14.73,15.04,794310,11795474.00
2019/05/16,15.08,15.22,14.96,15.17,680324,10195045.00
2019/05/17,15.33,15.33,14.35,14.37,1178180,17236374.00
2019/05/20,14.35,14.62,14.32,14.53,563452,8071005.00
2019/05/21,14.53,14.92,14.44,14.74,618301,9033947.00
2019/05/22,14.65,15.02,14.50,14.68,722713,10580164.00
2019/05/23,14.68,14.73,14.22,14.24,889824,12702542.00
2019/05/24,14.34,14.47,14.15,14.23,533528,7548932.00
2019/05/27,14.22,14.74,14.21,14.72,648351,9312695.00
2019/05/28,14.73,14.98,14.64,14.70,608863,8931179.00
2019/05/29,14.54,14.88,14.54,14.81,636675,9350259.00
2019/05/30,14.83,14.88,14.62,14.78,546412,7959839.00
2019/05/31,14.92,15.00,14.70,14.87,854848,12620014.00
2019/06/03,14.81,15.03,14.55,14.59,717325,10468310.00
2019/06/04,14.60,14.73,14.49,14.51,955600,13671157.00
2019/06/05,14.67,14.90,14.58,14.69,530316,7670766.00
2019/06/06,14.66,14.74,14.37,14.51,483555,6930038.00
2019/06/10,14.58,14.68,14.35,14.63,440847,6301657.00
2019/06/11,14.62,15.11,14.48,15.10,944008,13793113.00
2019/06/12,15.11,15.40,14.94,14.99,1418019,21138148.00
2019/06/13,14.95,15.17,14.88,15.15,681823,10091396.00
2019/06/14,14.97,15.22,14.60,14.70,1299580,19040484.00
2019/06/17,14.55,14.96,14.50,14.93,395700,5768658.00
2019/06/18,14.78,15.01,14.76,14.86,392574,5740217.00
2019/06/19,15.05,15.23,14.96,15.00,789956,11744550.00
2019/06/20,15.05,15.17,14.80,15.15,794533,11744594.00
2019/06/21,15.49,15.95,15.49,15.74,1735202,26820340.00
2019/06/24,15.93,15.93,15.48,15.59,940976,14448879.00
2019/06/25,15.67,15.73,15.32,15.53,698254,10645712.00
2019/06/26,15.34,15.79,15.05,15.49,1059025,16178546.00
2019/06/27,15.48,15.73,15.44,15.51,656376,10052557.00
2019/06/28,15.62,15.65,15.13,15.30,826776,12428274.00
2019/07/01,15.44,15.75,15.41,15.53,1033750,15787510.00
2019/07/02,15.41,15.60,15.27,15.36,1168879,17713508.00
2019/07/03,15.47,15.47,15.10,15.18,789698,11824308.00
2019/07/04,15.20,15.33,15.10,15.27,852880,12795347.00
2019/07/05,15.27,15.38,15.20,15.32,729711,10965693.00
2019/07/08,15.26,15.28,14.70,14.94,995500,14607039.00
2019/07/09,14.83,15.05,14.75,15.02,599800,8808383.00
2019/07/10,15.02,15.17,14.74,15.17,975992,14332080.00
2019/07/11,15.14,16.35,15.10,16.24,7475009,116165024.00
2019/07/12,15.89,16.65,15.59,16.13,7322428,115429192.00
2019/07/15,15.75,16.11,15.35,15.93,3517668,54639860.00
2019/07/16,15.78,16.36,15.71,16.12,3762032,59633912.00
2019/07/17,16.00,16.21,15.95,16.18,1841195,29199650.00
2019/07/18,16.18,16.23,15.75,15.75,1392542,21789468.00
2019/07/19,15.99,16.10,15.66,15.86,1170674,18259174.00
2019/07/22,15.85,15.91,14.86,15.35,1561092,23372882.00
2019/07/23,15.30,15.30,15.00,15.17,1124582,16723355.00
2019/07/24,15.17,15.58,15.17,15.25,1269450,19155144.00
2019/07/25,15.23,15.57,15.12,15.50,1595407,24241648.00
2019/07/26,15.45,15.68,15.32,15.50,776026,11814422.00
2019/07/29,15.49,15.67,15.40,15.47,731400,11147746.00
2019/07/30,15.36,15.74,15.33,15.63,1240800,19056024.00
2019/07/31,15.59,15.76,15.40,15.55,924642,14165134.00
2019/08/01,15.56,15.61,15.30,15.40,866076,13129247.00
2019/08/02,15.25,15.48,15.02,15.41,1072727,16065907.00
2019/08/05,15.30,15.47,15.12,15.12,865642,13026916.00
2019/08/06,14.80,15.47,14.01,15.10,1661001,24003204.00
2019/08/07,15.03,15.03,14.55,14.65,732742,10653199.00
2019/08/08,14.77,14.97,14.55,14.83,390433,5656181.00
2019/08/09,14.88,14.97,14.36,14.49,515600,7388917.00
2019/08/12,14.44,14.58,14.16,14.37,1088600,15290732.00
2019/08/13,14.21,14.29,14.07,14.16,548033,7624987.00
2019/08/14,14.26,14.43,14.06,14.16,1224092,17080256.00
2019/08/15,13.98,14.15,13.75,14.05,999300,13614392.00
2019/08/16,14.10,14.20,14.00,14.10,662050,9187359.00
2019/08/19,14.23,14.53,14.13,14.49,983393,13882268.00
2019/08/20,14.48,14.67,14.40,14.53,851025,12171148.00
2019/08/21,14.46,14.63,14.42,14.48,609200,8698682.00
2019/08/22,14.50,14.59,14.38,14.50,453500,6444425.00
2019/08/23,14.55,14.59,14.36,14.41,636300,9038962.00
2019/08/26,14.19,14.41,13.90,14.20,637000,8886837.00
2019/08/27,14.25,14.53,14.25,14.49,1997400,28211508.00
2019/08/28,14.44,14.48,14.34,14.41,1112100,15752433.00
2019/08/29,14.44,14.50,14.36,14.45,657459,9324024.00
2019/08/30,14.51,14.62,14.01,14.06,1208400,16953844.00
2019/09/02,14.07,14.37,14.04,14.33,887600,12424028.00
2019/09/03,14.32,14.49,14.29,14.48,1342200,18965876.00
2019/09/04,14.53,14.71,14.45,14.54,1094500,15633561.00
2019/09/05,14.55,14.81,14.55,14.65,1429000,20607288.00
2019/09/06,14.65,14.74,14.55,14.68,1008700,14512071.00
2019/09/09,14.77,14.95,14.69,14.91,1024400,14913842.00
2019/09/10,14.91,15.00,14.78,14.96,854500,12490153.00
2019/09/11,15.01,15.01,14.78,14.78,1038000,15194718.00
2019/09/12,14.82,14.98,14.80,14.93,1060615,15524127.00
2019/09/16,14.94,15.13,14.91,14.99,970730,14344730.00
2019/09/17,14.98,15.00,14.54,14.63,1301300,18813980.00
2019/09/18,14.66,14.82,14.61,14.70,800600,11567971.00
2019/09/19,14.68,14.93,14.68,14.91,1079100,15719546.00
2019/09/20,14.89,15.14,14.85,14.95,865400,12752033.00
2019/09/23,14.90,14.95,14.70,14.85,808500,11746606.00
2019/09/24,14.89,15.11,14.77,14.97,986730,14504015.00
2019/09/25,14.95,14.95,14.58,14.63,831730,12062430.00
2019/09/26,14.67,14.75,14.17,14.27,1047900,14826039.00
2019/09/27,14.28,14.57,14.15,14.48,819651,11635528.00
2019/09/30,14.38,14.59,14.38,14.40,669000,9517970.00
2019/10/08,14.43,14.80,14.43,14.62,992500,14300997.00
2019/10/09,14.62,14.92,14.55,14.88,905300,13170524.00
2019/10/10,15.00,15.11,14.91,15.10,1153400,17033976.00
2019/10/11,15.08,15.27,14.90,15.20,1085300,16164307.00
2019/10/14,15.33,15.49,15.25,15.29,1061900,16040552.00
2019/10/15,15.33,15.55,15.14,15.18,887600,13357537.00
2019/10/16,15.26,15.34,15.07,15.14,726000,10838120.00
2019/10/17,15.14,15.25,14.88,14.99,866700,12817527.00
2019/10/18,14.95,15.05,14.58,14.68,878751,12788831.00
2019/10/21,14.70,14.99,14.46,14.78,910800,13175936.00
2019/10/22,14.90,14.99,14.62,14.99,956800,13924176.00
2019/10/23,14.96,15.10,14.91,14.99,876900,12935895.00
2019/10/24,14.99,15.15,14.86,15.08,674400,9975641.00
2019/10/25,15.07,15.27,15.01,15.21,694100,10349654.00
2019/10/28,15.33,15.35,15.17,15.23,714476,10705413.00
2019/10/29,15.28,15.28,14.97,14.98,853600,12655215.00
2019/10/30,15.01,15.01,14.65,14.69,755711,10964084.00
2019/10/31,14.76,14.76,14.41,14.49,825325,11844220.00
2019/11/01,14.65,14.88,14.27,14.80,814500,11725182.00
2019/11/04,14.70,15.00,14.69,14.91,936500,13686810.00
2019/11/05,14.94,14.94,14.60,14.67,727400,10518177.00
2019/11/06,14.66,14.76,14.23,14.27,1076600,15224903.00
2019/11/07,14.24,14.42,14.14,14.35,610100,8577167.00
2019/11/08,14.42,14.44,14.25,14.33,691700,9741493.00
2019/11/11,14.23,14.24,13.80,13.86,597415,8208041.00
2019/11/12,13.86,13.97,13.71,13.88,521876,7075419.00
2019/11/13,13.77,13.90,13.73,13.84,582000,7888275.00
2019/11/14,13.83,13.95,13.80,13.94,398453,5433704.00
2019/11/15,13.94,13.94,13.52,13.58,1009883,13523054.00
2019/11/18,13.55,13.71,13.51,13.60,517983,6912421.00
2019/11/19,13.61,13.79,13.59,13.76,598000,8060034.00
2019/11/20,13.78,13.79,13.51,13.56,683400,9151441.00
2019/11/21,13.56,13.56,13.45,13.52,509000,6747366.00
2019/11/22,13.58,13.66,13.38,13.41,1084507,14418200.00
2019/11/25,13.44,13.48,13.32,13.42,462178,6080402.00
2019/11/26,13.42,13.57,13.37,13.41,326900,4307018.00
2019/11/27,13.37,13.51,13.32,13.48,555800,7334171.00
2019/11/28,13.42,13.56,13.37,13.39,454300,6006451.00
2019/11/29,13.44,13.47,13.30,13.40,354107,4657153.00
2019/12/02,13.40,13.50,13.38,13.46,295800,3903419.00
2019/12/03,13.39,13.52,13.31,13.52,432100,5687653.00
2019/12/04,13.46,13.56,13.46,13.52,492300,6528512.00
2019/12/05,13.52,13.65,13.47,13.62,1155700,15371537.00
2019/12/06,13.61,13.66,13.58,13.65,644300,8616415.00
2019/12/09,13.66,13.70,13.55,13.58,672400,8992138.00
2019/12/10,13.59,13.63,13.54,13.60,1408700,18782520.00
2019/12/11,13.60,13.63,13.48,13.54,772200,10271377.00
2019/12/12,13.56,13.60,13.51,13.53,467000,6211149.00
2019/12/13,13.55,13.68,13.54,13.66,935800,12499363.00
2019/12/16,13.66,13.94,13.65,13.88,1080078,14664164.00
2019/12/17,13.80,13.97,13.80,13.95,1097900,15017402.00
2019/12/18,13.95,14.03,13.92,13.94,951300,13047842.00
2019/12/19,13.94,14.09,13.93,14.03,672500,9260654.00
2019/12/20,14.07,14.09,13.98,14.04,954000,13157205.00
2019/12/23,14.01,14.03,13.67,13.73,1175200,16032902.00
2019/12/24,13.74,13.93,13.74,13.91,938300,12741411.00
2019/12/25,13.90,14.15,13.87,14.03,903876,12436043.00
2019/12/26,14.02,14.11,14.00,14.06,1291376,17833380.00
2019/12/27,14.06,14.14,14.00,14.03,816559,11289662.00
2019/12/30,14.03,14.07,13.85,14.04,896000,12310030.00
2019/12/31,14.02,14.12,13.96,14.11,712978,9861037.00
2020/01/02,14.15,14.30,14.11,14.27,869500,12151234.00
2020/01/03,14.27,14.42,14.18,14.31,770700,10813849.00
2020/01/06,14.28,14.43,14.22,14.34,885600,12472639.00
2020/01/07,14.34,14.55,14.34,14.54,917285,13043540.00
2020/01/08,14.50,14.55,14.18,14.30,1186211,16719955.00
2020/01/09,14.38,14.54,14.36,14.49,761096,10831739.00
2020/01/10,14.48,14.62,14.34,14.47,731000,10393069.00
2020/01/13,14.49,14.76,14.39,14.72,1141100,16378064.00
2020/01/14,14.78,14.89,14.67,14.74,851100,12354679.00
2020/01/15,14.72,14.72,14.48,14.54,830500,11893246.00
2020/01/16,14.54,14.91,14.50,14.50,1827400,26431792.00
2020/01/17,14.55,14.59,14.41,14.47,773000,11007766.00
2020/01/20,14.41,14.55,14.41,14.54,815000,11596508.00
2020/01/21,14.50,14.75,14.40,14.59,1427400,20439060.00
2020/01/22,14.59,14.70,14.41,14.63,985459,14096978.00
2020/01/23,14.65,14.65,13.87,14.07,1318000,18490424.00
2020/02/03,12.69,12.73,12.69,12.69,1159400,14425202.00
2020/02/04,12.45,12.93,12.35,12.81,1586259,19817370.00
2020/02/05,12.91,13.45,12.85,13.22,1405685,18242068.00
2020/02/06,13.25,13.51,12.94,13.43,984059,12864225.00
2020/02/07,13.31,13.63,13.31,13.55,937511,12403291.00
2020/02/10,13.66,13.72,13.43,13.67,861900,11506677.00
2020/02/11,13.70,13.74,13.52,13.57,651000,8695211.00
2020/02/12,13.62,13.69,13.50,13.67,1147700,15328209.00
2020/02/13,13.66,13.66,13.30,13.47,1007800,13348667.00
2020/02/14,13.42,13.56,13.28,13.41,688600,9059957.00
2020/02/17,13.41,13.81,13.41,13.77,1200700,16147481.00
2020/02/18,13.82,14.08,13.70,13.90,1365491,18583496.00
2020/02/19,13.96,13.96,13.81,13.83,997000,13585751.00
2020/02/20,13.81,14.05,13.75,14.01,1059742,14513075.00
2020/02/21,14.02,14.25,13.99,14.22,1298121,18025528.00
2020/02/24,14.15,14.25,14.07,14.23,991920,13821311.00
2020/02/25,14.05,14.10,13.58,13.98,1130000,15423864.00
2020/02/26,13.86,14.32,13.86,14.06,966276,13372138.00
2020/02/27,14.03,14.21,13.95,14.18,730276,10126210.00
2020/02/28,13.96,14.07,13.32,13.55,1146930,15412228.00
2020/03/02,13.55,14.00,13.55,13.98,814100,11075429.00
2020/03/03,14.08,14.22,13.96,14.03,961830,13326263.00
2020/03/04,13.95,14.28,13.95,14.27,866706,12062111.00
2020/03/05,14.33,14.41,14.26,14.41,1335476,18838576.00
2020/03/06,14.27,14.63,14.25,14.60,1232096,17514356.00
2020/03/09,14.64,14.64,14.13,14.15,1348400,18903652.00
2020/03/10,14.01,14.39,13.92,14.37,1528946,21350880.00
2020/03/11,14.42,14.73,14.33,14.46,1623976,23184752.00
2020/03/12,14.35,14.38,14.06,14.12,1245600,17368360.00
2020/03/13,13.75,14.12,13.64,14.11,1060300,14450216.00
2020/03/16,14.13,14.24,13.66,13.69,900800,12372838.00
2020/03/17,13.70,13.97,13.47,13.85,960400,12929856.00
2020/03/18,13.95,14.11,13.63,13.65,980500,13371730.00
2020/03/19,13.65,13.85,13.38,13.71,868815,11607199.00
2020/03/20,13.75,13.94,13.68,13.91,963800,13068348.00
2020/03/23,13.63,13.80,13.41,13.41,768500,10250940.00
2020/03/24,13.66,13.74,13.41,13.63,872100,11635717.00
2020/03/25,13.85,13.97,13.75,13.92,890300,12129411.00
2020/03/26,13.85,13.99,13.63,13.71,514800,6973215.00
2020/03/27,13.93,13.97,13.70,13.83,527400,7163386.00
2020/03/30,13.79,13.79,13.47,13.51,561630,7472077.00
2020/03/31,13.60,13.77,13.52,13.57,509730,6809963.00
2020/04/01,13.58,13.69,13.45,13.52,509000,6786237.00
2020/04/02,13.53,13.67,13.40,13.65,438544,5853412.00
2020/04/03,13.66,13.68,13.48,13.53,416700,5547132.00
2020/04/07,13.70,13.90,13.65,13.87,814320,11046434.00
2020/04/08,13.92,13.97,13.81,13.93,630276,8604286.00
2020/04/09,13.88,14.06,13.88,13.94,627500,8613034.00
2020/04/10,13.84,13.99,13.68,13.77,718500,9728211.00
2020/04/13,13.89,13.89,13.61,13.72,549100,7408487.00
2020/04/14,13.85,14.17,13.82,14.14,1395330,19239128.00
2020/04/15,14.13,14.13,13.78,13.81,848800,11605823.00
2020/04/16,13.81,13.98,13.75,13.93,476300,6479268.00
2020/04/17,13.99,14.02,13.81,13.85,876130,11981662.00
2020/04/20,13.82,14.00,13.82,13.87,500044,6808334.00
2020/04/21,13.86,13.89,13.68,13.82,628100,8493864.00
2020/04/22,13.82,13.99,13.70,13.98,592800,8086480.00
2020/04/23,14.00,14.08,13.90,14.06,742000,10194640.00
2020/04/24,14.05,14.10,13.92,13.94,1034644,14201081.00
2020/04/27,13.86,13.99,13.75,13.87,691706,9440844.00
2020/04/28,13.81,13.87,12.85,13.60,1094200,14456179.00
2020/04/29,13.36,13.74,13.15,13.27,1782100,23423314.00
2020/04/30,13.21,13.36,13.19,13.30,909700,11871842.00
2020/05/06,13.27,13.38,13.10,13.37,947215,12359933.00
2020/05/07,13.40,13.42,13.21,13.25,622055,8121690.00
2020/05/08,13.37,13.53,13.30,13.45,713912,9407642.00
2020/05/11,13.46,13.51,13.26,13.36,504008,6609600.00
2020/05/12,13.38,13.38,13.16,13.27,492600,6402143.00
2020/05/13,13.29,13.45,13.25,13.38,465376,6102456.00
2020/05/14,13.43,13.51,13.34,13.38,421900,5563817.00
2020/05/15,13.44,13.48,13.28,13.31,402300,5269281.00
2020/05/18,13.40,13.40,13.23,13.26,480200,6268224.00
2020/05/19,13.26,13.43,13.26,13.35,470600,6173919.00
2020/05/20,13.35,13.40,13.11,13.22,661300,8593583.00
2020/05/21,13.22,13.28,13.16,13.17,374500,4848392.00
2020/05/22,13.11,13.21,12.90,12.97,559200,7137208.00
2020/05/25,13.13,13.14,12.94,13.01,328200,4185415.00
2020/05/26,13.05,13.26,12.99,13.23,563900,7287930.00
2020/05/27,13.20,13.27,13.16,13.23,491800,6375088.00
2020/05/28,13.25,13.28,13.00,13.23,368700,4754121.00
2020/05/29,13.15,13.33,13.14,13.24,387200,5036563.00
2020/06/01,13.29,13.42,13.21,13.40,838447,10982155.00
2020/06/02,13.42,13.50,13.39,13.49,1007100,13268516.00
2020/06/03,13.52,14.19,13.46,14.15,3288671,44680780.00
2020/06/04,14.05,14.80,14.01,14.71,7265988,103894376.00
2020/06/05,14.64,15.30,14.47,15.22,5100371,75071472.00
2020/06/08,14.94,15.43,14.25,15.26,6310027,93181824.00
2020/06/09,14.81,15.65,14.81,15.51,4685100,70518888.00
2020/06/10,15.53,16.61,15.16,16.61,2356316,36600836.00
2020/06/11,16.89,16.89,14.97,15.13,13881400,215681344.00
2020/06/12,13.85,14.42,13.85,13.91,7196788,98869952.00
2020/06/15,13.86,13.86,13.44,13.45,3986257,53076536.00
2020/06/16,13.46,13.59,13.46,13.56,1779727,23645400.00
2020/06/17,13.59,13.60,13.47,13.56,1472300,19536162.00
2020/06/18,13.56,13.64,13.48,13.63,1418332,18864896.00
2020/06/19,13.58,13.74,13.58,13.69,1491408,20019270.00
2020/06/22,13.81,13.81,13.65,13.68,1199608,15897545.00
2020/06/23,13.70,13.70,13.49,13.51,1511981,19792960.00
2020/06/24,13.52,13.53,13.40,13.46,1140044,14838724.00
2020/06/29,13.44,13.46,13.34,13.37,824500,10662477.00
2020/06/30,13.41,13.61,13.41,13.59,1070000,14008931.00
2020/07/01,13.55,13.64,13.54,13.61,850000,11177968.00
2020/07/02,13.61,13.77,13.56,13.75,969908,12851722.00
2020/07/03,13.80,13.92,13.73,13.90,996351,13350290.00
2020/07/06,13.95,14.39,13.91,14.32,1999351,27421266.00
2020/07/07,14.33,14.51,14.09,14.32,2038576,28388598.00
2020/07/08,14.27,14.51,14.23,14.47,1844900,25736092.00
2020/07/09,14.44,14.85,14.43,14.77,1744252,24770804.00
2020/07/10,14.75,14.83,14.52,14.56,1281600,18194080.00
2020/07/13,14.59,14.94,14.53,14.91,1743100,25064844.00
2020/07/14,14.91,15.03,14.65,14.88,1435846,20632672.00
2020/07/15,15.09,15.10,14.48,14.54,2236730,32042012.00
2020/07/16,14.57,14.93,14.27,14.29,2052500,29158254.00
2020/07/17,14.32,14.58,14.28,14.37,1881392,26261224.00
2020/07/28,14.41,14.57,14.15,14.51,1232251,15583967.00
2020/07/29,14.48,14.95,14.25,14.83,1356354,17372212.00
2020/07/30,14.87,15.12,14.71,15.12,919800,12079195.00
2020/07/31,15.07,15.21,14.86,15.11,958400,12629788.00
2020/08/03,15.15,15.41,15.06,15.40,931300,12410604.00
2020/08/04,15.40,15.40,15.07,15.15,964400,12825635.00
2020/08/05,14.87,15.12,14.71,15.10,1435140,18763592.00
2020/08/06,15.08,15.15,14.76,14.97,782640,10254179.00
2020/08/07,14.88,15.02,14.72,14.87,869426,11311062.00
2020/08/10,14.86,15.36,14.68,15.36,1447720,19197308.00
2020/08/11,15.36,15.87,15.26,15.43,2773619,37687184.00
2020/08/12,15.23,15.53,14.71,14.93,1290150,16986186.00
2020/08/13,14.97,15.62,14.93,15.27,1827020,24585276.00
2020/08/14,15.31,15.62,15.20,15.52,1433650,19377116.00
2020/08/17,15.38,15.81,15.38,15.56,2689595,36643952.00
2020/08/18,15.50,15.63,15.28,15.31,1624634,21871218.00
2020/08/19,15.35,15.46,15.15,15.20,1154225,15486979.00
2020/08/20,15.25,15.42,15.13,15.28,834893,11140133.00
2020/08/21,15.28,15.55,15.18,15.37,673100,9065286.00
2020/08/24,15.38,15.50,15.08,15.36,805250,10787850.00
2020/08/25,15.35,15.48,15.30,15.43,902175,12164599.00
2020/08/26,15.41,15.48,15.00,15.08,1219350,16290454.00
2020/08/27,15.07,15.77,15.07,15.53,1424138,19219072.00
2020/08/28,15.55,15.80,15.43,15.71,1417705,19388828.00
2020/08/31,15.65,15.88,15.60,15.67,748750,10310267.00
2020/09/01,15.68,15.97,15.60,15.96,1298080,17908272.00
2020/09/02,15.93,16.30,15.68,16.16,1373225,19254748.00
2020/09/03,16.16,16.30,15.75,15.87,1591350,22155396.00
2020/09/04,15.58,16.12,15.53,16.03,1021770,14114492.00
2020/09/07,16.05,16.30,15.62,15.83,1389222,19386984.00
2020/09/08,15.81,16.27,15.75,16.25,1516036,21215008.00
2020/09/09,16.06,16.41,15.81,15.87,2106975,29640900.00
2020/09/10,16.05,16.15,14.63,14.82,2515925,33631184.00
2020/09/11,14.85,15.32,14.61,15.16,1612867,21340256.00
2020/09/14,15.26,16.28,15.16,16.20,3235675,44973520.00
2020/09/15,16.32,16.36,15.85,15.98,1091183,15305833.00
2020/09/16,15.97,16.13,15.60,15.72,930193,12834116.00
2020/09/17,15.81,16.06,15.63,15.96,841381,11665765.00
2020/09/18,16.12,16.12,15.63,15.78,956800,13186863.00
2020/09/21,15.95,16.28,15.70,15.98,1138494,15878375.00
2020/09/22,15.95,15.98,15.31,15.43,1661571,22605412.00
2020/09/23,15.57,15.86,15.36,15.51,633304,8594285.00
2020/09/24,15.46,15.47,14.77,14.88,1334828,17558096.00
2020/09/25,14.88,15.27,14.81,15.17,1270200,16753837.00
2020/09/28,15.22,15.26,14.46,14.56,1211293,15683075.00
2020/09/29,14.56,15.05,14.48,14.73,898125,11628660.00
2020/09/30,14.68,14.78,14.45,14.56,890032,11410035.00
2020/10/09,14.78,15.31,14.78,14.97,1042081,13762494.00
2020/10/12,15.07,15.41,15.00,15.41,1049448,14028247.00
2020/10/13,15.53,15.53,15.22,15.40,622593,8384376.00
2020/10/14,15.40,15.43,15.13,15.16,737650,9831223.00
2020/10/15,15.16,15.43,15.12,15.36,936020,12522521.00
2020/10/16,15.42,15.72,15.22,15.35,1018908,13785239.00
2020/10/19,15.35,15.66,15.22,15.31,1015275,13698417.00
2020/10/20,15.63,15.67,15.16,15.58,1022875,13840434.00
2020/10/21,15.51,15.60,15.07,15.15,1230275,16406312.00
2020/10/22,15.15,15.42,14.98,15.30,588050,7843072.00
2020/10/23,15.27,15.55,15.11,15.13,847431,11349282.00
2020/10/26,15.15,15.50,15.03,15.33,1259832,16901148.00
2020/10/27,15.16,15.40,15.16,15.27,611450,8182915.00
2020/10/28,15.20,15.28,14.81,15.17,1004651,13198956.00
2020/10/29,14.87,15.35,14.86,15.12,1152125,15274828.00
2020/10/30,15.07,15.35,14.62,14.62,1479650,19392390.00
2020/11/02,14.62,14.82,14.42,14.51,1009656,12932495.00
2020/11/03,14.56,14.92,14.47,14.85,822175,10663892.00
2020/11/04,14.91,14.96,14.46,14.68,686600,8829847.00
2020/11/05,14.80,15.18,14.68,15.08,1117931,14672553.00
2020/11/06,15.05,15.22,14.73,14.86,1016975,13298379.00
2020/11/09,14.97,15.42,14.88,15.16,1251681,16685159.00
2020/11/10,15.18,15.36,15.06,15.10,712910,9464847.00
2020/11/11,15.10,15.32,14.76,14.77,1395721,18288792.00
2020/11/12,14.88,15.05,14.76,14.95,729850,9549166.00
2020/11/13,15.01,15.03,14.81,14.96,565976,7392333.00
2020/11/16,15.02,15.02,14.73,14.91,1317475,17183576.00
2020/11/17,14.91,14.91,14.68,14.83,639601,8294844.00
2020/11/18,14.88,15.05,14.76,14.85,855526,11204800.00
2020/11/19,14.78,14.98,14.75,14.97,656350,8567196.00
2020/11/20,14.92,14.92,14.73,14.88,669575,8710516.00
2020/11/23,14.88,14.92,14.66,14.72,1293614,16750106.00
2020/11/24,14.70,14.87,14.62,14.68,710725,9171066.00
2020/11/25,14.77,14.77,14.53,14.55,968850,12431885.00
2020/11/26,14.56,14.62,14.37,14.52,693150,8832984.00
2020/11/27,14.52,14.56,14.37,14.53,775275,9854377.00
2020/11/30,14.43,14.63,14.40,14.45,692389,8835724.00
2020/12/01,14.45,14.63,14.42,14.57,723075,9261066.00
2020/12/02,14.60,14.67,14.50,14.62,513950,6585962.00
2020/12/03,14.62,14.70,14.51,14.66,709800,9113042.00
2020/12/04,14.56,14.71,14.55,14.65,592600,7612388.00
2020/12/07,14.70,14.70,14.50,14.53,772550,9896205.00
2020/12/08,14.62,14.62,14.46,14.52,394333,5034401.00
2020/12/09,14.48,14.55,14.27,14.37,794489,10062815.00
2020/12/10,14.33,14.45,14.16,14.25,844095,10626082.00
2020/12/11,14.31,14.31,13.78,13.81,734933,9050024.00
2020/12/14,13.87,14.01,13.70,13.85,477350,5835917.00
2020/12/15,13.82,13.83,13.73,13.78,337800,4113570.00
2020/12/16,13.78,13.78,13.48,13.48,466575,5623124.00
2020/12/17,13.48,13.55,13.13,13.51,769525,9093848.00
2020/12/18,13.55,13.62,13.37,13.56,363983,4356798.00
2020/12/21,13.56,13.73,13.45,13.63,360250,4348654.00
2020/12/22,13.68,13.68,13.22,13.23,703238,8383189.00
2020/12/23,13.31,13.41,13.10,13.12,448575,5263586.00
2020/12/24,13.17,13.17,12.52,12.62,816175,9270910.00
2020/12/25,12.62,13.05,12.53,12.87,598247,6829347.00
2020/12/28,12.91,12.91,12.52,12.67,555275,6279372.00
2020/12/29,12.77,12.85,12.65,12.67,438875,4982431.00
2020/12/30,12.61,12.81,12.56,12.68,481604,5438076.00
2020/12/31,12.80,12.93,12.63,12.81,526975,6015846.00
2021/01/04,12.93,12.97,12.78,12.88,433975,4969047.00
2021/01/05,12.82,12.95,12.68,12.87,437784,5007224.00
2021/01/06,12.81,12.86,12.07,12.22,1231700,13618231.00
2021/01/07,12.08,12.22,11.51,11.62,1181125,12504321.00
2021/01/08,11.66,11.83,11.38,11.52,823200,8598359.00
2021/01/11,11.57,11.60,11.05,11.12,992075,10041437.00
2021/01/12,11.17,11.36,11.00,11.06,570670,5745117.00
2021/01/13,11.10,11.10,10.62,10.65,738497,7202429.00
2021/01/14,10.68,11.00,10.51,10.78,903982,8805418.00
2021/01/15,10.73,11.20,10.62,11.12,739640,7395483.00
2021/01/18,11.18,11.45,11.06,11.41,631275,6451437.00
2021/01/19,11.42,11.56,11.27,11.50,626722,6455092.00
2021/01/20,11.56,11.56,11.35,11.41,349399,3595970.00
2021/01/21,11.52,11.77,11.37,11.51,604499,6298354.00
2021/01/22,11.53,11.67,11.27,11.31,419390,4288076.00
2021/01/25,11.33,11.50,10.88,10.95,588175,5914255.00
2021/01/26,10.82,11.16,10.82,10.92,356500,3556957.00
2021/01/27,10.88,11.08,10.88,10.95,376350,3746026.00
2021/01/28,10.92,11.07,10.87,11.02,347125,3454121.00
2021/01/29,11.10,11.15,10.58,10.75,649800,6397112.00
2021/02/01,10.85,11.23,10.78,11.00,554675,5493815.00
2021/02/02,10.91,11.12,10.66,10.73,396507,3877884.00
2021/02/03,10.66,10.75,10.28,10.28,577300,5499730.00
2021/02/04,10.38,10.41,9.87,10.02,702025,6461791.00
2021/02/05,10.05,10.28,9.92,10.00,452125,4187474.00
2021/02/08,10.01,10.20,9.80,9.83,685806,6218593.00
2021/02/09,9.95,10.03,9.71,9.96,404575,3671302.00
2021/02/10,10.08,10.13,9.90,10.01,504575,4619187.00
2021/02/18,10.06,10.42,10.06,10.41,477400,4491420.00
2021/02/19,10.37,10.81,10.28,10.73,819600,7885179.00
2021/02/22,10.85,11.46,10.80,11.01,887837,8909368.00
2021/02/23,11.06,11.17,10.83,10.93,549528,5446384.00
2021/02/24,10.97,11.17,10.82,11.07,743675,7424330.00
2021/02/25,10.95,11.06,10.78,10.83,541550,5364936.00
2021/02/26,10.91,11.18,10.70,11.06,564700,5631015.00
2021/03/01,11.23,11.35,11.12,11.35,449928,4568804.00
2021/03/02,11.32,11.37,11.06,11.18,411878,4164610.00
2021/03/03,11.20,11.36,11.13,11.35,537073,5463924.00
2021/03/04,11.25,11.52,11.18,11.35,532407,5470489.00
2021/03/05,11.30,11.63,11.30,11.57,499262,5181211.00
2021/03/08,11.63,11.85,11.45,11.53,1128325,11843349.00
2021/03/09,11.47,11.78,11.02,11.23,901524,9166064.00
2021/03/10,11.25,11.27,10.83,10.87,599329,5983443.00
2021/03/11,10.86,11.15,10.73,11.12,414725,4115309.00
2021/03/12,11.12,11.17,10.95,11.05,315327,3148124.00
2021/03/15,11.15,11.18,10.96,11.08,324200,3247099.00
2021/03/16,11.01,11.40,11.01,11.36,462802,4709110.00
2021/03/17,11.37,11.62,11.31,11.50,582632,6024257.00
2021/03/18,11.32,11.65,11.32,11.65,394262,4104773.00
2021/03/19,11.48,11.76,11.46,11.62,439636,4588115.00
2021/03/22,11.73,11.75,11.56,11.67,475411,4984724.00
2021/03/23,11.75,11.75,11.43,11.48,498541,5169583.00
2021/03/24,11.36,11.65,11.36,11.46,431200,4473109.00
2021/03/25,11.50,11.81,11.37,11.47,751291,7830238.00
2021/03/26,11.46,11.87,11.33,11.71,1128171,11875518.00
2021/03/29,11.82,11.85,11.58,11.66,655926,6888228.00
2021/03/30,11.82,11.82,11.30,11.32,795540,8179396.00
2021/03/31,11.30,11.48,11.25,11.33,664475,6797839.00
2021/04/01,11.38,11.51,11.32,11.42,563825,5804656.00
2021/04/02,11.42,11.52,11.30,11.33,772525,7938849.00
2021/04/06,11.38,11.60,11.26,11.55,587925,6062251.00
2021/04/07,11.60,11.67,11.43,11.66,618270,6414631.00
2021/04/08,11.68,11.68,11.45,11.46,503352,5228363.00
2021/04/09,11.43,11.51,11.36,11.48,352416,3625677.00
2021/04/12,11.50,11.50,11.18,11.32,552604,5664090.00
2021/04/13,11.32,12.60,11.23,12.60,2963075,32255268.00
2021/04/14,12.93,14.00,12.52,14.00,11933724,143611440.00
2021/04/15,13.36,13.51,12.62,12.83,8468405,97757976.00
2021/04/16,13.05,14.26,13.05,14.26,14162425,174789936.00
2021/04/19,12.93,13.46,12.68,13.25,12399167,142980496.00
2021/04/20,12.87,13.16,12.65,13.02,6239820,71485872.00
2021/04/21,12.97,13.47,12.72,13.38,6518470,76197952.00
2021/04/22,13.16,13.47,13.00,13.37,4886268,57335052.00
2021/04/23,13.18,14.22,12.68,12.80,7208884,86023112.00
2021/04/26,12.31,12.31,11.52,11.56,5689387,60398688.00
2021/04/27,11.56,11.60,10.93,11.27,2690157,27348638.00
2021/04/28,11.13,11.40,11.08,11.22,1912725,19446956.00
2021/04/29,11.47,11.66,11.35,11.52,2494275,25872056.00
2021/04/30,11.56,11.56,11.08,11.20,1800200,18260870.00
2021/05/06,11.21,11.65,11.15,11.55,1903651,19621352.00
2021/05/07,11.51,11.51,11.23,11.33,1409852,14416845.00
2021/05/10,11.32,11.37,11.12,11.18,928312,9403746.00
2021/05/11,11.20,11.42,11.20,11.41,1100937,11277531.00
2021/05/12,11.41,11.60,11.33,11.53,1305750,13480577.00
2021/05/13,11.45,11.67,11.42,11.45,893975,9279168.00
2021/05/14,11.45,11.76,11.45,11.72,1111775,11646917.00
2021/05/17,11.71,11.81,11.36,11.36,1233468,12707519.00
2021/05/18,11.31,11.47,11.26,11.37,796277,8153749.00
2021/05/19,11.45,11.46,11.32,11.40,628512,6447935.00
2021/05/20,11.37,11.50,11.35,11.45,738800,7607466.00
2021/05/21,11.37,11.81,11.37,11.68,1456052,15229896.00
2021/05/24,11.71,11.82,11.53,11.65,1537425,16111229.00
2021/05/25,11.57,11.67,11.46,11.66,996734,10377632.00
2021/05/26,11.60,11.87,11.58,11.77,1205710,12713478.00
2021/05/27,11.67,11.88,11.66,11.72,1307085,13810201.00
2021/05/28,11.67,11.82,11.65,11.72,862749,9086998.00
2021/05/31,11.65,11.82,11.58,11.76,811121,8513030.00
2021/06/01,11.70,11.96,11.65,11.87,1203084,12781793.00
2021/06/02,11.80,12.10,11.75,12.03,1189670,12759285.00
2021/06/03,11.97,12.28,11.93,12.18,1172200,12773170.00
2021/06/04,12.18,12.36,11.93,12.07,1053625,11428275.00
2021/06/07,12.01,12.17,11.96,12.06,649343,7004753.00
2021/06/08,12.00,12.18,11.96,12.17,705600,7642090.00
2021/06/09,12.15,12.31,12.07,12.27,750775,8215340.00
2021/06/10,12.32,12.32,12.13,12.20,585575,6395667.00
2021/06/11,12.20,12.37,12.16,12.20,823300,9038238.00
2021/06/15,12.10,12.30,11.93,12.11,884750,9569796.00
2021/06/16,12.08,12.15,11.91,11.98,732875,7904137.00
2021/06/17,12.10,12.15,11.96,12.07,635750,6856806.00
2021/06/18,12.00,12.33,11.97,12.27,925100,10089876.00
2021/06/21,12.28,12.45,12.18,12.32,1086000,11982231.00
2021/06/22,12.33,12.48,12.32,12.43,720350,7983789.00
2021/06/23,12.43,12.47,12.25,12.30,612500,6756478.00
2021/06/24,12.27,12.61,12.17,12.56,1027800,11402803.00
2021/06/25,12.56,12.58,12.41,12.48,1018063,11352404.00
2021/06/28,12.48,12.53,12.33,12.50,568525,6306192.00
2021/06/29,12.42,12.42,11.91,11.98,2030681,21944510.00
2021/06/30,12.11,12.30,12.03,12.13,747650,7969808.00
2021/07/01,12.18,12.26,11.95,12.01,596089,6329304.00
2021/07/02,12.05,12.11,11.93,11.98,393489,4157943.00
2021/07/05,12.10,12.33,12.06,12.28,815450,8754797.00
2021/07/06,12.28,12.41,12.21,12.37,814275,8824558.00
2021/07/07,12.31,12.48,12.28,12.30,785677,8538245.00
2021/07/08,12.38,12.46,12.25,12.33,704753,7636381.00
2021/07/09,12.25,12.43,12.21,12.38,586750,6342915.00
2021/07/12,12.42,12.63,12.35,12.53,852475,9357799.00
2021/07/13,12.43,12.71,12.43,12.63,805900,8867962.00
2021/07/14,12.56,12.87,12.53,12.71,1078400,12022231.00
2021/07/15,12.57,12.70,12.30,12.36,840125,9148858.00
2021/07/16,12.36,12.48,12.26,12.31,546100,5920330.00
2021/07/19,12.41,12.41,12.03,12.26,830200,8877594.00
2021/07/20,12.10,12.33,12.10,12.27,396800,4259578.00
2021/07/21,12.22,12.43,12.22,12.42,522875,5672948.00
2021/07/22,12.31,12.41,12.21,12.32,716950,7741194.00
2021/07/23,12.41,12.41,11.95,12.07,628075,6715595.00
2021/07/26,12.17,12.17,11.76,11.81,826575,8681962.00
2021/07/27,11.91,11.92,11.70,11.72,589800,6136277.00
2021/07/28,11.66,11.73,11.22,11.31,952764,9590394.00
2021/07/29,11.37,11.53,11.35,11.46,522750,5287337.00
2021/07/30,11.52,11.61,11.42,11.58,445352,4528705.00
2021/08/02,11.70,11.86,11.55,11.83,632385,6539153.00
2021/08/03,11.85,12.03,11.70,11.90,515800,5409373.00
2021/08/04,11.81,12.06,11.81,11.96,484500,5105484.00
2021/08/05,11.97,12.06,11.93,12.02,524512,5532224.00
2021/08/06,11.96,12.11,11.82,11.97,448786,4712785.00
2021/08/09,11.97,12.12,11.93,12.10,524024,5555198.00
2021/08/10,12.10,12.35,12.10,12.26,669700,7194924.00
2021/08/11,12.26,12.66,12.20,12.61,1399284,15344869.00
2021/08/12,12.51,12.73,12.51,12.55,1007760,11124462.00
2021/08/13,12.55,12.66,12.43,12.58,620683,6831132.00
2021/08/16,12.52,12.67,12.52,12.63,535750,5917497.00
2021/08/17,12.58,12.68,12.18,12.31,1116650,12157967.00
2021/08/18,12.18,12.68,12.18,12.67,887925,9758003.00
2021/08/19,12.63,12.70,12.46,12.58,370725,4068561.00
2021/08/20,12.58,12.58,12.25,12.47,539783,5861669.00
2021/08/23,12.47,12.97,12.41,12.92,1091859,12224342.00
2021/08/24,12.92,13.22,12.88,13.10,1138225,13000359.00
2021/08/25,13.10,13.32,12.95,13.21,881822,10159873.00
2021/08/26,13.21,13.33,13.07,13.23,725475,8347516.00
2021/08/27,13.23,13.31,13.00,13.07,773709,8885797.00
2021/08/30,13.43,13.52,12.93,13.27,1488083,17280914.00
2021/08/31,13.43,13.65,13.21,13.50,1855088,21821650.00
2021/09/01,13.50,13.68,13.11,13.37,1402450,16355501.00
2021/09/02,13.31,13.53,13.31,13.51,802825,9414683.00
2021/09/03,13.36,13.53,13.32,13.35,908525,10606848.00
2021/09/06,13.38,14.25,13.38,13.62,1546050,18423258.00
2021/09/07,13.93,14.16,13.50,14.01,1431167,17350462.00
2021/09/08,14.01,14.60,13.95,14.31,1747890,21582798.00
2021/09/09,14.31,14.48,14.17,14.41,960993,11926895.00
2021/09/10,14.41,14.53,14.18,14.26,1252200,15556333.00
2021/09/13,14.23,14.48,13.95,14.43,1130734,13939254.00
2021/09/14,14.43,14.43,14.03,14.12,988125,12156296.00
2021/09/15,14.16,14.37,14.02,14.37,818375,10135353.00
2021/09/16,14.22,14.67,14.21,14.60,1513776,18981724.00
2021/09/17,14.56,14.56,14.06,14.23,1365905,16829412.00
2021/09/22,14.00,14.41,13.72,14.38,1167500,14339484.00
2021/09/23,14.55,14.75,14.32,14.36,1268189,15951569.00
2021/09/24,14.26,14.53,13.93,14.02,1054300,12975688.00
2021/09/27,13.92,13.98,12.50,13.00,1566076,18150192.00
2021/09/28,13.01,13.23,12.85,13.18,768634,8759900.00
2021/09/29,13.13,13.55,12.97,13.08,1046034,12105454.00
2021/09/30,13.08,13.60,13.08,13.53,873631,10217145.00
2021/10/08,13.60,14.48,13.60,14.41,1884754,23231390.00
2021/10/11,14.27,14.41,14.02,14.11,932000,11458900.00
2021/10/12,14.03,14.17,13.53,13.66,860713,10330880.00
2021/10/13,13.66,13.91,13.42,13.63,522300,6204829.00
2021/10/14,13.78,13.93,13.36,13.83,721150,8545542.00
2021/10/15,13.75,14.31,13.51,14.11,1212075,14631917.00
2021/10/18,14.11,14.11,13.73,13.93,727975,8773406.00
2021/10/19,13.75,14.05,13.63,13.68,746100,8902208.00
2021/10/20,13.68,13.87,13.43,13.87,711925,8506314.00
2021/10/21,13.81,13.81,13.23,13.32,984750,11509546.00
2021/10/22,13.22,13.36,13.10,13.13,579300,6674063.00
2021/10/25,13.13,13.13,12.80,12.83,627661,7058824.00
2021/10/26,12.93,13.12,12.56,12.66,965325,10706779.00
2021/10/27,12.62,12.83,12.25,12.30,851725,9300470.00
2021/10/28,12.27,12.63,12.03,12.23,1218425,13157018.00
2021/10/29,12.23,12.83,12.22,12.78,973275,10704112.00
2021/11/01,12.78,12.90,12.62,12.83,965175,10770938.00
2021/11/02,12.91,12.96,12.50,12.67,819750,9115468.00
2021/11/03,12.68,12.88,12.56,12.82,584050,6508076.00
2021/11/04,12.68,13.08,12.68,13.05,719775,8156120.00
2021/11/05,12.96,13.20,12.77,12.97,756947,8582078.00
2021/11/08,12.93,13.37,12.87,13.22,1096375,12642329.00
2021/11/09,13.17,13.65,13.17,13.61,1020450,11962950.00
2021/11/10,13.61,13.76,13.43,13.70,841151,9963988.00
2021/11/11,13.77,14.03,13.58,13.91,890458,10737316.00
2021/11/12,13.82,14.01,13.66,14.00,846525,10186090.00
2021/11/15,14.22,14.22,13.91,14.10,1224508,14956495.00
2021/11/16,14.18,14.65,13.95,14.37,1826271,22835336.00
2021/11/17,14.25,14.66,14.25,14.62,1202094,15138327.00
2021/11/18,14.62,14.62,14.27,14.35,979244,12197030.00
2021/11/19,14.18,14.58,14.02,14.52,1309175,16369833.00
2021/11/22,14.68,14.75,14.42,14.71,1273274,16127338.00
2021/11/23,14.63,15.12,14.52,15.03,1473526,18973012.00
2021/11/24,14.87,15.22,14.56,14.97,2065100,26650256.00
2021/11/25,15.07,15.11,14.77,14.87,978332,12576375.00
2021/11/26,14.92,14.97,14.53,14.65,1523365,19351858.00
2021/11/29,14.73,14.75,14.35,14.46,1515920,19008208.00
2021/11/30,14.56,15.06,14.46,14.83,1568200,20118840.00
2021/12/01,14.95,15.17,14.71,15.08,1284150,16668148.00
2021/12/02,15.13,15.46,14.81,14.87,901825,11682448.00
2021/12/03,14.87,15.11,14.77,14.87,880750,11401369.00
2021/12/06,14.76,14.97,14.50,14.63,1126475,14336945.00
2021/12/07,14.57,14.85,14.08,14.23,1112500,13794228.00
2021/12/08,14.33,14.43,14.08,14.38,589425,7321971.00
2021/12/09,14.38,15.00,14.28,14.67,1085575,13827927.00
2021/12/10,14.56,14.92,14.45,14.91,910175,11645067.00
2021/12/13,14.88,15.10,14.77,14.83,1269275,16382051.00
2021/12/14,14.76,15.68,14.65,15.68,3537600,46876176.00
2021/12/15,15.71,15.71,14.98,15.03,2617949,34325504.00
2021/12/16,15.16,15.40,15.00,15.31,1442550,18894124.00
2021/12/17,15.55,15.93,15.23,15.32,2441150,32530274.00
2021/12/20,15.30,15.40,14.91,14.98,1888800,24581388.00
2021/12/21,14.98,15.38,14.86,15.30,1309345,17204892.00
2021/12/22,15.40,15.45,15.15,15.26,1146350,15119405.00
2021/12/23,15.27,15.31,14.80,14.95,1408350,18176768.00
2021/12/24,14.85,14.98,14.51,14.53,1052050,13322777.00
2021/12/27,14.45,14.77,14.33,14.63,919000,11606900.00
2021/12/28,14.57,14.77,14.57,14.70,684775,8686081.00
2021/12/29,14.68,14.96,14.57,14.90,746325,9570075.00
2021/12/30,14.88,14.97,14.75,14.80,1188425,15234504.00
2021/12/31,14.77,14.91,14.71,14.78,1044000,13363057.00
2022/01/04,14.91,15.52,14.86,15.43,1954725,25709042.00
2022/01/05,15.35,15.52,14.96,15.13,1667550,21802176.00
2022/01/06,15.18,15.60,15.13,15.46,1415925,18813276.00
2022/01/07,15.53,15.58,15.08,15.20,1185400,15658335.00
2022/01/10,15.20,15.35,14.88,15.28,1062823,13937033.00
2022/01/11,15.30,15.55,15.21,15.28,1013000,13392327.00
2022/01/12,15.28,16.48,15.28,16.17,3886725,53467816.00
2022/01/13,16.22,16.31,15.92,16.18,1545100,21392748.00
2022/01/14,16.28,16.28,15.70,15.80,1410350,19297492.00
2022/01/17,15.75,15.98,15.65,15.80,954950,13008712.00
2022/01/18,15.87,15.90,15.23,15.28,1741475,23153464.00
2022/01/19,15.35,15.87,15.26,15.67,1065250,14333863.00
2022/01/20,15.60,15.75,14.78,14.95,1437050,18828272.00
2022/01/21,14.95,15.33,14.81,15.16,813700,10602908.00
2022/01/24,15.27,15.27,14.68,14.75,933250,11959066.00
2022/01/25,14.71,14.87,13.82,13.82,1242175,15265255.00
2022/01/26,13.97,14.41,13.96,14.36,920300,11323802.00
2022/01/27,14.28,14.28,13.63,13.67,1039400,12494327.00
2022/01/28,13.72,14.33,13.72,14.26,1172800,14325183.00
2022/02/07,14.42,14.55,14.06,14.43,1144325,14252689.00
2022/02/08,14.46,14.93,14.46,14.92,986600,12587428.00
2022/02/09,14.92,15.07,14.70,15.02,812425,10497801.00
2022/02/10,15.03,15.16,14.82,15.00,599925,7750854.00
2022/02/11,15.00,15.00,14.50,14.55,819525,10372475.00
2022/02/14,14.61,14.93,14.57,14.81,859075,10992195.00
2022/02/15,14.81,15.08,14.72,14.97,1020508,13120713.00
2022/02/16,14.97,15.58,14.97,15.55,1373950,18209416.00
2022/02/17,15.55,15.93,15.51,15.75,1452305,19615364.00
2022/02/18,15.72,15.88,15.57,15.80,982150,13314050.00
2022/02/21,15.80,16.21,15.80,16.17,1388775,19172136.00
2022/02/22,16.01,16.25,15.86,16.08,1204175,16599868.00
2022/02/23,16.10,16.23,15.91,16.10,1056655,14625800.00
2022/02/24,16.10,16.22,15.58,15.91,1557700,21262968.00
2022/02/25,15.97,16.21,15.88,15.92,910836,12560308.00
2022/02/28,16.03,16.16,15.58,15.82,1515770,20641864.00
2022/03/01,15.93,17.52,15.88,17.52,5900520,85692720.00
2022/03/02,17.66,19.40,17.66,19.40,6272045,99166720.00
2022/03/03,21.46,21.46,21.36,21.46,5245159,95039200.00
2022/03/04,23.70,23.72,21.42,21.42,35125329,684148864.00
2022/03/07,19.16,19.16,19.16,19.16,4758400,77466752.00
2022/03/08,17.70,18.37,17.12,17.12,24598916,368471616.00
2022/03/09,16.38,18.37,16.38,18.00,20573024,309322592.00
2022/03/10,17.56,18.00,16.91,17.26,17192981,256723200.00
2022/03/11,16.81,17.55,15.87,17.52,12954328,185286352.00
2022/03/14,17.02,17.53,16.06,16.12,10236886,146302944.00
2022/03/15,16.00,16.81,15.63,15.76,10095120,141680528.00
2022/03/16,15.66,16.41,15.31,16.13,8921529,122477408.00
2022/03/17,16.37,17.08,15.85,16.47,12914588,181478704.00
2022/03/18,16.36,16.36,16.03,16.10,7358825,102314704.00
2022/03/21,16.15,16.57,15.91,16.23,7420425,103226696.00
2022/03/22,16.23,16.81,15.92,16.13,6891586,95871944.00
2022/03/23,16.30,17.87,16.21,17.12,19788358,291521248.00
2022/03/24,16.68,17.21,16.15,16.37,12855211,182854560.00
2022/03/25,16.17,17.08,16.06,16.62,10010150,142312048.00
2022/03/28,16.41,16.61,15.98,16.20,6321969,88121400.00
2022/03/29,16.20,16.62,15.87,16.06,5237199,72774856.00
2022/03/30,16.02,16.12,15.40,15.78,5855468,79221040.00
2022/03/31,15.72,16.18,15.66,16.11,4627818,63551028.00
2022/04/01,15.93,16.11,15.26,15.32,5708525,76051120.00
2022/04/06,15.33,15.73,15.20,15.55,4607125,61753024.00
2022/04/07,15.55,15.65,14.91,14.93,4734250,62273840.00
2022/04/08,15.06,15.17,14.43,14.52,3966204,50123592.00
2022/04/11,14.50,14.53,13.95,14.13,3407725,41899932.00
2022/04/12,14.13,14.53,13.93,14.53,3024214,37350960.00
2022/04/13,14.31,14.51,14.20,14.30,2127700,26434104.00
2022/04/14,14.28,14.50,14.26,14.42,1879800,23466664.00
2022/04/15,14.36,14.40,13.88,13.93,2677050,32595224.00
2022/04/18,13.81,14.26,13.45,14.16,2253825,27337952.00
2022/04/19,14.12,14.47,14.07,14.31,2127100,26325480.00
2022/04/20,14.31,14.82,14.18,14.78,4263150,53871016.00
2022/04/21,15.40,16.00,13.81,14.25,8731350,112414496.00
2022/04/22,13.82,14.18,13.03,13.10,8463800,98986104.00
2022/04/25,12.87,13.03,12.21,12.28,5388925,59396984.00
2022/04/26,12.35,12.65,11.91,11.95,5021325,54203260.00
2022/04/27,11.83,12.13,11.28,12.07,4969738,51307684.00
2022/04/28,11.93,12.22,11.43,11.72,2882400,29906950.00
2022/04/29,11.56,12.20,11.50,12.10,3525500,37037504.00
2022/05/05,12.06,12.31,11.92,12.12,2658250,28323436.00
2022/05/06,11.96,12.35,11.80,12.28,2800312,29764828.00
2022/05/09,12.27,12.61,12.12,12.51,2497951,27263696.00
2022/05/10,12.31,12.68,12.21,12.66,2329350,25630750.00
2022/05/11,12.68,12.91,12.52,12.57,2692351,30084948.00
2022/05/12,12.41,12.97,12.41,12.68,2055500,22785164.00
2022/05/13,12.71,12.85,12.62,12.83,1629175,18178092.00
2022/05/16,13.00,13.00,12.75,12.91,2070900,23320230.00
2022/05/17,12.83,12.91,12.56,12.68,1611800,17902216.00
2022/05/18,12.71,13.03,12.71,12.88,2081500,23493372.00
2022/05/19,12.67,13.10,12.57,13.03,2225159,25143984.00
2022/05/20,13.15,13.28,13.06,13.11,1762400,20219476.00
2022/05/23,13.00,13.41,13.00,13.31,1552577,17947874.00
2022/05/24,13.26,13.53,12.75,12.75,2113425,24053204.00
2022/05/25,12.71,13.12,12.67,13.07,2026800,23028620.00
2022/05/26,13.12,13.26,12.90,13.16,1864950,21277358.00
2022/05/27,13.17,13.40,13.13,13.31,1781625,20609082.00
2022/05/30,13.21,13.42,13.16,13.33,1576150,18278140.00
2022/05/31,13.36,13.45,13.07,13.42,1695625,19659232.00
2022/06/01,13.41,13.71,13.36,13.68,2120500,25082216.00
2022/06/02,13.57,13.91,13.45,13.82,2045526,24388764.00
2022/06/06,13.78,14.11,13.78,14.05,1898994,23085324.00
2022/06/07,14.07,14.08,13.63,13.80,1807325,21689734.00
2022/06/08,13.92,14.30,13.66,14.03,4785325,58215008.00
2022/06/09,14.18,14.55,13.51,13.73,6488344,78346752.00
2022/06/10,13.46,14.05,13.46,13.90,4236749,51032772.00
2022/06/13,13.70,14.62,13.68,14.18,6031000,73645176.00
2022/06/14,14.65,14.72,13.46,13.98,8119637,98388216.00
2022/06/15,13.82,14.12,13.73,13.76,5102700,61677044.00
2022/06/16,13.77,13.87,13.62,13.70,2763525,32979334.00
2022/06/17,13.60,13.75,13.41,13.66,2353150,27811252.00
2022/06/20,13.68,13.90,13.63,13.83,2060400,24695050.00
2022/06/21,13.92,13.96,13.67,13.83,2563500,30844548.00
2022/06/22,13.78,13.93,13.57,13.58,2024400,24168896.00
2022/06/23,13.60,13.90,13.60,13.88,1973425,23640892.00
2022/06/24,13.88,13.98,13.80,13.88,1769200,21338882.00
2022/06/27,13.92,13.96,13.75,13.90,1544325,18613422.00
2022/06/28,13.90,14.25,13.83,14.17,2904278,35601796.00
2022/06/29,14.17,14.32,13.80,13.82,2948500,35219312.00
2022/06/30,13.82,14.16,13.78,13.83,1896775,22554144.00
2022/07/01,13.87,14.00,13.76,13.90,1174678,13893399.00
2022/07/04,13.96,14.21,13.71,14.11,2070000,24731580.00
2022/07/05,14.11,14.26,13.60,13.83,2174087,25722972.00
2022/07/06,13.83,13.86,13.61,13.72,1383554,16187649.00
2022/07/07,13.81,14.12,13.67,13.88,1983026,23566362.00
2022/07/08,13.75,14.32,13.75,14.16,2684907,32363138.00
2022/07/11,14.08,14.26,14.00,14.23,1814300,21873984.00
2022/07/12,14.27,14.27,13.77,13.80,2152300,25657490.00
2022/07/13,13.80,14.40,13.76,14.36,3160175,38330596.00
2022/07/14,14.30,14.36,14.17,14.31,1339300,16276321.00
2022/07/15,14.32,15.21,14.18,14.53,6866782,85397320.00
2022/07/18,14.36,14.88,14.27,14.80,5808292,72388776.00
2022/07/19,14.82,15.03,14.68,14.96,4086310,51616884.00
2022/07/20,14.92,14.96,14.67,14.85,2585500,32528296.00
2022/07/21,14.73,14.98,14.68,14.81,2585808,32555340.00
2022/07/22,14.77,15.33,14.76,15.11,3777750,48453112.00
2022/07/25,15.18,15.42,15.00,15.16,2617669,33801660.00
2022/07/26,15.08,15.16,14.62,15.13,2989900,37924352.00
2022/07/27,15.15,15.32,15.03,15.18,2012125,25851896.00
2022/07/28,15.22,15.38,15.06,15.25,1744019,22569716.00
2022/07/29,15.40,16.00,15.23,15.66,3932050,52156436.00
2022/08/01,15.71,15.85,15.33,15.73,2982400,39613052.00
2022/08/02,15.56,15.70,14.96,15.03,3798000,49041356.00
2022/08/03,15.15,15.62,14.80,14.91,3085325,39975072.00
2022/08/04,14.98,15.32,14.96,15.25,2158925,27734554.00
2022/08/05,15.25,15.27,15.00,15.23,2160800,27690538.00
2022/08/08,15.37,15.46,15.07,15.41,1636500,21271066.00
2022/08/09,15.46,15.56,15.23,15.53,1439350,18830616.00
2022/08/10,15.55,16.00,15.37,15.80,2772674,36922576.00
2022/08/11,15.90,15.96,15.68,15.71,1914100,25606490.00
2022/08/12,15.81,15.90,15.53,15.55,1441501,19133908.00
2022/08/15,15.67,15.72,15.41,15.71,1377375,18214512.00
2022/08/16,15.71,16.02,15.71,15.97,1680350,22644080.00
2022/08/17,15.97,16.12,15.86,16.07,1182754,15986358.00
2022/08/18,16.02,16.42,15.83,16.21,2228050,30459270.00
2022/08/19,16.31,16.31,15.87,15.90,1948700,26369878.00
2022/08/22,16.20,16.20,15.71,15.85,1578600,21184980.00
2022/08/23,15.71,16.21,15.71,16.17,1646000,22217866.00
2022/08/24,16.08,16.15,15.36,15.41,2421350,32051700.00
2022/08/25,15.58,15.77,14.96,15.36,2531050,32862730.00
2022/08/26,15.32,15.61,15.00,15.07,1430925,18500924.00
2022/08/29,15.07,15.80,14.62,15.63,2960704,38899752.00
2022/08/30,15.90,16.13,15.62,15.86,3095125,41701260.00
2022/08/31,15.88,16.03,15.00,15.03,3210825,41665868.00
2022/09/01,15.12,15.40,15.06,15.10,1976350,25480476.00
2022/09/02,15.10,15.61,15.07,15.51,2348300,30721306.00
2022/09/05,15.58,15.75,15.40,15.73,1949775,25743236.00
2022/09/06,15.80,15.80,15.47,15.70,1416046,18754352.00
2022/09/07,15.70,15.82,15.58,15.76,1367275,18206608.00
2022/09/08,15.82,16.40,15.62,16.03,4080125,55466596.00
2022/09/09,15.60,16.03,15.46,15.55,3136700,41413840.00
2022/09/13,15.55,15.96,15.43,15.70,2132575,28371790.00
2022/09/14,15.48,15.65,15.23,15.48,1920900,25110824.00
2022/09/15,16.58,17.12,16.23,17.12,22893057,325503168.00
2022/09/16,16.71,16.71,15.32,15.36,19269746,258196544.00
2022/09/19,14.76,14.96,13.83,13.83,11035379,133660704.00
2022/09/20,13.91,14.96,13.85,14.63,10963798,135991856.00
2022/09/21,14.76,14.96,14.18,14.75,5899128,73405296.00
2022/09/22,14.75,15.41,14.66,14.92,4662047,59586800.00
2022/09/23,14.92,15.23,14.21,14.26,4982694,61485052.00
2022/09/26,14.08,14.32,13.66,13.68,4004575,47349304.00
2022/09/27,13.68,14.25,13.68,14.08,2938700,35044844.00
2022/09/28,14.03,14.20,13.66,13.83,2844525,33601928.00
2022/09/29,13.82,14.05,13.61,13.87,3357378,39571024.00
2022/09/30,13.81,13.90,13.40,13.68,2598935,30241268.00
2022/10/10,13.65,13.68,12.97,13.06,2515075,28501836.00
2022/10/11,13.11,13.28,12.88,13.10,1883300,21034948.00
2022/10/12,13.07,13.40,12.87,13.38,2384250,26789168.00
2022/10/13,13.45,13.77,13.30,13.66,2104300,24384594.00
2022/10/14,13.73,14.17,13.66,14.11,2369990,28245168.00
2022/10/17,14.11,15.50,14.06,15.07,5539078,70136776.00
2022/10/18,15.02,15.22,14.77,14.96,3279100,41798364.00
2022/10/19,15.01,15.12,14.82,14.86,2120800,26899052.00
2022/10/20,14.83,15.02,14.58,14.70,1959578,24529494.00
2022/10/21,14.71,15.00,14.68,14.77,1931625,24342708.00
2022/10/24,15.03,15.12,14.42,14.60,2325325,29262316.00
2022/10/25,14.56,14.72,14.23,14.62,2315300,28510856.00
2022/10/26,14.62,14.85,14.45,14.75,2370800,29610546.00
2022/10/27,14.72,14.95,14.65,14.75,1879700,23620542.00
2022/10/28,14.65,14.75,14.08,14.23,2151800,26256888.00
2022/10/31,14.23,14.67,14.21,14.43,1945400,24020870.00
2022/11/01,14.55,14.83,14.51,14.80,1956675,24476008.00
2022/11/02,14.83,15.46,14.71,15.11,2928890,37665392.00
2022/11/03,15.06,15.36,14.83,15.16,2096891,26993214.00
2022/11/04,15.16,15.42,15.16,15.35,2396600,31087592.00
2022/11/07,15.58,15.82,15.37,15.71,3192700,42169780.00
2022/11/08,15.58,16.02,15.55,15.91,2831050,37953768.00
2022/11/09,15.91,16.11,15.78,16.00,2229050,30097284.00
2022/11/10,16.01,16.07,15.75,15.82,1921900,25860484.00
2022/11/11,16.07,16.17,15.58,15.61,2908600,38907768.00
2022/11/14,15.73,15.81,15.47,15.65,2090500,27634600.00
2022/11/15,15.50,15.81,15.48,15.81,1612900,21462718.00
2022/11/16,15.81,16.28,15.75,15.82,2493925,33656644.00
2022/11/17,15.78,16.31,15.75,16.03,3287675,44566104.00
2022/11/18,16.03,16.48,16.03,16.31,3397225,46804284.00
2022/11/21,16.56,16.57,16.11,16.37,2675800,36918104.00
2022/11/22,16.37,16.56,15.97,16.05,2032725,27901392.00
2022/11/23,16.15,16.15,15.50,15.92,2192925,29302560.00
2022/11/24,16.02,16.21,15.90,16.02,1481325,20089456.00
2022/11/25,16.06,16.22,15.62,15.70,1689850,22607444.00
2022/11/28,15.68,15.82,15.33,15.61,1822400,24081766.00
2022/11/29,15.67,16.33,15.47,15.92,2786900,37625948.00
2022/11/30,15.90,16.08,15.56,15.86,2797100,37606864.00
2022/12/01,15.88,16.15,15.77,15.90,1741500,23406464.00
2022/12/02,15.90,16.11,15.82,16.08,1897750,25696936.00
2022/12/05,16.10,16.23,15.98,16.20,1974300,26879352.00
2022/12/06,16.18,16.18,15.72,15.77,2665622,35731688.00
2022/12/07,15.81,15.86,15.66,15.80,1709522,22783606.00
2022/12/08,15.80,16.22,15.60,15.88,2970925,40063480.00
2022/12/09,16.02,16.17,15.73,15.91,2583475,34810856.00
2022/12/12,15.82,16.08,15.78,16.00,2276750,30742462.00
2022/12/13,16.06,16.22,15.75,15.82,1831732,24714292.00
2022/12/14,15.83,16.18,15.73,16.15,2893325,39247228.00
2022/12/15,16.08,16.76,15.75,16.51,5291825,73530880.00
2022/12/16,16.45,16.63,15.71,15.96,3004375,41013972.00
2022/12/19,15.95,16.06,15.12,15.22,3135450,40784304.00
2022/12/20,15.21,15.45,14.90,15.21,1728500,22226982.00
2022/12/21,15.23,15.35,14.93,15.08,1602700,20521042.00
2022/12/22,15.13,15.16,14.53,14.60,1407800,17745586.00
2022/12/23,14.60,14.81,14.08,14.68,1674100,20842984.00
2022/12/26,14.56,14.96,14.56,14.95,1265600,15969973.00
2022/12/27,14.87,15.08,14.66,14.83,1496250,18835120.00
2022/12/28,14.82,14.88,14.45,14.53,1220900,15167545.00
2022/12/29,14.63,14.70,14.35,14.36,911251,11257478.00
2022/12/30,14.40,14.62,14.31,14.52,948300,11687040.00
2023/01/03,14.70,15.26,14.57,15.11,2088000,26500968.00
2023/01/04,15.15,15.43,14.97,15.28,1802400,23381650.00
2023/01/05,15.45,15.65,15.28,15.56,1703700,22393410.00
2023/01/06,15.58,15.85,15.47,15.58,1425800,18928236.00
2023/01/09,15.60,15.82,15.46,15.56,1286700,17042078.00
2023/01/10,15.62,15.80,15.46,15.70,1115575,14780108.00
2023/01/11,15.61,15.90,15.53,15.56,1289350,17162440.00
2023/01/12,15.55,15.77,15.42,15.57,1082900,14340951.00
2023/01/13,15.57,15.80,15.43,15.58,1245750,16469195.00
2023/01/16,15.60,15.91,15.58,15.83,2006300,26746672.00
2023/01/17,15.72,15.96,15.60,15.76,1167450,15570211.00
2023/01/18,15.81,16.28,15.67,16.08,2375025,32250896.00
2023/01/19,16.07,16.43,15.97,16.25,1365811,18738996.00
2023/01/20,16.35,16.48,16.18,16.26,1296425,17864794.00
2023/01/30,16.41,16.63,16.38,16.42,1638650,22804230.00
2023/01/31,16.51,16.68,16.37,16.62,1567925,21947444.00
2023/02/01,16.71,17.15,16.65,17.07,2867325,41032564.00
2023/02/02,17.07,17.23,16.82,17.06,2113325,30269200.00
2023/02/03,17.01,17.28,16.86,17.12,1782725,25642546.00
2023/02/06,17.10,17.45,16.97,17.18,1677025,24389804.00
2023/02/07,17.28,17.43,17.18,17.36,1450550,21178896.00
2023/02/08,17.36,17.62,17.27,17.47,1891625,27790560.00
2023/02/09,17.55,18.93,17.21,17.92,4062875,61429780.00
2023/02/10,17.86,18.06,17.65,17.76,2837500,42587420.00
2023/02/13,17.85,17.96,17.65,17.90,2449111,36643928.00
2023/02/14,17.98,18.00,17.77,17.90,1414100,21241860.00
2023/02/15,17.75,17.95,17.68,17.73,1855575,27758642.00
2023/02/16,17.83,17.93,17.08,17.27,2724750,40270504.00
2023/02/17,17.32,17.63,17.20,17.21,1778400,26012676.00
2023/02/20,17.27,17.33,17.02,17.23,1668225,24119968.00
2023/02/21,17.28,17.63,17.26,17.40,1735800,25508588.00
2023/02/22,17.50,17.52,17.18,17.43,1866699,27229168.00
2023/02/23,17.41,17.92,17.28,17.65,3098800,46141960.00
2023/02/24,17.85,18.68,17.75,18.20,5069775,77279072.00
2023/02/27,18.83,20.11,18.83,20.11,12826953,211586432.00
2023/02/28,21.28,21.93,19.16,20.27,20226682,350432864.00
2023/03/01,20.36,21.26,20.08,20.78,13808753,238095456.00
2023/03/02,21.03,22.33,21.03,21.26,14756389,267005600.00
2023/03/03,21.30,23.25,21.30,22.77,12425193,233156576.00
2023/03/06,22.35,22.35,21.28,21.71,11353207,205750912.00
2023/03/07,21.77,22.83,20.90,21.17,8697166,158625168.00
2023/03/08,21.27,21.42,19.85,20.46,8684145,146891872.00
2023/03/09,20.33,20.56,20.00,20.25,3636407,61808592.00
2023/03/10,20.26,20.76,19.76,19.90,4291636,72362872.00
2023/03/13,19.91,20.56,19.87,20.02,3388146,57026920.00
2023/03/14,20.56,20.91,19.13,19.56,7752357,129740496.00
2023/03/15,19.82,20.75,19.57,20.41,8098300,136836896.00
2023/03/16,20.05,20.36,19.55,19.67,5183375,86532704.00
2023/03/17,19.58,19.77,18.96,19.20,4671000,75457712.00
2023/03/20,19.26,19.26,17.88,18.45,8375025,128786136.00
2023/03/21,18.56,19.35,18.41,19.13,6368309,101097704.00
2023/03/22,19.32,19.78,19.00,19.27,4400559,71190720.00
2023/03/23,19.28,19.32,18.73,19.18,2923750,46546408.00
2023/03/24,19.53,19.53,18.65,18.77,2828771,44689820.00
2023/03/27,18.97,19.05,18.63,18.81,3164000,50072528.00
2023/03/28,18.83,19.12,18.70,18.83,2083100,32982450.00
2023/03/29,18.96,19.06,18.41,18.46,2405100,37680488.00
2023/03/30,18.51,18.58,18.08,18.35,2856100,43862884.00
2023/03/31,18.38,18.75,18.31,18.58,1734150,27035208.00
2023/04/03,18.58,19.35,18.40,19.27,2976400,47652564.00
2023/04/04,19.27,19.42,18.21,18.32,3425225,53534156.00
2023/04/06,18.31,18.31,17.83,18.17,2209575,33516846.00
2023/04/07,18.28,18.42,17.96,18.36,2087350,32048136.00
2023/04/10,18.35,18.71,18.21,18.28,2147381,33228960.00
2023/04/11,18.28,18.52,17.71,17.82,2393825,36019976.00
2023/04/12,18.01,18.45,17.80,18.38,1857250,28238912.00
2023/04/13,18.41,18.51,17.97,18.00,1167300,17792938.00
2023/04/14,18.00,18.16,17.81,18.05,1506975,22767624.00
2023/04/17,18.05,18.38,17.91,18.21,2532575,38739272.00
2023/04/18,18.33,18.33,17.91,17.92,2013800,30509188.00
2023/04/19,18.00,18.07,17.78,17.88,1429100,21494252.00
2023/04/20,17.81,17.91,17.33,17.67,2017800,29892006.00
2023/04/21,17.67,18.01,17.37,17.41,1779800,26471832.00
2023/04/24,17.65,19.23,17.65,18.27,6729800,105055976.00
2023/04/25,18.21,20.20,17.46,20.20,11914750,189971952.00
2023/04/26,21.08,21.77,19.58,21.02,19960749,344151520.00
2023/04/27,20.21,20.67,19.71,20.33,13468190,228288512.00
2023/04/28,19.65,20.58,19.55,19.65,11384754,189641136.00
2023/05/04,19.86,20.20,19.33,19.73,7012357,115284064.00
2023/05/05,19.83,19.86,19.12,19.35,5510975,89532200.00
2023/05/08,19.35,19.35,18.18,18.77,7730140,120814656.00
2023/05/09,18.73,18.73,17.43,17.72,6932400,103759536.00
2023/05/10,17.72,17.72,17.17,17.42,3367597,49294012.00
2023/05/11,17.42,17.67,17.08,17.45,3047675,44583096.00
2023/05/12,17.51,17.51,17.16,17.18,2020797,29492284.00
2023/05/15,17.31,17.51,17.16,17.45,1908125,27811584.00
2023/05/16,17.58,17.76,17.47,17.53,2625900,38925812.00
2023/05/17,17.58,17.81,17.35,17.78,2162400,32142808.00
2023/05/18,17.86,18.10,17.70,18.08,2437100,36802620.00
2023/05/19,18.03,18.21,17.77,18.00,1646800,24907808.00
2023/05/22,17.93,18.38,17.93,18.26,2151450,32986804.00
2023/05/23,18.21,18.55,18.02,18.33,1820400,28023884.00
2023/05/24,18.38,18.66,18.25,18.52,1612475,25077384.00
2023/05/25,18.43,18.91,18.43,18.75,2050900,32174904.00
2023/05/26,18.83,18.83,18.26,18.52,1955900,30359148.00
2023/05/29,18.65,18.73,18.41,18.47,2174900,33836252.00
2023/05/30,18.52,18.61,18.20,18.32,2018200,31122848.00
2023/05/31,18.32,18.57,18.06,18.10,2502400,38364004.00
2023/06/01,18.22,18.22,17.80,17.93,2717200,41118108.00
2023/06/02,18.17,18.17,17.44,18.00,6422460,67334080.00
2023/06/05,18.05,18.30,17.77,18.16,3749440,39943604.00
2023/06/06,18.14,19.31,17.95,18.91,9892353,109071600.00
2023/06/07,18.70,19.92,18.45,18.94,15299577,173420560.00
2023/06/08,18.70,19.47,18.23,18.38,9767252,108196280.00
2023/06/09,18.59,18.65,17.81,18.00,5861355,62811056.00
2023/06/12,18.12,19.47,17.86,19.03,10243960,113371592.00
2023/06/13,18.91,20.78,18.82,20.22,14863524,174431936.00
2023/06/14,20.20,22.30,20.06,20.99,19665915,246189248.00
2023/06/15,21.15,23.14,20.68,22.53,26537980,347052704.00
2023/06/16,22.72,23.02,21.85,22.41,18600520,243887680.00
2023/06/19,22.81,24.72,22.81,24.72,15016668,214645920.00
2023/06/20,24.47,27.26,23.90,27.26,20626071,317701952.00
2023/06/21,27.62,28.13,24.86,26.38,30040548,459875200.00
2023/06/26,25.44,28.10,25.21,26.31,20661611,323694496.00
2023/06/27,25.91,28.01,25.33,27.43,18459816,287607424.00
2023/06/28,27.36,27.94,25.72,27.24,13742139,216469216.00
2023/06/29,27.12,28.92,26.52,27.64,9309955,151204496.00
2023/06/30,27.66,28.97,26.91,26.98,11924090,193395344.00
2023/07/03,26.98,27.19,25.94,26.36,12876735,199164560.00
2023/07/04,26.35,27.89,26.08,26.96,8549230,135067584.00
2023/07/05,27.26,27.26,26.01,26.35,5641000,87701344.00
2023/07/06,26.24,27.71,26.08,27.05,10538145,167019024.00
2023/07/07,27.87,27.87,26.61,27.27,8082595,128663072.00
2023/07/10,27.38,27.73,26.56,26.91,6431535,101498056.00
2023/07/11,26.75,27.19,26.17,26.31,5468235,84913112.00
2023/07/12,26.17,27.12,26.01,26.08,5550715,86124880.00
2023/07/13,26.26,26.26,25.44,25.94,4898620,73888040.00
2023/07/14,25.96,27.20,25.14,25.87,8251980,127260928.00
2023/07/17,25.79,26.87,25.56,25.98,5772705,87835152.00
2023/07/18,25.65,26.77,25.58,26.17,6108583,93752648.00
2023/07/19,26.36,26.36,24.61,25.24,6963830,103204008.00
2023/07/20,25.24,25.61,24.60,24.79,4852288,71228976.00
2023/07/21,24.60,25.09,24.00,24.07,6507870,92944016.00
2023/07/24,24.11,24.67,23.56,24.54,4340585,61864508.00
2023/07/25,24.25,24.84,23.41,23.53,6815935,94827328.00
2023/07/26,23.60,25.07,23.42,24.23,8472940,120898456.00
2023/07/27,24.07,24.51,23.53,23.69,3867300,54031872.00
2023/07/28,23.42,24.09,23.42,23.83,3110675,43424892.00
2023/07/31,23.69,24.42,23.42,24.37,3078050,43521508.00
2023/08/01,25.65,26.45,23.37,23.65,10169780,145736368.00
2023/08/02,23.76,24.07,23.07,23.86,5400250,74782264.00
2023/08/03,22.41,24.23,22.41,23.67,4204848,58003276.00
2023/08/04,23.84,23.84,22.78,22.88,4747431,64188808.00
2023/08/07,22.99,23.55,22.72,23.06,2930810,39524680.00
2023/08/08,23.02,23.30,22.78,22.90,1965900,26476976.00
2023/08/09,22.79,23.06,22.64,22.76,2162340,28947372.00
2023/08/10,22.95,23.23,22.53,22.76,2299520,30923220.00
2023/08/11,23.11,23.11,22.22,22.37,3516299,46796184.00
2023/08/14,22.48,22.50,21.90,22.34,3655060,47622632.00
2023/08/15,22.50,23.02,21.80,21.92,3612160,46891480.00
2023/08/16,21.71,22.08,21.41,21.59,2802750,35740536.00
2023/08/17,21.36,22.23,21.20,22.16,4119553,52847472.00
2023/08/18,22.15,22.29,21.62,21.62,2404075,30986500.00
2023/08/21,21.80,21.92,21.38,21.50,3466960,43938164.00
2023/08/22,21.59,21.90,21.18,21.88,2884620,36469352.00
2023/08/23,21.81,21.83,21.36,21.39,1803160,22865884.00
2023/08/24,21.62,21.67,21.06,21.24,1602920,20091826.00
2023/08/25,21.45,21.52,20.75,21.01,2243280,27734876.00
2023/08/28,22.09,22.32,20.78,20.82,4017807,50314444.00
2023/08/29,21.03,22.37,20.82,22.16,5487440,70770744.00
2023/08/30,22.15,24.25,22.09,24.07,8621302,118577008.00
2023/08/31,23.84,23.98,23.02,23.18,7184150,98157800.00
2023/09/01,23.20,24.16,22.85,23.79,5194414,71323184.00
2023/09/04,24.02,24.26,23.56,24.19,6646043,93192696.00
2023/09/05,24.26,24.37,23.88,23.90,3085720,43486932.00
2023/09/06,23.90,24.25,23.72,24.18,2590940,36402304.00
2023/09/07,23.81,24.25,23.39,23.39,2759075,38380972.00
2023/09/08,23.62,23.62,22.72,22.86,5073688,68534232.00
2023/09/11,22.93,23.41,22.53,23.25,6085680,82068328.00
2023/09/12,23.37,23.51,22.74,23.20,4151340,56303632.00
2023/09/13,23.23,23.67,22.85,23.51,5632460,76956256.00
2023/09/14,23.63,25.93,23.27,25.19,20954151,307767360.00
2023/09/15,25.07,25.10,23.90,24.09,13091840,186049152.00
2023/09/18,24.26,24.39,23.63,23.90,6372195,89170504.00
2023/09/19,23.70,23.81,23.28,23.42,4356760,59946432.00
2023/09/20,23.42,23.70,22.95,23.04,3276163,44730552.00
2023/09/21,23.16,23.16,22.71,23.04,2332660,31335274.00
2023/09/22,22.99,23.67,22.79,23.65,2563642,35086200.00
2023/09/25,23.67,24.25,23.53,23.81,5306480,74523176.00
2023/09/26,23.83,24.16,23.58,23.79,2468380,34513808.00
2023/09/27,23.81,24.88,23.69,24.49,5540660,79465312.00
2023/09/28,24.95,26.29,24.60,25.93,10057530,151455104.00
2023/10/09,25.93,26.61,24.49,25.16,8888753,132065688.00
2023/10/10,25.21,25.82,25.14,25.28,4998483,74382760.00
2023/10/11,25.47,27.87,25.31,27.31,15834961,251990160.00
2023/10/12,27.10,27.26,26.49,26.87,8688260,136308384.00
2023/10/13,26.63,26.85,25.56,25.73,7084123,107957760.00
2023/10/16,25.72,26.98,25.58,26.80,7798220,120258568.00
2023/10/17,26.87,27.06,26.26,26.68,5311720,82800080.00
2023/10/18,26.28,29.11,26.17,27.83,10747306,175358032.00
2023/10/19,27.83,27.92,26.75,26.82,5495545,87612968.00
2023/10/20,26.96,27.76,26.31,26.70,4580815,71835496.00
2023/10/23,26.36,26.70,24.68,25.14,5321363,79448160.00
2023/10/24,25.33,27.20,24.89,24.95,7508021,111515496.00
2023/10/25,25.07,25.54,24.88,25.03,5276735,77568968.00
2023/10/26,25.14,25.56,24.40,25.35,4024920,59167976.00
2023/10/27,25.30,25.30,24.39,24.74,4962014,72013240.00
2023/10/30,24.56,25.35,24.33,24.77,4900290,71594304.00
2023/10/31,24.72,25.38,24.68,24.91,5404788,79097648.00
2023/11/01,24.93,26.14,24.72,26.07,9132455,138019712.00
2023/11/02,25.87,26.10,24.88,25.07,7087148,105397904.00
2023/11/03,25.12,25.59,25.05,25.10,3733865,55268928.00
2023/11/06,25.12,25.52,24.95,25.44,5092977,75315216.00
2023/11/07,25.28,25.54,24.56,25.45,4599960,67439064.00
2023/11/08,25.26,25.86,25.23,25.65,4345148,65102240.00
2023/11/09,25.61,26.08,25.47,25.63,3325128,50078016.00
2023/11/10,25.65,26.14,25.33,25.38,3275065,49098420.00
2023/11/13,25.51,25.73,25.30,25.59,2853719,42652112.00
2023/11/14,25.61,25.65,24.93,25.47,4100090,60391936.00
2023/11/15,25.51,26.01,25.30,25.82,3812799,57340000.00
2023/11/16,25.72,26.00,25.58,25.58,2106692,31703484.00
2023/11/17,25.56,25.91,25.47,25.82,2709212,40666672.00
2023/11/20,25.65,26.26,25.30,26.17,3296280,50215336.00
2023/11/21,26.19,26.33,25.30,25.42,4025834,60465972.00
2023/11/22,25.47,25.59,24.72,24.79,3053452,44718656.00
2023/11/23,24.79,25.51,24.75,25.49,2219556,32735208.00
2023/11/24,25.49,25.65,25.00,25.12,1885940,27926408.00
2023/11/27,25.02,25.72,25.02,25.51,2960774,44057968.00
2023/11/28,25.44,25.91,25.35,25.72,2630708,39542172.00
2023/11/29,25.59,25.91,25.45,25.56,2138851,32114862.00
2023/11/30,25.58,25.73,24.95,25.30,2776331,41077976.00
2023/12/01,25.31,25.38,24.86,25.05,2612326,38283232.00
2023/12/04,25.14,25.16,24.53,24.56,2976830,43016752.00
2023/12/05,24.65,24.75,23.91,24.04,2365438,33649660.00
2023/12/06,24.33,24.33,23.62,23.77,3104791,43434896.00
2023/12/07,23.83,24.12,23.37,23.53,2601500,35960972.00
2023/12/08,23.67,23.90,23.11,23.28,3214900,44222264.00
2023/12/11,23.06,23.63,22.93,23.32,3077727,41998216.00
2023/12/12,23.41,23.41,22.99,23.20,1444936,19588888.00
2023/12/13,23.21,23.44,22.86,23.13,2153344,29223426.00
2023/12/14,23.14,23.62,23.14,23.20,1719266,23528462.00
2023/12/15,23.42,23.42,22.93,22.99,2055560,27792136.00
2023/12/18,23.02,23.41,22.92,22.99,2232500,30292768.00
2023/12/19,23.04,23.27,22.72,23.18,1766370,23820326.00
2023/12/20,23.20,23.42,22.93,23.06,2347165,31960844.00
2023/12/21,23.11,23.39,22.57,23.25,2648500,35718912.00
2023/12/22,23.23,23.30,22.76,22.93,2091040,28174024.00
2023/12/25,23.28,23.65,22.72,23.16,3932381,53097472.00
2023/12/26,22.93,22.93,22.36,22.78,3868156,51251524.00
2023/12/27,22.81,22.81,22.22,22.50,3044844,40132900.00
2023/12/28,22.34,22.99,22.23,22.76,2825306,37618428.00
2023/12/29,22.78,23.06,22.60,22.97,1815520,24408800.00
2024/01/02,22.93,24.32,22.86,23.74,5676563,78712328.00
2024/01/03,23.60,24.07,23.46,23.79,3137449,43665128.00
2024/01/04,23.55,23.86,23.23,23.41,1787480,24550426.00
2024/01/05,23.28,23.48,22.83,22.93,1771774,24062804.00
2024/01/08,22.93,22.99,22.18,22.27,2132383,28244050.00
2024/01/09,22.29,23.16,22.29,22.86,2916950,39154960.00
2024/01/10,22.95,23.04,22.39,22.41,2240576,29799668.00
2024/01/11,22.44,22.95,22.39,22.90,1859182,24838832.00
2024/01/12,22.93,23.28,22.74,22.79,1502100,20276200.00
2024/01/15,22.71,24.74,22.27,24.04,7878945,109494632.00
2024/01/16,23.74,24.32,22.83,23.25,6341034,87186640.00
2024/01/17,22.99,23.51,22.46,22.53,4442429,59561108.00
2024/01/18,22.20,22.37,21.45,21.74,5413372,69323152.00
2024/01/19,21.74,21.87,21.13,21.15,3233945,40852348.00
2024/01/22,21.27,21.38,19.80,19.82,4330956,52475008.00
2024/01/23,19.96,19.96,19.17,19.73,3420100,39282244.00
2024/01/24,19.66,20.66,19.40,20.05,3241700,38114488.00
2024/01/25,20.10,20.90,19.85,20.80,3450650,41645920.00
2024/01/26,20.76,21.25,20.57,20.73,3700155,45314784.00
2024/01/29,20.80,20.89,19.87,20.17,2580410,30630066.00
2024/01/30,20.10,20.10,18.84,18.93,2930100,33400596.00
2024/01/31,19.17,19.21,17.68,17.68,4229424,45529652.00
2024/02/01,17.68,17.77,16.88,17.28,3203425,32969330.00
2024/02/02,17.46,17.98,15.67,16.02,4905115,48223432.00
2024/02/05,16.07,16.07,14.36,14.36,4109380,35689968.00
2024/02/06,12.96,14.31,12.87,13.61,7820780,62165936.00
2024/02/07,13.50,13.57,12.19,12.19,6925840,52204120.00
2024/02/08,12.07,13.47,12.07,13.47,9967685,78248368.00
2024/02/19,14.18,14.87,13.69,14.87,7946790,69184088.00
数据来源:通达信
