688166 博瑞医药 日线 后复权
      日期	    开盘	    最高	    最低	    收盘	    成交量	    成交额
2019/11/08,27.77,33.30,27.13,30.61,26197930,779501184.00
2019/11/11,30.20,33.50,30.10,32.41,15148036,483083648.00
2019/11/12,31.60,31.60,28.06,28.21,11021466,320246688.00
2019/11/13,28.20,29.28,27.51,28.68,6307804,180360032.00
2019/11/14,28.20,30.50,27.86,28.58,6299110,185045184.00
2019/11/15,28.04,30.04,26.22,29.49,10542524,291126688.00
2019/11/18,28.85,30.47,28.51,29.25,4369563,128571416.00
2019/11/19,29.50,30.44,29.03,30.20,3746665,112089264.00
2019/11/20,29.80,31.26,29.11,30.80,3784160,113914880.00
2019/11/21,30.45,33.70,30.45,31.68,5457479,175690016.00
2019/11/22,32.11,32.11,29.50,30.21,4164021,127540120.00
2019/11/25,30.00,30.15,28.30,28.63,4417830,127491360.00
2019/11/26,28.70,28.95,27.27,27.40,2469410,68883496.00
2019/11/27,27.45,28.12,27.45,27.62,1487102,41426072.00
2019/11/28,27.80,29.43,27.35,28.42,2852899,81364816.00
2019/11/29,28.22,28.97,27.03,27.76,2368996,66438736.00
2019/12/02,27.41,27.66,27.05,27.52,1608085,43974252.00
2019/12/03,27.47,27.47,26.55,26.80,1370203,36860296.00
2019/12/04,26.59,28.16,26.59,27.70,1760984,48213416.00
2019/12/05,27.55,28.09,27.55,27.88,1268748,35293104.00
2019/12/06,28.00,29.16,27.98,28.67,1826476,52259424.00
2019/12/09,28.99,29.25,28.28,29.13,1495169,43052536.00
2019/12/10,29.02,30.89,28.47,29.78,2804882,83589176.00
2019/12/11,29.60,29.97,28.62,28.65,1420239,41535508.00
2019/12/12,28.69,30.47,28.69,29.35,2450323,72481128.00
2019/12/13,29.38,31.15,29.19,30.89,2563012,78317288.00
2019/12/16,31.10,31.10,30.29,31.08,2033130,62539192.00
2019/12/17,30.76,31.09,30.31,30.71,1547822,47521756.00
2019/12/18,30.90,31.75,30.67,30.88,2629488,81968016.00
2019/12/19,31.27,31.58,29.98,30.31,1877806,57711512.00
2019/12/20,30.20,31.76,30.02,31.09,2843723,88428800.00
2019/12/23,31.00,31.70,29.31,29.50,2227443,68461096.00
2019/12/24,29.23,30.96,29.23,30.80,1355813,41091832.00
2019/12/25,30.80,31.60,30.54,31.00,1767856,55190632.00
2019/12/26,31.00,31.33,30.57,31.11,854364,26379968.00
2019/12/27,31.20,32.51,30.60,31.93,2317262,73348720.00
2019/12/30,31.93,31.93,29.37,30.82,1508710,46776680.00
2019/12/31,30.80,32.30,30.58,31.77,1353846,42769932.00
2020/01/02,31.77,32.07,31.22,31.85,1449545,45971796.00
2020/01/03,31.90,33.35,31.61,33.15,1504735,48771124.00
2020/01/06,33.20,35.88,32.43,35.30,2316137,79170392.00
2020/01/07,34.88,36.63,34.48,35.73,1999072,71126704.00
2020/01/08,35.44,36.60,34.55,35.70,1673532,59514496.00
2020/01/09,36.28,36.57,35.56,36.00,1115298,40202464.00
2020/01/10,35.58,36.75,35.58,36.15,1223759,44545076.00
2020/01/13,36.15,37.94,35.42,37.13,1279143,46408496.00
2020/01/14,37.50,39.99,37.38,37.45,1907781,73418032.00
2020/01/15,37.00,39.40,36.80,38.33,991055,37973992.00
2020/01/16,38.28,38.86,37.49,38.11,1612930,61334632.00
2020/01/17,38.00,40.50,37.75,39.21,2561387,100094352.00
2020/01/20,41.60,45.00,40.08,42.05,3666447,153213728.00
2020/01/21,42.40,42.40,40.20,40.88,2259166,92326320.00
2020/01/22,40.88,41.52,37.00,39.64,2174436,85885128.00
2020/01/23,39.38,40.50,38.05,38.30,1576684,61608680.00
2020/02/03,35.90,45.88,34.43,44.15,7187996,293896192.00
2020/02/04,39.90,46.60,38.38,43.01,6697578,286476000.00
2020/02/05,43.00,45.00,41.72,44.97,5337968,232116448.00
2020/02/06,44.42,46.00,42.84,43.20,5176224,230105072.00
2020/02/07,43.96,44.98,41.71,42.08,3157212,135737888.00
2020/02/10,42.60,42.60,40.50,40.90,2629744,108079680.00
2020/02/11,41.70,45.29,40.43,43.43,3813083,164986512.00
2020/02/12,52.12,52.12,52.12,52.12,1137408,59281704.00
2020/02/13,62.54,62.54,62.54,62.54,1207124,75493536.00
2020/02/14,60.00,72.38,53.08,68.90,16877493,1044448896.00
2020/02/17,60.51,68.50,60.50,62.46,12010309,761913408.00
2020/02/18,61.28,61.30,56.34,56.60,10076621,581743488.00
2020/02/19,56.30,59.28,53.13,57.65,8056179,456968320.00
2020/02/20,56.56,57.71,53.09,53.90,5485253,299405248.00
2020/02/21,53.90,56.88,52.50,55.37,6472024,355325248.00
2020/02/24,55.90,58.18,54.50,55.45,4770499,268113088.00
2020/02/25,57.00,65.60,57.00,65.40,12395501,763055488.00
2020/02/26,68.80,71.40,62.12,69.35,12370998,835460544.00
2020/02/27,68.00,68.00,61.90,62.01,7226332,463185792.00
2020/02/28,63.00,66.98,62.05,62.37,7203850,465714624.00
2020/03/02,49.90,55.90,49.90,53.22,11851120,621300864.00
2020/03/03,51.88,54.60,48.50,53.23,10533061,540299008.00
2020/03/04,51.50,52.73,50.60,50.73,5134200,263053808.00
2020/03/05,51.00,51.47,48.50,48.77,5396088,265894032.00
2020/03/06,49.82,52.00,49.12,50.48,5117847,260142144.00
2020/03/09,49.50,52.00,46.43,49.02,6931929,336444000.00
2020/03/10,47.00,48.49,46.00,47.23,4568460,214896576.00
2020/03/11,46.92,48.26,46.46,46.63,3387904,160379360.00
2020/03/12,46.88,47.41,44.58,44.69,2918361,132763680.00
2020/03/13,42.00,44.02,40.22,42.35,4242533,177262784.00
2020/03/16,42.50,46.82,42.48,45.00,5795777,263247728.00
2020/03/17,44.00,47.62,40.56,46.30,5728025,251995056.00
2020/03/18,45.71,46.90,43.78,43.80,4492235,203462704.00
2020/03/19,43.03,44.30,41.20,42.05,3530452,148877168.00
2020/03/20,41.70,43.47,41.70,42.07,2094336,88571568.00
2020/03/23,40.69,42.00,38.51,38.69,2878093,115282832.00
2020/03/24,38.90,41.35,38.66,39.80,2988681,119176240.00
2020/03/25,41.00,41.79,40.27,40.90,2882323,118386632.00
2020/03/26,40.23,42.26,40.23,41.58,2821613,117589200.00
2020/03/27,42.07,44.73,42.07,43.70,3656729,160214816.00
2020/03/30,43.20,45.50,41.50,42.56,3265212,143364016.00
2020/03/31,42.43,43.77,41.71,42.91,1928109,82105272.00
2020/04/01,45.25,45.25,43.16,44.06,2456388,109144040.00
2020/04/02,44.10,44.10,42.20,43.53,1979662,85192616.00
2020/04/03,43.20,45.38,43.20,43.83,2131617,94640664.00
2020/04/07,44.87,45.50,43.88,44.90,2437274,109033664.00
2020/04/08,44.36,45.45,43.84,44.26,2170054,96868440.00
2020/04/09,44.26,48.50,44.15,47.57,4406456,205291920.00
2020/04/10,47.57,48.30,45.57,46.34,2855736,133924840.00
2020/04/13,45.58,48.19,43.00,46.91,3277783,152745168.00
2020/04/14,46.90,48.56,45.70,47.20,2729137,129449080.00
2020/04/15,47.35,48.94,47.07,48.20,2090871,101043000.00
2020/04/16,48.20,49.60,46.75,49.58,2332480,112224168.00
2020/04/17,53.50,56.80,50.89,51.30,5233061,279506848.00
2020/04/20,52.45,53.50,50.11,52.17,3392940,177467072.00
2020/04/21,51.00,53.37,50.60,52.21,2150718,112266840.00
2020/04/22,51.85,52.97,49.70,51.98,2633715,135707888.00
2020/04/23,52.40,53.50,52.05,52.21,2093829,110694360.00
2020/04/24,50.45,51.31,48.80,49.05,3206565,159609936.00
2020/04/27,48.50,49.60,47.25,47.72,1773089,85329408.00
2020/04/28,48.09,48.50,43.44,45.96,2408014,110009680.00
2020/04/29,45.96,46.92,45.12,45.87,798809,36615952.00
2020/04/30,48.39,49.44,47.13,48.00,2306687,110871696.00
2020/05/06,47.66,49.95,47.01,49.70,2572590,125377712.00
2020/05/07,49.40,51.30,49.02,49.99,2199362,110540320.00
2020/05/08,49.30,50.18,48.48,50.06,3016345,148194896.00
2020/05/11,49.60,51.10,49.21,50.40,1845185,92860544.00
2020/05/12,50.50,50.50,48.70,49.63,2091290,103000200.00
2020/05/13,49.45,50.50,48.75,49.90,1872063,93245336.00
2020/05/14,49.37,50.98,48.29,48.88,1943295,96709776.00
2020/05/15,48.51,49.82,48.51,49.19,1376936,67785536.00
2020/05/18,49.01,49.32,47.82,47.82,1606515,77855008.00
2020/05/19,48.10,49.20,47.64,48.01,1191203,57215080.00
2020/05/20,48.15,48.59,47.08,47.08,1166255,55781136.00
2020/05/21,47.20,48.29,46.50,46.65,1255956,59438788.00
2020/05/22,46.65,46.88,44.82,45.04,1176436,53383784.00
2020/05/25,44.65,45.64,44.60,45.29,677074,30492020.00
2020/05/26,45.63,46.59,45.53,46.52,891982,41068440.00
2020/05/27,46.55,47.29,45.01,45.40,885644,40853608.00
2020/05/28,45.02,45.50,43.72,45.03,884759,39531080.00
2020/05/29,45.03,46.10,44.37,45.60,777820,35506132.00
2020/06/01,46.55,48.98,46.34,48.78,2249616,108544944.00
2020/06/02,48.88,49.27,48.20,48.75,1138156,55476920.00
2020/06/03,49.49,49.94,48.50,49.54,1404181,69350744.00
2020/06/04,50.12,50.78,48.85,49.59,1303460,64941764.00
2020/06/05,49.01,51.95,48.70,51.12,1900538,96077184.00
2020/06/08,51.28,51.59,48.91,48.98,1334036,66755240.00
2020/06/09,50.08,53.60,49.59,51.86,2641504,137380000.00
2020/06/10,51.07,53.41,49.96,52.43,2171319,112245872.00
2020/06/11,52.18,53.47,50.96,51.45,1887828,97953936.00
2020/06/12,51.07,54.51,49.46,53.03,2573483,136035120.00
2020/06/15,54.29,56.58,53.07,56.57,2885549,157991312.00
2020/06/16,56.08,63.08,54.36,58.86,4354449,255252544.00
2020/06/17,58.33,61.97,57.09,57.38,3389582,201642592.00
2020/06/18,57.38,58.52,54.88,54.99,2352873,131053832.00
2020/06/19,55.31,55.95,54.62,55.57,1358121,75178976.00
2020/06/22,55.43,60.46,55.19,59.73,2120926,123413608.00
2020/06/23,60.18,62.86,60.18,61.17,2286699,140461696.00
2020/06/24,60.41,63.11,59.39,61.28,1508539,91633552.00
2020/06/29,61.28,62.78,60.07,61.36,1279821,78479792.00
2020/06/30,62.06,63.67,61.08,61.97,1492223,92976328.00
2020/07/01,62.36,62.72,58.24,58.78,2257667,134530240.00
2020/07/02,59.05,59.55,56.14,57.05,1886228,108504432.00
2020/07/03,57.08,58.05,56.26,57.82,1178066,67524280.00
2020/07/06,57.38,59.17,57.25,58.61,1613467,94054936.00
2020/07/07,59.19,60.57,57.56,59.86,2736634,161868800.00
2020/07/08,59.75,59.93,58.48,59.43,1918661,113305896.00
2020/07/09,59.45,62.02,58.76,61.91,2918048,177643600.00
2020/07/10,61.48,64.86,60.70,63.08,2426307,153389600.00
2020/07/13,64.68,67.73,63.57,67.57,2715728,179160000.00
2020/07/14,66.83,72.51,64.71,65.66,3158826,217619952.00
2020/07/15,67.08,71.26,65.71,66.13,3300223,226530928.00
2020/07/16,63.44,64.89,58.21,58.67,3169600,193381312.00
2020/07/17,57.56,62.71,57.56,60.43,2227183,135273680.00
2020/07/20,60.72,62.42,57.78,62.04,1480633,89280592.00
2020/07/21,61.59,62.77,60.16,61.07,1122162,68676632.00
2020/07/22,60.86,64.57,60.47,63.48,1541009,96667600.00
2020/07/23,63.66,64.85,61.10,63.81,1133995,71688320.00
2020/07/24,63.80,63.80,56.28,56.98,1744611,103913712.00
2020/07/27,56.99,58.54,53.09,53.78,1831769,101080472.00
2020/07/28,55.38,55.38,52.66,54.86,1018172,55051332.00
2020/07/29,55.86,58.68,53.77,58.68,1498721,85138360.00
2020/07/30,58.20,60.63,57.93,58.33,1234826,72920352.00
2020/07/31,58.00,60.08,56.77,59.44,1282564,75376800.00
2020/08/03,59.56,60.96,59.56,60.51,1093141,65876872.00
2020/08/04,60.55,61.96,57.78,58.08,1291970,76804136.00
2020/08/05,58.44,58.44,56.86,56.99,1603593,91642528.00
2020/08/06,56.99,57.83,55.66,56.87,850784,48095944.00
2020/08/07,56.87,57.68,54.69,55.82,872232,48811928.00
2020/08/10,55.26,56.77,54.58,55.88,663282,36640488.00
2020/08/11,56.08,56.73,52.28,52.43,1153370,62705144.00
2020/08/12,52.08,53.31,50.18,52.64,964150,49564580.00
2020/08/13,53.06,53.42,51.73,53.16,490905,25841368.00
2020/08/14,53.32,53.97,50.97,51.79,743124,38738412.00
2020/08/17,51.88,54.58,51.25,54.26,1076212,57033704.00
2020/08/18,53.10,55.38,52.85,54.98,1046522,57023440.00
2020/08/19,55.63,55.97,53.71,54.58,710409,38980088.00
2020/08/20,54.08,56.09,53.96,54.45,764649,42132764.00
2020/08/21,55.52,56.56,54.66,55.08,889474,49501616.00
2020/08/24,55.14,56.43,52.91,55.00,714713,38710936.00
2020/08/25,54.70,55.63,53.38,53.66,623895,33655344.00
2020/08/26,53.65,54.44,51.87,52.30,724902,38353864.00
2020/08/27,52.46,53.28,51.23,52.96,648600,34139756.00
2020/08/28,52.33,56.41,52.13,55.88,1053774,57860352.00
2020/08/31,56.09,57.88,55.37,56.73,859009,48732664.00
2020/09/01,56.46,57.53,52.58,53.48,1328489,72274392.00
2020/09/02,54.04,54.44,52.61,52.87,792799,42188648.00
2020/09/03,52.58,53.88,51.87,52.32,915492,48039644.00
2020/09/04,51.60,53.46,50.58,52.98,1034980,54095120.00
2020/09/07,52.68,55.22,52.16,52.26,1782860,96872784.00
2020/09/08,53.17,54.76,51.75,54.29,868227,46362564.00
2020/09/09,53.47,54.78,52.62,52.91,814498,43768356.00
2020/09/10,53.57,54.04,50.91,51.68,511541,26680128.00
2020/09/11,51.68,51.96,50.76,51.95,314116,16101474.00
2020/09/14,53.10,53.33,50.23,51.59,854209,43773088.00
2020/09/15,51.59,52.12,50.75,51.01,375334,19182356.00
2020/09/16,50.85,51.88,49.18,49.87,606902,30525480.00
2020/09/17,49.19,50.65,48.46,49.97,887902,43806168.00
2020/09/18,48.48,50.58,48.48,49.83,678548,33828456.00
2020/09/21,49.84,50.47,49.08,49.48,755534,37313536.00
2020/09/22,49.46,50.81,48.60,50.69,827044,41465596.00
2020/09/23,51.34,54.66,49.77,53.48,1738177,91702952.00
2020/09/24,52.42,54.74,51.88,53.57,1390748,74489896.00
2020/09/25,54.06,55.58,53.10,54.32,898106,48888736.00
2020/09/28,54.33,55.53,52.77,53.44,429248,22999004.00
2020/09/29,53.44,56.46,53.43,55.40,1209457,66869640.00
2020/09/30,56.07,58.06,55.63,56.77,1400647,80036032.00
2020/10/09,56.81,59.68,56.81,59.38,1298961,76375064.00
2020/10/12,59.22,60.37,57.58,59.47,1312779,76770712.00
2020/10/13,59.07,60.58,58.24,59.07,997597,59154136.00
2020/10/14,58.96,59.69,58.29,59.12,716427,42091724.00
2020/10/15,59.29,60.44,58.67,59.08,931474,55447620.00
2020/10/16,58.97,59.69,57.28,58.21,852619,49517412.00
2020/10/19,58.34,58.76,56.61,56.90,629395,36120584.00
2020/10/20,57.06,57.96,56.32,57.96,533510,30594768.00
2020/10/21,58.27,59.28,55.59,56.76,810880,46299204.00
2020/10/22,56.76,56.76,54.78,55.51,611958,34130660.00
2020/10/23,56.61,58.77,56.02,57.17,1089888,62914868.00
2020/10/26,58.03,62.36,57.07,61.58,1465593,88433384.00
2020/10/27,61.62,62.46,60.08,61.23,999242,61284624.00
2020/10/28,61.23,61.88,59.41,61.70,892563,54271576.00
2020/10/29,61.20,61.96,59.79,61.10,768085,46933616.00
2020/10/30,61.16,61.88,58.44,58.98,743251,44511696.00
2020/11/02,59.57,61.05,58.35,59.28,790348,47136272.00
2020/11/03,59.97,61.57,58.48,61.23,764627,46332664.00
2020/11/04,61.58,61.98,61.08,61.42,678587,41713028.00
2020/11/05,62.64,62.87,60.58,61.05,831320,51049292.00
2020/11/06,61.08,61.08,56.95,57.20,846345,49299064.00
2020/11/09,56.15,57.08,53.77,54.99,1986701,109204736.00
2020/11/10,54.99,55.88,54.38,54.98,1602069,88120480.00
2020/11/11,54.28,54.85,53.16,54.20,985089,52989868.00
2020/11/12,54.57,55.06,53.61,54.53,796258,43278260.00
2020/11/13,54.53,54.53,52.68,53.33,1084669,57865792.00
2020/11/16,63.08,63.08,54.08,54.28,2240421,123304288.00
2020/11/17,54.97,54.97,52.48,53.18,1148294,61101104.00
2020/11/18,53.08,53.47,52.60,53.13,934949,49552016.00
2020/11/19,52.70,53.06,52.30,52.43,782461,41076620.00
2020/11/20,52.88,52.95,50.97,51.46,980803,50577272.00
2020/11/23,51.22,52.28,50.59,50.70,1000157,51276868.00
2020/11/24,51.18,51.18,50.21,50.58,782796,39508760.00
2020/11/25,50.58,51.08,50.09,50.36,599175,30150014.00
2020/11/26,50.08,50.09,48.44,48.58,1280487,62721904.00
2020/11/27,48.69,49.28,47.55,48.18,1118269,53851968.00
2020/11/30,48.05,49.84,47.60,49.04,1231152,60295284.00
2020/12/01,48.48,50.46,48.48,49.89,1696770,84830528.00
2020/12/02,49.88,49.94,48.73,49.28,894301,43941440.00
2020/12/03,49.28,49.83,48.14,49.11,1398402,68295376.00
2020/12/04,49.11,49.23,48.30,48.76,1074942,52268816.00
2020/12/07,48.76,48.76,47.73,48.02,1263881,60683640.00
2020/12/08,47.91,49.07,46.80,46.80,1778354,84588624.00
2020/12/09,46.80,47.46,45.11,46.73,2790583,128469840.00
2020/12/10,46.80,47.17,45.75,45.79,1970617,90965840.00
2020/12/11,45.80,46.08,43.08,43.94,2994181,132137504.00
2020/12/14,43.88,44.53,43.17,44.49,1091338,47800696.00
2020/12/15,44.48,44.93,44.09,44.59,965241,42886536.00
2020/12/16,44.09,44.88,43.63,44.46,1257226,55673736.00
2020/12/17,44.94,45.58,44.59,45.18,1857378,83691288.00
2020/12/18,45.38,45.38,43.58,43.97,903204,39782452.00
2020/12/21,43.97,44.05,43.08,43.70,1150073,50120564.00
2020/12/22,43.48,43.96,42.98,43.11,984475,42683880.00
2020/12/23,43.11,43.11,40.88,41.57,2236942,92509904.00
2020/12/24,41.57,41.86,39.67,40.43,1792781,72555528.00
2020/12/25,40.92,44.57,39.98,43.86,2666548,114830040.00
2020/12/28,44.07,44.08,43.08,43.85,1422687,61906144.00
2020/12/29,44.08,44.66,43.30,44.56,1589827,70367752.00
2020/12/30,44.58,46.44,43.93,45.68,1771831,80370648.00
2020/12/31,45.98,46.72,44.89,45.88,2022092,92660832.00
2021/01/04,47.24,47.24,45.76,46.11,1612584,74229184.00
2021/01/05,45.45,47.19,45.38,46.64,2619714,121450864.00
2021/01/06,46.61,46.71,44.96,45.44,1462368,66845944.00
2021/01/07,45.11,46.55,44.96,45.94,1625544,74749824.00
2021/01/08,46.08,47.98,45.60,47.32,2060905,97261728.00
2021/01/11,47.08,47.32,43.28,43.89,1943013,87855952.00
2021/01/12,44.76,46.94,44.31,46.23,1454187,66544080.00
2021/01/13,46.63,47.09,44.86,45.68,1514992,69360768.00
2021/01/14,45.96,48.06,45.34,47.89,2609447,123121712.00
2021/01/15,48.06,48.06,46.33,46.81,1658505,77978728.00
2021/01/18,47.17,47.36,45.88,47.07,1878540,87042424.00
2021/01/19,46.63,47.42,45.08,45.92,1710561,78463616.00
2021/01/20,45.28,46.27,43.60,46.23,3096430,138829472.00
2021/01/21,47.38,50.38,47.38,49.65,5346907,263027520.00
2021/01/22,48.84,49.37,47.93,48.70,3055745,148510192.00
2021/01/25,48.78,50.84,47.58,49.71,2267708,112853984.00
2021/01/26,49.16,49.64,46.20,48.19,3228533,153457968.00
2021/01/27,48.18,48.55,46.60,47.16,1311401,61815096.00
2021/01/28,46.92,47.83,46.08,46.58,799423,37436536.00
2021/01/29,46.97,47.23,45.26,45.86,790914,36660280.00
2021/02/01,45.85,46.41,44.78,45.56,942981,42924272.00
2021/02/02,45.59,46.38,44.77,45.99,985726,45138412.00
2021/02/03,46.68,46.68,43.27,43.48,1681415,74850248.00
2021/02/04,43.04,43.41,42.26,42.38,1271649,54361664.00
2021/02/05,42.59,44.87,42.55,43.58,1168011,51426872.00
2021/02/08,41.37,44.64,41.37,43.58,884470,38577708.00
2021/02/09,43.41,44.53,42.28,42.99,1488877,63912420.00
2021/02/10,42.41,45.68,42.41,45.55,1517989,68097872.00
2021/02/18,46.65,46.65,44.12,44.51,1165335,52377992.00
2021/02/19,44.08,44.97,43.69,44.63,1134323,50186272.00
2021/02/22,44.58,45.17,44.36,44.64,1199931,53747804.00
2021/02/23,44.65,45.42,43.31,45.17,1283211,57217748.00
2021/02/24,45.31,45.48,44.72,45.03,1224699,55141080.00
2021/02/25,44.86,45.73,44.63,44.93,653784,29326024.00
2021/02/26,44.32,46.08,44.31,45.81,1978193,89725336.00
2021/03/01,45.78,46.23,45.00,46.21,1546301,70758472.00
2021/03/02,45.59,46.23,44.63,45.60,785000,35638456.00
2021/03/03,45.36,45.36,44.79,44.96,321564,14445319.00
2021/03/04,45.07,45.51,43.33,43.38,788193,34476784.00
2021/03/05,43.58,44.27,42.91,44.12,401318,17592448.00
2021/03/08,44.31,44.95,43.78,44.39,677086,30132494.00
2021/03/09,44.77,44.77,42.63,42.88,721045,31254468.00
2021/03/10,42.93,43.92,42.64,42.65,545546,23531858.00
2021/03/11,43.21,43.21,42.48,42.73,346095,14766368.00
2021/03/12,42.87,43.05,41.74,42.07,520036,21870680.00
2021/03/15,41.57,42.66,41.37,42.18,426683,17882728.00
2021/03/16,41.78,43.38,41.78,43.34,407933,17457784.00
2021/03/17,43.31,44.43,43.08,44.35,741162,32548944.00
2021/03/18,44.13,44.78,43.63,43.63,482987,21336132.00
2021/03/19,44.05,44.96,43.50,44.17,910148,40279108.00
2021/03/22,43.28,45.56,43.28,44.95,775503,34774908.00
2021/03/23,44.95,45.95,44.39,44.62,922696,41617428.00
2021/03/24,44.08,45.45,44.08,45.19,682123,30682592.00
2021/03/25,45.08,45.72,44.08,44.11,698435,31404852.00
2021/03/26,44.07,45.68,43.29,45.03,897620,39989292.00
2021/03/29,44.77,45.66,43.53,44.26,1048337,46344360.00
2021/03/30,44.38,44.38,43.26,43.26,1248492,54231192.00
2021/03/31,42.09,43.06,39.97,40.42,2554454,103828096.00
2021/04/01,41.03,42.47,40.58,41.85,887069,36757000.00
2021/04/02,41.41,42.58,41.41,41.78,1012887,42494044.00
2021/04/06,42.07,42.45,41.39,41.39,683220,28442496.00
2021/04/07,41.39,41.70,40.39,40.67,1086995,44352944.00
2021/04/08,41.13,42.07,40.36,41.76,1112729,46141304.00
2021/04/09,41.76,42.73,41.10,41.13,856881,35784960.00
2021/04/12,41.15,41.91,40.17,40.48,890577,36406408.00
2021/04/13,40.09,40.94,40.06,40.21,470581,18977212.00
2021/04/14,39.74,40.86,39.74,40.72,420262,16966428.00
2021/04/15,40.75,41.47,40.59,41.18,358476,14669202.00
2021/04/16,41.18,41.78,40.88,41.53,273861,11333301.00
2021/04/19,41.68,42.27,41.49,41.73,509551,21280072.00
2021/04/20,41.87,42.26,41.12,41.41,520266,21586316.00
2021/04/21,41.37,41.72,39.19,39.83,2021253,81625960.00
2021/04/22,40.34,41.51,40.08,40.63,952839,38755912.00
2021/04/23,40.62,41.25,40.37,40.56,555489,22583684.00
2021/04/26,42.71,44.52,40.85,41.08,2909709,123692744.00
2021/04/27,40.78,41.08,38.59,39.09,2106000,83393384.00
2021/04/28,39.68,41.08,38.56,39.92,2813358,112532944.00
2021/04/29,40.06,40.39,39.11,39.39,917627,36271952.00
2021/04/30,39.33,40.28,39.08,39.71,1543198,61260024.00
2021/05/06,40.09,40.09,38.83,39.08,891471,35102196.00
2021/05/07,38.80,38.96,36.88,37.24,1484791,55749504.00
2021/05/10,37.09,38.08,36.24,36.66,1115704,41358248.00
2021/05/11,36.77,37.87,35.97,37.56,1163406,42918356.00
2021/05/12,37.56,38.47,36.89,38.41,727495,27450048.00
2021/05/13,37.45,38.52,37.45,38.07,789692,29970160.00
2021/05/14,38.61,40.96,38.10,40.64,2182139,86831256.00
2021/05/17,40.81,44.13,40.77,43.36,3772083,160269728.00
2021/05/18,42.92,45.67,42.50,44.87,3029107,134786848.00
2021/05/19,45.40,45.64,43.59,44.08,1596380,71215008.00
2021/05/20,43.58,45.71,43.58,45.17,1747847,78124880.00
2021/05/21,45.22,46.69,44.50,46.07,1804553,82659176.00
2021/05/24,46.30,47.02,45.02,46.52,1488443,68880656.00
2021/05/25,46.52,47.02,45.37,45.67,878274,40079868.00
2021/05/26,45.67,46.30,44.98,45.35,1181191,53413808.00
2021/05/27,45.45,46.32,45.19,46.07,1521293,69596080.00
2021/05/28,45.76,46.54,44.75,45.17,784590,35563824.00
2021/05/31,45.20,46.07,45.17,45.55,1409366,64037988.00
2021/06/01,45.46,46.95,44.36,45.17,2957211,134059856.00
2021/06/02,45.00,46.47,44.29,44.67,2869611,130087808.00
2021/06/03,44.18,45.37,43.67,44.27,1432346,63568956.00
2021/06/04,43.95,46.17,43.85,45.84,1839565,83048600.00
2021/06/07,46.16,48.12,45.35,47.66,2496096,118078336.00
2021/06/08,47.69,48.66,46.98,47.41,1923108,91638064.00
2021/06/09,47.41,47.41,43.74,43.87,2921363,130813448.00
2021/06/10,44.31,45.47,43.68,44.67,1969841,87856112.00
2021/06/11,44.66,45.64,44.07,45.12,2173030,97214928.00
2021/06/15,44.97,45.01,43.34,43.99,1410634,61767552.00
2021/06/16,43.82,43.97,43.05,43.44,1054225,45717472.00
2021/06/17,43.20,43.81,42.27,43.22,1508632,64745980.00
2021/06/18,43.87,45.52,43.47,44.00,1685326,75043912.00
2021/06/21,44.00,45.30,42.86,44.96,1393121,61953212.00
2021/06/22,44.96,45.67,44.60,45.39,1022134,46044296.00
2021/06/23,45.39,45.50,44.14,44.17,889354,39560416.00
2021/06/24,44.21,44.79,41.32,41.65,1673063,70667264.00
2021/06/25,41.78,42.88,41.34,42.59,1057231,44654096.00
2021/06/28,42.59,43.26,42.05,42.48,1666300,70893040.00
2021/06/29,42.39,43.73,42.02,42.47,1204558,51365452.00
2021/06/30,42.53,43.02,41.93,41.98,802511,33931592.00
2021/07/01,41.78,42.49,41.55,41.59,867837,36263008.00
2021/07/02,41.61,41.61,39.27,39.86,1391699,55534952.00
2021/07/05,39.97,40.56,39.29,40.25,814766,32423496.00
2021/07/06,40.33,40.66,38.87,39.60,879335,34553940.00
2021/07/07,39.17,39.97,38.35,38.67,1284764,49904736.00
2021/07/08,38.72,40.10,38.07,39.27,1475972,57534140.00
2021/07/09,39.12,39.12,37.66,38.14,1496422,56884500.00
2021/07/12,38.44,39.68,37.67,39.38,1206639,47129160.00
2021/07/13,39.38,40.63,39.38,39.93,932185,37193856.00
2021/07/14,39.67,40.57,39.02,39.06,899456,35562636.00
2021/07/15,38.85,39.32,38.29,38.54,653433,25121744.00
2021/07/16,38.57,39.87,38.55,38.83,938959,36544280.00
2021/07/19,38.57,39.65,38.29,38.94,1067864,41437984.00
2021/07/20,39.17,40.49,38.98,39.80,1060150,42044964.00
2021/07/21,39.70,40.77,39.52,40.31,1145206,45886880.00
2021/07/22,40.32,40.32,38.55,38.59,1972752,76891008.00
2021/07/23,38.59,41.17,38.49,39.14,1795371,70843680.00
2021/07/26,39.22,39.31,37.66,38.17,2068247,79072256.00
2021/07/27,37.99,38.54,35.88,35.97,1645586,60849328.00
2021/07/28,36.02,36.31,33.96,34.37,2477699,85383496.00
2021/07/29,34.69,35.94,34.15,35.61,1629961,56820996.00
2021/07/30,35.63,36.92,34.83,36.68,1462148,52488640.00
2021/08/02,37.06,37.16,34.17,35.47,3480152,121365536.00
2021/08/03,35.96,37.05,35.36,36.15,2452417,88770584.00
2021/08/04,36.59,36.59,34.73,35.15,2787504,97499776.00
2021/08/05,35.17,35.24,33.37,34.03,4115193,140172640.00
2021/08/06,33.83,34.81,33.48,33.81,2087222,70698136.00
2021/08/09,33.90,34.95,33.52,34.20,2021395,68780096.00
2021/08/10,34.59,34.87,33.83,34.57,1389997,47571800.00
2021/08/11,34.87,34.95,33.63,33.72,1660222,56012044.00
2021/08/12,34.05,34.05,33.25,33.34,1605478,53376416.00
2021/08/13,33.34,33.80,32.54,33.67,1222458,40629620.00
2021/08/16,33.82,34.42,33.09,34.30,1931941,65129876.00
2021/08/17,34.31,34.92,33.72,33.91,2083818,71220712.00
2021/08/18,33.82,34.98,33.61,34.61,1634305,56100624.00
2021/08/19,34.60,35.53,34.37,34.72,1852515,64250328.00
2021/08/20,34.92,34.92,33.17,34.31,1789833,60132824.00
2021/08/23,33.98,34.66,33.73,34.24,1613211,54780156.00
2021/08/24,34.37,34.66,33.97,34.14,1501069,51089176.00
2021/08/25,35.00,37.05,34.71,36.87,4629013,166439232.00
2021/08/26,37.09,37.60,34.88,35.02,2682721,95350872.00
2021/08/27,35.05,35.42,33.77,34.02,1686658,57862712.00
2021/08/30,34.37,34.59,33.12,33.30,2102452,70517432.00
2021/08/31,33.42,34.51,32.88,33.83,2258301,75591320.00
2021/09/01,34.05,34.66,32.89,34.40,1885897,63255128.00
2021/09/02,34.37,34.67,33.80,34.31,1589239,54051964.00
2021/09/03,34.32,34.85,33.94,34.66,1655266,56803708.00
2021/09/06,34.86,36.02,34.49,35.49,2568574,90926176.00
2021/09/07,35.56,36.13,35.12,35.29,1965087,69271800.00
2021/09/08,35.19,36.35,35.04,36.05,1673830,59876332.00
2021/09/09,36.12,36.15,35.56,35.94,994598,35513748.00
2021/09/10,35.87,36.26,34.59,34.69,1639655,57066332.00
2021/09/13,34.84,34.97,33.50,33.71,2460493,83228832.00
2021/09/14,33.71,34.85,33.56,34.16,1784056,61011272.00
2021/09/15,34.47,34.47,33.67,34.03,874814,29691128.00
2021/09/16,33.77,33.77,31.62,33.09,3890065,125834520.00
2021/09/17,33.11,33.11,31.07,31.40,2271879,71383840.00
2021/09/22,31.53,31.87,30.83,31.53,1431743,44680500.00
2021/09/23,31.54,32.14,31.00,31.12,1398593,43841020.00
2021/09/24,31.12,31.47,28.95,29.32,5370034,159055104.00
2021/09/27,29.44,31.07,29.39,30.67,3299554,100072520.00
2021/09/28,31.02,31.02,28.99,29.58,3280162,96155520.00
2021/09/29,29.27,29.67,28.70,28.97,2077005,60076916.00
2021/09/30,29.23,29.27,28.19,28.73,2592876,73526952.00
2021/10/08,28.17,29.42,28.08,28.92,2091136,59892304.00
2021/10/11,28.87,29.77,28.47,28.92,1982059,57377336.00
2021/10/12,28.86,29.87,28.35,29.20,2995022,86987992.00
2021/10/13,29.57,29.71,29.21,29.45,1184352,34673832.00
2021/10/14,29.85,31.15,29.49,30.11,2726765,82179840.00
2021/10/15,30.32,32.16,30.00,31.77,4614994,143968048.00
2021/10/18,31.38,31.84,30.32,30.53,2306110,70676944.00
2021/10/19,30.35,31.47,30.32,30.87,1667880,51234360.00
2021/10/20,30.92,32.49,30.43,31.95,2097141,65663292.00
2021/10/21,31.95,32.11,30.97,31.13,1559352,48515592.00
2021/10/22,30.89,31.81,30.66,31.40,1267769,39344376.00
2021/10/25,31.26,32.47,30.89,31.80,2143011,68092888.00
2021/10/26,32.51,34.36,32.01,33.37,5219068,173421632.00
2021/10/27,32.79,33.62,31.96,32.22,3596497,116121984.00
2021/10/28,31.98,32.20,30.57,30.94,2094007,64905296.00
2021/10/29,31.17,31.81,30.48,31.14,1398041,43418460.00
2021/11/01,31.43,33.37,30.82,33.12,3856153,124942816.00
2021/11/02,32.67,34.33,32.63,33.56,3316540,110883640.00
2021/11/03,33.23,34.77,33.06,33.59,3441021,116651496.00
2021/11/04,34.09,34.35,33.47,33.63,2959757,99785424.00
2021/11/05,33.67,33.95,33.06,33.20,2743347,91196000.00
2021/11/08,33.56,33.60,31.32,31.56,2429452,77030176.00
2021/11/09,31.56,32.01,31.04,31.94,2176643,68432600.00
2021/11/10,32.78,35.36,32.78,33.82,4255618,144216064.00
2021/11/11,34.06,35.96,33.17,35.52,6094218,213943360.00
2021/11/12,35.55,36.25,34.36,35.91,3561796,125222680.00
2021/11/15,35.84,36.57,35.31,36.55,2432545,87284512.00
2021/11/16,36.67,36.97,35.69,36.37,2027118,73221216.00
2021/11/17,36.20,36.60,35.40,36.27,2716199,97026344.00
2021/11/18,35.80,37.42,35.57,36.17,3459331,125451712.00
2021/11/19,36.00,36.67,35.01,36.60,2905197,103268776.00
2021/11/22,36.47,36.47,35.07,35.19,2041172,72391712.00
2021/11/23,35.54,35.71,34.67,35.26,1418743,49667292.00
2021/11/24,35.15,35.96,34.73,35.87,1927611,67911816.00
2021/11/25,36.16,36.16,34.88,34.94,1858612,64919544.00
2021/11/26,34.93,37.67,34.77,37.18,3972749,145276784.00
2021/11/29,37.64,39.87,36.43,39.44,7424785,284381856.00
2021/11/30,38.63,41.21,38.63,40.42,4527838,182239376.00
2021/12/01,41.11,41.42,39.17,39.27,2106789,83296672.00
2021/12/02,38.97,39.52,37.47,37.74,2422720,92208200.00
2021/12/03,37.99,38.17,37.34,37.92,1309751,49206132.00
2021/12/06,37.67,37.92,36.27,36.33,2928591,107131712.00
2021/12/07,36.34,37.13,36.09,36.51,1696746,61804832.00
2021/12/08,37.05,37.37,35.87,35.94,1927168,69805912.00
2021/12/09,35.94,36.24,35.24,35.58,3186870,113182376.00
2021/12/10,35.85,36.25,35.20,35.45,2846763,100880952.00
2021/12/13,35.18,36.17,35.18,35.72,1812036,64387428.00
2021/12/14,36.09,36.60,35.40,35.63,1802135,64583704.00
2021/12/15,35.69,36.38,35.57,36.01,1343010,48114896.00
2021/12/16,36.50,36.67,33.97,34.32,3294050,113767312.00
2021/12/17,34.34,35.27,34.34,34.68,1745480,60511800.00
2021/12/20,34.51,35.82,33.97,34.07,1559147,53799224.00
2021/12/21,34.07,35.63,34.07,35.04,2461806,85631832.00
2021/12/22,35.72,36.02,34.60,35.53,1459213,51474988.00
2021/12/23,35.54,35.76,34.77,35.23,1088705,38004280.00
2021/12/24,35.32,36.42,34.85,36.09,1809272,64429492.00
2021/12/27,35.90,36.34,35.58,35.91,1081404,38664804.00
2021/12/28,36.15,36.20,34.97,35.21,1107196,38823568.00
2021/12/29,35.24,35.46,34.92,35.23,715611,25055296.00
2021/12/30,36.03,37.37,35.39,36.83,3244226,118253904.00
2021/12/31,36.62,37.51,36.40,36.88,2879733,105855128.00
2022/01/04,36.88,36.88,34.69,34.99,2856025,100611584.00
2022/01/05,34.92,34.92,32.47,33.15,3848642,127649672.00
2022/01/06,32.77,34.32,32.77,33.92,1585959,53382600.00
2022/01/07,34.26,34.26,33.07,33.60,1723947,57866144.00
2022/01/10,33.60,35.01,33.37,34.46,1449238,49642716.00
2022/01/11,34.61,35.02,34.20,34.47,1085349,37432708.00
2022/01/12,34.45,35.05,34.06,34.58,998815,34475248.00
2022/01/13,34.97,34.97,33.57,33.57,1563264,52983852.00
2022/01/14,33.53,34.65,33.30,33.87,2493771,84695912.00
2022/01/17,33.83,36.33,33.48,34.45,6730618,233011664.00
2022/01/18,34.67,34.72,32.87,32.92,4008171,133509312.00
2022/01/19,33.07,33.47,32.09,32.73,1841542,59833144.00
2022/01/20,32.96,33.28,32.00,32.07,1441283,46394456.00
2022/01/21,38.45,38.45,38.45,38.45,8523268,326270688.00
2022/01/24,38.17,38.17,33.83,34.87,19011263,679136064.00
2022/01/25,33.77,37.74,33.72,36.25,16630827,598998720.00
2022/01/26,35.27,35.67,32.46,33.67,12938962,434872736.00
2022/01/27,34.17,35.57,31.80,32.29,11203539,372539008.00
2022/01/28,32.16,32.72,29.87,30.17,8554498,260543296.00
2022/02/07,30.78,31.54,29.78,30.77,4763524,145451536.00
2022/02/08,30.98,31.37,30.09,30.95,3492760,106813744.00
2022/02/09,30.68,30.89,29.40,30.38,4178834,125279400.00
2022/02/10,30.28,30.61,29.41,29.68,3167961,94716112.00
2022/02/11,29.55,29.55,28.33,28.58,4104969,117457520.00
2022/02/14,29.18,30.63,29.18,29.53,3720133,110578624.00
2022/02/15,29.17,30.27,28.67,29.42,3523792,103483456.00
2022/02/16,29.58,30.50,29.18,29.85,2811689,83423488.00
2022/02/17,29.87,29.94,29.02,29.14,2451004,71549136.00
2022/02/18,29.15,30.39,28.88,30.09,3204116,95050192.00
2022/02/21,29.97,30.85,29.72,30.34,2784127,83710400.00
2022/02/22,29.94,29.96,29.03,29.27,2650315,77269768.00
2022/02/23,29.16,29.89,29.07,29.57,2605195,76615008.00
2022/02/24,29.64,30.32,28.46,28.80,4116675,119639696.00
2022/02/25,28.69,30.33,28.67,29.48,4852962,143742080.00
2022/02/28,29.48,29.80,28.78,29.31,4248837,123328040.00
2022/03/01,29.39,29.65,29.00,29.39,3282064,95683104.00
2022/03/02,29.36,29.69,28.70,29.48,2445043,71243600.00
2022/03/03,29.67,29.82,28.98,29.51,3405612,99757000.00
2022/03/04,29.18,30.51,29.17,29.50,3905627,116095976.00
2022/03/07,29.44,30.65,29.08,30.18,6456819,191467392.00
2022/03/08,30.26,30.43,28.32,28.37,6877880,198205904.00
2022/03/09,28.61,28.62,25.77,26.73,6254236,167152416.00
2022/03/10,27.48,28.55,27.05,28.21,5741257,159260560.00
2022/03/11,28.02,29.42,27.73,29.39,8261942,235130128.00
2022/03/14,30.40,30.40,28.84,29.17,11300199,334144768.00
2022/03/15,28.13,29.03,27.17,27.33,6971476,194989040.00
2022/03/16,27.77,28.12,25.45,26.74,6711402,176108688.00
2022/03/17,26.78,29.33,26.78,28.92,10772117,306187040.00
2022/03/18,29.47,30.54,29.17,29.35,10899770,322751616.00
2022/03/21,29.20,30.27,28.97,30.26,8859316,262650416.00
2022/03/22,30.60,30.61,28.58,28.87,7629698,221705024.00
2022/03/23,28.87,29.03,28.25,28.40,4127699,117236752.00
2022/03/24,28.67,28.72,27.74,28.32,5188883,145395472.00
2022/03/25,28.27,28.29,26.67,26.73,6405732,173968800.00
2022/03/28,27.03,27.13,26.02,26.12,4466147,117073056.00
2022/03/29,26.13,26.82,25.83,26.10,2954799,77081384.00
2022/03/30,26.48,27.80,25.84,27.65,5276690,141896560.00
2022/03/31,27.27,27.85,26.97,27.06,3698851,100399552.00
2022/04/01,26.91,26.91,25.98,26.23,4040361,105328952.00
2022/04/06,26.53,27.01,25.88,26.02,3137092,82182392.00
2022/04/07,25.94,26.25,25.15,25.18,3549366,89886712.00
2022/04/08,25.42,25.61,24.04,24.10,4064038,98934080.00
2022/04/11,24.07,24.07,22.91,23.08,3874303,90047344.00
2022/04/12,23.08,23.11,22.55,22.95,4531286,102558824.00
2022/04/13,23.03,23.10,21.83,22.18,3264962,72187840.00
2022/04/14,22.19,22.50,22.06,22.10,2595786,57295252.00
2022/04/15,21.75,22.35,21.43,21.84,2865685,62192892.00
2022/04/18,21.84,22.64,21.35,22.34,3600531,79197160.00
2022/04/19,22.62,23.28,22.13,22.35,5613444,126448760.00
2022/04/20,22.56,22.71,22.28,22.36,2573401,57356072.00
2022/04/21,22.47,22.52,21.27,21.44,3319693,71841352.00
2022/04/22,21.08,21.40,20.72,20.86,2882379,60092868.00
2022/04/25,20.39,21.24,19.06,19.20,4543135,89491776.00
2022/04/26,19.20,19.81,18.85,19.39,2790023,53817436.00
2022/04/27,19.12,20.55,18.70,20.27,3635809,70514160.00
2022/04/28,20.67,21.17,19.69,19.82,3536641,71101472.00
2022/04/29,19.88,20.90,19.77,20.62,3163999,64279324.00
2022/05/05,20.52,21.74,20.40,21.42,2982148,62897096.00
2022/05/06,20.90,21.77,20.82,21.30,1854547,39222856.00
2022/05/09,21.33,21.73,21.01,21.66,1608624,34322180.00
2022/05/10,21.37,21.92,20.96,21.78,1829209,39362988.00
2022/05/11,21.87,22.86,21.87,22.17,3449776,76849264.00
2022/05/12,22.01,23.13,21.65,22.90,3152989,71150248.00
2022/05/13,23.27,23.27,22.17,22.43,2827996,63108220.00
2022/05/16,22.49,22.93,22.07,22.24,2695674,60006312.00
2022/05/17,22.24,22.31,21.61,22.00,1810648,39302184.00
2022/05/18,22.00,22.56,21.65,21.67,1814604,39670528.00
2022/05/19,21.34,22.16,21.24,21.99,2089623,45345092.00
2022/05/20,21.99,23.13,21.99,23.01,3655269,82140936.00
2022/05/23,23.17,23.19,22.61,23.01,2212202,50268460.00
2022/05/24,23.11,23.11,21.57,21.66,2815472,62330692.00
2022/05/25,21.68,22.02,21.45,21.70,2167947,46597124.00
2022/05/26,21.75,21.82,20.77,21.23,2892784,60953040.00
2022/05/27,21.37,21.76,21.15,21.41,2390631,50985428.00
2022/05/30,21.42,21.62,20.89,21.61,2002589,42325484.00
2022/05/31,21.65,22.45,21.17,22.21,3070239,66840304.00
2022/06/01,22.32,22.66,22.08,22.22,1562376,34694988.00
2022/06/02,22.54,23.26,22.00,23.05,2759047,62140688.00
2022/06/06,23.40,24.28,23.28,23.79,5051108,119330592.00
2022/06/07,23.69,23.82,22.98,23.17,3608871,83527200.00
2022/06/08,23.44,23.69,22.72,22.94,2926634,67163320.00
2022/06/09,22.69,22.93,21.85,22.08,3415305,75247664.00
2022/06/10,22.12,22.92,21.91,22.76,2276651,51221516.00
2022/06/13,22.87,23.14,22.31,22.88,2080192,47033512.00
2022/06/14,22.80,22.80,21.88,22.39,1973619,43574804.00
2022/06/15,22.47,22.84,22.19,22.36,2303900,51348700.00
2022/06/16,22.65,23.60,22.44,23.37,3529705,81092352.00
2022/06/17,23.10,23.84,22.82,23.56,2516061,58125156.00
2022/06/20,23.99,24.94,23.79,24.45,4111692,99421888.00
2022/06/21,24.48,24.64,23.55,23.68,3000503,70864744.00
2022/06/22,24.16,24.79,23.30,23.30,3580640,84189280.00
2022/06/23,23.91,25.31,23.91,24.07,5572282,134634000.00
2022/06/24,24.38,25.37,24.17,25.04,7263061,178798160.00
2022/06/27,25.79,25.82,24.95,25.07,4708476,117489744.00
2022/06/28,24.99,25.17,24.29,24.76,4337087,105763424.00
2022/06/29,24.85,25.24,24.31,24.41,3418076,83528448.00
2022/06/30,24.36,24.84,24.33,24.44,4207551,101891320.00
2022/07/01,24.55,24.73,23.87,24.06,2694096,64382732.00
2022/07/04,24.45,25.14,23.77,25.08,6088388,149273088.00
2022/07/05,25.08,25.43,24.19,24.53,3030753,73868768.00
2022/07/06,24.55,25.08,24.11,24.67,3142641,76667840.00
2022/07/07,24.67,24.72,23.57,24.10,2818461,66827572.00
2022/07/08,24.10,24.55,23.77,24.14,2682015,64021424.00
2022/07/11,24.14,24.39,23.47,23.65,1965570,46237984.00
2022/07/12,23.70,23.74,22.69,22.76,2655925,60475532.00
2022/07/13,22.76,22.79,22.12,22.37,2540672,56021236.00
2022/07/14,22.69,23.58,22.33,23.16,2947429,67212064.00
2022/07/15,23.36,23.36,22.07,22.08,2510563,55830472.00
2022/07/18,22.32,22.54,21.99,22.41,2012080,44358268.00
2022/07/19,22.41,22.78,22.09,22.44,1799092,39790736.00
2022/07/20,22.46,22.75,22.16,22.40,3736874,82534632.00
2022/07/21,22.44,22.75,22.11,22.40,3020553,66990768.00
2022/07/22,22.57,22.71,21.87,22.11,3376977,73994832.00
2022/07/25,22.17,22.85,21.99,22.19,3505968,77701496.00
2022/07/26,22.20,22.42,21.89,22.17,1859850,40562272.00
2022/07/27,22.09,22.34,21.98,22.21,1793202,39262204.00
2022/07/28,22.34,22.94,22.12,22.67,3324632,74333528.00
2022/07/29,22.79,22.79,22.16,22.23,2356686,52100412.00
2022/08/01,22.11,22.22,20.95,21.28,6003727,126294624.00
2022/08/02,21.22,21.23,20.14,20.46,4420514,89368032.00
2022/08/03,20.57,21.56,20.57,20.95,3578006,74638056.00
2022/08/04,20.97,21.19,20.61,20.98,2483941,51113268.00
2022/08/05,21.28,22.24,21.14,22.23,3968171,85588696.00
2022/08/08,22.29,23.54,22.29,23.31,6508042,148733664.00
2022/08/09,23.29,23.36,22.93,23.19,3264072,74478952.00
2022/08/10,23.27,23.36,22.95,23.04,2098657,47872384.00
2022/08/11,23.18,23.62,23.05,23.47,2961141,68328176.00
2022/08/12,23.50,23.79,23.11,23.15,2619535,60469772.00
2022/08/15,23.12,23.17,22.47,22.69,2411937,54146464.00
2022/08/16,22.77,22.89,22.54,22.63,1640741,36747192.00
2022/08/17,22.65,23.56,22.57,22.84,3282912,74422816.00
2022/08/18,22.64,23.28,22.39,22.98,3275775,73983152.00
2022/08/19,22.90,23.85,22.81,23.13,3751396,86720816.00
2022/08/22,23.00,23.74,22.60,23.44,3443169,79410744.00
2022/08/23,23.28,23.39,22.79,23.07,2376990,54017272.00
2022/08/24,22.90,23.23,22.10,22.25,3226944,71557600.00
2022/08/25,21.69,21.98,21.14,21.38,5647167,119432264.00
2022/08/26,21.29,21.62,20.54,20.59,3961025,81570056.00
2022/08/29,20.45,20.71,19.99,20.69,2297853,46522248.00
2022/08/30,20.55,20.96,20.54,20.89,1546425,31743488.00
2022/08/31,20.79,21.22,20.59,20.76,2471336,50960480.00
2022/09/01,20.68,21.09,20.51,20.86,2539368,52282920.00
2022/09/02,21.03,21.82,20.80,21.49,2751919,58176644.00
2022/09/05,21.34,21.89,21.12,21.71,2019935,42828960.00
2022/09/06,21.47,21.71,21.39,21.52,1232504,26154274.00
2022/09/07,21.46,21.68,21.11,21.56,1531260,32426288.00
2022/09/08,21.56,21.58,20.97,20.97,1731501,36152696.00
2022/09/09,20.98,21.22,20.87,21.03,1116172,23161300.00
2022/09/13,20.95,21.34,20.60,20.93,2168593,44681808.00
2022/09/14,20.59,20.89,20.42,20.70,1235621,25088522.00
2022/09/15,20.79,21.30,20.27,20.41,2046622,41737384.00
2022/09/16,20.37,20.68,19.91,19.91,1480831,29527640.00
2022/09/19,19.94,19.97,18.95,19.29,3216561,61121264.00
2022/09/20,19.47,19.56,18.96,19.25,1928891,36349772.00
2022/09/21,19.27,19.41,18.81,19.23,1469539,27610740.00
2022/09/22,19.15,19.37,18.87,18.90,1094464,20608190.00
2022/09/23,19.07,19.07,18.18,18.49,1702290,31115936.00
2022/09/26,18.60,18.78,18.20,18.26,994629,18062244.00
2022/09/27,18.21,19.09,18.21,19.03,1220301,22491418.00
2022/09/28,19.07,19.30,18.60,18.64,1163258,21593268.00
2022/09/29,18.89,19.36,18.69,18.91,1811283,34072360.00
2022/09/30,19.13,19.13,18.70,18.73,1238512,23020710.00
2022/10/10,19.18,19.18,17.97,18.04,1380564,24930704.00
2022/10/11,18.04,18.14,17.61,17.77,1095252,19189012.00
2022/10/12,17.78,18.22,17.39,18.19,1620836,28303392.00
2022/10/13,18.17,19.03,18.10,18.84,1836288,33842680.00
2022/10/14,18.86,20.27,18.84,19.93,2854573,55508480.00
2022/10/17,19.79,20.78,19.79,20.26,2345796,47008176.00
2022/10/18,20.24,20.87,19.89,20.54,2322392,46788496.00
2022/10/19,20.69,20.69,20.22,20.32,1963877,39535272.00
2022/10/20,20.27,20.77,19.95,20.29,1961682,39430640.00
2022/10/21,20.29,20.59,19.88,20.29,1840168,36655388.00
2022/10/24,20.34,21.21,19.67,19.84,2941815,58741968.00
2022/10/25,19.71,20.13,18.99,19.21,1857256,35385992.00
2022/10/26,19.39,21.49,19.37,21.35,5400515,110693024.00
2022/10/27,21.78,21.79,20.90,21.19,2774288,57948988.00
2022/10/28,21.19,21.79,20.89,20.89,3887407,82214344.00
2022/10/31,21.37,21.99,21.08,21.50,3546761,75478096.00
2022/11/01,21.77,22.34,20.89,22.06,4519806,96563968.00
2022/11/02,22.27,22.73,21.99,22.31,3733847,82565904.00
2022/11/03,22.06,23.02,22.06,22.81,3747284,84002352.00
2022/11/04,22.83,23.07,22.51,22.69,2874565,64549400.00
2022/11/07,22.67,22.92,22.37,22.80,2935384,65826596.00
2022/11/08,22.77,22.78,22.18,22.59,2476650,55024528.00
2022/11/09,22.82,22.92,22.30,22.59,2497526,55843012.00
2022/11/10,22.39,23.26,22.39,22.44,3463225,78011616.00
2022/11/11,22.99,23.37,22.12,22.21,4413521,99594544.00
2022/11/14,21.98,22.94,21.89,22.78,3406662,75844424.00
2022/11/15,22.99,23.11,22.29,23.02,3616136,81181968.00
2022/11/16,22.96,23.28,22.70,23.01,3065446,69827552.00
2022/11/17,23.21,23.68,22.89,23.36,3413885,78450720.00
2022/11/18,23.39,23.81,23.07,23.43,2720600,63002700.00
2022/11/21,23.09,24.00,22.92,23.80,4330785,101191376.00
2022/11/22,23.82,24.07,22.29,22.56,3884891,88444664.00
2022/11/23,22.56,22.77,21.74,21.82,4676657,101585064.00
2022/11/24,21.67,22.24,21.55,21.85,2156506,46541572.00
2022/11/25,21.85,22.08,21.35,21.91,1748111,37596812.00
2022/11/28,21.79,22.25,21.40,21.57,2058833,44078144.00
2022/11/29,21.77,22.74,21.58,22.52,2617137,57802316.00
2022/11/30,22.52,23.00,21.77,21.88,2642665,57949016.00
2022/12/01,22.21,23.05,22.00,23.00,3801498,84901312.00
2022/12/02,23.00,23.37,22.62,23.09,2839304,64725908.00
2022/12/05,23.12,23.34,22.67,22.87,2962444,66886240.00
2022/12/06,22.52,22.82,22.33,22.48,2473234,55150204.00
2022/12/07,22.59,23.49,22.15,23.45,4335927,98763416.00
2022/12/08,23.43,23.43,22.34,22.53,4360037,97684424.00
2022/12/09,22.54,22.79,22.20,22.38,3090710,68414176.00
2022/12/12,22.65,23.52,22.39,23.15,4369796,99507664.00
2022/12/13,23.44,23.44,22.43,22.98,3162389,71177760.00
2022/12/14,23.01,23.65,22.59,22.87,2794757,63692004.00
2022/12/15,22.72,23.25,22.57,22.60,2017068,45521824.00
2022/12/16,22.69,23.19,22.33,23.01,2421883,54771864.00
2022/12/19,22.95,22.99,21.89,22.22,3641884,80012616.00
2022/12/20,22.13,22.45,21.72,21.95,2526088,54666972.00
2022/12/21,21.96,22.06,21.04,21.37,2458522,51915640.00
2022/12/22,21.36,21.59,20.74,20.97,1618443,33717772.00
2022/12/23,20.96,21.39,20.64,21.15,1299379,27182314.00
2022/12/26,21.07,21.40,20.42,20.49,3561246,72566608.00
2022/12/27,20.48,20.70,20.15,20.60,2800308,56420296.00
2022/12/28,20.59,21.59,20.41,21.59,5410216,112364816.00
2022/12/29,21.36,22.84,21.29,22.59,5772761,126849528.00
2022/12/30,22.72,23.17,22.29,22.86,4277106,96218472.00
2023/01/03,23.17,23.52,22.51,22.53,3275044,73831984.00
2023/01/04,22.67,23.05,22.44,22.71,2359103,53131472.00
2023/01/05,22.79,22.95,22.42,22.84,1596841,35897148.00
2023/01/06,22.69,23.00,22.44,22.56,1588200,35530852.00
2023/01/09,22.59,22.65,22.36,22.40,1513653,33556168.00
2023/01/10,22.39,23.12,22.22,22.93,2213344,49792064.00
2023/01/11,22.93,23.22,22.72,22.92,1981339,44943156.00
2023/01/12,23.05,24.68,22.89,24.48,6745131,161272272.00
2023/01/13,24.52,24.97,23.89,24.60,5041829,122193344.00
2023/01/16,24.63,25.19,24.50,24.51,3476745,85324168.00
2023/01/17,24.49,24.64,24.00,24.29,2643053,63469472.00
2023/01/18,24.24,24.24,23.87,24.01,1800354,42682580.00
2023/01/19,23.95,25.05,23.78,24.70,3186687,77181256.00
2023/01/20,24.69,25.05,24.25,24.52,2629082,63690624.00
2023/01/30,24.60,24.91,23.94,23.99,2960413,70790176.00
2023/01/31,24.00,24.14,23.39,23.56,2379975,55580664.00
2023/02/01,23.56,23.96,23.54,23.77,1577834,37069368.00
2023/02/02,23.97,24.59,23.74,24.01,3185420,76034160.00
2023/02/03,24.01,24.27,23.37,23.66,2284562,53359184.00
2023/02/06,23.34,23.77,23.27,23.37,1895050,43847984.00
2023/02/07,23.57,23.73,23.09,23.21,1960886,45215276.00
2023/02/08,23.29,23.53,23.21,23.32,1919136,44253820.00
2023/02/09,23.43,23.95,23.19,23.95,2035037,47608908.00
2023/02/10,24.22,25.16,23.61,23.84,4360865,105066056.00
2023/02/13,23.98,24.94,23.80,24.56,3558190,86355120.00
2023/02/14,24.83,25.74,24.59,25.35,5138538,128217784.00
2023/02/15,25.29,25.49,24.82,24.95,2926497,72526336.00
2023/02/16,25.10,25.10,24.08,24.30,3600703,87921240.00
2023/02/17,24.43,24.68,24.10,24.18,2124430,51059836.00
2023/02/20,23.94,24.37,23.57,24.21,2825803,67036632.00
2023/02/21,24.32,24.76,24.10,24.25,2314910,55797156.00
2023/02/22,24.27,24.57,23.85,24.35,1795204,43047928.00
2023/02/23,24.42,25.04,24.33,24.52,2715997,66256904.00
2023/02/24,24.49,24.87,24.24,24.32,1704608,41249964.00
2023/02/27,25.32,26.45,24.29,24.69,8163238,204024064.00
2023/02/28,24.74,25.39,24.29,24.98,5395656,132689624.00
2023/03/01,25.26,25.46,24.67,25.22,4635276,114587792.00
2023/03/02,25.28,25.49,24.40,24.48,4155539,102256520.00
2023/03/03,24.65,24.89,23.92,23.99,3796391,90822824.00
2023/03/06,23.90,24.35,23.69,24.03,3991269,94550880.00
2023/03/07,23.81,24.91,23.47,23.61,4994091,119395904.00
2023/03/08,23.75,24.14,23.40,23.67,2724348,63847708.00
2023/03/09,24.10,24.65,23.93,24.36,4529460,108722168.00
2023/03/10,24.33,24.33,23.59,23.95,3722196,87552728.00
2023/03/13,23.75,23.79,23.16,23.65,3768794,87075176.00
2023/03/14,23.64,24.17,23.54,23.75,3325091,78383488.00
2023/03/15,23.84,24.88,23.81,24.54,6597365,160286208.00
2023/03/16,24.36,24.47,23.59,23.67,3670425,86856760.00
2023/03/17,23.89,24.05,23.04,23.16,3776509,87083888.00
2023/03/20,23.15,23.19,22.26,22.93,3824828,85728336.00
2023/03/21,23.03,23.34,22.79,23.20,2512502,57254752.00
2023/03/22,23.28,23.59,23.19,23.23,2249929,51848756.00
2023/03/23,23.24,23.54,22.76,22.87,2569648,58459236.00
2023/03/24,22.92,23.04,22.34,22.62,2763480,61753312.00
2023/03/27,22.59,23.03,22.01,22.47,2842613,63109248.00
2023/03/28,22.55,22.59,22.16,22.21,1733778,38208588.00
2023/03/29,22.37,23.07,22.18,22.96,3029323,67864336.00
2023/03/30,22.96,23.27,22.65,22.96,1382986,31210564.00
2023/03/31,23.08,23.28,22.85,23.01,1358887,30890120.00
2023/04/03,23.14,23.26,22.42,22.43,2086732,46673176.00
2023/04/04,22.44,22.67,22.34,22.59,1724961,38304464.00
2023/04/06,22.57,23.13,22.45,22.73,2007390,45117488.00
2023/04/07,22.97,23.78,22.82,23.66,4204601,97326400.00
2023/04/10,23.82,24.44,23.69,24.14,3942076,93823144.00
2023/04/11,24.14,24.48,23.89,24.00,2514089,59849816.00
2023/04/12,23.96,24.31,23.80,23.90,2056720,48749628.00
2023/04/13,23.96,24.44,23.59,24.13,2745213,65466768.00
2023/04/14,24.24,24.79,24.18,24.21,3417254,82526064.00
2023/04/17,24.47,24.47,23.98,24.13,1946359,46469256.00
2023/04/18,24.18,24.28,23.79,24.09,1690852,40087024.00
2023/04/19,23.97,24.31,23.85,23.90,1500802,35637684.00
2023/04/20,23.99,24.12,23.59,23.73,1658778,38913852.00
2023/04/21,23.92,24.09,23.57,23.63,2374580,55904740.00
2023/04/24,23.79,24.07,23.49,23.82,3277422,76928272.00
2023/04/25,24.16,24.16,22.59,23.02,4663396,105519656.00
2023/04/26,23.21,24.03,23.03,23.65,2787065,65004960.00
2023/04/27,23.35,24.64,23.35,24.38,4297637,102865040.00
2023/04/28,24.44,24.48,23.97,24.32,2613166,62573268.00
2023/05/04,24.27,24.47,23.99,24.00,1908912,45628024.00
2023/05/05,24.02,24.02,23.10,23.21,2347877,54179960.00
2023/05/08,23.21,23.37,21.97,21.97,4937485,108819888.00
2023/05/09,21.79,22.13,21.05,21.08,4520985,95604824.00
2023/05/10,21.13,22.02,21.09,21.65,5272320,112150960.00
2023/05/11,21.55,21.76,21.25,21.56,2389773,50624704.00
2023/05/12,21.39,21.87,21.32,21.36,1761017,37340592.00
2023/05/15,21.32,21.87,21.19,21.77,2521586,53353868.00
2023/05/16,21.82,22.20,21.66,22.01,2002809,43498088.00
2023/05/17,21.88,22.05,21.62,21.94,1498232,32348424.00
2023/05/18,21.79,22.09,21.56,21.73,1532313,32896268.00
2023/05/19,21.84,21.98,21.54,21.84,994121,21363784.00
2023/05/22,21.73,22.37,21.73,22.25,1479690,32334792.00
2023/05/23,22.25,24.27,22.17,23.64,8370716,195583728.00
2023/05/24,23.74,23.91,23.34,23.83,4667732,108945408.00
2023/05/25,23.69,23.99,23.37,23.64,3151182,73633200.00
2023/05/26,23.67,23.67,23.17,23.24,2992761,68929064.00
2023/05/29,23.22,23.58,23.15,23.45,4564017,105433624.00
2023/05/30,23.35,23.68,22.87,23.26,3188200,73183456.00
2023/05/31,23.34,23.57,23.17,23.24,3272414,75317936.00
2023/06/01,23.36,23.50,22.89,22.95,2725479,62254036.00
2023/06/02,23.08,23.18,22.57,22.89,3166281,71319904.00
2023/06/05,22.96,23.64,22.46,23.45,4306668,97696776.00
2023/06/06,23.59,23.59,22.70,22.70,2948004,66781520.00
2023/06/07,22.90,23.07,22.67,22.97,2251190,50916976.00
2023/06/08,22.74,23.40,22.73,23.01,3576439,81359304.00
2023/06/09,22.81,23.13,22.71,23.08,2266417,51269272.00
2023/06/12,22.99,23.32,22.67,23.18,3898401,89064952.00
2023/06/13,23.03,23.05,21.93,22.32,4597654,101216872.00
2023/06/14,22.24,22.54,21.87,22.42,1950192,42908040.00
2023/06/15,22.42,23.24,22.16,23.12,2753114,61717792.00
2023/06/16,22.91,23.28,22.91,23.00,1994303,45203124.00
2023/06/19,22.95,23.35,22.73,23.06,2920401,65968672.00
2023/06/20,22.90,23.22,22.90,22.97,1630674,36911492.00
2023/06/21,22.90,23.19,22.64,22.83,2702151,60788648.00
2023/06/26,22.68,23.14,22.40,22.71,2092177,46832192.00
2023/06/27,22.71,23.14,22.29,22.31,1839114,40903268.00
2023/06/28,22.35,22.70,22.10,22.32,2383933,52348328.00
2023/06/29,22.28,22.67,21.90,22.26,1567256,34423516.00
2023/06/30,22.22,22.67,21.95,22.39,1444674,31911736.00
2023/07/03,22.44,22.63,22.30,22.42,1691546,37347304.00
2023/07/04,22.42,22.88,22.21,22.57,2004778,44309912.00
2023/07/05,22.68,22.70,22.41,22.57,1109403,24625366.00
2023/07/06,22.57,22.59,22.12,22.14,1336892,29273044.00
2023/07/07,22.12,22.76,22.07,22.42,1711455,37655992.00
2023/07/10,22.60,22.60,22.24,22.53,1599357,35268648.00
2023/07/11,22.61,23.00,22.38,22.97,2218811,49607476.00
2023/07/12,23.00,23.00,22.00,22.01,2205163,48645976.00
2023/07/13,22.17,22.36,21.97,22.05,2048342,44486168.00
2023/07/14,22.10,22.12,21.69,21.79,1829712,39305068.00
2023/07/17,21.80,21.99,21.55,21.82,2049127,43658448.00
2023/07/18,21.87,21.95,21.28,21.40,2212483,46667816.00
2023/07/19,21.49,21.60,20.96,21.02,1723789,35860420.00
2023/07/20,21.26,21.26,21.00,21.18,1327060,27550496.00
2023/07/21,21.13,21.66,21.10,21.40,1976914,41543356.00
2023/07/24,21.30,21.62,21.25,21.27,1116389,23416718.00
2023/07/25,21.50,21.64,21.11,21.39,2309375,48341204.00
2023/07/26,21.44,21.79,21.34,21.59,1257567,26616608.00
2023/07/27,21.78,22.10,21.14,21.24,2704061,57111044.00
2023/07/28,21.26,21.48,21.00,21.40,1948939,40701968.00
2023/07/31,21.59,21.62,20.73,20.92,4845042,100107896.00
2023/08/01,20.97,20.97,20.18,20.35,6491268,130380528.00
2023/08/02,20.36,20.36,19.65,20.03,4702973,92008688.00
2023/08/03,20.07,20.24,19.75,20.00,4024968,78699976.00
2023/08/04,20.00,20.15,19.80,19.91,2293126,44761984.00
2023/08/07,19.85,19.85,19.25,19.72,4480307,85662136.00
2023/08/08,19.70,19.89,19.46,19.82,2070889,40001896.00
2023/08/09,19.98,20.65,19.94,20.09,6923647,137885264.00
2023/08/10,20.10,20.17,19.80,20.11,2814376,55104144.00
2023/08/11,20.06,20.35,19.93,20.30,2782184,55125896.00
2023/08/14,20.03,20.32,19.61,20.29,4777169,93362024.00
2023/08/15,20.32,20.32,19.70,20.11,3989369,77947184.00
2023/08/16,20.08,20.48,19.86,20.01,2992673,59031356.00
2023/08/17,19.94,20.05,19.57,19.93,1922637,37338276.00
2023/08/18,20.00,20.03,19.62,19.69,1824684,35370248.00
2023/08/21,19.75,19.95,19.48,19.52,1588472,30608856.00
2023/08/22,19.72,19.72,18.94,19.24,1523544,28717232.00
2023/08/23,19.15,19.30,18.85,18.89,1555833,28920652.00
2023/08/24,18.66,19.45,18.66,19.32,2770279,51978880.00
2023/08/25,19.38,19.38,18.34,18.59,5923580,108104096.00
2023/08/28,19.55,20.29,18.61,18.66,5842553,112049512.00
2023/08/29,18.80,19.78,18.72,19.32,3566605,67679936.00
2023/08/30,19.44,19.88,19.36,19.70,3254473,62680872.00
2023/08/31,19.78,19.86,19.39,19.55,3591834,68744232.00
2023/09/01,19.51,19.54,19.10,19.40,2923298,55235688.00
2023/09/04,19.40,19.59,18.87,19.20,3033779,56786048.00
2023/09/05,19.24,19.36,18.93,18.94,1346256,25135532.00
2023/09/06,19.00,19.00,18.63,18.70,1531603,28056612.00
2023/09/07,18.69,18.77,18.36,18.36,1861596,33748372.00
2023/09/08,18.30,18.96,18.21,18.93,4339565,79486104.00
2023/09/11,18.95,20.03,18.79,19.64,6246996,119940184.00
2023/09/12,19.76,19.99,19.52,19.76,2475837,47881252.00
2023/09/13,19.76,19.90,19.46,19.63,2192100,42151872.00
2023/09/14,19.72,19.78,19.41,19.62,1475421,28298598.00
2023/09/15,19.52,20.17,19.40,20.15,3528479,69108832.00
2023/09/18,20.25,21.19,20.11,21.07,6481066,131226992.00
2023/09/19,21.08,21.86,20.46,20.85,7412946,152991440.00
2023/09/20,20.66,22.08,20.66,21.85,11373094,242582944.00
2023/09/21,22.10,22.30,21.65,21.70,8337300,179818432.00
2023/09/22,21.78,22.40,21.44,22.30,9105727,196427040.00
2023/09/25,22.58,26.68,22.58,26.68,38448523,962237376.00
2023/09/26,26.68,29.22,26.34,27.50,41985907,1146058496.00
2023/09/27,27.69,31.00,27.51,30.30,46462568,1333571584.00
2023/09/28,29.42,31.60,28.84,30.99,44482212,1338787328.00
2023/10/09,30.90,35.29,30.90,33.53,41292343,1342811520.00
2023/10/10,33.78,33.78,31.59,31.75,29485969,945336064.00
2023/10/11,33.40,35.40,31.90,32.14,41054214,1352947456.00
2023/10/12,33.27,33.40,30.42,31.50,32283438,1013413760.00
2023/10/13,34.10,37.72,33.44,37.72,24543072,865492288.00
2023/10/16,43.52,44.04,40.20,41.13,58000457,2412243968.00
2023/10/17,40.96,43.83,40.96,43.48,48876617,2045868928.00
2023/10/18,42.40,43.28,40.32,42.19,42728781,1774162176.00
2023/10/19,40.40,42.26,38.52,39.60,34618432,1380823168.00
2023/10/20,39.83,40.73,38.00,39.00,26254939,1028515840.00
2023/10/23,38.41,41.53,37.84,39.38,25515839,992702656.00
2023/10/24,39.00,40.38,37.70,39.21,22050813,850321664.00
2023/10/25,39.20,43.05,38.40,41.81,38598867,1567579776.00
2023/10/26,41.16,41.83,38.40,40.22,25761949,1035068736.00
2023/10/27,40.20,42.84,39.90,41.71,26637451,1092169088.00
2023/10/30,43.84,47.28,43.27,45.03,32905078,1467522688.00
2023/10/31,45.47,45.78,38.61,38.87,42115021,1751739136.00
2023/11/01,39.09,39.66,36.13,38.09,36383689,1359837952.00
2023/11/02,37.65,38.40,35.39,36.70,31286169,1135916544.00
2023/11/03,36.20,36.63,35.10,35.79,23935883,848547328.00
2023/11/06,36.10,37.06,35.35,36.33,25939109,928688704.00
2023/11/07,37.15,37.55,35.42,36.25,25059177,903527232.00
2023/11/08,35.75,37.95,34.90,37.61,28820846,1056779136.00
2023/11/09,39.80,40.59,33.20,34.23,43399877,1539509120.00
2023/11/10,33.38,34.90,33.12,33.59,23130150,775917056.00
2023/11/13,33.42,34.36,33.06,33.73,14564815,486974432.00
2023/11/14,34.00,34.65,33.45,34.20,14673431,494151808.00
2023/11/15,34.07,35.39,33.70,34.65,18705441,638417664.00
2023/11/16,34.20,34.97,33.82,34.20,10177043,346979296.00
2023/11/17,34.23,34.69,33.85,34.30,9857276,333973760.00
2023/11/20,35.09,38.55,35.00,37.20,34146065,1248423296.00
2023/11/21,36.83,39.38,36.00,38.16,28316953,1066579136.00
2023/11/22,38.08,39.02,37.00,37.38,24377540,914726592.00
2023/11/23,37.36,39.30,37.15,38.69,20789827,787924544.00
2023/11/24,38.70,38.91,36.91,38.00,16738888,628120192.00
2023/11/27,38.40,38.44,35.80,36.20,15126667,553950208.00
2023/11/28,36.17,36.52,34.85,35.60,13334238,471150912.00
2023/11/29,35.43,36.46,34.85,35.99,9133323,322807744.00
2023/11/30,35.61,36.30,35.21,35.71,5933571,208803040.00
2023/12/01,35.95,36.90,35.50,36.03,7615415,271683296.00
2023/12/04,36.35,36.35,35.15,35.39,8351568,293603008.00
2023/12/05,36.38,38.19,36.38,36.40,18694405,684279296.00
2023/12/06,36.58,38.31,35.52,37.65,18020860,663849856.00
2023/12/07,37.12,37.14,34.60,35.28,18305444,643336256.00
2023/12/08,34.89,35.79,34.30,35.36,12940097,449101696.00
2023/12/11,35.40,36.18,34.50,35.00,10057180,349561408.00
2023/12/12,35.20,36.02,35.15,35.60,8398766,295058656.00
2023/12/13,35.40,36.85,35.34,35.57,9932911,353712608.00
2023/12/14,35.69,36.15,34.83,35.67,6884337,241487280.00
2023/12/15,35.48,37.30,33.65,36.91,19243089,674591936.00
2023/12/18,36.88,38.26,34.83,35.30,12075259,432003008.00
2023/12/19,34.96,35.66,34.45,35.05,6648815,229701136.00
2023/12/20,34.88,35.58,34.66,35.15,5220167,181520400.00
2023/12/21,35.13,35.25,32.81,33.37,11187671,371039616.00
2023/12/22,33.40,33.95,32.90,33.08,5304685,174406048.00
2023/12/25,33.16,33.66,32.94,33.48,3864556,127259912.00
2023/12/26,33.48,33.71,32.95,33.10,3585321,117879912.00
2023/12/27,32.98,33.23,32.40,33.15,7747668,250976672.00
2023/12/28,33.15,33.69,32.69,33.01,5163605,168522896.00
2023/12/29,32.86,35.55,32.50,35.40,12068768,407867744.00
2024/01/02,34.44,34.69,32.78,32.94,10925657,359585472.00
2024/01/03,32.80,33.70,32.61,33.18,5505510,180284128.00
2024/01/04,33.78,34.40,33.22,33.70,6803169,227424896.00
2024/01/05,33.89,35.30,32.88,33.06,9159351,308220736.00
2024/01/08,32.72,32.95,31.00,31.08,12217436,381557248.00
2024/01/09,31.30,31.72,30.80,31.20,8066259,247984720.00
2024/01/10,31.14,31.35,30.50,30.86,4454554,135849680.00
2024/01/11,31.12,31.59,30.81,31.30,5091935,157326128.00
2024/01/12,31.12,31.26,30.31,30.61,7887511,238743376.00
2024/01/15,30.06,30.84,29.75,30.22,6427362,191817920.00
2024/01/16,29.91,30.53,29.79,30.35,4553457,135307648.00
2024/01/17,30.21,30.46,28.90,29.15,5313339,154790192.00
2024/01/18,28.90,29.30,28.01,29.16,7912271,221901984.00
2024/01/19,28.85,29.88,28.81,28.85,5794177,167182096.00
2024/01/22,28.53,28.82,26.73,27.06,8770415,239567136.00
2024/01/23,26.98,27.69,26.42,26.97,7014838,187757696.00
2024/01/24,27.18,27.40,26.26,27.01,6491861,171534448.00
2024/01/25,27.10,28.63,26.88,28.32,6415309,176362656.00
2024/01/26,28.17,28.20,27.03,27.39,5229193,142510432.00
2024/01/29,28.21,28.31,27.14,27.17,5809134,157563776.00
2024/01/30,27.04,27.10,26.08,26.20,5039524,131239504.00
2024/01/31,25.69,26.25,24.30,24.40,11782639,289031744.00
2024/02/01,25.00,25.08,24.10,24.16,9380122,226668672.00
2024/02/02,24.41,24.75,22.07,22.78,11580592,264027664.00
2024/02/05,22.43,22.71,20.06,20.70,15885311,329257152.00
2024/02/06,20.60,24.39,20.03,23.95,17223286,380060032.00
2024/02/07,24.05,25.94,24.05,24.55,18754158,461082848.00
2024/02/08,25.00,26.18,24.40,25.06,16338621,403775328.00
2024/02/19,27.28,27.70,25.80,26.02,13297007,348865824.00
数据来源:通达信
