688143 长盈通 日线 后复权
      日期	    开盘	    最高	    最低	    收盘	    成交量	    成交额
2022/12/12,50.00,50.92,47.08,49.01,13641411,661991808.00
2022/12/13,50.03,53.00,49.00,49.74,7752313,396413728.00
2022/12/14,48.00,50.28,45.90,46.36,5525105,263619808.00
2022/12/15,45.90,48.90,44.64,47.70,4456690,207541088.00
2022/12/16,47.00,49.63,46.28,47.70,4210751,203208736.00
2022/12/19,46.92,48.48,45.03,48.31,2103299,97955560.00
2022/12/20,48.30,49.60,47.30,48.71,1898440,92722968.00
2022/12/21,48.00,48.00,45.86,45.86,1562678,73040312.00
2022/12/22,46.73,46.73,45.00,45.03,1312401,60196620.00
2022/12/23,45.38,45.42,43.11,44.49,1306062,57669448.00
2022/12/26,44.49,47.66,43.59,46.45,2289659,106535520.00
2022/12/27,46.60,46.97,44.15,45.29,3355910,152228384.00
2022/12/28,45.27,45.77,42.69,43.40,2231172,98658120.00
2022/12/29,43.00,45.87,43.00,45.28,1531636,68760920.00
2022/12/30,45.38,46.88,45.28,46.62,1189885,55120644.00
2023/01/03,45.94,54.13,45.94,51.40,2752141,140162528.00
2023/01/04,52.22,53.62,50.87,52.90,1498510,78497456.00
2023/01/05,52.98,53.13,51.01,51.29,1377097,71388992.00
2023/01/06,51.60,52.40,49.81,50.20,1058901,53565128.00
2023/01/09,50.36,51.86,49.80,50.36,1139879,57822196.00
2023/01/10,50.29,51.53,49.32,51.44,1045888,52695732.00
2023/01/11,51.01,52.64,50.50,52.16,759298,39231264.00
2023/01/12,51.66,54.69,50.65,54.05,1464733,77290792.00
2023/01/13,54.02,54.69,51.27,51.83,850508,45031428.00
2023/01/16,51.62,53.48,51.60,52.89,584561,30753386.00
2023/01/17,53.00,53.02,50.85,52.02,679614,35092192.00
2023/01/18,51.74,55.09,50.11,54.20,1459691,76531528.00
2023/01/19,53.82,55.00,52.90,54.80,735281,39778304.00
2023/01/20,55.19,56.00,53.00,53.00,843432,45865444.00
2023/01/30,53.30,53.78,51.73,52.17,855545,44984452.00
2023/01/31,51.90,52.26,49.90,50.70,1120743,56783640.00
2023/02/01,50.60,51.33,48.70,51.07,1694049,84723056.00
2023/02/02,51.08,51.40,50.63,50.73,731905,37343912.00
2023/02/03,50.65,53.33,50.11,52.98,1555418,81256888.00
2023/02/06,52.46,55.78,52.46,55.20,2524941,137565072.00
2023/02/07,54.90,56.57,54.22,55.20,1290175,71645648.00
2023/02/08,55.06,55.26,53.55,53.70,871501,47231644.00
2023/02/09,53.30,57.47,53.30,55.18,1505090,83268168.00
2023/02/10,54.77,56.34,52.14,52.41,1380299,74190288.00
2023/02/13,51.77,53.96,51.42,52.23,1282896,67308456.00
2023/02/14,52.99,54.37,52.01,53.60,807205,43265708.00
2023/02/15,54.15,54.59,51.70,53.28,1262161,67035464.00
2023/02/16,53.19,54.30,52.20,52.45,897288,47719736.00
2023/02/17,52.73,52.84,51.15,51.83,615156,31812290.00
2023/02/20,51.64,51.91,50.07,51.10,834298,42375768.00
2023/02/21,51.28,52.30,50.88,51.45,728826,37408352.00
2023/02/22,51.38,52.73,50.90,51.43,341403,17611096.00
2023/02/23,51.81,52.80,51.30,51.97,533401,27763328.00
2023/02/24,52.15,55.30,52.05,53.38,1412106,75944896.00
2023/02/27,53.50,54.88,53.21,54.20,675568,36472084.00
2023/02/28,54.50,54.60,51.71,52.18,686206,36070448.00
2023/03/01,52.58,53.47,51.41,51.80,686287,35780812.00
2023/03/02,51.90,52.16,50.25,50.54,651738,33294552.00
2023/03/03,50.80,51.01,49.08,49.13,753545,37601700.00
2023/03/06,49.52,50.26,48.58,49.08,949115,46661160.00
2023/03/07,49.38,49.38,45.90,46.18,1266863,59678228.00
2023/03/08,46.30,47.43,45.91,47.32,636622,29813082.00
2023/03/09,47.49,48.09,46.59,46.85,734100,34653040.00
2023/03/10,46.60,46.92,45.45,45.70,430298,19854872.00
2023/03/13,45.72,48.30,45.63,47.99,794150,37410204.00
2023/03/14,47.50,47.68,45.18,46.39,966695,44668872.00
2023/03/15,46.13,47.38,46.12,46.80,558460,26212106.00
2023/03/16,46.30,47.67,45.95,47.08,753217,35412100.00
2023/03/17,47.00,47.95,46.38,47.04,589538,27732372.00
2023/03/20,46.80,47.07,45.80,46.54,496887,23040780.00
2023/03/21,46.53,46.88,46.25,46.78,331630,15426783.00
2023/03/22,46.76,48.17,46.66,47.95,918308,43522480.00
2023/03/23,47.95,48.25,46.49,47.24,767736,36137168.00
2023/03/24,47.00,47.47,46.83,47.00,503141,23675276.00
2023/03/27,47.10,47.40,43.58,44.75,2075763,93043080.00
2023/03/28,44.74,45.36,43.00,44.08,1513924,66952816.00
2023/03/29,44.00,46.16,43.70,45.39,1107024,49857608.00
2023/03/30,45.31,46.80,44.50,44.70,912590,41275508.00
2023/03/31,44.51,44.86,43.50,44.75,611814,27000176.00
2023/04/03,44.99,46.20,44.43,45.20,1553261,70527256.00
2023/04/04,45.14,45.23,42.80,43.40,1880539,81790552.00
2023/04/06,42.90,46.20,42.87,44.89,2093545,93221736.00
2023/04/07,44.89,45.56,44.23,45.35,581041,26073550.00
2023/04/10,45.52,47.40,45.40,45.47,1162298,53950112.00
2023/04/11,45.47,46.23,44.27,46.00,862612,39071056.00
2023/04/12,45.97,48.16,45.70,47.30,1133362,53317372.00
2023/04/13,46.72,47.20,45.57,45.85,866219,40033536.00
2023/04/14,45.85,47.75,45.30,47.17,929534,43279616.00
2023/04/17,46.81,48.45,45.86,46.33,1126701,52703016.00
2023/04/18,46.00,46.60,45.37,45.61,530596,24371544.00
2023/04/19,45.52,46.20,44.75,44.97,917082,41635548.00
2023/04/20,44.69,47.11,44.05,46.30,1264484,57665864.00
2023/04/21,46.22,48.40,45.89,46.33,1751014,82328000.00
2023/04/24,45.54,48.45,45.54,47.31,2002363,94619800.00
2023/04/25,46.50,48.50,45.56,46.08,1830888,85741800.00
2023/04/26,45.88,46.70,43.10,43.23,1490129,66421496.00
2023/04/27,43.00,45.06,42.60,44.45,973476,42982712.00
2023/04/28,42.19,45.97,41.01,45.89,1784481,78367440.00
2023/05/04,45.88,47.90,44.03,44.16,1798294,81991408.00
2023/05/05,44.16,44.72,39.45,40.00,2210886,91202328.00
2023/05/08,39.99,41.26,38.33,39.42,1925365,75998232.00
2023/05/09,39.40,39.88,37.70,37.70,1741118,67225944.00
2023/05/10,38.49,38.49,36.96,37.20,530672,19849534.00
2023/05/11,37.31,37.49,36.91,36.92,412481,15319769.00
2023/05/12,37.19,37.19,36.12,36.44,386543,14173043.00
2023/05/15,35.85,37.28,35.85,37.09,663694,24311252.00
2023/05/16,37.26,38.81,36.65,38.01,905666,34542156.00
2023/05/17,38.01,41.96,38.00,41.80,1499080,60968000.00
2023/05/18,41.38,42.37,40.99,42.08,589114,24715644.00
2023/05/19,41.99,44.56,41.99,44.04,1188717,51933060.00
2023/05/22,44.09,44.56,42.51,43.46,767222,33279526.00
2023/05/23,43.35,44.33,43.00,43.90,580702,25469378.00
2023/05/24,43.90,44.70,43.30,44.20,310646,13716206.00
2023/05/25,43.62,44.83,43.18,44.10,498696,21904184.00
2023/05/26,44.09,44.66,43.51,43.92,277806,12303216.00
2023/05/29,43.67,44.80,43.37,43.70,347313,15291684.00
2023/05/30,43.10,43.96,42.51,43.21,648425,27923194.00
2023/05/31,43.21,43.69,42.20,42.62,355821,15259601.00
2023/06/01,42.56,43.00,41.87,41.91,323901,13723571.00
2023/06/02,41.50,43.02,41.21,42.80,394054,16622590.00
2023/06/05,43.10,43.19,41.68,41.97,354908,14986574.00
2023/06/06,41.97,41.97,40.00,40.43,395492,16090535.00
2023/06/07,41.48,41.48,39.51,40.52,241769,9683427.00
2023/06/08,40.57,40.57,39.20,39.55,215995,8586646.00
2023/06/09,39.55,40.57,39.20,39.90,294332,11747139.00
2023/06/12,40.80,40.80,38.70,38.83,906116,35698224.00
2023/06/13,38.83,40.20,38.24,39.69,506562,20002192.00
2023/06/14,39.10,41.14,38.85,40.55,402044,16206596.00
2023/06/15,40.87,41.65,40.11,40.40,436622,17848404.00
2023/06/16,40.00,43.37,39.96,43.20,947147,39229692.00
2023/06/19,43.19,46.48,42.19,45.85,1845830,83085568.00
2023/06/20,45.16,45.29,43.65,44.03,1191974,52716600.00
2023/06/21,44.30,44.76,43.19,43.75,793512,35013336.00
2023/06/26,44.05,46.31,42.92,43.18,803737,35559272.00
2023/06/27,43.46,43.56,42.07,43.20,466123,19977104.00
2023/06/28,43.41,44.77,42.50,44.66,689226,30219468.00
2023/06/29,43.63,50.98,43.63,48.48,3060918,112923408.00
2023/06/30,48.07,49.64,47.17,49.51,1780444,65758380.00
2023/07/03,47.81,50.49,47.81,48.81,1113033,41452392.00
2023/07/04,49.22,51.58,48.13,49.64,1285096,48802732.00
2023/07/05,50.08,54.83,49.99,51.94,2327215,92999736.00
2023/07/06,51.50,54.06,51.07,53.12,1696549,68100144.00
2023/07/07,52.59,53.74,50.16,51.45,1405001,55053644.00
2023/07/10,51.81,52.14,48.86,49.97,2413591,91877136.00
2023/07/11,50.38,51.50,49.97,50.32,905768,34967652.00
2023/07/12,51.12,51.20,47.56,47.86,1095378,40628952.00
2023/07/13,48.22,50.33,47.76,49.74,797643,29791924.00
2023/07/14,50.02,50.02,46.74,47.01,1785610,64902756.00
2023/07/17,47.30,47.35,45.27,45.71,1169908,40862140.00
2023/07/18,46.39,46.64,45.17,45.58,568701,19783192.00
2023/07/19,45.61,46.20,45.10,45.19,508858,17613812.00
2023/07/20,45.38,45.53,42.78,42.83,929072,30899592.00
2023/07/21,43.21,43.39,41.40,42.10,1067481,34146704.00
2023/07/24,41.41,42.75,40.97,41.09,952572,30048658.00
2023/07/25,41.45,42.75,40.90,41.58,799783,25230180.00
2023/07/26,41.59,41.59,40.50,40.54,551597,17105444.00
2023/07/27,40.70,41.39,40.28,40.59,910040,28267822.00
2023/07/28,40.94,41.49,40.05,40.49,449145,13845007.00
2023/07/31,40.16,40.97,39.70,40.27,537786,16391039.00
2023/08/01,40.49,41.55,39.12,41.20,1510723,46360860.00
2023/08/02,40.42,41.19,40.18,40.59,511068,15769920.00
2023/08/03,40.59,40.75,39.77,40.10,458604,14004442.00
2023/08/04,39.96,40.40,39.89,40.15,260521,7916565.00
2023/08/07,40.16,40.23,39.49,39.50,260337,7862122.00
2023/08/08,39.71,39.75,38.72,39.10,301950,8963539.00
2023/08/09,38.89,39.58,38.20,39.18,251345,7466413.00
2023/08/10,39.37,39.59,38.67,39.01,478322,14186486.00
2023/08/11,40.38,40.38,38.17,38.17,448750,13215387.00
2023/08/14,37.95,38.79,37.49,38.54,315365,9101357.00
2023/08/15,38.47,38.49,37.42,38.28,273128,7875140.00
2023/08/16,37.75,38.24,37.55,37.68,171707,4921947.00
2023/08/17,37.62,42.49,37.33,41.62,2192631,67779760.00
2023/08/18,42.56,42.71,41.20,41.97,1374959,43986536.00
2023/08/21,41.45,43.99,40.66,41.06,862927,27586480.00
2023/08/22,41.06,42.56,40.28,42.17,1049424,33059328.00
2023/08/23,42.10,42.10,40.49,40.54,861238,27004528.00
2023/08/24,40.61,43.14,39.77,42.72,1304576,41439752.00
2023/08/25,42.75,42.75,40.54,41.29,922143,28827778.00
2023/08/28,44.35,44.35,39.36,40.23,1074217,33615768.00
2023/08/29,39.83,43.47,39.53,43.11,1132520,36284916.00
2023/08/30,43.43,44.57,42.88,43.78,868600,28841318.00
2023/08/31,43.78,44.06,42.75,43.52,490404,16152737.00
2023/09/01,43.13,43.50,42.10,42.23,455552,14739220.00
2023/09/04,42.23,42.72,41.83,42.32,463439,14869340.00
2023/09/05,42.11,43.31,42.10,42.44,481424,15644729.00
2023/09/06,42.26,45.97,41.89,45.30,1111374,37552680.00
2023/09/07,45.30,48.80,44.08,46.75,2237734,80025448.00
2023/09/08,45.78,47.77,44.06,46.95,2271926,79916256.00
2023/09/11,46.43,47.04,44.84,45.19,1209654,42079996.00
2023/09/12,45.35,45.70,43.95,45.13,1055514,36019916.00
2023/09/13,44.82,45.61,43.08,45.61,1005180,33762644.00
2023/09/14,44.90,47.53,44.87,46.75,1225356,43132536.00
2023/09/15,47.04,47.04,45.32,45.60,882382,30888868.00
2023/09/18,45.61,45.61,44.05,44.12,628276,21230870.00
2023/09/19,44.61,44.61,42.70,43.86,862746,28680988.00
2023/09/20,42.71,43.69,42.10,43.23,687736,22438726.00
2023/09/21,43.14,45.81,42.80,44.04,712238,24027518.00
2023/09/22,43.99,45.91,43.28,45.74,554968,18908338.00
2023/09/25,46.64,46.64,44.28,44.57,364410,12434828.00
2023/09/26,43.70,45.29,43.40,43.49,439650,14712393.00
2023/09/27,43.49,45.35,42.75,44.57,494132,16756471.00
2023/09/28,45.08,45.94,44.13,45.03,372505,12783559.00
2023/10/09,43.80,45.00,43.01,43.65,393517,13155879.00
2023/10/10,44.21,45.35,43.88,44.08,506119,17149016.00
2023/10/11,43.66,45.06,43.66,44.08,413845,13932830.00
2023/10/12,43.92,44.65,40.93,41.91,1675826,53343056.00
2023/10/13,41.83,42.61,41.10,41.68,729381,23209184.00
2023/10/16,41.68,41.68,40.16,40.81,863783,26711968.00
2023/10/17,41.42,41.45,40.35,41.03,598468,18570970.00
2023/10/18,41.35,42.97,41.06,41.83,841899,26928694.00
2023/10/19,41.46,43.30,41.46,43.10,914947,29579706.00
2023/10/20,43.75,43.75,41.84,42.26,623295,20027396.00
2023/10/23,41.48,42.46,40.05,41.36,577693,18125196.00
2023/10/24,40.85,42.80,40.16,42.41,893140,28118160.00
2023/10/25,42.91,45.97,42.91,44.41,1170276,39727728.00
2023/10/26,44.39,44.71,42.91,44.57,472242,15679764.00
2023/10/27,45.35,45.78,43.53,44.15,1021781,34818728.00
2023/10/30,43.67,50.55,43.67,49.17,2047702,74099160.00
2023/10/31,48.60,50.12,47.44,48.60,1413105,52249460.00
2023/11/01,48.59,48.76,46.90,47.21,528990,19205468.00
2023/11/02,48.60,48.60,46.10,46.70,909253,32351900.00
2023/11/03,46.70,48.87,46.04,47.34,665957,24203406.00
2023/11/06,47.34,47.47,45.42,46.77,1631090,57421172.00
2023/11/07,46.62,49.04,45.51,48.29,1155690,42108632.00
2023/11/08,48.29,48.29,46.00,46.39,768253,27370412.00
2023/11/09,46.59,46.78,45.35,45.77,635471,22171064.00
2023/11/10,45.55,46.23,45.13,45.82,525644,18309980.00
2023/11/13,46.27,48.89,45.00,48.55,2830606,102490560.00
2023/11/14,48.51,51.80,48.44,49.48,3291996,126332472.00
2023/11/15,49.71,50.55,47.82,48.81,1733361,64097648.00
2023/11/16,50.55,51.03,48.68,50.08,1966697,75144344.00
2023/11/17,50.49,56.57,50.29,55.10,5727647,235554192.00
2023/11/20,53.67,55.75,49.90,53.10,5050701,201062432.00
2023/11/21,51.62,52.24,48.89,49.38,3156099,121608976.00
2023/11/22,49.20,49.37,47.42,47.76,1566847,57514536.00
2023/11/23,47.77,48.73,47.05,48.12,953674,34765608.00
2023/11/24,47.34,48.87,46.00,48.59,2224060,79964904.00
2023/11/27,47.90,50.23,47.12,49.51,1450746,54009128.00
2023/11/28,49.77,50.98,47.98,49.34,1318879,49742648.00
2023/11/29,49.25,51.85,47.64,50.85,2048745,79404736.00
2023/11/30,50.85,50.85,48.50,49.82,705527,26647024.00
2023/12/01,49.32,50.13,48.46,48.56,844928,31659026.00
2023/12/04,48.35,51.69,48.29,51.04,1383893,53172876.00
2023/12/05,50.98,53.41,49.08,49.97,1287769,49783208.00
2023/12/06,50.49,50.49,48.80,49.33,986196,36946140.00
2023/12/07,49.33,49.52,47.04,47.77,1752550,63972912.00
2023/12/08,47.05,48.12,46.34,47.27,1569064,56031600.00
2023/12/11,45.94,46.81,44.74,45.81,1095953,38189300.00
2023/12/12,45.70,48.08,45.36,46.87,2488257,88648432.00
2023/12/13,46.78,48.59,43.83,45.01,5087837,179169056.00
2023/12/14,45.05,45.48,44.10,44.61,1636768,55740296.00
2023/12/15,44.52,44.92,43.40,44.27,1944502,65283712.00
2023/12/18,44.05,44.08,42.82,43.18,1451230,47808860.00
2023/12/19,43.17,45.45,42.74,44.77,1705327,57714764.00
2023/12/20,45.03,45.35,42.75,42.88,998195,32981620.00
2023/12/21,42.88,44.54,42.37,43.86,1128862,37299400.00
2023/12/22,44.69,46.08,44.04,44.75,2384874,81648440.00
2023/12/25,44.70,46.27,44.70,45.84,2593008,90532296.00
2023/12/26,46.22,46.22,43.14,44.96,1811947,61177192.00
2023/12/27,44.74,44.93,43.67,44.61,594841,20086718.00
2023/12/28,45.44,45.55,43.75,44.25,1123539,38160448.00
2023/12/29,44.67,46.74,43.53,46.46,2147507,75146368.00
2024/01/02,47.29,47.31,45.22,46.52,2218179,78646584.00
2024/01/03,46.52,46.65,45.18,45.22,1041770,36343864.00
2024/01/04,45.22,45.22,43.79,44.71,1264854,42881028.00
2024/01/05,44.62,45.03,42.20,42.56,1382436,45593272.00
2024/01/08,42.62,42.95,41.58,41.65,902168,28835096.00
2024/01/09,41.85,42.82,40.80,42.04,706461,22441288.00
2024/01/10,41.54,42.46,40.42,42.36,575083,18159136.00
2024/01/11,41.59,43.63,41.59,43.23,651875,21311636.00
2024/01/12,43.53,43.53,40.87,41.91,1111696,35377284.00
2024/01/15,41.07,41.81,39.93,40.54,1337105,41291300.00
2024/01/16,40.87,40.88,38.53,38.85,1429954,42622760.00
2024/01/17,38.46,39.36,35.02,35.70,3442425,94631440.00
2024/01/18,35.02,36.03,34.63,36.03,1532061,40899484.00
2024/01/19,36.03,36.50,35.05,35.35,717547,19513184.00
2024/01/22,34.95,35.94,32.14,33.29,1687145,43055256.00
2024/01/23,32.99,33.29,31.86,32.73,1389972,34236052.00
2024/01/24,32.84,32.86,30.22,31.38,2258891,53140888.00
2024/01/25,31.58,33.64,31.21,33.46,1743874,43040380.00
2024/01/26,33.46,33.86,32.51,32.83,1361594,34154592.00
2024/01/29,32.91,33.10,30.53,31.04,1749192,41726504.00
2024/01/30,30.92,31.04,29.35,29.49,1314764,29854116.00
2024/01/31,29.44,31.05,27.20,27.59,2720826,58102720.00
2024/02/01,27.85,28.05,26.45,27.28,1539067,31653452.00
2024/02/02,27.79,27.79,24.11,26.20,2580026,50160240.00
2024/02/05,25.06,25.06,21.07,23.35,4136120,70144584.00
2024/02/06,21.95,23.81,20.31,22.34,3769290,61366912.00
2024/02/07,22.54,22.54,20.00,20.99,4620027,72786096.00
2024/02/08,21.04,25.08,19.40,25.08,3966301,67209176.00
2024/02/19,25.08,28.45,23.90,26.18,2877999,57411228.00
数据来源:通达信
