603360 百傲化学 日线 后复权
      日期	    开盘	    最高	    最低	    收盘	    成交量	    成交额
2017/02/06,11.09,13.31,11.09,13.31,9100,120899.00
2017/02/07,14.64,14.64,14.64,14.64,4200,61488.00
2017/02/08,16.10,16.10,16.10,16.10,6608,106389.00
2017/02/09,17.71,17.71,17.71,17.71,8972,158894.00
2017/02/10,19.48,19.48,19.48,19.48,25800,502584.00
2017/02/13,21.43,21.43,21.43,21.43,25743,551672.00
2017/02/14,23.57,23.57,23.57,23.57,25600,603392.00
2017/02/15,25.93,25.93,25.93,25.93,30600,793458.00
2017/02/16,28.52,28.52,28.52,28.52,28171,803437.00
2017/02/17,31.37,31.37,31.37,31.37,154897,4859119.00
2017/02/20,34.51,34.51,31.41,32.51,20990080,689778176.00
2017/02/21,33.18,35.76,32.63,35.76,12337196,424235488.00
2017/02/22,36.00,38.77,35.30,36.23,19755464,729453888.00
2017/02/23,35.03,39.40,35.00,38.80,18145582,677578368.00
2017/02/24,38.06,40.07,37.03,37.50,14550374,556091712.00
2017/02/27,37.30,38.09,36.33,37.66,8361791,312524576.00
2017/02/28,37.50,37.50,35.70,37.09,9773056,357131904.00
2017/03/01,36.80,37.50,36.45,36.54,6772433,249647536.00
2017/03/02,36.88,38.35,36.37,38.19,11313791,425307488.00
2017/03/03,38.18,39.87,37.45,38.91,12094729,466792896.00
2017/03/06,40.50,41.95,39.19,39.60,12696457,512749952.00
2017/03/07,39.33,43.35,38.85,43.16,15137408,618282944.00
2017/03/08,41.87,42.58,41.11,42.01,11596731,485272384.00
2017/03/09,43.44,44.50,41.81,41.94,12955256,559088896.00
2017/03/10,41.39,41.75,40.20,40.31,9229636,377833536.00
2017/03/13,39.97,42.10,39.82,41.72,7067877,289666464.00
2017/03/14,41.84,42.12,41.10,41.40,6282091,260544384.00
2017/03/15,41.15,41.15,40.40,40.52,5817561,236573424.00
2017/03/16,40.71,42.38,40.71,41.84,8709697,361656576.00
2017/03/17,41.99,42.68,39.95,40.19,8329340,345477824.00
2017/03/20,39.79,41.40,39.55,41.35,5079628,205727808.00
2017/03/21,41.17,42.24,40.61,42.00,7273426,303226048.00
2017/03/22,41.55,44.33,41.48,43.74,11718875,506633664.00
2017/03/23,43.45,43.55,40.65,42.17,9188373,389658048.00
2017/03/24,41.80,43.75,41.70,43.40,7713787,331627680.00
2017/03/27,43.70,45.00,43.30,44.16,7462788,328802112.00
2017/03/28,44.00,44.00,42.01,42.09,5975593,256090576.00
2017/03/29,41.80,42.02,38.60,38.69,8128619,323708288.00
2017/03/30,38.35,38.39,36.37,37.08,5039248,187330064.00
2017/03/31,37.06,37.69,35.85,36.38,3974922,146246800.00
2017/04/05,36.40,36.97,35.35,36.80,3448560,125607264.00
2017/04/06,36.70,37.88,36.42,37.23,3685468,137345168.00
2017/04/07,37.03,37.58,36.18,36.24,3334319,122098656.00
2017/04/10,35.75,36.22,33.20,33.32,4931389,170031680.00
2017/04/11,32.81,34.60,32.81,34.31,2827484,95308000.00
2017/04/12,34.49,34.60,33.92,34.45,2411517,82831880.00
2017/04/13,34.50,35.30,34.40,34.67,2654584,92270192.00
2017/04/14,34.30,34.50,33.08,33.20,2206303,74408824.00
2017/04/17,31.66,32.27,30.80,31.90,2410165,76380696.00
2017/04/18,31.99,32.40,31.70,32.08,1272141,40821464.00
2017/04/19,31.60,32.90,31.60,32.76,1570797,50932168.00
2017/04/20,32.59,32.88,31.87,32.53,1584300,51357448.00
2017/04/21,32.18,32.88,32.18,32.46,1390127,45308920.00
2017/04/24,33.13,35.33,32.91,33.61,4015158,137086624.00
2017/04/25,34.00,34.86,33.58,34.47,3413709,117148624.00
2017/04/26,34.01,35.49,34.01,34.80,3117732,108671224.00
2017/04/27,34.61,36.40,34.16,36.29,3958809,140782352.00
2017/04/28,35.88,36.90,35.70,35.79,3133609,113169424.00
2017/05/02,35.52,36.00,34.71,35.14,2299469,81103984.00
2017/05/03,35.10,35.56,34.64,35.46,2388523,83900592.00
2017/05/04,35.18,35.60,34.77,34.90,2190580,76968904.00
2017/05/05,34.54,35.25,34.50,34.86,1597715,55583416.00
2017/05/08,34.54,35.46,34.30,34.84,1418730,49445640.00
2017/05/09,34.66,36.16,34.60,36.04,2830448,100763728.00
2017/05/10,36.00,36.19,33.12,34.17,2803405,99840328.00
2017/05/11,33.40,34.00,32.49,33.83,4471276,149011680.00
2017/05/12,33.70,34.55,33.28,34.50,2584153,87473144.00
2017/05/15,34.25,35.18,34.05,34.22,3859826,133411320.00
2017/05/16,33.85,34.55,32.80,34.43,2734749,92249296.00
2017/05/17,34.35,35.10,33.96,34.22,2519992,87136040.00
2017/05/18,33.60,34.01,32.82,32.91,2545953,85100768.00
2017/05/19,32.91,33.17,31.81,32.83,1891076,61437432.00
2017/05/22,32.51,32.70,30.60,30.93,1845947,58465664.00
2017/05/23,30.80,30.84,27.84,27.84,5138331,146745792.00
2017/05/24,27.00,28.14,27.00,27.88,2139056,59125944.00
2017/05/25,27.84,28.07,26.36,27.58,2745540,74617392.00
2017/05/26,27.84,28.45,27.26,27.90,2136270,59775760.00
2017/05/31,28.92,29.45,28.12,28.18,2213269,63832296.00
2017/06/01,27.85,27.96,26.62,26.72,1948371,53117832.00
2017/06/02,26.65,27.78,26.51,27.74,1516298,41291984.00
2017/06/05,28.10,28.77,28.01,28.19,1905122,53952760.00
2017/06/06,27.84,28.84,27.81,28.68,1341317,37863068.00
2017/06/07,28.59,29.82,28.53,29.63,2532983,74390664.00
2017/06/08,29.54,29.72,28.85,29.02,1940711,56860688.00
2017/06/09,28.92,29.32,28.68,29.20,1543474,44736520.00
2017/06/12,28.81,28.90,28.15,28.16,1510469,42987512.00
2017/06/13,28.15,29.19,28.06,29.17,1666484,48045944.00
2017/06/14,29.18,29.89,29.05,29.38,2283058,67421544.00
2017/06/15,29.18,30.08,29.18,29.87,1876531,56004924.00
2017/06/16,29.88,30.10,29.45,29.62,1292412,38306604.00
2017/06/19,29.62,29.80,29.33,29.74,994670,29431578.00
2017/06/20,29.87,29.94,29.60,29.66,1080241,32128328.00
2017/06/21,29.67,29.78,28.93,29.31,1248325,36595948.00
2017/06/22,29.27,29.48,28.73,28.74,1033828,30141070.00
2017/06/23,28.72,29.21,28.06,28.66,1207699,34526504.00
2017/06/26,28.57,29.23,28.40,29.21,1159242,33422526.00
2017/06/27,29.29,29.53,29.03,29.33,1001839,29397048.00
2017/06/28,29.27,29.37,28.75,29.17,914738,26596270.00
2017/06/29,29.00,29.44,29.00,29.39,988385,28980720.00
2017/06/30,29.32,30.18,29.11,29.99,1958879,58397708.00
2017/07/03,30.15,30.25,29.68,30.03,1251240,37440024.00
2017/07/04,30.46,31.22,30.16,30.18,3053385,93650856.00
2017/07/05,30.00,30.88,30.00,30.80,1953211,59658028.00
2017/07/06,30.64,31.08,30.31,30.97,1985913,61098352.00
2017/07/07,30.95,32.43,30.71,32.22,3226285,101765680.00
2017/07/10,32.16,32.16,31.14,31.50,3087647,97067760.00
2017/07/11,30.93,31.00,29.00,29.24,2778118,80633888.00
2017/07/12,29.02,29.29,28.18,29.00,2146023,59390520.00
2017/07/13,28.85,29.20,28.75,28.84,1100539,30769432.00
2017/07/14,28.85,28.96,28.40,28.44,926582,25682540.00
2017/07/17,27.85,28.10,25.70,25.70,2408750,61525576.00
2017/07/18,25.75,26.06,25.18,25.79,1338385,33000698.00
2017/07/19,25.60,26.08,25.35,26.02,1092313,27077540.00
2017/07/20,26.01,26.79,25.86,26.03,1203939,30476160.00
2017/07/21,25.91,26.17,25.83,26.09,1014960,25345732.00
2017/07/24,25.75,26.68,25.71,26.37,1081557,27174492.00
2017/07/25,26.30,26.85,26.20,26.44,822499,20960416.00
2017/07/26,26.38,26.66,26.01,26.45,965413,24484908.00
2017/07/27,26.30,27.49,26.28,27.32,1703997,44281716.00
2017/07/28,27.22,27.38,26.88,26.98,1157684,30224004.00
2017/07/31,26.98,28.44,26.61,28.29,2800672,74318480.00
2017/08/01,27.88,28.10,27.24,27.52,1869279,49885908.00
2017/08/02,27.48,27.54,26.88,26.89,1284074,33570496.00
2017/08/03,26.92,27.36,26.65,26.81,943884,24551520.00
2017/08/04,26.85,27.07,26.05,26.14,1210484,30954470.00
2017/08/07,26.25,26.60,26.15,26.31,807000,20422484.00
2017/08/08,26.38,26.58,26.01,26.44,947367,24012316.00
2017/08/09,26.44,26.64,26.16,26.58,660052,16806704.00
2017/08/10,26.50,26.84,26.00,26.37,990146,25259736.00
2017/08/11,26.26,26.51,25.89,26.01,917400,23145448.00
2017/08/14,26.10,26.73,25.75,26.59,731877,18632560.00
2017/08/15,26.60,27.07,26.52,26.90,854000,22052092.00
2017/08/16,26.70,27.24,26.68,27.13,1153898,30097646.00
2017/08/17,27.13,27.20,26.77,26.96,955684,24792952.00
2017/08/18,26.80,26.88,26.43,26.45,1010384,25910438.00
2017/08/21,26.45,27.04,26.45,26.97,802612,20716284.00
2017/08/22,26.90,27.15,26.70,27.02,1273683,33090960.00
2017/08/23,27.05,27.05,26.32,26.69,955346,24561520.00
2017/08/24,26.67,26.98,26.58,26.60,971200,25023912.00
2017/08/25,26.50,27.68,26.50,27.33,2715794,71197592.00
2017/08/28,27.21,28.19,27.18,27.95,2836170,76068632.00
2017/08/29,27.98,29.57,27.74,29.02,4632839,128233080.00
2017/08/30,28.71,29.15,28.45,29.07,3185835,88665224.00
2017/08/31,29.17,29.80,28.85,29.65,2637025,74924384.00
2017/09/01,29.57,30.01,28.88,29.15,2071877,58619564.00
2017/09/04,29.15,29.33,28.69,28.80,1543867,43102268.00
2017/09/05,28.93,29.25,28.61,28.92,1075967,30129308.00
2017/09/06,28.99,29.14,28.70,29.12,1186467,33154268.00
2017/09/07,29.00,29.50,28.61,28.75,1501184,42269348.00
2017/09/08,28.78,28.86,28.15,28.37,1510600,41495936.00
2017/09/11,28.37,29.08,28.37,29.06,1181207,32766052.00
2017/09/12,28.97,29.14,28.50,28.53,1237107,34285192.00
2017/09/13,28.58,28.83,28.35,28.73,665210,18373610.00
2017/09/14,28.52,28.84,28.39,28.60,751643,20775690.00
2017/09/15,28.47,28.65,28.24,28.34,751858,20651580.00
2017/09/18,28.10,28.47,28.10,28.33,747652,20391084.00
2017/09/19,28.33,28.75,28.21,28.53,689070,18951512.00
2017/09/20,28.60,29.00,28.50,28.99,1202680,33479604.00
2017/09/21,28.99,29.25,28.65,28.66,999165,27888910.00
2017/09/22,28.66,28.78,28.11,28.65,779881,21381088.00
2017/09/25,28.50,29.25,28.25,28.99,1529224,42704296.00
2017/09/26,29.13,31.00,29.00,30.31,5042116,147285408.00
2017/09/27,30.29,30.48,29.51,30.27,2542789,73706664.00
2017/09/28,30.01,30.26,29.58,29.72,1577200,45606536.00
2017/09/29,29.73,29.86,29.02,29.37,1576499,44661824.00
2017/10/09,29.61,29.79,29.10,29.68,1352342,38477304.00
2017/10/10,29.60,29.99,29.12,29.98,1482649,42451476.00
2017/10/11,29.88,30.29,29.71,30.02,1453337,42158856.00
2017/10/12,29.90,30.00,29.40,29.73,1051113,30141932.00
2017/10/13,29.60,30.43,29.50,30.28,1688583,49066608.00
2017/10/16,30.43,30.43,28.88,28.94,1617199,46319496.00
2017/10/17,29.00,29.25,28.51,28.78,1098667,30575620.00
2017/10/18,28.78,28.90,27.92,28.01,1527068,41882692.00
2017/10/19,27.91,28.15,27.41,27.68,750400,20031224.00
2017/10/20,27.51,27.96,27.51,27.90,588600,15774842.00
2017/10/23,27.99,28.19,27.81,28.14,497900,13465851.00
2017/10/24,28.20,28.20,27.31,27.69,812583,21708558.00
2017/10/25,27.74,28.23,27.64,28.20,944283,25540364.00
2017/10/26,28.21,28.42,28.10,28.38,902183,24615680.00
2017/10/27,28.47,28.79,28.35,28.71,1184565,32749296.00
2017/10/30,28.71,28.71,27.50,27.65,1343299,36093012.00
2017/10/31,27.72,28.96,27.49,28.66,1661817,45439368.00
2017/11/01,28.64,29.48,28.47,29.02,2051065,57530184.00
2017/11/02,29.00,29.13,28.60,28.99,1510570,42165600.00
2017/11/03,28.90,28.98,28.18,28.59,973900,26977212.00
2017/11/06,28.59,29.00,28.59,28.96,1149788,32012652.00
2017/11/07,28.99,28.99,28.15,28.41,1436513,39543832.00
2017/11/08,28.40,28.74,28.20,28.43,1301165,35743872.00
2017/11/09,28.33,28.40,27.86,28.04,1491053,40390712.00
2017/11/10,28.04,28.15,27.88,27.98,1008100,27242072.00
2017/11/13,27.99,28.19,27.66,28.09,1390305,37426404.00
2017/11/14,28.00,28.01,27.40,27.50,1211599,32280278.00
2017/11/15,27.42,27.55,26.72,26.91,1096400,28603644.00
2017/11/16,26.93,27.03,26.50,26.58,769399,19792316.00
2017/11/17,26.51,26.69,25.17,25.38,1320551,32783252.00
2017/11/20,25.36,25.65,25.05,25.64,621652,15152758.00
2017/11/21,25.65,25.69,25.10,25.28,628100,15300642.00
2017/11/22,25.29,25.48,24.70,24.82,839600,20136324.00
2017/11/23,24.88,24.88,23.88,23.92,898000,20928916.00
2017/11/24,23.79,23.99,23.41,23.79,679597,15455079.00
2017/11/27,23.80,24.09,23.45,23.48,415000,9459906.00
2017/11/28,23.53,23.98,23.50,23.94,520040,11884188.00
2017/11/29,23.98,24.21,23.45,24.13,686532,15682679.00
2017/11/30,24.12,24.45,23.90,24.01,485690,11261331.00
2017/12/01,24.01,24.28,23.81,24.20,319600,7396627.00
2017/12/04,24.18,24.34,23.36,23.37,621942,14136341.00
2017/12/05,23.13,23.32,21.75,21.92,1096141,23527944.00
2017/12/06,21.93,22.45,21.71,22.38,658088,13882417.00
2017/12/07,22.37,22.47,22.12,22.16,393486,8362426.00
2017/12/08,22.30,22.80,22.25,22.68,663800,14364243.00
2017/12/11,22.68,22.85,22.48,22.80,463171,10048471.00
2017/12/12,22.80,22.80,22.21,22.29,866771,18619296.00
2017/12/13,22.44,22.62,22.18,22.58,576243,12344453.00
2017/12/14,22.58,22.58,22.20,22.58,622313,13350200.00
2017/12/15,22.56,22.65,22.30,22.51,458185,9829142.00
2017/12/18,22.52,22.58,22.18,22.41,626900,13383792.00
2017/12/19,22.36,22.76,22.36,22.55,466171,10051686.00
2017/12/20,22.55,22.58,22.18,22.31,394000,8410211.00
2017/12/21,22.31,22.37,21.75,22.10,485200,10226537.00
2017/12/22,21.97,22.20,21.90,21.98,384812,8096099.00
2017/12/25,21.98,22.09,21.30,21.51,537840,11032705.00
2017/12/26,21.35,22.33,21.35,22.28,937871,19740196.00
2017/12/27,22.15,22.50,22.11,22.31,784942,16747948.00
2017/12/28,22.31,22.79,22.02,22.24,844070,18118612.00
2017/12/29,22.25,22.50,21.98,22.42,682071,14527143.00
2018/01/02,22.52,24.28,22.41,23.75,2796517,62852444.00
2018/01/03,23.80,23.90,23.20,23.54,1766642,39736944.00
2018/01/04,23.46,23.60,23.28,23.34,970924,21746540.00
2018/01/05,23.20,23.42,23.01,23.16,719771,15969489.00
2018/01/08,23.16,23.46,22.90,23.43,819518,18199884.00
2018/01/09,23.23,23.73,23.16,23.24,672318,15045608.00
2018/01/10,23.24,23.34,22.60,22.80,668900,14663180.00
2018/01/11,22.80,23.21,22.61,23.11,549670,12093101.00
2018/01/12,23.12,23.20,22.92,23.05,583571,12852848.00
2018/01/15,22.95,24.19,22.90,23.25,1861371,42075512.00
2018/01/16,22.40,23.89,22.20,23.80,1924971,43003076.00
2018/01/17,23.60,24.33,23.41,23.91,1651253,37944312.00
2018/01/18,23.91,24.49,23.69,24.44,2060297,47937848.00
2018/01/19,24.44,24.50,23.90,23.99,1330347,30793178.00
2018/01/22,23.78,23.80,23.15,23.58,1054847,23689720.00
2018/01/23,23.51,23.75,23.32,23.40,687900,15449160.00
2018/01/24,23.40,23.69,23.23,23.65,932543,21031384.00
2018/01/25,23.60,23.66,23.38,23.40,884378,19879034.00
2018/01/26,23.34,23.47,22.86,23.02,794217,17619892.00
2018/01/29,23.02,23.22,22.63,22.83,551999,12114416.00
2018/01/30,22.83,23.02,22.68,23.01,412100,8996514.00
2018/01/31,23.02,23.02,22.02,22.09,680598,14618021.00
2018/02/01,22.10,22.12,20.51,20.57,1172946,23568630.00
2018/02/02,20.69,20.69,19.31,20.23,451945,8703112.00
2018/02/05,19.63,20.57,19.63,19.88,446053,8474346.00
2018/02/06,19.62,21.77,19.13,19.98,1791083,35394404.00
2018/02/07,20.42,20.60,19.01,19.43,1290100,24047028.00
2018/02/08,19.28,19.72,19.28,19.45,638699,11822036.00
2018/02/09,19.01,19.01,18.21,18.58,726099,12848268.00
2018/02/12,18.99,20.13,18.72,19.67,1116299,20638468.00
2018/02/13,19.67,20.70,19.54,20.37,1399000,26853306.00
2018/02/14,20.23,21.00,20.16,20.32,411300,7980405.00
2018/02/22,20.32,21.09,20.15,21.07,1056943,20956340.00
2018/02/23,21.58,21.58,20.72,20.87,534908,10685324.00
2018/02/26,20.92,21.36,20.92,21.24,703374,14159564.00
2018/02/27,21.24,21.35,21.08,21.30,378600,7663752.00
2018/02/28,21.02,21.29,20.92,21.14,402653,8090171.00
2018/03/01,20.93,21.35,20.93,21.34,458653,9280506.00
2018/03/02,21.33,21.35,20.91,20.91,478400,9601190.00
2018/03/05,20.80,20.80,20.30,20.49,682274,13288459.00
2018/03/06,20.51,20.98,20.51,20.95,753500,14888192.00
2018/03/07,21.06,21.44,20.89,20.96,670053,13492899.00
2018/03/08,21.00,21.19,20.65,21.11,525657,10468737.00
2018/03/09,21.16,22.27,21.11,21.99,1452778,29960948.00
2018/03/12,22.69,22.69,21.80,21.86,1040400,21901196.00
2018/03/13,21.86,22.08,21.60,21.69,500853,10434072.00
2018/03/14,21.69,21.69,21.32,21.36,451599,9254508.00
2018/03/15,21.30,21.30,20.53,20.85,593099,11824484.00
2018/03/16,20.85,21.18,20.75,20.83,327700,6524841.00
2018/03/19,20.83,21.18,20.76,21.01,323000,6470687.00
2018/03/20,20.98,21.51,20.73,21.47,605300,12252971.00
2018/03/21,21.85,22.17,21.58,21.77,871999,18170748.00
2018/03/22,21.66,22.05,21.56,22.01,633098,13234905.00
2018/03/23,21.31,21.74,20.56,20.65,978200,19778472.00
2018/03/26,20.50,20.89,19.58,20.78,432499,8334455.00
2018/03/27,20.91,21.69,20.90,21.59,598000,12230128.00
2018/03/28,21.22,22.57,21.22,22.10,1233270,25889384.00
2018/03/29,22.08,22.46,21.66,22.12,678270,14275518.00
2018/03/30,22.27,22.65,22.08,22.57,1039870,22338268.00
2018/04/02,22.46,22.70,22.21,22.31,739300,15828586.00
2018/04/03,22.03,22.23,21.79,22.20,582299,12217050.00
2018/04/04,22.32,22.48,22.14,22.44,839385,17876620.00
2018/04/09,22.44,22.60,22.30,22.55,737855,15827997.00
2018/04/10,22.56,22.72,22.09,22.39,653200,13955578.00
2018/04/11,22.39,23.41,22.39,23.11,3166262,69730336.00
2018/04/12,22.97,23.12,22.53,22.86,1515671,33106852.00
2018/04/13,23.00,23.57,22.75,23.53,1852143,41187192.00
2018/04/16,23.57,23.69,23.03,23.14,1161400,25867180.00
2018/04/17,23.14,23.22,21.82,21.83,1568195,33472360.00
2018/04/18,21.99,22.00,20.78,21.74,1031471,20964448.00
2018/04/19,21.75,21.92,21.32,21.43,455590,9437940.00
2018/04/20,21.45,21.56,20.65,20.67,560751,11247430.00
2018/04/23,20.70,21.18,20.52,20.69,419400,8304588.00
2018/04/24,20.95,21.45,20.70,21.43,689584,13971245.00
2018/04/25,21.31,21.85,21.31,21.77,603975,12506331.00
2018/04/26,21.71,21.74,20.97,21.08,679400,13745114.00
2018/04/27,21.20,21.22,21.00,21.07,512888,10300348.00
2018/05/02,21.07,21.48,20.91,21.12,437578,8839008.00
2018/05/03,21.13,21.19,20.59,21.17,553000,11001231.00
2018/05/04,20.95,21.09,20.60,20.90,753051,14945042.00
2018/05/07,20.90,21.34,20.90,21.30,775093,15644864.00
2018/05/08,21.39,21.85,21.32,21.66,799586,16471373.00
2018/05/09,21.70,22.25,21.44,22.23,1170077,24477236.00
2018/05/10,22.25,23.16,22.13,22.68,1733449,37612584.00
2018/05/11,22.54,22.62,22.11,22.25,875900,18664600.00
2018/05/14,22.30,22.41,21.83,21.92,602171,12698553.00
2018/05/15,21.92,22.48,21.92,22.47,759686,16154244.00
2018/05/16,22.49,22.67,22.17,22.24,777671,16634916.00
2018/05/17,22.25,23.16,22.24,22.97,1731888,37893116.00
2018/05/18,22.80,23.56,22.74,23.05,1669272,36844664.00
2018/05/21,23.00,24.00,22.92,23.95,2848942,63909288.00
2018/05/22,23.87,24.14,23.52,23.89,2115155,48146100.00
2018/05/23,23.80,24.14,23.56,23.58,1567591,35795244.00
2018/05/24,23.57,23.84,23.19,23.62,1205822,27098856.00
2018/05/25,23.70,23.85,23.33,23.44,1056920,23920092.00
2018/05/28,23.40,23.49,22.86,22.91,1095319,24203856.00
2018/05/29,23.03,23.29,22.82,23.00,861496,19045954.00
2018/05/30,22.32,22.74,21.50,21.61,1188391,25201424.00
2018/05/31,21.66,22.46,21.66,22.38,899850,19014240.00
2018/06/01,22.13,22.58,21.97,22.28,668926,14214990.00
2018/06/04,22.32,22.67,22.22,22.42,518691,11129861.00
2018/06/05,22.47,22.82,22.43,22.81,810510,17566832.00
2018/06/06,22.82,23.32,22.65,23.28,1017629,22358348.00
2018/06/07,22.82,22.88,22.08,22.14,1765100,37834976.00
2018/06/08,21.96,22.30,21.65,22.06,597583,12537184.00
2018/06/11,22.06,22.23,21.85,22.17,487253,10288323.00
2018/06/12,22.15,22.27,21.50,22.05,480300,10048314.00
2018/06/13,22.04,22.14,21.53,21.55,488200,10161746.00
2018/06/14,21.49,21.78,21.33,21.39,396100,8127868.00
2018/06/15,21.30,21.50,20.51,20.66,522350,10395647.00
2018/06/19,20.09,20.49,18.80,18.98,688499,12776287.00
2018/06/20,19.00,19.70,18.71,19.41,462800,8504961.00
2018/06/21,19.32,19.54,19.00,19.03,465700,8503554.00
2018/06/22,19.08,19.45,18.84,19.33,314900,5744197.00
2018/06/25,19.49,19.50,19.17,19.19,278300,5104763.00
2018/06/26,18.85,19.46,18.74,19.36,311491,5660624.00
2018/06/27,19.34,19.67,19.31,19.39,291390,5383231.00
2018/06/28,19.31,19.54,19.31,19.37,266100,4902939.00
2018/06/29,19.41,19.87,19.34,19.86,457800,8552245.00
2018/07/02,19.61,19.85,19.36,19.42,354200,6575342.00
2018/07/03,19.50,19.81,19.32,19.69,309150,5739348.00
2018/07/04,19.70,19.70,19.22,19.31,296600,5469772.00
2018/07/05,19.28,19.44,18.88,18.91,224600,4081275.00
2018/07/06,19.08,19.36,18.69,19.16,366900,6619457.00
2018/07/09,19.06,20.15,19.06,20.13,551399,10305553.00
2018/07/10,20.12,20.48,20.00,20.38,622890,11973437.00
2018/07/11,20.22,20.22,19.66,19.83,574200,10831219.00
2018/07/12,19.69,20.23,19.60,20.14,499747,6722833.00
2018/07/13,19.97,20.14,19.70,19.91,742017,9864204.00
2018/07/16,19.90,20.12,19.56,19.98,527755,7010264.00
2018/07/17,19.77,20.70,19.66,20.46,1007163,13582834.00
2018/07/18,20.40,20.44,19.98,20.09,687019,9295330.00
2018/07/19,20.02,20.51,20.02,20.30,725220,9882960.00
2018/07/20,20.15,20.43,19.97,20.32,572420,7769027.00
2018/07/23,20.23,20.36,20.09,20.30,613624,8322740.00
2018/07/24,20.35,20.54,20.16,20.39,772143,10565903.00
2018/07/25,20.39,20.56,20.14,20.25,518404,7050868.00
2018/07/26,20.15,20.25,19.94,19.98,512906,6875112.00
2018/07/27,19.98,20.22,19.87,20.01,340080,4548242.00
2018/07/30,20.15,20.15,19.60,19.74,379420,5015405.00
2018/07/31,19.66,19.83,19.58,19.59,239180,3149527.00
2018/08/01,19.59,19.80,19.21,19.23,450240,5895270.00
2018/08/02,19.20,19.95,18.54,19.45,835960,10663881.00
2018/08/03,19.28,19.84,19.28,19.44,507258,6610290.00
2018/08/06,20.43,21.26,20.15,20.92,8204108,116257056.00
2018/08/07,20.09,22.36,19.49,21.56,7242467,100193048.00
2018/08/08,20.71,21.77,20.64,20.86,4345477,61760928.00
2018/08/09,20.65,21.26,20.40,20.91,3192558,44641840.00
2018/08/10,20.70,20.89,20.29,20.78,2399944,33251850.00
2018/08/13,20.43,20.79,20.26,20.71,1603374,22109816.00
2018/08/14,20.71,20.89,20.44,20.58,1493497,20671372.00
2018/08/15,20.58,20.64,19.53,19.65,1886120,25269824.00
2018/08/16,19.45,19.48,19.03,19.13,1440098,18531452.00
2018/08/17,19.32,19.45,18.69,18.71,965660,12260492.00
2018/08/20,18.47,19.28,18.47,19.09,994370,12578956.00
2018/08/21,19.16,19.38,18.96,19.24,701289,8990836.00
2018/08/22,19.30,19.30,18.79,19.00,403580,5128381.00
2018/08/23,19.00,19.20,18.86,19.00,570120,7233024.00
2018/08/24,19.16,19.18,18.97,19.11,412980,5256768.00
2018/08/27,19.10,20.86,19.04,19.73,1406740,18485880.00
2018/08/28,19.94,19.95,19.59,19.63,801660,10585341.00
2018/08/29,19.59,19.66,19.03,19.24,964780,12455002.00
2018/08/30,19.38,19.38,18.85,18.92,532820,6767883.00
2018/08/31,18.95,18.99,18.60,18.61,574420,7191849.00
2018/09/03,18.54,18.82,18.05,18.75,588007,7229501.00
2018/09/04,18.72,18.97,18.39,18.86,498149,6225371.00
2018/09/05,18.95,18.95,18.50,18.61,490289,6132493.00
2018/09/06,18.47,18.86,18.23,18.44,418020,5167935.00
2018/09/07,18.34,18.75,18.34,18.44,520260,6410097.00
2018/09/10,18.37,18.50,18.13,18.19,393660,4784157.00
2018/09/11,18.32,18.32,17.95,17.99,611960,7348166.00
2018/09/12,18.02,18.23,17.88,17.97,525880,6303923.00
2018/09/13,18.06,18.30,17.98,18.05,505918,6083823.00
2018/09/14,18.13,18.13,17.88,17.88,465380,5566859.00
2018/09/17,18.02,18.04,16.96,17.34,1036680,12048373.00
2018/09/18,17.14,17.66,17.14,17.57,562630,6520017.00
2018/09/19,17.56,17.97,17.42,17.76,727110,8587917.00
2018/09/20,17.81,17.95,17.57,17.74,472400,5560343.00
2018/09/21,17.74,18.08,17.69,18.05,493940,5876017.00
2018/09/25,17.91,18.05,17.77,18.05,371160,4431916.00
2018/09/26,18.26,18.30,17.98,18.13,545600,6585737.00
2018/09/27,18.01,18.11,17.63,17.85,521700,6204146.00
2018/09/28,17.74,18.19,17.69,18.13,588120,7001904.00
2018/10/08,17.84,17.95,17.38,17.49,440740,5192884.00
2018/10/09,17.49,17.78,17.41,17.64,331080,3870187.00
2018/10/10,17.55,18.13,17.55,17.92,666420,7912108.00
2018/10/11,17.56,17.56,16.26,16.31,1081960,12143202.00
2018/10/12,16.43,17.28,16.10,16.83,1018977,11341155.00
2018/10/15,16.82,17.25,16.23,16.34,813500,8917186.00
2018/10/16,16.47,16.47,15.14,15.95,1564460,16151623.00
2018/10/17,15.96,16.26,15.66,16.05,669584,7077799.00
2018/10/18,16.05,16.05,15.50,15.57,319460,3316063.00
2018/10/19,15.40,16.23,15.40,16.23,472220,4950981.00
2018/10/22,16.51,17.73,16.30,17.24,1495613,16970096.00
2018/10/23,17.25,17.35,16.86,16.93,568825,6426427.00
2018/10/24,16.79,17.20,16.71,16.92,605919,6811990.00
2018/10/25,16.37,16.93,16.02,16.89,437020,4788531.00
2018/10/26,16.92,17.18,16.89,17.03,368240,4144806.00
2018/10/29,16.65,17.21,16.54,17.21,443109,5017214.00
2018/10/30,17.31,17.67,17.14,17.53,742485,8583010.00
2018/10/31,17.43,17.76,17.35,17.56,594305,6928349.00
2018/11/01,17.57,17.76,17.48,17.50,655670,7674014.00
2018/11/02,17.59,17.97,17.59,17.91,828555,9815718.00
2018/11/05,18.02,18.12,17.66,17.84,763524,9073289.00
2018/11/06,17.80,18.26,17.66,18.22,1112563,13299473.00
2018/11/07,18.06,18.22,17.83,17.90,627141,7507095.00
2018/11/08,17.95,18.26,17.49,17.52,856814,10096204.00
2018/11/09,17.50,17.71,17.49,17.53,399650,4663600.00
2018/11/12,17.56,18.23,17.56,18.22,1128068,13550181.00
2018/11/13,17.98,18.32,17.81,18.20,1058480,12762999.00
2018/11/14,18.29,18.75,18.23,18.43,1287705,15860519.00
2018/11/15,18.39,19.03,18.32,18.97,1313726,16314320.00
2018/11/16,19.06,19.18,18.76,18.97,1305460,16556615.00
2018/11/19,18.90,19.94,18.64,19.80,1964245,25279094.00
2018/11/20,19.46,19.66,19.04,19.17,1384533,17966824.00
2018/11/21,18.89,20.05,18.82,20.01,1958549,25639976.00
2018/11/22,20.42,20.42,19.77,20.00,1361130,18288360.00
2018/11/23,20.00,20.00,18.82,19.03,1091280,14096912.00
2018/11/26,19.17,19.28,18.82,19.03,548020,6955472.00
2018/11/27,19.03,19.74,19.03,19.73,1152107,15044120.00
2018/11/28,19.60,19.83,19.45,19.80,644903,8475475.00
2018/11/29,19.84,20.16,19.14,19.27,940680,12489647.00
2018/11/30,19.28,19.67,19.28,19.59,751877,9803791.00
2018/12/03,19.76,20.15,19.76,19.97,929400,12431390.00
2018/12/04,20.01,20.23,19.84,20.12,874940,11750517.00
2018/12/05,19.90,20.02,19.70,19.94,901360,12006191.00
2018/12/06,19.76,20.08,19.45,19.65,541680,7164513.00
2018/12/07,19.46,19.93,19.13,19.35,570971,7411398.00
2018/12/10,19.56,19.56,19.24,19.37,458860,5949174.00
2018/12/11,19.37,19.73,19.24,19.31,582472,7572302.00
2018/12/12,19.31,19.84,19.10,19.66,856020,11146380.00
2018/12/13,20.37,20.37,19.67,19.67,867519,11581293.00
2018/12/14,19.67,19.87,19.17,19.21,645100,8352396.00
2018/12/17,18.89,19.17,18.54,19.06,502400,6325937.00
2018/12/18,18.95,19.16,18.47,18.72,571200,7140354.00
2018/12/19,18.83,18.86,18.36,18.39,438620,5412180.00
2018/12/20,18.43,18.75,18.26,18.50,429141,5276243.00
2018/12/21,18.53,18.81,18.48,18.76,623400,7745955.00
2018/12/24,18.76,18.86,18.61,18.78,398352,4972777.00
2018/12/25,18.78,18.78,18.13,18.58,532139,6538096.00
2018/12/26,18.58,18.78,18.46,18.75,464580,5758270.00
2018/12/27,18.76,19.73,18.54,19.13,3922440,49647364.00
2018/12/28,18.86,18.92,18.34,18.55,1429720,17738588.00
2019/01/02,18.50,18.67,18.18,18.18,563520,6915811.00
2019/01/03,18.12,18.23,17.35,17.46,806820,9550249.00
2019/01/04,17.88,18.55,17.56,18.53,1348286,16305463.00
2019/01/07,18.47,19.56,18.22,19.56,1640283,20996242.00
2019/01/08,19.51,19.83,19.32,19.79,1096861,14386133.00
2019/01/09,20.33,20.50,19.55,19.55,1718574,22844520.00
2019/01/10,19.95,19.95,19.31,19.31,720020,9446256.00
2019/01/11,19.46,19.95,19.30,19.73,849880,11160995.00
2019/01/14,20.68,21.47,20.00,21.02,2651697,37104740.00
2019/01/15,21.00,21.37,20.54,21.05,1885740,26642784.00
2019/01/16,21.16,21.27,20.74,20.93,943600,13331060.00
2019/01/17,20.82,21.09,20.47,20.51,878920,12226349.00
2019/01/18,20.53,21.55,20.53,21.45,2127471,30372852.00
2019/01/21,21.45,21.56,21.13,21.55,1211845,17452898.00
2019/01/22,21.55,21.55,21.00,21.26,768505,10967644.00
2019/01/23,21.28,22.05,20.89,21.94,1562284,22907532.00
2019/01/24,21.94,22.12,21.69,21.77,1100040,16229700.00
2019/01/25,21.79,21.86,21.37,21.55,989400,14343928.00
2019/01/28,22.31,22.61,21.68,21.73,3280224,48887128.00
2019/01/29,21.17,21.89,21.14,21.44,2025149,29468348.00
2019/01/30,21.62,21.62,21.13,21.40,874700,12606309.00
2019/01/31,21.38,21.65,21.16,21.30,940088,13498890.00
2019/02/01,21.38,21.90,21.28,21.70,841562,12282957.00
2019/02/11,21.82,22.25,21.47,22.11,1055455,15605075.00
2019/02/12,21.97,23.12,21.62,22.98,3109858,46930256.00
2019/02/13,22.81,23.29,22.53,22.91,2711607,42035744.00
2019/02/14,22.82,23.55,22.26,22.92,3091436,48136120.00
2019/02/15,22.87,23.12,22.43,22.67,2007380,30867648.00
2019/02/18,22.64,23.20,22.64,23.15,2173033,33701960.00
2019/02/19,23.03,23.29,22.67,23.02,1707460,26568624.00
2019/02/20,22.94,23.27,22.81,23.27,1135395,17712532.00
2019/02/21,23.23,24.13,23.20,23.44,2705516,43538792.00
2019/02/22,23.30,23.99,23.06,23.85,1704957,27008792.00
2019/02/25,24.04,24.90,23.69,24.60,3052347,50585144.00
2019/02/26,24.99,25.12,24.41,24.70,2468762,41505040.00
2019/02/27,24.95,27.05,24.57,27.00,7503016,131897032.00
2019/02/28,26.46,27.11,26.07,26.80,2995230,54008096.00
2019/03/01,26.59,26.59,26.06,26.28,1483100,26450052.00
2019/03/04,26.06,27.07,25.79,26.63,2695626,48571368.00
2019/03/05,26.45,26.63,25.86,26.63,2315933,41352020.00
2019/03/06,26.60,26.62,26.10,26.58,1695053,30408004.00
2019/03/07,26.52,26.52,26.17,26.31,1698780,30413436.00
2019/03/08,25.83,26.38,25.43,26.14,2167817,38099632.00
2019/03/11,26.14,26.44,26.04,26.38,2028040,36274252.00
2019/03/12,27.85,28.90,27.43,28.90,7362118,144139200.00
2019/03/13,28.55,28.62,27.33,27.95,3505620,67165816.00
2019/03/14,27.95,28.24,26.91,27.42,2380577,44758696.00
2019/03/15,27.15,28.79,27.15,28.47,2357487,45159644.00
2019/03/18,28.38,29.92,28.27,29.80,2767578,55382924.00
2019/03/19,30.50,30.50,28.55,28.65,2565492,50702928.00
2019/03/20,28.65,29.22,27.91,28.84,2018500,39741184.00
2019/03/21,28.73,29.12,28.41,28.83,1138500,22394268.00
2019/03/22,30.62,31.36,29.40,30.20,5682708,118205912.00
2019/03/25,32.33,33.10,30.51,33.10,5545322,124561800.00
2019/03/26,34.15,36.29,31.91,36.29,11681712,274960032.00
2019/03/27,35.38,39.79,34.36,39.79,13836547,354966016.00
2019/03/28,39.23,43.64,38.38,43.64,21094049,603301120.00
2019/03/29,41.53,46.05,39.40,42.27,25391599,735219456.00
2019/04/01,38.17,41.68,38.17,39.65,25880050,704437632.00
2019/04/02,38.63,43.08,38.35,41.26,21929913,618330880.00
2019/04/03,40.58,41.12,38.14,38.55,15250900,413790688.00
2019/04/04,39.30,40.74,38.87,39.53,12602361,347228032.00
2019/04/08,43.35,43.35,42.20,43.35,15910197,477475136.00
2019/04/09,42.20,42.79,39.30,40.17,14376766,405340992.00
2019/04/10,39.75,39.75,37.10,37.71,11642885,309397792.00
2019/04/11,38.36,39.19,36.81,37.23,6937242,182176656.00
2019/04/12,37.10,38.07,36.33,37.73,6179182,158701008.00
2019/04/15,38.29,39.05,37.17,37.33,5515800,145611280.00
2019/04/16,37.06,39.47,36.95,39.40,6476084,172599136.00
2019/04/17,39.72,42.55,38.80,41.46,9232892,261920320.00
2019/04/18,42.69,45.48,42.69,45.48,13308713,415655872.00
2019/04/19,47.28,48.57,43.50,46.72,12436084,395335968.00
2019/04/22,45.99,46.05,43.67,43.70,7233580,224394512.00
2019/04/23,43.95,44.30,40.94,41.82,5999223,174839456.00
2019/04/24,41.85,42.38,40.10,41.21,3827943,108954872.00
2019/04/25,41.43,42.55,39.04,42.52,5531500,159862016.00
2019/04/26,41.88,41.96,38.59,39.75,4509069,125206296.00
2019/04/29,38.07,40.45,37.79,38.08,3135779,84727680.00
2019/04/30,38.46,40.16,38.46,39.26,3074266,83734696.00
2019/05/06,36.25,38.73,35.47,35.47,4971586,126082816.00
2019/05/07,37.37,38.00,36.07,37.65,4038330,103326104.00
2019/05/08,38.43,40.48,36.98,39.33,5537750,150776480.00
2019/05/09,38.67,39.05,36.66,37.03,3969152,103865336.00
2019/05/10,38.21,39.75,36.67,39.05,4152993,110027536.00
2019/05/13,39.43,39.47,36.74,37.03,4367875,113097448.00
2019/05/14,36.80,39.34,36.77,38.10,4071262,108190528.00
2019/05/15,39.44,41.29,38.70,40.52,6276990,172930784.00
2019/05/16,40.59,41.22,39.51,40.90,4011582,112419408.00
2019/05/17,41.21,41.54,38.98,39.69,3958882,110187224.00
2019/05/20,39.01,39.85,37.16,38.56,3121226,81690720.00
2019/05/21,38.14,38.91,37.85,38.36,2718707,71921680.00
2019/05/22,39.05,39.71,38.53,39.05,2714720,73384040.00
2019/05/23,38.76,39.19,37.96,37.96,1781908,47422992.00
2019/05/24,37.48,38.25,37.26,38.14,2240800,58470152.00
2019/05/27,38.21,38.97,37.43,38.66,1896988,50194848.00
2019/05/28,38.83,38.91,38.18,38.64,1456120,38820040.00
2019/05/29,38.39,38.69,37.79,38.66,1382600,36611580.00
2019/05/30,38.11,38.62,37.54,38.06,1377340,36148348.00
2019/05/31,34.75,37.26,34.75,36.32,3414719,85846296.00
2019/06/03,36.15,38.71,36.15,37.08,1996840,51745404.00
2019/06/04,37.15,37.41,36.11,36.59,1206740,30402764.00
2019/06/05,36.60,37.15,36.28,36.60,1246058,31420416.00
2019/06/06,36.46,36.46,34.81,35.16,1836716,44828840.00
2019/06/10,34.85,35.84,33.87,35.21,2265740,54357000.00
2019/06/11,35.00,38.17,34.84,37.37,2632218,66807808.00
2019/06/12,37.26,38.43,37.17,37.30,1566219,40795588.00
2019/06/13,37.30,38.35,36.95,37.73,1091251,28295168.00
2019/06/14,37.72,38.43,37.23,37.55,1560100,40832908.00
2019/06/17,37.36,37.85,36.56,37.73,1169300,30030088.00
2019/06/18,37.73,37.73,36.28,36.77,976760,24805932.00
2019/06/19,38.35,38.77,37.22,37.30,915609,23793226.00
2019/06/20,37.26,37.99,36.73,37.59,953640,24674756.00
2019/06/21,37.34,37.90,37.29,37.44,1569900,40724960.00
2019/06/24,37.37,37.96,37.13,37.36,1047152,27105864.00
2019/06/25,37.64,37.64,36.40,37.30,921512,23459560.00
2019/06/26,37.23,37.30,36.42,37.17,1279465,32422324.00
2019/06/27,37.17,37.44,36.68,37.19,1171421,29967876.00
2019/06/28,36.89,36.94,36.10,36.53,1650400,41604696.00
2019/07/01,37.09,40.06,36.68,40.06,5813573,155912720.00
2019/07/02,39.64,42.69,39.64,42.13,4202932,121267640.00
2019/07/03,42.13,43.08,40.86,42.20,2896436,84410328.00
2019/07/04,42.55,44.05,42.23,43.26,2788657,83593096.00
2019/07/05,43.35,44.43,42.13,42.28,2951989,88108432.00
2019/07/08,43.25,43.88,40.04,42.35,2867776,84343248.00
2019/07/09,42.44,42.55,40.17,40.98,3154740,89557408.00
2019/07/10,41.00,42.24,40.76,41.01,1940869,55744952.00
2019/07/11,41.92,44.37,41.07,43.60,3609258,107686888.00
2019/07/12,43.18,43.60,41.85,43.17,3301246,97651728.00
2019/07/15,42.27,43.52,41.02,43.28,3193220,94282360.00
2019/07/16,43.12,47.42,41.14,46.71,5489726,172427888.00
2019/07/17,46.26,50.25,45.63,49.44,4292091,143484928.00
2019/07/18,49.45,49.89,47.91,48.84,2715336,93026840.00
2019/07/19,49.52,49.89,47.49,48.40,1910607,64240432.00
2019/07/22,48.54,49.07,46.61,48.01,2085420,69531992.00
2019/07/23,47.52,49.91,47.41,49.41,2012876,67817152.00
2019/07/24,49.40,50.46,48.92,50.45,2186659,75795136.00
2019/07/25,50.11,52.73,49.55,50.42,2155500,77251880.00
2019/07/26,50.68,50.78,49.00,49.97,1290500,44811784.00
2019/07/29,49.93,50.71,49.14,49.62,1240944,43005052.00
2019/07/30,50.29,50.66,49.44,49.77,976064,33904040.00
2019/07/31,47.49,49.93,47.49,49.13,1785340,61170280.00
2019/08/01,48.85,49.54,48.05,48.89,1821720,61790724.00
2019/08/02,48.57,48.57,47.10,48.25,1524188,50601304.00
2019/08/05,48.33,48.74,46.22,46.26,1751345,57617372.00
2019/08/06,45.07,46.89,43.95,44.92,2971864,93050352.00
2019/08/07,46.08,46.72,45.07,45.78,1898998,60951064.00
2019/08/08,45.78,46.47,44.80,45.08,1561780,49338252.00
2019/08/09,46.32,46.32,43.29,44.47,1353522,41430528.00
2019/08/12,44.54,45.20,42.86,44.33,1503294,44994452.00
2019/08/13,44.33,44.62,41.70,43.61,2164136,64263380.00
2019/08/14,43.95,44.50,43.60,43.75,1501620,45306936.00
2019/08/15,42.96,43.52,42.55,43.15,1225559,36152512.00
2019/08/16,43.28,44.05,42.89,43.08,1384142,41239432.00
2019/08/19,43.17,44.48,43.07,44.20,1779754,53538676.00
2019/08/20,44.22,44.24,42.40,43.52,1882560,55607612.00
2019/08/21,43.36,43.36,40.46,41.61,3541960,100700448.00
2019/08/22,41.67,42.33,41.21,42.12,1706380,48923340.00
2019/08/23,41.58,42.21,41.21,41.68,1358420,38742024.00
2019/08/26,40.79,44.50,40.59,43.67,2831588,83120608.00
2019/08/27,43.77,44.44,43.12,44.38,2549189,76215704.00
2019/08/28,43.80,45.88,43.80,45.41,2280648,70745960.00
2019/08/29,47.16,47.16,45.03,45.03,2930241,92676240.00
2019/08/30,46.12,48.77,45.59,47.51,3477081,112619040.00
2019/09/02,47.35,48.28,46.13,47.72,2327438,76177160.00
2019/09/03,47.58,48.56,46.79,47.52,1633210,53314128.00
2019/09/04,47.77,50.63,47.46,50.07,3300260,111640488.00
2019/09/05,50.07,50.63,49.12,50.01,2320240,79502640.00
2019/09/06,49.93,49.93,47.98,48.70,2093800,70421000.00
2019/09/09,48.92,50.10,47.69,48.26,3658188,121885072.00
2019/09/10,48.37,48.91,47.41,48.07,1997780,66127672.00
2019/09/11,48.49,48.86,47.72,48.14,1505100,50005220.00
2019/09/12,48.70,49.26,47.65,48.84,2166032,72835712.00
2019/09/16,49.23,49.28,47.20,47.81,2593513,85720736.00
2019/09/17,47.95,48.11,46.72,47.07,1494960,48528440.00
2019/09/18,47.30,47.30,46.67,47.11,964760,31187400.00
2019/09/19,46.67,47.32,45.76,46.93,1605113,51178008.00
2019/09/20,47.28,47.79,46.60,47.00,1004044,32597604.00
2019/09/23,47.17,47.17,45.63,46.12,1465876,46704304.00
2019/09/24,46.71,48.70,46.04,47.77,2752944,90412784.00
2019/09/25,47.66,48.53,46.95,47.56,2416227,79027120.00
2019/09/26,47.28,47.46,44.64,45.63,2122120,66583564.00
2019/09/27,45.62,46.25,44.55,45.55,1123089,35085512.00
2019/09/30,45.41,46.50,45.20,46.11,1337475,42173608.00
2019/10/08,45.62,47.32,45.62,46.88,1391000,44637620.00
2019/10/09,47.00,51.38,45.73,51.38,4886456,167877328.00
2019/10/10,52.31,53.19,50.95,52.48,4420127,158866400.00
2019/10/11,52.42,54.21,51.78,53.15,3660863,134330032.00
2019/10/14,53.60,54.67,52.71,53.64,2941483,108693864.00
2019/10/15,53.61,55.53,53.05,53.71,3757065,140768592.00
2019/10/16,53.83,54.88,53.32,54.58,2229740,83480480.00
2019/10/17,54.65,54.91,54.02,54.42,1997279,74978888.00
2019/10/18,54.58,55.82,53.33,53.88,2051975,76792752.00
2019/10/21,53.88,55.56,52.59,54.34,1996636,74495936.00
2019/10/22,55.00,55.26,49.09,49.09,5820900,202290576.00
2019/10/23,48.82,52.36,48.53,49.97,6791155,236657664.00
2019/10/24,49.26,50.71,47.97,49.05,4290876,145436624.00
2019/10/25,49.34,50.38,49.20,49.59,2671615,91519968.00
2019/10/28,49.62,52.17,49.23,51.52,3029533,107526272.00
2019/10/29,50.98,51.90,50.24,50.74,1564519,54812972.00
2019/10/30,51.23,51.23,48.02,48.98,1949155,65795944.00
2019/10/31,48.98,50.47,48.37,49.40,1529205,52029768.00
2019/11/01,48.70,50.01,48.70,49.54,1407889,47778380.00
2019/11/04,50.35,52.55,49.26,52.01,2131120,75058760.00
2019/11/05,51.22,51.92,49.90,50.40,2135805,74266000.00
2019/11/06,50.57,50.95,49.54,50.64,1468895,50800720.00
2019/11/07,50.17,51.34,49.86,50.80,1267480,44454992.00
2019/11/08,50.40,52.70,50.40,51.71,2052720,73638296.00
2019/11/11,51.24,52.14,50.17,50.67,1264500,44243544.00
2019/11/12,50.80,52.29,49.93,52.00,1428830,50462668.00
2019/11/13,52.20,52.87,51.36,52.07,1695200,60978720.00
2019/11/14,51.80,52.74,51.08,51.78,1351760,48349636.00
2019/11/15,51.99,51.99,49.94,50.03,1376260,48036208.00
2019/11/18,49.07,50.52,49.07,50.21,1597360,54875136.00
2019/11/19,50.28,51.16,49.69,50.75,1313375,45859132.00
2019/11/20,51.15,51.47,49.40,49.83,1515488,52723880.00
2019/11/21,49.42,50.04,45.03,45.69,5091887,162670992.00
2019/11/22,45.84,47.27,44.55,45.04,3524832,111608936.00
2019/11/25,45.13,45.63,43.10,43.54,3016144,90305760.00
2019/11/26,43.54,44.66,42.75,43.17,1930039,57164720.00
2019/11/27,43.19,43.49,41.84,42.98,1811975,53082996.00
2019/11/28,43.35,43.35,42.30,42.51,1347067,39359820.00
2019/11/29,42.66,42.73,42.00,42.52,1145420,33280112.00
2019/12/02,42.58,42.93,41.91,42.10,1422558,41174392.00
2019/12/03,42.41,42.42,41.70,42.38,1263900,36349736.00
2019/12/04,42.28,42.61,42.05,42.42,987047,28566168.00
2019/12/05,42.54,44.05,42.06,43.57,2333311,69136008.00
2019/12/06,43.61,43.73,43.11,43.56,1217838,36245940.00
2019/12/09,43.63,44.79,43.45,44.31,1911574,57766576.00
2019/12/10,44.12,44.48,43.60,44.30,1432573,43165032.00
2019/12/11,44.43,45.01,43.73,44.75,1684740,51520328.00
2019/12/12,43.66,45.13,43.66,44.38,1186900,36280472.00
2019/12/13,44.85,45.15,44.24,44.80,1210144,37225328.00
2019/12/16,44.80,46.11,44.50,46.01,1867880,58559696.00
2019/12/17,46.18,47.81,45.78,47.31,1717878,55386208.00
2019/12/18,47.21,48.12,46.88,47.38,1824127,59416428.00
2019/12/19,47.38,48.16,46.48,47.83,1876216,61090408.00
2019/12/20,47.83,50.94,47.83,49.96,3958974,134187256.00
2019/12/23,49.40,49.41,47.04,47.45,3633183,120336832.00
2019/12/24,47.93,49.05,46.92,48.77,1569346,52062524.00
2019/12/25,48.42,49.34,48.12,48.43,1497700,50074916.00
2019/12/26,48.82,50.49,48.57,49.62,1889720,64634312.00
2019/12/27,49.75,50.74,48.70,49.23,1802399,61446008.00
2019/12/30,50.10,51.97,49.30,51.82,4046434,141983360.00
2019/12/31,51.87,51.87,50.42,50.75,2676495,93796800.00
2020/01/02,50.75,51.89,50.10,50.88,2687800,94059392.00
2020/01/03,51.45,51.61,49.80,51.33,2065500,72107176.00
2020/01/06,50.66,52.59,50.32,51.78,2676601,95499968.00
2020/01/07,52.18,52.18,51.16,51.68,1676920,59768144.00
2020/01/08,52.11,52.11,50.10,50.80,2145434,75508024.00
2020/01/09,51.05,53.81,51.05,53.18,3089324,112558496.00
2020/01/10,52.41,55.88,52.41,55.70,4648678,175131168.00
2020/01/13,54.31,55.81,54.04,55.00,2529819,95632216.00
2020/01/14,54.30,55.11,53.90,54.11,1304000,48845928.00
2020/01/15,54.13,55.63,53.82,53.89,1699878,63916752.00
2020/01/16,54.18,54.70,53.68,53.88,1656120,61859632.00
2020/01/17,53.90,54.24,52.62,52.92,2427092,89279008.00
2020/01/20,52.90,52.90,48.58,51.03,4641233,161757184.00
2020/01/21,51.83,51.93,49.38,49.79,3070100,106525040.00
2020/01/22,49.87,49.87,48.77,49.37,1952790,66272776.00
2020/01/23,48.70,49.82,46.67,47.31,2184663,72129856.00
2020/02/03,42.76,44.19,42.76,42.76,1265620,37226112.00
2020/02/04,42.76,43.19,41.25,42.59,2770996,80671664.00
2020/02/05,42.66,45.88,42.66,44.80,3011870,91856536.00
2020/02/06,44.58,45.32,43.77,44.40,3395013,103520960.00
2020/02/07,44.15,44.73,43.39,44.05,2516212,75938328.00
2020/02/10,44.33,45.50,43.80,45.25,2987968,91395480.00
2020/02/11,45.31,45.71,44.65,45.17,2627700,81565328.00
2020/02/12,45.62,48.96,45.24,47.34,3388197,110047912.00
2020/02/13,45.27,48.11,45.27,46.34,2820072,90600320.00
2020/02/14,45.90,46.90,45.73,46.32,2167416,68833336.00
2020/02/17,46.53,47.86,46.32,47.30,2681427,87085320.00
2020/02/18,47.30,47.51,46.26,47.44,2565341,82711856.00
2020/02/19,47.02,50.60,47.02,48.82,3042486,101866688.00
2020/02/20,49.62,49.62,48.04,48.82,2403018,80586456.00
2020/02/21,48.99,49.12,48.36,48.85,1635833,54845096.00
2020/02/24,48.91,49.21,48.12,48.72,2340388,78515984.00
2020/02/25,47.94,47.94,45.24,47.37,3433920,111056520.00
2020/02/26,46.64,47.59,46.06,46.29,2539676,81524856.00
2020/02/27,46.74,47.11,46.08,46.54,2164348,69416704.00
2020/02/28,45.49,45.49,43.10,43.11,2725833,81915664.00
2020/03/02,43.43,45.62,43.12,45.03,2687450,82938104.00
2020/03/03,46.16,46.19,43.92,44.62,2798651,86313168.00
2020/03/04,45.04,45.31,43.71,44.58,3002733,91320656.00
2020/03/05,44.90,45.76,44.34,45.55,3079140,95548144.00
2020/03/06,45.41,46.41,45.20,45.31,2121022,66440712.00
2020/03/09,44.87,45.00,43.04,43.32,2625759,78669488.00
2020/03/10,41.89,43.96,41.89,43.49,2580852,76557952.00
2020/03/11,43.94,44.57,42.82,42.93,2014987,60188068.00
2020/03/12,42.79,42.79,41.63,42.14,1908614,54994672.00
2020/03/13,40.04,41.60,39.08,40.93,2684081,73707696.00
2020/03/16,41.37,41.86,38.62,39.48,2489434,68417688.00
2020/03/17,39.47,39.47,37.52,38.59,2615121,68048576.00
2020/03/18,39.08,39.64,38.07,38.17,2625758,69735296.00
2020/03/19,37.90,38.60,36.80,37.50,2628736,66864828.00
2020/03/20,39.40,39.74,38.21,39.25,4986378,132489328.00
2020/03/23,38.06,38.17,36.24,36.68,3652237,91869240.00
2020/03/24,37.44,37.50,35.13,36.29,2531868,62331400.00
2020/03/25,37.03,37.36,36.61,37.15,2687726,67595680.00
2020/03/26,37.06,37.06,36.32,36.56,2214210,55039744.00
2020/03/27,36.78,37.29,36.53,36.66,2072716,51996440.00
2020/03/30,36.36,36.36,34.36,35.47,2693941,63894944.00
2020/03/31,35.86,36.28,35.41,35.55,1571936,38239652.00
2020/04/01,36.01,36.01,35.12,35.17,1517370,36466152.00
2020/04/02,35.13,37.30,34.63,36.96,2882410,70997048.00
2020/04/03,40.48,40.48,40.48,40.48,1355968,37465396.00
2020/04/07,43.64,43.64,41.70,42.69,8537045,248353568.00
2020/04/08,42.91,44.68,42.26,42.87,7510236,222353504.00
2020/04/09,42.70,44.55,42.70,44.31,6428171,193076752.00
2020/04/10,44.20,45.84,43.98,44.78,5768073,177155152.00
2020/04/13,44.86,45.62,44.47,45.18,4119085,127289664.00
2020/04/14,45.27,45.53,44.40,44.78,4273367,131509624.00
2020/04/15,44.75,45.00,43.24,43.24,4927566,148141152.00
2020/04/16,43.24,43.50,42.55,43.07,3431945,101061840.00
2020/04/17,43.45,43.61,42.44,42.90,3526718,104037880.00
2020/04/20,43.03,43.04,42.07,42.54,2951178,85462456.00
2020/04/21,42.89,43.94,41.42,41.98,4931406,143336224.00
2020/04/22,41.81,42.80,41.71,42.62,3159933,91660512.00
2020/04/23,42.68,43.66,42.47,42.56,3085541,90878624.00
2020/04/24,42.58,42.96,41.60,41.72,2492773,71743032.00
2020/04/27,41.77,43.40,40.62,41.54,3626259,102161496.00
2020/04/28,41.60,41.60,38.95,39.25,5147017,97455376.00
2020/04/29,39.19,39.46,38.19,39.31,4537024,83838400.00
2020/04/30,39.41,40.21,38.94,39.92,4045397,76768272.00
2020/05/06,39.86,41.03,39.48,41.01,4494099,86866448.00
2020/05/07,41.03,41.35,40.29,40.54,3444958,66928428.00
2020/05/08,40.54,41.09,40.54,40.56,3314984,64552048.00
2020/05/11,40.58,40.99,39.86,39.97,3950257,75847056.00
2020/05/12,39.99,42.87,39.97,41.54,7955579,158440192.00
2020/05/13,41.40,41.64,40.78,41.17,4404610,86409336.00
2020/05/14,41.33,41.37,40.33,40.39,3558888,69134328.00
2020/05/15,40.48,40.82,40.13,40.19,2639875,50756400.00
2020/05/18,40.21,40.56,39.33,39.84,2705399,51416196.00
2020/05/19,40.21,40.60,39.78,40.17,3028111,58019824.00
2020/05/20,40.23,40.29,39.56,39.76,2275601,43288984.00
2020/05/21,39.82,40.01,38.70,39.07,2220644,41654500.00
2020/05/22,39.23,39.46,37.43,37.76,3048428,55120012.00
2020/05/25,38.07,38.95,37.15,38.37,3583806,65037320.00
2020/05/26,38.70,39.33,38.33,38.84,2470781,45626432.00
2020/05/27,38.80,39.23,38.15,38.23,2226027,41002924.00
2020/05/28,38.56,39.29,38.33,39.01,2577330,47769352.00
2020/05/29,38.66,39.27,38.35,38.80,2578263,47542848.00
2020/06/01,38.99,40.27,38.31,40.07,4069349,76999592.00
2020/06/02,40.07,40.37,39.78,40.17,2504328,47832368.00
2020/06/03,40.17,40.37,39.68,39.70,2632931,50220264.00
2020/06/04,40.13,40.13,39.21,39.78,1912542,36100608.00
2020/06/05,39.93,39.93,38.60,38.92,2993216,55610640.00
2020/06/08,38.99,39.80,38.99,39.35,2400836,45033656.00
2020/06/09,39.19,39.58,39.09,39.41,2199225,41263808.00
2020/06/10,39.29,39.86,39.21,39.35,2426385,45605504.00
2020/06/11,39.68,39.68,38.01,38.48,3791159,69986960.00
2020/06/12,37.80,38.99,37.72,38.46,2746425,50130924.00
2020/06/15,38.48,39.72,38.48,39.05,3085306,57537484.00
2020/06/16,39.11,42.03,39.11,42.03,9455023,184790736.00
2020/06/17,42.03,42.76,41.44,42.19,7308050,147039440.00
2020/06/18,42.01,42.52,40.82,41.07,5865554,115961512.00
2020/06/19,41.50,41.52,40.39,41.07,4487391,87775208.00
2020/06/22,41.07,41.35,40.29,40.44,4115909,79623664.00
2020/06/23,40.42,40.64,39.80,40.13,3709489,70964160.00
2020/06/24,40.42,41.56,40.09,40.56,6363685,124094320.00
2020/06/29,40.48,41.21,40.19,40.66,4997735,96863776.00
2020/06/30,40.95,41.99,40.62,40.72,7761280,152819168.00
2020/07/01,41.23,41.23,39.88,40.42,6735186,129623800.00
2020/07/02,40.44,40.95,39.99,40.84,5456788,105759328.00
2020/07/03,41.01,42.23,40.76,41.78,7641059,151957568.00
2020/07/06,42.48,43.58,41.78,43.23,9022295,184631184.00
2020/07/07,43.68,44.89,42.93,43.76,9817075,207321440.00
2020/07/08,43.58,44.23,43.19,44.09,6955320,146066784.00
2020/07/09,44.34,46.93,44.34,46.34,9450678,207127376.00
2020/07/10,46.48,49.13,45.76,48.40,11129603,252536160.00
2020/07/13,48.03,49.48,47.72,49.24,10068773,236027264.00
2020/07/14,49.66,49.68,45.97,46.93,11121125,255186624.00
2020/07/15,47.56,47.68,45.13,45.72,8266791,184482848.00
2020/07/16,45.36,45.70,42.66,42.80,8797638,186826464.00
2020/07/17,42.80,43.95,42.54,43.72,5425800,112815072.00
2020/07/20,43.91,46.79,43.91,46.48,7775500,171290320.00
2020/07/21,46.81,47.91,46.38,46.99,8333585,189133216.00
2020/07/22,46.97,47.48,46.15,46.87,5567396,125888560.00
2020/07/23,46.44,46.83,45.36,46.70,5785809,128412608.00
2020/07/24,46.91,47.11,43.56,44.19,6530928,142220320.00
2020/07/27,44.11,44.91,42.66,43.40,4858262,101695648.00
2020/07/28,43.78,45.95,43.46,44.54,5008506,107458416.00
2020/07/29,45.17,45.17,43.72,44.66,7168893,153465024.00
2020/07/30,44.76,45.66,44.01,44.48,5872127,125671416.00
2020/07/31,44.09,44.97,43.60,44.66,5744009,122325208.00
2020/08/03,44.95,45.91,44.91,45.87,6821342,148839952.00
2020/08/04,46.27,46.74,45.56,46.32,6359287,140690112.00
2020/08/05,46.15,46.19,45.19,45.66,4998051,109746336.00
2020/08/06,45.66,46.07,44.50,45.05,4329147,93934808.00
2020/08/07,45.09,45.68,43.40,44.33,5063752,108085568.00
2020/08/10,44.09,44.56,43.58,44.21,4253112,89773128.00
2020/08/11,44.27,45.07,43.60,43.91,4847940,103345840.00
2020/08/12,43.91,43.91,41.97,42.68,5192376,106205200.00
2020/08/13,42.68,43.09,42.33,42.46,3013048,61520356.00
2020/08/14,42.64,42.91,41.76,42.91,2863843,58135572.00
2020/08/17,42.80,43.78,42.52,43.66,4478850,92626344.00
2020/08/18,43.50,43.87,43.25,43.54,2735358,57042496.00
2020/08/19,43.56,44.48,43.17,43.62,4178478,87712288.00
2020/08/20,43.21,43.50,42.48,42.91,2793416,57565748.00
2020/08/21,43.13,44.72,43.01,44.33,5023386,105957960.00
2020/08/24,45.72,45.85,43.60,44.83,6650148,142097872.00
2020/08/25,41.64,41.80,40.62,40.62,12895786,251571392.00
2020/08/26,39.82,39.82,37.99,38.21,10488660,193151376.00
2020/08/27,38.11,38.58,37.88,38.39,4199300,76248704.00
2020/08/28,38.64,38.68,37.96,38.25,3426710,62096768.00
2020/08/31,38.15,38.50,38.07,38.15,4147223,75321528.00
2020/09/01,38.01,38.15,36.39,36.92,8014754,140680256.00
2020/09/02,36.99,37.07,36.29,36.68,3824089,66303524.00
2020/09/03,36.80,37.05,36.41,36.45,2960783,51422900.00
2020/09/04,35.98,37.05,35.58,36.98,3288224,56727056.00
2020/09/07,36.99,37.31,36.47,36.82,3059760,53585080.00
2020/09/08,36.90,36.94,36.19,36.58,2274127,39257280.00
2020/09/09,36.41,36.41,35.56,35.62,2594228,44017420.00
2020/09/10,35.90,35.98,34.98,35.21,2128181,35586296.00
2020/09/11,35.19,35.86,34.90,35.86,1615149,27031612.00
2020/09/14,35.86,36.15,35.19,35.45,2635666,44273112.00
2020/09/15,35.47,35.58,34.60,34.94,3551881,58348648.00
2020/09/16,34.82,35.47,34.60,35.31,2139298,35356184.00
2020/09/17,35.35,35.70,35.07,35.56,1796986,30010548.00
2020/09/18,35.74,36.03,35.37,36.00,2411134,40753028.00
2020/09/21,36.19,38.41,36.17,37.74,7343886,130871024.00
2020/09/22,37.76,38.46,37.07,37.96,5114257,91795096.00
2020/09/23,37.72,38.50,37.23,38.03,3642884,65839816.00
2020/09/24,37.48,38.09,37.11,37.92,2747736,48919852.00
2020/09/25,37.94,38.41,37.35,37.96,2740148,49174780.00
2020/09/28,37.96,38.46,37.78,37.82,2313141,41867236.00
2020/09/29,37.82,38.01,37.35,37.47,1421999,25312954.00
2020/09/30,37.52,38.27,36.49,38.07,2689140,47598248.00
2020/10/09,38.35,38.58,38.15,38.15,2527925,46064352.00
2020/10/12,38.29,38.52,37.90,38.31,3363100,61112984.00
2020/10/13,38.41,38.45,37.92,38.39,1663952,30251064.00
2020/10/14,38.33,38.37,37.72,38.19,2219030,40035056.00
2020/10/15,38.31,38.90,38.07,38.66,2959352,54256616.00
2020/10/16,38.41,39.25,38.33,38.46,2326730,42795684.00
2020/10/19,38.86,41.21,38.80,40.84,9742630,187058416.00
2020/10/20,41.05,42.05,40.48,41.99,7626775,151029296.00
2020/10/21,41.99,42.68,41.31,42.37,6941020,139827328.00
2020/10/22,42.23,42.23,40.21,40.21,4735172,92913064.00
2020/10/23,40.31,40.74,39.56,40.46,2787429,53489784.00
2020/10/26,40.41,41.01,40.17,41.01,3020962,58564468.00
2020/10/27,40.95,41.84,40.56,41.74,3863452,76281696.00
2020/10/28,41.76,42.42,40.23,41.05,3762910,73557520.00
2020/10/29,40.29,40.29,39.09,39.09,3384283,63696752.00
2020/10/30,37.88,37.97,36.25,37.92,4872495,86426496.00
2020/11/02,37.88,38.78,37.45,38.45,3013596,54837528.00
2020/11/03,38.37,38.68,37.92,37.96,2191037,39788020.00
2020/11/04,37.97,38.21,37.25,38.09,1665590,29722308.00
2020/11/05,38.31,40.86,37.96,40.60,3964028,74154768.00
2020/11/06,40.60,41.37,40.23,40.95,3764596,73476984.00
2020/11/09,41.25,41.35,40.09,40.86,3084820,59777680.00
2020/11/10,40.90,41.09,40.25,40.31,1475504,28565408.00
2020/11/11,40.52,40.66,39.29,39.44,2650696,50106232.00
2020/11/12,39.43,39.86,38.76,39.46,1694363,31577156.00
2020/11/13,39.25,39.44,38.78,39.17,1419520,26312796.00
2020/11/16,39.21,39.86,39.07,39.76,1289748,24287124.00
2020/11/17,39.97,40.64,39.11,40.39,2446136,46894744.00
2020/11/18,40.42,40.93,40.03,40.29,1374691,26535536.00
2020/11/19,40.42,40.44,39.29,39.54,2161996,40873172.00
2020/11/20,39.58,39.64,38.94,39.44,1845044,34416048.00
2020/11/23,39.44,40.07,39.25,39.33,1451880,27354554.00
2020/11/24,39.33,41.17,39.03,41.15,3985238,76945200.00
2020/11/25,42.62,42.74,40.95,41.56,6759810,135156624.00
2020/11/26,41.09,41.64,39.88,41.60,3492034,67544600.00
2020/11/27,41.64,41.95,40.95,41.74,2346466,46584072.00
2020/11/30,41.84,41.86,41.40,41.42,2024249,40196208.00
2020/12/01,41.80,42.62,41.39,41.97,4633819,93073832.00
2020/12/02,42.13,42.72,41.64,42.33,5169961,104878768.00
2020/12/03,42.23,42.72,41.86,42.13,2377148,47857208.00
2020/12/04,42.23,42.62,41.42,42.23,2790489,56258664.00
2020/12/07,42.70,42.70,41.62,42.15,1848925,37041900.00
2020/12/08,42.05,42.35,41.37,41.89,3628188,72535296.00
2020/12/09,41.99,42.03,40.39,40.97,2835312,55518488.00
2020/12/10,40.72,41.58,40.09,40.72,1943825,37935008.00
2020/12/11,40.78,41.05,39.88,40.27,1531582,29382024.00
2020/12/14,39.92,40.17,39.21,39.29,1768898,33261844.00
2020/12/15,39.35,39.58,38.99,39.56,777573,14556501.00
2020/12/16,39.56,39.97,38.88,39.09,1593929,29880180.00
2020/12/17,39.09,39.21,37.72,37.86,2988789,53996112.00
2020/12/18,37.78,37.78,36.35,36.35,3188980,55637112.00
2020/12/21,36.33,36.58,35.70,35.98,4078801,69443744.00
2020/12/22,35.74,35.96,34.51,34.51,3549131,59020992.00
2020/12/23,34.70,34.78,33.55,33.92,4403539,70379296.00
2020/12/24,33.82,34.00,31.76,31.80,4677468,71792760.00
2020/12/25,31.64,32.53,31.15,32.00,4097633,61166848.00
2020/12/28,32.55,32.78,31.49,31.59,3416700,51063004.00
2020/12/29,31.76,32.15,31.43,31.47,1960866,29112428.00
2020/12/30,31.64,32.09,31.35,31.72,2783128,41306760.00
2020/12/31,32.53,32.96,32.23,32.55,2314643,35229376.00
2021/01/04,32.55,33.62,32.11,33.39,2430496,37394436.00
2021/01/05,33.25,33.41,32.94,32.96,2289663,35574360.00
2021/01/06,32.82,33.11,32.09,32.37,3042803,46215808.00
2021/01/07,32.31,32.47,31.59,32.00,2483751,37148552.00
2021/01/08,32.02,32.39,31.41,32.11,2270776,34030528.00
2021/01/11,32.11,32.11,30.98,31.33,2660216,39079144.00
2021/01/12,31.33,31.92,31.08,31.72,1531742,22659200.00
2021/01/13,31.72,32.04,31.37,31.98,1618547,24009220.00
2021/01/14,32.00,34.86,31.80,34.29,5059122,80691216.00
2021/01/15,34.27,34.56,33.51,33.64,2603320,41587872.00
2021/01/18,33.56,33.56,31.98,33.04,2485282,38311984.00
2021/01/19,33.02,34.09,32.68,33.88,3312058,52085968.00
2021/01/20,33.72,34.02,33.06,33.11,1581699,24700772.00
2021/01/21,33.21,33.60,32.88,33.21,1295181,20198336.00
2021/01/22,33.21,33.88,32.96,33.51,1696626,26651578.00
2021/01/25,33.49,33.49,32.23,32.29,1763120,27121788.00
2021/01/26,32.33,32.57,31.68,31.98,1246533,18705968.00
2021/01/27,32.02,32.33,31.76,31.92,1084841,16250088.00
2021/01/28,31.70,32.15,31.27,31.29,1273335,18793746.00
2021/01/29,30.98,31.55,29.94,30.31,2318578,32985836.00
2021/02/01,30.17,31.62,30.02,31.21,1664286,23809798.00
2021/02/02,31.19,31.57,30.92,31.35,846536,12348249.00
2021/02/03,31.43,31.43,30.68,30.68,1018060,14666689.00
2021/02/04,30.72,30.72,29.64,29.96,1300668,18194956.00
2021/02/05,29.78,30.41,28.84,28.86,1693520,23120660.00
2021/02/08,29.10,29.33,28.70,28.92,1023860,13773500.00
2021/02/09,29.14,29.78,29.00,29.61,942514,12897995.00
2021/02/10,29.64,30.21,29.57,29.96,882320,12280710.00
2021/02/18,30.64,31.90,30.64,31.80,2130792,31347062.00
2021/02/19,32.04,32.49,31.62,32.37,1454522,21931484.00
2021/02/22,32.58,33.66,32.58,32.74,2345853,36417016.00
2021/02/23,32.72,32.72,31.90,32.08,1586978,23918552.00
2021/02/24,32.09,32.88,31.96,32.29,1456800,22063364.00
2021/02/25,32.47,32.76,31.84,31.90,886443,13313818.00
2021/02/26,31.74,32.19,31.39,32.04,1258620,18809368.00
2021/03/01,32.04,32.55,31.84,32.27,1431020,21554216.00
2021/03/02,32.25,32.43,31.76,32.11,995506,14946631.00
2021/03/03,32.19,32.39,32.00,32.37,784256,11854238.00
2021/03/04,32.37,33.35,32.23,32.55,2040353,31506620.00
2021/03/05,32.39,32.88,32.04,32.62,1143666,17466144.00
2021/03/08,32.82,33.53,32.37,32.47,1238718,19090696.00
2021/03/09,32.62,32.72,31.25,31.47,1269262,18858524.00
2021/03/10,31.90,31.90,30.66,30.72,1013352,14690225.00
2021/03/11,30.72,31.45,30.61,31.41,636236,9246138.00
2021/03/12,31.41,31.60,31.02,31.23,529368,7716116.00
2021/03/15,31.13,31.64,30.98,31.15,715224,10422828.00
2021/03/16,31.15,31.72,31.08,31.57,756525,11144776.00
2021/03/17,31.84,31.84,31.27,31.49,665152,9792284.00
2021/03/18,31.57,31.57,31.06,31.11,869454,12667606.00
2021/03/19,31.13,31.35,30.86,30.88,848596,12317483.00
2021/03/22,30.90,31.37,30.90,31.10,954820,13867830.00
2021/03/23,31.15,31.33,31.00,31.23,653291,9498128.00
2021/03/24,31.13,31.31,30.76,30.82,958425,13836816.00
2021/03/25,30.82,31.06,29.98,30.06,994120,14108375.00
2021/03/26,30.08,30.66,29.90,30.53,774491,10924374.00
2021/03/29,30.53,30.59,30.08,30.15,779520,10979314.00
2021/03/30,30.17,30.17,29.70,29.96,803376,11163779.00
2021/03/31,30.27,30.94,30.08,30.23,1025001,14505411.00
2021/04/01,30.21,30.37,29.84,30.17,736356,10299444.00
2021/04/02,30.19,30.43,29.92,30.10,1108588,15544308.00
2021/04/06,30.15,31.02,30.13,30.82,1041363,14894529.00
2021/04/07,30.94,31.02,30.57,30.66,756212,10818733.00
2021/04/08,30.66,30.78,30.27,30.27,757020,10749362.00
2021/04/09,30.39,30.39,30.04,30.06,979960,13738305.00
2021/04/12,30.06,30.19,29.21,29.31,1454708,19893008.00
2021/04/13,29.39,29.68,29.17,29.51,777778,10607000.00
2021/04/14,29.76,29.86,29.33,29.61,511573,7011342.00
2021/04/15,29.57,29.61,29.35,29.35,431780,5912002.00
2021/04/16,29.35,30.15,29.35,29.98,738764,10251223.00
2021/04/19,30.08,30.31,30.00,30.23,887039,12465429.00
2021/04/20,30.21,30.49,30.10,30.25,681163,9616435.00
2021/04/21,30.23,30.25,29.94,29.96,659190,9226850.00
2021/04/22,30.08,30.39,29.98,30.15,534492,7504073.00
2021/04/23,30.15,30.19,29.68,29.88,658433,9171834.00
2021/04/26,29.64,29.74,29.12,29.64,985487,13513558.00
2021/04/27,29.51,30.19,29.49,29.78,770199,10697585.00
2021/04/28,30.17,30.17,29.59,29.88,490624,6794336.00
2021/04/29,29.88,29.96,29.57,29.66,465980,6432389.00
2021/04/30,29.72,29.78,29.12,29.49,682659,9300765.00
2021/05/06,29.51,30.06,29.12,29.53,890375,12294094.00
2021/05/07,29.68,29.90,29.39,29.59,545390,7508235.00
2021/05/10,29.59,29.86,29.47,29.55,401671,5526354.00
2021/05/11,29.55,29.70,29.33,29.64,706185,9678858.00
2021/05/12,29.63,29.63,29.06,29.47,1045753,14226234.00
2021/05/13,29.47,29.78,29.35,29.51,864804,11884003.00
2021/05/14,29.51,30.15,29.51,29.98,1480463,20513568.00
2021/05/17,30.17,30.27,29.68,30.27,1527699,21341624.00
2021/05/18,30.33,30.33,29.92,30.15,693700,9718190.00
2021/05/19,30.12,30.39,29.92,30.08,667092,9360700.00
2021/05/20,29.94,30.21,29.94,30.08,801652,11212254.00
2021/05/21,30.08,30.49,29.96,30.33,1134700,15983722.00
2021/05/24,30.33,31.08,30.19,31.06,1732842,24748828.00
2021/05/25,31.04,31.66,30.86,31.17,2089102,30453368.00
2021/05/26,31.51,31.51,30.88,31.39,1421185,20746560.00
2021/05/27,31.43,32.64,31.39,32.37,2467265,37087800.00
2021/05/28,32.41,32.53,31.96,32.27,1391290,21023620.00
2021/05/31,33.02,33.21,31.90,32.70,3207452,48908088.00
2021/06/01,32.94,32.94,31.86,32.21,2095515,30342456.00
2021/06/02,32.23,32.23,31.25,31.41,1640717,23279520.00
2021/06/03,31.39,31.74,31.13,31.13,1181556,16681085.00
2021/06/04,31.11,31.57,31.08,31.23,858160,12015251.00
2021/06/07,31.23,32.08,31.15,31.98,1202744,17074524.00
2021/06/08,32.02,32.06,31.47,31.62,859630,12213623.00
2021/06/09,31.57,31.94,31.39,31.39,612900,8672073.00
2021/06/10,31.35,31.62,31.17,31.37,683235,9607809.00
2021/06/11,31.37,31.37,30.62,30.64,1103980,15258263.00
2021/06/15,30.64,30.74,30.17,30.19,975229,13220459.00
2021/06/16,30.25,30.43,29.90,29.94,670089,9007163.00
2021/06/17,30.80,30.98,30.17,30.33,1093707,14932291.00
2021/06/18,30.33,30.78,30.13,30.43,640566,8677048.00
2021/06/21,30.43,30.84,30.37,30.62,718500,9822211.00
2021/06/22,30.49,30.74,30.31,30.39,684092,9312239.00
2021/06/23,30.31,30.66,29.94,30.45,631260,8524353.00
2021/06/24,30.41,31.21,30.12,31.21,1787420,24658162.00
2021/06/25,31.21,31.29,30.86,30.98,2598380,36067252.00
2021/06/28,30.98,32.02,30.98,31.90,4464331,63369376.00
2021/06/29,31.92,32.45,31.27,31.43,2741377,39186848.00
2021/06/30,31.66,31.66,31.13,31.13,1159860,16275115.00
2021/07/01,31.13,31.43,30.62,30.72,1585565,21941512.00
2021/07/02,30.78,31.15,30.68,30.72,933267,12863779.00
2021/07/05,30.80,31.04,30.27,30.37,938954,12813087.00
2021/07/06,30.27,31.02,30.27,30.94,1023266,14000191.00
2021/07/07,30.84,31.43,30.84,31.35,1273840,17814450.00
2021/07/08,31.27,31.43,30.92,31.06,1428700,19928438.00
2021/07/09,31.06,31.23,30.74,30.80,932240,12844287.00
2021/07/12,30.98,31.51,30.86,31.33,1095087,15332620.00
2021/07/13,31.37,31.37,30.84,30.92,1062211,14739868.00
2021/07/14,30.98,31.43,30.88,31.19,1280620,17874776.00
2021/07/15,31.02,31.31,30.29,31.21,2176052,30038984.00
2021/07/16,31.25,31.25,30.68,30.70,988526,13649241.00
2021/07/19,30.70,30.96,30.49,30.74,949567,13034759.00
2021/07/20,31.27,33.43,31.27,32.11,4557781,66278608.00
2021/07/21,32.11,32.53,31.66,31.70,3059172,43877736.00
2021/07/22,31.92,32.00,31.29,31.45,1791873,25294648.00
2021/07/23,31.45,31.70,30.98,31.04,1593070,22293722.00
2021/07/26,31.21,32.27,30.88,32.25,4004281,56898072.00
2021/07/27,32.33,32.33,31.11,31.11,2402800,34012552.00
2021/07/28,30.76,30.76,29.59,30.23,2009305,26987992.00
2021/07/29,30.17,30.62,30.08,30.37,1013995,13707649.00
2021/07/30,30.19,30.25,28.12,28.70,3399517,43346648.00
2021/08/02,28.31,28.90,27.51,28.66,2691233,33231664.00
2021/08/03,28.70,28.70,28.00,28.02,1655522,20646992.00
2021/08/04,28.02,28.39,27.82,28.08,1240760,15353446.00
2021/08/05,27.92,28.16,27.65,27.72,1369780,16811798.00
2021/08/06,27.76,27.86,27.31,27.53,936080,11315006.00
2021/08/09,27.53,28.57,27.53,28.39,1455493,18137014.00
2021/08/10,28.37,29.55,28.31,29.25,1883292,24196004.00
2021/08/11,29.45,29.68,28.98,29.49,1391020,18094724.00
2021/08/12,29.29,29.37,28.80,29.00,1053900,13566018.00
2021/08/13,28.88,29.23,28.74,29.00,653725,8372680.00
2021/08/16,28.98,29.21,28.61,28.76,871883,11118559.00
2021/08/17,28.74,28.86,28.00,28.08,1067260,13345221.00
2021/08/18,27.88,28.19,27.72,28.19,1101716,13521864.00
2021/08/19,28.12,28.12,27.67,27.82,761452,9327228.00
2021/08/20,27.72,27.90,27.47,27.74,703798,8534825.00
2021/08/23,27.92,28.82,27.82,28.72,1649081,20736540.00
2021/08/24,28.94,30.47,28.94,29.80,4440201,59277156.00
2021/08/25,29.80,30.08,29.33,29.55,1954120,25691768.00
2021/08/26,29.45,29.68,29.25,29.37,1681165,21941760.00
2021/08/27,29.29,29.41,28.96,29.25,1193202,15406052.00
2021/08/30,29.23,30.17,29.00,29.51,1940026,25577246.00
2021/08/31,29.88,29.88,29.31,29.43,911690,11931356.00
2021/09/01,29.14,29.72,28.98,29.45,1627991,21192650.00
2021/09/02,29.29,29.41,28.98,29.08,1135200,14640277.00
2021/09/03,29.06,29.55,29.00,29.37,1109534,14443698.00
2021/09/06,29.76,29.76,29.06,29.43,1215194,15841629.00
2021/09/07,29.43,30.21,29.39,30.12,2653455,35252688.00
2021/09/08,30.15,30.27,29.80,30.12,1703423,22763708.00
2021/09/09,30.04,31.62,29.88,31.15,4350317,60043224.00
2021/09/10,30.96,32.00,30.76,31.31,3389612,47680064.00
2021/09/13,31.33,32.13,30.86,31.78,3001480,42645536.00
2021/09/14,31.78,32.09,31.21,31.23,2720706,38410756.00
2021/09/15,31.25,32.13,31.02,31.92,3378035,48337536.00
2021/09/16,31.90,32.92,31.84,31.98,3898580,56809824.00
2021/09/17,32.51,32.51,31.06,31.64,2542864,36099172.00
2021/09/22,31.60,32.13,31.29,31.92,2037788,29161686.00
2021/09/23,32.04,32.88,31.74,32.51,3074391,44762168.00
2021/09/24,32.49,32.49,31.00,31.21,3206064,45336572.00
2021/09/27,31.15,31.15,29.84,30.76,2227156,30133544.00
2021/09/28,30.61,30.61,29.51,29.68,1725680,22814228.00
2021/09/29,29.68,29.72,28.31,28.70,1568531,20090508.00
2021/09/30,28.68,29.15,28.51,29.08,872195,11196621.00
2021/10/08,29.23,29.64,28.74,29.25,1078588,13918294.00
2021/10/11,29.31,29.55,28.82,29.41,998379,12944263.00
2021/10/12,29.43,29.47,28.51,28.86,982400,12567236.00
2021/10/13,28.80,29.00,28.55,28.92,701340,8929724.00
2021/10/14,28.92,29.27,28.63,29.08,626960,8052749.00
2021/10/15,28.86,28.98,28.70,28.76,605100,7716220.00
2021/10/18,28.65,29.17,28.61,29.04,503712,6457919.00
2021/10/19,29.00,29.68,28.80,29.33,736400,9598423.00
2021/10/20,29.35,29.63,29.12,29.51,571288,7477044.00
2021/10/21,29.53,30.12,29.31,29.66,971855,12815448.00
2021/10/22,29.68,30.00,29.23,29.25,1323871,17423552.00
2021/10/25,29.25,29.80,29.25,29.70,1017065,13400090.00
2021/10/26,29.51,29.68,29.06,29.17,1269960,16484458.00
2021/10/27,29.10,29.10,28.70,28.96,536220,6859912.00
2021/10/28,28.70,28.80,27.74,27.96,1234529,15320769.00
2021/10/29,28.06,28.43,27.72,28.33,880890,10935994.00
2021/11/01,27.63,28.29,27.63,27.94,922200,11386392.00
2021/11/02,27.74,28.10,27.02,27.27,2011860,24275870.00
2021/11/03,27.21,27.21,26.45,26.82,1387900,16254171.00
2021/11/04,26.86,28.37,26.80,28.02,2214166,27164344.00
2021/11/05,28.08,28.23,27.68,27.68,1039778,12772837.00
2021/11/08,27.78,27.78,26.06,26.45,4315191,50005568.00
2021/11/09,26.33,26.98,26.29,26.82,1888187,22095968.00
2021/11/10,27.10,27.10,26.25,27.02,2542098,29554288.00
2021/11/11,26.72,27.39,26.72,27.35,1590369,18918472.00
2021/11/12,27.33,29.70,27.23,29.70,8579094,111764080.00
2021/11/15,30.35,31.31,29.90,30.47,13259350,181791520.00
2021/11/16,30.47,32.13,30.23,31.53,7283208,103028496.00
2021/11/17,31.53,32.35,31.53,31.94,4662697,66764168.00
2021/11/18,32.13,32.13,31.11,31.15,4114933,58188464.00
2021/11/19,31.19,31.59,30.51,30.88,2772211,38353824.00
2021/11/22,31.11,31.15,30.37,30.82,1977140,27217152.00
2021/11/23,30.86,31.23,30.64,31.00,1729819,23988504.00
2021/11/24,31.41,31.55,30.57,31.08,1978800,27483154.00
2021/11/25,31.15,31.86,31.06,31.29,1943300,27330048.00
2021/11/26,31.29,32.68,30.76,32.29,4045665,58003084.00
2021/11/29,31.84,34.94,31.74,33.66,6029114,92587976.00
2021/11/30,33.78,34.15,32.78,32.88,3050648,45589964.00
2021/12/01,33.07,34.09,32.53,33.86,2894491,43618456.00
2021/12/02,33.33,34.15,32.27,32.31,2196829,32408102.00
2021/12/03,32.31,32.78,32.15,32.41,1306835,19126560.00
2021/12/06,32.41,32.68,31.25,31.94,1619640,23296704.00
2021/12/07,31.98,32.29,31.27,31.39,1318137,18654668.00
2021/12/08,31.55,32.17,31.33,32.04,1429309,20399202.00
2021/12/09,32.08,32.13,31.27,31.31,1267620,17865108.00
2021/12/10,31.31,31.98,31.02,31.64,1232511,17459296.00
2021/12/13,31.96,32.00,29.82,30.02,5687905,76819112.00
2021/12/14,29.78,30.35,29.63,30.17,2555782,34256772.00
2021/12/15,30.19,31.04,30.02,30.49,3039932,41376664.00
2021/12/16,30.66,30.86,30.04,30.29,1805226,24423388.00
2021/12/17,30.66,30.66,29.94,30.10,1525646,20532734.00
2021/12/20,30.10,30.76,29.90,30.66,2498215,33897872.00
2021/12/21,30.70,30.98,29.84,30.68,2351536,31985562.00
2021/12/22,30.62,30.68,30.08,30.15,1212372,16348143.00
2021/12/23,30.02,30.12,29.21,29.27,2701800,35281920.00
2021/12/24,29.27,29.43,28.59,28.66,1377298,17580476.00
2021/12/27,28.74,29.47,28.61,29.08,1225934,15855713.00
2021/12/28,29.08,29.45,29.02,29.37,809292,10496446.00
2021/12/29,29.25,29.76,29.23,29.51,868071,11385092.00
2021/12/30,29.51,29.72,29.37,29.66,658808,8663150.00
2021/12/31,29.68,29.72,29.14,29.37,1088160,14185741.00
2022/01/04,29.66,30.15,29.45,30.08,1582248,21024228.00
2022/01/05,30.23,30.53,29.57,29.72,1799904,24046498.00
2022/01/06,29.90,30.19,29.49,29.80,1490680,19810392.00
2022/01/07,29.80,30.00,28.78,28.98,2738792,35647944.00
2022/01/10,28.98,29.33,28.72,28.80,2553192,32774490.00
2022/01/11,28.86,29.14,28.51,28.61,2737334,34911952.00
2022/01/12,28.70,29.39,28.65,28.98,3355800,43131104.00
2022/01/13,29.10,29.10,28.19,28.31,3381800,42659612.00
2022/01/14,28.39,28.53,27.37,27.88,5403813,66356528.00
2022/01/17,27.92,28.33,27.67,28.04,3539928,43617312.00
2022/01/18,28.12,28.23,27.63,27.74,2396416,29402690.00
2022/01/19,27.72,28.10,27.49,27.86,2105408,25715484.00
2022/01/20,27.94,27.98,27.25,27.25,2574500,31137050.00
2022/01/21,27.33,27.55,27.00,27.35,1205000,14410837.00
2022/01/24,27.14,27.72,26.84,27.10,2487552,29750390.00
2022/01/25,26.94,27.16,26.41,26.47,2276000,26521912.00
2022/01/26,26.37,26.90,26.37,26.82,1259500,14687488.00
2022/01/27,26.94,26.94,26.25,26.27,1486951,17154340.00
2022/01/28,26.27,26.57,26.08,26.37,1242000,14287830.00
2022/02/07,26.59,27.19,26.59,27.04,1163980,13751658.00
2022/02/08,27.23,27.27,26.78,27.06,1858374,21938124.00
2022/02/09,27.00,27.51,27.00,27.45,1457800,17491408.00
2022/02/10,27.35,27.53,27.19,27.33,1073710,12865999.00
2022/02/11,27.31,27.33,26.70,26.72,1233503,14539839.00
2022/02/14,26.72,27.08,26.55,26.88,802760,9431069.00
2022/02/15,27.00,27.04,26.69,26.84,587400,6885232.00
2022/02/16,26.84,27.49,26.84,27.43,1515980,18109352.00
2022/02/17,27.55,27.59,27.10,27.12,1139748,13630879.00
2022/02/18,26.98,27.43,26.80,27.29,1040524,12391832.00
2022/02/21,27.31,27.49,27.25,27.49,1161188,13974744.00
2022/02/22,27.39,27.67,27.18,27.53,1255020,15111587.00
2022/02/23,27.57,27.94,27.45,27.84,1557208,19013892.00
2022/02/24,27.80,28.00,27.00,27.19,2171842,26243508.00
2022/02/25,27.53,27.61,27.18,27.33,1001400,12042815.00
2022/02/28,27.31,27.37,26.82,27.19,915122,10870733.00
2022/03/01,27.21,27.41,27.14,27.39,1123640,13448805.00
2022/03/02,27.21,27.43,27.16,27.35,655405,7859906.00
2022/03/03,27.37,29.70,27.29,29.70,5977973,76886528.00
2022/03/04,29.70,29.70,28.70,28.76,8793099,113626056.00
2022/03/07,28.41,29.15,28.23,28.49,5076328,64492344.00
2022/03/08,28.27,28.59,27.35,27.51,3589100,44002640.00
2022/03/09,27.92,27.92,25.20,26.06,4647461,53837128.00
2022/03/10,27.33,28.29,27.10,28.29,3243495,39707176.00
2022/03/11,28.90,29.74,28.31,29.41,10721893,138760896.00
2022/03/14,29.29,31.17,28.94,30.70,12326322,167848816.00
2022/03/15,30.33,30.57,29.31,29.88,9325190,124056032.00
2022/03/16,30.02,31.84,29.80,31.06,10796074,148820464.00
2022/03/17,31.13,31.60,30.27,31.00,6543023,89918176.00
2022/03/18,30.53,32.62,30.47,30.90,8624775,121850304.00
2022/03/21,31.13,31.45,30.82,31.23,5259159,73202744.00
2022/03/22,31.15,31.15,30.08,30.61,5334404,72753976.00
2022/03/23,30.45,31.51,30.31,31.25,5594227,77596232.00
2022/03/24,31.10,31.33,30.76,31.08,3093133,43060424.00
2022/03/25,31.06,32.33,30.47,31.41,5211506,72939200.00
2022/03/28,31.02,31.98,30.06,31.08,4516904,62709756.00
2022/03/29,30.98,31.45,30.47,30.61,3373728,46674228.00
2022/03/30,30.74,31.23,30.53,30.74,2165987,29834244.00
2022/03/31,30.57,32.98,30.57,32.13,7728433,111940544.00
2022/04/01,31.74,32.17,30.88,30.94,5384876,75743440.00
2022/04/06,31.13,32.06,30.98,31.51,4513200,63983168.00
2022/04/07,31.55,31.76,31.02,31.21,2479042,34766640.00
2022/04/08,31.10,32.80,31.10,32.41,5762172,83364760.00
2022/04/11,32.23,32.37,31.62,31.98,3850069,55272116.00
2022/04/12,31.82,33.41,31.25,32.94,5080843,74284344.00
2022/04/13,32.76,34.58,32.41,33.47,6947125,106792416.00
2022/04/14,33.60,34.35,33.02,33.98,5131294,78090192.00
2022/04/15,33.39,33.39,31.84,31.98,5594140,82195904.00
2022/04/18,31.98,32.51,31.27,31.92,3029386,43507272.00
2022/04/19,32.06,33.29,31.64,32.62,2836373,41705176.00
2022/04/20,32.19,33.49,32.04,32.74,2999796,44501860.00
2022/04/21,32.64,32.66,30.76,30.98,3975957,56331752.00
2022/04/22,30.98,31.37,30.45,30.92,2189296,30291314.00
2022/04/25,30.74,30.76,28.88,29.08,3357382,44408492.00
2022/04/26,28.88,31.60,28.88,31.13,10103413,140816976.00
2022/04/27,30.06,31.41,28.88,31.27,9133518,123486224.00
2022/04/28,30.74,32.15,30.49,31.41,4915536,69240352.00
2022/04/29,31.76,32.08,30.94,32.02,4709280,66770312.00
2022/05/05,32.62,32.94,31.64,32.43,5546523,80715800.00
2022/05/06,31.90,33.56,31.74,33.07,6674993,99117040.00
2022/05/09,32.62,34.31,32.62,33.98,6206347,95057496.00
2022/05/10,33.43,34.21,33.43,33.96,4645259,71049400.00
2022/05/11,33.80,34.49,33.19,33.21,5947832,90937824.00
2022/05/12,33.04,35.09,33.02,34.64,8524712,132927992.00
2022/05/13,34.49,35.51,34.04,34.54,6195100,97710464.00
2022/05/16,34.54,35.51,34.31,34.74,4847893,76918296.00
2022/05/17,35.29,35.33,33.62,34.33,3955954,61176316.00
2022/05/18,34.29,34.45,33.84,34.04,2899208,44807432.00
2022/05/19,33.70,34.27,33.56,33.80,2626757,40235064.00
2022/05/20,33.49,33.92,33.11,33.64,3503262,53104332.00
2022/05/23,33.80,34.60,33.41,34.60,3691368,57097096.00
2022/05/24,34.15,34.41,32.82,32.86,4415080,66774788.00
2022/05/25,32.84,34.19,32.68,33.74,3325409,50729216.00
2022/05/26,33.86,34.31,32.80,34.29,3895851,59278868.00
2022/05/27,34.33,35.13,33.84,34.04,4056000,63379012.00
2022/05/30,34.02,36.35,33.82,35.92,8123962,131361024.00
2022/05/31,35.68,36.21,35.37,35.86,4857398,79133520.00
2022/06/01,35.66,35.82,34.78,35.02,4700884,75261456.00
2022/06/02,35.13,35.13,34.58,34.98,2593135,41148992.00
2022/06/06,34.82,35.11,34.27,34.94,4476736,70410128.00
2022/06/07,34.88,34.88,33.47,33.94,4687622,72021040.00
2022/06/08,33.82,33.98,32.58,33.88,5216433,78642320.00
2022/06/09,33.74,33.88,33.02,33.29,2304097,34760992.00
2022/06/10,33.11,34.39,33.07,34.05,3359118,51776716.00
2022/06/13,33.80,35.54,33.62,35.49,6429836,102900368.00
2022/06/14,35.21,35.54,34.47,35.31,4044402,64507556.00
2022/06/15,35.33,35.49,34.51,34.51,3049923,48219180.00
2022/06/16,34.51,34.56,33.82,33.96,2922100,45170956.00
2022/06/17,33.68,34.53,33.41,33.74,2348620,36003316.00
2022/06/20,33.80,35.37,33.80,34.11,3906900,61058476.00
2022/06/21,33.55,33.84,32.02,32.25,6097816,90133704.00
2022/06/22,32.33,32.82,31.90,31.96,2796854,40592608.00
2022/06/23,31.86,32.15,30.86,31.60,4286144,60195548.00
2022/06/24,31.86,32.43,31.70,31.90,2757350,39722000.00
2022/06/27,31.84,32.86,31.74,31.92,3033058,44190552.00
2022/06/28,31.92,32.11,31.45,31.74,2569040,36512752.00
2022/06/29,31.74,31.92,31.04,31.06,2674400,37630064.00
2022/06/30,31.17,31.55,30.92,31.31,2272872,31797204.00
2022/07/01,31.35,32.02,31.10,31.82,2892574,41028384.00
2022/07/04,31.86,32.39,31.70,32.21,3188780,45951792.00
2022/07/05,32.39,32.92,31.96,32.49,3490979,50781352.00
2022/07/06,32.39,32.39,31.31,31.64,3366784,48077448.00
2022/07/07,31.68,31.94,31.29,31.33,4289040,60858964.00
2022/07/08,31.41,31.74,31.15,31.25,1948000,27363716.00
2022/07/11,31.06,31.17,30.53,30.98,2422884,33392320.00
2022/07/12,30.90,30.96,30.04,30.23,2782040,37718332.00
2022/07/13,30.29,30.82,30.12,30.80,1950426,26606948.00
2022/07/14,30.84,30.92,30.04,30.70,3182678,43268088.00
2022/07/15,32.02,32.02,30.90,31.02,6215496,87461440.00
2022/07/18,31.19,32.47,31.19,32.33,5845868,84191968.00
2022/07/19,32.25,33.64,32.25,33.37,5076700,76089800.00
2022/07/20,33.35,33.55,33.11,33.45,2570320,38702192.00
2022/07/21,33.39,33.76,32.96,32.96,2739260,41188152.00
2022/07/22,33.17,33.19,32.04,32.57,3187520,46839384.00
2022/07/25,32.86,33.27,32.29,32.45,3004824,44246968.00
2022/07/26,32.49,32.78,32.09,32.58,1719100,25115244.00
2022/07/27,32.55,33.11,32.43,33.11,2859228,42345712.00
2022/07/28,33.19,33.47,32.62,32.70,3778860,56065536.00
2022/07/29,32.82,33.35,32.57,33.00,4032566,60082568.00
2022/08/01,33.00,34.25,32.64,34.04,4755225,72390472.00
2022/08/02,33.64,33.78,32.13,32.72,5451140,80439912.00
2022/08/03,32.72,33.47,32.13,32.33,4808560,70972032.00
2022/08/04,32.33,32.74,31.86,32.70,4231265,61508112.00
2022/08/05,32.76,33.06,32.06,32.62,2893000,42248812.00
2022/08/08,32.53,33.72,32.41,33.68,4570865,68823656.00
2022/08/09,33.78,34.58,33.55,33.96,4212486,64901748.00
2022/08/10,34.07,34.23,33.70,34.07,2791556,42994752.00
2022/08/11,34.09,34.90,34.09,34.64,3292583,51609236.00
2022/08/12,34.60,34.76,34.17,34.58,3523312,55070860.00
2022/08/15,34.68,35.88,34.41,35.45,6564763,105557296.00
2022/08/16,36.00,37.80,35.51,36.54,13597611,228851152.00
2022/08/17,36.41,36.70,35.00,35.09,8196968,132611192.00
2022/08/18,34.96,35.35,34.60,35.07,3586636,57125944.00
2022/08/19,35.15,35.19,34.29,34.35,3543800,55641784.00
2022/08/22,34.33,35.52,34.00,35.45,4310940,68441576.00
2022/08/23,35.45,36.15,34.98,36.03,4722868,76876944.00
2022/08/24,35.96,36.07,35.02,35.21,4183976,67382640.00
2022/08/25,35.47,36.33,35.03,35.92,6058766,98778400.00
2022/08/26,35.88,36.99,35.78,36.68,6699543,112109600.00
2022/08/29,36.54,37.27,36.25,36.84,5555199,93585416.00
2022/08/30,36.54,36.84,35.98,36.58,3614605,60050364.00
2022/08/31,36.62,36.66,35.41,35.64,4217780,69065936.00
2022/09/01,35.74,36.49,35.56,35.82,3397480,55864568.00
2022/09/02,35.80,36.74,35.56,36.41,4852000,79939736.00
2022/09/05,36.19,37.05,35.82,36.17,5645800,93850864.00
2022/09/06,36.17,36.99,36.05,36.98,5011600,84197792.00
2022/09/07,36.98,37.25,36.49,37.07,4009795,67708960.00
2022/09/08,37.05,37.19,36.31,36.62,3169860,53106212.00
2022/09/09,36.52,36.94,36.27,36.56,4196400,70239640.00
2022/09/13,36.80,37.13,36.15,36.86,3656298,61360808.00
2022/09/14,36.45,36.54,35.47,36.15,3972774,65391168.00
2022/09/15,36.47,36.58,34.72,35.03,3840827,61871772.00
2022/09/16,35.05,35.25,34.00,34.13,3040114,47705448.00
2022/09/19,34.13,34.58,33.55,34.15,2394831,36872960.00
2022/09/20,34.23,34.72,34.15,34.49,1999260,31333660.00
2022/09/21,34.49,34.51,33.94,34.05,1517400,23475692.00
2022/09/22,34.00,34.31,33.53,34.15,2380140,36503664.00
2022/09/23,34.19,34.33,32.98,33.55,3711028,56501464.00
2022/09/26,33.37,33.94,32.80,33.49,3303440,50050876.00
2022/09/27,33.41,34.00,33.17,33.80,2547120,38800432.00
2022/09/28,33.60,33.78,32.86,32.98,3065560,46043232.00
2022/09/29,33.25,33.60,32.98,33.17,1686720,25391772.00
2022/09/30,33.19,34.00,33.04,33.09,3407200,51510388.00
2022/10/10,33.41,33.41,32.64,32.94,2248300,33521860.00
2022/10/11,33.19,33.58,32.62,33.55,3053980,45795704.00
2022/10/12,33.55,34.29,33.23,34.19,4204607,64482536.00
2022/10/13,34.09,35.90,33.86,35.21,5748044,91531368.00
2022/10/14,35.52,35.56,35.05,35.54,3175420,51043272.00
2022/10/17,35.37,36.33,35.21,35.78,4540900,74028720.00
2022/10/18,35.78,36.49,35.54,36.31,4042428,66686440.00
2022/10/19,36.01,37.23,36.01,36.70,6497294,109566560.00
2022/10/20,36.92,36.94,36.01,36.33,4033582,67089960.00
2022/10/21,36.54,37.17,36.17,36.23,3113500,52146968.00
2022/10/24,36.39,36.64,35.88,36.21,4682309,77615744.00
2022/10/25,36.19,36.74,35.68,36.39,3752800,62128620.00
2022/10/26,36.56,37.21,36.41,37.03,4657912,78605520.00
2022/10/27,37.09,37.09,36.07,36.15,3505280,58256380.00
2022/10/28,36.15,36.15,35.00,35.07,3465003,56038840.00
2022/10/31,35.54,37.17,35.13,36.33,6483820,108086728.00
2022/11/01,36.35,36.92,35.92,36.84,4492066,75298448.00
2022/11/02,36.98,37.03,36.49,36.64,3185056,53537248.00
2022/11/03,36.64,38.46,36.31,37.97,8032363,138947264.00
2022/11/04,38.11,38.60,37.70,38.27,5692755,100119456.00
2022/11/07,38.27,38.90,38.15,38.45,4506880,79718496.00
2022/11/08,38.68,38.78,38.07,38.45,3340700,58816624.00
2022/11/09,38.43,38.74,38.11,38.45,3026281,53521832.00
2022/11/10,38.31,38.56,37.90,38.03,2709589,47483364.00
2022/11/11,38.50,38.70,37.52,37.82,3482063,60838624.00
2022/11/14,37.64,38.05,36.98,37.43,3905600,66950672.00
2022/11/15,37.50,37.84,36.86,37.78,3862447,66406480.00
2022/11/16,37.48,38.07,36.98,36.99,2790100,47738456.00
2022/11/17,37.03,37.97,36.76,37.82,4895127,84339832.00
2022/11/18,37.94,38.07,36.66,36.68,3623290,61655840.00
2022/11/21,36.70,37.11,36.15,36.90,1972366,33240098.00
2022/11/22,36.90,37.64,36.56,36.64,2919352,49576484.00
2022/11/23,36.68,37.43,36.15,37.11,2851710,48026536.00
2022/11/24,37.09,37.37,36.86,37.13,1950400,33141964.00
2022/11/25,37.21,37.21,36.39,36.45,2676666,44831784.00
2022/11/28,36.25,36.94,35.96,36.37,2668020,44461500.00
2022/11/29,36.17,36.58,36.11,36.49,2328668,38653912.00
2022/11/30,36.49,36.92,36.33,36.56,1937252,32440566.00
2022/12/01,37.01,37.33,36.62,37.31,3332006,56447516.00
2022/12/02,37.29,37.29,36.62,36.76,2732260,46044112.00
2022/12/05,36.76,36.94,36.37,36.90,2078400,34820252.00
2022/12/06,36.54,36.84,36.19,36.33,2246900,37307392.00
2022/12/07,36.39,37.33,36.29,37.11,3476354,58862044.00
2022/12/08,37.11,37.11,36.50,36.76,1921402,32297520.00
2022/12/09,36.60,37.01,36.50,36.92,1576480,26496676.00
2022/12/12,36.90,37.76,36.64,37.54,2993825,51422440.00
2022/12/13,37.23,37.82,36.47,36.50,2830200,47713948.00
2022/12/14,36.54,36.90,35.92,36.07,2056682,34122368.00
2022/12/15,36.01,36.31,35.62,36.00,1450500,23762740.00
2022/12/16,36.00,36.00,35.23,35.31,1888400,30504226.00
2022/12/19,35.27,35.45,34.58,34.62,1615900,25600652.00
2022/12/20,34.64,35.41,34.35,35.29,2080522,33217816.00
2022/12/21,35.29,36.70,35.07,36.21,3400202,56133552.00
2022/12/22,35.94,36.64,35.39,35.56,2482448,40790012.00
2022/12/23,35.72,35.72,34.58,35.13,3044780,48617920.00
2022/12/26,35.13,35.96,34.68,35.86,2338622,37797404.00
2022/12/27,35.96,36.39,35.64,36.15,3010271,49417952.00
2022/12/28,36.19,37.11,36.00,36.52,3779088,63357704.00
2022/12/29,36.54,37.43,36.31,37.07,3385214,57293988.00
2022/12/30,36.98,38.39,36.84,38.25,7062582,123051688.00
2023/01/03,38.25,38.50,37.88,38.29,4918741,86186656.00
2023/01/04,38.29,38.29,37.62,37.82,2941890,51057412.00
2023/01/05,37.76,38.52,37.35,37.90,4022778,69782888.00
2023/01/06,37.97,38.66,37.72,38.27,4574721,80474080.00
2023/01/09,38.37,38.70,37.82,37.92,2852501,49913212.00
2023/01/10,38.03,38.19,37.62,37.80,2001435,34760728.00
2023/01/11,37.78,38.09,37.64,37.72,1461900,25353622.00
2023/01/12,37.72,37.86,37.35,37.62,1630436,28106088.00
2023/01/13,37.70,37.97,37.29,37.50,1667800,28734860.00
2023/01/16,37.58,38.80,37.52,38.15,3957876,69541384.00
2023/01/17,38.13,38.72,37.94,38.45,2653605,46905472.00
2023/01/18,38.50,38.70,38.15,38.39,1634340,28849388.00
2023/01/19,38.50,38.56,38.03,38.33,1664400,29284656.00
2023/01/20,38.35,38.56,37.99,38.11,1889887,33152296.00
2023/01/30,38.37,38.48,37.37,38.05,3239440,56250608.00
2023/01/31,37.52,37.70,36.96,37.27,4477447,76343840.00
2023/02/01,37.21,37.54,37.05,37.25,2656078,45283768.00
2023/02/02,37.39,37.99,37.07,37.66,3356778,57838168.00
2023/02/03,37.58,37.58,36.62,37.21,4050740,68649632.00
2023/02/06,37.23,38.03,36.96,37.88,5138809,88822712.00
2023/02/07,38.07,39.21,37.78,38.94,7242171,128752184.00
2023/02/08,38.88,38.99,38.45,38.56,3266542,58140904.00
2023/02/09,38.60,39.19,38.33,39.05,4463272,79698784.00
2023/02/10,38.84,39.19,38.46,38.50,3029600,54047244.00
2023/02/13,38.56,38.70,38.17,38.52,2436400,42942304.00
2023/02/14,38.64,38.68,38.05,38.29,2078825,36542424.00
2023/02/15,38.33,38.82,38.03,38.48,2513177,44342924.00
2023/02/16,38.58,38.58,37.27,37.33,4200300,72877456.00
2023/02/17,37.48,37.56,37.13,37.13,1782300,30499408.00
2023/02/20,37.11,37.45,36.82,37.45,2687759,45698544.00
2023/02/21,37.45,37.78,37.33,37.60,1621600,27949082.00
2023/02/22,37.58,37.58,37.05,37.15,1723300,29356656.00
2023/02/23,37.21,37.52,36.96,37.43,1865320,31776058.00
2023/02/24,37.56,37.56,36.76,37.13,2045200,34637988.00
2023/02/27,37.23,37.84,37.05,37.50,2451900,42196748.00
2023/02/28,37.37,39.54,37.37,39.46,11633124,207446080.00
2023/03/01,39.66,40.11,38.94,39.25,6446365,117081472.00
2023/03/02,39.29,39.60,38.88,39.39,4933243,89266880.00
2023/03/03,39.84,40.46,39.13,40.15,7775998,144037344.00
2023/03/06,40.15,41.07,39.44,40.70,5794113,107831920.00
2023/03/07,40.70,40.99,40.19,40.37,4728980,88824008.00
2023/03/08,40.42,40.60,39.97,40.42,2130030,39627192.00
2023/03/09,40.80,40.90,39.70,40.03,2762660,51125376.00
2023/03/10,39.78,40.19,39.58,39.76,2369723,43518512.00
2023/03/13,39.58,40.05,39.21,39.72,3539032,64533880.00
2023/03/14,39.58,39.72,38.68,38.80,2955684,53256568.00
2023/03/15,38.95,39.56,38.95,39.09,1483680,26829836.00
2023/03/16,39.37,39.37,38.21,38.35,1810580,32084080.00
2023/03/17,38.41,38.80,38.23,38.50,1673400,29563612.00
2023/03/20,38.64,39.93,38.15,39.64,5052353,91126856.00
2023/03/21,39.66,40.13,39.25,39.54,3473454,63544748.00
2023/03/22,39.52,39.95,39.17,39.68,5075035,92590136.00
2023/03/23,39.58,39.92,38.88,39.78,3416227,62080480.00
2023/03/24,39.72,40.05,39.48,39.66,1854184,33984824.00
2023/03/27,39.62,39.74,39.01,39.27,2339481,42298948.00
2023/03/28,39.52,39.74,39.15,39.31,3024340,55038436.00
2023/03/29,39.15,41.23,39.05,40.95,7502540,140623824.00
2023/03/30,40.99,41.31,40.29,41.23,6176957,117125472.00
2023/03/31,41.25,41.31,37.48,37.99,15834762,282911648.00
2023/04/03,37.33,37.35,35.64,36.68,11078658,184255072.00
2023/04/04,36.39,36.78,35.80,36.15,6990955,115675136.00
2023/04/06,36.15,36.21,35.60,35.90,2972480,48605064.00
2023/04/07,35.94,36.33,35.74,36.09,2564742,42236348.00
2023/04/10,36.05,36.09,33.80,33.96,7450620,117140784.00
2023/04/11,33.94,34.19,33.53,33.74,3550556,54232104.00
2023/04/12,33.74,33.88,33.35,33.39,2944912,44748816.00
2023/04/13,33.41,33.94,32.92,33.86,3748108,56812692.00
2023/04/14,33.70,33.84,33.39,33.74,2666992,40518296.00
2023/04/17,33.76,34.53,33.74,34.23,2935849,45575124.00
2023/04/18,34.27,34.27,33.60,33.66,1967168,30075054.00
2023/04/19,34.07,34.07,33.47,33.62,1375269,20940696.00
2023/04/20,33.70,33.74,32.82,33.41,2670260,40148184.00
2023/04/21,33.41,33.56,32.11,32.27,4223277,61951472.00
2023/04/24,32.27,32.76,32.13,32.45,2099396,30676948.00
2023/04/25,32.49,32.57,31.11,31.64,2945629,41785328.00
2023/04/26,31.53,32.58,31.45,32.37,2423900,35195568.00
2023/04/27,32.21,32.72,32.21,32.51,1350764,19771120.00
2023/04/28,32.37,32.92,32.37,32.82,1881650,27773126.00
2023/05/04,33.33,33.60,32.51,32.98,4058900,60434504.00
2023/05/05,32.98,32.98,32.27,32.33,2224039,32468004.00
2023/05/08,32.58,32.70,32.35,32.66,1582854,23217452.00
2023/05/09,32.72,33.02,32.13,32.17,2281870,33336500.00
2023/05/10,32.04,32.41,32.04,32.33,1152910,16733681.00
2023/05/11,32.23,32.58,32.19,32.58,851560,12418209.00
2023/05/12,32.53,32.68,32.13,32.15,1147752,16683771.00
2023/05/15,32.21,32.62,32.17,32.58,1080358,15776277.00
2023/05/16,32.74,32.74,32.25,32.25,734700,10715929.00
2023/05/17,32.29,32.64,32.23,32.58,1136304,16615553.00
2023/05/18,32.66,32.92,32.60,32.88,1385162,20445040.00
2023/05/19,32.82,34.04,32.68,33.43,2672089,40310912.00
2023/05/22,33.58,34.07,33.41,33.98,1959286,29937900.00
2023/05/23,33.92,34.35,33.72,34.19,2307033,35696332.00
2023/05/24,34.09,34.54,33.80,34.49,1994244,30947002.00
2023/05/25,34.19,34.78,34.11,34.51,2301660,35944776.00
2023/05/26,34.51,34.64,34.15,34.23,1625760,25330838.00
2023/05/29,34.45,34.54,33.88,34.37,1711792,26653508.00
2023/05/30,34.37,34.68,34.25,34.47,1484500,23147816.00
2023/05/31,34.51,34.56,34.00,34.49,1767111,27471936.00
2023/06/01,34.45,34.86,34.19,34.45,1272296,19947676.00
2023/06/02,34.45,34.68,34.41,34.60,1317932,20679376.00
2023/06/05,34.54,34.66,34.39,34.49,1567700,24545092.00
2023/06/06,34.88,34.88,33.90,33.98,1550943,24153912.00
2023/06/07,33.88,34.27,33.88,34.15,1012680,15665719.00
2023/06/08,34.02,34.43,34.02,34.25,1007532,15642550.00
2023/06/09,34.23,34.47,34.07,34.39,1835536,28518756.00
2023/06/12,34.25,34.33,33.37,33.86,3063519,31759760.00
2023/06/13,33.64,34.14,33.18,33.23,2654322,27247158.00
2023/06/14,33.18,33.59,32.68,33.45,2269642,23008940.00
2023/06/15,33.89,33.89,33.07,33.15,1740232,17671120.00
2023/06/16,33.31,33.31,32.87,33.20,1675980,16919796.00
2023/06/19,33.20,33.40,32.66,32.87,2223666,22299356.00
2023/06/20,32.82,32.96,32.19,32.22,2303623,22742282.00
2023/06/21,32.13,32.49,31.80,31.80,2490381,24238608.00
2023/06/26,31.89,32.00,31.17,31.34,1947443,18510476.00
2023/06/27,31.17,32.30,31.12,32.16,2203617,21343348.00
2023/06/28,32.22,32.27,31.61,32.05,1276019,12362395.00
2023/06/29,32.38,32.77,32.00,32.74,1488641,14690182.00
2023/06/30,32.66,33.26,32.55,33.20,1990635,20054356.00
2023/07/03,33.23,33.51,33.04,33.23,1873400,19012732.00
2023/07/04,33.37,33.40,33.12,33.37,1133721,11510875.00
2023/07/05,33.45,33.45,33.04,33.09,1354080,13736145.00
2023/07/06,33.23,33.42,33.01,33.29,1405318,14268477.00
2023/07/07,33.29,33.29,32.82,32.98,1634096,16459270.00
2023/07/10,33.26,33.51,33.20,33.37,2170338,22137026.00
2023/07/11,33.34,33.48,33.18,33.45,1188680,12119090.00
2023/07/12,33.40,33.89,33.20,33.78,2461521,25318580.00
2023/07/13,33.64,34.14,33.64,34.00,2154114,22409788.00
2023/07/14,34.44,34.55,34.05,34.44,3577488,37775060.00
2023/07/17,34.30,35.76,34.30,35.51,5629584,61249780.00
2023/07/18,35.67,36.44,35.40,36.22,5498203,61459464.00
2023/07/19,36.39,36.39,35.87,36.36,3350865,37580008.00
2023/07/20,36.33,36.83,36.14,36.30,3243396,36687684.00
2023/07/21,36.22,36.28,35.51,35.70,3837120,42685368.00
2023/07/24,35.65,36.58,35.43,36.03,4294800,48163936.00
2023/07/25,36.33,36.83,36.00,36.66,4727880,53479424.00
2023/07/26,36.69,36.85,36.33,36.58,3030909,34429772.00
2023/07/27,36.52,36.83,36.30,36.61,2623720,29854580.00
2023/07/28,36.47,36.94,36.30,36.52,2372656,27015786.00
2023/07/31,36.50,36.63,35.95,36.17,3776496,42486528.00
2023/08/01,36.33,36.33,35.65,36.00,2838428,31575728.00
2023/08/02,35.98,36.06,35.56,35.98,1827584,20308704.00
2023/08/03,36.06,36.06,35.59,35.67,1838500,20388448.00
2023/08/04,35.73,35.98,35.48,35.56,2194854,24219900.00
2023/08/07,35.56,35.56,34.85,35.15,2700324,29323864.00
2023/08/08,35.29,35.54,34.91,34.96,1545500,16738486.00
2023/08/09,35.10,35.10,34.55,34.63,1416140,15153476.00
2023/08/10,34.88,36.00,34.77,35.29,4452647,48720588.00
2023/08/11,35.43,35.48,34.47,34.52,2095800,22456162.00
2023/08/14,34.85,34.85,34.05,34.49,1791767,18960740.00
2023/08/15,34.58,34.77,34.22,34.52,1184245,12561479.00
2023/08/16,34.27,34.33,33.81,33.95,1365898,14275070.00
2023/08/17,33.97,34.63,33.59,34.44,2051864,21597476.00
2023/08/18,34.44,34.91,34.05,34.25,1782780,18840134.00
2023/08/21,34.30,34.52,33.78,34.30,1363628,14315396.00
2023/08/22,34.08,34.33,33.12,33.62,2630860,27046646.00
2023/08/23,33.70,33.84,33.31,33.40,1033600,10615404.00
2023/08/24,33.29,33.73,32.98,33.37,1368720,13948892.00
2023/08/25,33.29,33.51,32.87,33.09,1366196,13837051.00
2023/08/28,34.19,34.30,32.82,33.12,1915580,19705298.00
2023/08/29,33.29,34.88,33.29,34.19,4353989,45685868.00
2023/08/30,34.11,34.58,33.86,34.47,2941666,31123488.00
2023/08/31,34.52,34.60,34.03,34.19,1744856,18343924.00
2023/09/01,34.27,34.47,33.92,34.05,1720304,17979068.00
2023/09/04,34.33,35.02,34.08,34.82,3553163,37912980.00
2023/09/05,34.82,35.59,34.58,35.04,4107042,44713492.00
2023/09/06,34.96,35.56,34.74,35.51,2415166,26313376.00
2023/09/07,35.70,35.70,34.82,34.85,1772140,19216532.00
2023/09/08,34.99,34.99,34.63,34.82,1642200,17615540.00
2023/09/11,34.82,35.45,34.52,35.10,2511100,27218760.00
2023/09/12,35.40,35.40,34.71,34.80,1483780,15976134.00
2023/09/13,35.02,35.15,34.49,34.63,1449020,15507332.00
2023/09/14,34.77,34.82,34.36,34.60,2042459,21721264.00
2023/09/15,34.58,35.32,34.47,34.74,1705184,18324140.00
2023/09/18,34.74,34.88,34.36,34.60,2277248,24263280.00
2023/09/19,34.63,34.99,34.41,34.49,2013260,21424442.00
2023/09/20,34.47,34.74,34.41,34.55,1592120,16963480.00
2023/09/21,34.66,34.66,34.25,34.33,1723120,18218956.00
2023/09/22,34.63,34.88,34.11,34.82,1990148,21208304.00
2023/09/25,35.23,35.23,34.60,34.66,1723200,18435804.00
2023/09/26,34.66,34.71,34.22,34.44,2065320,21856172.00
2023/09/27,34.80,34.88,34.27,34.66,2055628,21945724.00
2023/09/28,34.80,34.91,34.55,34.80,1509640,16123461.00
2023/10/09,34.74,34.74,34.14,34.22,2742050,28893060.00
2023/10/10,34.25,34.60,34.03,34.16,1874127,19694156.00
2023/10/11,34.30,34.52,34.16,34.27,1462027,15426404.00
2023/10/12,34.11,34.52,34.08,34.47,1522656,16073007.00
2023/10/13,34.47,34.49,33.81,34.19,3059206,31948692.00
2023/10/16,34.14,34.44,33.75,34.03,2384958,24840244.00
2023/10/17,33.86,34.03,33.64,33.95,1458916,15126235.00
2023/10/18,33.84,34.11,33.09,33.18,2121700,21693112.00
2023/10/19,33.04,33.51,32.79,32.98,2376660,23939180.00
2023/10/20,32.87,33.45,32.79,32.87,1691771,17039968.00
2023/10/23,32.96,32.96,31.86,32.11,2250284,22089876.00
2023/10/24,32.22,32.96,31.97,32.90,2209396,21990856.00
2023/10/25,33.15,33.56,32.93,33.31,3029662,30836160.00
2023/10/26,33.31,33.42,32.85,33.29,1562610,15800603.00
2023/10/27,33.09,33.51,31.75,33.12,4184699,41964840.00
2023/10/30,33.01,34.16,33.01,33.78,6919480,71306408.00
2023/10/31,33.78,33.84,32.90,33.15,3841252,38913984.00
2023/11/01,33.18,33.48,33.04,33.23,2472204,25091578.00
2023/11/02,33.12,33.34,32.90,32.90,1552380,15635564.00
2023/11/03,32.93,33.51,32.93,33.12,2566614,26045028.00
2023/11/06,33.78,35.89,33.64,35.89,13186126,145596016.00
2023/11/07,35.89,36.96,35.15,36.28,18697813,208567680.00
2023/11/08,36.30,36.55,35.65,36.44,7781509,87179224.00
2023/11/09,36.52,37.76,36.47,37.76,11748060,136582512.00
2023/11/10,37.59,37.98,37.02,37.98,7773259,91375408.00
2023/11/13,38.03,38.14,37.02,37.38,6071589,70748464.00
2023/11/14,37.16,37.46,36.66,37.16,4525255,52198320.00
2023/11/15,37.21,37.70,37.18,37.32,4090284,47828512.00
2023/11/16,37.24,37.59,36.47,36.58,4334784,49896732.00
2023/11/17,36.58,36.85,36.36,36.58,3595306,40832540.00
2023/11/20,36.61,37.02,36.47,36.94,3124608,35675316.00
2023/11/21,36.91,37.18,36.72,36.83,2361108,27143656.00
2023/11/22,36.74,36.99,36.61,36.80,2188440,25036956.00
2023/11/23,36.69,37.62,36.61,37.57,3637856,42181532.00
2023/11/24,37.51,37.51,36.63,36.77,3183005,36515812.00
2023/11/27,36.77,37.48,36.77,37.07,2966500,34317388.00
2023/11/28,37.27,37.29,36.72,37.13,2090989,24151580.00
2023/11/29,37.13,37.29,36.72,36.80,2316493,26699450.00
2023/11/30,36.80,37.02,36.30,36.52,2720480,30908718.00
2023/12/01,36.52,36.99,36.47,36.88,2349940,26929368.00
2023/12/04,36.94,37.18,36.72,36.91,1547440,17790658.00
2023/12/05,37.13,37.13,36.55,36.58,1809480,20693608.00
2023/12/06,36.50,37.16,36.50,36.63,2046500,23488272.00
2023/12/07,36.39,36.72,36.11,36.22,2963160,33396692.00
2023/12/08,36.22,36.44,35.70,35.81,2043180,22797318.00
2023/12/11,35.70,36.44,35.40,36.28,2389540,26793604.00
2023/12/12,36.30,36.47,35.98,36.28,2094919,23550320.00
2023/12/13,36.28,36.50,35.89,35.92,1471080,16437728.00
2023/12/14,36.22,36.39,35.87,36.09,1751256,19680988.00
2023/12/15,36.09,36.30,35.95,36.03,1625380,18180068.00
2023/12/18,36.17,36.17,35.56,35.59,1959588,21758052.00
2023/12/19,35.51,35.95,35.43,35.84,1697847,18735172.00
2023/12/20,35.87,36.20,35.65,35.65,1557500,17324784.00
2023/12/21,35.65,35.89,35.04,35.78,1909822,20945664.00
2023/12/22,35.92,35.92,35.23,35.45,1487900,16360354.00
2023/12/25,35.29,35.54,34.74,35.23,2108840,22797438.00
2023/12/26,35.48,35.48,34.71,34.74,1776029,19094650.00
2023/12/27,34.52,35.07,34.52,34.71,1278080,13700751.00
2023/12/28,34.74,35.18,34.52,34.55,2941060,31556054.00
2023/12/29,34.71,34.71,33.64,34.38,3838200,40348268.00
2024/01/02,34.25,35.18,33.92,34.80,3456904,37097548.00
2024/01/03,35.12,37.54,34.69,36.09,13332156,148892544.00
2024/01/04,35.78,35.84,34.99,35.32,7715896,84370952.00
2024/01/05,35.32,35.48,34.52,34.85,6365223,68691792.00
2024/01/08,34.27,34.99,34.16,34.22,3734037,39544160.00
2024/01/09,34.25,34.74,33.95,34.49,3399468,35850136.00
2024/01/10,34.33,34.69,33.67,34.00,2887152,30293392.00
2024/01/11,34.05,34.27,33.51,34.25,2031540,21220484.00
2024/01/12,34.52,35.29,34.03,34.30,3402488,36319472.00
2024/01/15,34.16,34.69,34.05,34.55,2353924,24935964.00
2024/01/16,34.55,34.66,33.92,34.38,2216829,23307964.00
2024/01/17,33.95,34.47,33.64,33.70,2047308,21356476.00
2024/01/18,33.59,33.64,32.38,33.48,3479393,35093268.00
2024/01/19,33.64,33.81,33.15,33.29,1626200,16617904.00
2024/01/22,33.18,33.18,31.15,31.48,3071436,30016736.00
2024/01/23,31.39,31.50,30.43,31.34,2514345,23502452.00
2024/01/24,31.34,31.67,30.32,31.53,2540486,23727084.00
2024/01/25,31.45,32.66,31.34,32.30,2929708,28594866.00
2024/01/26,32.60,33.12,32.27,32.60,2377444,23717948.00
2024/01/29,32.71,35.32,32.68,35.32,7241847,77198288.00
2024/01/30,35.18,35.18,33.26,34.33,11405460,119850184.00
2024/01/31,34.52,34.60,32.13,32.30,6731011,68243256.00
2024/02/01,32.13,34.05,31.20,33.42,8335669,83543024.00
2024/02/02,33.62,34.05,31.50,32.16,7784920,78302720.00
2024/02/05,31.45,31.97,29.47,29.47,6891417,62106312.00
2024/02/06,28.73,29.50,27.06,28.62,6719110,55365584.00
2024/02/07,28.62,28.70,27.44,27.77,5209086,42891388.00
2024/02/08,27.88,29.86,27.80,29.47,4795150,41019112.00
2024/02/19,29.61,30.68,29.61,30.35,2529517,22865466.00
数据来源:通达信
