603388 元成股份 日线 后复权
      日期	    开盘	    最高	    最低	    收盘	    成交量	    成交额
2017/03/24,14.52,17.42,14.52,17.42,10175,176959.00
2017/03/27,19.16,19.16,19.16,19.16,4174,79974.00
2017/03/28,21.08,21.08,21.08,21.08,100,2108.00
2017/03/29,23.19,23.19,23.19,23.19,2800,64932.00
2017/03/30,25.51,25.51,25.51,25.51,10933,278901.00
2017/03/31,28.06,28.06,28.06,28.06,15592,437512.00
2017/04/05,30.87,30.87,30.87,30.87,10498,324073.00
2017/04/06,33.96,33.96,33.96,33.96,23339,792592.00
2017/04/07,37.36,37.36,37.36,37.36,72830,2720929.00
2017/04/10,41.10,41.10,41.10,41.10,120375,4947413.00
2017/04/11,43.00,45.21,41.23,45.21,10741295,466649920.00
2017/04/12,49.00,49.00,40.69,40.69,10505027,452718400.00
2017/04/13,38.40,39.57,37.66,38.37,8973456,345120448.00
2017/04/14,37.80,38.82,36.90,37.33,5696984,215109728.00
2017/04/17,35.20,35.50,33.60,33.60,5709948,195946752.00
2017/04/18,33.61,34.49,33.18,33.24,3003210,101512848.00
2017/04/19,33.00,34.89,32.70,34.65,4125433,140149936.00
2017/04/20,34.30,34.59,32.84,33.47,3401162,114910480.00
2017/04/21,33.12,34.20,33.12,33.66,2304591,77596448.00
2017/04/24,33.50,33.50,31.97,32.55,2271878,74062816.00
2017/04/25,32.60,33.36,32.31,32.91,2178180,71648232.00
2017/04/26,33.35,35.50,33.00,34.17,3965179,136027376.00
2017/04/27,33.71,36.78,33.44,36.22,6014236,212581584.00
2017/04/28,35.88,36.47,35.30,35.66,3266950,116700552.00
2017/05/02,35.64,36.24,34.58,34.96,2669234,93755352.00
2017/05/03,34.07,35.38,33.75,35.27,3524472,122096880.00
2017/05/04,34.95,35.27,34.28,34.31,2338981,80981424.00
2017/05/05,33.90,34.32,32.71,32.78,2376486,79764376.00
2017/05/08,32.51,33.09,29.68,30.63,2137643,68392864.00
2017/05/09,30.63,31.64,30.51,31.33,1738480,54148872.00
2017/05/10,31.35,31.88,30.01,30.10,1941060,60327488.00
2017/05/11,30.00,31.24,29.60,31.04,2597035,79178176.00
2017/05/12,30.85,31.79,30.56,31.29,1988644,61985028.00
2017/05/15,31.41,31.79,31.23,31.56,1578406,49780584.00
2017/05/16,31.34,32.88,31.03,32.80,2316107,74046408.00
2017/05/17,32.57,33.60,32.51,32.83,2272208,74928088.00
2017/05/18,32.30,32.99,32.20,32.38,1695992,55294088.00
2017/05/19,32.39,32.78,31.80,31.90,1498824,48264916.00
2017/05/22,31.36,31.72,29.86,30.01,1999423,61349364.00
2017/05/23,29.66,30.17,27.87,27.89,1810843,52322852.00
2017/05/24,27.60,28.68,27.53,28.58,1171353,33067680.00
2017/05/25,28.93,29.05,28.00,28.89,1320596,37826804.00
2017/05/26,28.90,30.50,28.88,29.83,1717022,50806944.00
2017/05/31,31.00,31.99,30.03,30.06,2320433,72424656.00
2017/06/01,29.78,29.78,28.62,28.66,1549270,45137244.00
2017/06/02,28.61,29.78,28.22,29.75,1242915,36327216.00
2017/06/05,30.25,30.98,30.05,30.59,1737417,52920440.00
2017/06/06,30.35,30.83,30.11,30.62,754323,22965548.00
2017/06/07,30.67,32.35,30.67,32.10,2250479,71300960.00
2017/06/08,33.99,35.31,32.50,35.31,2662275,92241144.00
2017/06/09,37.00,38.84,35.89,37.96,12202947,456116672.00
2017/06/12,35.39,36.47,34.50,36.37,6793683,241922080.00
2017/06/13,36.00,37.90,34.85,37.23,7293252,265364384.00
2017/06/14,36.70,36.88,34.33,34.63,5179027,185317840.00
2017/06/15,34.06,36.22,34.06,35.41,4444233,157800080.00
2017/06/16,34.87,35.28,33.88,34.06,3711820,128397056.00
2017/06/19,33.88,35.51,33.60,35.42,3158657,109218328.00
2017/06/20,35.52,38.96,35.52,38.96,4647428,175232176.00
2017/06/21,40.00,40.89,36.98,37.52,9029374,345607616.00
2017/06/22,38.19,38.19,34.80,35.50,6577200,238954448.00
2017/06/23,34.99,36.97,34.90,36.67,5022819,180922448.00
2017/06/26,36.58,36.58,35.00,36.04,3345507,120138456.00
2017/06/27,36.13,36.83,35.56,36.32,3409868,123769312.00
2017/06/28,35.88,36.20,34.90,35.67,2546372,90565696.00
2017/06/29,36.00,36.30,35.15,36.19,2159030,77213456.00
2017/06/30,36.08,37.81,35.65,37.57,4342246,161213344.00
2017/07/03,37.50,38.38,36.76,36.99,3633931,136274160.00
2017/07/04,36.77,39.34,36.60,38.70,5600924,213276544.00
2017/07/05,38.40,39.10,37.78,39.02,4150805,159355280.00
2017/07/06,38.80,39.39,38.10,38.48,3716987,143694992.00
2017/07/07,38.30,39.49,38.09,39.33,3623535,140979328.00
2017/07/10,38.89,41.20,38.51,39.32,3641850,145215376.00
2017/07/11,38.81,39.40,36.55,36.82,2542731,96565320.00
2017/07/12,36.56,37.85,36.00,37.78,1502528,55617808.00
2017/07/13,37.80,39.30,37.31,37.96,1489132,57428248.00
2017/07/14,38.51,39.56,38.02,39.13,1838993,71536288.00
2017/07/17,39.35,40.72,36.01,40.10,4416679,174350704.00
2017/07/19,43.00,43.20,38.81,39.47,6661656,270438880.00
2017/07/20,37.51,40.49,37.22,38.47,4393755,171440480.00
2017/07/21,37.70,37.99,34.76,35.01,4778544,173119504.00
2017/07/24,34.74,37.49,34.00,37.15,3545119,125939224.00
2017/07/25,36.35,37.79,36.02,36.54,2435648,89627168.00
2017/07/26,36.80,37.47,36.05,37.07,1706420,62894112.00
2017/07/27,37.12,40.41,36.92,39.68,4309654,167921264.00
2017/07/28,39.40,40.14,38.88,39.22,2936860,115578384.00
2017/07/31,38.80,40.10,38.70,39.69,2669951,105861040.00
2017/08/01,39.69,41.22,39.20,41.08,3948552,160586464.00
2017/08/02,40.66,41.25,40.21,40.61,2508730,101904904.00
2017/08/03,40.00,41.76,38.80,38.91,3539042,142477088.00
2017/08/04,39.00,39.40,37.62,37.96,2858411,109507480.00
2017/08/07,37.91,38.48,36.00,37.94,2216925,82654880.00
2017/08/08,37.50,38.28,37.27,38.21,1156518,43572304.00
2017/08/09,38.00,38.50,37.60,37.81,976630,37134452.00
2017/08/10,37.21,37.70,36.60,37.26,1265886,46988816.00
2017/08/11,36.88,37.89,36.88,37.45,1067349,39998736.00
2017/08/14,37.56,38.98,37.32,38.85,1332688,51029256.00
2017/08/15,40.00,41.37,39.60,39.66,3187828,128799344.00
2017/08/16,39.51,40.50,39.51,40.37,2203524,88397896.00
2017/08/17,40.18,40.67,39.66,39.90,1368096,54841048.00
2017/08/18,39.85,40.25,39.59,40.01,1136406,45379172.00
2017/08/21,40.25,40.88,39.30,40.09,1409600,56358936.00
2017/08/22,40.49,40.75,39.60,39.84,2040203,81978544.00
2017/08/23,39.55,39.83,38.64,38.80,1486084,58111804.00
2017/08/24,38.90,39.25,37.50,37.78,1652125,63310896.00
2017/08/25,37.93,38.99,37.78,38.78,1009558,38928080.00
2017/08/28,39.53,42.66,39.36,42.66,4195370,175737168.00
2017/08/29,45.30,46.93,45.10,46.84,12594965,582850240.00
2017/08/30,46.00,47.19,44.00,45.15,8696939,394669984.00
2017/08/31,48.70,49.67,48.70,49.67,3426913,169722976.00
2017/09/01,52.00,53.50,49.74,50.14,11882383,610744768.00
2017/09/04,49.01,50.82,47.81,50.16,7046285,346077344.00
2017/09/05,50.00,53.00,48.70,51.33,8281015,421877920.00
2017/09/06,50.18,51.79,49.18,49.84,6426750,321622080.00
2017/09/07,49.55,54.00,49.20,51.90,8571128,444462432.00
2017/09/08,51.00,55.00,50.50,54.91,7246800,381631680.00
2017/09/11,56.00,60.38,54.91,59.44,8327849,480338688.00
2017/09/12,57.09,57.82,53.50,53.50,7926394,437804032.00
2017/09/13,53.40,54.50,52.80,53.77,3479883,186970720.00
2017/09/14,53.98,55.36,53.20,55.15,4378528,237815040.00
2017/09/15,55.10,57.50,53.00,53.91,5454385,303629152.00
2017/09/18,53.88,55.50,51.98,54.22,4012635,216037168.00
2017/09/19,53.51,53.90,52.02,53.04,3745190,198199568.00
2017/09/20,53.00,53.48,51.12,53.29,4156640,216891808.00
2017/09/21,53.15,55.59,52.66,53.43,4157942,224972768.00
2017/09/22,53.60,54.37,51.51,52.27,3677295,195095184.00
2017/09/25,51.58,54.00,50.28,51.84,3268545,171710512.00
2017/09/26,51.50,53.50,49.50,50.83,3618509,186623808.00
2017/09/27,50.20,52.88,49.63,52.68,4214698,216446320.00
2017/09/28,52.10,57.28,50.30,52.60,7224858,194633904.00
2017/09/29,49.54,50.82,47.34,47.46,11656635,285067712.00
2017/10/09,47.66,49.60,45.32,49.04,7578886,183759632.00
2017/10/10,48.40,52.46,47.80,51.06,10983736,275416448.00
2017/10/11,51.12,52.90,49.50,50.80,11314765,290571584.00
2017/10/12,49.04,55.56,48.74,54.00,16022639,425887808.00
2017/10/13,52.86,58.00,52.10,55.98,16657206,462914048.00
2017/10/16,54.16,55.34,50.38,50.42,12565503,329809856.00
2017/10/17,50.80,51.26,48.20,49.98,6555767,163868304.00
2017/10/18,50.92,51.30,48.08,48.86,6240800,154988736.00
2017/10/19,48.24,49.36,47.20,47.78,4347463,103946896.00
2017/10/20,47.98,48.32,46.76,48.02,3348406,79877560.00
2017/10/23,48.70,49.60,48.20,49.08,3897028,95411560.00
2017/10/24,48.48,49.32,47.52,48.18,2963638,71047392.00
2017/10/25,48.38,49.76,48.30,49.54,5040668,124091504.00
2017/10/26,49.20,49.38,48.62,49.24,3480652,85224160.00
2017/10/27,49.46,51.10,49.26,50.22,6228013,157035904.00
2017/10/30,49.80,49.88,46.18,46.32,5186696,124470976.00
2017/10/31,45.40,46.86,44.80,46.44,3079049,70625448.00
2017/11/01,46.38,47.98,45.82,46.94,3140107,74187184.00
2017/11/02,47.32,47.90,46.66,46.90,2490596,58775344.00
2017/11/03,48.22,48.40,46.48,46.80,2181000,51586056.00
2017/11/06,47.06,47.56,45.40,46.14,2552364,58745596.00
2017/11/07,46.14,46.36,44.82,45.74,2515944,57010612.00
2017/11/08,45.82,46.30,45.42,45.78,3042848,69777976.00
2017/11/09,45.64,45.78,45.02,45.50,2010260,45601508.00
2017/11/10,45.94,46.94,45.94,46.58,3673327,85448688.00
2017/11/13,46.72,46.90,45.44,45.54,2526670,57860116.00
2017/11/14,45.54,45.98,43.42,43.88,3651765,81197224.00
2017/11/15,44.08,44.28,43.20,43.42,1637508,35773256.00
2017/11/16,43.22,43.90,42.64,43.16,1440184,31098648.00
2017/11/17,43.16,43.50,39.80,40.94,2609200,54379556.00
2017/11/20,40.20,40.94,38.00,40.74,1606016,32100488.00
2017/11/21,40.10,43.00,40.04,41.40,1895424,39744920.00
2017/11/22,40.18,41.30,40.18,40.62,1466612,29854604.00
2017/11/23,40.56,40.96,38.02,38.88,1335564,26655030.00
2017/11/24,39.10,39.76,38.46,38.58,1363100,26675842.00
2017/11/27,38.58,39.40,37.80,38.08,1214400,23506272.00
2017/11/28,38.10,38.90,38.10,38.78,1074000,20716936.00
2017/11/29,38.78,38.78,37.46,37.84,1496724,28397770.00
2017/11/30,37.84,38.50,37.60,38.20,1063812,20347672.00
2017/12/01,38.22,38.42,37.02,37.84,1375336,25910790.00
2017/12/04,37.22,37.50,34.20,34.26,2571051,45960944.00
2017/12/05,33.98,34.88,33.52,34.38,1706086,29294556.00
2017/12/06,34.26,34.76,33.44,34.26,1251472,21278138.00
2017/12/07,33.96,34.12,33.24,33.50,1422100,23825832.00
2017/12/08,33.44,34.70,33.24,34.20,2055766,34969388.00
2017/12/11,33.84,34.54,33.84,34.36,1534802,26247548.00
2017/12/12,34.04,34.56,33.32,33.34,1343482,22719800.00
2017/12/13,33.20,36.66,33.20,36.58,4830250,85898856.00
2017/12/14,36.04,36.30,35.08,35.74,3075348,54718272.00
2017/12/15,35.50,36.02,35.02,35.24,1720712,30489976.00
2017/12/18,35.60,35.76,34.10,34.36,1281454,22215332.00
2017/12/19,35.40,35.80,34.80,35.16,1469100,25925818.00
2017/12/20,34.60,35.20,34.18,34.42,1173000,20235712.00
2017/12/21,34.68,36.74,34.32,36.40,3274500,58610328.00
2017/12/22,36.02,37.70,35.32,37.44,3537450,64724444.00
2017/12/25,37.30,37.30,36.02,36.42,2054300,37497812.00
2017/12/26,36.56,37.00,36.22,36.94,1892408,34723740.00
2017/12/27,36.48,36.88,35.82,36.08,1550560,28178180.00
2017/12/28,35.48,36.56,35.48,35.64,1218860,21890240.00
2017/12/29,35.96,35.96,35.36,35.68,721790,12855796.00
2018/01/02,36.20,37.00,36.02,36.32,1347184,24481332.00
2018/01/03,35.92,36.86,35.70,36.60,1868390,34021272.00
2018/01/04,36.42,36.46,35.72,35.86,1408912,25343646.00
2018/01/05,35.86,35.90,35.28,35.44,1013412,17980272.00
2018/01/08,35.14,35.52,34.66,35.52,845624,14866492.00
2018/01/09,35.50,35.88,35.10,35.16,692100,12259874.00
2018/01/10,34.92,35.34,34.04,34.78,1074000,18646712.00
2018/01/11,34.60,35.40,34.10,35.04,915886,15995883.00
2018/01/12,34.98,35.30,34.64,34.70,814000,14162560.00
2018/01/15,34.40,34.96,32.40,32.72,1269812,21271796.00
2018/01/16,32.74,33.94,32.44,33.40,789002,13138106.00
2018/01/17,33.40,33.88,32.96,33.74,799912,13383281.00
2018/01/18,34.40,37.12,34.40,37.12,1790684,32942072.00
2018/01/19,40.80,40.84,40.00,40.84,3152192,64191648.00
2018/01/22,44.90,44.92,41.44,42.90,14526606,318243392.00
2018/01/23,40.60,42.90,39.40,40.54,9403111,191161040.00
2018/01/24,39.10,40.40,38.30,39.90,6734915,132303408.00
2018/01/25,38.80,39.38,38.12,38.18,5358496,103703792.00
2018/01/26,37.60,39.56,37.20,39.02,5163500,99416760.00
2018/01/29,38.60,41.32,38.46,40.08,6621596,133425088.00
2018/01/30,40.38,40.40,37.80,38.90,5425056,104771192.00
2018/01/31,38.08,38.56,35.02,35.48,4416666,81880248.00
2018/02/01,34.20,35.40,31.94,32.70,5077215,84713016.00
2018/02/02,30.08,32.40,30.08,31.54,3402830,53397208.00
2018/02/05,30.00,31.98,29.70,31.42,1858137,29271066.00
2018/02/06,30.30,31.40,28.28,28.30,3062366,45406116.00
2018/02/07,28.80,30.38,28.58,29.76,2282680,33708760.00
2018/02/08,29.42,30.94,29.42,30.36,1712824,25908292.00
2018/02/09,29.20,31.28,29.20,30.78,1781112,26653370.00
2018/02/12,31.96,32.38,30.82,31.76,1852889,29299938.00
2018/02/13,31.76,31.94,31.04,31.50,1190924,18720404.00
2018/02/14,31.20,31.94,31.06,31.50,777500,12240981.00
2018/02/22,31.70,32.16,31.58,32.02,1018300,16252848.00
2018/02/23,31.86,32.00,31.46,31.52,864096,13672073.00
2018/02/26,31.90,32.98,31.54,32.62,1653812,26789822.00
2018/02/27,32.62,33.06,32.26,32.68,1679092,27481416.00
2018/02/28,32.28,32.60,32.08,32.20,1050089,16955920.00
2018/03/01,31.64,32.62,31.56,32.38,1030216,16621345.00
2018/03/02,32.00,32.40,31.12,31.30,1429400,22619572.00
2018/03/05,32.00,32.36,31.60,32.34,1570645,25193378.00
2018/03/06,32.48,33.16,32.06,33.00,2315532,37766448.00
2018/03/07,32.96,33.32,32.58,33.08,1918700,31681782.00
2018/03/08,33.08,35.58,32.72,35.48,3549379,60640216.00
2018/03/09,35.00,35.30,34.30,35.22,2866002,49833568.00
2018/03/12,35.00,35.40,34.64,35.26,2314944,40541820.00
2018/03/13,35.20,35.20,34.00,34.02,1862808,32042216.00
2018/03/14,33.84,34.32,33.42,33.92,1043374,17724284.00
2018/03/15,33.94,33.96,32.42,32.68,1466112,24167508.00
2018/03/16,32.80,35.14,32.42,33.98,1865435,31456812.00
2018/03/19,33.94,34.16,33.40,33.56,1011837,17098888.00
2018/03/20,32.46,33.20,31.74,32.44,1469994,23817504.00
2018/03/21,33.02,33.10,32.36,32.82,1139484,18655288.00
2018/03/22,32.20,33.80,32.20,32.98,1314896,21846460.00
2018/03/23,32.40,32.40,30.10,30.28,1841000,28689780.00
2018/03/26,30.00,30.94,28.20,30.90,797512,11977387.00
2018/03/27,31.40,31.96,31.00,31.36,930160,14654575.00
2018/03/28,31.20,33.60,30.32,32.62,1820886,29462770.00
2018/03/29,32.20,33.20,32.20,32.96,1081712,17762456.00
2018/03/30,33.60,33.60,32.82,33.16,1047591,17385612.00
2018/04/02,32.80,33.78,32.80,33.76,1316788,22040884.00
2018/04/03,33.98,36.70,33.78,35.90,4581763,81639280.00
2018/04/04,37.98,38.00,35.20,35.32,4934017,90246472.00
2018/04/09,34.88,35.32,33.70,34.32,2162100,37139152.00
2018/04/10,34.28,35.04,33.78,34.50,1541948,26542936.00
2018/04/11,35.00,35.00,34.04,34.34,1321400,22793676.00
2018/04/12,34.28,34.94,34.00,34.58,1385800,23905750.00
2018/04/13,34.80,35.00,34.34,34.66,1211260,21038698.00
2018/04/16,34.56,35.26,34.24,34.98,1197084,20831624.00
2018/04/17,34.96,35.26,32.80,33.18,1825682,30971816.00
2018/04/18,33.42,33.84,32.26,33.20,1560490,25855116.00
2018/04/19,33.20,33.20,32.08,32.22,1884600,30683888.00
2018/04/20,32.14,32.20,30.00,30.98,1795412,28035656.00
2018/04/23,30.68,31.48,30.68,31.20,819600,12746693.00
2018/04/24,31.80,32.16,31.42,32.06,825212,13168182.00
2018/04/25,32.04,32.40,31.62,31.90,702412,11186271.00
2018/04/26,31.86,31.88,31.00,31.16,937500,14676032.00
2018/04/27,31.46,31.48,31.00,31.06,575812,8967461.00
2018/05/02,31.10,31.50,30.80,31.10,476012,7411443.00
2018/05/03,31.00,31.28,30.00,31.22,722656,11136031.00
2018/05/04,31.32,31.40,31.12,31.38,460640,7194030.00
2018/05/07,31.76,32.30,31.32,32.22,819984,13053901.00
2018/05/08,32.12,32.54,31.84,32.22,866336,13953220.00
2018/05/09,32.24,32.88,31.86,32.84,1273690,20651206.00
2018/05/10,32.80,34.40,32.60,34.18,2500710,42353052.00
2018/05/11,34.08,34.16,32.66,33.14,1630570,27158138.00
2018/05/14,32.62,32.94,32.24,32.42,769412,12502034.00
2018/05/15,32.52,32.88,32.42,32.74,654722,10699509.00
2018/05/16,32.66,32.96,31.76,32.10,1205300,19423912.00
2018/05/17,32.26,32.36,31.66,31.72,679126,10826797.00
2018/05/18,31.72,32.30,31.52,32.18,633900,10122088.00
2018/05/21,32.78,32.88,32.52,32.84,1059012,17354576.00
2018/05/22,32.84,32.84,32.28,32.80,717600,11666985.00
2018/05/23,32.40,32.72,32.14,32.20,716200,11611387.00
2018/05/24,32.10,32.28,31.80,31.92,617996,9881019.00
2018/05/25,32.96,32.96,31.70,32.58,1178008,19219024.00
2018/05/28,33.10,33.60,32.72,33.50,1747656,29064164.00
2018/05/29,33.46,33.46,32.62,32.76,1205300,19878520.00
2018/05/30,32.20,32.20,31.00,31.04,1139200,17823192.00
2018/05/31,31.06,31.72,31.02,31.22,534846,8363610.00
2018/06/01,31.22,31.42,30.80,31.12,459646,7147942.00
2018/06/04,31.00,31.48,30.76,30.88,588584,9151319.00
2018/06/05,30.82,32.54,30.70,31.88,734241,11542764.00
2018/06/06,31.44,31.96,31.38,31.58,467800,7380392.00
2018/06/07,31.50,31.74,31.40,31.40,360500,5684654.00
2018/06/08,31.46,31.46,30.40,30.70,466193,7190127.00
2018/06/11,31.26,31.32,30.60,30.62,453612,6998038.00
2018/06/12,30.42,30.94,30.40,30.74,308200,4726676.00
2018/06/13,30.80,30.80,29.90,29.98,415300,6281737.00
2018/06/14,29.80,30.20,29.34,30.20,537724,7976684.00
2018/06/15,30.18,30.98,29.72,30.28,430105,6499336.00
2018/06/19,30.00,30.00,27.26,28.18,1250900,17496808.00
2018/06/20,28.16,28.96,27.64,28.66,581100,8219168.00
2018/06/21,28.56,28.66,28.02,28.20,894600,12740853.00
2018/06/22,28.00,28.32,26.00,28.30,612500,8479736.00
2018/06/25,28.38,28.80,28.02,28.36,365800,5193283.00
2018/06/26,28.26,28.30,27.10,28.28,453595,6316861.00
2018/06/27,28.36,29.24,27.60,28.24,533200,7470809.00
2018/06/28,28.00,28.00,27.16,27.68,701664,9655598.00
2018/06/29,27.08,27.96,27.04,27.94,608564,8447754.00
2018/07/02,28.96,28.96,27.58,27.92,642195,8973765.00
2018/07/03,27.66,28.04,27.60,27.90,613195,8529177.00
2018/07/04,27.90,28.16,27.60,27.78,513672,7137067.00
2018/07/05,27.78,27.86,25.20,26.52,751400,10029449.00
2018/07/06,25.94,26.56,24.72,26.00,880000,11251234.00
2018/07/09,26.00,26.66,26.00,26.52,489208,6448731.00
2018/07/10,25.64,26.90,25.62,26.50,379500,4989899.00
2018/07/11,26.70,26.70,25.68,26.28,439200,5661500.00
2018/07/12,26.10,26.72,26.02,26.66,631954,8271291.00
2018/07/13,26.34,27.02,26.34,26.68,344200,4542362.00
2018/07/16,26.72,26.72,26.14,26.32,350912,4578647.00
2018/07/17,27.26,28.00,27.08,27.22,1302666,17683312.00
2018/07/18,27.70,27.76,26.90,27.26,623654,8426618.00
2018/07/19,27.26,27.44,26.30,26.44,547400,7234183.00
2018/07/20,26.30,26.66,25.42,26.50,364500,4737424.00
2018/07/23,26.44,26.68,26.16,26.52,426354,5580504.00
2018/07/24,26.34,27.10,26.32,26.74,2536300,33613936.00
2018/07/25,27.00,27.24,26.62,26.76,1528078,20325206.00
2018/07/26,27.04,27.08,26.10,26.26,1284800,16820618.00
2018/07/27,26.00,26.38,25.68,26.02,1817200,23278896.00
2018/07/30,26.00,26.08,25.46,25.60,960648,12202771.00
2018/07/31,25.60,25.86,25.34,25.82,392048,4972989.00
2018/08/01,25.76,25.96,25.10,25.34,750700,9470359.00
2018/08/02,25.02,25.10,23.94,24.38,920112,11058114.00
2018/08/03,24.52,24.52,23.14,23.76,953548,11192924.00
2018/08/06,23.74,23.98,23.26,23.60,427700,4994847.00
2018/08/07,23.60,24.12,23.22,24.06,627420,7365578.00
2018/08/08,23.82,24.06,23.28,23.34,607100,7084754.00
2018/08/09,22.82,23.86,22.82,23.54,634100,7396253.00
2018/08/10,23.20,24.54,22.92,23.78,586300,6940973.00
2018/08/13,23.74,24.04,23.10,23.86,390400,4558309.00
2018/08/14,23.50,24.12,23.50,24.02,371854,4389122.00
2018/08/15,24.02,26.40,23.92,25.38,3024536,38674880.00
2018/08/16,24.34,25.28,24.30,24.74,1520132,18551264.00
2018/08/17,24.66,25.00,23.30,23.68,974928,11719274.00
2018/08/20,22.58,23.60,22.58,23.30,735936,8361485.00
2018/08/21,23.28,23.82,23.00,23.52,503300,5816163.00
2018/08/22,23.74,25.84,23.74,24.60,2530324,31279716.00
2018/08/23,24.30,25.60,23.64,25.44,2485862,30455490.00
2018/08/24,25.38,25.38,24.54,25.06,1407796,17386366.00
2018/08/27,25.02,25.48,24.86,25.34,1524988,19019970.00
2018/08/28,25.30,25.58,24.90,25.04,855854,10643729.00
2018/08/29,25.12,25.12,24.56,24.72,612369,7476582.00
2018/08/30,24.78,24.80,24.14,24.14,525769,6349379.00
2018/08/31,24.10,25.90,23.96,25.16,2324734,28679822.00
2018/09/03,24.84,25.22,23.68,24.34,1466081,17572800.00
2018/09/04,23.88,24.48,23.88,24.16,916112,10936345.00
2018/09/05,24.12,24.14,23.46,23.48,867612,10146785.00
2018/09/06,23.32,23.70,23.06,23.20,433600,5011361.00
2018/09/07,23.20,23.62,23.14,23.32,456270,5272185.00
2018/09/10,23.30,23.58,23.12,23.34,596300,6866355.00
2018/09/11,23.30,23.66,23.22,23.32,316600,3662584.00
2018/09/12,23.50,23.92,23.36,23.48,645500,7536463.00
2018/09/13,24.06,24.08,23.26,23.58,442700,5133178.00
2018/09/14,23.58,23.66,23.16,23.16,341524,3932730.00
2018/09/17,23.16,23.16,22.28,22.30,640112,7121996.00
2018/09/18,22.28,22.64,22.16,22.56,436300,4824664.00
2018/09/19,22.54,22.88,22.32,22.80,618212,6916746.00
2018/09/20,22.78,22.84,22.36,22.52,489882,5454550.00
2018/09/21,22.80,22.80,22.40,22.66,453012,5052801.00
2018/09/25,22.66,22.90,22.30,22.78,424554,4759130.00
2018/09/26,22.66,22.94,22.60,22.80,357200,4011002.00
2018/09/27,22.72,22.74,22.30,22.32,558800,6189014.00
2018/09/28,22.24,22.50,22.24,22.42,252670,2795589.00
2018/10/08,22.00,23.06,21.00,22.68,1236836,13829404.00
2018/10/09,22.46,22.80,22.24,22.34,632300,7038446.00
2018/10/10,22.52,22.60,22.32,22.44,241012,2667251.00
2018/10/11,22.18,22.18,20.22,20.24,872800,9048788.00
2018/10/12,19.74,20.76,19.10,19.96,652566,6344768.00
2018/10/15,19.60,20.20,19.56,19.66,241966,2371871.00
2018/10/16,19.90,19.96,19.30,19.44,281178,2708125.00
2018/10/17,19.64,19.82,19.26,19.52,221912,2130579.00
2018/10/18,19.44,19.44,18.30,18.84,534800,5005014.00
2018/10/19,18.42,19.26,18.42,19.20,336300,3128325.00
2018/10/22,19.42,20.78,19.26,20.42,710366,7046622.00
2018/10/23,20.30,21.00,20.10,20.12,520466,5246990.00
2018/10/24,20.12,20.60,19.96,20.28,303170,3038690.00
2018/10/25,19.64,20.28,19.02,20.24,379724,3708336.00
2018/10/26,20.84,20.88,20.10,20.24,285900,2885558.00
2018/10/29,20.36,20.36,19.70,20.00,462900,4556471.00
2018/10/30,19.80,20.42,19.74,20.20,313100,3100866.00
2018/10/31,20.20,20.60,20.06,20.40,381600,3841626.00
2018/11/01,20.70,21.00,20.24,20.42,1108000,11195919.00
2018/11/02,20.68,20.84,20.44,20.78,1827666,18494786.00
2018/11/05,20.80,20.88,20.46,20.74,991900,10122392.00
2018/11/06,20.66,20.88,20.56,20.74,775399,7925034.00
2018/11/07,20.48,20.92,20.40,20.48,803200,8156083.00
2018/11/08,20.48,20.84,20.48,20.56,867300,8822039.00
2018/11/09,20.74,20.76,20.50,20.60,486300,4948566.00
2018/11/12,20.64,21.46,20.44,21.24,1230300,12782645.00
2018/11/13,21.00,21.62,20.90,21.50,1240166,13107658.00
2018/11/14,21.50,22.18,21.50,22.06,1464593,15761654.00
2018/11/15,22.28,22.52,21.72,22.16,1331454,14466567.00
2018/11/16,22.02,22.78,21.94,22.56,1621509,17973260.00
2018/11/19,22.50,22.72,22.00,22.02,1276255,14017450.00
2018/11/20,21.86,23.20,21.62,22.84,2725042,30566280.00
2018/11/21,22.50,22.50,21.78,22.28,2093063,22834922.00
2018/11/22,22.28,22.28,21.86,21.92,914486,9933758.00
2018/11/23,21.90,22.06,21.20,21.20,1686703,17825472.00
2018/11/26,21.16,21.40,20.60,20.86,609340,6325640.00
2018/11/27,20.90,21.36,20.90,21.14,730311,7641424.00
2018/11/28,21.20,21.70,21.20,21.70,762559,8073521.00
2018/11/29,21.84,21.84,21.02,21.14,591812,6289129.00
2018/11/30,21.14,21.68,20.62,21.50,455112,4788780.00
2018/12/03,21.90,22.48,21.78,22.20,1061294,11580714.00
2018/12/04,22.34,22.34,21.90,22.26,1170400,12744732.00
2018/12/05,22.26,22.26,21.76,22.08,654312,7092224.00
2018/12/06,22.22,22.22,21.58,21.78,584600,6273760.00
2018/12/07,22.18,22.18,21.46,22.06,1079600,11607736.00
2018/12/10,21.50,22.14,20.96,21.96,863512,9208936.00
2018/12/11,21.96,24.10,21.96,23.10,2467018,27927660.00
2018/12/12,23.28,24.90,22.74,24.30,2917205,33963392.00
2018/12/13,24.00,25.00,23.36,23.78,5428948,64608844.00
2018/12/14,23.90,23.90,21.90,22.00,2491598,28205552.00
2018/12/17,22.02,22.70,21.52,22.60,1912849,20971744.00
2018/12/18,22.30,22.48,21.52,21.82,1343011,14507633.00
2018/12/19,21.96,21.96,20.98,21.00,1191434,12493156.00
2018/12/20,20.74,21.12,20.70,20.84,1251700,12861215.00
2018/12/21,20.54,20.82,20.28,20.40,876500,8852850.00
2018/12/24,20.40,20.70,20.20,20.46,630500,6365143.00
2018/12/25,20.44,20.70,19.90,20.54,1100075,10980782.00
2018/12/26,20.64,20.84,20.36,20.80,960996,9777668.00
2018/12/27,21.00,21.20,20.36,20.38,1232110,12639721.00
2018/12/28,20.60,20.80,20.28,20.38,654736,6598875.00
2019/01/02,20.82,20.82,19.92,20.18,614998,6137925.00
2019/01/03,20.20,20.36,19.80,19.80,550398,5452031.00
2019/01/04,19.56,20.44,19.32,20.26,881518,8737492.00
2019/01/07,20.88,20.88,20.48,20.64,848400,8625176.00
2019/01/08,20.56,20.66,20.40,20.56,790300,7988037.00
2019/01/09,20.56,20.70,20.42,20.50,1095700,11122785.00
2019/01/10,20.40,20.68,20.40,20.46,872800,8815384.00
2019/01/11,20.48,20.60,20.38,20.56,562412,5680194.00
2019/01/14,20.58,20.98,20.56,20.78,1215224,12427215.00
2019/01/15,20.54,20.76,20.40,20.76,991600,10067461.00
2019/01/16,20.78,20.94,20.60,20.80,1024700,10485984.00
2019/01/17,20.80,20.82,20.42,20.44,640200,6504197.00
2019/01/18,21.90,21.90,20.82,20.96,2187160,22959174.00
2019/01/21,20.70,21.04,20.66,20.84,1060000,10882079.00
2019/01/22,20.84,20.92,20.60,20.64,706000,7211713.00
2019/01/23,20.56,20.84,20.54,20.66,599048,6105922.00
2019/01/24,20.68,20.88,20.50,20.78,577748,5905157.00
2019/01/25,20.74,20.88,20.60,20.64,502500,5139630.00
2019/01/28,20.64,20.90,20.48,20.50,529100,5377627.00
2019/01/29,20.44,20.56,19.82,19.94,718899,7103035.00
2019/01/30,19.76,20.20,19.56,20.00,411033,4058826.00
2019/01/31,20.02,20.06,19.52,19.54,546042,5327148.00
2019/02/01,19.66,20.50,19.66,20.30,640857,6355499.00
2019/02/11,20.22,20.74,20.22,20.66,587103,5960302.00
2019/02/12,20.66,20.90,20.60,20.78,1136324,11629211.00
2019/02/13,20.82,21.08,20.70,21.02,1348436,13901768.00
2019/02/14,21.14,21.20,20.94,21.04,990100,10273686.00
2019/02/15,21.18,21.18,21.00,21.08,834000,8666379.00
2019/02/18,21.10,21.60,21.10,21.56,1487806,15735484.00
2019/02/19,21.56,21.92,21.30,21.56,1514716,16134556.00
2019/02/20,21.72,21.98,21.48,21.96,1610080,17287608.00
2019/02/21,22.00,22.28,21.72,21.78,1559282,16898326.00
2019/02/22,22.38,23.08,22.24,22.54,2749130,30505338.00
2019/02/25,22.94,23.36,22.46,23.36,2818822,31899820.00
2019/02/26,23.56,24.00,22.98,23.34,2215749,25554096.00
2019/02/27,23.24,23.54,23.00,23.16,1570618,18065004.00
2019/02/28,23.30,23.48,23.16,23.30,1256612,14463152.00
2019/03/01,23.54,23.54,22.96,23.26,1133800,12993184.00
2019/03/04,23.28,23.90,23.28,23.44,1942700,22595444.00
2019/03/05,23.48,23.94,23.24,23.86,2043727,23848512.00
2019/03/06,24.02,24.38,23.64,24.32,2125826,25117030.00
2019/03/07,24.40,24.84,24.08,24.64,2114996,25570232.00
2019/03/08,24.38,24.60,23.22,23.22,2077084,24619238.00
2019/03/11,23.08,24.48,23.08,24.44,1769225,20993894.00
2019/03/12,25.06,25.06,24.20,24.52,1809062,21966164.00
2019/03/13,24.40,24.96,24.32,24.74,2005796,24534348.00
2019/03/14,24.64,24.74,23.08,23.48,2081096,24383852.00
2019/03/15,23.78,23.98,23.44,23.74,1177836,13811497.00
2019/03/18,23.88,25.38,23.88,25.18,3178812,38833880.00
2019/03/19,24.90,25.04,24.54,24.66,2111300,25808864.00
2019/03/20,24.62,25.00,24.04,24.78,1568700,19011932.00
2019/03/21,24.60,24.96,24.60,24.74,1459900,17887656.00
2019/03/22,24.90,26.20,24.88,25.70,3484991,43957704.00
2019/03/25,25.50,26.00,25.14,25.70,2037201,25805382.00
2019/03/26,25.70,25.70,25.00,25.12,1944232,24271412.00
2019/03/27,25.14,25.42,24.24,24.86,1232800,15072625.00
2019/03/28,24.60,25.24,24.60,25.02,1086378,13437630.00
2019/03/29,25.02,25.50,24.66,25.38,1418000,17603888.00
2019/04/01,25.60,26.14,25.38,25.98,2021028,25796104.00
2019/04/02,26.28,27.16,25.80,26.58,4038934,52895400.00
2019/04/03,26.18,26.60,26.12,26.42,1962974,25502988.00
2019/04/04,26.62,27.24,26.36,27.20,3344900,44406136.00
2019/04/08,27.38,27.48,26.08,26.46,3034928,40034728.00
2019/04/09,26.50,26.96,26.08,26.38,1518412,19778792.00
2019/04/10,26.28,26.42,25.74,26.02,1695491,21793020.00
2019/04/11,25.96,26.26,25.86,25.94,1034700,13304839.00
2019/04/12,25.96,26.22,25.96,26.06,1049803,13534557.00
2019/04/15,26.46,26.56,25.84,25.86,1128200,14610347.00
2019/04/16,25.86,26.18,25.26,26.08,1317078,16731612.00
2019/04/17,26.26,26.40,26.00,26.30,980474,12704195.00
2019/04/18,26.26,26.48,26.08,26.14,764200,9916843.00
2019/04/19,26.46,26.46,25.94,26.32,950604,12328826.00
2019/04/22,26.32,26.90,26.32,26.64,1699447,22393650.00
2019/04/23,26.72,26.74,25.92,26.30,962512,12530775.00
2019/04/24,26.30,27.60,26.14,27.60,2255114,30060262.00
2019/04/25,27.50,27.86,26.16,26.18,2624737,35051492.00
2019/04/26,25.46,26.16,24.90,24.92,1741003,21837428.00
2019/04/29,24.98,25.10,24.32,24.52,922428,11253311.00
2019/04/30,24.60,25.20,24.52,24.96,500927,6149758.00
2019/05/06,24.66,24.66,22.54,22.72,963918,11250806.00
2019/05/07,23.08,23.20,22.52,23.00,644130,7278195.00
2019/05/08,22.66,23.66,22.40,22.90,525094,5947050.00
2019/05/09,22.86,23.06,22.58,22.74,388900,4378377.00
2019/05/10,22.76,23.80,22.66,23.72,1113106,12747305.00
2019/05/13,23.72,24.18,23.30,23.90,705512,8270444.00
2019/05/14,23.52,23.76,22.92,23.30,528491,6112291.00
2019/05/15,23.52,24.06,23.44,23.78,508012,5954935.00
2019/05/16,23.50,24.04,23.30,23.68,597300,6986358.00
2019/05/17,24.00,24.02,22.70,22.88,618900,7147628.00
2019/05/20,22.84,22.84,22.12,22.44,574000,6319097.00
2019/05/21,22.74,22.88,22.24,22.54,1230500,13641505.00
2019/05/22,20.72,21.30,20.72,21.00,2645400,27360818.00
2019/05/23,21.08,21.08,20.46,20.46,1179924,11978992.00
2019/05/24,20.54,21.06,20.54,21.00,815091,8348499.00
2019/05/27,21.04,21.38,20.74,21.28,831700,8625099.00
2019/05/28,21.28,21.94,21.08,21.64,1580784,16665595.00
2019/05/29,21.60,21.60,20.90,20.96,1643675,17189446.00
2019/05/30,21.06,21.14,20.72,21.04,1113094,11524775.00
2019/05/31,20.96,21.26,20.88,21.06,1100427,11435815.00
2019/06/03,21.06,21.14,20.56,20.72,1185100,12246363.00
2019/06/04,20.90,21.08,20.70,20.82,1030532,10597464.00
2019/06/05,20.98,21.02,20.62,20.76,1102944,11337553.00
2019/06/06,20.66,20.86,20.38,20.48,1085987,10988330.00
2019/06/10,20.48,20.64,20.14,20.48,1026529,10288914.00
2019/06/11,20.48,21.32,20.42,21.28,1603827,16584880.00
2019/06/12,21.20,21.90,21.00,21.66,1172473,12485562.00
2019/06/13,21.78,22.76,21.50,22.46,1877017,20682148.00
2019/06/14,22.36,24.68,22.12,24.68,4749232,55631828.00
2019/06/17,25.66,27.12,23.90,27.12,12438834,164671088.00
2019/06/18,27.86,28.30,24.44,24.70,15120909,191987248.00
2019/06/19,24.10,24.70,23.72,24.00,10004331,118621696.00
2019/06/20,23.38,23.92,23.32,23.78,6122180,71592032.00
2019/06/21,23.91,25.62,23.74,24.92,7316225,62798800.00
2019/06/24,24.02,24.30,23.38,23.74,8113029,67654896.00
2019/06/25,23.71,25.34,23.21,24.86,10677684,90961760.00
2019/06/26,24.58,24.58,23.85,24.24,5949606,50273076.00
2019/06/27,24.27,24.41,23.54,23.66,5108404,42848184.00
2019/06/28,23.54,24.24,23.35,23.91,3664438,30501466.00
2019/07/01,24.22,24.22,23.88,23.96,4489260,37639048.00
2019/07/02,24.08,24.08,23.49,23.68,2788701,23054870.00
2019/07/03,23.60,23.71,23.38,23.66,1977421,16271763.00
2019/07/04,23.77,23.88,23.52,23.63,1592080,13160982.00
2019/07/05,23.85,23.85,23.24,23.38,1849825,15129724.00
2019/07/08,23.40,23.40,21.61,21.78,3285880,25467736.00
2019/07/09,21.78,21.92,21.58,21.84,1514667,11502541.00
2019/07/10,22.06,23.18,22.00,22.20,3058400,24012118.00
2019/07/11,22.09,22.42,21.64,21.95,1799420,13820786.00
2019/07/12,21.72,22.09,21.72,21.98,1156860,8843366.00
2019/07/15,21.98,22.09,21.28,21.58,3002102,22726820.00
2019/07/16,21.61,21.84,21.50,21.75,1536285,11609880.00
2019/07/17,21.72,21.95,21.47,21.61,1377535,10421147.00
2019/07/18,21.78,21.89,21.08,21.08,1843020,13680283.00
2019/07/19,21.30,21.44,20.94,21.11,1252560,9281819.00
2019/07/22,21.25,21.42,20.46,20.66,2140757,15537582.00
2019/07/23,20.83,20.91,20.60,20.83,1338265,9679700.00
2019/07/24,21.08,21.30,21.00,21.16,1231984,9073459.00
2019/07/25,21.14,21.16,20.97,21.02,1231803,9037258.00
2019/07/26,21.11,21.30,21.02,21.22,1148240,8471302.00
2019/07/29,21.22,21.36,21.02,21.30,1096935,8140930.00
2019/07/30,21.33,21.50,21.11,21.44,1114943,8323372.00
2019/07/31,21.58,21.58,21.14,21.25,911440,6755623.00
2019/08/01,21.28,21.36,21.05,21.16,1118215,8260037.00
2019/08/02,21.02,21.02,20.58,20.77,1098280,7929980.00
2019/08/05,20.77,20.83,20.24,20.35,1274500,9138103.00
2019/08/06,19.96,19.99,18.67,19.40,2474474,16699257.00
2019/08/07,19.51,19.54,18.95,19.06,1190557,7984425.00
2019/08/08,19.12,19.60,19.12,19.54,1561895,10571944.00
2019/08/09,19.65,19.68,19.04,19.20,1349369,9070644.00
2019/08/12,19.06,19.48,19.06,19.48,757951,5096897.00
2019/08/13,19.34,19.43,19.04,19.20,833009,5559939.00
2019/08/14,19.37,19.60,19.26,19.46,975641,6600575.00
2019/08/15,18.84,19.32,18.73,19.29,1204120,7954627.00
2019/08/16,19.37,19.54,19.18,19.48,1142120,7716376.00
2019/08/19,19.57,20.24,19.51,20.18,1331700,9224874.00
2019/08/20,20.35,20.52,19.76,19.90,1765114,12322359.00
2019/08/21,19.96,20.77,19.96,20.30,2645740,18744432.00
2019/08/22,20.18,20.18,19.85,20.02,1549870,10788875.00
2019/08/23,19.96,20.16,19.90,20.02,1018077,7093421.00
2019/08/26,19.48,20.35,19.46,20.07,2479161,17212268.00
2019/08/27,20.10,20.41,19.99,20.35,3021887,21332890.00
2019/08/28,20.44,20.63,20.30,20.49,3876097,27659434.00
2019/08/29,20.55,20.80,20.52,20.60,2298320,16537642.00
2019/08/30,20.58,20.74,20.21,20.41,1636440,11671347.00
2019/09/02,20.58,20.83,20.30,20.83,2110330,15190929.00
2019/09/03,20.74,21.00,20.74,20.88,2061251,14995141.00
2019/09/04,20.91,21.30,20.80,21.19,2922579,21530270.00
2019/09/05,21.44,21.44,21.14,21.22,2811080,20886984.00
2019/09/06,21.25,21.39,21.05,21.25,1690020,12473506.00
2019/09/09,21.36,21.72,21.33,21.67,2329907,17472020.00
2019/09/10,21.81,21.81,21.47,21.75,1551775,11701515.00
2019/09/11,21.70,21.72,21.42,21.44,1769900,13311245.00
2019/09/12,21.56,21.75,21.42,21.64,1237640,9312732.00
2019/09/16,21.70,21.72,21.42,21.50,1374414,10337657.00
2019/09/17,21.56,21.56,20.80,20.97,1503789,11115572.00
2019/09/18,21.08,21.19,20.94,21.16,1021240,7511902.00
2019/09/19,21.19,21.64,21.00,21.53,1309046,9748868.00
2019/09/20,21.70,21.72,21.44,21.53,1376089,10361360.00
2019/09/23,21.42,21.61,21.14,21.56,967680,7198328.00
2019/09/24,21.58,21.72,21.42,21.58,1211520,9118949.00
2019/09/25,21.64,21.64,21.19,21.25,1352660,10060759.00
2019/09/26,21.25,21.36,20.46,20.63,1292420,9398922.00
2019/09/27,20.60,21.14,20.60,20.91,1118381,8144555.00
2019/09/30,20.83,21.08,20.83,20.91,1003020,7326722.00
2019/10/08,21.16,21.28,20.80,21.11,1009720,7441796.00
2019/10/09,21.19,21.25,21.00,21.14,800260,5885254.00
2019/10/10,21.14,21.64,21.08,21.50,1437988,10714486.00
2019/10/11,21.47,21.61,21.28,21.39,1014938,7577729.00
2019/10/14,21.75,22.03,21.42,21.61,2241774,16955632.00
2019/10/15,21.50,21.95,21.36,21.78,2480212,18735168.00
2019/10/16,21.81,21.95,21.72,21.72,1499821,11416489.00
2019/10/17,22.00,22.00,21.47,21.47,1385990,10488517.00
2019/10/18,21.53,21.72,20.94,21.16,1196296,8892383.00
2019/10/21,21.16,21.50,20.94,21.44,1017461,7527359.00
2019/10/22,21.72,21.72,21.16,21.50,766468,5716264.00
2019/10/23,21.67,21.67,21.30,21.42,759540,5671167.00
2019/10/24,21.42,21.67,21.22,21.67,1305400,9810509.00
2019/10/25,21.61,21.84,21.50,21.84,1060880,8039141.00
2019/10/28,21.86,21.92,21.64,21.86,1499240,11417217.00
2019/10/29,21.92,21.92,21.44,21.53,1084500,8186021.00
2019/10/30,21.56,21.56,20.86,20.91,1504613,11048580.00
2019/10/31,20.91,21.02,20.38,20.52,961880,6923197.00
2019/11/01,20.52,20.86,20.24,20.74,931300,6670521.00
2019/11/04,20.80,21.08,20.63,20.83,851300,6197606.00
2019/11/05,20.83,20.86,20.46,20.74,631360,4545115.00
2019/11/06,20.94,20.94,20.41,20.44,753700,5407760.00
2019/11/07,20.44,20.58,20.27,20.49,611640,4358518.00
2019/11/08,20.55,20.77,20.38,20.69,912563,6543736.00
2019/11/11,20.66,20.66,19.48,20.07,2100757,14571583.00
2019/11/12,19.99,20.41,19.54,20.35,1208777,8472218.00
2019/11/13,20.32,20.91,20.18,20.74,1659459,11937087.00
2019/11/14,20.74,20.94,20.58,20.80,982918,7104650.00
2019/11/15,20.80,20.80,20.24,20.38,1353702,9625112.00
2019/11/18,20.38,20.94,20.24,20.91,1086020,7811133.00
2019/11/19,20.63,21.25,20.63,21.25,915220,6735359.00
2019/11/20,21.14,21.39,21.02,21.25,1052120,7783830.00
2019/11/21,20.97,21.44,20.97,21.28,1247640,9272825.00
2019/11/22,21.16,21.61,21.14,21.22,1153200,8586053.00
2019/11/25,21.33,21.64,21.30,21.61,1934867,14519264.00
2019/11/26,21.67,21.72,20.97,21.19,1614887,11923263.00
2019/11/27,21.19,21.25,20.52,20.66,1227547,8904960.00
2019/11/28,20.80,20.80,20.44,20.49,1214080,8692447.00
2019/11/29,20.38,20.58,20.32,20.49,799900,5692723.00
2019/12/02,20.44,20.60,20.32,20.32,697800,4958331.00
2019/12/03,20.30,20.44,20.16,20.32,615200,4346791.00
2019/12/04,20.46,20.49,20.30,20.35,527640,3742590.00
2019/12/05,20.46,20.58,20.27,20.49,922220,6568271.00
2019/12/06,20.38,20.60,20.38,20.52,889526,6349030.00
2019/12/09,20.58,20.58,20.38,20.49,1162623,8305150.00
2019/12/10,20.46,20.55,20.38,20.52,769478,5500398.00
2019/12/11,20.60,20.60,20.38,20.38,626918,4466461.00
2019/12/12,20.60,20.63,20.24,20.35,922560,6568399.00
2019/12/13,20.49,20.58,20.32,20.46,1743805,12405104.00
2019/12/16,20.55,22.45,20.55,22.45,12520679,96969896.00
2019/12/17,22.31,22.76,22.00,22.56,13069300,102204192.00
2019/12/18,22.48,24.44,22.28,23.43,13010828,106321776.00
2019/12/19,23.40,23.57,22.93,23.40,6741084,54687440.00
2019/12/20,23.46,23.74,23.07,23.74,6249606,51161084.00
2019/12/23,23.91,24.55,22.42,22.65,7948003,65313768.00
2019/12/24,23.01,23.04,22.42,22.68,4233069,33525940.00
2019/12/25,22.62,22.68,22.34,22.51,4390512,34443992.00
2019/12/26,22.54,23.66,22.48,23.66,8106700,65950112.00
2019/12/27,23.49,23.52,22.65,22.79,5467280,44242384.00
2019/12/30,22.68,23.32,22.09,23.18,4461163,35612088.00
2019/12/31,23.18,23.63,22.96,23.21,3308663,26877884.00
2020/01/02,23.63,23.63,23.10,23.35,3995560,32667828.00
2020/01/03,23.35,23.60,23.10,23.24,3659867,29783076.00
2020/01/06,22.98,23.35,22.73,23.21,3393767,27455592.00
2020/01/07,23.18,23.32,23.04,23.26,3341200,27099924.00
2020/01/08,23.26,24.24,23.26,23.38,6954857,57630872.00
2020/01/09,23.46,25.67,23.35,25.11,11134396,95067600.00
2020/01/10,24.83,25.00,24.13,24.41,6808383,58458216.00
2020/01/13,24.66,24.72,24.10,24.50,3593860,30674916.00
2020/01/14,24.50,24.72,24.22,24.24,3250260,27760516.00
2020/01/15,24.16,24.36,23.60,23.74,3046434,25380172.00
2020/01/16,23.74,24.02,23.60,23.71,1847206,15338166.00
2020/01/17,23.71,23.94,23.46,23.49,1506246,12423044.00
2020/01/20,23.46,23.63,23.18,23.52,2013836,16473287.00
2020/01/21,23.60,23.60,23.18,23.18,1575070,12812683.00
2020/01/22,23.15,23.66,22.42,23.40,3396730,27355256.00
2020/01/23,23.32,23.43,22.48,22.65,2375127,19006470.00
2020/02/03,20.44,20.52,20.44,20.52,2969960,21156692.00
2020/02/04,20.88,21.30,20.46,20.63,3163846,22931570.00
2020/02/05,20.63,21.05,20.49,20.80,3243267,23530108.00
2020/02/06,20.94,21.00,20.58,20.83,2383927,17298436.00
2020/02/07,20.77,20.80,20.44,20.69,2717189,19503422.00
2020/02/10,20.63,21.08,20.55,21.08,2619490,19102224.00
2020/02/11,21.14,21.19,20.88,20.88,2093197,15313467.00
2020/02/12,20.91,22.40,20.88,21.72,4416453,33543752.00
2020/02/13,21.72,21.92,21.30,21.36,2574280,19272808.00
2020/02/14,21.33,21.33,21.00,21.19,1955860,14423244.00
2020/02/17,20.69,21.64,20.69,21.64,2805297,20875556.00
2020/02/18,21.61,21.98,21.42,21.78,2370860,17886922.00
2020/02/19,21.67,22.06,21.64,21.67,2620267,19956948.00
2020/02/20,21.89,22.00,21.56,21.95,2038780,15545999.00
2020/02/21,22.26,22.26,21.86,21.98,2445843,18782804.00
2020/02/24,21.98,21.98,21.67,21.78,2793751,21237100.00
2020/02/25,21.36,21.50,21.00,21.33,3411181,25286792.00
2020/02/26,21.11,21.95,21.02,21.81,3806537,28628386.00
2020/02/27,21.81,22.37,21.56,21.58,2455373,18716998.00
2020/02/28,21.22,21.22,20.41,20.72,3244517,23540160.00
2020/03/02,20.72,21.75,20.66,21.56,3367821,25195306.00
2020/03/03,21.72,22.17,21.42,21.61,3863616,29450436.00
2020/03/04,21.36,22.90,21.30,22.90,7383303,57335832.00
2020/03/05,23.32,23.88,22.84,22.98,8228061,66982264.00
2020/03/06,22.42,23.01,22.40,22.82,3891559,30752120.00
2020/03/09,22.34,22.76,21.92,21.92,3084623,23980276.00
2020/03/10,21.50,22.26,21.30,22.23,2845307,21677112.00
2020/03/11,22.23,22.37,21.67,21.72,2169408,16734179.00
2020/03/12,21.61,21.75,21.11,21.33,1598380,11931887.00
2020/03/13,20.41,21.16,20.13,21.02,1953969,14146615.00
2020/03/16,21.25,21.28,20.46,20.49,1517367,11036906.00
2020/03/17,20.83,21.02,20.10,20.72,1450781,10389663.00
2020/03/18,20.74,21.11,20.44,20.44,1241260,8992814.00
2020/03/19,20.52,20.88,20.30,20.72,1244620,8932177.00
2020/03/20,20.83,21.56,20.77,21.14,1430853,10552236.00
2020/03/23,20.77,20.94,20.35,20.38,1308060,9405609.00
2020/03/24,20.72,20.88,20.30,20.83,874413,6291505.00
2020/03/25,21.00,21.22,20.88,21.05,1261453,9240484.00
2020/03/26,21.02,21.05,20.74,20.94,897073,6541103.00
2020/03/27,20.97,21.36,20.80,20.88,1339860,9855050.00
2020/03/30,20.63,20.80,20.35,20.38,1504860,10753103.00
2020/03/31,20.69,20.72,20.41,20.52,624271,4463243.00
2020/04/01,20.63,20.88,20.44,20.83,1670545,12030595.00
2020/04/02,20.60,20.80,20.30,20.77,1313897,9386394.00
2020/04/03,20.66,20.69,20.38,20.44,1034000,7388082.00
2020/04/07,20.66,20.88,20.58,20.86,1896044,13673621.00
2020/04/08,20.80,22.26,20.74,21.70,4927167,37312336.00
2020/04/09,21.70,21.86,21.30,21.39,2369232,17730918.00
2020/04/10,21.39,21.95,20.97,21.89,3503897,26261240.00
2020/04/13,21.92,21.92,21.39,21.70,2091585,15775573.00
2020/04/14,21.47,21.72,21.28,21.53,1746837,13113736.00
2020/04/15,21.39,21.50,20.97,20.97,1674714,12338167.00
2020/04/16,20.91,20.97,20.63,20.69,1366772,9869778.00
2020/04/17,20.86,20.86,20.60,20.69,1125480,8121572.00
2020/04/20,20.66,20.91,20.60,20.88,1069820,7752084.00
2020/04/21,20.69,20.88,20.49,20.77,1451400,10446807.00
2020/04/22,20.69,20.86,20.49,20.80,1148040,8278261.00
2020/04/23,20.80,20.80,20.60,20.63,1095765,7902136.00
2020/04/24,20.63,20.77,20.49,20.60,1157220,8304057.00
2020/04/27,20.60,20.66,20.24,20.30,1327240,9418215.00
2020/04/28,20.27,20.32,19.12,19.85,1399100,9646224.00
2020/04/29,19.88,21.78,19.79,20.80,3461300,25145444.00
2020/04/30,20.52,20.80,20.32,20.60,2046371,14597335.00
2020/05/06,20.32,20.55,20.02,20.55,1025881,7273103.00
2020/05/07,20.58,20.58,20.27,20.30,859564,6100801.00
2020/05/08,20.49,20.52,20.30,20.41,586580,4173929.00
2020/05/11,20.41,20.49,20.21,20.30,909120,6436378.00
2020/05/12,20.32,20.38,20.02,20.21,698480,4915295.00
2020/05/13,20.13,20.44,20.13,20.30,572609,4043173.00
2020/05/14,20.38,20.41,20.13,20.18,720140,5091512.00
2020/05/15,20.32,20.32,20.13,20.13,599060,4219957.00
2020/05/18,20.13,20.24,19.76,20.02,693563,4836370.00
2020/05/19,20.02,20.24,19.90,19.96,716540,4982497.00
2020/05/20,19.96,20.04,19.85,19.96,794240,5515146.00
2020/05/21,19.99,20.27,19.99,20.07,755264,5294916.00
2020/05/22,19.96,20.58,19.96,20.55,2230570,15835371.00
2020/05/25,20.49,21.22,20.41,20.55,3608497,26221900.00
2020/05/26,20.55,21.64,19.60,21.42,6781402,49383216.00
2020/05/27,21.25,22.84,21.14,22.48,9161218,69986672.00
2020/05/28,22.34,23.82,22.14,23.57,12380883,100207376.00
2020/05/29,23.74,23.74,21.28,22.56,22837349,183348064.00
2020/06/01,21.02,21.75,21.02,21.39,9809372,73001056.00
2020/06/02,21.19,21.39,20.88,20.97,5412822,39839824.00
2020/06/03,20.91,21.16,20.80,20.88,3235280,23657630.00
2020/06/04,20.86,21.02,20.77,20.88,2252863,16412132.00
2020/06/05,20.97,20.97,20.52,20.55,2412162,17387708.00
2020/06/08,20.55,20.66,20.35,20.35,1856584,13253169.00
2020/06/09,20.44,20.44,20.27,20.35,1185272,8398966.00
2020/06/10,20.35,20.41,20.10,20.13,1934063,13612187.00
2020/06/11,20.27,20.32,20.10,20.21,1470880,10341612.00
2020/06/12,19.96,20.24,19.96,20.16,1357760,9497327.00
2020/06/15,20.07,20.41,20.07,20.30,1449837,10220932.00
2020/06/16,20.30,20.41,20.27,20.38,890120,6312056.00
2020/06/17,20.41,20.41,20.18,20.27,959900,6771691.00
2020/06/18,20.27,20.52,20.21,20.41,1185079,8396483.00
2020/06/19,20.58,20.58,20.38,20.41,1294051,9221284.00
2020/06/22,20.44,20.49,20.10,20.16,1713900,12090293.00
2020/06/23,20.27,20.27,19.99,20.04,1489800,10410777.00
2020/06/24,20.02,20.18,19.93,19.99,832787,5801889.00
2020/06/29,19.93,20.13,19.90,19.96,773940,5383804.00
2020/06/30,19.99,20.27,19.99,20.10,1029939,7215712.00
2020/07/01,20.04,20.16,19.99,20.07,1129316,7887085.00
2020/07/02,20.04,20.24,20.02,20.24,1284563,9025546.00
2020/07/03,20.35,20.44,20.27,20.44,1848016,13125325.00
2020/07/06,20.44,20.94,20.44,20.91,4521378,32675686.00
2020/07/07,21.05,21.08,20.72,20.86,5370492,39059044.00
2020/07/08,20.80,21.22,20.80,21.11,3849543,28242444.00
2020/07/09,21.14,21.42,21.02,21.36,4030857,29816660.00
2020/07/10,21.28,21.39,20.80,20.91,3798201,28045228.00
2020/07/13,21.02,21.58,20.94,21.47,3921915,29190960.00
2020/07/14,21.44,23.18,21.28,22.87,10619904,81977056.00
2020/07/15,22.48,22.59,21.50,21.67,5701259,43690848.00
2020/07/16,21.50,21.86,20.77,20.88,3185489,23635064.00
2020/07/17,20.91,21.42,20.83,21.28,1725556,12668090.00
2020/07/20,21.33,21.98,21.14,21.86,3051295,23181784.00
2020/07/21,21.86,21.98,21.53,21.67,1880877,14263173.00
2020/07/22,21.56,22.00,21.53,21.67,1649160,12508516.00
2020/07/23,21.64,21.89,21.30,21.50,2712614,20381160.00
2020/07/24,21.44,22.09,21.02,21.02,3021600,22698048.00
2020/07/27,21.19,21.86,20.83,21.72,4179517,31245670.00
2020/07/28,21.67,22.06,21.56,21.72,2377460,18104684.00
2020/07/29,21.58,22.12,21.56,21.98,2468275,18878436.00
2020/07/30,22.06,22.34,21.72,22.23,3708835,28660488.00
2020/07/31,22.17,22.48,21.98,22.40,3037262,23612662.00
2020/08/03,22.34,22.65,22.23,22.48,3513804,27445294.00
2020/08/04,22.40,22.51,21.98,22.06,2626738,20342904.00
2020/08/05,22.23,22.82,22.12,22.59,3906218,30742668.00
2020/08/06,23.01,23.63,22.14,22.56,6150219,48623360.00
2020/08/07,22.34,22.51,21.89,22.23,2557141,19773708.00
2020/08/10,22.31,22.56,22.17,22.42,2392044,18706388.00
2020/08/11,22.84,23.68,21.58,21.61,8741591,68543584.00
2020/08/12,21.47,21.47,20.83,21.08,3852186,28287636.00
2020/08/13,21.22,21.56,20.97,21.25,2306106,17174408.00
2020/08/14,21.28,21.53,21.25,21.42,1671040,12449835.00
2020/08/17,21.50,22.00,21.36,21.92,2915160,22150860.00
2020/08/18,21.86,22.23,21.86,22.12,2456820,18942420.00
2020/08/19,22.09,22.56,21.95,22.03,2174060,16841524.00
2020/08/20,21.84,22.37,21.84,22.26,2235523,17326246.00
2020/08/21,22.34,22.34,21.84,22.06,2066135,15923536.00
2020/08/24,22.03,22.17,21.78,22.00,1721024,13187728.00
2020/08/25,21.86,22.20,21.86,22.20,2114899,16307996.00
2020/08/26,22.14,22.48,21.81,22.42,3605903,27966472.00
2020/08/27,22.45,23.60,21.78,21.95,5986341,46431532.00
2020/08/28,21.84,22.26,21.72,21.92,3708434,28475988.00
2020/08/31,22.03,22.42,22.00,22.34,2891720,22480960.00
2020/09/01,22.31,22.90,22.20,22.68,3563660,28130596.00
2020/09/02,22.96,22.98,22.48,22.76,3145580,24971752.00
2020/09/03,22.90,23.49,22.70,23.15,6602526,53351812.00
2020/09/04,22.96,23.24,22.70,23.07,3092280,24834136.00
2020/09/07,23.15,23.15,22.48,22.68,3187201,25392462.00
2020/09/08,22.59,23.77,22.56,23.60,6437591,52712764.00
2020/09/09,23.46,24.08,23.32,23.66,5697435,47333112.00
2020/09/10,23.77,23.91,22.87,23.26,4540455,36990036.00
2020/09/11,23.49,23.54,22.76,23.43,2982120,24141468.00
2020/09/14,23.66,24.50,23.54,24.24,5278300,44552480.00
2020/09/15,24.08,24.30,23.57,23.91,3027280,25242280.00
2020/09/16,23.91,23.99,23.12,23.40,2798480,22892048.00
2020/09/17,23.35,23.52,22.93,23.21,2384940,19327212.00
2020/09/18,23.29,23.63,23.12,23.46,2212140,18072060.00
2020/09/21,23.54,24.27,23.35,24.08,4640780,38819852.00
2020/09/22,24.02,24.08,23.29,23.74,4377361,36102656.00
2020/09/23,23.68,23.80,23.43,23.57,1786420,14746460.00
2020/09/24,23.40,23.66,22.76,22.93,2550760,20620462.00
2020/09/25,22.90,23.12,22.37,22.79,1991240,15864218.00
2020/09/28,22.68,23.01,22.34,22.84,2252867,17830922.00
2020/09/29,22.84,24.13,22.84,23.71,3980480,32994860.00
2020/09/30,23.66,24.16,23.46,24.08,5344421,44721000.00
2020/10/09,24.10,24.24,23.54,23.88,4580840,38039016.00
2020/10/12,23.71,24.47,23.60,24.41,5008681,41989836.00
2020/10/13,24.30,24.38,23.80,23.80,5803504,48503360.00
2020/10/14,24.02,24.02,23.10,23.46,4517100,37063852.00
2020/10/15,23.49,24.72,23.15,23.71,10555881,88543264.00
2020/10/16,23.74,23.99,22.65,22.90,6791304,54635336.00
2020/10/19,23.07,23.52,22.79,23.01,3463840,27970010.00
2020/10/20,23.10,23.24,22.51,22.90,3957464,31594096.00
2020/10/21,22.93,23.01,22.70,22.79,1457940,11619387.00
2020/10/22,22.73,22.87,22.34,22.68,1623537,12783417.00
2020/10/23,22.59,23.15,22.20,22.59,4725600,37465536.00
2020/10/26,22.37,22.82,22.00,22.59,3806720,29853364.00
2020/10/27,22.56,22.70,22.40,22.54,1404560,11076262.00
2020/10/28,22.45,22.54,22.09,22.31,1165500,9072313.00
2020/10/29,22.03,22.20,21.92,21.92,1369800,10551892.00
2020/10/30,21.92,22.12,21.22,21.36,1703045,12860256.00
2020/11/02,21.28,21.56,20.60,20.72,2980080,21757316.00
2020/11/03,20.49,20.94,20.49,20.80,1777320,12898992.00
2020/11/04,20.80,20.94,20.72,20.74,1096160,7952402.00
2020/11/05,20.77,20.97,20.77,20.86,1485400,10797061.00
2020/11/06,20.86,20.91,20.52,20.66,1608760,11609189.00
2020/11/09,20.69,21.16,20.69,21.00,2385800,17435528.00
2020/11/10,21.02,21.08,20.63,20.69,1770000,12824767.00
2020/11/11,20.77,20.77,20.52,20.58,1831740,13150137.00
2020/11/12,20.58,20.80,20.38,20.55,3123360,22347102.00
2020/11/13,20.55,20.58,20.24,20.49,2308720,16431145.00
2020/11/16,20.55,20.80,20.41,20.52,3929100,28151256.00
2020/11/17,20.55,20.60,20.30,20.38,2506620,17814228.00
2020/11/18,20.38,20.58,20.32,20.55,1638500,11715340.00
2020/11/19,20.60,20.77,20.58,20.72,2452288,17693372.00
2020/11/20,20.69,20.80,20.58,20.72,2021120,14570692.00
2020/11/23,20.72,20.86,20.66,20.77,1973734,14283843.00
2020/11/24,20.77,21.11,20.66,20.94,3163260,23045272.00
2020/11/25,21.00,21.28,20.91,21.02,3258940,23938434.00
2020/11/26,21.14,21.36,20.97,21.11,1752820,12901689.00
2020/11/27,21.00,21.44,20.97,21.44,2313780,17176484.00
2020/11/30,21.50,21.61,21.11,21.39,1531720,11395923.00
2020/12/01,21.19,21.50,21.16,21.25,1129660,8401617.00
2020/12/02,21.28,21.39,21.05,21.36,1437940,10620522.00
2020/12/03,21.28,21.61,21.25,21.61,1521700,11365026.00
2020/12/04,21.44,21.72,21.44,21.70,1187040,8938666.00
2020/12/07,21.67,21.67,21.47,21.47,1035840,7783502.00
2020/12/08,21.39,21.47,21.00,21.02,1646634,12170979.00
2020/12/09,21.02,21.16,21.02,21.11,992480,7299974.00
2020/12/10,21.05,21.36,21.00,21.19,707360,5237941.00
2020/12/11,21.28,21.28,20.66,20.80,1070374,7813036.00
2020/12/14,21.14,21.14,20.60,20.72,1334280,9639322.00
2020/12/15,20.72,20.94,20.58,20.77,1107400,7994172.00
2020/12/16,20.77,21.36,20.69,21.08,1051070,7695126.00
2020/12/17,21.22,21.70,20.83,21.56,2490330,18562260.00
2020/12/18,21.56,21.81,21.30,21.58,1112200,8367857.00
2020/12/21,21.47,21.70,21.42,21.53,1276940,9601248.00
2020/12/22,21.36,21.75,21.30,21.67,1805380,13569309.00
2020/12/23,21.84,23.04,21.64,22.84,6731480,52943360.00
2020/12/24,24.02,24.22,21.67,22.00,18031754,147161152.00
2020/12/25,19.96,21.00,19.96,20.02,6812357,48275572.00
2020/12/28,19.76,19.85,19.04,19.15,4451994,29888046.00
2020/12/29,19.23,19.54,18.81,19.01,3400880,22463124.00
2020/12/30,19.04,19.43,18.84,19.26,1421880,9460823.00
2020/12/31,19.37,19.99,19.26,19.43,1890251,12895101.00
2021/01/04,19.43,19.43,19.12,19.15,2201624,14715560.00
2021/01/05,19.15,19.15,18.59,18.67,2155554,14104100.00
2021/01/06,18.73,18.76,17.89,18.00,2894197,18285628.00
2021/01/07,18.00,18.00,17.19,17.19,2852944,17273192.00
2021/01/08,17.16,17.69,16.88,17.41,1361217,8143117.00
2021/01/11,17.41,17.41,16.82,16.85,1213440,7182268.00
2021/01/12,16.96,17.22,16.85,16.99,798160,4725730.00
2021/01/13,16.96,17.16,16.38,16.60,1155927,6653610.00
2021/01/14,16.66,16.82,16.49,16.74,723600,4184248.00
2021/01/15,16.80,17.19,16.74,17.10,789820,4639436.00
2021/01/18,17.08,17.41,16.94,17.19,920271,5497110.00
2021/01/19,17.24,17.55,17.05,17.41,764340,4599489.00
2021/01/20,17.33,17.44,17.13,17.22,655140,3918494.00
2021/01/21,17.19,17.38,16.91,16.96,1442440,8558513.00
2021/01/22,16.91,16.99,16.40,16.66,1289760,7441750.00
2021/01/25,16.68,16.85,16.29,16.68,1757438,10075277.00
2021/01/26,16.57,16.80,16.40,16.74,1586327,9165193.00
2021/01/27,16.60,16.91,16.46,16.85,1816340,10517090.00
2021/01/28,16.60,16.99,16.52,16.77,1621937,9456269.00
2021/01/29,16.63,16.77,16.21,16.35,1608960,9186531.00
2021/02/01,16.46,16.49,16.12,16.38,577640,3258959.00
2021/02/02,16.38,16.43,16.21,16.43,434720,2464574.00
2021/02/03,16.43,16.49,16.21,16.46,730040,4124932.00
2021/02/04,16.46,16.46,15.70,16.21,2900480,16014880.00
2021/02/05,15.93,16.24,15.82,16.15,1027420,5687784.00
2021/02/08,16.12,16.12,15.96,16.10,455300,2525909.00
2021/02/09,16.10,16.40,15.98,16.21,471540,2639795.00
2021/02/10,16.21,16.24,16.04,16.04,693460,3865900.00
2021/02/18,16.10,16.60,16.07,16.46,981480,5550787.00
2021/02/19,16.49,16.85,16.40,16.80,1281720,7413056.00
2021/02/22,16.88,17.41,16.80,16.99,1990242,11792852.00
2021/02/23,16.99,17.16,16.77,16.88,780700,4577576.00
2021/02/24,16.91,17.19,16.82,17.08,1045937,6184624.00
2021/02/25,17.10,17.10,16.91,16.94,562320,3310228.00
2021/02/26,16.88,17.13,16.77,16.99,933727,5489680.00
2021/03/01,17.05,17.33,17.02,17.22,1358340,8090295.00
2021/03/02,17.24,17.30,16.94,17.05,1025953,6079657.00
2021/03/03,17.05,17.13,16.85,17.13,919413,5426888.00
2021/03/04,17.13,17.27,17.02,17.19,856200,5094885.00
2021/03/05,17.13,17.55,17.05,17.47,1701020,10250441.00
2021/03/08,17.52,17.94,17.36,17.47,1552640,9494913.00
2021/03/09,17.47,17.61,16.77,17.27,1145797,6847732.00
2021/03/10,17.27,17.47,16.82,16.96,1017940,6039264.00
2021/03/11,16.82,17.16,16.74,17.13,845417,4982403.00
2021/03/12,17.08,17.41,16.99,17.33,984740,5889718.00
2021/03/15,17.30,17.72,17.19,17.61,1348697,8191177.00
2021/03/16,17.55,18.25,17.50,17.97,1844580,11438877.00
2021/03/17,17.94,17.94,17.50,17.83,1519680,9361086.00
2021/03/18,17.69,17.80,17.61,17.80,1039540,6385131.00
2021/03/19,17.66,17.83,17.61,17.78,767477,4725074.00
2021/03/22,17.83,18.28,17.66,18.17,1357200,8513867.00
2021/03/23,18.17,18.42,17.89,18.11,1393277,8765370.00
2021/03/24,17.94,18.70,17.89,18.36,2305540,14645338.00
2021/03/25,18.31,18.34,17.69,17.92,2190700,13665970.00
2021/03/26,17.75,18.48,17.75,18.20,1637077,10324302.00
2021/03/29,18.14,18.48,17.94,18.17,2124820,13456155.00
2021/03/30,18.03,18.06,17.64,17.75,1518320,9371666.00
2021/03/31,17.66,18.28,17.66,18.20,1501140,9400784.00
2021/04/01,18.34,18.39,17.83,17.97,1723551,10758539.00
2021/04/02,17.97,18.00,17.69,17.78,1087120,6716009.00
2021/04/06,17.80,17.94,17.66,17.94,860800,5334070.00
2021/04/07,17.94,18.11,17.89,18.00,655220,4095531.00
2021/04/08,17.94,18.06,17.64,17.66,1262640,7794833.00
2021/04/09,17.80,17.80,17.50,17.58,822060,5014025.00
2021/04/12,17.72,18.48,17.44,18.06,5672060,35720420.00
2021/04/13,18.14,18.28,17.69,18.00,2745140,17085310.00
2021/04/14,18.28,18.28,17.64,17.89,2703860,16784168.00
2021/04/15,17.75,17.86,17.47,17.66,1713260,10490126.00
2021/04/16,17.75,17.92,17.61,17.83,2105700,13012020.00
2021/04/19,17.92,18.25,17.80,18.14,2327767,14596185.00
2021/04/20,18.11,18.31,18.00,18.22,1935810,12227430.00
2021/04/21,18.25,18.31,17.72,17.83,1892370,11774521.00
2021/04/22,17.80,17.97,17.80,17.92,680913,4234761.00
2021/04/23,17.94,19.65,17.94,18.42,7274821,47249168.00
2021/04/26,18.11,18.14,16.63,17.86,4603140,28347456.00
2021/04/27,17.66,17.69,17.13,17.19,2484271,14919044.00
2021/04/28,17.10,17.38,16.88,17.16,1264720,7513767.00
2021/04/29,17.19,17.30,17.02,17.19,884620,5259619.00
2021/04/30,17.30,17.30,16.88,16.94,754200,4454788.00
2021/05/06,16.85,17.27,16.85,16.96,765000,4514738.00
2021/05/07,16.96,16.99,16.60,16.85,1220880,7088606.00
2021/05/10,16.88,16.96,16.74,16.85,785080,4577311.00
2021/05/11,16.85,17.16,16.82,17.08,887187,5228080.00
2021/05/12,16.96,17.30,16.91,17.30,711051,4227981.00
2021/05/13,17.30,17.33,17.16,17.22,513460,3072278.00
2021/05/14,17.22,17.47,17.19,17.38,575840,3474741.00
2021/05/17,17.47,17.50,17.08,17.08,548600,3272997.00
2021/05/18,17.02,17.08,16.82,17.02,527840,3099299.00
2021/05/19,17.02,17.16,16.96,17.02,397100,2346586.00
2021/05/20,16.91,17.05,16.82,16.94,682877,4010928.00
2021/05/21,17.30,18.31,17.24,17.41,2899631,17661224.00
2021/05/24,17.30,17.55,17.08,17.38,1105160,6641336.00
2021/05/25,17.30,17.52,17.24,17.47,713640,4301919.00
2021/05/26,17.52,17.52,17.24,17.38,701820,4221081.00
2021/05/27,17.38,17.50,17.27,17.44,690380,4168444.00
2021/05/28,17.50,18.11,17.47,17.92,3209607,19851168.00
2021/05/31,17.89,18.62,17.75,18.39,3719740,23557146.00
2021/06/01,18.42,18.64,18.11,18.25,1898860,12064356.00
2021/06/02,18.17,18.64,18.11,18.53,3865760,24786782.00
2021/06/03,18.62,18.62,17.97,18.11,2085060,13132662.00
2021/06/04,18.11,18.11,17.66,18.00,1766080,10954019.00
2021/06/07,18.00,18.25,17.86,18.17,1013160,6360398.00
2021/06/08,18.17,18.17,17.97,18.06,824860,5160442.00
2021/06/09,17.94,18.11,17.86,18.03,542300,3392603.00
2021/06/10,17.94,17.97,17.66,17.83,1179440,7277120.00
2021/06/11,17.94,18.42,17.94,18.11,1395199,8805616.00
2021/06/15,18.03,18.11,17.75,17.92,889520,5521448.00
2021/06/16,17.92,17.94,17.66,17.72,692380,4271652.00
2021/06/17,17.92,17.92,17.50,17.55,735120,4522236.00
2021/06/18,17.52,17.69,17.50,17.55,659937,4022314.00
2021/06/21,17.58,17.86,17.47,17.78,952260,5833785.00
2021/06/22,17.83,17.94,17.69,17.92,715440,4429717.00
2021/06/23,17.97,17.97,17.78,17.80,536760,3325256.00
2021/06/24,17.75,17.89,17.64,17.78,1000600,6179909.00
2021/06/25,17.86,18.03,17.38,17.55,1067500,6510003.00
2021/06/28,17.72,17.72,17.36,17.44,872300,5282691.00
2021/06/29,17.44,17.50,17.19,17.24,918560,5515852.00
2021/06/30,17.19,17.30,17.02,17.22,809100,4814375.00
2021/07/01,17.30,17.33,16.96,17.08,866087,5135744.00
2021/07/02,17.36,17.41,17.08,17.36,1410340,8448964.00
2021/07/05,17.38,17.64,17.24,17.58,1148160,6965048.00
2021/07/06,17.58,17.72,17.44,17.66,1214640,7410855.00
2021/07/07,17.66,17.66,17.41,17.44,866800,5258807.00
2021/07/08,17.55,17.64,17.22,17.41,1028100,6190448.00
2021/07/09,17.47,17.58,17.38,17.47,674500,4047055.00
2021/07/12,17.58,17.75,17.38,17.64,1209617,7309221.00
2021/07/13,17.58,17.89,17.50,17.80,1588140,9658209.00
2021/07/14,17.80,17.80,17.58,17.69,1059320,6425693.00
2021/07/15,17.55,17.86,17.41,17.66,1693697,10260947.00
2021/07/16,17.72,18.00,17.52,17.75,993060,6028419.00
2021/07/19,17.66,17.89,17.61,17.75,757120,4621787.00
2021/07/20,17.75,18.08,17.55,17.80,1865117,11428233.00
2021/07/21,17.80,18.39,17.78,18.31,3707120,23199564.00
2021/07/22,18.31,18.59,18.11,18.45,2628360,16661292.00
2021/07/23,18.42,18.67,18.14,18.48,2834420,17893516.00
2021/07/26,18.45,18.53,18.08,18.17,967920,6082537.00
2021/07/27,18.25,18.70,18.20,18.34,2212980,14027326.00
2021/07/28,18.34,18.42,17.75,18.34,1497460,9305673.00
2021/07/29,18.34,18.92,18.28,18.73,2288014,14668997.00
2021/07/30,18.59,18.87,18.39,18.48,1837800,11715487.00
2021/08/02,18.36,18.56,18.20,18.53,1242060,7877656.00
2021/08/03,18.62,18.87,18.48,18.87,2654840,17108596.00
2021/08/04,18.92,19.62,18.78,19.43,5881180,39213144.00
2021/08/05,19.65,19.65,18.64,18.87,5399338,35278924.00
2021/08/06,19.01,20.30,19.01,19.79,8810229,59984264.00
2021/08/09,19.34,19.79,19.26,19.54,3252477,21841918.00
2021/08/10,19.54,19.79,19.26,19.57,2823580,19034100.00
2021/08/11,19.54,19.74,19.04,19.60,3568780,23909900.00
2021/08/12,19.43,19.65,19.23,19.54,2337680,15706467.00
2021/08/13,19.51,19.93,19.51,19.79,3069957,20923056.00
2021/08/16,19.93,19.93,19.51,19.85,1703780,11565153.00
2021/08/17,19.99,20.02,19.37,19.65,2662960,18069136.00
2021/08/18,19.79,19.85,19.34,19.62,2814220,18987862.00
2021/08/19,19.12,19.99,19.12,19.74,3754720,25342288.00
2021/08/20,19.26,19.74,19.09,19.12,2114100,14109182.00
2021/08/23,19.12,19.37,18.81,19.01,2753910,18049404.00
2021/08/24,19.01,19.18,18.87,19.06,1675940,10969735.00
2021/08/25,19.12,19.71,18.92,19.29,3588737,24034760.00
2021/08/26,19.29,19.62,19.06,19.32,2607080,17325876.00
2021/08/27,19.23,19.46,18.70,19.37,4422820,29025272.00
2021/08/30,19.37,19.51,18.90,19.34,2087760,13764207.00
2021/08/31,19.23,19.34,19.04,19.15,1122040,7402642.00
2021/09/01,19.12,19.15,18.67,18.84,2209440,14378218.00
2021/09/02,18.92,19.20,18.76,19.09,2446200,16054721.00
2021/09/03,19.06,19.46,18.92,19.12,1329580,8788420.00
2021/09/06,19.26,19.34,18.92,19.23,765480,5056904.00
2021/09/07,19.29,19.37,19.18,19.37,900740,5981931.00
2021/09/08,19.37,19.57,19.32,19.43,1681900,11266823.00
2021/09/09,19.43,19.74,19.20,19.68,2035954,13729898.00
2021/09/10,19.68,19.93,19.60,19.79,1746500,11914035.00
2021/09/13,19.79,20.07,19.68,20.04,2201344,15179753.00
2021/09/14,19.90,20.04,19.54,19.76,1918240,13094906.00
2021/09/15,19.76,20.10,19.60,20.02,1666120,11431083.00
2021/09/16,20.02,20.30,19.71,19.85,2173737,15028919.00
2021/09/17,19.65,20.02,19.60,19.99,1712264,11693294.00
2021/09/22,19.85,20.32,19.65,20.32,1591620,11078884.00
2021/09/23,20.32,20.46,20.16,20.41,1179640,8276166.00
2021/09/24,20.41,20.58,20.18,20.35,1576460,11076112.00
2021/09/27,20.30,20.49,19.82,20.16,2744400,19042032.00
2021/09/28,20.55,20.55,20.02,20.07,2002320,14052498.00
2021/09/29,19.79,20.27,19.79,20.07,1325880,9192040.00
2021/09/30,20.24,20.41,20.07,20.18,1280349,8957868.00
2021/10/08,19.99,21.44,19.99,21.00,4337080,31607022.00
2021/10/11,20.60,22.48,20.60,21.92,8022794,60221644.00
2021/10/12,21.72,22.12,21.58,22.12,2603780,19722116.00
2021/10/13,22.14,22.31,21.70,21.78,2804737,21290670.00
2021/10/14,21.72,22.00,21.36,21.92,1932840,14493169.00
2021/10/15,21.84,22.40,21.67,21.89,2291160,17441526.00
2021/10/18,21.81,22.28,21.44,22.23,2514120,19142814.00
2021/10/19,22.34,22.84,21.72,22.17,3525460,27233092.00
2021/10/20,21.89,22.68,21.81,22.68,3691391,28635528.00
2021/10/21,22.51,22.68,21.47,21.47,3497297,26745860.00
2021/10/22,21.44,21.72,20.97,21.47,3773800,27891828.00
2021/10/25,21.42,22.51,21.28,21.56,2645180,19972084.00
2021/10/26,21.50,21.92,21.02,21.36,2639780,19513244.00
2021/10/27,21.72,21.72,21.16,21.19,1421900,10500232.00
2021/10/28,21.11,21.61,20.91,21.00,1844700,13432740.00
2021/10/29,21.00,21.25,20.55,20.80,1885420,13524789.00
2021/11/01,20.83,20.83,20.30,20.66,2449597,17373320.00
2021/11/02,20.49,21.00,20.32,20.97,1675037,11980604.00
2021/11/03,21.00,21.19,20.52,20.55,1127300,8073135.00
2021/11/04,20.49,21.02,20.38,21.00,1390397,9978387.00
2021/11/05,21.05,21.25,20.69,21.16,1661420,12049020.00
2021/11/08,21.14,21.44,21.02,21.11,1043417,7645247.00
2021/11/09,21.22,21.22,20.55,21.14,963957,6998760.00
2021/11/10,21.00,21.14,20.86,21.02,816320,5919232.00
2021/11/11,21.02,21.16,20.77,20.83,1023300,7409273.00
2021/11/12,20.91,21.22,20.46,20.94,2283300,16416041.00
2021/11/15,20.83,21.08,20.69,20.94,1660500,11992268.00
2021/11/16,20.94,20.97,20.49,20.52,1645360,11766699.00
2021/11/17,20.66,21.47,20.44,21.25,2521040,18352788.00
2021/11/18,21.44,21.56,21.08,21.14,1551280,11434510.00
2021/11/19,21.14,22.70,21.14,22.65,7101325,54638280.00
2021/11/22,22.65,22.65,21.98,22.12,3002840,23180796.00
2021/11/23,22.14,22.23,21.50,21.64,3482017,26210556.00
2021/11/24,21.64,22.51,21.39,22.42,5262300,40388752.00
2021/11/25,22.40,22.45,22.00,22.14,1701100,13047274.00
2021/11/26,22.09,22.54,21.84,22.12,1596820,12264817.00
2021/11/29,21.86,22.23,21.86,22.17,1516640,11576148.00
2021/11/30,22.37,22.48,21.89,21.95,1875331,14374284.00
2021/12/01,21.95,22.62,21.70,22.37,3159100,24319808.00
2021/12/02,22.23,22.65,22.20,22.31,1957900,15190772.00
2021/12/03,22.62,23.57,22.09,23.18,6619769,52760404.00
2021/12/06,23.18,23.63,23.07,23.49,4150160,33701872.00
2021/12/07,23.77,24.58,23.52,24.30,7815173,65538472.00
2021/12/08,23.82,24.55,23.82,24.38,3596120,30310284.00
2021/12/09,24.24,24.52,23.91,24.08,3418906,28663272.00
2021/12/10,24.08,25.17,23.96,24.58,4237551,36291056.00
2021/12/13,24.78,24.78,24.33,24.47,3153240,26804236.00
2021/12/14,24.50,24.72,24.33,24.41,2797940,23830080.00
2021/12/15,24.44,25.14,24.10,24.89,3413260,29317552.00
2021/12/16,24.78,25.56,24.05,24.44,5585805,47718704.00
2021/12/17,24.27,24.52,23.63,24.27,4979420,41724800.00
2021/12/20,24.33,24.38,23.43,23.85,2683680,22245086.00
2021/12/21,23.85,24.61,23.63,24.30,4033420,33762512.00
2021/12/22,24.36,25.11,24.27,24.72,3752080,32175524.00
2021/12/23,24.44,24.75,23.07,23.60,5897320,48833968.00
2021/12/24,23.82,23.82,23.07,23.07,2456626,19823284.00
2021/12/27,23.07,24.05,23.07,23.94,5798151,47891484.00
2021/12/28,23.94,24.38,23.63,24.33,4746974,39743324.00
2021/12/29,24.13,24.13,23.04,23.15,4932820,39968616.00
2021/12/30,23.18,23.71,22.98,23.29,2051397,16663285.00
2021/12/31,23.29,23.54,23.24,23.43,1084280,8805644.00
2022/01/04,23.43,23.63,23.29,23.43,1829677,14914474.00
2022/01/05,23.49,24.89,23.49,24.13,6992043,58801616.00
2022/01/06,24.10,24.52,23.57,23.63,3200377,26735828.00
2022/01/07,23.68,23.91,23.12,23.12,3115280,25214960.00
2022/01/10,23.12,23.35,22.87,23.04,1675260,13383826.00
2022/01/11,22.96,23.38,22.82,22.82,3578940,28555752.00
2022/01/12,22.84,23.24,22.76,22.96,2278200,18148096.00
2022/01/13,22.93,23.01,22.51,22.54,2129100,16726065.00
2022/01/14,22.56,22.76,21.53,21.58,4305920,32774972.00
2022/01/17,21.86,21.98,21.47,21.58,3005440,22511704.00
2022/01/18,21.67,21.92,20.97,21.67,3760920,27795328.00
2022/01/19,21.64,22.00,21.25,21.42,1966300,14645583.00
2022/01/20,21.61,21.75,20.58,21.70,4552085,33472388.00
2022/01/21,21.56,21.58,20.83,20.97,2259320,16475560.00
2022/01/24,21.11,22.31,21.08,22.03,3615105,27277622.00
2022/01/25,21.92,22.20,21.70,22.12,2547740,19381418.00
2022/01/26,22.20,22.65,22.12,22.65,7995040,62136160.00
2022/01/27,22.51,22.51,21.53,21.78,3146580,23853504.00
2022/01/28,21.92,21.95,21.16,21.84,1797700,13414355.00
2022/02/07,21.89,21.89,21.00,21.50,1352200,9985596.00
2022/02/08,21.50,22.09,21.08,22.03,1795040,13468473.00
2022/02/09,22.03,22.28,21.86,21.98,1433080,10971576.00
2022/02/10,22.00,22.09,21.50,22.00,1816281,13668619.00
2022/02/11,21.86,22.03,21.22,21.39,1419019,10579371.00
2022/02/14,21.05,21.64,21.05,21.42,639500,4740056.00
2022/02/15,21.44,22.48,21.14,22.17,4169599,31733488.00
2022/02/16,22.17,24.33,21.95,24.33,22184648,186079328.00
2022/02/17,24.75,26.71,24.61,26.71,30225222,270297152.00
2022/02/18,24.47,29.31,24.10,29.31,44301145,418404864.00
2022/02/21,30.66,32.17,29.87,32.17,66051052,732010816.00
2022/02/22,30.21,32.11,29.03,29.03,52651163,561116160.00
2022/02/23,27.27,27.91,26.34,27.04,45252343,426376128.00
2022/02/24,26.46,27.60,24.44,25.48,37531880,343899264.00
2022/02/25,25.48,25.87,24.50,25.64,27057261,236468816.00
2022/02/28,25.20,25.22,24.24,24.41,18678800,159613584.00
2022/03/01,24.16,24.64,24.05,24.47,14103519,119402848.00
2022/03/02,24.36,25.36,24.13,25.25,24120923,209248176.00
2022/03/03,24.94,25.31,24.33,25.20,19762758,170575184.00
2022/03/04,24.69,24.80,23.21,23.24,21030981,174212864.00
2022/03/07,23.24,23.68,23.07,23.32,10881673,88392616.00
2022/03/08,23.12,23.71,22.48,22.93,12270860,98628032.00
2022/03/09,22.79,23.40,21.53,23.10,13041090,102938560.00
2022/03/10,23.32,23.46,22.76,22.98,10375480,83117128.00
2022/03/11,22.48,22.84,21.95,22.68,10361360,80246968.00
2022/03/14,22.42,23.07,22.37,22.48,8339680,65839808.00
2022/03/15,22.40,23.99,22.09,22.87,17852777,143382816.00
2022/03/16,22.73,23.88,22.42,23.80,18149660,147012576.00
2022/03/17,24.05,24.16,23.24,23.40,16317220,133437888.00
2022/03/18,23.26,23.66,23.15,23.43,8926720,72771816.00
2022/03/21,23.60,24.13,23.43,23.99,13336740,110076728.00
2022/03/22,23.85,23.88,23.29,23.54,9193820,74999480.00
2022/03/23,23.60,24.41,23.29,23.32,11270380,92910248.00
2022/03/24,23.07,23.57,22.34,22.40,10778160,84888192.00
2022/03/25,22.40,24.08,22.37,23.24,13525490,109282288.00
2022/03/28,23.01,23.18,22.42,22.65,8182430,64614264.00
2022/03/29,22.76,22.79,21.75,21.92,8040430,61743992.00
2022/03/30,22.00,22.73,21.95,22.34,6004120,46662448.00
2022/03/31,22.51,24.33,22.51,23.10,13242130,107247592.00
2022/04/01,23.29,23.29,22.56,22.59,7322040,57646112.00
2022/04/06,22.65,23.77,22.65,23.71,12037760,98071064.00
2022/04/07,23.71,23.77,23.10,23.29,6882940,55907940.00
2022/04/08,23.29,24.33,23.24,24.24,16733420,139034256.00
2022/04/11,23.57,24.27,23.29,23.54,14844540,122229128.00
2022/04/12,23.32,23.35,22.23,23.32,10348840,81645624.00
2022/04/13,23.04,23.04,22.06,22.09,8961640,69539088.00
2022/04/14,22.14,23.07,22.14,22.26,5420880,42257808.00
2022/04/15,22.26,22.40,20.77,20.83,10117440,74579456.00
2022/04/18,20.83,21.11,19.71,20.21,6917940,48445156.00
2022/04/19,19.96,20.83,19.96,20.72,5685560,40514712.00
2022/04/20,20.63,21.14,20.27,20.52,4453560,31805084.00
2022/04/21,20.49,20.49,19.09,19.20,6766392,45558788.00
2022/04/22,18.92,19.23,18.62,18.87,3765020,24604308.00
2022/04/25,18.59,19.15,17.83,17.94,5952060,38172592.00
2022/04/26,17.89,18.22,17.27,17.38,5634520,34363976.00
2022/04/27,17.24,17.61,15.70,17.61,5528540,32456608.00
2022/04/28,17.41,17.52,16.52,16.77,4883800,28425272.00
2022/04/29,17.02,18.03,17.02,17.78,5432170,32916388.00
2022/05/05,17.80,18.48,17.52,18.08,4205039,26092990.00
2022/05/06,17.80,18.25,17.66,17.83,3138600,19376340.00
2022/05/09,18.00,19.20,18.00,18.78,5486960,35476628.00
2022/05/10,18.56,19.68,18.42,19.65,8670660,57793792.00
2022/05/11,19.65,20.21,19.18,19.23,8315280,56413588.00
2022/05/12,19.79,21.08,19.60,21.08,7932717,56020936.00
2022/05/13,22.09,22.17,20.74,21.36,18384080,135544864.00
2022/05/16,21.42,22.23,21.16,21.75,12203157,91828176.00
2022/05/17,21.67,23.04,20.94,21.22,10450288,78026632.00
2022/05/18,21.16,21.70,20.77,21.08,7114360,52350624.00
2022/05/19,20.88,21.44,20.80,21.44,5901640,43366108.00
2022/05/20,21.44,21.67,21.11,21.28,3959100,29195426.00
2022/05/23,21.30,21.89,21.11,21.72,3936280,29387660.00
2022/05/24,21.72,21.86,20.88,20.91,4644780,34168788.00
2022/05/25,21.08,21.30,20.80,21.08,3101200,22560392.00
2022/05/26,21.05,21.30,20.86,20.91,2666617,19386956.00
2022/05/27,21.22,21.33,20.60,21.05,3343636,24232216.00
2022/05/30,20.94,21.30,20.63,20.77,4380800,31740296.00
2022/05/31,20.66,20.86,20.32,20.44,2646300,18717554.00
2022/06/01,20.58,20.83,20.18,20.35,2406820,17047064.00
2022/06/02,20.77,20.86,20.10,20.49,3893500,27488236.00
2022/06/06,20.44,20.58,20.27,20.35,3504140,24681400.00
2022/06/07,20.41,20.74,20.27,20.58,4394920,31123206.00
2022/06/08,20.58,21.02,19.76,20.10,4926220,34375980.00
2022/06/09,20.10,20.60,19.88,20.07,3488500,24269728.00
2022/06/10,19.85,20.21,19.60,19.65,3463720,23623116.00
2022/06/13,19.74,19.82,19.29,19.68,3721080,25054760.00
2022/06/14,19.57,19.88,19.12,19.85,3035165,20405368.00
2022/06/15,19.85,20.55,19.71,20.16,3909054,27250310.00
2022/06/16,20.24,20.32,19.93,20.13,1800040,12492977.00
2022/06/17,19.99,21.25,19.90,20.72,5257038,37084480.00
2022/06/20,20.55,21.05,19.99,20.69,6225679,44309044.00
2022/06/21,20.94,20.97,20.24,20.44,3066262,21738412.00
2022/06/22,20.44,20.44,19.99,19.99,2358222,16428227.00
2022/06/23,19.99,20.27,19.90,20.10,2324262,16108412.00
2022/06/24,20.18,20.24,19.90,20.10,3125100,21632794.00
2022/06/27,20.18,20.46,20.10,20.24,2647680,18491238.00
2022/06/28,20.18,20.38,19.99,20.30,2979699,20835942.00
2022/06/29,20.24,20.38,20.04,20.16,3863080,26984548.00
2022/06/30,20.16,22.12,20.13,22.12,8231076,61232624.00
2022/07/01,22.42,23.88,21.81,21.89,24663578,194573760.00
2022/07/04,21.61,22.03,21.19,21.61,12153562,90459192.00
2022/07/05,21.44,21.61,21.08,21.33,7755903,57167408.00
2022/07/06,21.56,21.67,20.60,20.83,5782880,41808464.00
2022/07/07,20.91,21.16,20.41,20.46,4633470,33118732.00
2022/07/08,20.46,22.45,20.44,22.45,6476918,49678072.00
2022/07/11,22.98,24.64,22.87,23.57,35047293,289944320.00
2022/07/12,23.24,23.63,22.34,22.76,21308554,169369776.00
2022/07/13,23.21,23.40,22.62,22.76,14789564,117167424.00
2022/07/14,22.76,22.76,21.95,22.26,10811015,83430312.00
2022/07/15,22.17,22.42,21.39,21.42,8482060,63873368.00
2022/07/18,21.28,22.59,21.25,22.56,11919700,91691688.00
2022/07/19,22.65,22.76,22.14,22.45,6662200,51570784.00
2022/07/20,22.45,22.56,22.03,22.28,5085240,39109824.00
2022/07/21,22.09,22.48,21.89,22.23,5069960,39041264.00
2022/07/22,22.31,22.73,21.84,22.09,6254640,48122708.00
2022/07/25,22.09,22.42,21.58,22.31,5581360,42899180.00
2022/07/26,22.45,22.68,21.86,22.42,6820501,52552152.00
2022/07/27,22.23,22.96,21.98,22.09,6278480,48429068.00
2022/07/28,22.09,22.34,21.78,22.31,7777600,59475856.00
2022/07/29,22.34,22.73,21.84,22.51,6667400,51238096.00
2022/08/01,22.31,23.32,21.89,22.79,12468660,98377104.00
2022/08/02,22.65,22.65,21.42,21.47,8868600,66898368.00
2022/08/03,21.42,23.21,21.42,21.86,8486264,65339384.00
2022/08/04,21.78,22.42,21.53,22.03,5823100,44149680.00
2022/08/05,21.95,22.12,21.42,21.67,5059696,38044920.00
2022/08/08,21.81,23.07,21.67,22.73,10822296,84654864.00
2022/08/09,22.87,22.96,22.42,22.70,4792140,37607632.00
2022/08/10,22.84,22.84,22.31,22.65,3629500,28340694.00
2022/08/11,22.76,22.98,22.65,22.96,6977140,55224572.00
2022/08/12,22.98,23.77,22.65,23.63,12147137,98646048.00
2022/08/15,23.54,23.63,22.59,23.54,7888775,63437336.00
2022/08/16,23.43,23.99,23.10,23.46,5551680,45003700.00
2022/08/17,23.63,23.99,23.26,23.57,7979600,65395532.00
2022/08/18,23.60,23.99,23.40,23.46,4950080,40487260.00
2022/08/19,23.49,24.13,23.46,23.77,7823720,64681880.00
2022/08/22,23.91,23.91,23.35,23.54,5462020,44543576.00
2022/08/23,23.54,23.91,23.35,23.60,3605402,29567686.00
2022/08/24,23.57,23.80,22.79,22.93,6541120,52505676.00
2022/08/25,23.12,23.29,22.23,23.01,4530200,35653600.00
2022/08/26,22.96,23.10,22.62,23.04,4299700,34056632.00
2022/08/29,22.65,23.10,22.20,23.07,3624368,28704144.00
2022/08/30,23.01,23.96,23.01,23.49,6167620,50125732.00
2022/08/31,23.35,23.68,22.79,23.54,6774720,54863516.00
2022/09/01,23.54,24.27,23.43,23.91,11550280,95779416.00
2022/09/02,23.68,24.02,23.38,23.68,6845800,56259280.00
2022/09/05,23.63,24.24,23.52,23.91,6418080,53051452.00
2022/09/06,23.91,23.94,23.40,23.52,4683700,38335428.00
2022/09/07,23.35,23.46,23.07,23.46,4255400,34283936.00
2022/09/08,23.46,23.52,22.93,23.01,3745220,30076548.00
2022/09/09,23.01,25.25,22.76,24.47,20582066,172480736.00
2022/09/13,24.72,25.14,23.96,24.33,17587294,149218864.00
2022/09/14,24.08,24.86,23.60,24.13,10601640,88625232.00
2022/09/15,23.94,24.41,23.63,24.08,7430380,61967016.00
2022/09/16,23.77,24.24,23.63,23.96,8286460,68760512.00
2022/09/19,23.91,24.64,23.10,24.64,12074528,101410240.00
2022/09/20,24.50,24.89,24.19,24.47,8861620,75310096.00
2022/09/21,24.36,25.36,24.13,25.28,13000714,112980976.00
2022/09/22,24.86,25.25,24.75,25.17,8833927,76822728.00
2022/09/23,25.08,25.08,23.60,23.66,11422240,96378176.00
2022/09/26,23.43,24.02,22.90,23.12,6287700,50833708.00
2022/09/27,23.07,23.91,22.93,23.80,4877644,39750628.00
2022/09/28,23.80,24.02,23.40,23.43,4815260,39511900.00
2022/09/29,23.49,24.30,23.49,24.05,6194020,51416056.00
2022/09/30,24.02,24.19,23.43,23.82,3619042,29748326.00
2022/10/10,23.71,24.52,23.71,24.47,7317207,61859976.00
2022/10/11,24.52,24.83,24.19,24.64,5919000,50468264.00
2022/10/12,24.55,25.20,24.33,25.08,6107980,52624440.00
2022/10/13,24.86,25.53,24.78,24.92,7770646,67733208.00
2022/10/14,24.86,25.45,24.80,25.03,5372880,46802848.00
2022/10/17,25.03,26.90,24.92,26.54,14482554,131616376.00
2022/10/18,26.57,27.21,26.20,26.57,10724106,100052832.00
2022/10/19,26.71,26.96,26.01,26.46,6123893,56624424.00
2022/10/20,26.26,26.68,26.23,26.32,4405143,40504156.00
2022/10/21,26.32,26.46,25.59,25.90,6010260,54573352.00
2022/10/24,25.98,26.99,25.90,26.09,8578124,78997616.00
2022/10/25,26.09,27.55,25.67,27.44,9828780,91827480.00
2022/10/26,27.13,27.80,26.90,27.04,7763480,73685832.00
2022/10/27,27.07,27.35,26.74,26.90,4777940,44920884.00
2022/10/28,26.65,27.27,26.04,26.23,7011230,65156920.00
2022/10/31,26.46,28.02,26.23,27.69,9587320,91551328.00
2022/11/01,27.66,29.09,27.49,29.03,8062692,79880440.00
2022/11/02,29.14,29.98,28.81,29.00,10242420,104721688.00
2022/11/03,28.81,29.90,28.70,29.65,6439434,66358004.00
2022/11/04,29.68,31.66,29.68,31.44,9501103,102703984.00
2022/11/07,31.19,34.32,31.13,33.43,15884660,183226864.00
2022/11/08,33.85,34.72,32.98,34.21,14552585,173111232.00
2022/11/09,34.21,35.11,33.46,34.86,10006483,120527472.00
2022/11/10,34.88,35.81,33.43,34.52,11754364,142463424.00
2022/11/11,34.52,35.28,34.04,34.58,8193640,99260304.00
2022/11/14,34.69,37.29,34.69,37.29,11599300,147430352.00
2022/11/15,37.07,37.10,34.27,34.80,19320502,240725520.00
2022/11/16,34.44,36.37,34.38,35.00,11088709,136789872.00
2022/11/17,34.94,36.09,34.49,35.98,8144720,101522312.00
2022/11/18,35.98,37.40,35.86,35.98,9265493,118291040.00
2022/11/21,35.86,37.01,35.30,36.93,7227800,91671464.00
2022/11/22,37.32,37.63,36.51,37.46,7488640,97635848.00
2022/11/23,37.10,37.77,35.67,37.04,8559814,110166392.00
2022/11/24,37.07,38.27,36.51,37.80,8591700,113168056.00
2022/11/25,37.88,38.47,37.04,37.63,6379900,84194944.00
2022/11/28,37.63,37.74,36.26,36.68,6048014,78257848.00
2022/11/29,36.40,37.04,35.95,36.62,6102626,78227080.00
2022/11/30,37.04,37.04,35.72,36.03,4466640,56523428.00
2022/12/01,36.12,36.40,35.42,35.95,4828566,60784804.00
2022/12/02,35.84,37.32,35.39,37.04,6078700,77771808.00
2022/12/05,36.93,38.16,36.54,36.82,6287065,82069336.00
2022/12/06,36.73,37.38,35.86,37.07,6290460,80761272.00
2022/12/07,37.07,40.29,36.90,40.09,11915920,162809264.00
2022/12/08,40.04,40.37,37.99,38.16,10985908,149743072.00
2022/12/09,38.33,39.50,37.88,38.16,6549920,88328408.00
2022/12/12,38.52,38.83,36.70,37.54,9204334,120452080.00
2022/12/13,38.47,38.47,33.85,33.85,9880700,118860312.00
2022/12/14,32.48,32.48,30.54,30.54,20351956,219232640.00
2022/12/15,29.45,31.27,29.26,30.40,13679920,145449696.00
2022/12/16,30.12,30.54,28.39,28.61,13030243,133272584.00
2022/12/19,28.72,28.81,25.87,26.34,19320729,178625456.00
2022/12/20,26.18,26.65,26.04,26.32,8364886,76658640.00
2022/12/21,26.34,26.46,25.70,25.84,6411660,57931928.00
2022/12/22,26.20,26.20,24.94,25.11,6569320,57929108.00
2022/12/23,25.20,25.48,24.94,25.34,5089140,44592696.00
2022/12/26,25.36,26.29,25.36,25.78,6639346,59756272.00
2022/12/27,25.87,26.04,25.03,25.45,4732999,41844500.00
2022/12/28,25.48,25.64,24.89,25.06,4434780,38749640.00
2022/12/29,24.94,25.20,24.80,24.86,3308700,28731098.00
2022/12/30,24.97,25.14,24.78,24.94,3009100,26083160.00
2023/01/03,25.00,25.81,24.78,25.70,4116614,36443344.00
2023/01/04,25.81,26.43,25.48,26.23,6026737,54765640.00
2023/01/05,26.26,26.51,25.87,26.40,4332180,39689128.00
2023/01/06,26.43,27.35,25.87,25.87,7884280,72656152.00
2023/01/09,25.81,26.15,25.14,25.53,7559588,66933572.00
2023/01/10,25.48,25.53,25.14,25.17,3513340,30868206.00
2023/01/11,25.03,25.31,24.66,24.78,4799760,41647360.00
2023/01/12,25.00,25.08,24.55,24.69,3271200,28228428.00
2023/01/13,24.58,24.83,24.44,24.72,2950740,25218350.00
2023/01/16,24.55,24.97,24.55,24.61,4007000,34436376.00
2023/01/17,24.52,24.66,24.10,24.19,3703020,31296570.00
2023/01/18,24.19,24.75,24.19,24.47,3865680,32951680.00
2023/01/19,24.47,24.50,24.27,24.33,2807700,23763184.00
2023/01/20,24.36,24.83,24.33,24.83,3857380,33047974.00
2023/01/30,24.92,25.62,24.92,25.53,5049980,44551740.00
2023/01/31,25.45,25.56,24.86,25.50,4875540,42719960.00
2023/02/01,25.67,26.04,25.59,26.01,5132560,46138348.00
2023/02/02,26.12,26.15,25.81,25.90,3170400,28665932.00
2023/02/03,26.01,26.01,25.42,25.76,3467600,31008704.00
2023/02/06,25.81,26.01,25.53,25.81,3149400,28275484.00
2023/02/07,25.98,26.06,25.64,25.95,2824600,25424794.00
2023/02/08,25.98,26.12,25.67,25.70,3179300,28605448.00
2023/02/09,25.81,25.87,25.42,25.78,4121400,36829504.00
2023/02/10,25.78,25.90,25.53,25.62,2775520,24813956.00
2023/02/13,25.78,26.40,25.62,26.37,6397120,58212352.00
2023/02/14,26.54,26.76,25.78,26.01,5463894,49659996.00
2023/02/15,26.01,26.26,25.76,25.90,4223799,38060584.00
2023/02/16,25.95,25.95,24.80,24.94,6209996,55017768.00
2023/02/17,24.97,25.59,24.97,25.36,4222176,37202136.00
2023/02/20,25.42,25.45,24.83,25.11,4042300,35176032.00
2023/02/21,25.06,25.34,24.92,25.28,2678200,23453954.00
2023/02/22,25.31,25.48,25.03,25.08,2648394,23185252.00
2023/02/23,25.08,25.22,24.94,24.97,2592459,22594204.00
2023/02/24,25.03,25.06,24.58,24.78,2937100,25278210.00
2023/02/27,24.83,24.92,24.47,24.55,3228900,27661012.00
2023/02/28,24.55,25.08,24.55,25.08,3548900,30590752.00
2023/03/01,25.25,27.52,25.11,27.52,21816941,205750272.00
2023/03/02,27.97,29.12,27.60,28.86,44430263,442046112.00
2023/03/03,28.28,28.28,27.41,27.69,18629727,180138416.00
2023/03/06,27.83,30.15,27.72,28.89,29395336,295153568.00
2023/03/07,28.89,28.89,27.91,27.97,14609791,144097984.00
2023/03/08,27.77,28.81,27.30,28.78,13595600,133707496.00
2023/03/09,28.75,29.31,28.33,28.33,15617580,156654016.00
2023/03/10,28.58,28.67,27.49,27.74,11342825,110165504.00
2023/03/13,27.97,28.19,26.99,27.16,10178385,96707656.00
2023/03/14,27.16,27.18,26.01,26.12,9926205,91247504.00
2023/03/15,28.67,28.67,28.11,28.67,29968421,299660736.00
2023/03/16,29.54,29.98,27.66,27.74,48608521,489162432.00
2023/03/17,27.58,29.79,26.79,28.81,43510373,426632448.00
2023/03/20,28.50,28.70,27.52,27.52,28017270,273987712.00
2023/03/21,27.88,28.02,26.88,27.13,15704064,148983824.00
2023/03/22,27.07,27.38,26.71,27.30,14701900,138106016.00
2023/03/23,26.99,27.77,26.57,27.13,12437100,117540368.00
2023/03/24,27.02,27.18,26.29,26.40,13395100,124038696.00
2023/03/27,26.37,27.16,26.18,27.02,11203749,104412432.00
2023/03/28,27.02,27.04,26.43,26.46,7151029,66181632.00
2023/03/29,26.57,26.60,25.59,25.64,9250600,83659480.00
2023/03/30,25.87,26.96,25.87,26.18,7495100,68693464.00
2023/03/31,25.78,26.34,25.78,25.98,5484860,49727044.00
2023/04/03,25.98,26.65,25.81,26.43,7290760,66972548.00
2023/04/04,26.43,26.43,25.70,25.70,8229600,74022624.00
2023/04/06,25.70,26.43,25.31,25.67,6592700,59087488.00
2023/04/07,25.56,25.87,25.08,25.56,7882984,69691176.00
2023/04/10,25.53,25.73,25.17,25.20,5036200,44593740.00
2023/04/11,25.22,25.42,24.75,24.86,4391460,38035124.00
2023/04/12,24.78,25.53,24.52,25.48,9146750,80004736.00
2023/04/13,25.50,25.64,25.08,25.14,5160000,45459664.00
2023/04/14,25.08,27.16,24.80,26.43,16196500,148183120.00
2023/04/17,26.26,26.26,25.59,25.81,10025950,90091544.00
2023/04/18,25.87,25.87,25.22,25.36,4635560,40933312.00
2023/04/19,25.36,25.70,25.25,25.34,3727120,32947384.00
2023/04/20,25.36,26.46,25.36,26.12,11954543,108448592.00
2023/04/21,26.18,26.96,25.98,26.26,12283931,113343576.00
2023/04/24,26.32,27.66,26.26,27.35,18461503,174596176.00
2023/04/25,26.99,27.86,26.65,27.86,14062049,133642392.00
2023/04/26,27.74,27.74,26.51,26.79,11021640,104090848.00
2023/04/27,27.02,27.41,26.48,26.71,6719600,63022864.00
2023/04/28,26.68,27.46,26.51,27.32,10672177,101139152.00
2023/05/04,26.88,27.13,26.65,26.76,6330500,59082224.00
2023/05/05,26.76,26.76,25.76,26.29,9668840,88402896.00
2023/05/08,26.20,26.43,23.99,26.26,12946460,114985816.00
2023/05/09,25.53,26.43,24.75,25.48,23706202,209875008.00
2023/05/10,25.45,25.87,25.06,25.17,7690549,67650992.00
2023/05/11,25.56,25.56,24.92,25.28,4935879,43151672.00
2023/05/12,25.28,26.18,25.06,25.53,6935300,62052884.00
2023/05/15,25.62,25.76,25.00,25.67,6931857,61158464.00
2023/05/16,25.70,25.70,23.96,24.38,11064717,95226152.00
2023/05/17,24.66,25.78,24.64,25.17,11434600,100029648.00
2023/05/18,25.20,25.56,24.78,24.92,6409260,55707640.00
2023/05/19,24.86,24.97,24.41,24.86,5343700,45890740.00
2023/05/22,24.75,24.89,24.41,24.50,4228800,36090152.00
2023/05/23,24.52,24.52,23.99,24.08,5407174,45453960.00
2023/05/24,24.10,24.47,23.43,24.16,7507900,62149172.00
2023/05/25,24.08,25.22,23.99,24.86,8024800,69115728.00
2023/05/26,24.83,25.14,24.36,24.80,4147617,35446416.00
2023/05/29,24.97,24.97,24.10,24.64,7037600,59933656.00
2023/05/30,24.47,24.47,23.80,24.02,6720120,56160072.00
2023/05/31,23.91,24.02,23.46,23.54,6119200,50170092.00
2023/06/01,23.57,25.34,23.29,24.83,14045074,120153000.00
2023/06/02,24.94,26.54,24.86,26.37,18103694,163218656.00
2023/06/05,26.85,27.49,26.40,26.74,22713160,214122752.00
2023/06/06,26.99,27.49,26.71,26.90,13850140,130773960.00
2023/06/07,26.96,27.97,26.88,27.44,15419200,148008752.00
2023/06/08,27.41,27.77,27.16,27.55,12502957,119646912.00
2023/06/09,27.58,28.25,27.49,28.14,12575640,122421872.00
2023/06/12,28.67,28.86,27.52,27.72,15371257,150749872.00
2023/06/13,27.77,29.23,27.55,28.64,20307240,202459040.00
2023/06/14,28.61,28.61,27.94,28.36,11987800,117644312.00
2023/06/15,28.58,28.67,27.72,28.02,9259700,90765232.00
2023/06/16,28.00,28.50,27.41,27.63,12979874,125531952.00
2023/06/19,27.63,28.11,27.18,27.66,8110400,77991800.00
2023/06/20,27.60,27.91,27.27,27.66,5911180,56721784.00
2023/06/21,27.60,28.44,27.55,27.60,8533300,83046096.00
2023/06/26,27.49,28.22,27.21,27.74,7341300,70897288.00
2023/06/27,27.72,30.46,27.72,29.40,26321100,270653856.00
2023/06/28,29.98,30.24,27.88,28.86,16916640,169408192.00
2023/06/29,28.75,29.51,28.39,29.17,13158154,133181968.00
2023/06/30,28.98,29.31,28.42,28.84,8145800,81897336.00
2023/07/03,28.84,31.13,28.84,30.57,23441960,248710432.00
2023/07/04,30.57,30.82,30.24,30.71,11661546,124449512.00
2023/07/05,30.71,31.33,30.35,30.74,11366914,122820944.00
2023/07/06,30.66,31.44,30.24,30.57,12954054,139261600.00
2023/07/07,30.74,31.05,30.01,30.12,9624900,102387360.00
2023/07/10,30.40,30.40,29.62,29.90,7075574,73895552.00
2023/07/11,30.18,30.85,30.07,30.80,8305954,88621560.00
2023/07/12,31.30,31.86,30.71,30.82,11867200,129963872.00
2023/07/13,30.80,31.30,30.52,31.05,5307880,57409020.00
2023/07/14,31.02,31.66,30.88,31.36,5184680,56750416.00
2023/07/17,31.55,32.25,30.99,31.44,7321000,80731296.00
2023/07/18,31.33,32.00,31.08,31.80,7492093,82763784.00
2023/07/19,31.80,32.39,31.75,32.14,4956360,55635888.00
2023/07/20,32.25,32.31,31.75,31.78,5232774,58488456.00
2023/07/21,31.78,31.86,30.82,31.13,7680100,83886976.00
2023/07/24,31.47,32.03,30.54,30.74,6782560,73405320.00
2023/07/25,30.99,31.10,30.46,30.91,5220700,56247172.00
2023/07/26,30.91,31.30,30.21,30.32,5218800,55870188.00
2023/07/27,30.21,30.54,28.78,29.73,11652357,120443496.00
2023/07/28,29.79,29.98,28.95,29.06,6764500,69084888.00
2023/07/31,28.98,29.56,28.95,29.00,5435660,55306232.00
2023/08/01,29.00,30.29,28.84,29.87,9410094,97242016.00
2023/08/02,30.07,30.52,29.68,30.38,7129974,75082040.00
2023/08/03,30.52,31.44,30.12,31.08,7630751,82592096.00
2023/08/04,31.27,31.27,30.77,31.02,4739674,51253512.00
2023/08/07,31.02,31.13,30.40,30.49,3659000,39114272.00
2023/08/08,30.49,30.99,30.38,30.60,3310000,35358456.00
2023/08/09,30.52,30.63,29.48,29.82,6044208,63229576.00
2023/08/10,30.01,30.15,29.54,29.96,2412800,25285360.00
2023/08/11,30.32,30.32,29.34,29.59,2892420,29970926.00
2023/08/14,28.50,29.76,28.50,29.45,3809400,38937716.00
2023/08/15,29.79,29.79,26.57,26.57,11878814,114761840.00
2023/08/16,26.51,26.51,24.05,25.70,23698400,206115008.00
2023/08/17,25.08,25.95,24.78,25.06,11431291,100098616.00
2023/08/18,24.89,25.20,24.27,24.27,6460652,55284960.00
2023/08/21,24.33,25.73,24.33,25.08,8778080,76963672.00
2023/08/22,25.39,25.95,25.08,25.67,7028154,62424588.00
2023/08/23,25.70,25.84,24.92,24.97,3821879,33537492.00
2023/08/24,24.97,25.59,24.69,25.39,5257700,45987584.00
2023/08/25,25.31,25.50,24.50,24.66,6520500,56787108.00
2023/08/28,26.06,26.06,24.36,24.83,6256965,54168784.00
2023/08/29,24.78,25.45,24.61,25.28,4699340,41060928.00
2023/08/30,25.34,25.50,24.86,25.03,4617600,40373488.00
2023/08/31,24.83,25.42,24.72,24.80,4334993,37449500.00
2023/09/01,24.97,24.97,24.47,24.50,3892685,33304980.00
2023/09/04,24.64,25.03,24.55,24.94,3532860,30406436.00
2023/09/05,25.06,25.67,24.64,25.64,5444528,47773440.00
2023/09/06,25.34,26.65,25.34,26.51,8237300,74973592.00
2023/09/07,26.43,26.65,25.78,25.84,6494220,59162332.00
2023/09/08,25.84,26.12,25.36,25.95,4876908,43611032.00
2023/09/11,26.04,28.19,26.04,27.66,20634971,197993632.00
2023/09/12,27.83,28.30,27.38,27.58,11916600,114926392.00
2023/09/13,27.46,28.00,26.99,27.13,6939900,66142072.00
2023/09/14,26.96,27.16,26.23,26.34,7951765,73364088.00
2023/09/15,26.26,26.34,25.76,25.87,4521140,40780952.00
2023/09/18,26.04,26.06,24.78,25.14,5792040,50713984.00
2023/09/19,25.20,25.22,22.70,22.70,17210457,138928224.00
2023/09/20,22.51,22.51,21.22,21.36,26988474,201573424.00
2023/09/21,21.25,21.86,21.02,21.39,15016987,111287032.00
2023/09/22,21.39,21.47,21.08,21.33,11452000,84257624.00
2023/09/25,21.25,21.30,20.83,21.02,8444637,61416588.00
2023/09/26,21.02,21.08,20.69,20.74,5929542,42767604.00
2023/09/27,20.80,21.16,20.80,21.02,6080740,44228436.00
2023/09/28,21.08,21.30,20.97,21.02,5302400,38739880.00
2023/10/09,21.16,21.16,20.21,20.38,11149550,78909440.00
2023/10/10,20.66,20.74,20.32,20.35,6044223,42828100.00
2023/10/11,20.35,20.52,20.13,20.18,6076860,42526912.00
2023/10/12,20.32,20.38,19.79,20.16,7783500,53834568.00
2023/10/13,20.02,20.13,19.60,19.68,5790600,39531248.00
2023/10/16,19.74,19.88,18.95,19.09,10825200,71619088.00
2023/10/17,19.18,20.88,18.90,20.55,20366600,139520320.00
2023/10/18,22.28,22.54,20.58,22.54,60316330,465566208.00
2023/10/19,22.40,24.72,21.30,23.66,76445997,628178816.00
2023/10/20,23.46,23.49,21.36,21.89,55532936,428121376.00
2023/10/23,23.29,24.02,23.29,24.02,20137413,166391232.00
2023/10/24,26.34,26.34,24.38,26.34,62029101,557662848.00
2023/10/25,28.11,28.92,25.73,28.92,123949102,1206433280.00
2023/10/26,26.09,26.62,26.09,26.09,38717700,352037056.00
2023/10/27,24.58,25.42,23.54,23.66,83233698,692051456.00
2023/10/30,23.15,25.31,22.51,24.72,71378352,595474944.00
2023/10/31,24.47,26.71,23.71,24.19,51342682,444673888.00
2023/11/01,23.82,24.47,23.04,23.60,37261519,305507520.00
2023/11/02,23.29,23.63,21.36,21.95,45887650,354556352.00
2023/11/03,21.70,22.48,21.56,22.23,34498575,264295920.00
2023/11/06,22.23,22.45,22.06,22.23,29318190,225855952.00
2023/11/07,22.06,22.84,21.84,22.65,27762420,215477168.00
2023/11/08,22.65,24.75,22.31,23.82,47582012,386934176.00
2023/11/09,23.71,25.67,23.40,24.27,58021792,497814432.00
2023/11/10,24.24,25.06,23.66,23.82,40437568,341646400.00
2023/11/13,24.22,26.15,24.22,26.15,22363420,200085632.00
2023/11/14,27.16,28.70,26.29,27.41,86269346,816398400.00
2023/11/15,26.88,30.10,26.85,30.10,89814217,910179136.00
2023/11/16,31.47,33.04,29.87,33.04,90949925,1027583232.00
2023/11/17,31.47,32.08,29.79,30.49,98912239,1052194112.00
2023/11/20,30.52,33.43,29.93,31.64,90078111,1000278912.00
2023/11/21,32.56,33.48,29.73,30.18,84979744,945931456.00
2023/11/22,29.48,33.12,29.37,33.12,126923073,1427457792.00
2023/11/23,31.47,31.47,29.87,29.87,90388139,955728384.00
2023/11/24,28.84,29.45,27.07,27.10,63065041,615027072.00
2023/11/27,27.07,29.73,27.04,29.73,56667960,576936128.00
2023/11/28,30.07,31.44,28.89,30.66,78766020,841002496.00
2023/11/29,30.80,33.65,30.63,33.65,57560524,647676992.00
2023/11/30,34.32,35.47,32.31,33.82,90228521,1072557184.00
2023/12/01,32.67,35.44,32.67,33.09,76720705,912989440.00
2023/12/04,33.71,34.13,32.08,32.62,50617553,583961600.00
2023/12/05,32.64,33.18,31.05,31.30,43150172,479198880.00
2023/12/06,30.74,32.03,30.52,31.52,34986180,383652256.00
2023/12/07,31.47,32.64,29.79,29.93,44426180,481218880.00
2023/12/08,30.07,30.15,29.00,29.42,38047440,391788992.00
2023/12/11,28.67,29.45,28.00,28.92,38177080,382040928.00
2023/12/12,29.23,29.51,28.44,28.86,24807900,250136912.00
2023/12/13,29.00,30.63,29.00,29.12,38780100,402178240.00
2023/12/14,29.12,29.42,27.80,28.08,36949860,365856064.00
2023/12/15,28.56,28.64,27.63,28.14,23352000,228249376.00
2023/12/18,28.39,29.54,27.38,28.86,43145600,429550656.00
2023/12/19,28.67,29.65,28.16,29.62,49980201,506475616.00
2023/12/20,30.01,30.32,28.98,29.09,39179242,405520448.00
2023/12/21,29.31,29.31,26.26,27.24,56573801,537644352.00
2023/12/22,27.24,27.46,25.84,25.90,39232559,361739680.00
2023/12/25,26.04,26.37,24.64,24.75,30567560,268708992.00
2023/12/26,25.00,25.31,23.91,24.16,28791060,245956048.00
2023/12/27,24.61,26.09,23.74,25.64,38088770,334025760.00
2023/12/28,25.76,26.06,25.08,25.56,28826850,255949200.00
2023/12/29,25.62,26.04,25.34,25.98,23566300,211406096.00
2024/01/02,26.01,26.29,25.06,25.11,19221894,170715792.00
2024/01/03,25.39,25.56,24.22,24.66,17521698,151012400.00
2024/01/04,24.55,24.86,24.05,24.22,15308600,129750320.00
2024/01/05,24.58,24.66,23.32,23.52,18848600,156448480.00
2024/01/08,23.63,24.58,23.43,23.43,21017181,175072464.00
2024/01/09,23.74,24.19,23.26,23.63,18848534,155141088.00
2024/01/10,23.52,23.63,22.73,22.79,20598150,164387296.00
2024/01/11,23.18,23.54,22.68,23.40,21426370,172879840.00
2024/01/12,24.22,24.33,22.68,22.84,23146203,185662128.00
2024/01/15,22.98,23.21,22.54,22.82,18912073,150455104.00
2024/01/16,22.73,23.01,22.31,22.62,16515400,129214016.00
2024/01/17,22.68,22.87,22.37,22.37,12907500,101269056.00
2024/01/18,22.28,22.28,21.58,22.23,16221500,123087344.00
2024/01/19,22.37,23.43,22.12,22.23,22674900,177528928.00
2024/01/22,22.34,22.37,20.41,20.69,24789700,183095664.00
2024/01/23,21.00,21.11,20.18,20.74,15385000,109805408.00
2024/01/24,20.94,21.00,19.88,20.74,15848700,112018496.00
2024/01/25,20.74,21.53,20.49,21.42,17555020,127751800.00
2024/01/26,21.64,21.72,21.14,21.25,11930900,88511560.00
2024/01/29,21.28,21.28,20.21,20.24,11976500,85153408.00
2024/01/30,20.02,20.41,19.60,19.68,10058300,69350360.00
2024/01/31,19.40,19.65,18.00,18.11,19090000,122506656.00
2024/02/01,17.92,18.17,17.24,17.50,14348952,86975640.00
2024/02/02,17.52,18.08,16.04,16.94,20043100,117246992.00
2024/02/05,16.94,16.99,15.31,15.31,9923700,53036236.00
2024/02/06,14.81,14.81,13.86,13.97,30540900,145180048.00
2024/02/07,14.61,14.67,12.65,12.65,15556170,67812800.00
2024/02/08,11.87,13.18,11.45,12.99,61471024,249269584.00
2024/02/19,12.60,13.27,12.26,13.16,30179540,131688688.00
数据来源:通达信
