688231 隆达股份 日线 后复权
      日期	    开盘	    最高	    最低	    收盘	    成交量	    成交额
2022/07/22,35.00,39.66,34.11,37.37,29257755,1078427008.00
2022/07/25,39.80,41.88,38.60,39.91,27103668,1084573952.00
2022/07/26,39.51,46.02,39.20,43.80,22537511,960229312.00
2022/07/27,43.40,45.88,42.51,44.82,13396438,587637440.00
2022/07/28,44.18,44.99,41.63,44.50,12587094,546175040.00
2022/07/29,44.11,45.09,41.89,41.99,9247233,401416544.00
2022/08/01,43.00,45.79,41.93,44.78,11509650,502469024.00
2022/08/02,44.20,45.88,41.00,42.80,7886983,341705440.00
2022/08/03,42.31,46.98,41.70,41.70,11650044,514938752.00
2022/08/04,41.70,42.66,39.90,41.00,7245174,298222272.00
2022/08/05,40.80,43.74,40.18,43.40,6929985,292444544.00
2022/08/08,42.65,44.27,42.23,43.64,5381931,232911216.00
2022/08/09,43.23,44.98,42.48,44.09,5288964,231488928.00
2022/08/10,43.97,45.16,42.98,43.82,5139992,226396400.00
2022/08/11,43.86,44.09,42.11,42.77,5136015,220334176.00
2022/08/12,42.30,42.63,39.28,39.78,7704506,312248192.00
2022/08/15,39.78,40.35,39.01,39.14,3274979,129384480.00
2022/08/16,39.10,41.65,39.10,39.81,4665130,188854896.00
2022/08/17,40.12,40.21,38.10,38.30,4177316,161851616.00
2022/08/18,38.00,38.97,37.82,38.61,3174906,121822112.00
2022/08/19,38.50,38.96,36.11,36.36,4816693,178867280.00
2022/08/22,36.87,38.11,36.55,37.45,3205694,120687272.00
2022/08/23,37.27,39.31,37.02,38.82,3067271,118031224.00
2022/08/24,38.47,39.86,36.51,36.75,3244960,122125048.00
2022/08/25,36.94,37.50,36.09,36.99,2631414,97026664.00
2022/08/26,37.00,37.70,35.38,35.48,3354872,122023920.00
2022/08/29,35.81,38.48,35.32,37.98,3744836,140563504.00
2022/08/30,38.03,39.10,37.60,38.36,3586184,137658512.00
2022/08/31,38.40,39.56,35.73,35.98,5971954,222853952.00
2022/09/01,36.01,38.45,35.62,38.08,3972848,149454992.00
2022/09/02,38.08,40.84,37.60,40.12,5199458,205399984.00
2022/09/05,40.12,40.45,39.01,39.60,2614647,103477880.00
2022/09/06,39.60,41.58,39.60,40.95,4700407,191414320.00
2022/09/07,40.61,41.35,40.00,41.08,2501025,101703944.00
2022/09/08,40.66,42.93,40.66,42.50,4383335,185687136.00
2022/09/09,42.29,42.99,40.43,40.70,2694368,111345976.00
2022/09/13,41.50,42.50,40.48,41.92,3291590,136683408.00
2022/09/14,41.00,42.88,40.77,42.30,2656542,112333296.00
2022/09/15,42.20,43.40,40.27,40.88,2910348,120366808.00
2022/09/16,41.36,42.78,40.88,41.70,3559907,149684448.00
2022/09/19,41.06,42.60,39.80,40.76,3989817,163769696.00
2022/09/20,40.59,41.70,40.16,40.80,2104541,86042784.00
2022/09/21,41.11,41.11,38.71,40.44,2627081,105712232.00
2022/09/22,40.87,42.93,40.13,42.25,2834594,119464008.00
2022/09/23,42.27,43.00,40.17,40.40,2573732,106587960.00
2022/09/26,40.00,40.00,38.58,38.64,2948374,115522680.00
2022/09/27,39.05,40.17,38.52,40.09,2313093,90918296.00
2022/09/28,40.09,41.66,38.76,38.80,2109462,84341432.00
2022/09/29,38.89,39.57,37.51,38.37,1758616,67558344.00
2022/09/30,38.07,38.28,36.68,36.80,1428738,53119660.00
2022/10/10,36.61,37.16,34.79,35.00,1782710,63572140.00
2022/10/11,35.00,35.63,33.88,34.92,1560286,54392424.00
2022/10/12,35.20,36.96,34.12,36.77,1442783,51235252.00
2022/10/13,36.77,37.76,36.28,36.40,1076876,40045168.00
2022/10/14,37.01,37.73,36.48,37.67,912856,34088088.00
2022/10/17,37.50,39.21,37.30,38.61,1363600,52526196.00
2022/10/18,38.51,39.58,37.91,39.15,1370807,53384352.00
2022/10/19,39.15,39.27,37.75,37.75,937951,36042104.00
2022/10/20,37.30,39.88,37.30,39.24,1820215,70948136.00
2022/10/21,39.50,39.80,38.61,38.75,1149020,44858824.00
2022/10/24,38.50,41.14,38.46,39.66,3218550,128537840.00
2022/10/25,39.74,40.58,38.40,39.50,2095101,82814816.00
2022/10/26,39.58,40.70,39.10,39.90,1562219,62235276.00
2022/10/27,40.00,40.07,38.71,38.86,1254006,49349648.00
2022/10/28,37.60,39.78,35.12,39.05,5533133,205642080.00
2022/10/31,38.53,42.46,38.53,41.15,4083628,168107680.00
2022/11/01,41.59,41.96,40.62,41.50,2041568,84555928.00
2022/11/02,41.50,43.33,41.00,41.39,2030598,85580360.00
2022/11/03,41.48,44.87,41.48,43.86,3228108,140648672.00
2022/11/04,43.66,44.05,42.88,43.10,1964599,85079680.00
2022/11/07,43.04,43.88,41.07,41.31,3082133,129371320.00
2022/11/08,41.35,41.70,39.02,39.75,4140108,165055296.00
2022/11/09,40.31,40.78,39.61,39.93,2291579,91951024.00
2022/11/10,39.66,40.15,38.22,38.45,2469232,96391264.00
2022/11/11,39.41,39.67,38.41,38.80,2318557,90325344.00
2022/11/14,38.80,39.23,38.23,38.38,2055106,79559584.00
2022/11/15,38.28,40.10,38.11,39.94,2559911,101262000.00
2022/11/16,39.88,40.68,39.60,39.99,2005139,80350464.00
2022/11/17,39.99,40.08,38.50,39.64,1827115,71528440.00
2022/11/18,39.59,39.93,38.02,38.16,2644777,102608048.00
2022/11/21,38.01,38.73,37.49,38.16,2585044,98140576.00
2022/11/22,38.16,38.98,37.64,38.25,1897167,72703728.00
2022/11/23,38.37,38.37,37.10,38.02,2004058,75665160.00
2022/11/24,38.34,38.87,37.73,38.07,1696837,64911256.00
2022/11/25,38.11,38.11,36.96,37.35,1436709,53727440.00
2022/11/28,36.91,37.26,36.64,36.92,992251,36580416.00
2022/11/29,36.99,37.33,36.46,36.69,1728163,63473620.00
2022/11/30,36.84,36.84,36.01,36.08,1283959,46495664.00
2022/12/01,36.49,37.42,36.10,36.45,3249425,118950192.00
2022/12/02,36.45,37.29,36.40,37.00,2037451,75310184.00
2022/12/05,37.11,37.35,36.36,36.79,1249501,45825228.00
2022/12/06,36.80,37.45,36.45,36.88,1408927,52095472.00
2022/12/07,36.97,37.90,36.80,37.84,1859576,69606952.00
2022/12/08,38.00,38.00,36.65,36.70,1175328,43807480.00
2022/12/09,36.69,37.75,35.65,35.96,2812208,102741336.00
2022/12/12,35.76,37.52,34.80,36.71,2295876,83476104.00
2022/12/13,37.25,37.94,36.82,37.45,2241929,83850224.00
2022/12/14,37.30,38.66,37.29,37.93,1860965,70771432.00
2022/12/15,37.61,38.38,37.24,38.38,1080056,40713464.00
2022/12/16,37.86,38.20,36.70,36.78,1033297,38555168.00
2022/12/19,36.78,36.97,36.23,36.38,550323,20150140.00
2022/12/20,36.77,36.77,35.68,35.87,841678,30342196.00
2022/12/21,35.68,36.23,34.72,35.63,773761,27467292.00
2022/12/22,35.88,35.88,34.83,34.95,644278,22633696.00
2022/12/23,34.60,35.09,33.98,34.96,819742,28267564.00
2022/12/26,34.79,35.80,34.74,35.62,595502,21136344.00
2022/12/27,35.46,36.10,35.05,35.93,919359,32880872.00
2022/12/28,35.72,36.07,35.23,35.35,628352,22398324.00
2022/12/29,35.32,35.79,35.08,35.27,632676,22394146.00
2022/12/30,35.17,35.72,35.00,35.72,685722,24208304.00
2023/01/03,35.58,37.50,35.52,37.10,1178780,43099656.00
2023/01/04,36.99,37.12,36.43,36.61,461105,16925610.00
2023/01/05,36.78,36.87,36.41,36.70,557290,20423748.00
2023/01/06,36.75,37.61,36.10,36.50,1094564,40438960.00
2023/01/09,36.75,37.10,36.62,36.83,539903,19895934.00
2023/01/10,36.98,36.98,36.30,36.46,500867,18336792.00
2023/01/11,36.33,36.54,36.03,36.10,563736,20448504.00
2023/01/12,36.49,37.04,36.38,36.51,776128,28545656.00
2023/01/13,36.61,36.61,36.14,36.49,490406,17796884.00
2023/01/16,36.27,37.07,36.23,36.46,1102179,40428692.00
2023/01/17,36.50,37.27,36.32,36.94,1215737,44863896.00
2023/01/18,36.72,37.01,36.01,36.22,1123772,40910680.00
2023/01/19,36.22,36.88,36.08,36.83,926347,33936872.00
2023/01/20,36.66,37.31,36.31,36.43,981772,36007560.00
2023/01/30,36.79,37.90,36.56,37.58,2736125,102051600.00
2023/01/31,37.38,38.28,37.22,38.00,2006864,76059328.00
2023/02/01,37.76,38.46,37.70,38.28,1694919,64529636.00
2023/02/02,38.25,38.25,37.56,37.95,2138904,80997408.00
2023/02/03,37.95,39.39,37.50,39.07,2504289,96478640.00
2023/02/06,38.88,39.88,37.80,38.10,1831778,70726688.00
2023/02/07,38.18,38.41,37.70,38.11,801787,30427124.00
2023/02/08,38.23,38.44,37.55,37.77,1150831,43645944.00
2023/02/09,37.73,38.53,37.30,38.27,1423941,54456768.00
2023/02/10,38.30,38.35,37.00,37.24,1770643,66378844.00
2023/02/13,37.24,37.90,37.13,37.60,720152,27025758.00
2023/02/14,37.60,37.73,37.00,37.32,763585,28450544.00
2023/02/15,37.30,37.37,37.03,37.21,795802,29550590.00
2023/02/16,37.21,37.21,35.60,36.00,1977995,71980768.00
2023/02/17,36.00,36.17,35.47,35.65,1063070,37974388.00
2023/02/20,35.33,36.05,35.33,35.93,842177,30058016.00
2023/02/21,35.81,36.12,35.41,35.60,943344,33732304.00
2023/02/22,35.76,35.76,35.34,35.73,957340,34054940.00
2023/02/23,35.71,36.19,34.96,35.09,1878801,66571612.00
2023/02/24,35.28,35.45,34.90,35.24,1379176,48467716.00
2023/02/27,35.08,35.84,34.96,35.51,1441257,50929496.00
2023/02/28,35.31,35.66,34.97,35.20,1380771,48660760.00
2023/03/01,35.21,35.33,35.02,35.26,995032,35023736.00
2023/03/02,35.35,35.60,34.90,35.00,1285900,45163080.00
2023/03/03,34.88,35.15,34.74,35.00,1088187,37992488.00
2023/03/06,35.05,35.60,34.96,35.45,1140612,40261864.00
2023/03/07,35.40,35.52,34.88,34.90,1214533,42620160.00
2023/03/08,34.90,35.00,34.74,34.93,740510,25833132.00
2023/03/09,34.99,35.00,34.13,34.23,1915472,65926348.00
2023/03/10,34.08,34.32,33.86,33.91,1196235,40714956.00
2023/03/13,34.10,34.10,33.50,33.65,643153,21691424.00
2023/03/14,33.56,34.05,33.11,33.82,878311,29484218.00
2023/03/15,33.99,34.10,33.38,33.43,1037715,35073596.00
2023/03/16,33.24,33.26,31.48,31.63,2486849,79990680.00
2023/03/17,31.88,31.94,31.05,31.62,1444196,45424208.00
2023/03/20,31.53,31.67,30.92,31.66,831151,25997976.00
2023/03/21,31.66,32.08,31.66,31.92,709830,22630848.00
2023/03/22,31.87,32.16,31.78,31.86,782643,24980208.00
2023/03/23,31.87,32.14,31.41,32.10,951379,30214824.00
2023/03/24,32.09,32.09,31.53,31.59,742522,23538682.00
2023/03/27,31.28,31.66,31.28,31.48,496548,15611480.00
2023/03/28,31.31,31.64,30.71,30.77,1093553,33977628.00
2023/03/29,30.77,30.95,29.55,29.84,2016515,60456936.00
2023/03/30,29.67,30.31,29.62,30.14,961608,28760846.00
2023/03/31,29.99,30.34,29.88,30.00,631818,19002866.00
2023/04/03,30.02,30.78,30.00,30.74,844878,25726430.00
2023/04/04,30.75,30.79,29.71,29.86,898864,27068852.00
2023/04/06,29.88,30.29,29.65,30.27,983677,29546176.00
2023/04/07,30.49,31.10,30.29,30.80,1003702,30770798.00
2023/04/10,30.81,31.20,30.25,30.28,1053382,32307324.00
2023/04/11,30.28,30.38,30.06,30.15,528759,15961110.00
2023/04/12,30.27,30.42,30.10,30.17,538734,16299072.00
2023/04/13,30.17,30.17,29.72,29.86,787571,23548826.00
2023/04/14,29.73,31.05,29.73,30.82,1284067,39219800.00
2023/04/17,30.78,30.95,29.88,30.33,1612906,48807072.00
2023/04/18,30.21,30.37,29.98,30.06,844954,25426500.00
2023/04/19,30.11,30.30,29.85,29.98,729395,21864882.00
2023/04/20,29.81,29.97,28.97,29.06,1141512,33490808.00
2023/04/21,28.90,29.73,28.90,28.98,682639,19993084.00
2023/04/24,28.90,28.90,27.42,27.72,1473999,41131964.00
2023/04/25,27.70,27.88,26.18,26.90,1437730,38600000.00
2023/04/26,28.50,30.78,28.10,29.16,3529024,104416256.00
2023/04/27,28.60,30.03,28.36,29.36,1977792,58191436.00
2023/04/28,29.23,29.88,28.89,29.29,1029066,29994428.00
2023/05/04,29.50,30.11,29.17,29.81,1318470,38950024.00
2023/05/05,29.61,29.85,28.77,28.90,1169850,33921492.00
2023/05/08,29.11,29.22,28.80,29.00,691313,20006600.00
2023/05/09,28.99,29.00,28.10,28.15,802166,22863260.00
2023/05/10,28.06,28.13,27.51,27.90,686057,19108272.00
2023/05/11,27.93,28.40,27.86,28.36,534529,15065937.00
2023/05/12,28.30,28.30,27.67,27.77,509382,14204732.00
2023/05/15,27.77,28.11,27.60,28.07,464407,12933259.00
2023/05/16,28.06,28.39,27.65,27.78,593229,16596805.00
2023/05/17,27.69,29.79,27.65,29.65,2209957,64415536.00
2023/05/18,29.41,29.73,29.12,29.25,1170995,34346104.00
2023/05/19,29.25,29.78,29.10,29.68,886336,26152636.00
2023/05/22,29.76,29.88,29.26,29.50,510975,15058170.00
2023/05/23,29.50,29.80,29.30,29.54,618893,18311466.00
2023/05/24,29.33,29.65,29.15,29.39,521250,15306790.00
2023/05/25,29.38,30.35,29.20,29.95,943642,28136424.00
2023/05/26,30.15,30.17,29.25,29.59,598180,17674912.00
2023/05/29,29.95,30.30,29.55,29.71,643797,19230332.00
2023/05/30,29.59,29.92,29.11,29.66,774213,22814732.00
2023/05/31,29.65,30.06,29.50,29.74,990849,29529034.00
2023/06/01,29.68,29.72,29.08,29.18,1049111,30792392.00
2023/06/02,29.18,30.08,29.12,29.91,1027309,30605036.00
2023/06/05,29.88,29.94,29.43,29.60,925849,27445612.00
2023/06/06,29.51,29.73,29.02,29.17,1208694,35331124.00
2023/06/07,29.37,29.37,28.39,28.50,709630,20379608.00
2023/06/08,28.71,28.79,27.90,28.13,590421,16669437.00
2023/06/09,27.97,28.33,27.93,28.20,456104,12816714.00
2023/06/12,28.20,28.38,28.00,28.07,509582,14350615.00
2023/06/13,28.15,28.57,28.01,28.30,455167,12888554.00
2023/06/14,28.34,28.34,27.99,27.99,391892,11010853.00
2023/06/15,28.17,28.42,28.01,28.27,388694,10982692.00
2023/06/16,28.34,28.59,28.22,28.36,450364,12797263.00
2023/06/19,28.40,28.65,28.09,28.09,771279,21862716.00
2023/06/20,28.00,28.78,27.92,28.40,855865,24283888.00
2023/06/21,28.60,28.60,27.95,27.97,606323,17060536.00
2023/06/26,27.97,27.98,27.16,27.16,538747,14820343.00
2023/06/27,27.16,27.54,27.12,27.42,483942,13225330.00
2023/06/28,27.26,27.78,26.80,27.66,717266,19563704.00
2023/06/29,27.42,28.10,27.42,27.79,376257,10471285.00
2023/06/30,27.71,28.87,27.71,28.53,935739,26687268.00
2023/07/03,28.58,29.28,28.58,28.90,1415946,41128128.00
2023/07/04,28.90,29.60,28.81,29.54,1169762,34280232.00
2023/07/05,29.47,29.74,29.20,29.24,757509,22257672.00
2023/07/06,29.33,29.76,28.95,29.45,964183,28354428.00
2023/07/07,29.28,29.61,29.03,29.09,760856,22202736.00
2023/07/10,29.05,29.31,28.90,28.92,396742,11523140.00
2023/07/11,28.85,29.17,28.82,29.10,375209,10880185.00
2023/07/12,28.98,29.01,28.55,28.57,461840,13292272.00
2023/07/13,28.79,28.93,28.61,28.84,408079,11747529.00
2023/07/14,29.04,29.04,28.51,28.54,517194,14633163.00
2023/07/17,28.64,28.64,28.16,28.41,315895,8854362.00
2023/07/18,28.53,28.66,28.33,28.43,352167,9904566.00
2023/07/19,28.94,28.94,28.07,28.22,546008,15231809.00
2023/07/20,28.21,28.47,27.72,27.73,500485,13854610.00
2023/07/21,27.79,28.53,27.67,27.84,473884,13103931.00
2023/07/24,27.84,27.84,25.47,25.73,3850818,99320784.00
2023/07/25,25.86,26.04,25.61,25.83,1672130,42547840.00
2023/07/26,25.84,25.84,25.57,25.71,860351,21793172.00
2023/07/27,25.81,25.86,25.42,25.49,1038895,26217136.00
2023/07/28,25.42,25.65,24.96,25.42,1213424,30215000.00
2023/07/31,25.51,25.95,25.36,25.56,1715478,43388784.00
2023/08/01,25.72,25.72,25.37,25.48,674852,16937440.00
2023/08/02,25.52,26.26,25.48,26.15,1893739,48519684.00
2023/08/03,26.04,26.24,25.76,25.86,1515374,38743664.00
2023/08/04,25.34,25.72,25.13,25.66,1065564,26799504.00
2023/08/07,25.67,25.91,25.45,25.62,525305,13264710.00
2023/08/08,25.74,25.74,25.41,25.43,618991,15560639.00
2023/08/09,25.54,25.61,25.29,25.43,432126,10854270.00
2023/08/10,25.41,25.65,24.35,24.52,2341089,57007656.00
2023/08/11,24.68,25.23,24.52,24.64,1384591,33944452.00
2023/08/14,24.64,24.70,23.97,24.67,858491,20598052.00
2023/08/15,24.67,24.76,24.21,24.72,712370,17189476.00
2023/08/16,24.48,24.87,24.43,24.43,510515,12430813.00
2023/08/17,24.29,25.34,24.24,25.27,1532138,37727584.00
2023/08/18,25.34,25.71,25.18,25.21,980193,24610724.00
2023/08/21,25.35,25.56,24.92,25.01,669634,16612789.00
2023/08/22,25.32,25.32,24.36,24.86,651120,15866308.00
2023/08/23,24.86,24.86,24.23,24.24,527022,12678721.00
2023/08/24,24.36,24.48,24.04,24.33,483092,11569151.00
2023/08/25,23.99,24.75,23.97,24.31,1036838,24928010.00
2023/08/28,25.56,25.76,24.48,24.67,1201064,29561782.00
2023/08/29,24.86,26.15,24.67,25.99,2252234,57175408.00
2023/08/30,25.86,26.54,25.76,26.17,1730278,44672776.00
2023/08/31,26.31,26.44,25.93,26.08,1020293,26323208.00
2023/09/01,25.97,26.33,25.65,25.67,943844,24039492.00
2023/09/04,25.93,25.93,25.51,25.80,937108,23743788.00
2023/09/05,25.91,26.18,25.69,25.83,1034479,26463516.00
2023/09/06,25.72,26.37,25.64,26.32,1304779,33624688.00
2023/09/07,26.26,26.26,25.56,25.65,1029577,26233408.00
2023/09/08,25.58,25.97,25.46,25.84,934367,23767814.00
2023/09/11,25.86,26.12,25.51,25.97,1576601,40308496.00
2023/09/12,25.97,26.03,25.56,25.75,809175,20584124.00
2023/09/13,25.66,25.76,24.98,25.23,1484267,37105912.00
2023/09/14,25.28,25.36,24.73,24.85,844222,20736654.00
2023/09/15,24.94,25.16,24.64,24.79,933598,22819244.00
2023/09/18,24.64,25.04,24.49,24.61,977008,23793660.00
2023/09/19,24.61,24.71,23.97,24.07,1329943,31743248.00
2023/09/20,23.98,24.15,23.69,23.71,910621,21426804.00
2023/09/21,23.63,23.78,23.03,23.14,1175996,27011192.00
2023/09/22,23.09,23.70,22.86,23.66,1696279,38951304.00
2023/09/25,23.57,23.66,23.24,23.48,749453,17288260.00
2023/09/26,23.36,23.39,23.19,23.23,487108,11154998.00
2023/09/27,23.35,23.83,23.27,23.59,730363,16969552.00
2023/09/28,23.59,23.76,23.52,23.70,699619,16293296.00
2023/10/09,23.69,23.76,23.37,23.42,1025362,23752188.00
2023/10/10,23.42,23.86,23.27,23.31,722027,16736716.00
2023/10/11,23.39,23.83,23.34,23.61,994629,23120916.00
2023/10/12,23.61,23.86,23.41,23.80,951262,22140370.00
2023/10/13,23.72,23.76,23.32,23.56,802708,18570868.00
2023/10/16,23.55,23.58,23.17,23.19,824082,18934362.00
2023/10/17,23.20,23.43,23.04,23.40,703740,16082626.00
2023/10/18,23.37,23.37,22.26,22.31,1472726,32787348.00
2023/10/19,22.38,22.79,22.18,22.36,873435,19340752.00
2023/10/20,22.56,22.66,22.09,22.15,805313,17680764.00
2023/10/23,22.06,22.10,20.97,21.36,1327824,28010356.00
2023/10/24,21.36,22.21,21.25,22.11,1130457,24285592.00
2023/10/25,22.13,22.67,22.11,22.44,947113,20947140.00
2023/10/26,22.32,22.88,21.88,22.84,1197633,26434868.00
2023/10/27,22.63,23.41,22.55,23.26,1047275,23800726.00
2023/10/30,23.46,23.61,23.09,23.53,1136250,26196584.00
2023/10/31,23.47,23.65,23.31,23.59,878299,20322542.00
2023/11/01,23.62,23.93,23.46,23.81,946696,22165240.00
2023/11/02,23.83,23.87,23.19,23.19,752880,17350098.00
2023/11/03,23.20,23.77,23.19,23.60,971348,22557804.00
2023/11/06,23.78,24.31,23.55,24.26,1203927,28569782.00
2023/11/07,24.29,24.31,23.88,24.25,1108048,26312492.00
2023/11/08,24.20,24.38,24.04,24.23,888022,21159624.00
2023/11/09,24.25,24.30,23.66,23.93,687977,16264799.00
2023/11/10,23.86,24.56,23.79,24.28,1294145,30910548.00
2023/11/13,24.57,24.93,24.13,24.88,1154059,28013184.00
2023/11/14,24.93,25.09,24.67,24.79,929633,22754364.00
2023/11/15,24.93,24.96,24.63,24.72,731128,17816952.00
2023/11/16,24.82,24.86,24.47,24.53,686957,16675589.00
2023/11/17,24.72,24.77,24.47,24.61,644202,15626315.00
2023/11/20,24.61,25.07,24.60,25.02,1090679,26776960.00
2023/11/21,25.16,25.16,24.60,24.64,698007,17013922.00
2023/11/22,24.65,24.78,24.20,24.20,842935,20249356.00
2023/11/23,24.14,24.54,24.14,24.45,550408,13231188.00
2023/11/24,24.45,24.45,23.93,24.02,949662,22508196.00
2023/11/27,24.17,24.54,24.14,24.36,1016086,24394684.00
2023/11/28,24.54,24.74,24.23,24.56,633187,15315645.00
2023/11/29,24.37,24.75,24.18,24.32,657146,15884309.00
2023/11/30,24.25,24.52,23.57,23.73,1138659,26766060.00
2023/12/01,23.71,23.96,23.36,23.55,783467,18137920.00
2023/12/04,23.54,23.91,23.50,23.84,670836,15718124.00
2023/12/05,23.75,23.75,23.31,23.31,509117,11781336.00
2023/12/06,23.52,23.72,23.27,23.52,405496,9415685.00
2023/12/07,23.63,23.63,22.96,23.23,679337,15462731.00
2023/12/08,23.22,23.36,22.80,22.83,471885,10684347.00
2023/12/11,22.80,23.12,22.40,23.05,693456,15608060.00
2023/12/12,23.07,23.25,22.77,22.90,494818,11182996.00
2023/12/13,22.81,23.09,22.58,22.73,432127,9717624.00
2023/12/14,22.72,23.00,22.54,22.63,541067,12100491.00
2023/12/15,22.61,22.83,22.40,22.43,499650,11086418.00
2023/12/18,22.38,22.42,21.96,22.03,705583,15357688.00
2023/12/19,22.08,22.18,21.77,21.96,556391,12000748.00
2023/12/20,21.91,22.20,21.67,21.72,523931,11282204.00
2023/12/21,21.61,22.04,21.36,21.72,793041,16920616.00
2023/12/22,21.67,22.23,21.52,21.75,652739,14012372.00
2023/12/25,21.86,22.53,21.77,22.33,1708198,37405116.00
2023/12/26,22.09,22.34,21.31,21.43,1435132,30549316.00
2023/12/27,21.37,21.56,20.96,21.28,1557750,32433852.00
2023/12/28,21.16,22.53,21.15,22.32,1935745,41892456.00
2023/12/29,22.25,22.46,22.10,22.37,1190785,26149472.00
2024/01/02,22.51,23.22,22.39,22.70,1477872,33271460.00
2024/01/03,22.82,22.86,22.27,22.47,976248,21607148.00
2024/01/04,22.55,22.56,21.87,22.05,1124068,24486318.00
2024/01/05,22.05,22.22,21.27,21.36,982929,20900586.00
2024/01/08,21.39,21.39,20.81,20.82,1097094,22685298.00
2024/01/09,20.92,21.64,20.77,21.25,1205700,25168916.00
2024/01/10,21.35,21.71,20.86,21.34,918073,19256664.00
2024/01/11,21.13,21.79,21.05,21.63,774175,16338411.00
2024/01/12,21.46,22.04,21.43,21.60,705456,15080683.00
2024/01/15,21.83,21.83,20.97,21.06,1211839,25181368.00
2024/01/16,21.12,22.54,20.87,21.63,3004254,64404872.00
2024/01/17,21.55,21.55,19.70,19.70,5168500,102922216.00
2024/01/18,19.61,19.90,19.24,19.74,2060418,39402216.00
2024/01/19,19.76,20.24,19.64,19.87,1307658,25715184.00
2024/01/22,19.70,20.05,18.36,18.46,1653973,31072822.00
2024/01/23,18.36,18.99,17.92,18.73,1394046,25331868.00
2024/01/24,18.73,18.99,17.99,18.78,1492708,27006894.00
2024/01/25,18.78,19.26,18.54,19.20,1421378,26472176.00
2024/01/26,19.26,19.31,18.71,18.83,956594,17885860.00
2024/01/29,19.03,19.20,18.36,18.46,1057982,19503810.00
2024/01/30,18.24,18.64,17.82,17.88,937085,16637001.00
2024/01/31,17.74,17.89,16.75,16.78,1345798,22746094.00
2024/02/01,16.78,17.21,16.39,16.72,1374452,22637302.00
2024/02/02,16.75,17.05,14.99,15.72,2027444,31399360.00
2024/02/05,15.56,15.66,13.71,14.08,2696049,37874848.00
2024/02/06,14.05,15.24,13.49,14.86,2437839,34104456.00
2024/02/07,15.05,15.21,14.11,14.47,2042102,29380890.00
2024/02/08,14.58,16.16,14.39,15.86,2741783,40981112.00
2024/02/19,15.81,16.47,15.81,15.96,1539291,24308012.00
数据来源:通达信
