603848 好太太 日线 后复权
      日期	    开盘	    最高	    最低	    收盘	    成交量	    成交额
2017/12/01,9.47,11.36,9.47,11.36,15400,174755.00
2017/12/04,12.50,12.50,12.50,12.50,11760,147000.00
2017/12/05,13.75,13.75,13.75,13.75,38583,530516.00
2017/12/06,15.13,15.13,15.13,15.13,66980,1013407.00
2017/12/07,16.64,16.64,16.64,16.64,113736,1892567.00
2017/12/08,18.30,18.30,18.30,18.30,356287,6520052.00
2017/12/11,20.13,20.13,20.13,20.13,248050,4993247.00
2017/12/12,22.14,22.14,22.14,22.14,954431,21131102.00
2017/12/13,23.70,24.35,23.05,24.35,30759252,731252032.00
2017/12/14,23.70,25.78,22.68,25.54,28287326,673601408.00
2017/12/15,24.66,27.59,23.90,24.60,29608701,747447040.00
2017/12/18,23.46,23.50,22.14,22.14,15917576,360500096.00
2017/12/19,21.26,21.79,20.25,20.63,18218695,381538752.00
2017/12/20,20.69,21.15,20.06,20.20,14860890,306697120.00
2017/12/21,19.40,20.30,18.91,19.78,13979757,273435008.00
2017/12/22,19.64,20.46,19.37,19.96,13871890,277536352.00
2017/12/25,19.50,19.66,18.56,19.22,11983632,228612528.00
2017/12/26,19.01,20.86,18.93,20.42,17291723,348618272.00
2017/12/27,20.05,22.35,19.99,21.79,21086254,446375360.00
2017/12/28,21.10,23.97,20.62,23.97,20008783,447936960.00
2017/12/29,24.80,25.88,22.35,22.69,24633720,598183936.00
2018/01/02,22.12,24.96,21.70,24.32,22343110,529806752.00
2018/01/03,23.50,23.71,22.05,23.21,19547381,447162880.00
2018/01/04,22.61,23.17,22.12,22.39,12058790,271093440.00
2018/01/05,22.35,22.63,21.80,21.84,9415152,208341200.00
2018/01/08,21.48,22.40,20.60,22.32,12225444,261988016.00
2018/01/09,22.00,23.73,21.79,23.36,18892298,433303776.00
2018/01/10,23.02,23.33,22.27,22.67,12672811,288742048.00
2018/01/11,22.10,23.40,21.80,22.47,11944098,272066976.00
2018/01/12,21.93,22.14,21.02,21.06,10749172,231438768.00
2018/01/15,20.62,22.09,20.41,21.50,9364821,200763488.00
2018/01/16,21.35,22.69,21.11,22.29,10738174,237895504.00
2018/01/17,22.00,22.98,21.63,22.73,11910207,267329984.00
2018/01/18,22.73,23.34,21.81,22.03,9099629,204188880.00
2018/01/19,21.54,24.23,21.30,24.23,24773125,579391040.00
2018/01/22,23.70,23.86,22.50,23.16,17624803,407373952.00
2018/01/23,22.84,23.35,22.49,22.92,11014503,252145952.00
2018/01/24,22.73,23.98,22.73,23.40,15213087,357147232.00
2018/01/25,23.40,24.04,22.63,22.88,14470692,336643232.00
2018/01/26,22.28,22.50,21.67,21.80,10753172,237270240.00
2018/01/29,21.80,22.25,21.01,21.95,6959833,151188608.00
2018/01/30,22.05,22.11,21.39,21.57,4505478,97439800.00
2018/01/31,21.60,22.38,21.20,22.19,10160920,223656416.00
2018/02/01,21.61,22.20,19.97,19.97,9703441,199422288.00
2018/02/02,19.00,19.45,18.20,18.76,6550493,123445528.00
2018/02/05,18.30,18.67,17.98,18.00,4735752,86485392.00
2018/02/06,17.20,17.46,16.20,16.20,6243626,104699368.00
2018/02/07,16.70,16.76,15.30,16.43,5952622,96976368.00
2018/02/08,16.20,16.82,16.11,16.50,3504225,58062136.00
2018/02/09,15.70,16.08,15.07,15.40,4278469,66958548.00
2018/02/12,15.76,16.16,15.72,16.03,3554773,56608612.00
2018/02/13,16.08,16.35,15.86,15.90,3266388,52447492.00
2018/02/14,15.90,16.19,15.80,16.01,2294678,36800100.00
2018/02/22,16.20,16.50,16.05,16.47,2661780,43477832.00
2018/02/23,16.48,16.68,16.31,16.66,2678582,44294168.00
2018/02/26,16.94,17.57,16.94,17.24,3882815,67087328.00
2018/02/27,17.00,17.52,17.00,17.40,4004812,69304024.00
2018/02/28,17.22,17.22,16.68,16.81,2909395,49242908.00
2018/03/01,16.63,17.07,16.53,16.99,2300455,38977768.00
2018/03/02,16.90,16.97,16.58,16.62,2655912,44493256.00
2018/03/05,16.63,17.10,16.63,17.07,2892845,48844800.00
2018/03/06,17.10,17.86,17.09,17.79,5655292,99474304.00
2018/03/07,18.07,19.22,17.40,18.59,7547202,136792400.00
2018/03/08,18.85,19.39,18.50,18.61,7077022,133215832.00
2018/03/09,18.53,18.80,18.18,18.56,4745657,87655632.00
2018/03/12,18.67,18.90,18.59,18.71,4383968,82006440.00
2018/03/13,18.65,18.70,18.01,18.06,4290098,78463360.00
2018/03/14,18.06,18.55,17.90,18.38,3121449,57009676.00
2018/03/15,18.00,18.09,16.85,17.33,4282517,74784176.00
2018/03/16,17.32,17.65,17.22,17.26,2037274,35585864.00
2018/03/19,17.10,18.65,17.02,18.23,4522070,81256440.00
2018/03/20,17.90,18.35,17.51,18.17,3956474,71129712.00
2018/03/21,18.13,18.82,18.02,18.42,5757725,106284256.00
2018/03/22,18.74,18.75,18.07,18.51,4203509,77539632.00
2018/03/23,16.90,17.80,16.66,16.66,4327619,74321000.00
2018/03/26,16.32,16.92,15.20,16.85,3174098,51764888.00
2018/03/27,17.19,17.47,17.03,17.13,2878050,49558788.00
2018/03/28,16.90,17.25,16.80,16.88,2135764,36407012.00
2018/03/29,16.95,17.47,16.95,17.35,3009950,52006260.00
2018/03/30,17.50,17.95,17.30,17.82,3675216,64900204.00
2018/04/02,17.86,18.00,17.48,17.67,3447340,61149444.00
2018/04/03,17.38,17.99,17.21,17.89,3526953,61714196.00
2018/04/04,18.12,18.52,17.60,17.68,4922373,89304888.00
2018/04/09,17.40,18.89,17.20,18.44,7011606,126967792.00
2018/04/10,18.22,18.75,17.59,18.39,6171128,112712352.00
2018/04/11,18.50,20.15,18.23,19.62,12546160,242216832.00
2018/04/12,19.26,20.20,18.95,19.92,11460591,223385664.00
2018/04/13,19.94,21.22,19.65,20.51,13629547,280854336.00
2018/04/16,19.88,20.98,19.80,19.94,7296654,147627520.00
2018/04/17,20.78,21.90,20.38,21.23,15735500,333704608.00
2018/04/18,21.00,21.78,19.96,21.38,9924004,207197568.00
2018/04/19,20.94,21.35,20.45,20.49,6516559,135599360.00
2018/04/20,20.33,20.79,20.16,20.56,3944211,80848256.00
2018/04/23,20.15,20.67,19.25,19.52,4701366,92928248.00
2018/04/24,19.55,20.24,19.50,20.20,4485623,89350472.00
2018/04/25,20.00,20.95,19.99,20.44,4129534,85022456.00
2018/04/26,20.44,20.69,19.60,19.98,3225694,65132856.00
2018/04/27,20.00,20.62,19.80,20.58,3664300,74137664.00
2018/05/02,20.80,22.28,20.80,21.69,8711152,187540912.00
2018/05/03,22.12,22.49,21.31,22.34,7224079,158749472.00
2018/05/04,23.00,23.50,21.70,21.73,6305550,141452048.00
2018/05/07,21.70,22.46,21.68,22.29,5958743,131580744.00
2018/05/08,22.10,23.00,21.80,21.91,4690521,104421864.00
2018/05/09,22.00,22.10,21.52,21.98,3440322,74998024.00
2018/05/10,22.00,22.15,21.65,22.08,2610759,57236892.00
2018/05/11,21.90,22.70,21.90,22.06,3267884,72962440.00
2018/05/14,21.60,22.85,21.21,22.67,4492379,99319440.00
2018/05/15,22.58,24.46,22.58,23.93,7359911,173045120.00
2018/05/16,23.75,24.62,23.36,24.15,5836996,140760096.00
2018/05/17,24.00,24.30,23.28,24.13,3685891,87929864.00
2018/05/18,24.20,25.48,23.79,24.52,6367983,156258336.00
2018/05/21,24.21,25.09,23.91,24.93,4324750,106361424.00
2018/05/22,24.78,27.42,24.77,27.29,9196098,245525568.00
2018/05/23,27.06,27.16,26.01,26.18,5773420,153912368.00
2018/05/24,26.37,26.86,26.00,26.49,2957983,78025968.00
2018/05/25,26.20,27.03,26.15,26.63,2863389,76279912.00
2018/05/28,26.30,28.48,25.71,28.31,6237625,170165968.00
2018/05/29,28.35,29.26,27.10,27.44,6303310,178081744.00
2018/05/30,26.68,28.71,26.15,27.42,4662854,127661176.00
2018/05/31,27.90,29.45,27.52,28.45,5732032,162939680.00
2018/06/01,28.64,29.85,27.05,27.92,5831331,166259696.00
2018/06/04,27.70,27.70,25.14,26.77,6608863,174261536.00
2018/06/05,26.80,28.35,26.14,28.22,4940233,134966720.00
2018/06/06,28.00,28.47,27.21,27.64,3348831,92621464.00
2018/06/07,27.76,27.85,26.16,26.59,4569724,122084112.00
2018/06/08,26.77,26.95,26.30,26.90,2719280,72724464.00
2018/06/11,26.80,26.80,24.21,24.85,5471245,137440256.00
2018/06/12,24.85,25.14,23.63,24.89,4687700,114866824.00
2018/06/13,24.80,24.97,23.80,24.22,2226751,54414724.00
2018/06/14,24.55,25.04,23.82,24.34,3058258,74811328.00
2018/06/15,24.33,24.33,23.12,23.96,2159580,51410788.00
2018/06/19,23.37,24.05,22.58,22.74,2903433,66629044.00
2018/06/20,22.83,24.12,22.34,24.01,2992230,69427896.00
2018/06/21,23.66,24.65,23.66,24.46,3346888,80671416.00
2018/06/22,23.91,25.41,23.16,25.03,3365847,82668088.00
2018/06/25,25.16,25.30,24.54,24.72,2117746,52394072.00
2018/06/26,24.10,24.70,23.66,24.68,1854754,44625016.00
2018/06/27,24.55,24.84,23.46,23.60,1713148,40900648.00
2018/06/28,23.36,23.99,22.66,22.80,1569834,36801320.00
2018/06/29,22.70,23.96,22.70,23.85,2974396,68787240.00
2018/07/02,23.95,24.63,23.36,23.56,2964418,70796104.00
2018/07/03,24.26,24.36,21.74,22.93,4566205,103550848.00
2018/07/04,22.34,22.86,20.80,20.96,3909067,83884784.00
2018/07/05,20.86,21.22,19.37,19.82,3994315,80776528.00
2018/07/06,20.56,21.57,19.50,20.80,5275505,107078224.00
2018/07/09,21.20,22.74,20.83,22.35,4228747,91344088.00
2018/07/10,22.53,23.16,21.97,22.54,3234204,72217568.00
2018/07/11,21.96,22.36,21.27,22.14,2776667,60043672.00
2018/07/12,22.17,23.07,22.07,22.79,3279042,73894224.00
2018/07/13,22.71,23.56,22.36,23.15,3320797,75781704.00
2018/07/16,22.83,23.28,22.65,22.85,1685894,38242260.00
2018/07/17,22.67,23.51,22.67,23.42,2624008,60137128.00
2018/07/18,23.42,23.62,22.81,22.83,2133157,48872688.00
2018/07/19,22.17,22.96,22.16,22.21,1823868,40512324.00
2018/07/20,22.30,22.77,21.92,22.66,2038708,45534376.00
2018/07/23,22.86,23.14,22.48,23.06,1659083,37773508.00
2018/07/24,23.05,23.76,22.88,23.49,2233624,51867892.00
2018/07/25,23.62,23.62,22.76,22.93,1558297,35694780.00
2018/07/26,22.89,23.26,22.34,22.44,1333763,30005448.00
2018/07/27,22.15,22.46,21.66,21.69,1507540,32883116.00
2018/07/30,21.85,22.01,21.46,21.63,862400,18621596.00
2018/07/31,21.63,21.75,20.51,21.10,1452524,30485600.00
2018/08/01,21.10,21.40,20.25,20.52,2074780,42672068.00
2018/08/02,20.16,20.35,19.13,19.55,2059997,39862428.00
2018/08/03,19.61,19.61,18.56,18.61,2459159,46050396.00
2018/08/06,18.53,18.74,17.67,18.39,3388313,60933676.00
2018/08/07,18.42,19.26,18.12,19.18,2509257,46830180.00
2018/08/08,18.96,19.24,18.64,18.87,1942990,36533780.00
2018/08/09,18.84,19.87,18.57,19.39,2033001,39201480.00
2018/08/10,19.36,19.65,19.11,19.47,1717390,33017212.00
2018/08/13,19.13,19.63,18.66,19.48,1377283,26111536.00
2018/08/14,19.48,19.55,19.20,19.41,974196,18733384.00
2018/08/15,19.25,19.61,18.86,18.87,1267330,23931224.00
2018/08/16,18.76,19.14,18.21,18.76,839820,15619033.00
2018/08/17,18.94,19.06,17.97,17.99,1457800,26545344.00
2018/08/20,17.91,18.23,17.34,17.90,1694143,29774970.00
2018/08/21,17.90,18.36,17.64,18.15,1640500,29421650.00
2018/08/22,18.08,18.33,17.61,17.69,1260721,22320856.00
2018/08/23,17.86,18.16,17.71,18.10,1544557,27515964.00
2018/08/24,18.16,18.16,17.36,17.52,2450670,42690248.00
2018/08/27,17.52,18.26,17.41,18.23,2690580,47947152.00
2018/08/28,18.22,18.51,18.06,18.24,1816546,32832544.00
2018/08/29,18.24,18.29,17.86,18.15,1255670,22546084.00
2018/08/30,18.06,18.22,17.63,17.66,1480200,26204308.00
2018/08/31,17.55,17.75,17.24,17.28,1354110,23424270.00
2018/09/03,17.36,17.36,16.16,16.66,2514934,41024104.00
2018/09/04,16.58,16.96,16.41,16.86,1502100,24901332.00
2018/09/05,16.86,17.14,16.71,16.77,1277047,21451048.00
2018/09/06,16.74,16.90,16.35,16.42,1319707,21674216.00
2018/09/07,16.43,17.11,16.43,16.62,1365535,22634696.00
2018/09/10,16.43,16.62,15.82,15.86,1423906,22668866.00
2018/09/11,15.91,16.14,15.71,15.96,860847,13532729.00
2018/09/12,16.01,16.26,15.69,16.01,1398600,22201288.00
2018/09/13,16.33,16.40,15.97,16.22,1347789,21600792.00
2018/09/14,16.24,16.35,15.81,16.04,1348806,21487030.00
2018/09/17,15.96,15.96,15.26,15.41,1189381,18344772.00
2018/09/18,15.46,15.96,15.42,15.89,1339581,20884928.00
2018/09/19,15.96,17.46,15.77,16.82,3735137,61930440.00
2018/09/20,17.08,17.15,16.42,16.48,2150000,35460280.00
2018/09/21,16.50,16.95,16.50,16.80,2026852,33672900.00
2018/09/25,16.79,16.86,16.48,16.79,1429996,23634692.00
2018/09/26,16.81,16.96,16.52,16.86,1818694,30263934.00
2018/09/27,16.86,16.95,16.51,16.58,1568343,25896994.00
2018/09/28,16.68,16.75,16.52,16.73,1092800,18025858.00
2018/10/08,16.46,16.50,15.49,15.61,1555100,24392340.00
2018/10/09,15.62,15.93,15.52,15.71,927800,14429003.00
2018/10/10,15.85,16.02,15.53,15.91,1044313,16351313.00
2018/10/11,14.96,15.05,14.36,14.39,2292313,33236218.00
2018/10/12,14.24,14.81,13.41,14.66,2484258,34446644.00
2018/10/15,14.54,14.78,14.06,14.29,1672900,23858724.00
2018/10/16,14.15,14.44,13.46,13.81,1378806,19019148.00
2018/10/17,14.01,14.10,13.64,14.05,1104406,15199472.00
2018/10/18,14.05,14.05,13.38,13.47,896083,12075032.00
2018/10/19,13.18,13.96,12.96,13.84,1474811,19737284.00
2018/10/22,13.98,14.85,13.81,14.65,2302958,33099848.00
2018/10/23,14.74,14.74,14.28,14.41,980697,14037015.00
2018/10/24,14.25,14.59,14.16,14.22,999743,14153852.00
2018/10/25,13.65,13.88,13.36,13.75,1434187,19345390.00
2018/10/26,13.87,14.15,13.79,13.79,1138655,15687747.00
2018/10/29,13.75,13.86,13.34,13.46,1052300,14057160.00
2018/10/30,13.34,13.74,13.16,13.57,910289,12129289.00
2018/10/31,13.60,14.48,13.51,14.04,1887283,26298228.00
2018/11/01,13.99,14.74,13.95,14.58,2608265,37388416.00
2018/11/02,14.74,14.94,14.53,14.91,2236751,32646168.00
2018/11/05,15.05,15.05,14.38,14.67,2294624,33350572.00
2018/11/06,14.54,14.72,14.25,14.61,1965272,28115892.00
2018/11/07,14.59,14.80,14.49,14.54,1513200,21951068.00
2018/11/08,14.77,14.77,14.46,14.51,1092383,15760454.00
2018/11/09,14.46,14.60,14.35,14.50,927800,13269980.00
2018/11/12,14.69,15.66,14.46,15.64,2869336,42781364.00
2018/11/13,15.22,15.94,15.15,15.64,3092377,47637112.00
2018/11/14,15.56,15.57,15.11,15.31,2276914,34561108.00
2018/11/15,15.31,16.24,15.13,16.01,3513617,54951324.00
2018/11/16,16.05,16.65,15.86,16.42,2928183,47175900.00
2018/11/19,16.53,16.53,15.98,16.14,1774137,28351238.00
2018/11/20,16.01,16.14,15.47,15.53,1945270,30436524.00
2018/11/21,15.51,15.59,15.18,15.52,1236739,18852212.00
2018/11/22,15.55,15.78,15.46,15.47,1390595,21460420.00
2018/11/23,15.45,15.60,15.01,15.02,1449029,21761920.00
2018/11/26,15.01,15.02,14.41,14.54,1384083,20066636.00
2018/11/27,14.54,14.75,14.46,14.63,716700,10342166.00
2018/11/28,14.56,14.69,13.97,14.46,1615542,22853532.00
2018/11/29,14.47,14.58,14.17,14.19,1224165,17471516.00
2018/11/30,14.26,14.26,13.86,14.17,1099612,15335801.00
2018/12/03,14.51,15.00,14.48,14.76,1592441,23283460.00
2018/12/04,14.76,14.98,14.61,14.77,1039300,15212997.00
2018/12/05,14.28,14.94,14.28,14.82,1408558,20460940.00
2018/12/06,14.68,14.83,14.35,14.47,863354,12442762.00
2018/12/07,14.48,15.45,14.48,15.26,1954210,28933794.00
2018/12/10,15.24,15.41,15.00,15.36,2308183,34854664.00
2018/12/11,15.36,15.44,15.24,15.33,1329228,20140428.00
2018/12/12,15.32,15.84,15.32,15.63,2550416,39405184.00
2018/12/13,15.77,15.88,15.36,15.83,2332606,36182044.00
2018/12/14,15.66,15.75,15.00,15.08,1846900,28118532.00
2018/12/17,14.97,15.60,14.97,15.56,1588728,24060042.00
2018/12/18,15.55,16.12,15.36,16.00,3423254,53198724.00
2018/12/19,15.96,16.22,15.81,15.88,2138574,33841296.00
2018/12/20,15.98,15.98,15.65,15.82,1355243,21196702.00
2018/12/21,15.67,15.82,15.26,15.81,1697239,26165012.00
2018/12/24,15.83,15.96,15.57,15.80,894326,13962700.00
2018/12/25,15.65,15.65,15.06,15.56,1271526,19316266.00
2018/12/26,15.45,15.55,15.21,15.44,919198,13978069.00
2018/12/27,15.61,15.72,14.67,14.86,1354077,20368022.00
2018/12/28,14.86,15.34,14.83,15.27,1608137,24106318.00
2019/01/02,15.41,15.54,15.21,15.53,1195338,18176696.00
2019/01/03,15.53,15.53,15.06,15.36,1361392,20545148.00
2019/01/04,15.20,15.74,14.91,15.62,1999243,30501702.00
2019/01/07,15.81,15.81,15.52,15.66,1527596,23630330.00
2019/01/08,15.60,15.99,15.57,15.86,1664773,26078960.00
2019/01/09,15.81,16.27,15.76,16.06,2805879,44526448.00
2019/01/10,16.15,16.16,15.78,15.79,1453492,22886054.00
2019/01/11,15.81,15.96,15.59,15.86,1220777,18994596.00
2019/01/14,15.86,15.89,15.46,15.66,900800,13922444.00
2019/01/15,15.57,15.71,15.37,15.71,1356934,20864294.00
2019/01/16,15.75,15.75,15.51,15.56,803670,12380768.00
2019/01/17,15.51,15.61,15.30,15.40,1009970,15394275.00
2019/01/18,15.40,15.86,15.29,15.85,1806136,27965036.00
2019/01/21,15.85,16.26,15.70,16.05,2284555,36315904.00
2019/01/22,16.06,16.12,15.80,15.96,1462730,23046440.00
2019/01/23,16.05,16.06,15.76,15.95,640551,10079332.00
2019/01/24,15.96,16.25,15.86,15.92,1318766,20940492.00
2019/01/25,16.06,16.28,15.80,16.18,2020937,32229116.00
2019/01/28,16.17,16.82,16.17,16.66,3489455,57144600.00
2019/01/29,16.66,16.74,16.14,16.62,2280831,37224432.00
2019/01/30,16.39,16.59,15.74,15.91,1824629,29335188.00
2019/01/31,15.92,16.09,15.67,15.84,1418800,22275304.00
2019/02/01,15.79,16.21,15.76,16.21,1292582,20589444.00
2019/02/11,16.24,16.46,15.99,16.38,2722125,43774088.00
2019/02/12,16.31,16.47,16.07,16.35,2330554,37569008.00
2019/02/13,16.48,16.81,16.26,16.76,3390712,55503728.00
2019/02/14,16.80,16.88,16.57,16.80,2061757,34060116.00
2019/02/15,16.75,16.75,16.42,16.59,1702263,27896188.00
2019/02/18,16.59,17.32,16.46,17.25,3942059,66198736.00
2019/02/19,17.36,17.39,16.96,17.22,3406947,57893056.00
2019/02/20,17.11,17.56,16.89,17.47,2831837,48358588.00
2019/02/21,17.47,17.47,17.06,17.33,2583935,44135308.00
2019/02/22,17.16,17.38,16.81,17.21,2638025,44653464.00
2019/02/25,17.41,17.86,17.20,17.79,4681468,81705112.00
2019/02/26,17.76,18.13,17.48,17.86,3347733,58940404.00
2019/02/27,17.73,18.25,17.46,17.67,3776599,66989208.00
2019/02/28,17.69,17.93,17.46,17.67,1997034,34825972.00
2019/03/01,17.84,17.84,17.53,17.80,1460536,25560308.00
2019/03/04,17.92,18.24,17.66,17.78,3702431,65906368.00
2019/03/05,17.63,17.89,17.41,17.84,3379158,58966312.00
2019/03/06,17.84,18.32,17.63,18.16,3829299,68602560.00
2019/03/07,18.02,18.51,17.89,18.27,3793087,68500288.00
2019/03/08,17.93,17.93,17.37,17.37,3493553,61057880.00
2019/03/11,17.61,17.82,17.37,17.82,1664156,28971752.00
2019/03/12,18.21,18.21,17.47,17.83,2405239,42608476.00
2019/03/13,17.78,17.95,17.37,17.58,2360510,41162884.00
2019/03/14,17.56,17.58,17.16,17.51,2568450,44273492.00
2019/03/15,17.67,17.77,17.46,17.61,2094676,36590260.00
2019/03/18,17.65,18.26,17.65,18.20,3220516,57602460.00
2019/03/19,18.31,18.34,17.94,18.18,2249688,40341504.00
2019/03/20,18.18,18.30,17.94,18.11,1558800,27926572.00
2019/03/21,18.27,18.35,17.94,18.20,3077723,55227808.00
2019/03/22,18.21,20.00,18.21,20.00,8625481,167169856.00
2019/03/25,20.01,20.29,19.41,19.94,5801257,114372944.00
2019/03/26,19.76,21.43,19.61,20.81,7475647,153834112.00
2019/03/27,20.76,21.01,19.91,20.97,4471607,91421672.00
2019/03/28,20.76,21.56,20.42,21.31,4357371,91282352.00
2019/03/29,20.36,20.65,19.26,20.35,7385165,146562784.00
2019/04/01,20.31,20.81,19.99,20.64,5511917,111761064.00
2019/04/02,20.56,20.56,20.16,20.26,3549927,71393976.00
2019/04/03,20.17,20.29,19.62,20.24,3161137,62643976.00
2019/04/04,20.17,20.35,19.86,20.25,2147613,42816692.00
2019/04/08,20.29,20.91,20.24,20.53,3069564,62737840.00
2019/04/09,20.36,20.59,20.02,20.32,1909198,38192696.00
2019/04/10,20.32,20.32,19.76,19.98,1695710,33650208.00
2019/04/11,19.86,20.28,19.36,19.66,1650525,32418008.00
2019/04/12,19.76,20.74,19.56,20.65,2484496,49859808.00
2019/04/15,20.80,21.36,20.48,20.62,3177734,66111696.00
2019/04/16,20.62,21.04,20.16,20.96,4140988,84091136.00
2019/04/17,21.13,21.36,20.85,21.26,3601553,75604792.00
2019/04/18,21.16,22.54,20.96,22.36,5128381,111216976.00
2019/04/19,22.94,22.94,21.56,22.13,5201828,113132456.00
2019/04/22,21.16,21.82,20.95,21.82,2910897,61531656.00
2019/04/23,21.55,21.62,21.10,21.51,1711519,36401492.00
2019/04/24,21.71,21.71,21.18,21.38,1762600,37485600.00
2019/04/25,21.77,22.91,21.31,22.24,7492033,165299344.00
2019/04/26,21.56,22.35,21.16,22.16,3978900,86786968.00
2019/04/29,22.13,22.54,21.74,21.98,4869033,107087176.00
2019/04/30,21.78,22.31,21.31,22.11,4484200,97898864.00
2019/05/06,21.42,21.74,19.92,19.92,3581183,74569056.00
2019/05/07,20.07,20.36,17.94,19.33,2910564,54872672.00
2019/05/08,19.11,19.11,18.33,18.81,1500583,27875372.00
2019/05/09,18.74,19.06,18.26,18.91,1218400,22584312.00
2019/05/10,18.93,19.53,18.26,19.49,1632302,31079872.00
2019/05/13,19.45,19.62,19.18,19.40,1655883,31835992.00
2019/05/14,19.38,19.56,18.64,19.36,1157500,22222940.00
2019/05/15,19.36,19.59,19.26,19.34,1704758,32765780.00
2019/05/16,19.28,21.26,18.78,20.56,4197002,80583984.00
2019/05/17,20.06,20.09,19.45,19.46,1912300,37437920.00
2019/05/20,19.37,19.39,18.54,18.97,1553776,28992582.00
2019/05/21,18.93,19.12,18.64,19.02,2670706,49895496.00
2019/05/22,18.86,18.86,17.89,18.64,2718768,49375492.00
2019/05/23,18.43,18.43,17.84,18.11,1242537,22245552.00
2019/05/24,17.72,18.16,17.71,18.06,1347000,23987104.00
2019/05/27,18.12,18.35,17.66,18.32,2016442,36138712.00
2019/05/28,18.29,18.65,18.11,18.36,1918365,35011732.00
2019/05/29,18.46,18.46,17.96,18.34,1349615,24413936.00
2019/05/30,18.22,18.71,17.95,18.18,2132507,38565392.00
2019/05/31,18.20,18.51,18.11,18.32,1129006,20433682.00
2019/06/03,18.40,18.40,17.96,18.14,769800,13834339.00
2019/06/04,18.20,18.20,17.85,17.85,559700,9964468.00
2019/06/05,18.11,18.36,17.87,18.18,1778783,32041200.00
2019/06/06,18.25,18.34,17.93,18.26,1801042,32396522.00
2019/06/10,18.36,18.63,18.05,18.14,1991915,36120680.00
2019/06/11,18.09,18.32,17.96,18.16,3328406,59813712.00
2019/06/12,18.23,18.54,18.03,18.26,4348628,78669856.00
2019/06/13,18.31,18.32,18.02,18.07,2247677,40321936.00
2019/06/14,18.21,18.21,17.86,18.11,2119977,37813496.00
2019/06/17,17.96,18.12,17.86,17.99,1999300,35645080.00
2019/06/18,17.86,17.98,16.21,16.25,7684931,124901608.00
2019/06/19,16.26,16.41,15.80,16.11,5972950,95135856.00
2019/06/20,15.96,16.12,15.78,16.12,3784800,58863096.00
2019/06/21,16.07,16.27,16.01,16.13,3631722,57164072.00
2019/06/24,16.18,16.28,16.06,16.20,2827100,44539188.00
2019/06/25,16.20,16.22,15.83,15.96,1970600,30698472.00
2019/06/26,15.97,16.00,15.82,15.87,1872340,28973460.00
2019/06/27,15.87,15.96,15.80,15.81,1827040,28227090.00
2019/06/28,15.80,15.81,14.86,15.02,5538783,81843144.00
2019/07/01,15.26,15.71,15.18,15.71,5854095,88411496.00
2019/07/02,15.71,16.11,15.66,15.84,5297000,81764064.00
2019/07/03,15.86,16.20,15.71,15.96,4881276,76097136.00
2019/07/04,15.96,16.27,15.96,16.17,3516400,55247436.00
2019/07/05,16.23,16.51,15.89,16.41,4499900,71421168.00
2019/07/08,16.41,16.59,15.97,16.17,4262500,67903360.00
2019/07/09,15.92,16.96,15.88,16.83,4879177,78762656.00
2019/07/10,16.86,17.31,16.72,17.18,4690900,78107840.00
2019/07/11,17.23,17.37,16.94,17.13,3454300,57935436.00
2019/07/12,17.06,17.26,16.96,17.14,3056077,51130952.00
2019/07/15,17.14,17.82,16.91,17.81,4642381,79017968.00
2019/07/16,17.81,18.97,17.56,18.72,6515577,117564416.00
2019/07/17,18.45,19.77,18.44,19.37,7723300,145805360.00
2019/07/18,19.58,19.61,19.01,19.27,4033676,76185872.00
2019/07/19,19.53,19.89,19.06,19.62,3833138,73257888.00
2019/07/22,20.11,20.11,19.10,19.68,3547638,68081320.00
2019/07/23,19.43,21.08,19.43,20.96,4738549,95193016.00
2019/07/24,21.01,21.41,20.81,21.21,4208705,86972528.00
2019/07/25,21.24,21.64,21.19,21.37,2836700,59573020.00
2019/07/26,21.23,21.69,21.01,21.67,3739900,78630024.00
2019/07/29,21.75,22.29,21.42,21.70,3327600,70813448.00
2019/07/30,22.30,22.30,21.35,21.74,3952650,84162032.00
2019/07/31,21.61,21.81,21.35,21.50,2712073,57451188.00
2019/08/01,21.50,21.74,19.39,19.39,8123545,159818496.00
2019/08/02,19.42,19.42,18.43,18.66,5248867,96366592.00
2019/08/05,18.61,18.83,18.22,18.62,3516738,64158868.00
2019/08/06,18.66,18.66,18.18,18.52,2794400,50453936.00
2019/08/07,18.97,18.97,18.30,18.57,2977800,53992664.00
2019/08/08,18.71,18.79,18.22,18.57,3998300,72282240.00
2019/08/09,18.55,18.66,16.75,16.75,3072300,52990240.00
2019/08/12,15.12,17.06,15.12,16.42,12729003,194236864.00
2019/08/13,15.48,16.39,15.48,16.01,9117567,141173040.00
2019/08/14,16.26,16.82,16.00,16.56,7234036,115991536.00
2019/08/15,16.21,16.52,16.01,16.36,5000247,79526576.00
2019/08/16,16.64,16.64,16.21,16.26,3835000,61180976.00
2019/08/19,16.35,16.61,16.29,16.53,4298127,68950888.00
2019/08/20,16.61,16.62,16.08,16.18,4438348,70463144.00
2019/08/21,16.29,16.29,15.90,16.17,2551888,40068828.00
2019/08/22,16.15,16.15,15.73,16.05,2845330,44237800.00
2019/08/23,16.10,16.16,15.73,15.84,2321966,35936468.00
2019/08/26,15.71,15.98,15.41,15.77,2142466,32644888.00
2019/08/27,15.91,16.24,15.82,15.98,4217283,65856024.00
2019/08/28,16.02,16.20,15.73,15.88,3227540,50094388.00
2019/08/29,15.91,15.93,15.58,15.63,2631910,40211428.00
2019/08/30,15.67,15.85,15.36,15.47,2920466,44280344.00
2019/09/02,15.46,15.89,15.35,15.79,2874622,43898620.00
2019/09/03,15.79,16.51,15.75,16.47,6135371,97499368.00
2019/09/04,16.48,16.80,16.14,16.40,4914500,78265896.00
2019/09/05,16.41,16.53,16.26,16.31,5118250,81773128.00
2019/09/06,16.31,16.41,16.11,16.20,3055453,48297680.00
2019/09/09,16.21,16.51,16.19,16.50,4196630,67136688.00
2019/09/10,16.43,16.50,16.26,16.36,3060683,48784492.00
2019/09/11,16.32,16.45,16.17,16.19,2330646,36992148.00
2019/09/12,16.29,16.31,15.96,16.27,2713203,42749088.00
2019/09/16,16.30,16.34,16.12,16.19,2340869,37055016.00
2019/09/17,16.12,16.25,15.78,15.86,2298522,35767976.00
2019/09/18,15.91,16.49,15.91,16.23,3855700,61090008.00
2019/09/19,16.25,16.43,16.07,16.33,2654000,41999808.00
2019/09/20,16.33,16.40,16.15,16.25,2404438,38090716.00
2019/09/23,16.29,16.29,15.85,15.98,1840443,28617412.00
2019/09/24,15.94,16.04,15.76,15.86,1781800,27551520.00
2019/09/25,15.86,15.88,15.54,15.54,1724200,26262222.00
2019/09/26,15.54,15.66,15.31,15.31,1650480,24789154.00
2019/09/27,15.31,15.49,15.24,15.31,1109280,16578941.00
2019/09/30,15.33,15.65,15.33,15.43,1185079,17835570.00
2019/10/08,15.41,15.53,15.29,15.38,937300,14071197.00
2019/10/09,15.31,15.75,15.18,15.74,2018303,30492572.00
2019/10/10,15.73,15.94,15.63,15.71,1929500,29595952.00
2019/10/11,15.71,15.78,15.56,15.60,1015200,15435812.00
2019/10/14,15.67,15.78,15.63,15.67,1744969,26678692.00
2019/10/15,15.69,15.70,15.39,15.42,1325600,19971384.00
2019/10/16,15.46,15.53,15.40,15.42,792400,11907241.00
2019/10/17,15.51,15.51,15.31,15.34,946244,14169101.00
2019/10/18,15.37,15.38,14.99,15.10,1560700,23075520.00
2019/10/21,15.10,15.10,14.73,14.80,1514800,21828864.00
2019/10/22,14.80,15.05,14.80,14.93,1478339,21437934.00
2019/10/23,14.91,14.98,14.79,14.80,1112200,16072609.00
2019/10/24,14.73,14.88,14.45,14.57,1456400,20688788.00
2019/10/25,14.52,15.51,14.28,15.19,3504163,50620440.00
2019/10/28,15.05,15.41,15.03,15.22,2042400,30292456.00
2019/10/29,15.18,15.20,14.79,14.81,1730300,25131836.00
2019/10/30,14.61,14.67,14.42,14.56,991200,14033112.00
2019/10/31,14.43,14.78,14.43,14.54,935300,13232031.00
2019/11/01,14.43,14.65,14.43,14.58,807900,11434717.00
2019/11/04,14.71,14.71,14.50,14.53,809303,11475269.00
2019/11/05,14.58,14.67,14.42,14.64,1036505,14676352.00
2019/11/06,14.64,14.64,14.48,14.50,634800,8961768.00
2019/11/07,14.57,14.57,14.44,14.49,545903,7692038.00
2019/11/08,14.58,14.62,14.49,14.51,587646,8294641.00
2019/11/11,14.52,14.52,14.07,14.16,1237003,17103624.00
2019/11/12,14.16,14.26,13.86,13.97,872793,11837562.00
2019/11/13,13.96,13.96,13.74,13.80,708561,9491893.00
2019/11/14,13.75,13.79,13.49,13.72,1108385,14677072.00
2019/11/15,13.71,14.15,13.62,13.84,1220183,16496054.00
2019/11/18,13.76,14.10,13.63,13.91,850549,11468994.00
2019/11/19,13.92,14.19,13.92,14.07,1070679,14634801.00
2019/11/20,14.07,14.21,13.81,13.83,841879,11408556.00
2019/11/21,13.83,13.83,13.67,13.71,730400,9735105.00
2019/11/22,13.72,13.85,13.59,13.76,950285,12658170.00
2019/11/25,13.81,13.81,13.62,13.67,626161,8309320.00
2019/11/26,13.66,13.76,13.58,13.76,809866,10710323.00
2019/11/27,13.62,13.73,13.57,13.65,406400,5373289.00
2019/11/28,13.59,13.68,13.58,13.58,427600,5647180.00
2019/11/29,13.56,13.63,13.47,13.50,622800,8162502.00
2019/12/02,13.52,13.64,13.21,13.63,696861,9131871.00
2019/12/03,13.69,13.91,13.61,13.88,1427830,19103664.00
2019/12/04,13.87,13.87,13.71,13.77,723900,9658734.00
2019/12/05,13.78,13.96,13.77,13.82,674485,9047964.00
2019/12/06,13.84,13.87,13.76,13.85,728355,9764252.00
2019/12/09,13.87,14.01,13.85,13.94,903643,12213515.00
2019/12/10,13.94,13.98,13.76,13.83,850935,11409241.00
2019/12/11,13.81,13.83,13.66,13.76,668231,8898474.00
2019/12/12,13.77,13.78,13.61,13.63,543400,7201478.00
2019/12/13,13.66,13.78,13.62,13.72,691306,9184782.00
2019/12/16,13.84,13.86,13.68,13.86,1056775,14133118.00
2019/12/17,13.86,14.90,13.86,14.52,3857232,53749948.00
2019/12/18,14.46,14.52,14.21,14.37,1892609,26396448.00
2019/12/19,14.29,14.84,14.29,14.84,3231800,46029656.00
2019/12/20,14.84,14.97,14.59,14.61,3013508,43291872.00
2019/12/23,14.51,14.51,14.06,14.11,1857836,25735662.00
2019/12/24,14.03,14.28,13.99,14.27,875083,12056564.00
2019/12/25,14.28,14.28,14.11,14.20,884500,12178630.00
2019/12/26,14.11,14.26,14.11,14.21,612185,8431851.00
2019/12/27,14.28,14.50,14.18,14.18,1357485,18922668.00
2019/12/30,14.19,14.28,13.94,14.24,813700,11169415.00
2019/12/31,14.24,14.35,14.21,14.28,712500,9867898.00
2020/01/02,14.37,14.61,14.32,14.56,1820977,25690200.00
2020/01/03,14.61,14.69,14.50,14.58,1306100,18511192.00
2020/01/06,14.67,14.71,14.42,14.64,1791777,25449060.00
2020/01/07,14.56,14.69,14.49,14.65,1371442,19510932.00
2020/01/08,14.72,14.72,14.46,14.50,1552500,21940392.00
2020/01/09,14.58,14.71,14.53,14.58,1103483,15650413.00
2020/01/10,14.60,14.68,14.45,14.61,1204300,17051364.00
2020/01/13,14.68,14.85,14.56,14.85,1789483,25597128.00
2020/01/14,14.88,15.25,14.81,15.03,3070403,45014144.00
2020/01/15,14.91,15.14,14.81,14.89,1468500,21302142.00
2020/01/16,14.86,14.97,14.76,14.78,1038952,14982094.00
2020/01/17,14.77,14.86,14.57,14.84,1117658,16018815.00
2020/01/20,14.84,15.11,14.81,15.02,1655936,24155028.00
2020/01/21,15.02,15.02,14.67,14.73,1179600,16960320.00
2020/01/22,14.67,14.76,14.30,14.54,1100600,15506461.00
2020/01/23,14.53,14.53,13.72,14.13,1312503,18104176.00
2020/02/03,12.76,12.76,12.76,12.76,342900,4234815.00
2020/02/04,11.53,12.59,11.53,11.84,3591300,41156352.00
2020/02/05,11.84,12.14,11.84,11.97,1963636,22804442.00
2020/02/06,11.85,12.20,11.85,12.10,1897180,22012556.00
2020/02/07,12.10,13.27,11.92,13.27,4426325,54411292.00
2020/02/10,13.39,13.99,13.06,13.17,4508270,58950192.00
2020/02/11,13.28,14.01,12.87,13.86,3811919,49426520.00
2020/02/12,13.58,15.19,13.51,15.12,7153930,100519328.00
2020/02/13,14.81,15.39,14.28,14.83,7009983,101040968.00
2020/02/14,14.86,15.21,14.39,14.98,4230766,60858360.00
2020/02/17,14.86,15.87,14.81,15.60,7449057,111577440.00
2020/02/18,15.38,16.18,15.32,15.84,7317759,112190560.00
2020/02/19,15.55,16.71,15.51,15.63,8484600,132123736.00
2020/02/20,15.61,16.26,15.45,15.71,9462061,145583792.00
2020/02/21,15.55,15.71,15.09,15.16,6964298,103892904.00
2020/02/24,15.08,15.09,14.58,14.69,4866600,70019992.00
2020/02/25,14.42,14.42,13.77,14.13,6076900,83474000.00
2020/02/26,13.97,14.40,13.71,14.11,3013935,41337768.00
2020/02/27,14.03,14.34,13.88,13.98,1836147,25024908.00
2020/02/28,13.67,13.85,13.34,13.41,2933300,38523560.00
2020/03/02,13.52,13.89,13.52,13.83,1747000,23327880.00
2020/03/03,13.85,14.13,13.72,13.87,1924883,26086376.00
2020/03/04,13.96,14.03,13.77,14.02,1488796,20119616.00
2020/03/05,14.07,14.96,14.07,14.89,5609149,79319608.00
2020/03/06,14.52,14.81,14.52,14.55,3514549,49974896.00
2020/03/09,14.21,14.48,13.73,13.73,2774883,37793848.00
2020/03/10,13.60,14.13,13.34,14.03,2354981,31491624.00
2020/03/11,14.09,14.21,13.77,13.77,1506600,20462282.00
2020/03/12,13.54,13.74,13.45,13.57,1459403,19198300.00
2020/03/13,12.72,13.36,12.72,13.22,1885180,23902332.00
2020/03/16,13.31,13.51,12.72,12.81,1672300,21272724.00
2020/03/17,12.81,12.99,12.18,12.68,1412177,17184408.00
2020/03/18,13.00,13.00,12.51,12.54,927800,11417817.00
2020/03/19,12.39,12.71,12.32,12.53,1172428,14139005.00
2020/03/20,12.63,12.70,12.47,12.66,1062300,12950705.00
2020/03/23,12.39,12.56,12.24,12.27,799030,9573392.00
2020/03/24,12.41,12.60,12.13,12.42,939900,11250872.00
2020/03/25,12.62,12.86,12.56,12.79,1717751,21146596.00
2020/03/26,12.74,12.89,12.64,12.76,1043158,12912984.00
2020/03/27,12.91,13.40,12.82,13.03,2533172,32230190.00
2020/03/30,13.09,13.09,12.41,12.49,1686414,20513220.00
2020/03/31,12.57,12.65,12.37,12.38,1026281,12390338.00
2020/04/01,12.41,12.50,12.32,12.35,1014900,12171267.00
2020/04/02,12.34,12.56,12.24,12.56,656532,7872741.00
2020/04/03,12.49,12.60,12.41,12.48,627600,7585516.00
2020/04/07,12.57,12.77,12.57,12.73,1206248,14827516.00
2020/04/08,12.57,13.15,12.57,12.90,1316500,16409120.00
2020/04/09,12.96,13.10,12.87,13.03,1206060,15205402.00
2020/04/10,13.03,13.16,12.71,12.71,969518,12001279.00
2020/04/13,12.73,12.73,12.51,12.55,489400,5950076.00
2020/04/14,12.55,12.81,12.55,12.77,631900,7769680.00
2020/04/15,12.96,12.96,12.60,12.62,685977,8444515.00
2020/04/16,12.41,12.63,12.41,12.58,488100,5926907.00
2020/04/17,12.68,12.74,12.53,12.56,771500,9423582.00
2020/04/20,12.56,12.66,12.46,12.63,926000,11291756.00
2020/04/21,12.58,12.61,12.43,12.54,1051302,12721170.00
2020/04/22,12.45,12.59,12.43,12.55,734300,8866696.00
2020/04/23,12.55,12.76,12.46,12.64,1129100,13777523.00
2020/04/24,12.89,12.99,12.45,12.47,1319400,15990582.00
2020/04/27,12.51,12.56,12.34,12.37,672625,8080286.00
2020/04/28,12.40,12.42,11.82,12.20,1183600,13956568.00
2020/04/29,12.09,12.42,12.04,12.32,861600,10236171.00
2020/04/30,12.32,12.56,12.31,12.56,755200,9112567.00
2020/05/06,12.71,12.71,12.49,12.64,755300,9193476.00
2020/05/07,12.80,13.36,12.52,13.23,2883921,36360088.00
2020/05/08,13.16,13.48,13.01,13.29,2609900,33657748.00
2020/05/11,13.26,13.46,13.13,13.25,1434674,18435180.00
2020/05/12,13.26,13.36,12.96,13.01,995200,12608154.00
2020/05/13,13.05,13.61,12.95,13.42,2114129,27317074.00
2020/05/14,13.40,13.41,13.17,13.19,985963,12679075.00
2020/05/15,13.32,13.51,13.23,13.29,790138,10204002.00
2020/05/18,13.29,13.58,13.11,13.48,1738063,22608372.00
2020/05/19,13.59,13.70,13.37,13.53,1090651,14279266.00
2020/05/20,13.47,13.68,13.31,13.37,944132,12253159.00
2020/05/21,13.40,13.47,13.16,13.18,943000,12159609.00
2020/05/22,13.12,13.20,12.87,12.88,1172400,14763517.00
2020/05/25,13.11,13.39,12.71,13.19,1302700,16516433.00
2020/05/26,13.32,13.72,13.14,13.70,2649568,34709048.00
2020/05/27,13.61,14.56,13.61,14.27,5776729,79635456.00
2020/05/28,14.30,14.36,13.54,13.81,4073718,54896140.00
2020/05/29,13.71,14.79,13.69,14.32,5781325,80806184.00
2020/06/01,14.51,14.83,14.36,14.51,4363403,61756476.00
2020/06/02,14.51,15.12,14.33,14.75,4895582,69947648.00
2020/06/03,14.75,14.75,14.44,14.48,2106680,29758748.00
2020/06/04,14.48,14.60,14.28,14.47,1769003,24843744.00
2020/06/05,14.39,14.65,14.22,14.24,1449500,20190688.00
2020/06/08,14.26,14.37,14.06,14.09,1640200,22524252.00
2020/06/09,14.16,14.54,14.01,14.44,1714683,23792100.00
2020/06/10,14.43,14.43,14.13,14.14,1124827,15532170.00
2020/06/11,14.15,15.03,14.11,14.86,5131496,73243920.00
2020/06/12,14.61,15.31,14.44,15.25,4447219,64900004.00
2020/06/15,15.41,15.41,14.61,14.64,4575011,65968380.00
2020/06/16,14.65,15.42,14.51,15.02,2289200,32905576.00
2020/06/17,14.93,15.25,14.83,15.04,2153929,31500454.00
2020/06/18,14.89,14.91,14.70,14.76,1752675,25198108.00
2020/06/19,14.57,14.80,14.54,14.67,1078244,15360940.00
2020/06/22,14.69,14.84,14.55,14.70,1350306,19243216.00
2020/06/23,14.67,14.70,14.27,14.40,1749924,24506520.00
2020/06/24,14.41,14.56,14.06,14.06,3660861,50838184.00
2020/06/29,14.07,14.39,13.86,14.27,1447570,19954556.00
2020/06/30,14.27,14.42,14.23,14.31,1165895,15944817.00
2020/07/01,14.47,14.58,14.18,14.46,1388972,19091178.00
2020/07/02,14.65,14.86,14.52,14.78,2216283,31171694.00
2020/07/03,14.68,14.95,14.57,14.62,2035622,28621092.00
2020/07/06,14.62,14.94,14.42,14.88,3125559,44014336.00
2020/07/07,14.91,15.08,14.73,14.91,3541065,50428960.00
2020/07/08,14.91,15.15,14.75,15.04,3077736,44046352.00
2020/07/09,15.04,15.34,15.01,15.21,3224395,46827388.00
2020/07/10,15.23,15.31,14.86,14.86,2504129,36063348.00
2020/07/13,14.79,15.60,14.75,15.58,3514782,51501744.00
2020/07/14,15.58,15.63,15.06,15.26,2736667,40063900.00
2020/07/15,15.40,15.41,14.84,14.94,2284749,33081112.00
2020/07/16,15.04,15.11,14.26,14.27,1833900,25760714.00
2020/07/17,14.46,14.46,13.96,14.09,1506925,20356716.00
2020/07/20,14.16,14.56,14.16,14.54,1646419,22690774.00
2020/07/21,14.55,14.83,14.37,14.72,2071400,29077176.00
2020/07/22,14.74,14.93,14.51,14.76,1811858,25614274.00
2020/07/23,14.64,14.85,14.38,14.74,2162000,30165048.00
2020/07/24,14.41,14.85,14.07,14.23,2292449,31692648.00
2020/07/27,14.11,14.24,13.69,13.83,2343687,31015806.00
2020/07/28,13.88,13.99,13.82,13.91,933041,12336195.00
2020/07/29,13.90,14.26,13.74,14.24,1342095,17988388.00
2020/07/30,14.36,14.60,14.14,14.14,1466500,20049040.00
2020/07/31,14.17,14.36,14.01,14.27,1253177,16978676.00
2020/08/03,14.46,14.61,14.32,14.51,1369038,18943712.00
2020/08/04,14.56,14.71,14.39,14.45,1495032,20722032.00
2020/08/05,14.45,14.76,14.22,14.66,1763852,24473366.00
2020/08/06,14.58,14.83,14.37,14.63,1347932,18748976.00
2020/08/07,14.64,14.96,14.47,14.94,3521707,49870120.00
2020/08/10,14.94,15.84,14.78,15.55,6758031,99291104.00
2020/08/11,15.31,15.56,15.02,15.10,4993527,72757640.00
2020/08/12,15.04,15.52,14.52,15.39,4700000,67662456.00
2020/08/13,15.47,15.64,15.10,15.37,3599251,52924844.00
2020/08/14,15.24,15.86,15.18,15.51,3544471,52736328.00
2020/08/17,15.53,15.76,15.21,15.44,3391259,50007596.00
2020/08/18,15.44,15.54,15.24,15.35,2313522,33919128.00
2020/08/19,15.32,15.32,14.90,14.94,2921687,42076616.00
2020/08/20,14.82,16.13,14.71,15.82,6556246,97848368.00
2020/08/21,15.73,16.66,15.73,15.99,5990432,92856392.00
2020/08/24,16.28,16.28,15.54,15.70,4220954,63604584.00
2020/08/25,15.85,17.20,15.74,17.20,7314428,117596928.00
2020/08/26,17.20,17.86,16.26,16.57,11131714,182304800.00
2020/08/27,16.55,16.56,15.36,16.08,6868931,103359896.00
2020/08/28,15.80,16.08,15.12,15.87,6021313,89875976.00
2020/08/31,15.76,16.31,15.67,15.74,3971566,60815620.00
2020/09/01,15.69,15.69,15.36,15.58,2630875,39071520.00
2020/09/02,15.59,15.73,15.44,15.52,2243516,33446962.00
2020/09/03,15.55,15.55,15.24,15.28,2642029,38817860.00
2020/09/04,15.16,15.42,15.04,15.36,1635763,23842782.00
2020/09/07,15.36,15.89,15.26,15.66,5516337,82514992.00
2020/09/08,15.66,15.67,15.24,15.43,2686200,39606456.00
2020/09/09,15.21,15.24,14.79,14.79,2643425,37915012.00
2020/09/10,14.88,14.97,14.43,14.63,1599625,22386284.00
2020/09/11,14.57,14.86,14.33,14.84,1092714,15337413.00
2020/09/14,14.85,15.14,14.68,14.96,983844,14046564.00
2020/09/15,14.96,15.23,14.91,15.14,1260273,18167836.00
2020/09/16,15.31,15.31,14.86,14.92,885086,12663396.00
2020/09/17,15.11,16.24,14.89,15.78,7229690,109486584.00
2020/09/18,15.81,16.16,15.63,16.11,5182885,79522304.00
2020/09/21,16.16,16.96,15.97,16.63,5383144,85313392.00
2020/09/22,16.62,16.62,16.08,16.23,2601544,40756896.00
2020/09/23,16.30,16.45,16.05,16.36,2821092,44181504.00
2020/09/24,16.31,16.41,15.82,15.95,1900100,29252656.00
2020/09/25,16.00,16.74,15.80,16.30,2366167,36951444.00
2020/09/28,16.31,16.81,16.06,16.55,2957651,46983728.00
2020/09/29,16.66,16.90,16.31,16.69,2461271,39179208.00
2020/09/30,16.68,16.92,16.46,16.85,3138000,50450824.00
2020/10/09,16.85,17.46,16.26,16.38,7226898,115926136.00
2020/10/12,16.35,17.66,16.23,16.76,8706889,141622736.00
2020/10/13,16.86,16.94,16.01,16.26,5627663,87644312.00
2020/10/14,16.16,16.21,15.48,15.66,4389498,66045604.00
2020/10/15,15.60,17.16,15.37,16.86,15787874,254122432.00
2020/10/16,16.51,16.66,15.76,15.84,10246572,158029088.00
2020/10/19,15.79,16.21,15.44,15.92,5383593,81945712.00
2020/10/20,15.91,15.91,15.51,15.61,4045986,60601080.00
2020/10/21,15.70,15.72,15.10,15.22,3940403,57718980.00
2020/10/22,15.14,15.50,14.94,15.33,2814081,41113584.00
2020/10/23,15.28,15.44,14.92,15.03,2545781,36820800.00
2020/10/26,15.16,15.21,14.88,15.18,1586400,22889906.00
2020/10/27,15.18,15.25,14.99,15.12,1263700,18260294.00
2020/10/28,15.12,15.42,15.11,15.36,2114513,30876072.00
2020/10/29,15.08,15.28,15.02,15.18,1397500,20299414.00
2020/10/30,15.31,15.31,14.56,15.01,2574187,36661412.00
2020/11/02,15.01,15.13,14.87,14.88,1405400,20148342.00
2020/11/03,14.89,15.03,14.76,14.89,1538126,21885484.00
2020/11/04,14.91,15.35,14.91,15.30,2585844,37612728.00
2020/11/05,15.32,15.52,15.19,15.45,2588925,38117324.00
2020/11/06,15.45,16.15,15.30,16.04,5100372,77517648.00
2020/11/09,16.08,16.37,15.84,15.97,4041920,62023708.00
2020/11/10,16.05,16.06,15.46,15.56,2621918,39541284.00
2020/11/11,15.66,15.84,15.41,15.72,2124398,31808784.00
2020/11/12,15.75,15.90,15.46,15.59,1411200,21059796.00
2020/11/13,15.59,15.81,15.41,15.62,1705109,25508850.00
2020/11/16,15.74,15.95,15.56,15.73,2055359,30999998.00
2020/11/17,15.73,15.93,15.54,15.83,2040000,30816328.00
2020/11/18,15.85,15.90,15.49,15.56,1643183,24638724.00
2020/11/19,15.56,16.04,15.28,15.85,2916883,43945896.00
2020/11/20,15.79,16.00,15.70,15.87,1780400,27062834.00
2020/11/23,15.98,16.01,15.74,15.84,1687900,25704080.00
2020/11/24,15.84,15.84,15.54,15.65,1734700,25971160.00
2020/11/25,15.65,15.75,15.27,15.28,1801266,26549424.00
2020/11/26,15.11,15.35,14.82,14.95,1602600,22931212.00
2020/11/27,15.06,15.06,14.56,14.67,2178931,30635894.00
2020/11/30,14.61,15.02,14.61,14.84,1569873,22201964.00
2020/12/01,14.82,14.98,14.67,14.94,1540700,21856174.00
2020/12/02,14.94,15.13,14.85,14.88,1058584,15115193.00
2020/12/03,14.88,14.88,14.55,14.64,1780694,24896416.00
2020/12/04,14.66,14.69,14.50,14.54,1496900,20774674.00
2020/12/07,14.53,14.67,14.47,14.55,973900,13539284.00
2020/12/08,14.72,14.72,14.48,14.55,874400,12162713.00
2020/12/09,14.63,14.64,14.27,14.29,1221477,16750501.00
2020/12/10,14.31,14.32,14.06,14.16,782861,10591715.00
2020/12/11,14.17,14.24,13.66,13.81,1900689,25005060.00
2020/12/14,13.81,13.92,13.58,13.89,712273,9332007.00
2020/12/15,13.89,14.01,13.84,13.88,570854,7562084.00
2020/12/16,13.88,13.90,13.65,13.66,951753,12468136.00
2020/12/17,13.77,13.77,13.32,13.68,1321603,17015876.00
2020/12/18,13.68,13.76,13.46,13.47,750601,9695989.00
2020/12/21,13.48,13.54,13.32,13.41,917800,11715063.00
2020/12/22,13.41,13.41,13.06,13.09,1192900,14976910.00
2020/12/23,13.10,13.17,12.88,13.00,877000,10814176.00
2020/12/24,13.02,13.23,12.88,13.07,1090000,13507514.00
2020/12/25,13.11,13.32,12.97,13.15,916000,11443404.00
2020/12/28,13.16,13.26,12.77,12.81,1096657,13480155.00
2020/12/29,12.81,13.10,12.79,12.88,869700,10686276.00
2020/12/30,12.91,13.02,12.67,12.96,681025,8348678.00
2020/12/31,13.00,13.24,12.96,13.22,965396,12017262.00
2021/01/04,13.20,13.32,13.08,13.27,1144709,14341945.00
2021/01/05,13.27,13.27,12.89,12.98,1259870,15578983.00
2021/01/06,12.98,12.99,12.79,12.82,1049772,12792343.00
2021/01/07,12.83,12.85,12.19,12.32,1519066,17901064.00
2021/01/08,12.38,12.65,12.02,12.24,1102987,12839974.00
2021/01/11,12.27,12.27,11.87,11.97,1130277,12776452.00
2021/01/12,11.97,12.05,11.86,11.93,645400,7287704.00
2021/01/13,11.93,12.03,11.69,11.77,951208,10572633.00
2021/01/14,11.81,11.98,11.64,11.88,880055,9829547.00
2021/01/15,11.87,12.27,11.87,12.18,1059188,12134343.00
2021/01/18,12.34,12.61,12.18,12.56,1180660,13978091.00
2021/01/19,12.57,12.84,12.51,12.66,1346467,16151862.00
2021/01/20,12.81,12.84,12.36,12.41,943600,11124851.00
2021/01/21,12.42,12.52,12.26,12.45,688648,8087234.00
2021/01/22,12.45,12.46,12.26,12.32,563778,6563944.00
2021/01/25,12.33,12.55,12.11,12.26,957626,11210140.00
2021/01/26,12.27,12.35,12.11,12.13,487768,5629646.00
2021/01/27,12.16,12.33,12.07,12.20,597700,6891871.00
2021/01/28,12.18,12.43,11.96,12.05,644000,7414281.00
2021/01/29,12.07,12.18,11.77,11.90,632810,7116908.00
2021/02/01,11.86,12.05,11.86,12.02,381500,4320751.00
2021/02/02,12.15,12.15,11.96,12.03,383500,4358920.00
2021/02/03,12.09,12.09,11.75,11.91,635951,7130679.00
2021/02/04,11.91,12.44,11.69,12.44,1489154,16887116.00
2021/02/05,12.47,13.62,12.47,13.62,3592805,45788792.00
2021/02/08,14.26,14.26,12.85,13.44,4675257,59375752.00
2021/02/09,13.61,13.80,13.06,13.46,2802877,35744448.00
2021/02/10,13.42,13.63,13.28,13.43,1443895,18489904.00
2021/02/18,13.48,13.60,13.37,13.44,1204561,15409001.00
2021/02/19,13.37,14.46,13.37,14.38,3150394,42125744.00
2021/02/22,14.40,14.46,13.97,14.24,2509016,33891248.00
2021/02/23,14.42,15.35,14.42,14.98,5016335,71863392.00
2021/02/24,14.96,14.97,14.52,14.82,2080051,29320528.00
2021/02/25,14.72,14.96,14.66,14.71,1200351,16984864.00
2021/02/26,14.47,14.65,14.18,14.47,1265351,17402456.00
2021/03/01,14.21,14.75,14.21,14.57,1028600,14265320.00
2021/03/02,14.65,14.65,14.36,14.45,632900,8746100.00
2021/03/03,14.34,14.55,14.28,14.37,726200,10000928.00
2021/03/04,14.46,14.56,14.08,14.13,845758,11493692.00
2021/03/05,14.00,15.21,14.00,14.19,981361,13347162.00
2021/03/08,14.16,14.86,14.16,14.76,2211600,30706924.00
2021/03/09,15.15,15.15,14.17,14.56,2383061,33314756.00
2021/03/10,14.44,14.84,14.24,14.24,926036,12878134.00
2021/03/11,14.16,14.22,13.65,13.80,1791700,23692596.00
2021/03/12,13.91,14.16,13.44,13.77,1160100,15169598.00
2021/03/15,13.67,13.86,13.46,13.55,1111000,14432452.00
2021/03/16,13.58,13.84,13.52,13.83,950700,12394010.00
2021/03/17,13.83,13.91,13.69,13.77,696200,9128310.00
2021/03/18,13.77,14.04,13.66,14.00,1339817,17654588.00
2021/03/19,13.81,14.55,13.77,14.33,1967600,26795616.00
2021/03/22,14.18,14.76,13.80,13.99,2956926,39928836.00
2021/03/23,13.99,14.00,13.61,13.72,1155600,15120909.00
2021/03/24,13.61,13.84,13.50,13.72,984700,12795863.00
2021/03/25,13.79,13.79,13.42,13.45,660400,8506622.00
2021/03/26,13.51,13.73,13.36,13.52,1105051,14235706.00
2021/03/29,13.55,13.62,13.46,13.55,636400,8199571.00
2021/03/30,13.54,13.55,13.18,13.32,1006000,12733137.00
2021/03/31,13.36,13.56,13.36,13.43,618700,7912399.00
2021/04/01,13.51,13.79,13.20,13.71,1106351,14232464.00
2021/04/02,13.82,14.13,13.30,13.41,2366426,30892508.00
2021/04/06,13.29,13.56,13.29,13.42,656300,8372493.00
2021/04/07,13.52,13.70,13.46,13.51,779000,10039139.00
2021/04/08,13.53,13.62,13.41,13.57,688400,8826965.00
2021/04/09,13.57,13.68,13.44,13.52,588500,7591232.00
2021/04/12,13.69,13.69,13.29,13.51,542800,6907179.00
2021/04/13,13.37,13.46,13.11,13.19,514700,6497244.00
2021/04/14,13.12,13.35,13.08,13.33,414500,5223609.00
2021/04/15,13.34,13.48,13.22,13.38,622100,7909579.00
2021/04/16,13.59,13.59,13.33,13.47,648000,8278618.00
2021/04/19,13.47,13.59,13.36,13.58,697800,8962143.00
2021/04/20,13.57,13.88,13.44,13.86,1769426,23094028.00
2021/04/21,13.39,13.39,12.87,13.34,2147067,26932444.00
2021/04/22,13.33,13.33,13.07,13.17,897077,11228115.00
2021/04/23,13.29,13.50,12.76,13.35,1775867,22155022.00
2021/04/26,13.35,13.38,13.05,13.10,886900,11094916.00
2021/04/27,13.01,13.26,12.88,12.89,608900,7518738.00
2021/04/28,12.86,13.00,12.86,12.96,332700,4081967.00
2021/04/29,12.96,13.13,12.96,13.02,518700,6426589.00
2021/04/30,13.02,13.11,12.66,12.93,755000,9191856.00
2021/05/06,12.83,13.11,12.72,12.98,711758,8730939.00
2021/05/07,12.97,13.06,12.69,12.89,973200,11880046.00
2021/05/10,12.89,13.00,12.82,12.92,718783,8795838.00
2021/05/11,13.01,13.01,12.72,12.83,418200,5074397.00
2021/05/12,12.83,12.98,12.64,12.88,735383,8929864.00
2021/05/13,12.77,12.85,12.66,12.68,1145200,13823808.00
2021/05/14,12.68,12.81,12.61,12.76,953100,11493835.00
2021/05/17,12.78,12.94,12.68,12.80,1288900,15700299.00
2021/05/18,12.82,12.87,12.75,12.81,410500,4988016.00
2021/05/19,12.89,12.89,12.70,12.70,620876,7522382.00
2021/05/20,12.70,13.65,12.52,13.01,2606836,32191032.00
2021/05/21,12.93,13.51,12.87,13.11,2809100,35363068.00
2021/05/24,12.96,12.96,12.26,12.72,2093258,25095396.00
2021/05/25,12.63,12.74,12.47,12.68,1179300,14103373.00
2021/05/26,12.68,12.90,12.59,12.79,803958,9734063.00
2021/05/27,12.74,12.91,12.73,12.88,744400,9062700.00
2021/05/28,12.87,12.88,12.74,12.83,707286,8585471.00
2021/05/31,12.86,12.88,12.72,12.79,900800,10905627.00
2021/06/01,12.80,12.99,12.72,12.96,1002942,12277812.00
2021/06/02,12.96,13.16,12.96,13.08,998983,12397172.00
2021/06/03,13.06,13.20,12.96,13.05,576583,7129812.00
2021/06/04,13.06,13.29,12.86,13.18,1042200,12937849.00
2021/06/07,13.18,13.31,13.08,13.19,613200,7678185.00
2021/06/08,13.20,13.85,13.20,13.70,2549410,32900498.00
2021/06/09,13.76,13.79,13.44,13.66,1322283,17065828.00
2021/06/10,13.66,13.67,13.43,13.46,685383,8793902.00
2021/06/11,13.40,13.76,13.30,13.76,1606504,20786090.00
2021/06/15,13.76,13.83,13.52,13.81,887000,11594422.00
2021/06/16,13.76,13.82,13.22,13.56,663000,8579394.00
2021/06/17,13.56,13.78,13.36,13.45,727600,9359155.00
2021/06/18,13.45,13.49,13.28,13.46,652600,8274637.00
2021/06/21,13.46,13.52,13.17,13.49,689300,8750776.00
2021/06/22,13.48,13.76,13.36,13.68,1060603,13751417.00
2021/06/23,13.68,13.71,13.42,13.57,604100,7769593.00
2021/06/24,13.57,13.74,13.46,13.69,1050476,13621316.00
2021/06/25,13.64,13.77,13.51,13.57,731900,9288055.00
2021/06/28,13.63,13.63,13.45,13.53,494944,6233781.00
2021/06/29,13.51,13.58,13.19,13.27,611444,7590202.00
2021/06/30,13.27,13.46,13.11,13.23,364800,4507283.00
2021/07/01,13.21,13.29,13.10,13.14,804200,9861445.00
2021/07/02,13.19,13.19,12.87,12.96,450400,5442669.00
2021/07/05,12.94,13.02,12.82,12.87,405900,4862119.00
2021/07/06,12.99,12.99,12.78,12.84,485000,5796431.00
2021/07/07,12.78,13.10,12.76,13.10,650900,7850955.00
2021/07/08,13.20,13.31,12.88,12.92,718800,8676784.00
2021/07/09,12.92,13.08,12.76,12.83,678876,8110476.00
2021/07/12,12.83,13.02,12.81,13.00,748800,8969555.00
2021/07/13,13.14,13.57,12.92,13.44,2050776,25422298.00
2021/07/14,13.54,13.78,13.44,13.69,2627300,33489200.00
2021/07/15,13.80,14.11,13.30,13.54,2557745,32713710.00
2021/07/16,13.52,13.68,13.34,13.45,863600,10860446.00
2021/07/19,13.77,13.77,13.38,13.63,1278389,16230679.00
2021/07/20,13.55,13.99,13.53,13.79,1672923,21653214.00
2021/07/21,13.99,13.99,13.68,13.73,1087100,14018185.00
2021/07/22,13.67,13.90,13.31,13.51,970400,12235891.00
2021/07/23,13.62,13.63,12.99,13.10,1105900,13543924.00
2021/07/26,13.10,13.39,12.76,13.32,1337800,16324313.00
2021/07/27,13.32,13.51,13.16,13.21,858100,10686607.00
2021/07/28,13.26,13.26,12.70,13.02,702900,8497310.00
2021/07/29,13.21,13.21,12.98,13.07,467500,5684912.00
2021/07/30,12.94,13.82,12.92,13.42,2521983,31740514.00
2021/08/02,13.46,13.85,13.27,13.81,4152343,52667312.00
2021/08/03,13.81,13.86,13.54,13.68,1425083,18275748.00
2021/08/04,13.68,13.78,13.50,13.63,1032800,13090215.00
2021/08/05,13.57,13.81,13.24,13.30,1619900,20300184.00
2021/08/06,13.31,13.31,12.96,13.03,1263600,15391154.00
2021/08/09,13.01,13.33,12.96,13.32,845300,10369385.00
2021/08/10,13.19,13.64,13.16,13.60,1274000,16033049.00
2021/08/11,13.60,13.82,13.52,13.62,1435544,18293056.00
2021/08/12,13.67,13.86,13.58,13.69,1319600,16905300.00
2021/08/13,13.69,13.81,13.56,13.61,764300,9747360.00
2021/08/16,13.61,13.68,13.47,13.61,912100,11560344.00
2021/08/17,13.60,13.68,13.18,13.20,939800,11774085.00
2021/08/18,13.16,13.79,13.16,13.74,1674800,21112456.00
2021/08/19,13.81,13.92,13.55,13.80,1073883,13735638.00
2021/08/20,13.87,14.07,13.63,13.86,2157801,27872492.00
2021/08/23,14.01,14.71,13.99,14.68,3888445,52821324.00
2021/08/24,14.68,14.98,14.23,14.34,2562657,34701320.00
2021/08/25,14.34,14.69,14.26,14.32,1847457,25032118.00
2021/08/26,14.29,14.71,14.15,14.46,1924434,26042804.00
2021/08/27,14.29,14.40,14.06,14.18,1681800,22287464.00
2021/08/30,14.27,14.27,13.98,14.09,1219957,16089586.00
2021/08/31,13.91,14.21,13.70,14.10,1700200,22090520.00
2021/09/01,14.17,14.56,13.83,14.29,1894400,25186822.00
2021/09/02,14.15,14.30,13.99,14.17,1119000,14753914.00
2021/09/03,14.23,14.46,14.19,14.34,1162200,15591302.00
2021/09/06,14.35,14.66,14.26,14.58,1753388,23827232.00
2021/09/07,14.57,14.57,14.29,14.41,1200200,16141755.00
2021/09/08,14.31,14.52,14.27,14.42,900900,12158991.00
2021/09/09,14.42,14.42,14.07,14.14,1740383,23141588.00
2021/09/10,14.17,14.29,13.87,14.00,1650300,21652864.00
2021/09/13,14.00,14.21,13.85,14.11,988500,12990488.00
2021/09/14,14.11,14.30,13.93,13.97,890200,11759491.00
2021/09/15,13.97,13.97,13.81,13.84,767122,9941372.00
2021/09/16,13.84,14.08,13.78,13.79,803400,10429071.00
2021/09/17,13.76,13.88,13.66,13.77,707152,9066856.00
2021/09/22,13.66,13.76,13.54,13.67,704100,8963485.00
2021/09/23,13.67,14.00,13.67,13.75,690252,8895709.00
2021/09/24,13.78,13.78,13.44,13.48,770300,9766036.00
2021/09/27,13.48,13.59,13.22,13.48,883200,11034594.00
2021/09/28,13.48,13.54,13.32,13.36,358016,4464902.00
2021/09/29,13.36,13.36,12.89,12.89,900200,10927147.00
2021/09/30,12.89,13.24,12.89,13.17,679776,8235889.00
2021/10/08,13.23,13.45,13.02,13.34,587000,7265876.00
2021/10/11,13.42,13.56,13.35,13.46,482068,6061748.00
2021/10/12,13.46,13.56,13.19,13.43,541040,6740366.00
2021/10/13,13.50,13.50,13.23,13.43,605872,7540903.00
2021/10/14,13.49,13.54,13.36,13.46,434800,5455569.00
2021/10/15,13.46,13.52,13.33,13.37,535600,6685755.00
2021/10/18,13.43,13.52,13.13,13.51,565948,7041058.00
2021/10/19,13.47,13.72,13.38,13.65,794900,10083045.00
2021/10/20,13.66,13.66,13.38,13.51,471435,5929671.00
2021/10/21,13.46,13.46,13.14,13.18,554700,6862576.00
2021/10/22,13.24,13.41,13.16,13.18,513000,6332877.00
2021/10/25,13.14,13.26,12.95,13.26,473000,5796152.00
2021/10/26,13.30,13.30,12.96,12.99,648900,7877192.00
2021/10/27,13.04,13.04,12.47,12.58,993400,11645768.00
2021/10/28,12.78,13.09,12.53,12.55,1213900,14345116.00
2021/10/29,12.54,12.98,12.44,12.91,730400,8678311.00
2021/11/01,12.98,14.09,12.90,13.76,3197157,40684268.00
2021/11/02,13.82,13.83,13.52,13.59,1255800,15978829.00
2021/11/03,13.71,13.98,13.64,13.79,1248667,16129497.00
2021/11/04,13.79,14.26,13.64,14.18,2070800,27370286.00
2021/11/05,14.17,14.26,13.89,14.12,1274500,16829646.00
2021/11/08,14.08,14.38,14.08,14.20,1325900,17660358.00
2021/11/09,14.18,14.46,14.17,14.31,1519157,20401860.00
2021/11/10,14.21,14.67,14.21,14.37,3313801,45045856.00
2021/11/11,14.33,14.76,14.30,14.56,2646938,36214360.00
2021/11/12,14.56,14.56,14.27,14.44,959200,12960280.00
2021/11/15,14.43,14.98,14.41,14.77,3933700,54716888.00
2021/11/16,14.69,14.95,14.51,14.70,1343600,18575120.00
2021/11/17,14.63,14.76,14.33,14.49,1646200,22327268.00
2021/11/18,14.45,15.85,14.37,15.85,5636844,81371816.00
2021/11/19,16.11,16.21,15.06,15.17,5949098,86163120.00
2021/11/22,15.17,15.18,14.41,14.56,6548588,89413016.00
2021/11/23,14.53,14.74,14.46,14.51,3820700,52176856.00
2021/11/24,14.51,14.56,14.05,14.20,3927012,52093488.00
2021/11/25,14.19,14.25,13.95,14.02,3029450,39860792.00
2021/11/26,13.99,14.12,13.80,14.02,2899812,37902340.00
2021/11/29,13.84,13.87,13.48,13.54,3187681,40378444.00
2021/11/30,13.52,13.71,13.41,13.48,2780530,35159288.00
2021/12/01,13.44,13.68,13.33,13.62,2132571,26936850.00
2021/12/02,13.59,13.65,13.45,13.56,1911700,24156400.00
2021/12/03,13.63,13.74,13.52,13.67,1859200,23670264.00
2021/12/06,13.66,13.75,13.52,13.57,2287812,29021604.00
2021/12/07,13.61,13.84,13.58,13.84,3012177,38649900.00
2021/12/08,13.86,13.91,13.70,13.81,1705059,21953356.00
2021/12/09,13.93,14.43,13.93,14.37,4102410,54585864.00
2021/12/10,14.41,14.43,14.13,14.37,3054700,40690488.00
2021/12/13,14.36,14.69,14.30,14.37,2694469,36442400.00
2021/12/14,14.37,14.56,14.32,14.43,1972800,26668526.00
2021/12/15,14.48,14.55,14.31,14.40,1854100,25067824.00
2021/12/16,14.39,14.58,14.35,14.50,1878257,25470942.00
2021/12/17,14.50,14.59,14.01,14.01,2935175,38903308.00
2021/12/20,14.09,14.30,13.97,13.97,2244151,29692148.00
2021/12/21,14.02,14.57,14.01,14.57,2676151,36183016.00
2021/12/22,14.59,14.65,14.43,14.62,1743010,23793532.00
2021/12/23,14.63,14.67,14.31,14.41,1544900,20897400.00
2021/12/24,14.44,14.49,14.10,14.15,1396100,18563434.00
2021/12/27,14.21,14.58,14.18,14.56,1804300,24446852.00
2021/12/28,14.51,14.68,14.39,14.59,1473838,20023996.00
2021/12/29,14.46,14.71,14.36,14.63,1754100,23938370.00
2021/12/30,14.61,14.87,14.54,14.68,1647010,22663998.00
2021/12/31,14.64,14.77,14.49,14.76,2032500,27836676.00
2022/01/04,14.77,15.12,14.73,15.08,2645000,37155112.00
2022/01/05,15.12,15.22,14.84,15.09,2419500,34200500.00
2022/01/06,15.05,15.35,14.92,15.26,2505600,35648932.00
2022/01/07,15.33,15.71,15.08,15.15,2880600,41599672.00
2022/01/10,15.09,16.15,15.03,15.99,4964200,73566432.00
2022/01/11,15.96,16.14,15.62,15.70,3056600,45602408.00
2022/01/12,15.71,16.05,15.52,15.90,2095300,31360704.00
2022/01/13,16.05,16.17,15.79,15.89,2490900,37506712.00
2022/01/14,15.95,16.79,15.77,15.99,4421900,67618616.00
2022/01/17,15.99,16.88,15.92,16.70,4301767,67371960.00
2022/01/18,16.70,17.05,16.31,16.40,2868700,45204104.00
2022/01/19,16.27,16.74,16.27,16.40,1370751,21325438.00
2022/01/20,16.38,16.43,15.72,15.78,2618289,39480816.00
2022/01/21,15.92,15.92,15.30,15.33,1465300,21353808.00
2022/01/24,15.37,15.47,15.09,15.27,1495684,21471232.00
2022/01/25,15.23,15.39,14.96,14.96,1744300,24775484.00
2022/01/26,15.01,15.60,14.97,15.37,1945050,27922020.00
2022/01/27,15.46,15.62,15.20,15.37,2238300,32460916.00
2022/01/28,15.42,15.70,14.86,15.48,2469000,35694632.00
2022/02/07,15.68,15.69,15.04,15.17,2183400,31331668.00
2022/02/08,15.26,15.40,15.05,15.39,1267300,18176640.00
2022/02/09,15.57,15.99,15.32,15.53,2734751,40097516.00
2022/02/10,15.54,15.61,15.24,15.41,1345900,19488704.00
2022/02/11,15.56,15.56,15.07,15.25,1563300,22449568.00
2022/02/14,15.03,15.28,15.03,15.16,1028400,14653618.00
2022/02/15,15.11,15.31,15.09,15.24,912100,13001882.00
2022/02/16,15.36,15.36,15.14,15.26,910800,13066914.00
2022/02/17,15.29,15.51,15.11,15.22,1353500,19477424.00
2022/02/18,15.12,16.11,15.12,15.89,3392900,50392232.00
2022/02/21,15.95,17.39,15.89,17.39,5281206,84446560.00
2022/02/22,17.19,17.90,17.11,17.53,5361198,88789864.00
2022/02/23,17.68,17.68,16.32,16.42,6475700,102945000.00
2022/02/24,16.52,16.52,15.60,15.79,4252686,64228456.00
2022/02/25,15.83,16.53,15.83,16.19,2769000,42436008.00
2022/02/28,16.19,16.30,15.71,15.88,1911211,28595862.00
2022/03/01,16.03,16.13,15.84,16.03,1402000,21123810.00
2022/03/02,16.01,16.11,15.73,16.11,1233286,18539790.00
2022/03/03,16.09,16.13,15.81,16.00,1176400,17649364.00
2022/03/04,15.79,15.95,15.57,15.61,1414400,20957338.00
2022/03/07,15.51,15.99,15.42,15.67,1580200,23368324.00
2022/03/08,15.79,15.91,14.91,14.91,1851700,26514836.00
2022/03/09,14.94,15.19,14.11,14.60,2207500,30313946.00
2022/03/10,14.70,15.00,14.49,14.59,1498300,20744568.00
2022/03/11,14.41,14.86,14.19,14.55,1194200,16112500.00
2022/03/14,14.25,14.53,14.01,14.12,1901447,25299680.00
2022/03/15,14.65,14.65,13.08,13.08,2288165,28883440.00
2022/03/16,13.03,13.51,12.72,13.50,2515800,30730870.00
2022/03/17,13.59,13.86,13.41,13.56,2036000,25892652.00
2022/03/18,13.60,14.14,13.43,14.03,2143100,27803192.00
2022/03/21,14.15,14.51,13.82,14.27,1327500,17647074.00
2022/03/22,14.35,14.64,14.03,14.37,1158400,15542836.00
2022/03/23,14.37,14.61,14.15,14.31,1237800,16590403.00
2022/03/24,14.31,14.31,14.00,14.02,1185000,15627346.00
2022/03/25,14.13,14.48,14.03,14.09,1086400,14495295.00
2022/03/28,14.31,14.39,13.84,14.20,1444300,19120244.00
2022/03/29,14.44,14.45,14.02,14.07,822300,10874066.00
2022/03/30,14.18,14.56,14.03,14.50,1486200,19981586.00
2022/03/31,14.69,14.69,14.26,14.34,846500,11386771.00
2022/04/01,14.36,14.53,14.13,14.41,865900,11629220.00
2022/04/06,14.50,14.85,14.34,14.69,1714700,23553228.00
2022/04/07,14.76,15.16,14.59,14.60,1837099,25575436.00
2022/04/08,14.65,14.87,14.52,14.58,908765,12496039.00
2022/04/11,14.56,14.56,13.70,13.94,1946600,25738540.00
2022/04/12,14.01,14.01,13.60,13.96,1693900,21895942.00
2022/04/13,13.91,13.99,13.61,13.95,1013200,13121807.00
2022/04/14,14.03,14.18,13.89,14.08,1070500,14067193.00
2022/04/15,14.04,14.04,13.69,13.94,931550,12050228.00
2022/04/18,13.84,14.17,13.63,13.90,1016200,13168303.00
2022/04/19,13.92,13.98,13.72,13.95,723100,9356803.00
2022/04/20,14.02,14.71,13.95,14.26,1849200,24775582.00
2022/04/21,14.14,14.31,12.94,13.01,3307800,41621712.00
2022/04/22,12.99,13.22,12.76,13.12,1776843,21483908.00
2022/04/25,12.88,13.05,12.04,12.20,2546300,29358060.00
2022/04/26,12.01,12.20,11.62,12.04,2150300,23721352.00
2022/04/27,12.00,12.00,11.31,11.89,2054343,22088412.00
2022/04/28,11.81,12.08,11.69,11.92,1275000,14039726.00
2022/04/29,11.93,12.31,11.93,12.23,1378200,15508758.00
2022/05/05,12.22,12.61,12.11,12.58,1389466,15964460.00
2022/05/06,12.40,12.71,12.13,12.54,938972,10875140.00
2022/05/09,12.39,12.69,12.25,12.34,1192300,13752539.00
2022/05/10,12.21,12.49,12.14,12.41,975583,11145326.00
2022/05/11,12.46,12.67,12.42,12.48,1987800,23092628.00
2022/05/12,12.46,12.71,12.42,12.64,1356500,15825086.00
2022/05/13,12.78,13.01,12.61,12.97,1317000,15689952.00
2022/05/16,13.29,13.99,13.02,13.84,3187874,40778900.00
2022/05/17,13.66,13.96,13.54,13.90,1756165,22566012.00
2022/05/18,13.82,14.33,13.77,14.10,1721865,22776752.00
2022/05/19,13.73,14.08,13.73,14.06,1198900,15672526.00
2022/05/20,14.10,14.61,14.10,14.46,1997500,26952834.00
2022/05/23,14.46,14.81,14.34,14.67,1229500,16854448.00
2022/05/24,14.56,14.79,14.19,14.24,2015215,27222476.00
2022/05/25,14.65,14.70,13.66,14.09,3477100,46030376.00
2022/05/26,13.96,14.08,13.81,13.92,1235400,16063085.00
2022/05/27,13.92,14.10,13.67,13.75,1388600,17973270.00
2022/05/30,13.54,13.96,13.54,13.89,515200,6671729.00
2022/05/31,13.89,14.01,13.63,13.83,961300,12359959.00
2022/06/01,13.92,14.33,13.59,14.06,1763600,23193776.00
2022/06/02,14.01,14.14,13.84,14.09,810183,10606615.00
2022/06/06,14.36,14.49,13.97,14.32,1559500,20735562.00
2022/06/07,14.40,15.06,14.33,14.86,3256418,45050968.00
2022/06/08,14.90,15.18,14.05,14.22,4270983,58590212.00
2022/06/09,13.79,14.26,13.51,14.15,2607000,33772832.00
2022/06/10,13.91,14.82,13.71,14.82,3353366,45624052.00
2022/06/13,14.86,15.26,14.61,15.19,3487830,49063860.00
2022/06/14,15.12,15.59,14.91,15.44,3576100,51260580.00
2022/06/15,15.51,16.34,15.45,16.28,4965732,75172440.00
2022/06/16,16.77,16.88,15.97,16.14,6386615,98875768.00
2022/06/17,16.46,16.73,15.83,16.64,5736783,89408928.00
2022/06/20,16.63,17.39,16.43,17.31,5175700,83296632.00
2022/06/21,17.31,17.85,17.05,17.44,5824883,96676720.00
2022/06/22,17.44,17.68,16.39,16.40,6875600,110762200.00
2022/06/23,16.21,17.95,16.21,17.48,6344200,101930560.00
2022/06/24,17.79,18.01,17.21,17.73,5179048,87079856.00
2022/06/27,17.75,19.22,17.75,19.01,6343885,110643472.00
2022/06/28,18.43,19.21,17.91,19.00,5197790,92303536.00
2022/06/29,19.04,19.11,18.27,18.89,3735000,66498996.00
2022/06/30,18.75,18.75,17.12,18.32,3388300,57817408.00
2022/07/01,18.32,18.66,18.29,18.46,2972195,51461992.00
2022/07/04,18.57,18.57,17.56,17.58,3579400,59693512.00
2022/07/05,17.59,17.66,15.94,15.94,6203457,95467072.00
2022/07/06,15.93,16.31,15.54,16.02,3700883,55035368.00
2022/07/07,16.18,17.12,16.07,16.92,4972100,77408096.00
2022/07/08,16.86,17.79,16.54,17.67,3541955,57694488.00
2022/07/11,17.99,18.65,17.63,18.23,7202783,122543904.00
2022/07/12,18.22,18.51,17.91,18.09,4946283,84585008.00
2022/07/13,18.09,18.31,17.65,18.16,5779183,97506624.00
2022/07/14,18.22,18.22,17.21,17.36,4317190,70724176.00
2022/07/15,17.39,17.67,16.74,16.76,4196602,67095640.00
2022/07/18,16.92,17.46,16.66,17.32,2973300,47577108.00
2022/07/19,17.29,17.67,17.23,17.48,1761012,28773816.00
2022/07/20,17.50,17.78,17.49,17.59,1883712,30987518.00
2022/07/21,17.54,17.73,16.63,16.74,3320300,52618436.00
2022/07/22,17.14,17.14,16.61,17.07,2348283,36865208.00
2022/07/25,17.33,17.33,16.98,17.14,1513400,24204604.00
2022/07/26,17.15,17.26,16.90,17.17,954200,15189440.00
2022/07/27,17.17,17.43,16.93,17.01,1591000,25382288.00
2022/07/28,17.01,17.16,16.93,16.96,1414600,22452452.00
2022/07/29,16.94,17.76,16.66,17.56,3545800,57797704.00
2022/08/01,17.49,17.75,17.29,17.41,1820300,29705560.00
2022/08/02,17.32,17.32,16.46,16.73,2351715,36836872.00
2022/08/03,16.71,17.21,16.36,16.39,1457072,22794368.00
2022/08/04,16.69,16.69,16.12,16.52,1046400,15948689.00
2022/08/05,16.58,16.71,16.28,16.59,1462400,22437760.00
2022/08/08,16.59,16.81,16.26,16.51,1153400,17570564.00
2022/08/09,16.61,16.84,16.37,16.49,1265459,19489830.00
2022/08/10,16.42,16.42,16.16,16.20,946200,14284767.00
2022/08/11,16.46,16.46,15.95,16.26,1867247,28083258.00
2022/08/12,16.36,16.41,16.10,16.21,955500,14422800.00
2022/08/15,16.21,16.21,15.69,15.76,2233100,32809144.00
2022/08/16,15.78,16.45,15.73,16.36,2381100,35609484.00
2022/08/17,16.36,17.25,16.31,16.77,3266600,51006408.00
2022/08/18,16.66,16.68,16.18,16.23,1611100,24449080.00
2022/08/19,16.23,16.42,15.96,16.09,1224300,18338066.00
2022/08/22,16.07,16.35,15.77,16.11,714000,10674865.00
2022/08/23,16.11,16.33,15.96,16.08,619800,9218849.00
2022/08/24,16.15,16.15,15.50,15.66,914100,13351340.00
2022/08/25,15.62,15.96,15.46,15.71,1412500,20518872.00
2022/08/26,15.66,15.86,15.39,15.42,1160000,16728030.00
2022/08/29,15.35,15.50,15.06,15.38,877300,12388679.00
2022/08/30,15.46,15.94,15.42,15.69,1972900,28699364.00
2022/08/31,15.61,15.84,15.28,15.36,1371200,19638172.00
2022/09/01,15.30,15.59,15.16,15.19,1027900,14553798.00
2022/09/02,15.28,15.76,15.20,15.70,1632435,23441000.00
2022/09/05,15.72,16.25,15.72,16.22,2316340,34489048.00
2022/09/06,16.19,16.70,16.19,16.38,2809835,43004620.00
2022/09/07,16.48,16.69,16.16,16.53,2488372,38267220.00
2022/09/08,16.56,16.62,16.04,16.16,1938804,29288422.00
2022/09/09,16.32,16.32,15.83,15.86,1347200,19944030.00
2022/09/13,15.93,16.06,15.71,15.99,1133900,16735692.00
2022/09/14,15.91,15.94,15.61,15.80,698800,10209537.00
2022/09/15,15.96,15.96,15.21,15.33,1559200,22313958.00
2022/09/16,15.31,15.43,14.78,14.78,1207900,16827596.00
2022/09/19,14.68,14.88,14.53,14.80,837600,11372886.00
2022/09/20,14.96,15.46,14.87,15.28,1335900,18778612.00
2022/09/21,15.30,15.74,14.96,15.61,1700900,24297268.00
2022/09/22,15.56,16.03,15.17,15.52,1548600,22584672.00
2022/09/23,15.61,15.87,15.14,15.79,1882600,27215334.00
2022/09/26,15.88,16.01,15.58,15.82,1703400,24881538.00
2022/09/27,15.82,15.83,15.02,15.28,2054347,28964044.00
2022/09/28,15.15,15.34,14.76,14.85,1253500,17375308.00
2022/09/29,14.94,15.65,13.77,14.01,2563700,34004784.00
2022/09/30,13.98,14.37,13.73,14.07,1452514,18801376.00
2022/10/10,14.07,14.11,13.61,13.70,800083,10145571.00
2022/10/11,13.60,13.86,13.30,13.84,833783,10404053.00
2022/10/12,13.89,13.99,13.53,13.97,769483,9718358.00
2022/10/13,14.01,14.06,13.78,13.83,1293100,16484864.00
2022/10/14,13.78,14.07,13.78,13.87,958100,12285248.00
2022/10/17,13.87,14.01,13.80,13.96,935800,11943392.00
2022/10/18,14.09,14.35,13.95,14.12,1433300,18616664.00
2022/10/19,14.12,14.15,13.71,13.72,1207700,15361803.00
2022/10/20,13.75,14.01,13.41,13.84,1612700,20303224.00
2022/10/21,13.91,14.09,13.76,13.81,1233700,15745123.00
2022/10/24,13.81,13.98,13.26,13.41,1350400,16762136.00
2022/10/25,13.34,13.55,13.19,13.49,994600,12176669.00
2022/10/26,13.51,13.84,13.36,13.62,1142300,14300735.00
2022/10/27,13.89,13.93,13.62,13.63,868100,10957179.00
2022/10/28,13.37,13.71,13.04,13.05,1455300,17597852.00
2022/10/31,12.82,13.07,12.70,12.84,989700,11627931.00
2022/11/01,13.01,13.26,12.83,13.26,1172800,13983543.00
2022/11/02,13.45,13.45,13.23,13.40,617196,7524125.00
2022/11/03,13.32,14.09,13.26,13.92,2047200,25778306.00
2022/11/04,14.02,14.02,13.83,13.95,1251600,15950132.00
2022/11/07,14.12,14.34,13.86,14.18,2355200,30584336.00
2022/11/08,14.18,14.36,13.81,13.91,1387700,17747008.00
2022/11/09,13.91,14.40,13.83,14.35,1940329,25243596.00
2022/11/10,14.39,15.34,14.23,15.19,4129476,56440860.00
2022/11/11,15.37,15.94,14.96,15.52,5202400,74887440.00
2022/11/14,15.61,15.65,15.18,15.42,2886100,41217904.00
2022/11/15,15.42,15.42,15.17,15.21,1639500,23161056.00
2022/11/16,15.25,15.36,14.97,15.06,1507900,21091052.00
2022/11/17,15.15,15.15,14.82,14.96,1066296,14653991.00
2022/11/18,14.96,15.06,14.67,14.70,1122466,15329276.00
2022/11/21,14.86,14.86,14.27,14.50,1409901,18731720.00
2022/11/22,14.47,14.61,13.96,14.16,1751134,22974462.00
2022/11/23,14.21,14.22,13.82,13.86,1686700,21518076.00
2022/11/24,13.95,13.98,13.84,13.94,1240700,15809898.00
2022/11/25,13.95,14.14,13.91,14.03,1165666,15029527.00
2022/11/28,13.92,13.96,13.69,13.83,941500,11892477.00
2022/11/29,13.87,14.30,13.87,14.16,2026000,26310308.00
2022/11/30,14.12,14.37,14.09,14.35,2133700,27968576.00
2022/12/01,14.34,14.59,14.30,14.38,1754400,23222396.00
2022/12/02,14.40,14.40,13.96,14.14,1625400,21170372.00
2022/12/05,14.26,14.34,14.10,14.25,1622084,21206604.00
2022/12/06,14.24,14.25,13.94,14.02,1282900,16551273.00
2022/12/07,13.96,14.04,13.87,13.92,1169000,14935276.00
2022/12/08,13.96,14.09,13.86,14.07,1407195,18084366.00
2022/12/09,14.05,14.10,13.81,13.86,995600,12701367.00
2022/12/12,13.90,13.93,13.61,13.65,1234400,15487121.00
2022/12/13,13.72,13.86,13.59,13.65,1250700,15686682.00
2022/12/14,13.53,13.86,13.53,13.75,1025900,12882098.00
2022/12/15,13.74,13.91,13.64,13.64,1111800,13979183.00
2022/12/16,13.64,13.76,13.55,13.59,837800,10446821.00
2022/12/19,13.59,13.64,13.29,13.36,1327400,16269515.00
2022/12/20,13.34,13.60,13.25,13.48,1118900,13756833.00
2022/12/21,13.36,13.91,13.36,13.70,1611700,20221954.00
2022/12/22,13.70,13.91,13.62,13.66,1208000,15165222.00
2022/12/23,13.63,13.73,13.04,13.11,2782300,33627212.00
2022/12/26,13.16,13.65,13.11,13.52,1751149,21580420.00
2022/12/27,13.52,14.23,13.47,14.19,3220349,41107748.00
2022/12/28,14.31,14.43,14.01,14.41,3040900,39847640.00
2022/12/29,14.66,15.01,14.24,14.62,4288284,57793672.00
2022/12/30,14.69,15.11,14.49,15.11,3491500,47831796.00
2023/01/03,14.83,15.30,14.11,14.55,3797600,50672520.00
2023/01/04,14.55,14.69,14.31,14.55,2618856,35009892.00
2023/01/05,14.55,14.81,14.44,14.60,2085100,28001552.00
2023/01/06,14.66,15.48,14.53,15.26,4761156,66141732.00
2023/01/09,15.41,15.55,15.07,15.31,3010600,42590484.00
2023/01/10,15.41,15.41,14.99,15.12,1923400,26776004.00
2023/01/11,15.06,15.35,14.89,15.11,1498900,20930406.00
2023/01/12,15.12,15.20,14.94,15.19,1096100,15274947.00
2023/01/13,15.31,15.31,14.98,15.16,1460400,20423876.00
2023/01/16,15.76,15.76,13.77,14.86,6010201,80326792.00
2023/01/17,14.51,14.91,14.46,14.56,3273459,44092928.00
2023/01/18,14.48,14.80,14.38,14.45,2018400,26950654.00
2023/01/19,14.36,14.44,14.14,14.20,1649900,21561818.00
2023/01/20,14.20,14.55,14.20,14.52,1502736,19882862.00
2023/01/30,14.62,14.76,14.41,14.44,1589895,21295758.00
2023/01/31,14.47,14.49,14.36,14.42,846100,11212686.00
2023/02/01,14.46,14.55,14.36,14.53,1462483,19460056.00
2023/02/02,14.55,14.63,14.46,14.61,1390321,18606070.00
2023/02/03,14.58,14.69,14.37,14.51,1396821,18655584.00
2023/02/06,14.46,14.46,14.21,14.26,1522700,19987088.00
2023/02/07,14.28,14.59,14.19,14.58,2172383,28795900.00
2023/02/08,14.58,14.58,14.34,14.37,1021800,13568967.00
2023/02/09,14.37,14.46,14.26,14.46,763821,10104292.00
2023/02/10,14.46,14.69,14.42,14.62,1925100,25805540.00
2023/02/13,14.59,15.97,14.58,15.97,9162458,131077600.00
2023/02/14,17.16,17.16,16.27,16.44,10148178,156174784.00
2023/02/15,16.36,17.12,16.32,16.68,8034849,124970720.00
2023/02/16,16.77,16.84,15.88,16.16,4203200,64142008.00
2023/02/17,16.11,16.46,15.89,16.01,3210400,48016364.00
2023/02/20,15.98,17.50,15.98,17.50,11207532,179612496.00
2023/02/21,17.67,18.39,17.32,17.47,12456790,206994832.00
2023/02/22,17.52,18.31,17.24,18.21,7314000,122764872.00
2023/02/23,18.21,18.71,17.79,18.00,4333700,73830000.00
2023/02/24,17.97,19.16,17.90,19.00,6718800,118363920.00
2023/02/27,18.96,19.16,18.25,19.01,3268590,57556244.00
2023/02/28,18.78,18.79,18.04,18.41,3887436,66780992.00
2023/03/01,18.39,18.85,18.16,18.66,3045761,52776620.00
2023/03/02,18.77,19.36,18.56,18.76,3037900,54105352.00
2023/03/03,18.76,18.77,18.16,18.31,1545200,26508636.00
2023/03/06,18.32,18.32,17.85,17.93,1814200,30503820.00
2023/03/07,18.16,18.16,17.49,17.56,1342100,22270092.00
2023/03/08,17.64,17.86,17.47,17.71,964000,15895460.00
2023/03/09,17.76,17.76,17.26,17.31,979100,15906711.00
2023/03/10,17.15,17.23,16.62,16.64,1663200,26163824.00
2023/03/13,16.52,16.88,16.31,16.50,1822800,27932296.00
2023/03/14,16.32,16.48,15.86,16.08,1762600,26347438.00
2023/03/15,16.27,16.44,16.12,16.25,1303900,19724708.00
2023/03/16,16.25,16.25,15.81,15.84,1600800,23744788.00
2023/03/17,15.96,16.11,15.68,15.85,2047600,30095000.00
2023/03/20,15.81,16.36,15.76,15.89,2472500,36767992.00
2023/03/21,15.90,16.71,15.86,16.55,2624700,39966264.00
2023/03/22,16.51,16.76,16.16,16.32,2900785,44217552.00
2023/03/23,16.28,16.28,15.88,16.03,2153536,32043250.00
2023/03/24,16.06,16.44,15.88,16.39,1942100,29382240.00
2023/03/27,16.34,16.46,15.50,15.94,3806700,56067656.00
2023/03/28,15.97,15.97,15.52,15.65,2693200,39076880.00
2023/03/29,15.60,15.65,15.21,15.26,2487400,35283680.00
2023/03/30,15.30,15.71,15.11,15.52,2452700,34974456.00
2023/03/31,15.45,15.51,15.29,15.38,1469700,20888988.00
2023/04/03,15.38,16.03,15.38,15.94,3735600,54842772.00
2023/04/04,15.93,15.96,15.59,15.70,1929500,28051130.00
2023/04/06,15.74,15.91,15.58,15.82,1599200,23359900.00
2023/04/07,15.83,16.36,15.69,16.23,2990700,44789668.00
2023/04/10,16.23,16.23,15.79,15.86,2124000,31287716.00
2023/04/11,15.93,16.03,15.61,15.71,1093400,15970020.00
2023/04/12,15.70,16.22,15.67,15.74,2780700,41005696.00
2023/04/13,15.74,15.76,15.41,15.46,1457800,20961462.00
2023/04/14,15.60,15.64,15.35,15.51,964900,13803842.00
2023/04/17,15.59,15.60,15.44,15.51,877600,12602622.00
2023/04/18,15.59,15.86,15.31,15.63,1887400,27210200.00
2023/04/19,15.63,15.63,15.22,15.26,1461200,20725138.00
2023/04/20,15.25,15.46,15.20,15.28,1086300,15348923.00
2023/04/21,15.21,15.62,14.95,15.06,1855300,26158742.00
2023/04/24,15.02,15.08,14.46,14.56,1997556,27031826.00
2023/04/25,14.61,14.71,14.23,14.37,2220400,29441152.00
2023/04/26,14.34,14.77,14.25,14.61,1558400,20907908.00
2023/04/27,14.66,15.12,14.61,15.01,1964100,27124610.00
2023/04/28,15.10,15.25,15.00,15.04,1563400,21780754.00
2023/05/04,14.97,15.55,14.96,15.20,1808566,25497276.00
2023/05/05,15.22,15.27,14.98,15.21,1018000,14232090.00
2023/05/08,15.46,15.61,15.21,15.57,1989400,28438374.00
2023/05/09,15.52,15.80,15.33,15.34,1551434,22417244.00
2023/05/10,15.36,15.52,15.24,15.49,1234300,17582230.00
2023/05/11,15.53,15.64,15.35,15.48,969366,13892652.00
2023/05/12,15.48,15.95,15.44,15.56,1710700,24917936.00
2023/05/15,15.56,15.73,15.27,15.69,963400,13809354.00
2023/05/16,15.76,15.76,15.29,15.37,789000,11252659.00
2023/05/17,15.35,15.46,15.21,15.42,472000,6704498.00
2023/05/18,15.38,15.54,15.32,15.45,571400,8153830.00
2023/05/19,15.42,15.73,15.34,15.70,979000,14168867.00
2023/05/22,15.70,16.35,15.55,16.35,2655700,39695412.00
2023/05/23,16.33,16.34,15.72,15.76,1964048,28989816.00
2023/05/24,15.76,15.81,15.39,15.64,1170100,16852496.00
2023/05/25,15.66,15.80,15.44,15.67,1032100,14900579.00
2023/05/26,15.64,15.80,15.45,15.53,866200,12462447.00
2023/05/29,15.54,15.67,15.13,15.53,1227100,17426524.00
2023/05/30,15.49,15.49,14.74,15.06,2793500,38698224.00
2023/05/31,15.05,15.18,14.79,14.96,1247500,17204240.00
2023/06/01,14.95,15.01,14.59,14.66,2796600,37958488.00
2023/06/02,14.62,15.66,14.62,15.55,3003000,42267564.00
2023/06/05,15.49,15.65,15.38,15.56,1618500,23257120.00
2023/06/06,15.54,16.21,15.44,15.75,2178000,32056380.00
2023/06/07,15.67,16.06,15.49,15.56,1255100,18267174.00
2023/06/08,15.58,15.64,15.24,15.46,1228400,17475640.00
2023/06/09,15.41,15.51,15.03,15.06,1058900,14836732.00
2023/06/12,15.06,15.99,14.85,15.95,2196900,31635608.00
2023/06/13,15.89,15.94,15.66,15.88,1281000,18750696.00
2023/06/14,15.70,16.16,15.70,15.96,1451000,21494578.00
2023/06/15,15.91,16.10,15.74,15.96,1096000,16168804.00
2023/06/16,16.01,16.01,15.79,15.83,957500,14096116.00
2023/06/19,15.87,15.89,15.65,15.72,986400,14363028.00
2023/06/20,15.72,15.72,15.45,15.56,1003900,14457341.00
2023/06/21,15.57,15.62,14.36,14.38,4885100,66124480.00
2023/06/26,14.36,14.36,13.73,13.92,3873515,49460976.00
2023/06/27,13.96,15.20,13.96,15.20,3607700,49226752.00
2023/06/28,15.63,16.60,15.39,16.60,9121566,135250752.00
2023/06/29,16.70,17.83,16.39,16.80,12167829,192545360.00
2023/06/30,17.76,18.36,16.99,17.16,14675701,244587360.00
2023/07/03,16.65,16.85,16.04,16.55,11350397,172783632.00
2023/07/04,16.24,16.42,16.16,16.24,6877878,103922648.00
2023/07/05,16.25,16.35,16.04,16.31,6822562,102716808.00
2023/07/06,16.31,16.32,15.83,16.05,4121350,60443724.00
2023/07/07,16.16,16.56,16.07,16.13,6512362,97324976.00
2023/07/10,16.06,16.14,15.68,15.83,4755128,68807248.00
2023/07/11,15.86,15.89,15.62,15.64,3152201,45253044.00
2023/07/12,15.60,15.71,15.24,15.38,3436397,48510684.00
2023/07/13,15.37,15.46,15.26,15.40,2474500,34664008.00
2023/07/14,15.39,15.51,15.10,15.39,2537193,35490400.00
2023/07/17,15.36,15.54,15.26,15.54,2231762,31396962.00
2023/07/18,15.44,15.94,15.22,15.63,4136627,58798964.00
2023/07/19,15.51,15.63,15.26,15.49,2742958,38611780.00
2023/07/20,15.48,15.83,15.39,15.57,3331487,47500780.00
2023/07/21,15.50,15.76,15.37,15.57,2353252,33517148.00
2023/07/24,15.57,15.67,15.02,15.11,3414900,47229992.00
2023/07/25,15.36,16.49,15.36,16.49,6808880,100734240.00
2023/07/26,16.99,17.86,16.86,17.18,12298053,194358512.00
2023/07/27,17.16,17.22,16.86,16.93,7530600,117766656.00
2023/07/28,17.01,17.43,16.94,17.32,7165800,113495064.00
2023/07/31,17.22,17.86,17.09,17.38,6816100,108467760.00
2023/08/01,17.23,17.31,16.96,17.23,4793153,75665600.00
2023/08/02,17.34,17.34,16.97,17.14,2261500,35523676.00
2023/08/03,17.05,17.30,16.86,17.25,3833828,60351756.00
2023/08/04,17.26,17.31,16.99,17.01,2724100,42837300.00
2023/08/07,16.92,16.92,16.56,16.71,2967600,45436168.00
2023/08/08,16.81,16.81,16.49,16.61,1706000,26012172.00
2023/08/09,16.61,16.63,16.47,16.49,1132200,17169996.00
2023/08/10,16.36,16.65,16.23,16.59,1992300,30135500.00
2023/08/11,16.53,16.63,16.13,16.16,1409200,21054196.00
2023/08/14,16.14,16.19,15.89,16.19,1229000,18067098.00
2023/08/15,16.19,16.56,16.13,16.41,2946200,44224060.00
2023/08/16,16.36,16.56,16.04,16.41,2690400,40212204.00
2023/08/17,16.40,16.79,16.11,16.60,2442300,36995816.00
2023/08/18,16.59,16.71,16.17,16.20,1958400,29443924.00
2023/08/21,16.18,16.44,16.12,16.13,1404700,20944424.00
2023/08/22,16.24,16.31,15.83,16.30,2127074,31270780.00
2023/08/23,16.30,16.30,15.56,15.77,2637500,38013768.00
2023/08/24,16.06,17.21,16.06,17.21,9351672,146914368.00
2023/08/25,17.45,17.64,16.90,17.06,9595472,152264288.00
2023/08/28,17.46,18.16,16.76,17.70,11971373,193609600.00
2023/08/29,17.19,18.20,17.16,18.20,9054201,147845440.00
2023/08/30,17.89,18.06,17.65,17.89,5691960,93920320.00
2023/08/31,17.86,18.32,17.66,17.92,6112268,101902440.00
2023/09/01,18.13,18.53,17.81,17.89,4999200,83447184.00
2023/09/04,17.94,18.50,17.91,18.39,5935003,100473568.00
2023/09/05,18.09,18.36,17.92,17.97,3496872,58552192.00
2023/09/06,17.97,18.11,17.61,17.63,2790400,45666468.00
2023/09/07,17.62,18.00,17.38,17.42,2757500,44806464.00
2023/09/08,17.50,17.53,17.28,17.49,1669083,26809130.00
2023/09/11,17.51,17.61,17.24,17.53,2478200,39808000.00
2023/09/12,17.40,17.46,17.19,17.39,1490900,23807090.00
2023/09/13,17.24,17.43,16.96,17.11,1675400,26393852.00
2023/09/14,17.03,17.21,16.79,16.96,1161700,18083092.00
2023/09/15,17.06,17.63,16.88,17.31,2375900,37917076.00
2023/09/18,17.16,17.76,16.86,17.59,2510100,40458244.00
2023/09/19,17.76,17.76,17.26,17.52,2025983,32588334.00
2023/09/20,17.43,17.49,17.25,17.27,1841400,29451400.00
2023/09/21,17.24,17.38,17.05,17.06,1755780,27721000.00
2023/09/22,17.00,17.34,16.88,17.31,1450000,22880844.00
2023/09/25,17.31,17.55,17.24,17.30,1733331,27755944.00
2023/09/26,17.30,17.34,17.07,17.09,1246100,19717732.00
2023/09/27,17.20,17.58,17.06,17.31,1915700,30637132.00
2023/09/28,17.30,17.40,17.16,17.31,1355800,21604806.00
2023/10/09,17.31,17.58,16.98,17.18,1861300,29659540.00
2023/10/10,17.19,17.27,16.87,16.91,1570200,24531300.00
2023/10/11,16.90,17.13,16.64,16.76,2295794,35438408.00
2023/10/12,16.91,16.91,16.56,16.84,1764073,27140076.00
2023/10/13,16.78,16.81,16.49,16.63,1029972,15709690.00
2023/10/16,16.65,17.11,16.61,16.78,1880711,29093788.00
2023/10/17,16.84,16.95,16.55,16.79,1280362,19702050.00
2023/10/18,16.84,16.86,16.36,16.41,2177619,32937948.00
2023/10/19,16.33,16.73,16.15,16.35,1263800,19087444.00
2023/10/20,16.30,16.52,16.21,16.24,1057472,15819166.00
2023/10/23,16.24,16.31,15.76,15.86,1240562,18241512.00
2023/10/24,15.94,16.45,15.93,16.38,1405874,20955120.00
2023/10/25,16.54,16.62,16.21,16.57,1665800,25156134.00
2023/10/26,16.41,16.65,16.30,16.56,1465674,22218536.00
2023/10/27,16.53,16.96,16.50,16.86,1459611,22510792.00
2023/10/30,16.81,17.22,16.81,17.16,1777025,27949096.00
2023/10/31,16.93,16.93,16.06,16.26,5018100,74821200.00
2023/11/01,16.23,16.32,15.91,16.03,2906883,42696296.00
2023/11/02,15.96,16.45,15.96,16.09,2670400,39606836.00
2023/11/03,16.02,16.70,15.97,16.53,3092700,46675784.00
2023/11/06,16.70,16.92,16.53,16.91,2283083,35145692.00
2023/11/07,16.91,17.11,16.63,17.06,1564100,24358568.00
2023/11/08,17.05,17.14,16.90,17.11,1180200,18529760.00
2023/11/09,16.92,17.18,16.92,17.08,1270200,19940490.00
2023/11/10,17.06,17.06,16.77,16.83,1401962,21762580.00
2023/11/13,16.81,16.93,16.41,16.87,1765900,27078590.00
2023/11/14,16.87,17.07,16.66,16.86,1315900,20401828.00
2023/11/15,16.86,17.39,16.86,17.31,1843800,29177916.00
2023/11/16,17.31,17.33,17.09,17.20,981000,15536070.00
2023/11/17,17.20,17.31,17.10,17.31,1178000,18677392.00
2023/11/20,17.32,17.57,17.19,17.54,1788880,28700200.00
2023/11/21,17.61,17.81,17.48,17.52,2126200,34605064.00
2023/11/22,17.51,17.60,17.31,17.34,1454991,23362180.00
2023/11/23,17.30,17.90,17.21,17.84,2754502,45057592.00
2023/11/24,17.83,17.95,17.56,17.62,1729800,28211472.00
2023/11/27,17.62,17.83,17.36,17.65,1496500,24139954.00
2023/11/28,17.64,17.67,17.28,17.61,1421945,23026570.00
2023/11/29,17.74,17.78,17.52,17.61,1118560,18179592.00
2023/11/30,17.60,17.69,17.40,17.65,1061300,17191750.00
2023/12/01,17.66,17.69,17.38,17.50,1121400,18134640.00
2023/12/04,17.47,17.52,17.26,17.34,1381800,22150596.00
2023/12/05,17.33,17.36,17.08,17.09,1050500,16661667.00
2023/12/06,17.09,17.31,17.05,17.20,1068900,16910192.00
2023/12/07,17.14,17.30,16.97,17.21,1085000,17201172.00
2023/12/08,17.26,17.33,16.82,16.89,1080700,17004116.00
2023/12/11,16.88,17.06,16.66,16.77,1573100,24298400.00
2023/12/12,16.75,17.06,16.66,17.02,1370100,21330904.00
2023/12/13,16.97,16.98,16.71,16.72,1175672,18142078.00
2023/12/14,16.82,17.01,16.73,16.84,792300,12309296.00
2023/12/15,16.87,17.11,16.76,16.88,986500,15366487.00
2023/12/18,16.81,16.93,16.56,16.65,1077091,16551282.00
2023/12/19,16.68,16.68,16.44,16.61,945100,14368299.00
2023/12/20,16.76,16.78,16.47,16.47,761368,11595250.00
2023/12/21,16.45,16.79,16.33,16.77,1055600,16060727.00
2023/12/22,16.76,16.96,16.56,16.64,1033600,15934042.00
2023/12/25,16.65,16.65,16.34,16.51,1236100,18669004.00
2023/12/26,16.50,16.50,16.03,16.22,1341200,19867748.00
2023/12/27,16.23,16.44,16.15,16.41,952190,14249025.00
2023/12/28,16.32,17.01,16.21,16.89,1175374,18024290.00
2023/12/29,16.84,16.98,16.77,16.84,834600,12934988.00
2024/01/02,16.85,17.03,16.76,16.83,1111200,17218354.00
2024/01/03,16.78,16.90,16.51,16.64,1548300,23708284.00
2024/01/04,16.49,17.51,16.26,17.40,3276637,51220760.00
2024/01/05,17.29,17.30,17.04,17.15,3060278,48368636.00
2024/01/08,17.15,17.19,16.67,16.74,1674200,26003396.00
2024/01/09,16.75,17.04,16.66,16.76,1736300,26839192.00
2024/01/10,16.73,17.51,16.62,17.28,3593053,57022368.00
2024/01/11,17.24,17.86,17.09,17.50,2803700,45362864.00
2024/01/12,17.65,17.65,17.35,17.43,1627000,26189604.00
2024/01/15,17.44,17.99,17.29,17.86,2247800,36811300.00
2024/01/16,17.76,17.95,17.21,17.56,2723288,44100104.00
2024/01/17,17.45,17.65,17.26,17.31,3121024,50258848.00
2024/01/18,17.20,17.45,16.83,17.24,1904265,30013752.00
2024/01/19,17.24,17.55,16.96,17.01,1848374,29236332.00
2024/01/22,16.99,17.00,15.45,15.56,3879200,57218512.00
2024/01/23,15.26,15.56,14.92,15.28,2616262,36409780.00
2024/01/24,15.33,15.94,15.06,15.63,2194283,31054200.00
2024/01/25,16.18,17.06,15.96,16.58,7084900,107430952.00
2024/01/26,16.68,17.31,16.50,16.81,4958200,77081128.00
2024/01/29,16.85,17.11,16.48,16.54,3118994,48017712.00
2024/01/30,16.44,16.50,15.86,15.86,2361100,34965136.00
2024/01/31,15.83,15.87,15.23,15.34,3121269,44293980.00
2024/02/01,16.12,16.12,14.70,15.23,2756000,38171452.00
2024/02/02,15.23,15.42,14.10,14.54,2713900,36179716.00
2024/02/05,14.18,14.28,13.22,13.22,4055826,48922500.00
2024/02/06,12.93,13.63,12.18,13.25,4058948,46917928.00
2024/02/07,13.35,13.73,13.04,13.26,4107440,49362900.00
2024/02/08,13.26,14.42,12.86,14.37,4485011,55221536.00
2024/02/19,14.56,15.08,14.42,15.05,2756110,36981616.00
数据来源:通达信
