688280 精进电动-UW 日线 后复权
      日期	    开盘	    最高	    最低	    收盘	    成交量	    成交额
2021/10/27,14.99,19.28,14.99,17.70,78237051,1350665856.00
2021/10/28,16.50,16.50,13.88,13.88,49591820,740798400.00
2021/10/29,13.80,15.14,13.75,14.05,29515562,424283008.00
2021/11/01,13.68,16.47,13.22,15.43,36963758,549301760.00
2021/11/02,15.21,17.20,15.21,16.01,35826706,585035904.00
2021/11/03,16.02,17.50,15.72,16.71,26193088,437581792.00
2021/11/04,16.86,17.14,16.15,17.00,23960349,399687872.00
2021/11/05,17.08,17.74,16.52,17.20,23234772,395192288.00
2021/11/08,17.50,17.50,16.02,16.83,21015607,349869312.00
2021/11/09,16.65,18.97,16.65,17.73,30043477,539347840.00
2021/11/10,17.15,17.39,16.05,16.58,26821834,448248256.00
2021/11/11,16.46,17.60,16.34,16.77,22161059,376847424.00
2021/11/12,16.58,20.12,16.55,20.12,37140971,672937856.00
2021/11/15,20.24,21.28,19.66,20.53,38313890,782836096.00
2021/11/16,20.19,21.99,20.02,20.82,27591314,577400192.00
2021/11/17,20.83,21.80,20.56,21.72,22034580,466983584.00
2021/11/18,21.06,21.25,20.01,20.38,20879884,429461632.00
2021/11/19,20.41,21.65,20.18,20.60,18859517,395043136.00
2021/11/22,20.73,22.55,20.65,21.63,20109933,433264864.00
2021/11/23,22.26,23.35,21.50,21.50,22071245,492838304.00
2021/11/24,21.33,22.10,21.01,21.19,17368178,373304096.00
2021/11/25,21.30,21.45,20.18,20.81,15156212,313758560.00
2021/11/26,20.63,21.64,20.59,21.28,14233543,300387104.00
2021/11/29,20.90,22.21,20.30,22.03,19526320,416260192.00
2021/11/30,22.06,22.20,20.60,20.85,17741686,379468992.00
2021/12/01,20.88,21.14,20.28,20.39,12352576,254806192.00
2021/12/02,20.08,20.34,18.43,18.58,23734388,454950112.00
2021/12/03,18.50,18.80,18.05,18.23,13181775,242059408.00
2021/12/06,18.05,18.30,17.70,17.83,9975244,178889936.00
2021/12/07,17.99,18.35,17.72,17.80,9510195,170768064.00
2021/12/08,17.96,18.72,17.77,18.44,9815142,179532400.00
2021/12/09,18.40,18.47,17.27,17.98,12831865,229106176.00
2021/12/10,17.80,18.20,17.60,17.60,7507451,133990528.00
2021/12/13,17.52,17.78,17.31,17.55,7016874,122800472.00
2021/12/14,17.46,18.07,17.35,17.93,8703946,154170752.00
2021/12/15,17.84,17.84,16.80,16.83,13387585,231277696.00
2021/12/16,16.82,17.00,16.40,16.58,10161322,168928816.00
2021/12/17,16.50,16.66,16.10,16.22,7581595,123502944.00
2021/12/20,16.27,16.88,16.12,16.18,7432820,122005696.00
2021/12/21,16.23,16.68,16.16,16.44,5555383,91146080.00
2021/12/22,16.69,16.97,16.59,16.70,6317110,105966776.00
2021/12/23,16.80,17.15,16.06,16.75,8795691,146095936.00
2021/12/24,16.72,16.89,15.63,15.84,8660712,139644800.00
2021/12/27,15.71,16.05,15.30,15.38,7509550,117166080.00
2021/12/28,15.44,15.65,15.32,15.59,4124985,63956596.00
2021/12/29,15.55,15.62,15.20,15.27,4857238,74583472.00
2021/12/30,15.17,15.47,15.14,15.25,3711582,56900540.00
2021/12/31,15.50,15.90,15.25,15.25,5771109,89615448.00
2022/01/04,15.40,15.78,15.40,15.47,4884488,76061752.00
2022/01/05,15.53,15.54,14.56,14.70,7221364,107286104.00
2022/01/06,14.68,14.93,14.50,14.80,4266383,62816892.00
2022/01/07,14.87,15.38,14.76,14.76,5337454,80618336.00
2022/01/10,14.51,14.99,14.33,14.97,3899036,57437152.00
2022/01/11,14.96,15.01,14.66,14.80,3007891,44516912.00
2022/01/12,14.88,15.35,14.88,15.23,4247298,64304260.00
2022/01/13,15.08,15.30,14.93,14.95,3432114,51723856.00
2022/01/14,14.85,15.91,14.81,15.55,8050254,124991016.00
2022/01/17,15.31,15.93,15.31,15.72,4696627,73827800.00
2022/01/18,15.70,15.75,15.04,15.15,4653199,71338872.00
2022/01/19,15.10,15.24,14.70,14.85,3461641,51591548.00
2022/01/20,14.85,14.90,14.13,14.17,4992697,71969736.00
2022/01/21,14.19,14.55,14.01,14.26,3595855,51289744.00
2022/01/24,14.19,14.41,14.11,14.21,1973464,28132828.00
2022/01/25,14.25,14.28,13.52,13.52,3731849,51547040.00
2022/01/26,13.52,13.80,13.27,13.75,2378418,32285684.00
2022/01/27,13.66,13.81,13.25,13.29,2544544,34309740.00
2022/01/28,13.65,13.94,13.32,13.81,3815459,52191840.00
2022/02/07,13.98,14.18,13.26,13.30,4473203,60762936.00
2022/02/08,13.30,13.48,13.02,13.37,3092171,40980544.00
2022/02/09,13.20,13.59,13.15,13.59,2914596,39045640.00
2022/02/10,13.69,13.69,13.25,13.30,2878604,38554016.00
2022/02/11,13.30,13.39,12.41,12.50,5595200,71085440.00
2022/02/14,12.48,12.68,12.33,12.52,2002574,25106720.00
2022/02/15,12.53,12.86,12.44,12.70,2313813,29340810.00
2022/02/16,12.80,13.84,12.68,13.41,6899360,92243496.00
2022/02/17,13.28,13.46,13.19,13.29,3495871,46434512.00
2022/02/18,13.21,13.23,12.98,13.11,2143199,28052914.00
2022/02/21,13.00,13.21,12.98,13.02,1978155,25832020.00
2022/02/22,13.03,13.08,12.55,12.68,2822416,35789572.00
2022/02/23,12.60,13.46,12.60,13.20,4505194,59500300.00
2022/02/24,13.09,13.43,12.68,12.78,4155170,54302572.00
2022/02/25,13.00,13.30,12.94,13.10,2636416,34535792.00
2022/02/28,13.00,13.24,12.73,13.17,2220835,28986884.00
2022/03/01,13.35,13.54,13.10,13.28,2912504,38802356.00
2022/03/02,13.19,13.19,12.95,13.06,2023185,26398508.00
2022/03/03,13.23,13.23,12.77,12.79,2951757,38015648.00
2022/03/04,12.67,12.80,12.45,12.49,2699803,33977140.00
2022/03/07,12.42,12.59,12.06,12.12,2718339,33173076.00
2022/03/08,12.28,12.86,12.12,12.16,3649627,45084360.00
2022/03/09,12.23,12.23,11.18,11.59,4299839,50431244.00
2022/03/10,11.92,12.07,11.63,11.69,2363410,27995094.00
2022/03/11,11.57,11.69,11.20,11.64,2849639,32564624.00
2022/03/14,11.45,11.54,11.10,11.12,2676820,30097532.00
2022/03/15,11.11,11.18,10.48,10.48,3152137,34184252.00
2022/03/16,10.69,10.90,10.30,10.84,3210726,34304564.00
2022/03/17,10.97,11.32,10.97,11.17,3412927,38107120.00
2022/03/18,11.31,12.04,11.21,11.42,5748393,66771296.00
2022/03/21,11.22,11.54,11.18,11.29,2901927,32809188.00
2022/03/22,11.20,11.29,11.00,11.05,2243274,24839884.00
2022/03/23,11.11,11.32,11.04,11.10,1813324,20225484.00
2022/03/24,11.10,11.11,10.85,10.85,1769267,19321132.00
2022/03/25,10.87,11.15,10.81,10.85,1787592,19573848.00
2022/03/28,10.75,10.80,10.50,10.70,1519456,16170612.00
2022/03/29,10.84,10.85,10.24,10.29,2459713,25676034.00
2022/03/30,10.31,10.54,10.30,10.51,2014886,21028382.00
2022/03/31,10.43,10.54,10.21,10.29,1532811,15862585.00
2022/04/01,10.29,10.31,10.05,10.24,1636225,16705507.00
2022/04/06,10.24,10.42,10.14,10.35,1706215,17639312.00
2022/04/07,10.31,10.38,9.96,10.00,2664106,27049656.00
2022/04/08,10.07,10.08,9.65,9.72,2014291,19695768.00
2022/04/11,9.70,9.72,9.33,9.39,2247307,21273016.00
2022/04/12,9.39,9.60,9.35,9.56,1392366,13192310.00
2022/04/13,9.53,9.53,9.20,9.27,1438622,13426678.00
2022/04/14,9.38,9.64,9.27,9.38,1555673,14676403.00
2022/04/15,9.45,9.45,8.98,9.04,3039221,27645612.00
2022/04/18,9.17,9.52,8.95,9.49,3376932,31561762.00
2022/04/19,9.47,9.64,9.28,9.29,1974306,18567254.00
2022/04/20,9.34,9.72,9.26,9.58,4108209,39373608.00
2022/04/21,9.60,9.60,9.04,9.06,2656623,24677032.00
2022/04/22,9.03,9.06,8.79,8.88,1568712,13983440.00
2022/04/25,8.53,8.71,7.80,7.94,3398306,28179156.00
2022/04/26,8.05,8.11,7.47,7.56,2879504,22347036.00
2022/04/27,7.17,7.61,7.10,7.58,5347377,39275620.00
2022/04/28,7.49,7.53,7.17,7.23,3582052,26223504.00
2022/04/29,7.33,8.17,7.31,8.05,6191430,48358296.00
2022/05/05,8.01,8.24,7.80,8.05,3007407,24173900.00
2022/05/06,7.83,8.98,7.80,8.76,7395317,63075364.00
2022/05/09,8.53,9.36,8.53,9.34,7184284,64786788.00
2022/05/10,9.03,9.42,9.03,9.37,5562631,51381184.00
2022/05/11,9.41,9.66,9.25,9.45,5164590,48705992.00
2022/05/12,9.33,9.76,9.30,9.49,5646351,53512472.00
2022/05/13,9.45,9.70,9.44,9.60,3820096,36469392.00
2022/05/16,9.60,10.37,9.54,10.20,14361461,144259216.00
2022/05/17,10.16,10.21,9.94,10.20,6144900,61787520.00
2022/05/18,10.11,10.59,9.98,10.00,6544979,66959808.00
2022/05/19,9.88,10.18,9.72,10.10,3910388,39215184.00
2022/05/20,10.20,10.24,9.97,10.20,3212108,32465960.00
2022/05/23,10.30,10.30,10.03,10.20,2250724,22877452.00
2022/05/24,10.20,10.52,9.88,9.99,5668315,57363964.00
2022/05/25,9.90,10.11,9.74,9.89,2681556,26484246.00
2022/05/26,9.93,9.94,9.56,9.84,2554094,24988038.00
2022/05/27,9.90,9.96,9.65,9.88,2479656,24282136.00
2022/05/30,9.86,9.93,9.64,9.81,1997073,19568060.00
2022/05/31,9.90,10.32,9.65,10.15,6749974,67694944.00
2022/06/01,10.13,12.18,10.06,10.75,29501587,339147392.00
2022/06/02,10.75,12.90,10.52,12.90,29419112,340399872.00
2022/06/06,13.87,15.48,12.90,15.48,52412096,759097472.00
2022/06/07,14.90,15.19,12.70,13.00,44510855,612746240.00
2022/06/08,12.80,13.07,12.00,12.60,27323729,341376448.00
2022/06/09,12.47,12.47,11.67,11.82,16844834,200874960.00
2022/06/10,11.59,12.99,11.59,12.40,25650564,316491008.00
2022/06/13,12.21,13.00,12.18,12.31,17915710,225101216.00
2022/06/14,11.88,12.26,11.39,12.04,16369700,194485472.00
2022/06/15,11.98,12.25,11.68,11.70,11621268,138610608.00
2022/06/16,11.74,12.10,11.74,11.83,8277850,98490816.00
2022/06/17,12.02,13.14,11.84,12.63,19300407,243834704.00
2022/06/20,12.70,12.95,12.42,12.54,11285117,142253072.00
2022/06/21,12.40,12.48,12.06,12.20,8521585,104513528.00
2022/06/22,12.11,12.57,11.86,11.93,8624198,105636728.00
2022/06/23,12.00,13.08,11.99,12.82,15516188,197243504.00
2022/06/24,12.80,13.05,12.55,12.85,12499600,160481504.00
2022/06/27,13.00,13.63,12.73,12.80,13768097,179684992.00
2022/06/28,12.54,13.05,12.26,12.84,11670950,147826832.00
2022/06/29,12.63,12.70,11.98,11.99,11176272,137108960.00
2022/06/30,12.10,12.18,11.60,11.70,8868458,104715456.00
2022/07/01,11.58,11.77,11.30,11.52,6767465,77493400.00
2022/07/04,11.70,11.88,11.30,11.59,4497178,51904816.00
2022/07/05,11.53,11.76,11.20,11.31,4306432,49064164.00
2022/07/06,11.26,11.68,11.05,11.41,4176451,47666860.00
2022/07/07,11.40,11.85,11.21,11.79,5958332,69265400.00
2022/07/08,11.91,12.73,11.85,11.88,9523060,116900976.00
2022/07/11,11.90,12.11,11.11,11.20,7139404,81359896.00
2022/07/12,11.15,11.35,10.74,10.81,5227243,57409932.00
2022/07/13,10.89,10.95,10.69,10.78,2994052,32359250.00
2022/07/14,10.74,11.36,10.62,11.22,5487481,61259456.00
2022/07/15,11.20,11.72,11.08,11.30,5176855,59166884.00
2022/07/18,11.52,11.95,11.36,11.80,6614238,77376144.00
2022/07/19,11.65,12.50,11.64,12.09,8420928,102230992.00
2022/07/20,12.22,12.24,11.70,11.85,5329637,63116400.00
2022/07/21,11.90,12.02,11.65,11.80,4068118,48118144.00
2022/07/22,11.80,12.08,11.64,11.82,3583794,42417592.00
2022/07/25,11.80,11.80,11.36,11.47,3320547,38242184.00
2022/07/26,11.43,11.50,11.11,11.38,2405082,27266608.00
2022/07/27,11.37,12.30,11.28,12.24,8469360,101533160.00
2022/07/28,12.24,12.48,12.13,12.33,6466519,79780712.00
2022/07/29,12.36,13.10,12.10,12.99,10974285,138517168.00
2022/08/01,12.87,13.04,12.44,12.73,8153899,103485616.00
2022/08/02,12.44,12.94,12.00,12.14,7167523,88539480.00
2022/08/03,12.21,12.85,12.00,12.28,7643660,94910624.00
2022/08/04,12.58,12.65,11.85,12.17,6332082,76603168.00
2022/08/05,12.25,12.55,11.90,12.21,6254676,76018112.00
2022/08/08,12.01,13.12,11.80,12.88,10476457,131974128.00
2022/08/09,12.85,13.40,12.67,12.72,7947863,103529824.00
2022/08/10,12.80,13.20,12.52,12.90,8034197,103259448.00
2022/08/11,12.86,13.15,12.77,13.00,5826634,75343504.00
2022/08/12,13.20,13.20,12.33,12.38,7838030,99228896.00
2022/08/15,12.39,12.50,12.20,12.38,3441394,42497688.00
2022/08/16,12.39,12.99,12.32,12.54,6075336,77280096.00
2022/08/17,12.56,12.68,12.23,12.30,4364362,54105784.00
2022/08/18,12.30,13.12,12.21,12.85,10862292,139449104.00
2022/08/19,12.76,12.96,11.93,11.95,10157609,125065264.00
2022/08/22,11.99,12.04,11.64,12.00,4067357,48122128.00
2022/08/23,11.93,12.58,11.89,12.15,4629087,56594216.00
2022/08/24,12.15,12.23,11.23,11.25,6404962,74076800.00
2022/08/25,11.16,11.39,10.54,10.63,5353017,57844944.00
2022/08/26,10.70,10.85,10.55,10.61,2759614,29455972.00
2022/08/29,10.37,10.70,10.37,10.63,1514106,16053700.00
2022/08/30,10.63,10.72,10.43,10.47,1717343,18085804.00
2022/08/31,10.47,10.58,9.81,9.89,4423795,44305072.00
2022/09/01,9.81,10.06,9.74,9.80,1725054,16974680.00
2022/09/02,9.88,10.11,9.83,10.01,1832666,18301852.00
2022/09/05,10.03,10.10,9.67,9.76,2730745,26822130.00
2022/09/06,9.75,9.86,9.62,9.84,2012530,19687856.00
2022/09/07,9.81,10.16,9.75,9.98,2737431,27395562.00
2022/09/08,9.95,10.15,9.70,9.74,2555696,25254488.00
2022/09/09,9.73,9.79,9.55,9.78,1898574,18368408.00
2022/09/13,9.82,10.02,9.79,9.99,1842311,18253528.00
2022/09/14,9.93,9.97,9.73,9.94,1485669,14615240.00
2022/09/15,9.89,9.92,9.21,9.33,3277179,31183962.00
2022/09/16,9.33,9.40,9.15,9.20,1542285,14265418.00
2022/09/19,9.20,9.30,8.88,8.93,1688593,15243486.00
2022/09/20,9.25,9.35,9.04,9.23,1824349,16832712.00
2022/09/21,9.29,9.30,9.04,9.22,1210449,11092220.00
2022/09/22,9.11,9.30,9.02,9.06,1352950,12387747.00
2022/09/23,9.12,9.16,8.72,8.83,1694271,14993374.00
2022/09/26,8.83,9.05,8.54,8.78,1843430,16294013.00
2022/09/27,8.86,9.05,8.84,9.03,1972006,17629444.00
2022/09/28,8.98,9.03,8.80,8.80,1677802,14910784.00
2022/09/29,8.95,8.95,8.55,8.60,1541838,13460152.00
2022/09/30,8.58,8.64,8.34,8.34,1638411,13824076.00
2022/10/10,8.38,8.43,8.05,8.08,2114249,17264878.00
2022/10/11,8.09,8.25,8.00,8.17,1390193,11282017.00
2022/10/12,8.22,8.53,8.05,8.47,2497429,20712234.00
2022/10/13,8.50,8.74,8.42,8.51,1702442,14632389.00
2022/10/14,8.62,8.77,8.50,8.70,1645303,14289495.00
2022/10/17,8.72,9.27,8.72,9.01,2743553,24841714.00
2022/10/18,9.20,9.24,8.97,9.00,1541040,13953336.00
2022/10/19,9.00,9.12,8.90,8.92,1270311,11414585.00
2022/10/20,8.86,8.98,8.70,8.79,1715385,15189470.00
2022/10/21,8.79,9.01,8.75,8.94,1457378,12967812.00
2022/10/24,8.98,9.35,8.89,8.94,2890410,26290998.00
2022/10/25,9.09,9.09,8.62,8.86,2031456,17961998.00
2022/10/26,8.84,9.25,8.76,9.17,2860827,26047162.00
2022/10/27,9.11,9.60,8.77,8.80,4728808,43071368.00
2022/10/28,8.75,8.83,8.16,8.27,4014724,34028508.00
2022/10/31,8.25,9.20,8.20,8.98,4357239,38346560.00
2022/11/01,9.10,9.12,8.79,9.07,2942405,26295876.00
2022/11/02,9.12,9.35,9.04,9.21,3397000,31340556.00
2022/11/03,9.28,9.38,9.19,9.35,2667425,24752700.00
2022/11/04,9.49,9.52,9.24,9.41,3412758,32075000.00
2022/11/07,9.41,9.51,9.22,9.32,2904482,27158952.00
2022/11/08,9.40,9.40,9.16,9.27,1722903,15902126.00
2022/11/09,9.23,9.28,9.12,9.12,1755109,16118208.00
2022/11/10,9.08,9.18,8.91,8.92,2104351,18990864.00
2022/11/11,9.10,9.27,9.06,9.10,2876202,26335312.00
2022/11/14,9.15,9.19,8.89,8.92,2067756,18670740.00
2022/11/15,8.94,9.45,8.80,9.36,3708842,34311496.00
2022/11/16,9.36,9.38,9.16,9.20,2580305,23861292.00
2022/11/17,9.15,9.23,9.00,9.23,2386945,21717308.00
2022/11/18,9.29,9.39,9.08,9.10,2550399,23544944.00
2022/11/21,9.10,9.21,8.98,9.15,1865415,16993316.00
2022/11/22,9.19,9.22,8.94,8.94,2194031,19808144.00
2022/11/23,8.90,9.01,8.73,8.91,2800790,24881972.00
2022/11/24,8.99,9.05,8.78,8.88,1801684,16040707.00
2022/11/25,8.88,8.88,8.67,8.70,1907812,16637695.00
2022/11/28,8.70,8.82,8.50,8.58,1936929,16756580.00
2022/11/29,8.66,8.80,8.57,8.72,1696299,14744067.00
2022/11/30,8.72,8.96,8.60,8.80,2164545,19035310.00
2022/12/01,8.96,9.27,8.90,8.94,3360834,30495406.00
2022/12/02,8.99,9.04,8.90,8.96,1306679,11709127.00
2022/12/05,8.90,9.11,8.90,9.04,2084730,18797692.00
2022/12/06,9.10,9.10,8.92,8.96,1329514,11921940.00
2022/12/07,8.99,9.12,8.90,8.95,2163154,19502028.00
2022/12/08,8.94,8.98,8.70,8.73,3147632,27762160.00
2022/12/09,8.79,8.79,8.47,8.50,4424321,37836608.00
2022/12/12,8.54,8.54,8.32,8.48,1734327,14635363.00
2022/12/13,8.51,8.57,8.37,8.39,1599108,13524277.00
2022/12/14,8.40,8.46,8.29,8.32,1473347,12312240.00
2022/12/15,8.31,8.66,8.25,8.54,1976328,16726094.00
2022/12/16,8.57,8.58,8.30,8.31,1851572,15485872.00
2022/12/19,8.31,8.34,8.07,8.10,1562076,12773578.00
2022/12/20,8.10,8.20,8.02,8.13,896854,7272937.00
2022/12/21,8.15,8.15,7.90,8.12,1651621,13211583.00
2022/12/22,8.10,8.11,7.74,7.75,2758246,21675464.00
2022/12/23,7.70,7.90,7.66,7.89,1722517,13410693.00
2022/12/26,7.89,7.95,7.81,7.95,1417383,11187795.00
2022/12/27,7.96,7.98,7.79,7.97,1494486,11788137.00
2022/12/28,7.99,7.99,7.76,7.80,1032400,8072043.00
2022/12/29,7.73,7.84,7.70,7.75,1214072,9426632.00
2022/12/30,7.76,7.94,7.75,7.90,1312605,10353287.00
2023/01/03,7.87,8.13,7.80,8.08,1464681,11697579.00
2023/01/04,8.05,8.14,7.97,8.01,1107432,8905464.00
2023/01/05,8.08,8.46,8.01,8.26,3718730,30641724.00
2023/01/06,8.37,8.57,8.13,8.21,3150810,26304456.00
2023/01/09,8.21,8.40,8.17,8.33,2570989,21283006.00
2023/01/10,8.31,8.36,8.19,8.21,1714303,14144570.00
2023/01/11,8.32,8.53,8.20,8.20,2950475,24549792.00
2023/01/12,8.15,8.29,8.08,8.15,2784330,22745286.00
2023/01/13,8.20,8.20,8.04,8.08,1433701,11619678.00
2023/01/16,8.07,8.26,8.03,8.19,1245130,10200857.00
2023/01/17,8.19,8.35,8.19,8.22,1349838,11173651.00
2023/01/18,8.25,8.39,8.19,8.33,1610438,13406360.00
2023/01/19,8.33,8.43,8.21,8.37,1693591,14156178.00
2023/01/20,8.36,8.44,8.30,8.32,1484743,12384626.00
2023/01/30,8.45,8.65,8.42,8.56,3058522,26211858.00
2023/01/31,8.51,8.63,8.49,8.57,1570841,13448849.00
2023/02/01,8.62,8.83,8.58,8.82,2658418,23139576.00
2023/02/02,8.87,8.87,8.62,8.70,2692346,23465472.00
2023/02/03,8.70,8.77,8.57,8.68,2600567,22479122.00
2023/02/06,8.69,8.95,8.64,8.72,4142969,36407624.00
2023/02/07,8.77,9.07,8.61,9.04,5530905,49191668.00
2023/02/08,9.04,9.12,8.92,9.00,3525932,31800916.00
2023/02/09,9.08,9.08,8.89,9.07,2867771,25860864.00
2023/02/10,9.07,9.10,8.91,8.98,2386282,21492870.00
2023/02/13,9.01,9.09,8.94,9.00,2237675,20131368.00
2023/02/14,9.03,9.08,8.90,8.96,1834422,16443607.00
2023/02/15,8.98,9.57,8.91,9.50,9504493,89071112.00
2023/02/16,9.43,9.51,8.88,9.08,8077307,74483968.00
2023/02/17,9.11,9.11,8.77,8.78,3760009,33364070.00
2023/02/20,8.80,8.81,8.64,8.77,2753949,23999356.00
2023/02/21,8.79,9.11,8.71,8.84,3565162,31854814.00
2023/02/22,8.78,9.00,8.76,8.87,2438456,21681724.00
2023/02/23,8.87,9.16,8.85,8.97,3288449,29655642.00
2023/02/24,9.06,9.08,8.72,8.79,3182460,28182824.00
2023/02/27,8.72,8.81,8.58,8.62,1883718,16336063.00
2023/02/28,8.67,8.87,8.60,8.72,1612747,14108849.00
2023/03/01,8.72,8.85,8.64,8.84,1474171,12926865.00
2023/03/02,8.84,8.93,8.70,8.75,2063088,18133416.00
2023/03/03,8.79,8.85,8.70,8.74,1371639,12042641.00
2023/03/06,8.79,8.85,8.72,8.74,1564291,13742346.00
2023/03/07,8.83,8.83,8.50,8.51,1905646,16434367.00
2023/03/08,8.54,8.66,8.50,8.62,1141304,9807769.00
2023/03/09,8.65,8.74,8.58,8.62,1093697,9459442.00
2023/03/10,8.58,8.62,8.43,8.44,1606317,13638961.00
2023/03/13,8.41,8.42,8.15,8.24,2841025,23406096.00
2023/03/14,8.20,8.24,7.98,8.14,2083884,16848452.00
2023/03/15,8.15,8.31,8.14,8.16,1537086,12624197.00
2023/03/16,8.21,8.21,7.99,8.03,1536143,12378873.00
2023/03/17,8.06,8.11,7.99,8.03,1256788,10107871.00
2023/03/20,8.01,8.06,7.82,7.99,2238244,17826256.00
2023/03/21,8.08,8.24,7.98,8.21,1344187,10922468.00
2023/03/22,8.40,8.75,8.28,8.54,5873510,50157500.00
2023/03/23,8.48,8.91,8.48,8.82,6315806,55338732.00
2023/03/24,8.81,9.00,8.78,8.83,3350178,29725084.00
2023/03/27,8.83,9.04,8.74,8.90,3451751,30711252.00
2023/03/28,8.98,9.13,8.84,9.02,3596692,32460528.00
2023/03/29,9.06,9.28,8.88,8.96,3388526,30650876.00
2023/03/30,9.01,9.01,8.80,8.82,3202718,28411598.00
2023/03/31,8.81,9.05,8.80,9.00,3239594,29099480.00
2023/04/03,8.98,9.12,8.92,9.02,2551206,22968060.00
2023/04/04,9.07,9.07,8.74,8.82,2939809,25960346.00
2023/04/06,8.83,8.95,8.78,8.87,1896989,16796128.00
2023/04/07,8.89,8.98,8.82,8.98,2225743,19790412.00
2023/04/10,8.91,9.36,8.91,8.98,4512113,41111564.00
2023/04/11,9.06,9.08,8.78,8.85,2834198,25125444.00
2023/04/12,8.91,8.95,8.82,8.88,1658358,14732149.00
2023/04/13,8.83,8.96,8.72,8.74,2049834,18002416.00
2023/04/14,8.75,8.81,8.67,8.69,1715454,14962622.00
2023/04/17,8.77,8.95,8.65,8.79,2690683,23759044.00
2023/04/18,8.86,8.88,8.60,8.69,2002228,17420852.00
2023/04/19,8.74,8.74,8.50,8.54,1426818,12219053.00
2023/04/20,8.55,8.59,8.29,8.37,1937175,16191387.00
2023/04/21,8.45,8.45,8.10,8.14,2401466,19718320.00
2023/04/24,8.21,8.21,7.95,8.03,2265905,18189484.00
2023/04/25,8.07,8.16,7.78,7.83,2429087,19173630.00
2023/04/26,7.82,8.18,7.82,8.10,2289696,18465966.00
2023/04/27,7.98,8.04,7.67,7.72,3542889,27772092.00
2023/04/28,7.71,7.87,7.71,7.87,1702952,13279758.00
2023/05/04,7.84,8.00,7.75,7.84,2099374,16487635.00
2023/05/05,7.83,7.84,7.57,7.65,2242036,17165360.00
2023/05/08,7.70,7.73,7.61,7.65,1346733,10306558.00
2023/05/09,7.66,7.66,7.42,7.43,2225138,16709328.00
2023/05/10,7.43,7.76,7.35,7.59,3162109,23882164.00
2023/05/11,7.59,7.63,7.48,7.56,1519128,11480414.00
2023/05/12,7.48,7.58,7.37,7.37,1893305,14073123.00
2023/05/15,7.35,7.50,7.34,7.48,1347232,9985517.00
2023/05/16,7.62,7.85,7.40,7.53,3201700,24416154.00
2023/05/17,7.56,7.77,7.48,7.77,2872574,22014544.00
2023/05/18,7.77,7.87,7.66,7.72,1584368,12245629.00
2023/05/19,7.77,7.90,7.68,7.79,2052002,16044555.00
2023/05/22,7.87,7.87,7.72,7.79,2079447,16147957.00
2023/05/23,7.80,7.87,7.73,7.77,1172279,9135711.00
2023/05/24,7.78,7.83,7.68,7.76,1315407,10222222.00
2023/05/25,7.70,7.86,7.70,7.81,1352513,10550246.00
2023/05/26,7.89,8.00,7.70,7.93,2216661,17458896.00
2023/05/29,7.95,8.00,7.80,7.81,1493602,11779738.00
2023/05/30,7.82,8.06,7.82,8.04,2743856,21899514.00
2023/05/31,8.06,8.35,7.95,8.11,3911703,31944744.00
2023/06/01,8.15,8.18,7.99,8.01,1989462,16073450.00
2023/06/02,8.05,8.11,7.97,8.00,1516085,12152398.00
2023/06/05,8.10,8.13,7.95,8.03,1131808,9074810.00
2023/06/06,8.04,8.04,7.75,7.76,1903287,14959045.00
2023/06/07,7.84,7.84,7.71,7.76,1143635,8876660.00
2023/06/08,7.80,7.80,7.58,7.58,1662177,12733657.00
2023/06/09,7.47,7.80,7.47,7.66,2268155,17427716.00
2023/06/12,7.70,8.51,7.62,8.49,7782788,63739784.00
2023/06/13,8.42,9.01,8.42,8.83,9811413,86524848.00
2023/06/14,8.85,8.85,8.59,8.69,5931454,51488040.00
2023/06/15,8.75,8.76,8.51,8.55,3929691,33772304.00
2023/06/16,8.60,8.64,8.40,8.43,2439468,20671518.00
2023/06/19,8.40,8.64,8.38,8.41,2164013,18386240.00
2023/06/20,8.48,8.62,8.33,8.55,3151670,26794884.00
2023/06/21,8.53,8.61,8.42,8.43,1969661,16715242.00
2023/06/26,8.43,8.83,8.34,8.38,3895780,33401708.00
2023/06/27,8.35,8.46,8.26,8.36,1972918,16475535.00
2023/06/28,8.29,8.42,8.17,8.35,2515499,20824490.00
2023/06/29,8.36,8.58,8.30,8.52,2102681,17803526.00
2023/06/30,8.55,9.16,8.52,9.09,9364543,83549760.00
2023/07/03,9.11,9.23,8.80,8.84,6176667,55776492.00
2023/07/04,8.81,10.61,8.81,10.58,35482052,363648416.00
2023/07/05,10.12,10.12,9.41,9.50,27734125,267849184.00
2023/07/06,9.58,9.81,9.31,9.60,16084682,153947792.00
2023/07/07,9.39,9.98,9.39,9.52,14677774,141821200.00
2023/07/10,9.52,9.70,9.20,9.23,9550300,90033480.00
2023/07/11,9.32,9.65,9.23,9.58,11079016,104833088.00
2023/07/12,9.65,9.95,9.45,9.54,13748363,132834904.00
2023/07/13,9.43,9.58,9.21,9.27,10202838,95158280.00
2023/07/14,9.26,9.41,9.15,9.18,7382813,68294808.00
2023/07/17,9.23,9.23,8.90,9.05,5469273,49319432.00
2023/07/18,9.07,9.22,8.92,9.12,4752376,43259432.00
2023/07/19,9.13,9.15,8.93,9.00,3858339,34716296.00
2023/07/20,9.09,9.09,8.76,8.80,4044225,35827936.00
2023/07/21,8.78,8.81,8.53,8.56,4368774,37782960.00
2023/07/24,8.58,8.63,8.48,8.50,2749925,23471418.00
2023/07/25,8.58,8.75,8.55,8.70,4188234,36324128.00
2023/07/26,8.76,8.76,8.44,8.47,2760849,23572308.00
2023/07/27,8.97,8.97,8.46,8.70,6745193,59057496.00
2023/07/28,8.41,8.75,8.20,8.72,7837272,66569528.00
2023/07/31,8.75,8.90,8.66,8.72,3766094,33015440.00
2023/08/01,8.72,8.76,8.55,8.56,2984267,25739020.00
2023/08/02,8.52,8.69,8.49,8.54,1971062,16898664.00
2023/08/03,8.49,8.59,8.44,8.44,2177487,18461088.00
2023/08/04,8.50,8.83,8.44,8.68,4444793,38329208.00
2023/08/07,8.69,8.86,8.55,8.66,3931252,34250604.00
2023/08/08,8.70,8.71,8.46,8.50,2797444,23915508.00
2023/08/09,8.46,8.46,8.26,8.28,2594442,21634992.00
2023/08/10,8.30,8.34,8.17,8.20,1763610,14505677.00
2023/08/11,8.20,8.23,8.05,8.05,1776735,14443245.00
2023/08/14,8.05,8.15,7.92,8.03,2353793,18790416.00
2023/08/15,8.04,8.06,7.86,7.95,2037249,16157093.00
2023/08/16,7.95,7.95,7.78,7.80,1518372,11927017.00
2023/08/17,7.78,8.21,7.70,8.18,4102575,32973348.00
2023/08/18,8.25,8.25,8.03,8.03,1992209,16217760.00
2023/08/21,8.07,8.11,7.81,7.85,1896725,15064326.00
2023/08/22,7.90,8.02,7.71,7.90,2135218,16757661.00
2023/08/23,7.89,7.94,7.74,7.80,2767961,21689802.00
2023/08/24,7.86,7.90,7.70,7.76,1844444,14359068.00
2023/08/25,7.82,7.83,7.54,7.57,2722325,20793444.00
2023/08/28,8.08,8.12,7.61,7.65,3550870,27826000.00
2023/08/29,7.54,8.28,7.50,8.21,5249288,42264224.00
2023/08/30,8.25,8.43,8.20,8.33,3829058,31943444.00
2023/08/31,8.29,8.35,8.13,8.15,3486770,28702376.00
2023/09/01,8.21,8.27,8.02,8.16,2497813,20335884.00
2023/09/04,8.19,8.23,8.02,8.15,2462087,19949632.00
2023/09/05,8.17,8.24,8.07,8.11,2522284,20533730.00
2023/09/06,8.18,8.23,8.05,8.20,2169741,17700184.00
2023/09/07,8.21,8.21,7.96,7.96,2305810,18579980.00
2023/09/08,7.93,8.13,7.93,8.05,2375367,19085958.00
2023/09/11,8.05,8.28,7.97,8.19,2686927,21911392.00
2023/09/12,8.28,8.39,8.21,8.30,3182345,26389528.00
2023/09/13,8.25,8.27,7.90,8.01,2898536,23352120.00
2023/09/14,7.98,8.18,7.81,7.84,1644895,12973005.00
2023/09/15,7.85,7.97,7.73,7.84,1963178,15374190.00
2023/09/18,7.83,8.29,7.75,8.13,4802029,39046984.00
2023/09/19,8.11,8.15,7.87,7.91,2490589,19782366.00
2023/09/20,7.89,7.96,7.77,7.79,2136790,16761081.00
2023/09/21,7.79,7.96,7.59,7.62,2556823,19623794.00
2023/09/22,7.65,7.85,7.57,7.85,2210255,17083960.00
2023/09/25,7.83,7.94,7.75,7.79,1600694,12494665.00
2023/09/26,7.74,7.81,7.70,7.73,1302702,10085909.00
2023/09/27,7.70,7.90,7.64,7.80,2596217,20272806.00
2023/09/28,7.79,8.15,7.79,8.12,4082698,32729104.00
2023/10/09,8.13,8.27,8.10,8.16,2858851,23350144.00
2023/10/10,8.15,8.19,8.02,8.08,2150099,17377972.00
2023/10/11,8.06,8.12,7.94,8.03,1586901,12740961.00
2023/10/12,8.10,8.22,7.97,8.14,2573609,20895580.00
2023/10/13,8.10,8.18,8.02,8.07,1936898,15672495.00
2023/10/16,8.06,8.16,7.94,8.04,2307221,18531468.00
2023/10/17,7.99,8.01,7.77,7.85,2833550,22266480.00
2023/10/18,7.76,7.92,7.74,7.79,2541004,19870380.00
2023/10/19,7.75,7.86,7.60,7.63,2587047,19860384.00
2023/10/20,7.60,7.83,7.56,7.62,2849621,21963072.00
2023/10/23,7.59,7.61,7.27,7.34,2923572,21685036.00
2023/10/24,7.37,7.69,7.35,7.57,3032964,22869224.00
2023/10/25,7.64,7.86,7.51,7.74,2998153,23239288.00
2023/10/26,7.74,7.89,7.61,7.88,2120087,16472460.00
2023/10/27,7.84,7.95,7.80,7.83,2467047,19375820.00
2023/10/30,7.76,7.94,7.71,7.91,4067910,31898302.00
2023/10/31,7.91,7.95,7.62,7.70,3954972,30651746.00
2023/11/01,7.71,7.88,7.67,7.83,4247115,33137960.00
2023/11/02,7.86,8.05,7.77,7.80,3370315,26621452.00
2023/11/03,7.82,8.03,7.78,7.95,2853075,22680262.00
2023/11/06,7.99,8.11,7.95,8.10,3046490,24519734.00
2023/11/07,8.64,8.88,8.40,8.58,15156436,130851384.00
2023/11/08,8.52,8.72,8.45,8.61,9031247,77533000.00
2023/11/09,8.65,8.65,8.36,8.42,6417703,54233632.00
2023/11/10,8.52,8.68,8.41,8.49,5480147,46797176.00
2023/11/13,8.42,8.58,8.38,8.48,3650121,30993032.00
2023/11/14,8.43,8.53,8.43,8.47,2976738,25210460.00
2023/11/15,8.52,8.62,8.46,8.59,3961694,33884396.00
2023/11/16,8.61,8.75,8.48,8.48,4147828,35636772.00
2023/11/17,8.48,8.70,8.47,8.64,3826687,32989976.00
2023/11/20,8.65,8.70,8.54,8.64,3706074,31882968.00
2023/11/21,8.61,8.68,8.48,8.54,3281599,28088064.00
2023/11/22,8.50,8.57,8.30,8.33,3831879,32337176.00
2023/11/23,8.35,8.63,8.35,8.57,4915554,41961220.00
2023/11/24,8.63,8.68,8.34,8.36,3623398,30475032.00
2023/11/27,8.34,8.50,8.30,8.44,3610471,30380948.00
2023/11/28,8.42,8.67,8.30,8.65,5264805,45182072.00
2023/11/29,8.63,9.00,8.54,8.74,9915967,87477344.00
2023/11/30,8.71,8.74,8.38,8.49,5647432,48174816.00
2023/12/01,8.49,8.63,8.35,8.40,4582147,38595028.00
2023/12/04,8.42,8.50,8.34,8.37,3501499,29479856.00
2023/12/05,8.38,8.43,8.23,8.24,3627202,30228404.00
2023/12/06,8.24,8.45,8.20,8.24,3625326,30187292.00
2023/12/07,8.30,8.30,8.02,8.16,4337046,35330244.00
2023/12/08,8.19,8.24,8.07,8.10,4635410,37799472.00
2023/12/11,8.10,8.23,8.01,8.18,3644294,29667160.00
2023/12/12,8.20,8.20,8.07,8.14,2280535,18519624.00
2023/12/13,8.15,8.25,7.98,8.08,3794442,30697304.00
2023/12/14,8.10,8.15,8.01,8.02,2353006,19014524.00
2023/12/15,8.10,8.10,7.94,7.94,2718405,21718232.00
2023/12/18,7.94,7.99,7.83,7.86,2938868,23191744.00
2023/12/19,7.87,7.89,7.72,7.82,3030046,23647396.00
2023/12/20,7.82,7.89,7.71,7.71,2564004,19969540.00
2023/12/21,7.66,7.81,7.59,7.75,2573632,19818904.00
2023/12/22,7.82,7.82,7.60,7.63,2475101,18962836.00
2023/12/25,7.63,7.70,7.57,7.64,1888485,14406190.00
2023/12/26,7.64,7.65,7.43,7.50,2574428,19288144.00
2023/12/27,7.48,7.50,7.40,7.44,2631515,19606954.00
2023/12/28,7.40,7.63,7.32,7.57,3407484,25614424.00
2023/12/29,7.56,7.68,7.53,7.67,2388525,18225194.00
2024/01/02,7.67,7.78,7.63,7.66,2488728,19120016.00
2024/01/03,7.66,7.66,7.49,7.52,2313686,17468800.00
2024/01/04,7.54,7.61,7.43,7.53,2525009,18989472.00
2024/01/05,7.53,7.61,7.34,7.38,2626100,19589040.00
2024/01/08,7.36,7.47,7.18,7.18,3140200,22845828.00
2024/01/09,7.26,7.38,7.18,7.22,2312900,16795108.00
2024/01/10,7.18,7.27,7.10,7.14,2440526,17512886.00
2024/01/11,7.14,7.31,7.10,7.28,2139326,15433479.00
2024/01/12,7.24,7.32,7.15,7.16,2010362,14522971.00
2024/01/15,7.15,7.16,7.02,7.09,2305901,16354763.00
2024/01/16,7.11,7.15,6.98,7.08,2591439,18253624.00
2024/01/17,7.05,7.09,6.75,6.77,4055965,27928662.00
2024/01/18,6.65,6.82,6.46,6.67,5056177,33363406.00
2024/01/19,6.67,6.81,6.59,6.64,4232583,28330858.00
2024/01/22,6.68,6.68,6.18,6.22,4357412,28019932.00
2024/01/23,6.39,6.39,6.08,6.19,4561860,28121344.00
2024/01/24,6.25,6.31,5.90,6.17,4234160,25784020.00
2024/01/25,6.17,6.50,6.10,6.48,5708125,36210824.00
2024/01/26,6.50,6.54,6.34,6.37,3431061,22130936.00
2024/01/29,6.48,6.49,6.15,6.16,3405327,21322748.00
2024/01/30,6.07,6.25,5.84,5.85,5563562,33280504.00
2024/01/31,5.79,5.85,5.43,5.46,6826275,38170232.00
2024/02/01,5.47,5.52,5.22,5.37,5555172,29933968.00
2024/02/02,5.38,5.49,4.74,5.00,6729141,34373424.00
2024/02/05,4.95,4.95,4.05,4.20,11514895,49906212.00
2024/02/06,4.10,4.29,3.74,4.09,10360775,41033024.00
2024/02/07,4.12,4.13,3.66,3.70,12482197,47545052.00
2024/02/08,3.73,4.30,3.65,4.30,11545159,45738812.00
2024/02/19,4.24,4.51,4.22,4.39,6255693,27443290.00
数据来源:通达信
