603183 建研院 日线 后复权
      日期	    开盘	    最高	    最低	    收盘	    成交量	    成交额
2017/09/05,19.53,19.53,19.53,19.53,12000,234360.00
2017/09/06,21.48,21.48,21.48,21.48,4511,96896.00
2017/09/07,23.63,23.63,23.63,23.63,5400,127602.00
2017/09/08,25.99,25.99,25.99,25.99,7301,189753.00
2017/09/11,28.59,28.59,28.59,28.59,13662,390597.00
2017/09/12,31.45,31.45,31.45,31.45,19262,605790.00
2017/09/13,34.60,34.60,34.60,34.60,37600,1300960.00
2017/09/14,38.06,38.06,38.06,38.06,47361,1802560.00
2017/09/15,41.87,41.87,41.87,41.87,115022,4815971.00
2017/09/18,46.06,46.06,46.06,46.06,176860,8146172.00
2017/09/19,50.67,50.67,50.67,50.67,897277,45465024.00
2017/09/20,55.74,55.74,55.74,55.74,855311,47675036.00
2017/09/21,61.31,61.31,61.31,61.31,197984,12138399.00
2017/09/22,63.77,67.44,62.01,67.44,9905454,651755072.00
2017/09/25,73.50,74.18,71.12,74.18,2895549,213386112.00
2017/09/26,81.60,81.60,74.58,75.76,16159341,1268871552.00
2017/09/27,71.52,74.58,68.18,70.49,10315445,721298112.00
2017/09/28,69.50,72.97,66.70,67.87,8907117,619103168.00
2017/09/29,65.68,67.46,61.33,62.27,8465649,542598336.00
2017/10/09,62.75,67.00,59.96,65.55,8477700,538224960.00
2017/10/10,63.54,67.54,63.54,63.77,7395980,482697856.00
2017/10/11,62.27,62.29,57.50,57.60,6915627,413202912.00
2017/10/12,57.63,58.90,56.46,57.04,4099750,236561472.00
2017/10/13,56.51,57.97,56.00,57.67,3764433,215556128.00
2017/10/16,56.97,57.25,53.02,55.92,4602260,255581232.00
2017/10/17,55.00,56.69,54.70,55.64,2955559,165559248.00
2017/10/18,56.18,61.00,55.18,58.29,6892351,402013248.00
2017/10/19,57.01,57.99,54.56,55.13,4117425,229492480.00
2017/10/20,54.50,54.90,52.01,53.16,3881391,206549152.00
2017/10/23,53.10,54.58,52.80,53.58,2851315,153466592.00
2017/10/24,53.12,54.83,52.11,53.00,2884994,153958448.00
2017/10/25,52.33,54.00,52.03,53.48,3008769,159484448.00
2017/10/26,53.01,53.89,52.31,53.73,2914360,154087392.00
2017/10/27,53.01,56.00,53.01,53.79,4024387,219885168.00
2017/10/30,52.01,52.50,48.41,48.41,4559376,226229888.00
2017/10/31,47.35,48.99,47.35,48.38,2254708,108531872.00
2017/11/01,48.08,50.60,48.06,49.78,3516947,173603328.00
2017/11/02,49.35,52.99,48.50,51.27,5002273,254004336.00
2017/11/03,50.78,51.40,49.00,49.34,2987424,149273104.00
2017/11/06,50.30,50.99,49.36,50.12,2345487,118028472.00
2017/11/07,49.66,50.66,49.00,50.37,2474167,123314400.00
2017/11/08,50.30,52.95,49.90,51.87,4420617,228663264.00
2017/11/09,51.40,55.91,51.10,55.36,6889270,373049664.00
2017/11/10,54.49,57.90,54.32,54.80,6909107,388307392.00
2017/11/13,54.58,57.10,53.20,56.91,5024775,275395872.00
2017/11/14,56.00,59.90,55.51,59.54,7302262,423216352.00
2017/11/15,58.51,60.85,56.50,56.98,5282001,309849344.00
2017/11/16,55.67,56.25,52.00,52.61,4226096,229534304.00
2017/11/17,51.58,51.74,47.35,47.35,4446586,217539488.00
2017/11/20,46.10,47.60,42.62,46.51,2513379,114255616.00
2017/11/21,46.40,47.39,45.02,46.86,2281005,105775280.00
2017/11/22,46.55,47.45,43.65,44.02,2893845,131321416.00
2017/11/23,43.90,43.90,40.83,40.89,2838842,120242816.00
2017/11/24,40.44,41.60,39.75,39.86,1884016,76635776.00
2017/11/27,40.00,41.50,39.85,40.18,1904045,77140848.00
2017/11/28,38.88,40.98,38.88,40.58,1466066,59044372.00
2017/11/29,40.60,40.92,38.00,39.27,1921773,75915880.00
2017/11/30,39.35,40.26,38.93,39.11,1697622,67162480.00
2017/12/01,39.00,39.95,38.60,39.57,1452373,57083216.00
2017/12/04,39.40,39.40,35.61,35.62,2583465,95633000.00
2017/12/05,35.15,35.85,32.71,33.45,2718170,92784952.00
2017/12/06,33.49,34.97,33.22,34.81,2466393,84352192.00
2017/12/07,34.60,35.39,34.30,34.63,1705415,59371064.00
2017/12/08,34.68,36.90,34.67,36.17,2910272,104906840.00
2017/12/11,36.26,39.79,35.80,39.79,4186923,158981680.00
2017/12/12,39.45,40.40,38.28,39.05,4534547,179305200.00
2017/12/13,38.64,39.80,38.46,39.16,2655875,104205336.00
2017/12/14,38.86,39.49,37.40,38.49,2432443,93096080.00
2017/12/15,38.03,39.69,37.06,39.01,2877071,111152952.00
2017/12/18,38.26,38.83,37.50,37.54,1659915,62904424.00
2017/12/19,37.63,39.18,37.56,39.14,2604133,100912936.00
2017/12/20,38.81,39.49,37.91,38.20,1823845,70336864.00
2017/12/21,38.13,38.29,35.80,37.49,2082508,77184600.00
2017/12/22,37.10,38.25,36.60,36.66,1641456,61307812.00
2017/12/25,36.02,36.72,34.97,36.21,1830803,65407356.00
2017/12/26,36.08,39.83,36.07,39.83,3812515,145771744.00
2017/12/27,40.75,41.49,39.30,40.06,6013903,242849504.00
2017/12/28,39.08,40.30,38.65,39.95,3412995,134892960.00
2017/12/29,40.07,40.25,38.82,39.25,1896472,74720400.00
2018/01/02,39.12,39.79,38.89,39.43,1637630,64651400.00
2018/01/03,39.10,42.00,39.10,40.12,3897672,158319376.00
2018/01/04,40.20,43.66,40.20,42.45,6453639,272729376.00
2018/01/05,41.63,43.56,41.00,42.06,4430279,188219776.00
2018/01/08,41.16,44.44,41.06,43.23,4713961,202545120.00
2018/01/09,42.73,43.39,41.57,41.74,3212418,135608672.00
2018/01/10,41.35,41.40,40.20,40.33,2431263,98638752.00
2018/01/11,40.00,41.18,39.20,40.89,2355070,95393432.00
2018/01/12,40.46,44.60,40.41,42.50,4099216,173921168.00
2018/01/15,42.07,42.07,40.51,40.88,2664609,109678320.00
2018/01/16,40.08,43.40,40.08,42.94,4014548,170077808.00
2018/01/17,42.53,45.47,42.01,44.47,5878219,258224416.00
2018/01/18,43.97,48.80,43.50,46.64,5777095,261589424.00
2018/01/19,45.70,46.50,44.51,44.62,4453150,202624928.00
2018/01/22,43.83,44.00,41.67,42.65,2649170,113859360.00
2018/01/23,42.89,45.63,42.80,45.03,3748822,166268912.00
2018/01/24,44.99,45.08,43.73,44.62,2449320,108744976.00
2018/01/25,43.85,44.99,42.69,42.72,2630300,115561504.00
2018/01/26,42.87,43.49,41.05,41.15,2306051,97431896.00
2018/01/29,41.20,42.27,38.60,39.56,2283905,91596144.00
2018/01/30,40.12,40.47,39.15,40.44,1631078,65072852.00
2018/01/31,40.48,40.48,37.45,38.17,2085580,81677696.00
2018/02/01,37.86,38.80,35.52,35.54,1869548,69146576.00
2018/02/02,35.59,36.47,33.01,36.35,1241602,44370904.00
2018/02/05,35.90,36.80,35.05,35.31,1132487,40545040.00
2018/02/06,34.67,35.99,32.60,32.72,1553818,53195020.00
2018/02/07,34.00,34.69,31.89,33.58,1353619,45187972.00
2018/02/08,33.72,34.14,33.27,33.97,988975,33418352.00
2018/02/09,32.00,32.88,30.90,31.21,1386598,44251276.00
2018/02/12,31.55,32.60,31.55,32.38,856401,27522808.00
2018/02/13,32.47,34.50,32.46,33.57,1530671,51735696.00
2018/02/14,33.00,33.40,32.30,32.49,894600,29262288.00
2018/02/22,33.57,33.63,32.60,33.38,779101,25918044.00
2018/02/23,33.64,35.90,33.64,34.69,1916448,66806132.00
2018/02/26,35.14,35.66,34.69,35.51,1699961,59887288.00
2018/02/27,35.18,35.53,34.55,35.13,1389400,48604044.00
2018/02/28,34.50,34.90,34.05,34.44,931006,32124012.00
2018/03/01,33.97,35.25,33.97,34.77,1182699,41058152.00
2018/03/02,34.77,36.66,34.15,35.44,2017098,71208608.00
2018/03/05,35.30,35.59,35.01,35.51,1197995,42345508.00
2018/03/06,35.60,36.50,35.08,35.80,1574151,56202992.00
2018/03/07,35.77,35.96,35.10,35.29,1050363,37154396.00
2018/03/08,35.30,37.84,35.09,37.02,3167019,116429952.00
2018/03/09,37.03,40.72,37.03,40.72,5228471,207059168.00
2018/03/12,40.29,40.41,39.30,40.21,4736258,188856320.00
2018/03/13,40.00,40.00,38.91,39.04,2650907,104258832.00
2018/03/14,38.96,39.63,38.78,39.25,1938024,76109528.00
2018/03/15,38.00,38.59,35.50,36.58,2749014,101420576.00
2018/03/16,36.17,36.96,36.00,36.23,1299580,47554768.00
2018/03/19,36.10,37.36,36.00,37.09,1585669,58593236.00
2018/03/20,36.66,39.73,36.30,39.30,3271950,124946320.00
2018/03/21,38.65,39.87,37.50,37.60,2633443,102115872.00
2018/03/22,38.02,38.59,37.55,37.99,1505133,57378192.00
2018/03/23,36.73,36.78,34.19,34.19,2334472,81780720.00
2018/03/26,33.52,36.77,32.19,35.60,1674040,58290312.00
2018/03/27,35.55,36.86,35.55,36.04,1766344,63913648.00
2018/03/28,35.39,38.78,35.10,37.55,3060362,114911968.00
2018/03/29,37.53,38.68,36.80,38.63,3024360,114508168.00
2018/03/30,38.60,39.48,38.09,38.29,2913562,112954072.00
2018/04/02,37.79,40.00,37.40,39.98,3672984,142600000.00
2018/04/03,38.77,39.90,38.51,39.41,3173279,124695824.00
2018/04/04,39.75,40.10,38.35,38.41,2106304,82300464.00
2018/04/09,38.01,39.09,37.02,38.77,1642511,62865932.00
2018/04/10,38.71,40.43,38.15,40.29,3750926,148036480.00
2018/04/11,40.45,40.65,39.50,39.86,2958292,118385856.00
2018/04/12,39.47,41.00,39.44,40.20,3518706,142213408.00
2018/04/13,40.13,40.59,38.70,38.78,2328261,92110520.00
2018/04/16,38.25,39.11,37.82,38.12,1401744,53861588.00
2018/04/17,38.50,39.05,36.03,36.27,1844103,69297328.00
2018/04/18,36.50,36.83,33.00,35.99,1708637,60178352.00
2018/04/19,35.99,38.00,35.20,36.87,1740878,63639544.00
2018/04/20,36.39,36.60,34.50,34.96,1227585,44016940.00
2018/04/23,34.15,35.65,34.15,34.72,672400,23356574.00
2018/04/24,34.88,36.30,34.88,36.18,992921,35530316.00
2018/04/25,36.00,36.80,35.87,36.50,937045,33961504.00
2018/04/26,36.49,36.49,34.50,34.82,989761,34885272.00
2018/04/27,34.98,35.86,34.69,34.94,693548,24315070.00
2018/05/02,34.93,36.50,34.93,35.61,896683,32064880.00
2018/05/03,35.05,36.18,34.30,36.02,1150906,40672512.00
2018/05/04,35.69,35.95,34.75,34.94,773053,27314242.00
2018/05/07,34.90,35.85,34.90,35.73,812723,28900440.00
2018/05/08,35.80,36.10,35.62,36.03,993186,35612680.00
2018/05/09,36.10,36.95,35.81,36.94,1732685,63095304.00
2018/05/10,36.89,37.21,36.42,37.17,1374900,50566292.00
2018/05/11,37.45,37.45,36.00,36.01,1062800,38833272.00
2018/05/14,36.00,36.30,34.91,35.19,945076,33433008.00
2018/05/15,35.28,36.12,35.26,36.08,770300,27469778.00
2018/05/16,36.29,36.29,35.50,35.58,641400,22978582.00
2018/05/17,35.31,36.26,35.31,36.17,831762,29743972.00
2018/05/18,36.20,36.30,35.50,36.12,826701,29728584.00
2018/05/21,36.19,37.04,36.19,36.91,1445406,53070600.00
2018/05/22,36.90,38.20,36.65,37.99,2701176,101640736.00
2018/05/23,37.79,38.00,37.02,37.02,1561262,58481612.00
2018/05/24,37.05,38.60,37.05,38.32,2890871,110158216.00
2018/05/25,38.01,38.99,37.60,38.21,2265122,86671504.00
2018/05/28,39.32,39.80,37.50,38.66,3604313,140518768.00
2018/05/29,39.00,39.39,38.21,38.90,2168821,84469056.00
2018/05/30,37.70,38.20,35.08,36.02,1830885,68071224.00
2018/05/31,36.95,39.62,36.90,39.29,5544898,217047856.00
2018/06/01,38.00,38.39,37.00,38.19,3742286,140570080.00
2018/06/04,38.00,38.02,36.56,37.46,1911380,71588408.00
2018/06/05,37.73,40.83,36.95,39.40,2969956,82691696.00
2018/06/06,39.05,40.52,38.70,40.49,6216843,175260864.00
2018/06/07,40.43,40.49,38.31,38.87,4071939,113738256.00
2018/06/08,38.47,39.29,37.61,39.13,2460873,66800000.00
2018/06/11,38.99,40.83,38.67,40.07,4958822,140577584.00
2018/06/12,39.75,42.18,38.04,41.67,7595069,219097632.00
2018/06/13,40.84,41.53,39.71,39.85,4610281,133040952.00
2018/06/14,38.74,40.10,38.74,39.79,2635557,73994464.00
2018/06/15,40.41,40.42,38.04,38.07,2859141,79225056.00
2018/06/19,35.91,36.58,34.29,34.29,2465471,61527172.00
2018/06/20,32.43,34.29,31.95,33.49,2537479,59669052.00
2018/06/21,33.06,33.66,30.16,30.16,2725919,61199664.00
2018/06/22,28.93,30.86,28.38,29.85,1997640,42225320.00
2018/06/25,29.81,30.55,29.46,29.49,1377760,29335508.00
2018/06/26,28.65,30.12,28.62,30.02,1366740,28618648.00
2018/06/27,29.84,30.47,29.36,30.00,1241561,26360478.00
2018/06/28,29.93,30.75,29.93,30.34,1986602,42726412.00
2018/06/29,30.66,31.39,30.00,31.04,2158268,47082872.00
2018/07/02,30.89,31.14,29.14,29.78,1917733,41113412.00
2018/07/03,29.65,30.61,29.26,30.56,1494206,31867548.00
2018/07/04,30.42,31.28,29.79,30.13,1945840,42163372.00
2018/07/05,29.67,30.10,27.51,27.57,1904061,38806728.00
2018/07/06,27.60,28.39,26.83,27.92,1523553,30106944.00
2018/07/09,28.09,29.21,28.00,29.15,1424521,28910418.00
2018/07/10,30.44,30.47,29.21,29.70,1849361,39012192.00
2018/07/11,29.26,29.26,27.92,28.58,1640560,33150708.00
2018/07/12,28.38,31.33,28.38,30.62,2883218,61360204.00
2018/07/13,30.62,30.62,29.85,30.16,2172857,46525280.00
2018/07/16,30.05,30.12,29.65,29.91,901340,19083568.00
2018/07/17,30.20,30.20,29.00,29.78,1360441,28439084.00
2018/07/18,29.65,29.98,29.09,29.22,1051946,22037652.00
2018/07/19,29.22,29.77,28.72,28.90,987139,20417792.00
2018/07/20,28.69,29.19,28.46,29.08,821416,16832668.00
2018/07/23,28.79,29.11,28.24,29.01,994799,20261524.00
2018/07/24,28.91,31.89,28.79,31.89,2145065,47708392.00
2018/07/25,35.06,35.06,35.06,35.06,2430462,60469896.00
2018/07/26,35.23,38.03,34.50,34.58,10620545,273059968.00
2018/07/27,32.50,33.67,31.47,31.66,6393305,147035248.00
2018/07/30,31.85,34.81,31.85,34.81,3586003,86034632.00
2018/07/31,35.23,38.26,34.99,38.26,10994807,286759584.00
2018/08/01,40.13,42.07,39.72,42.07,9851093,289777088.00
2018/08/02,42.23,42.51,37.89,37.89,14401098,405252704.00
2018/08/03,35.93,36.47,34.12,34.12,9685209,242166400.00
2018/08/06,33.45,36.96,33.45,36.23,9823247,248231456.00
2018/08/07,35.49,38.17,34.25,37.42,9332447,240546240.00
2018/08/08,37.49,37.51,34.82,36.36,7847591,201673664.00
2018/08/09,35.93,36.98,34.89,35.73,6390420,162463584.00
2018/08/10,35.23,36.14,34.67,35.41,4836665,121419648.00
2018/08/13,34.51,35.48,33.97,35.11,3621098,89341024.00
2018/08/14,35.02,37.51,34.67,36.01,6227599,160167328.00
2018/08/15,34.95,39.37,34.53,37.86,10268282,273991232.00
2018/08/16,36.56,40.25,35.24,38.46,8586064,228183232.00
2018/08/17,38.42,38.42,35.48,35.58,6099600,161316416.00
2018/08/20,35.25,35.27,32.58,34.34,5394818,130252728.00
2018/08/21,33.78,35.73,33.55,34.60,4655426,115571360.00
2018/08/22,34.06,34.18,32.43,32.43,4614741,108911936.00
2018/08/23,32.65,33.48,32.62,32.90,3369472,78840872.00
2018/08/24,33.17,33.77,32.86,33.43,3851859,91217760.00
2018/08/27,33.10,33.83,32.78,33.83,3766639,89277776.00
2018/08/28,33.83,33.95,33.24,33.38,2569770,60943304.00
2018/08/29,33.64,36.63,33.41,35.81,7307850,181100528.00
2018/08/30,35.23,35.56,34.34,34.55,4509541,111481360.00
2018/08/31,33.83,33.98,32.44,32.54,3963476,92399296.00
2018/09/03,31.95,32.17,29.78,31.11,3599845,79251072.00
2018/09/04,30.89,31.94,30.35,31.21,2702288,59996012.00
2018/09/05,30.76,30.76,29.77,29.81,3387241,72519272.00
2018/09/06,29.77,30.47,29.21,29.46,2767392,58315552.00
2018/09/07,29.46,31.45,28.95,30.16,4604166,98268408.00
2018/09/10,29.63,30.05,29.02,29.15,2459090,51399256.00
2018/09/11,29.14,29.28,28.09,28.65,2766935,55802628.00
2018/09/12,28.58,28.73,28.23,28.46,1743816,35210104.00
2018/09/13,28.59,29.35,28.51,29.01,2950048,60466504.00
2018/09/14,29.07,29.46,28.24,28.28,2371068,48495816.00
2018/09/17,27.81,27.81,26.63,26.63,3062162,58431016.00
2018/09/18,26.46,28.86,26.46,28.44,5664574,111689160.00
2018/09/19,27.95,29.00,27.53,28.67,6015348,121369824.00
2018/09/20,28.59,28.65,27.88,28.11,3745575,74793632.00
2018/09/21,28.27,28.44,27.83,28.18,2828280,56355296.00
2018/09/25,27.71,27.97,27.02,27.86,2750439,53589060.00
2018/09/26,27.32,27.71,27.26,27.39,2995025,58220612.00
2018/09/27,27.50,27.50,25.97,25.97,3558720,67194976.00
2018/09/28,26.15,26.55,26.14,26.43,1985721,37156784.00
2018/10/08,26.27,26.27,25.05,25.10,2048440,37360876.00
2018/10/09,25.29,25.96,25.29,25.47,1762340,31975896.00
2018/10/10,25.47,27.99,25.47,27.99,9784995,191282976.00
2018/10/11,26.83,27.50,26.27,26.84,8296069,157867120.00
2018/10/12,26.50,28.44,25.50,27.86,8887854,170581840.00
2018/10/15,27.39,27.93,27.22,27.61,5667583,110611624.00
2018/10/16,27.36,28.93,26.69,28.59,9149739,181527824.00
2018/10/17,28.48,29.32,27.67,29.25,9349800,189249872.00
2018/10/18,28.93,30.02,26.42,26.97,7949223,160947520.00
2018/10/19,25.89,26.53,24.29,25.80,6012623,108585440.00
2018/10/22,25.65,28.37,25.65,28.37,8228131,158932224.00
2018/10/23,28.17,29.21,27.72,28.74,10082659,203902080.00
2018/10/24,27.81,28.62,27.53,27.97,5973988,118590656.00
2018/10/25,26.69,27.29,25.43,26.83,4269221,80283184.00
2018/10/26,27.29,27.53,26.41,26.60,3238213,61849624.00
2018/10/29,26.60,28.06,26.49,26.97,3869050,74711552.00
2018/10/30,26.20,27.11,25.29,27.09,4604343,85984640.00
2018/10/31,26.98,28.20,26.66,27.55,5604922,109776424.00
2018/11/01,27.85,28.21,27.51,27.54,5083900,99964224.00
2018/11/02,27.60,28.18,27.60,28.16,5841623,115778336.00
2018/11/05,28.07,28.81,27.89,28.39,5810281,116642512.00
2018/11/06,28.23,28.35,27.50,27.92,3404221,67118576.00
2018/11/07,28.00,28.30,27.26,27.27,4164905,81911296.00
2018/11/08,27.46,27.65,26.59,26.71,3143000,60244636.00
2018/11/09,26.76,26.95,26.28,26.28,2208419,41670068.00
2018/11/12,26.27,26.94,26.13,26.91,2642564,49873928.00
2018/11/13,26.63,27.25,26.43,27.20,3644765,69638496.00
2018/11/14,27.23,27.46,26.80,26.87,3660340,70501768.00
2018/11/15,26.74,28.67,26.69,28.30,9515408,188439280.00
2018/11/16,28.09,28.30,27.78,28.11,6021094,119571192.00
2018/11/19,28.10,29.22,27.75,29.15,8731453,176850544.00
2018/11/20,28.59,28.88,27.75,27.78,5451347,109373416.00
2018/11/21,27.25,27.79,26.99,27.61,3245417,62877508.00
2018/11/22,27.54,28.06,27.54,27.89,3000734,59219888.00
2018/11/23,27.81,28.10,26.13,26.35,3624209,69045344.00
2018/11/26,26.24,26.76,26.07,26.27,1740170,32546284.00
2018/11/27,26.31,26.71,26.29,26.48,1585426,29756024.00
2018/11/28,26.48,26.76,25.83,26.66,1918460,35925268.00
2018/11/29,26.83,26.97,25.43,25.62,2384413,44254120.00
2018/11/30,25.62,26.08,25.48,25.97,1848374,33716340.00
2018/12/03,26.49,26.88,26.34,26.60,2668680,50298744.00
2018/12/04,26.60,26.87,26.48,26.85,2388274,45128120.00
2018/12/05,26.22,26.87,26.06,26.41,2170161,40751168.00
2018/12/06,26.24,26.36,25.82,25.82,2201844,40616208.00
2018/12/07,25.80,26.50,25.80,26.41,1875311,34848960.00
2018/12/10,26.13,26.50,26.13,26.32,1623152,30214868.00
2018/12/11,26.49,27.50,26.38,27.09,3291512,62774492.00
2018/12/12,27.29,27.32,26.94,26.99,1831111,35149016.00
2018/12/13,26.74,28.20,26.66,27.62,4959262,97343704.00
2018/12/14,27.69,28.62,27.04,27.15,5757343,113638672.00
2018/12/17,27.54,28.53,27.48,28.45,9270205,184848688.00
2018/12/18,27.95,27.95,26.81,27.11,5680140,110060080.00
2018/12/19,27.08,27.08,25.99,26.13,3719669,69433024.00
2018/12/20,25.78,26.46,25.61,26.21,1919089,35549400.00
2018/12/21,25.93,26.28,25.71,25.82,1837441,33699060.00
2018/12/24,25.85,26.29,25.85,26.18,1516560,28044790.00
2018/12/25,25.78,25.93,24.98,25.78,2465060,44443624.00
2018/12/26,25.71,26.22,25.71,25.97,1571680,28909100.00
2018/12/27,26.36,26.55,25.29,25.29,1952841,35746640.00
2018/12/28,25.41,25.61,25.15,25.30,1137700,20409858.00
2019/01/02,25.43,25.65,25.02,25.13,1317060,23647228.00
2019/01/03,25.13,25.37,23.82,24.04,2133588,37089924.00
2019/01/04,23.89,24.52,23.56,24.43,1819670,31162612.00
2019/01/07,24.53,25.01,24.53,24.85,1523578,26709272.00
2019/01/08,24.73,24.99,24.45,24.61,1388620,24281740.00
2019/01/09,24.61,24.98,24.52,24.53,1776880,31134120.00
2019/01/10,24.46,24.68,23.89,24.04,2127540,36610648.00
2019/01/11,24.17,24.73,24.05,24.60,1963143,33875984.00
2019/01/14,24.94,25.09,24.59,24.74,2444328,42987944.00
2019/01/15,24.49,24.77,24.38,24.73,1673980,29163368.00
2019/01/16,24.73,24.87,24.53,24.64,1587469,27737328.00
2019/01/17,24.71,24.77,24.17,24.19,1453160,25102588.00
2019/01/18,24.25,24.40,24.19,24.29,1065340,18307274.00
2019/01/21,24.38,24.43,24.19,24.39,952531,16401225.00
2019/01/22,24.32,24.43,23.96,24.14,1190760,20349880.00
2019/01/23,24.04,24.15,23.86,23.89,1041488,17664368.00
2019/01/24,23.84,24.24,23.84,24.18,1162148,19808172.00
2019/01/25,24.10,24.53,24.03,24.11,1882400,32321896.00
2019/01/28,24.19,24.21,23.58,23.68,1353760,22899332.00
2019/01/29,23.34,23.34,21.34,21.48,3438780,52905192.00
2019/01/30,21.23,21.62,20.05,20.27,2128180,31389096.00
2019/01/31,20.44,20.86,20.15,20.23,1636701,23677032.00
2019/02/01,20.40,20.76,20.12,20.74,1244811,18133194.00
2019/02/11,20.83,21.35,20.83,21.31,1234994,18489584.00
2019/02/12,21.31,21.65,21.23,21.51,1614330,24534178.00
2019/02/13,21.62,21.90,21.42,21.79,2119580,32484220.00
2019/02/14,21.76,22.05,21.66,21.91,2036043,31472080.00
2019/02/15,21.94,22.23,21.76,21.76,1733970,26885432.00
2019/02/18,21.79,22.60,21.79,22.43,2726668,42954964.00
2019/02/19,22.60,22.68,22.04,22.36,3025525,47822144.00
2019/02/20,22.63,22.63,22.09,22.28,2388810,37740528.00
2019/02/21,22.40,22.60,22.12,22.25,3231800,51179596.00
2019/02/22,22.05,22.42,21.95,22.40,3034749,47703676.00
2019/02/25,22.46,23.96,22.46,23.54,6168754,101508752.00
2019/02/26,23.55,24.67,23.03,24.12,7679980,131022080.00
2019/02/27,24.08,26.13,23.72,25.01,9136107,160822048.00
2019/02/28,24.73,25.26,24.49,24.70,3982472,69704624.00
2019/03/01,24.71,25.09,24.35,24.66,2794962,48665520.00
2019/03/04,24.67,25.24,24.60,24.81,5485924,96837488.00
2019/03/05,24.68,25.40,24.32,25.31,6074900,107201400.00
2019/03/06,25.61,25.61,24.92,25.37,5335002,95221024.00
2019/03/07,25.27,26.63,24.96,26.17,8458724,153690224.00
2019/03/08,25.43,25.69,24.11,24.17,5594120,99350064.00
2019/03/11,24.22,25.02,24.22,24.95,2970662,51869340.00
2019/03/12,25.20,25.83,24.92,25.41,5395491,97179064.00
2019/03/13,25.50,26.08,25.01,25.85,5777453,104770744.00
2019/03/14,25.61,26.06,24.45,24.78,4089915,72699160.00
2019/03/15,24.80,25.29,24.78,25.27,3006077,53302144.00
2019/03/18,25.43,25.80,24.87,25.79,4087766,73695536.00
2019/03/19,25.58,27.08,25.31,26.63,6697363,123543056.00
2019/03/20,26.34,26.69,25.75,26.10,5692615,105825288.00
2019/03/21,26.20,26.35,25.90,25.99,3873300,71539760.00
2019/03/22,25.92,26.67,25.72,26.52,4992640,92636936.00
2019/03/25,25.99,26.21,25.61,25.71,3651145,67056824.00
2019/03/26,25.71,25.93,24.94,24.99,3387820,60949328.00
2019/03/27,25.09,25.20,24.56,25.09,1578384,27831998.00
2019/03/28,24.80,25.30,24.54,24.91,1815284,32065754.00
2019/03/29,24.91,25.52,24.03,25.44,2794468,49564304.00
2019/04/01,25.52,26.20,25.31,26.18,3938669,72245232.00
2019/04/02,25.78,26.07,25.65,25.86,4238963,77629592.00
2019/04/03,25.92,26.34,25.68,26.28,4707301,87095536.00
2019/04/04,26.55,26.69,25.90,26.56,4580738,85339552.00
2019/04/08,26.63,27.90,26.34,27.20,8137100,155819872.00
2019/04/09,27.11,27.57,26.63,27.57,7241474,139289104.00
2019/04/17,29.77,29.77,27.43,27.43,10751042,215998784.00
2019/04/18,26.84,27.08,26.27,26.45,5276240,99205664.00
2019/04/19,26.31,26.57,26.10,26.45,2417924,45107016.00
2019/04/22,26.39,26.43,25.41,25.44,3297640,60258392.00
2019/04/23,25.41,25.71,24.60,24.73,3233320,57690204.00
2019/04/24,24.70,25.22,24.49,25.02,1730945,30480022.00
2019/04/25,25.01,25.13,23.75,23.79,2092060,36278764.00
2019/04/26,23.79,23.80,22.98,23.06,1986760,32769376.00
2019/04/29,23.06,23.06,21.48,21.60,2261545,35449320.00
2019/04/30,21.53,22.47,21.53,22.37,1822261,28549086.00
2019/05/06,22.00,22.00,20.20,20.53,2414313,36073648.00
2019/05/07,20.75,21.20,20.54,21.04,1929149,28542740.00
2019/05/08,20.88,21.55,20.44,21.30,1529660,22879432.00
2019/05/09,21.27,21.60,21.10,21.37,1162980,17559260.00
2019/05/10,21.39,22.04,20.69,21.94,2024351,31055040.00
2019/05/13,21.74,23.77,21.62,22.57,2760186,43887960.00
2019/05/14,22.30,22.42,21.87,21.95,1750040,27323264.00
2019/05/15,22.09,22.35,22.07,22.30,1180740,18558534.00
2019/05/16,22.28,22.72,22.12,22.65,1538860,24508054.00
2019/05/17,22.63,22.75,21.25,21.60,1590765,24889088.00
2019/05/20,21.69,22.28,21.24,22.22,1191400,18399768.00
2019/05/21,22.26,22.58,22.07,22.47,985460,15643845.00
2019/05/22,22.56,23.05,22.19,22.36,1330745,21315480.00
2019/05/23,22.28,22.56,21.94,21.95,1061420,16688167.00
2019/05/24,22.14,22.14,21.37,21.98,699812,10823515.00
2019/05/27,22.05,22.32,21.65,22.18,1265058,19781864.00
2019/05/28,22.07,22.39,21.88,22.00,1529180,23989156.00
2019/05/29,22.26,22.58,22.11,22.28,1399540,22102312.00
2019/05/30,22.46,22.46,21.94,22.26,1117884,17544822.00
2019/05/31,22.29,22.53,22.04,22.25,1082266,17034420.00
2019/06/03,22.42,22.42,21.93,22.05,873640,13672590.00
2019/06/04,21.86,21.98,21.02,21.42,1475805,22380064.00
2019/06/05,21.42,22.32,21.36,21.62,902220,9793202.00
2019/06/06,21.54,21.54,19.99,20.23,1900503,19652742.00
2019/06/10,20.21,21.11,20.21,20.97,1825412,19027108.00
2019/06/11,23.03,23.03,23.03,23.03,1329288,15366569.00
2019/06/12,25.30,25.30,25.30,25.30,862064,10965454.00
2019/06/13,27.79,27.79,27.79,27.79,5813460,81330304.00
2019/06/14,27.81,29.16,25.89,26.44,34574043,484039424.00
2019/06/17,25.26,27.03,24.07,24.30,23317741,296020800.00
2019/06/18,24.50,26.34,23.54,24.89,22884571,283534592.00
2019/06/19,24.68,26.56,24.66,26.01,25175775,321824640.00
2019/06/20,25.46,25.56,24.42,24.99,17749136,223253440.00
2019/06/21,24.73,26.32,24.44,26.15,22356800,286695008.00
2019/06/24,25.66,25.81,24.91,25.09,13114388,166720576.00
2019/06/25,24.79,24.79,23.93,24.24,9011488,109695744.00
2019/06/26,22.81,23.21,22.13,22.40,11990934,135886496.00
2019/06/27,22.34,22.68,22.15,22.34,6576319,74092016.00
2019/06/28,22.40,22.54,21.95,22.13,5058968,56430944.00
2019/07/01,22.44,22.62,22.25,22.56,6655618,75105024.00
2019/07/02,22.54,22.81,22.34,22.44,5282955,59690416.00
2019/07/03,22.38,22.42,22.03,22.17,3408740,37885372.00
2019/07/04,22.28,22.76,22.15,22.38,4470869,50313664.00
2019/07/05,22.32,22.34,22.09,22.27,2524828,28170506.00
2019/07/08,22.13,22.13,21.17,21.38,4590246,49446056.00
2019/07/09,21.38,21.60,21.29,21.52,1929080,20756438.00
2019/07/10,21.54,21.91,21.50,21.70,2905450,31582680.00
2019/07/11,21.64,21.81,21.42,21.58,2266554,24570052.00
2019/07/12,21.54,21.58,21.40,21.46,1545948,16659307.00
2019/07/15,21.30,21.66,20.89,21.54,2396003,25560748.00
2019/07/16,21.36,22.23,21.36,21.85,4280135,47036048.00
2019/07/17,21.93,22.42,21.76,22.27,4615191,51283576.00
2019/07/18,21.95,22.09,21.56,21.76,2916624,31893480.00
2019/07/19,21.70,22.15,21.70,22.15,2914968,32214252.00
2019/07/22,22.13,22.25,21.15,22.09,4043002,44457512.00
2019/07/23,22.11,22.25,21.93,22.15,2524317,27978680.00
2019/07/24,22.30,22.58,22.13,22.36,3006783,33726096.00
2019/07/25,22.15,23.48,22.15,22.74,5216959,60006524.00
2019/07/26,22.42,22.74,22.17,22.72,3566141,40000880.00
2019/07/29,22.50,22.66,22.23,22.30,1886602,21210276.00
2019/07/30,22.32,22.42,22.03,22.11,2296666,25620110.00
2019/07/31,21.87,21.91,21.58,21.60,2166630,23570976.00
2019/08/01,21.56,21.89,21.48,21.60,1744002,18982904.00
2019/08/02,21.15,21.38,20.93,21.25,1969548,20913520.00
2019/08/05,21.01,21.40,20.97,21.07,1610724,17111816.00
2019/08/06,20.74,20.76,19.97,20.60,2761757,28264348.00
2019/08/07,20.60,21.01,20.46,20.52,1649912,17165016.00
2019/08/08,20.78,20.83,20.48,20.60,1707576,17644380.00
2019/08/09,20.72,21.25,20.66,20.85,2959190,31074446.00
2019/08/12,20.66,20.99,20.36,20.85,2513618,26038300.00
2019/08/13,20.74,20.80,20.46,20.52,1597352,16458607.00
2019/08/14,21.03,21.07,20.66,20.68,1930288,20177160.00
2019/08/15,20.34,20.87,20.09,20.81,1962816,20146862.00
2019/08/16,20.89,21.13,20.72,20.95,2066833,21679462.00
2019/08/19,21.19,21.48,21.13,21.46,3223552,34467396.00
2019/08/20,21.50,21.72,21.21,21.54,2889164,31201728.00
2019/08/21,21.38,22.05,21.32,21.78,3445320,37406924.00
2019/08/22,22.13,22.42,21.56,21.89,4086332,44951976.00
2019/08/23,21.76,21.87,21.50,21.54,2402684,26027388.00
2019/08/26,20.97,21.34,20.85,21.25,2025339,21430206.00
2019/08/27,21.32,22.13,21.32,21.81,3265552,35556312.00
2019/08/28,21.81,22.15,21.68,21.91,2974460,32735970.00
2019/08/29,21.89,22.07,21.76,21.78,2133912,23434452.00
2019/08/30,21.87,22.19,21.34,21.36,3059963,33388112.00
2019/09/02,21.30,23.38,21.30,22.52,8486195,95836760.00
2019/09/03,22.32,24.19,22.25,23.75,9615577,111322264.00
2019/09/04,23.60,24.44,23.38,24.19,11503147,137652496.00
2019/09/05,24.09,24.09,23.30,23.36,9663563,114728448.00
2019/09/06,23.15,23.54,22.97,23.21,5619237,65525832.00
2019/09/09,23.30,23.44,23.01,23.34,4072312,47500544.00
2019/09/10,23.32,23.54,23.19,23.52,3939755,46179844.00
2019/09/11,23.54,23.74,23.23,23.42,4343843,51283380.00
2019/09/12,23.62,23.87,23.52,23.70,5108541,60882896.00
2019/09/16,23.48,23.77,23.34,23.48,3132404,36976416.00
2019/09/17,23.36,23.48,22.42,22.62,3912535,45090508.00
2019/09/18,22.66,23.17,22.66,22.79,2736955,31520982.00
2019/09/19,22.95,23.48,22.93,23.48,3811713,44578880.00
2019/09/20,24.13,24.13,23.30,23.34,5543892,66047688.00
2019/09/23,23.30,23.30,22.54,22.91,4140834,47530796.00
2019/09/25,23.85,24.77,22.93,23.34,12426766,149222160.00
2019/09/26,22.32,22.93,21.76,21.83,7860609,87374728.00
2019/09/27,21.60,21.97,21.19,21.60,2832620,30731146.00
2019/09/30,21.52,21.72,21.07,21.11,2478472,26543418.00
2019/10/08,20.83,21.32,20.76,21.05,1802896,19061236.00
2019/10/09,20.97,21.64,20.97,21.52,2567352,27574796.00
2019/10/10,21.66,22.46,21.58,22.17,3797185,42141500.00
2019/10/11,22.34,22.62,21.95,22.36,4801088,53980068.00
2019/10/14,22.30,22.77,22.25,22.50,2955018,33465436.00
2019/10/15,22.56,23.48,22.13,22.70,3842031,43667420.00
2019/10/16,22.25,22.64,21.83,21.89,3772344,41815216.00
2019/10/17,22.11,23.28,21.83,23.01,6645388,75749568.00
2019/10/18,22.99,22.99,22.19,22.58,4184788,47414296.00
2019/10/21,22.54,22.62,21.99,22.23,2656873,29666240.00
2019/10/22,22.44,23.11,22.36,22.93,3838120,43922296.00
2019/10/23,22.95,23.30,22.68,22.91,4426725,51072184.00
2019/10/24,22.91,23.07,22.44,22.74,1739209,19829988.00
2019/10/25,22.79,22.97,22.52,22.87,2178172,24893136.00
2019/10/28,22.76,23.34,22.44,23.26,4014456,46387032.00
2019/10/29,23.11,23.26,22.79,22.81,2276060,26279376.00
2019/10/30,22.89,22.89,22.28,22.36,2185688,24659500.00
2019/10/31,22.52,22.56,21.62,21.74,2617936,28959940.00
2019/11/01,21.83,22.48,21.66,22.30,1944739,21598624.00
2019/11/04,22.44,22.79,22.09,22.66,2407603,27325162.00
2019/11/05,22.70,22.83,22.48,22.62,1503454,17105088.00
2019/11/06,22.56,22.72,22.17,22.46,1632948,18385160.00
2019/11/07,22.40,22.50,22.13,22.28,1283535,14359211.00
2019/11/08,22.50,22.50,21.85,21.95,1915994,21229314.00
2019/11/11,21.66,21.81,21.07,21.48,2513572,27013720.00
2019/11/12,21.74,21.74,20.97,21.42,1673591,17788764.00
2019/11/13,21.29,21.32,20.66,20.99,1765924,18605110.00
2019/11/14,20.99,22.68,20.76,21.76,4468673,48965832.00
2019/11/15,21.54,21.74,21.07,21.07,2585492,27552900.00
2019/11/18,20.85,21.19,20.83,21.01,1453411,15306286.00
2019/11/19,20.95,21.68,20.95,21.44,1759426,18870540.00
2019/11/20,21.34,21.44,21.15,21.27,1145428,12215362.00
2019/11/21,20.99,21.27,20.99,21.19,974688,10326592.00
2019/11/22,21.19,21.42,20.85,21.01,1397220,14769553.00
2019/11/25,21.01,21.25,20.68,21.23,1495432,15775625.00
2019/11/26,21.46,21.48,20.97,21.05,1147636,12176363.00
2019/11/27,20.87,21.05,20.78,20.95,1196801,12561132.00
2019/11/28,20.89,21.05,20.78,20.80,970973,10167073.00
2019/11/29,20.76,20.99,20.76,20.93,865869,9048358.00
2019/12/02,20.93,21.19,20.87,20.99,628220,6608102.00
2019/12/03,20.89,21.13,20.72,21.05,936036,9809736.00
2019/12/04,20.99,21.13,20.87,21.13,850604,8960012.00
2019/12/05,20.95,21.21,20.93,21.13,1648676,17423402.00
2019/12/06,21.09,21.27,21.07,21.27,1288885,13674524.00
2019/12/09,21.27,21.38,21.15,21.30,1222118,13035522.00
2019/12/10,21.19,21.34,21.09,21.21,915619,9738792.00
2019/12/11,21.21,21.34,20.87,20.89,1419322,15000622.00
2019/12/12,20.97,21.03,20.87,20.91,1435686,15078165.00
2019/12/13,20.95,21.23,20.95,21.11,1391484,14681500.00
2019/12/16,21.07,21.34,21.05,21.32,2012532,21421584.00
2019/12/17,21.38,21.66,21.29,21.58,2854392,30808598.00
2019/12/18,21.56,21.78,21.46,21.54,2459536,26666344.00
2019/12/19,21.60,21.70,21.46,21.62,1987340,21504598.00
2019/12/20,21.60,21.78,21.40,21.48,1568129,17000908.00
2019/12/23,21.34,21.44,20.76,20.85,3410415,35880200.00
2019/12/24,20.76,20.97,20.56,20.93,2499805,26027380.00
2019/12/25,20.93,20.97,20.76,20.97,1405797,14735955.00
2019/12/26,20.91,21.46,20.81,21.15,2268084,24131632.00
2019/12/27,21.07,21.38,21.07,21.17,2021465,21546916.00
2019/12/30,21.05,21.19,20.76,21.11,1368725,14394731.00
2019/12/31,21.11,21.34,20.95,21.23,2001292,21262518.00
2020/01/02,21.32,22.01,21.27,21.64,4153384,45143312.00
2020/01/03,21.64,21.99,21.54,21.66,2856372,31158608.00
2020/01/06,21.58,21.83,21.46,21.66,2921133,31771356.00
2020/01/07,21.74,22.25,21.74,22.05,3634371,40082536.00
2020/01/08,22.09,22.09,21.54,21.60,3414834,37287312.00
2020/01/09,21.76,21.99,21.68,21.89,2896463,31670322.00
2020/01/10,21.91,21.99,21.56,21.76,1852487,20242494.00
2020/01/13,21.74,22.28,21.66,22.17,3022487,33340524.00
2020/01/14,22.23,22.23,21.91,21.95,2406512,26581860.00
2020/01/15,21.93,21.93,21.66,21.81,1818506,19848530.00
2020/01/16,21.81,21.87,21.54,21.62,1586598,17220758.00
2020/01/17,21.79,21.79,21.44,21.52,1610912,17432768.00
2020/01/20,21.52,21.72,20.95,21.52,1522838,16395054.00
2020/01/21,21.60,21.60,21.05,21.09,2199498,23366944.00
2020/01/22,21.34,21.34,20.91,21.09,1343890,14202920.00
2020/01/23,21.07,21.29,20.50,20.58,2492236,26016008.00
2020/02/03,18.56,18.56,18.56,18.56,644800,5983744.00
2020/02/04,16.86,17.97,16.86,17.42,4799320,41730236.00
2020/02/05,17.42,17.91,17.37,17.62,3163022,27879340.00
2020/02/06,17.66,17.87,17.35,17.78,3553691,31326208.00
2020/02/07,17.68,18.54,17.54,18.27,3733766,33581124.00
2020/02/10,18.17,18.58,18.03,18.54,2656944,24427804.00
2020/02/11,18.58,18.76,18.40,18.46,2617314,24274356.00
2020/02/12,18.46,18.72,18.42,18.68,2380658,22144284.00
2020/02/13,18.76,19.03,18.52,18.66,2786924,26131144.00
2020/02/14,18.58,18.70,18.44,18.50,2181992,20231220.00
2020/02/17,18.50,19.09,18.50,19.05,2690200,25392708.00
2020/02/18,19.07,19.34,18.93,19.21,2397637,22927424.00
2020/02/19,19.17,19.34,19.03,19.03,2181207,20934184.00
2020/02/20,19.09,19.54,19.09,19.46,2625535,25430214.00
2020/02/21,19.52,19.64,19.33,19.46,2893252,28227588.00
2020/02/24,19.40,19.93,19.21,19.72,3931409,38312668.00
2020/02/25,19.29,19.34,18.54,19.05,4671655,44404036.00
2020/02/26,18.84,20.17,18.60,19.76,8410660,82786096.00
2020/02/27,19.91,20.03,19.58,19.60,4907746,48477132.00
2020/02/28,18.89,19.27,18.35,18.35,4028288,37973768.00
2020/03/02,18.40,20.15,18.40,20.15,7271085,71726640.00
2020/03/03,20.97,21.58,19.95,20.03,10599788,109013160.00
2020/03/04,19.68,21.34,19.62,21.23,9627678,99546976.00
2020/03/05,21.25,22.28,20.76,21.83,12564880,136056752.00
2020/03/06,21.44,21.60,21.03,21.09,6706740,71442256.00
2020/03/09,20.56,20.95,19.99,20.03,4888829,49835144.00
2020/03/10,19.46,20.54,19.46,20.48,4291788,43125232.00
2020/03/11,20.48,20.48,19.74,19.78,4683292,47178008.00
2020/03/12,19.48,19.58,19.19,19.34,3124604,30296866.00
2020/03/13,18.60,19.11,18.27,18.91,3055340,28666082.00
2020/03/16,19.19,19.48,18.23,18.40,3818915,36264256.00
2020/03/17,18.40,18.87,17.82,18.31,3094288,28093868.00
2020/03/18,18.36,18.95,18.05,18.13,3254772,30249232.00
2020/03/19,17.99,18.40,17.82,18.23,2685080,24328308.00
2020/03/20,18.40,19.34,18.40,18.91,3744884,35192460.00
2020/03/23,18.52,18.82,18.23,18.29,2322640,21498922.00
2020/03/24,18.52,18.84,18.33,18.74,1971308,18352880.00
2020/03/25,18.99,19.25,18.72,18.89,2585192,24451260.00
2020/03/26,18.95,18.95,18.52,18.58,1914416,17902816.00
2020/03/27,18.74,19.03,18.62,18.68,2201436,20754672.00
2020/03/30,18.68,18.68,18.19,18.46,2022024,18576688.00
2020/03/31,18.54,18.72,18.35,18.36,1322741,12246149.00
2020/04/01,18.31,18.48,18.07,18.07,1727376,15770307.00
2020/04/02,18.09,18.46,18.03,18.46,1342980,12238619.00
2020/04/03,18.50,18.52,18.21,18.40,1185764,10875501.00
2020/04/07,18.60,18.82,18.52,18.72,2188813,20443332.00
2020/04/08,18.66,18.95,18.52,18.84,2043284,19215100.00
2020/04/09,19.01,19.01,18.74,18.82,1608144,15185835.00
2020/04/10,18.82,18.87,18.31,18.42,1591628,14737815.00
2020/04/13,18.21,18.35,18.03,18.13,1205864,10949738.00
2020/04/14,18.15,18.33,18.15,18.29,1713955,15641671.00
2020/04/15,18.25,18.40,18.17,18.19,1226303,11195004.00
2020/04/16,18.60,19.97,18.60,19.97,4376028,42920660.00
2020/04/17,20.81,21.93,20.21,21.93,21154953,224388448.00
2020/04/20,23.19,24.09,22.95,24.09,32073054,385332896.00
2020/04/21,23.89,26.46,23.28,26.46,51464329,648733120.00
2020/04/22,24.68,28.65,24.62,26.13,50479313,674258176.00
2020/04/23,25.46,28.69,25.46,28.69,49258561,669278592.00
2020/04/24,26.83,27.18,25.87,25.87,30181417,397193888.00
2020/04/27,24.58,24.91,23.32,23.32,27400619,329094400.00
2020/04/28,22.97,23.40,22.09,23.23,22623995,257460256.00
2020/04/29,22.72,23.50,21.95,22.23,18200330,207616064.00
2020/04/30,22.13,22.87,22.11,22.68,14061958,159016320.00
2020/05/06,22.42,23.28,22.34,23.07,16736672,193053280.00
2020/05/07,23.07,23.50,22.64,23.36,17615496,204543408.00
2020/05/08,23.21,23.48,22.79,22.99,15368059,178481536.00
2020/05/11,22.93,23.93,22.72,23.30,17709391,206579712.00
2020/05/12,23.13,23.17,22.34,22.76,13024931,148049376.00
2020/05/13,22.58,23.81,22.34,23.81,20003752,234178960.00
2020/05/14,23.54,23.87,23.17,23.87,15830972,186957120.00
2020/05/15,23.60,23.60,22.79,22.83,15437260,179106864.00
2020/05/18,22.54,22.79,21.97,22.23,10494691,117437808.00
2020/05/19,22.60,24.24,22.23,23.50,16557117,193243552.00
2020/05/20,23.30,23.75,22.99,23.05,12701140,148640400.00
2020/05/21,22.95,23.23,22.30,22.46,8770692,99285672.00
2020/05/22,22.28,22.68,21.25,21.42,9075979,99635720.00
2020/05/25,21.42,21.83,21.27,21.48,4692247,50534144.00
2020/05/26,21.53,22.00,21.48,21.83,4784598,36909008.00
2020/05/27,21.67,23.95,21.67,22.82,23604965,193497200.00
2020/05/28,22.66,22.88,21.70,21.83,16440892,129424528.00
2020/05/29,21.86,21.94,21.07,21.15,11469720,86345688.00
2020/06/01,21.39,21.97,20.87,21.97,12037739,91757504.00
2020/06/02,22.00,22.16,21.70,21.94,10379220,80704344.00
2020/06/03,21.97,22.36,21.81,21.81,10041911,78244720.00
2020/06/04,21.81,21.89,21.20,21.31,10108469,76655328.00
2020/06/05,21.31,21.31,20.82,21.18,7987532,59401720.00
2020/06/08,21.23,21.37,21.01,21.07,5518308,41319420.00
2020/06/09,21.07,21.07,20.54,20.71,7707542,56300232.00
2020/06/10,20.65,20.82,20.52,20.68,5454364,39796248.00
2020/06/11,20.76,20.76,20.41,20.46,4536207,33044632.00
2020/06/12,20.13,20.43,19.97,20.41,4989366,35657984.00
2020/06/15,20.30,20.35,20.00,20.08,5585374,39791128.00
2020/06/16,20.22,20.54,20.11,20.52,5997381,43139640.00
2020/06/17,20.52,20.60,20.11,20.46,5744271,41244652.00
2020/06/18,20.49,20.68,20.35,20.60,5515628,40096132.00
2020/06/19,20.52,20.63,20.24,20.41,5015952,36134688.00
2020/06/22,20.43,20.52,20.30,20.43,4162663,29975336.00
2020/06/23,20.35,20.41,20.19,20.22,3855389,27610700.00
2020/06/24,20.13,20.22,20.00,20.02,4291791,30387514.00
2020/06/29,20.02,20.02,19.67,19.75,4772366,33402820.00
2020/06/30,19.83,20.05,19.83,20.02,3608040,25433590.00
2020/07/01,20.11,20.32,19.83,20.30,6919753,49104656.00
2020/07/02,20.24,20.54,20.11,20.52,9859764,70800936.00
2020/07/03,20.57,21.94,20.52,21.56,24699654,186580176.00
2020/07/06,21.37,22.49,21.15,22.27,21685156,167942496.00
2020/07/07,22.47,22.85,21.81,22.00,20580736,161655776.00
2020/07/08,21.97,23.97,21.78,23.43,26621194,214308320.00
2020/07/09,23.12,23.67,22.88,23.32,20555264,169115056.00
2020/07/10,23.34,24.91,22.96,23.65,24309933,206207024.00
2020/07/13,23.86,24.36,23.51,24.17,18024635,153854560.00
2020/07/14,24.08,24.17,22.85,23.40,17877621,149153024.00
2020/07/15,23.40,23.62,22.25,22.49,12314692,99782224.00
2020/07/16,22.44,22.77,21.39,21.45,10216582,80256608.00
2020/07/17,21.48,21.81,21.34,21.78,6810033,52103692.00
2020/07/20,21.75,22.52,21.64,22.52,8049347,63248872.00
2020/07/21,22.27,22.52,22.14,22.33,6035941,47641464.00
2020/07/22,22.19,22.52,22.08,22.16,6021839,47582452.00
2020/07/23,22.03,22.74,21.81,22.52,8910201,70363992.00
2020/07/24,22.25,22.44,21.42,21.42,8067808,62532460.00
2020/07/27,21.50,21.61,20.93,21.01,4670429,34894676.00
2020/07/28,21.07,21.37,20.98,21.12,3504955,26201084.00
2020/07/29,21.09,21.89,20.79,21.78,5896754,44804448.00
2020/07/30,21.81,22.44,21.70,21.94,7451767,58216972.00
2020/07/31,22.03,22.19,21.67,22.08,5951944,46255036.00
2020/08/03,22.11,22.85,22.11,22.85,10513860,84084072.00
2020/08/04,22.90,22.96,22.36,22.71,8222534,65872540.00
2020/08/05,22.85,22.88,22.36,22.57,7286783,58258520.00
2020/08/06,22.49,22.88,22.14,22.68,8544481,68250480.00
2020/08/07,22.57,22.57,22.00,22.25,6136437,48404244.00
2020/08/10,22.19,24.41,22.08,24.41,21920289,181777888.00
2020/08/11,24.91,26.69,24.91,25.37,52071423,472843232.00
2020/08/12,24.74,25.24,23.84,24.44,23758570,206674320.00
2020/08/13,24.50,25.40,24.30,24.77,16692669,146413232.00
2020/08/14,24.36,24.36,23.21,23.65,17252641,144792272.00
2020/08/17,23.54,23.89,23.45,23.81,13224774,111216032.00
2020/08/18,23.70,25.76,23.48,25.21,25993289,227260480.00
2020/08/19,25.26,25.40,24.50,24.52,15092426,133058712.00
2020/08/20,24.52,24.80,23.67,23.92,9630597,82511904.00
2020/08/21,24.17,24.28,23.59,23.78,7653060,64992860.00
2020/08/24,23.84,24.03,23.34,24.03,7253114,60926360.00
2020/08/25,23.97,24.08,23.56,23.62,8672395,73077696.00
2020/08/26,23.56,23.62,22.77,22.77,9603666,78692104.00
2020/08/27,22.82,23.26,22.66,23.12,5246393,42781620.00
2020/08/28,23.21,23.21,22.71,23.01,5275185,42848768.00
2020/08/31,24.19,25.26,24.17,25.26,8734852,77824400.00
2020/09/01,25.68,26.33,24.58,25.59,36674403,332300576.00
2020/09/02,25.62,25.98,25.04,25.35,20196685,182800736.00
2020/09/03,25.62,25.95,25.21,25.57,17145020,155629808.00
2020/09/04,24.82,25.84,24.50,25.15,14362586,129235488.00
2020/09/07,25.07,25.59,24.93,25.24,12230535,109757176.00
2020/09/08,25.15,25.68,24.80,25.68,10832579,97159832.00
2020/09/09,25.73,26.94,25.04,25.07,18789323,172948208.00
2020/09/10,25.54,25.54,23.43,23.48,12671360,109138736.00
2020/09/11,23.67,24.36,23.48,24.30,7781796,66204656.00
2020/09/14,24.88,24.96,24.03,24.33,7461122,64768764.00
2020/09/15,24.55,25.35,24.03,24.30,8577687,74955712.00
2020/09/16,24.30,24.33,23.67,23.89,5327877,45359996.00
2020/09/17,23.84,24.33,23.67,24.28,4837947,41265808.00
2020/09/18,24.28,25.04,24.00,24.91,9570933,83809448.00
2020/09/21,25.15,25.59,24.77,25.32,11009011,98611288.00
2020/09/22,24.93,25.68,24.93,25.07,9173678,82443368.00
2020/09/23,25.40,25.73,24.91,25.26,7696906,69271968.00
2020/09/24,25.04,25.32,24.66,24.72,6280846,55614660.00
2020/09/25,24.93,24.93,24.17,24.69,4554258,39588704.00
2020/09/28,24.55,24.55,23.45,23.95,5567190,47268240.00
2020/09/29,23.97,24.36,23.73,24.22,3365917,28741476.00
2020/09/30,24.06,24.17,23.40,23.56,4358649,36662296.00
2020/10/09,23.92,25.43,23.75,25.10,9173275,81008016.00
2020/10/12,25.24,25.81,25.13,25.68,10420643,94614144.00
2020/10/13,25.68,25.68,25.32,25.57,6269951,56774720.00
2020/10/14,25.65,26.03,25.18,25.29,9525649,86609304.00
2020/10/15,25.48,25.48,24.93,24.96,5442580,48644744.00
2020/10/16,25.10,25.57,24.82,25.54,5481167,49028452.00
2020/10/19,25.98,25.98,24.91,25.02,6329768,57029512.00
2020/10/20,24.96,25.29,24.25,25.24,4945341,43800636.00
2020/10/21,25.18,25.37,24.72,24.77,4243201,37572016.00
2020/10/22,24.88,25.13,24.36,25.13,5566876,49091528.00
2020/10/23,25.13,25.51,24.74,24.85,4952144,44080464.00
2020/10/26,24.82,25.29,24.63,24.93,4513694,40040360.00
2020/10/27,25.26,25.26,24.36,24.74,5027617,43950300.00
2020/10/28,24.55,24.69,23.97,24.58,4030304,34886896.00
2020/10/29,24.33,24.82,24.11,24.58,3974521,34770784.00
2020/10/30,24.50,24.66,23.67,23.73,5145478,44063520.00
2020/11/02,23.81,24.06,23.45,24.00,4395382,37029552.00
2020/11/03,23.95,24.39,23.89,24.22,3189727,27396372.00
2020/11/04,24.30,24.41,23.97,24.08,2034101,17400048.00
2020/11/05,24.11,24.50,24.11,24.33,3318299,28640392.00
2020/11/06,24.63,24.63,23.97,24.11,3281979,28239866.00
2020/11/09,24.14,24.66,24.14,24.52,4153874,36126948.00
2020/11/10,24.52,26.00,24.28,25.18,11185217,100582888.00
2020/11/11,25.02,26.14,24.82,25.57,11975789,109062000.00
2020/11/12,25.81,26.00,24.93,25.35,6631989,59457404.00
2020/11/13,25.81,25.81,24.85,25.18,5139350,45830888.00
2020/11/16,25.02,26.47,24.96,26.22,14546327,134250336.00
2020/11/17,25.95,26.00,25.26,25.54,8337548,75891696.00
2020/11/18,25.57,26.91,25.57,26.44,17780603,167054864.00
2020/11/19,26.44,26.75,25.95,26.39,10683858,99850960.00
2020/11/20,26.36,26.42,25.73,26.06,7510188,69298328.00
2020/11/23,26.11,26.14,25.32,25.43,7752330,70829608.00
2020/11/24,25.40,25.70,25.21,25.59,4782505,43325532.00
2020/11/25,25.73,27.18,25.59,26.31,16951875,159762528.00
2020/11/26,26.50,26.80,25.90,26.47,11535598,108345168.00
2020/11/27,26.64,27.16,26.14,26.64,8909989,84081072.00
2020/11/30,26.91,26.91,25.59,25.81,9551503,89442784.00
2020/12/01,25.35,25.76,25.32,25.70,6770061,61514152.00
2020/12/02,25.70,25.92,25.51,25.59,4476328,40798264.00
2020/12/03,25.40,25.65,25.29,25.40,4445520,40189564.00
2020/12/04,25.43,25.62,25.32,25.51,2814161,25521424.00
2020/12/07,25.35,26.25,25.32,26.22,8316063,76717456.00
2020/12/08,26.61,26.61,25.51,25.54,5843763,53695492.00
2020/12/09,25.40,25.81,24.66,24.66,6340226,56786076.00
2020/12/10,24.61,25.04,24.44,24.50,4150669,36403476.00
2020/12/11,24.58,24.61,23.56,24.08,6002227,51153728.00
2020/12/14,24.03,24.22,23.84,24.03,2131218,18189292.00
2020/12/15,23.97,24.00,23.70,23.81,1993371,16848460.00
2020/12/16,23.75,23.89,23.56,23.62,1730613,14544603.00
2020/12/17,23.45,23.62,22.68,23.07,5076184,41714988.00
2020/12/18,23.62,23.62,22.66,22.90,4286623,34916412.00
2020/12/21,22.49,23.10,22.49,22.88,2906560,23522918.00
2020/12/22,22.88,23.04,22.63,22.71,2791853,22560836.00
2020/12/23,22.63,22.90,22.63,22.77,1871215,15070711.00
2020/12/24,22.82,22.88,21.72,21.75,4571366,35800920.00
2020/12/25,21.56,22.08,21.53,21.78,2201876,17035144.00
2020/12/28,21.75,21.89,21.01,21.15,3120862,23560424.00
2020/12/29,21.12,21.83,21.12,21.64,2307783,17610324.00
2020/12/30,21.64,21.72,21.56,21.59,1419850,10879962.00
2020/12/31,21.86,21.97,21.56,21.86,1708406,13207381.00
2021/01/04,21.89,22.90,21.78,22.74,5410723,43102060.00
2021/01/05,22.60,22.82,22.41,22.41,2742344,21877136.00
2021/01/06,22.52,22.68,21.97,22.08,2698336,21225416.00
2021/01/07,21.83,22.05,20.98,21.23,3644928,27471994.00
2021/01/08,21.07,21.86,20.32,21.70,3119675,23438136.00
2021/01/11,21.70,22.03,20.87,20.87,2871175,21605936.00
2021/01/12,20.76,21.31,20.65,20.96,1821984,13511610.00
2021/01/13,20.87,20.87,19.04,19.64,9580849,66936640.00
2021/01/14,19.36,19.80,19.14,19.36,6406341,44038328.00
2021/01/15,19.45,20.11,19.28,19.67,5885738,40856496.00
2021/01/18,19.89,20.22,19.72,19.86,4036364,28410840.00
2021/01/19,19.78,20.13,19.78,19.94,5238235,36883236.00
2021/01/20,19.83,20.19,19.69,20.08,3969015,27975314.00
2021/01/21,20.00,20.08,19.89,19.91,4109696,28943444.00
2021/01/22,19.83,20.05,19.50,19.75,3287119,22897214.00
2021/01/25,21.67,21.67,20.74,21.67,16886036,129152512.00
2021/01/26,21.45,22.60,20.54,21.75,21477035,161982752.00
2021/01/27,21.31,21.50,20.71,21.04,9456418,70252888.00
2021/01/28,20.82,21.29,20.46,20.96,4630015,34248656.00
2021/01/29,20.96,21.18,20.27,20.27,4610529,33651204.00
2021/02/01,20.32,20.79,20.11,20.49,3205337,23183370.00
2021/02/02,20.74,20.74,20.38,20.41,2500531,18112036.00
2021/02/03,20.54,20.54,19.97,20.00,3218218,22940632.00
2021/02/04,19.75,20.79,19.47,20.68,6072608,43257016.00
2021/02/05,20.90,21.15,20.11,20.82,5591888,40872880.00
2021/02/08,20.82,21.01,20.43,20.49,2964148,21624200.00
2021/02/09,20.24,20.68,20.24,20.46,2831766,20483332.00
2021/02/10,20.41,20.57,20.27,20.46,2230729,16101552.00
2021/02/18,20.60,21.48,20.60,21.23,5058165,37909896.00
2021/02/19,21.26,21.70,21.01,21.67,3528154,26766144.00
2021/02/22,21.72,22.19,21.31,21.53,5330573,41160932.00
2021/02/23,21.78,21.78,21.29,21.50,3323862,25292282.00
2021/02/24,21.64,22.03,21.50,21.92,4759061,36768160.00
2021/02/25,21.92,22.77,21.64,22.71,7450289,58936168.00
2021/02/26,22.41,22.52,22.05,22.25,4595105,36239712.00
2021/03/01,22.19,22.41,22.08,22.27,3115170,24512776.00
2021/03/02,22.30,22.52,21.83,22.30,4021277,31621964.00
2021/03/03,22.27,22.41,22.11,22.16,3288746,25860448.00
2021/03/04,22.05,22.33,21.81,21.89,3472960,27249576.00
2021/03/05,22.08,22.99,21.89,22.85,7181716,57706576.00
2021/03/08,22.99,22.99,22.36,22.38,5033161,40458104.00
2021/03/09,22.36,23.10,22.08,22.66,5893512,47319656.00
2021/03/10,22.41,22.49,21.34,21.48,6004155,46283596.00
2021/03/11,21.42,22.22,21.37,21.75,4120904,31889048.00
2021/03/12,21.89,22.14,21.61,21.92,2878949,22307966.00
2021/03/15,22.05,23.07,21.92,22.60,7210272,57794048.00
2021/03/16,22.68,23.04,22.38,22.93,4837864,39000080.00
2021/03/17,22.99,23.07,22.60,22.66,3320870,26724656.00
2021/03/18,22.60,22.79,22.44,22.71,2673998,21439300.00
2021/03/19,22.68,22.82,22.33,22.57,2949576,23579184.00
2021/03/22,22.71,22.90,22.47,22.88,2952507,23827288.00
2021/03/23,22.96,22.96,22.47,22.57,3023856,24203628.00
2021/03/24,22.44,23.10,22.44,22.68,3180687,25771084.00
2021/03/25,22.93,23.04,22.55,22.99,3477954,28164536.00
2021/03/26,22.90,23.21,22.85,23.21,3553346,29007492.00
2021/03/29,23.51,23.75,22.57,22.63,6749440,55002812.00
2021/03/30,22.88,23.51,22.68,22.96,7542244,61680336.00
2021/03/31,22.68,23.12,22.30,23.12,5305453,42945032.00
2021/04/01,22.57,22.82,22.19,22.52,6079998,48663828.00
2021/04/02,22.52,22.68,22.38,22.55,3236615,25876000.00
2021/04/06,22.55,23.04,22.33,23.01,4530359,36790596.00
2021/04/07,22.96,23.12,22.88,23.10,4602505,37573488.00
2021/04/08,23.21,23.21,22.68,22.82,4689782,37981652.00
2021/04/09,23.43,24.91,22.96,23.15,15845137,133576080.00
2021/04/12,23.51,23.78,23.07,23.29,8211000,68161744.00
2021/04/13,22.93,23.67,22.93,23.23,7372554,61025532.00
2021/04/14,23.29,23.75,23.21,23.73,6772265,56432288.00
2021/04/15,23.73,23.81,23.34,23.45,4414176,36828540.00
2021/04/16,23.62,23.84,23.45,23.75,4050845,34052132.00
2021/04/19,23.73,24.17,23.67,24.08,5501876,46900128.00
2021/04/20,24.08,24.22,23.84,24.00,3888026,33206048.00
2021/04/21,23.97,24.36,23.92,24.11,3984544,34189696.00
2021/04/22,24.22,24.33,23.75,23.92,3801594,32367504.00
2021/04/23,23.95,24.00,23.40,23.67,3983670,33305732.00
2021/04/26,23.51,23.56,22.38,22.52,8743491,70766168.00
2021/04/27,22.30,22.63,21.37,21.50,7864217,60492220.00
2021/04/28,21.39,21.75,21.12,21.39,4467283,33836488.00
2021/04/29,21.12,21.56,21.12,21.37,2812212,21281274.00
2021/04/30,21.31,21.50,20.68,20.96,3747995,27790382.00
2021/05/06,20.96,21.23,20.82,21.07,2912311,21745176.00
2021/05/07,20.96,21.23,20.93,21.04,2599394,19354008.00
2021/05/10,21.04,21.07,20.76,20.82,2572182,18966176.00
2021/05/11,20.93,20.98,20.71,20.96,2572999,18960278.00
2021/05/12,20.98,22.30,20.87,21.64,6044527,45925356.00
2021/05/13,21.70,22.16,21.59,21.78,5917090,45965040.00
2021/05/14,21.70,22.19,21.67,22.11,3683874,28806244.00
2021/05/17,22.27,22.27,21.81,22.00,3681532,28682312.00
2021/05/18,22.03,22.41,21.94,22.36,4359354,34335272.00
2021/05/19,22.49,23.07,22.30,22.42,5102752,28831484.00
2021/05/20,21.92,22.11,21.61,21.84,5462099,29828212.00
2021/05/21,21.88,22.88,21.88,22.30,5991183,33685792.00
2021/05/24,22.07,22.88,22.03,22.76,5647476,32070936.00
2021/05/25,22.72,22.76,22.42,22.53,4453856,25140148.00
2021/05/26,22.57,22.99,22.38,22.65,3670156,20855574.00
2021/05/27,22.65,22.88,22.49,22.68,2538694,14418587.00
2021/05/28,22.76,22.88,22.42,22.45,2588870,14615237.00
2021/05/31,22.49,22.49,21.95,22.26,3767957,20969500.00
2021/06/01,22.26,22.42,21.99,22.34,2940504,16376824.00
2021/06/02,22.34,22.49,22.11,22.19,2871273,16044364.00
2021/06/03,22.22,22.57,22.11,22.15,2859592,15987649.00
2021/06/04,22.11,22.26,21.99,22.11,2627011,14511060.00
2021/06/07,22.22,22.34,21.80,21.95,2930137,16106421.00
2021/06/08,21.88,22.30,21.88,22.11,3539838,19580690.00
2021/06/09,22.11,22.30,22.07,22.19,2687502,14897085.00
2021/06/10,22.22,22.26,22.03,22.26,2750429,15261913.00
2021/06/11,22.22,22.99,22.19,22.68,7433008,42315464.00
2021/06/15,22.88,22.92,22.42,22.84,4910813,27871512.00
2021/06/16,22.72,23.03,22.49,22.61,4432761,25194870.00
2021/06/17,22.57,22.80,22.22,22.26,3836146,21539496.00
2021/06/18,22.38,22.61,22.11,22.45,4689201,26257012.00
2021/06/21,22.42,22.80,22.26,22.76,4139058,23392412.00
2021/06/22,22.68,22.88,22.61,22.68,2734025,15569051.00
2021/06/23,22.61,22.76,22.34,22.45,3630798,20453148.00
2021/06/24,22.53,23.15,22.34,23.07,7812388,44849696.00
2021/06/25,23.41,23.84,22.61,22.61,10691190,62082592.00
2021/06/28,22.45,22.57,21.65,22.34,6469204,36007560.00
2021/06/29,22.15,22.53,21.92,21.99,3486744,19252552.00
2021/06/30,22.11,22.45,22.03,22.26,2823837,15670620.00
2021/07/01,22.11,22.30,22.03,22.11,2068807,11490139.00
2021/07/02,22.11,22.30,21.80,22.30,3680109,20256432.00
2021/07/05,22.15,23.72,22.15,23.26,9862537,56711132.00
2021/07/06,23.53,23.53,22.80,22.95,6041797,34905220.00
2021/07/07,23.07,23.30,22.68,22.99,5334617,30637132.00
2021/07/08,22.99,23.07,22.68,22.76,3223887,18475368.00
2021/07/09,22.76,22.99,22.57,22.95,2805402,15996776.00
2021/07/12,23.03,23.11,22.88,22.95,3518561,20239974.00
2021/07/13,22.99,23.15,22.72,22.84,5131661,29463544.00
2021/07/14,22.84,22.92,22.30,22.34,5312895,29977636.00
2021/07/15,22.34,22.34,21.88,22.22,3776274,20882506.00
2021/07/16,22.22,22.80,22.15,22.68,5265279,29658728.00
2021/07/19,22.65,22.65,22.07,22.26,2701964,15049228.00
2021/07/20,22.15,22.38,21.99,22.26,2083366,11557199.00
2021/07/21,22.22,22.72,22.15,22.45,3052430,17158596.00
2021/07/22,22.57,22.57,22.30,22.49,2532324,14239222.00
2021/07/23,22.53,22.53,21.92,22.03,3773566,20895812.00
2021/07/26,22.11,22.11,21.22,21.65,4164216,22542468.00
2021/07/27,22.11,22.19,21.26,21.38,3192797,17229932.00
2021/07/28,21.61,21.80,20.96,21.38,4051850,21706442.00
2021/07/29,21.38,21.65,21.22,21.38,3002531,16047343.00
2021/07/30,21.42,21.42,21.11,21.26,2113772,11215959.00
2021/08/02,20.84,23.03,20.84,22.19,9069711,49545540.00
2021/08/03,22.11,22.26,21.72,21.80,4399210,24181824.00
2021/08/04,21.76,22.07,21.53,21.95,2178700,11930538.00
2021/08/05,21.95,21.95,21.61,21.69,2241701,12184583.00
2021/08/06,21.84,21.84,21.34,21.57,1927694,10344685.00
2021/08/09,21.42,22.30,21.38,22.22,4942160,27224358.00
2021/08/10,22.11,22.38,22.07,22.19,2286605,12707047.00
2021/08/11,22.07,22.15,21.88,21.92,2821517,15506694.00
2021/08/12,21.84,22.34,21.80,22.26,3775268,20902384.00
2021/08/13,22.57,22.57,21.46,21.65,6246501,34067844.00
2021/08/16,21.65,21.69,21.30,21.38,7268523,38914444.00
2021/08/17,21.34,21.72,20.96,21.11,5120674,27281836.00
2021/08/18,20.99,21.84,20.99,21.65,6981831,37659004.00
2021/08/19,21.61,21.95,21.49,21.84,5779936,31464330.00
2021/08/20,21.84,22.03,21.57,21.92,3125060,17034324.00
2021/08/23,21.88,22.26,21.84,22.15,3811293,21081616.00
2021/08/24,22.19,22.30,22.03,22.26,4702733,26130260.00
2021/08/25,22.26,22.84,22.15,22.65,6780449,38351324.00
2021/08/26,22.61,23.41,22.57,23.03,11726546,67915224.00
2021/08/27,22.95,23.68,22.84,23.57,12425591,73287328.00
2021/08/30,23.57,23.68,22.92,23.07,8597950,49886960.00
2021/08/31,22.99,23.84,22.92,23.22,7875704,45953184.00
2021/09/01,23.41,23.53,22.95,23.45,6887941,40261776.00
2021/09/02,23.61,23.68,22.99,23.61,6187231,36374696.00
2021/09/03,23.38,24.11,23.38,23.72,6567226,39115760.00
2021/09/06,23.68,23.99,23.41,23.80,5749258,34206552.00
2021/09/07,23.84,24.57,23.72,24.37,10797142,65878504.00
2021/09/08,24.37,24.68,24.18,24.41,6718421,41179528.00
2021/09/09,24.41,24.61,24.18,24.45,5414623,33112324.00
2021/09/10,24.49,24.53,23.84,23.99,8094891,49046804.00
2021/09/13,24.03,24.45,23.76,24.26,6190762,37733060.00
2021/09/14,24.45,24.45,23.84,23.91,6212270,37547396.00
2021/09/15,23.72,24.30,23.72,24.14,5007129,30146344.00
2021/09/16,24.22,24.37,23.76,23.80,5367409,32447768.00
2021/09/17,23.65,24.14,23.38,24.03,5756764,34343000.00
2021/09/22,23.76,23.99,23.45,23.84,4474626,26603280.00
2021/09/23,23.84,24.34,23.84,23.99,4374983,26424708.00
2021/09/24,23.95,24.07,23.15,23.18,4933572,29053692.00
2021/09/27,23.26,23.26,21.95,22.19,7124929,40076964.00
2021/09/28,22.15,22.38,21.92,22.22,3563780,19723356.00
2021/09/29,22.03,22.38,21.65,21.65,4583269,25111336.00
2021/09/30,21.65,22.26,21.65,22.15,3461214,18973496.00
2021/10/08,22.22,22.92,22.22,22.76,4104255,23322934.00
2021/10/11,22.65,22.80,22.19,22.26,4390278,24557224.00
2021/10/12,22.26,22.38,21.46,21.69,5716966,31096384.00
2021/10/13,21.72,21.84,21.22,21.49,8571882,45959236.00
2021/10/14,21.61,22.11,21.38,21.95,5439413,29636956.00
2021/10/15,21.95,21.95,21.65,21.76,3899583,21261436.00
2021/10/18,21.84,21.95,21.65,21.88,3704545,20209808.00
2021/10/19,21.92,23.15,21.80,22.99,14985838,85393344.00
2021/10/20,22.88,22.92,22.11,22.26,9482468,53182948.00
2021/10/21,22.34,22.45,21.80,21.92,4259603,23609718.00
2021/10/22,21.88,22.11,21.42,21.46,4681528,25389540.00
2021/10/25,21.46,21.46,20.57,20.96,6712351,34966300.00
2021/10/26,20.80,21.11,20.73,20.76,4754003,24782592.00
2021/10/27,20.73,20.76,20.23,20.53,6172248,31524534.00
2021/10/28,20.49,20.84,20.46,20.53,5173365,26624276.00
2021/10/29,20.57,20.88,20.57,20.69,4121991,21333184.00
2021/11/01,20.61,20.96,20.61,20.73,4323870,22418896.00
2021/11/02,20.76,20.88,20.30,20.49,4329127,22214552.00
2021/11/03,20.42,20.69,20.42,20.65,2569262,13179876.00
2021/11/04,20.61,20.96,20.61,20.92,3201472,16630668.00
2021/11/05,20.88,21.07,20.80,20.99,3394443,17768214.00
2021/11/08,21.22,21.30,20.84,20.96,2812088,14704864.00
2021/11/09,21.11,21.22,20.96,21.11,2687203,14151176.00
2021/11/10,21.07,21.46,20.92,21.42,3251583,17178050.00
2021/11/11,21.42,21.76,21.34,21.72,3586293,19366712.00
2021/11/12,21.53,21.88,21.53,21.80,3752481,20405776.00
2021/11/15,21.80,21.99,21.61,21.88,4549841,24845986.00
2021/11/16,21.95,21.95,21.49,21.49,3809625,20632076.00
2021/11/17,21.49,21.88,21.49,21.80,3396321,18451684.00
2021/11/18,21.76,21.92,21.57,21.57,2993853,16273804.00
2021/11/19,21.72,22.19,21.57,22.03,4947989,27126048.00
2021/11/22,22.11,22.11,21.80,21.80,2944662,16114160.00
2021/11/23,21.88,21.99,21.69,21.92,4399487,24047536.00
2021/11/24,21.80,21.99,21.61,21.80,2636585,14348743.00
2021/11/25,21.76,22.19,21.69,21.88,3560817,19494310.00
2021/11/26,21.92,21.95,21.69,21.92,2838784,15470267.00
2021/11/29,21.80,21.80,21.49,21.61,3176878,17150372.00
2021/11/30,21.61,22.45,21.57,22.19,8254326,45634344.00
2021/12/01,22.03,22.30,21.92,22.26,4891847,27155216.00
2021/12/02,22.22,22.57,22.11,22.34,4225736,23629030.00
2021/12/03,22.42,22.95,22.22,22.45,4924547,27776412.00
2021/12/06,22.42,22.84,22.15,22.19,5855365,33017338.00
2021/12/07,22.38,22.99,21.99,22.26,9371815,52534168.00
2021/12/08,22.26,22.38,21.95,22.07,5600373,30989172.00
2021/12/09,22.19,23.26,22.07,22.53,7862183,44647696.00
2021/12/10,22.49,22.76,22.38,22.45,4554327,25661960.00
2021/12/13,22.72,22.72,22.22,22.30,3907908,21898876.00
2021/12/14,22.34,22.76,22.22,22.61,4895097,27596544.00
2021/12/15,22.61,23.07,22.38,22.57,8028131,45462936.00
2021/12/16,22.61,22.68,22.45,22.65,5080928,28758164.00
2021/12/17,22.65,22.76,22.45,22.53,3756663,21203016.00
2021/12/20,22.42,22.88,22.30,22.76,7717317,43864060.00
2021/12/21,22.68,23.30,22.57,23.15,8342629,48156916.00
2021/12/22,23.15,23.30,22.92,23.11,4125420,23852164.00
2021/12/23,23.03,23.11,22.61,22.68,4436147,25335164.00
2021/12/24,22.57,22.84,22.19,22.30,4664692,26271364.00
2021/12/27,22.22,22.68,22.03,22.57,5571393,31257418.00
2021/12/28,22.61,23.18,22.53,23.11,7726563,44424920.00
2021/12/29,23.11,23.49,22.68,22.76,4624651,26479058.00
2021/12/30,22.95,23.41,22.68,23.30,6957643,40414804.00
2021/12/31,23.34,23.41,23.03,23.11,4856401,28209912.00
2022/01/04,23.22,23.65,23.11,23.53,7736575,45436644.00
2022/01/05,23.65,23.65,23.18,23.30,5846404,34277780.00
2022/01/06,23.34,23.57,23.22,23.34,4881313,28643088.00
2022/01/07,23.30,24.03,23.07,23.18,9040892,53306576.00
2022/01/10,23.07,23.76,22.99,23.72,8177545,48358052.00
2022/01/11,23.72,23.99,23.49,23.61,5743219,34200956.00
2022/01/12,23.53,23.88,23.49,23.65,3942791,23340414.00
2022/01/13,23.57,24.03,23.57,23.68,5218580,31155620.00
2022/01/14,23.68,23.84,23.18,23.22,6210832,36484328.00
2022/01/17,23.30,25.45,23.30,25.45,31481634,195374224.00
2022/01/18,26.22,27.22,24.49,25.30,65642763,429589536.00
2022/01/19,24.64,27.76,24.37,27.76,48352543,321851872.00
2022/01/20,29.45,29.45,25.87,26.22,64972363,447440128.00
2022/01/21,25.07,25.83,24.45,24.80,37544590,236575696.00
2022/01/24,24.68,25.41,24.14,25.07,22246231,138850560.00
2022/01/25,24.68,24.68,22.65,22.88,26047463,154351696.00
2022/01/26,22.68,23.72,22.68,23.26,16636165,96740936.00
2022/01/27,23.38,23.53,21.99,22.19,16223119,91317000.00
2022/01/28,22.26,22.76,22.03,22.42,10048476,56452836.00
2022/02/07,22.80,24.57,22.61,24.57,32514430,196411360.00
2022/02/08,24.84,25.37,24.14,25.10,43381671,271346720.00
2022/02/09,25.26,25.64,24.72,25.22,28149488,178729440.00
2022/02/10,25.41,26.10,25.07,25.60,25273732,161581312.00
2022/02/11,25.03,25.53,24.64,24.80,21566037,135362448.00
2022/02/14,24.64,25.64,24.64,25.37,24635534,156613616.00
2022/02/15,25.30,25.87,24.80,25.64,27492049,176307088.00
2022/02/16,25.64,26.41,25.30,26.30,37235037,242580800.00
2022/02/17,26.03,26.03,25.10,25.37,26852073,172071440.00
2022/02/18,25.07,25.76,24.87,25.60,22526760,144148448.00
2022/02/21,25.41,26.07,25.34,25.99,22324021,144355952.00
2022/02/22,25.76,25.99,25.18,25.53,20090590,129237032.00
2022/02/23,25.60,25.68,25.07,25.22,16413816,104170376.00
2022/02/24,25.22,25.80,23.95,24.61,26861527,167893200.00
2022/02/25,24.68,25.68,24.64,24.72,18978032,119561280.00
2022/02/28,24.76,26.60,24.57,25.60,25410525,162954864.00
2022/03/01,25.45,26.33,25.37,26.14,26040322,170034544.00
2022/03/02,25.83,26.37,25.72,26.10,16386564,107544536.00
2022/03/03,26.45,26.56,25.87,25.99,11965240,78476416.00
2022/03/04,25.95,25.99,25.22,25.30,13538016,86714960.00
2022/03/07,25.37,25.72,25.18,25.37,13479716,86417544.00
2022/03/08,25.45,25.57,24.72,24.80,14269103,90051416.00
2022/03/09,24.99,25.10,23.34,24.49,17131314,104699872.00
2022/03/10,24.76,25.64,24.57,25.30,16724226,105877408.00
2022/03/11,24.87,24.95,23.88,24.64,18240548,111552704.00
2022/03/14,24.49,25.03,23.99,24.07,14851286,91361688.00
2022/03/15,23.91,24.03,22.45,22.49,16519442,96289872.00
2022/03/16,22.68,23.68,22.07,23.57,15640461,89975064.00
2022/03/17,23.91,25.30,23.65,24.41,21568538,131740432.00
2022/03/18,24.41,26.76,24.18,26.76,29565003,195786400.00
2022/03/21,28.83,29.33,26.80,29.33,95278457,678064896.00
2022/03/22,30.06,32.17,28.14,28.18,158576272,1235704576.00
2022/03/23,26.37,29.25,26.30,27.26,100075138,692103872.00
2022/03/24,27.26,27.64,25.80,26.22,68700614,456729472.00
2022/03/25,25.83,26.76,25.83,25.91,43793938,289144896.00
2022/03/28,25.60,26.49,25.57,26.18,33135390,217965664.00
2022/03/29,25.99,27.22,25.91,26.72,42503633,284408352.00
2022/03/30,26.72,27.60,26.41,27.06,47875784,326207232.00
2022/03/31,26.91,28.33,26.76,27.53,49882018,347972320.00
2022/04/01,27.10,27.68,26.53,26.56,33255597,225209344.00
2022/04/06,26.76,27.37,26.45,27.03,25036282,169727856.00
2022/04/07,27.06,27.68,26.56,26.64,24836497,168814736.00
2022/04/08,26.60,28.52,26.60,27.49,42582319,294330624.00
2022/04/11,27.49,27.99,26.68,26.95,37069157,255195984.00
2022/04/12,26.37,28.10,26.26,27.83,37802623,259315552.00
2022/04/13,27.33,27.41,25.91,26.22,32159494,214489616.00
2022/04/14,25.83,26.87,25.60,25.64,23570435,154891632.00
2022/04/15,25.68,26.03,24.76,24.99,23445255,148709568.00
2022/04/18,24.87,25.95,24.84,25.72,16114096,103811000.00
2022/04/19,25.60,26.03,25.53,25.95,11120292,72273960.00
2022/04/20,26.03,26.60,25.68,25.83,14960596,98309880.00
2022/04/21,25.80,26.10,24.72,24.84,17440899,110948136.00
2022/04/22,24.84,25.60,24.53,25.18,13549016,85849280.00
2022/04/25,25.07,25.07,23.07,23.11,19575183,117624864.00
2022/04/26,23.30,23.91,22.57,22.76,18314117,107083904.00
2022/04/27,22.68,23.65,22.42,23.57,17901871,103563024.00
2022/04/28,23.11,24.68,22.15,24.18,28331393,166156864.00
2022/04/29,23.76,24.64,23.57,24.41,25975873,158061616.00
2022/05/05,24.18,24.18,22.45,23.22,29218438,169602912.00
2022/05/06,22.49,22.61,20.99,21.26,29847323,161567792.00
2022/05/09,21.72,23.30,21.53,23.30,18444643,104995552.00
2022/05/10,23.76,25.07,22.53,24.68,50999184,310856608.00
2022/05/11,24.61,27.06,23.76,25.45,61951840,391797824.00
2022/05/12,25.83,27.91,25.45,27.91,103923641,713411456.00
2022/05/13,30.60,30.60,27.95,28.33,140880265,1060091776.00
2022/05/16,26.68,29.48,26.33,29.33,96454666,672914048.00
2022/05/17,29.95,32.14,26.53,30.68,101868768,749007296.00
2022/05/18,30.44,30.44,28.14,29.75,76032736,561507904.00
2022/05/19,30.06,32.63,28.83,28.98,113449388,881581952.00
2022/05/20,29.87,30.68,27.37,27.83,82855994,595131136.00
2022/05/23,27.37,27.37,26.22,26.64,48393616,324060992.00
2022/05/24,26.99,26.99,24.45,24.49,49226464,315907040.00
2022/05/25,24.14,24.84,24.11,24.64,28313818,174539328.00
2022/05/26,24.45,25.22,24.34,24.53,25797836,160290368.00
2022/05/27,24.53,25.83,24.49,25.34,35121298,221895184.00
2022/05/30,25.07,25.26,24.34,24.64,23084406,143274928.00
2022/05/31,24.68,24.68,24.26,24.61,15095600,92631152.00
2022/06/01,24.61,24.76,24.14,24.34,15135038,92849440.00
2022/06/02,24.34,24.57,23.84,24.49,14860672,90382760.00
2022/06/06,24.45,24.80,24.34,24.80,17439906,107655384.00
2022/06/07,25.05,25.69,24.82,25.14,19184331,100367888.00
2022/06/08,24.95,24.95,23.71,24.17,32058752,161558368.00
2022/06/09,23.89,24.17,23.39,23.62,18794536,92403880.00
2022/06/10,23.52,23.94,23.39,23.71,11464172,56200320.00
2022/06/13,23.71,23.85,23.29,23.71,11840447,57623468.00
2022/06/14,23.34,23.71,22.88,23.71,13069837,63202464.00
2022/06/15,23.62,23.94,23.48,23.62,15374787,75411952.00
2022/06/16,23.52,23.85,23.52,23.62,9585078,46848592.00
2022/06/17,23.39,25.41,23.25,24.49,31673767,159210400.00
2022/06/20,24.35,24.77,24.17,24.49,14835464,75140696.00
2022/06/21,24.58,24.91,24.17,24.45,14554038,73910784.00
2022/06/22,24.45,24.58,24.03,24.03,10662850,53588640.00
2022/06/23,23.94,24.26,23.80,24.22,9796109,48743988.00
2022/06/24,24.22,24.95,24.08,24.63,18252940,92988952.00
2022/06/27,24.63,25.46,24.54,24.72,13490025,69565808.00
2022/06/28,24.63,24.95,24.45,24.82,10513434,53761188.00
2022/06/29,24.72,25.09,24.54,24.58,15218051,78328864.00
2022/06/30,24.58,24.91,24.40,24.58,11053584,56273872.00
2022/07/01,24.54,24.72,24.26,24.49,8387500,42596884.00
2022/07/04,24.45,24.49,24.26,24.49,6999733,35301032.00
2022/07/05,24.49,24.49,23.80,24.03,9485038,47233540.00
2022/07/06,23.85,23.99,23.48,23.71,8567286,41915224.00
2022/07/07,23.75,23.89,23.57,23.62,5935805,29027786.00
2022/07/08,23.62,23.94,23.62,23.80,6669364,32809868.00
2022/07/11,23.75,23.99,23.52,23.94,7087579,34854248.00
2022/07/12,23.89,24.22,23.75,23.85,9538406,47268416.00
2022/07/13,23.85,24.31,23.75,24.26,10422568,52090000.00
2022/07/14,24.22,24.22,23.85,24.12,8469669,42032908.00
2022/07/15,24.03,24.03,23.39,23.39,11984562,58454504.00
2022/07/18,23.43,25.09,23.43,24.40,21992386,111027048.00
2022/07/19,24.63,25.05,24.40,24.63,10741976,54712944.00
2022/07/20,24.77,25.00,24.68,24.95,13221425,68104392.00
2022/07/21,25.05,25.05,24.54,24.54,10271095,52612800.00
2022/07/22,24.63,24.82,24.45,24.63,7957094,40611940.00
2022/07/25,24.63,24.86,24.26,24.54,6593820,33476288.00
2022/07/26,24.58,24.72,24.17,24.54,6349250,32068294.00
2022/07/27,24.40,24.72,24.35,24.40,5810091,29477314.00
2022/07/28,24.45,24.63,24.31,24.40,8250201,41631948.00
2022/07/29,24.40,24.54,23.80,23.89,9294607,46362184.00
2022/08/01,23.85,23.99,23.62,23.75,5918486,28999904.00
2022/08/02,23.62,23.66,22.42,22.51,16366893,76922128.00
2022/08/03,22.37,22.97,21.96,22.00,11210062,51807384.00
2022/08/04,22.14,22.42,22.00,22.42,6948070,31858064.00
2022/08/05,22.42,22.51,22.14,22.51,5592027,25763994.00
2022/08/08,22.56,22.56,22.14,22.51,5962390,27493688.00
2022/08/09,22.46,22.46,22.28,22.33,4440357,20430540.00
2022/08/10,22.23,22.37,22.19,22.33,3984420,18286896.00
2022/08/11,22.33,22.79,22.33,22.74,7457816,34869460.00
2022/08/12,22.69,22.88,22.56,22.74,4939893,23161468.00
2022/08/15,22.69,22.79,22.51,22.74,5197637,24282456.00
2022/08/16,22.69,22.97,22.65,22.88,4863183,22871592.00
2022/08/17,22.83,22.97,22.65,22.88,4732022,22243096.00
2022/08/18,22.83,22.83,22.56,22.74,4475589,20916548.00
2022/08/19,22.60,22.88,22.56,22.60,5084023,23828868.00
2022/08/22,22.51,23.34,22.33,23.11,9617506,45527596.00
2022/08/23,23.06,23.29,22.83,23.20,6104403,29000736.00
2022/08/24,23.25,23.25,22.56,22.65,5188244,24367712.00
2022/08/25,22.79,22.83,22.33,22.56,5260839,24407524.00
2022/08/26,22.46,22.69,22.28,22.33,4335248,20071884.00
2022/08/29,22.10,22.65,22.00,22.60,5718306,26338506.00
2022/08/30,22.74,22.97,22.46,22.56,6467308,30259916.00
2022/08/31,22.65,22.65,22.05,22.14,6649830,30450304.00
2022/09/01,22.19,22.69,22.19,22.42,6460468,29964812.00
2022/09/02,22.42,22.74,22.42,22.74,5186207,24162512.00
2022/09/05,22.88,24.91,22.74,23.89,43764743,218423376.00
2022/09/06,23.99,24.17,23.48,23.85,23597655,115860392.00
2022/09/07,23.66,24.63,23.66,24.35,20875248,104737904.00
2022/09/08,24.40,24.86,24.22,24.26,9948053,50212076.00
2022/09/09,24.40,24.54,24.08,24.17,8808620,44256192.00
2022/09/13,24.22,24.49,23.99,24.08,8038494,40231428.00
2022/09/14,23.89,24.12,23.71,23.94,6296200,31132960.00
2022/09/15,24.12,24.31,23.48,23.80,7762987,38218760.00
2022/09/16,23.80,23.80,22.79,22.79,11536794,55176380.00
2022/09/19,22.83,22.88,22.33,22.51,6596621,30663138.00
2022/09/20,22.69,22.88,22.42,22.51,6184972,28816068.00
2022/09/21,22.60,22.83,22.19,22.65,6169878,28661104.00
2022/09/22,22.56,22.79,22.23,22.23,5574777,25783988.00
2022/09/23,22.33,22.42,21.73,21.86,6961340,31558214.00
2022/09/26,21.77,21.96,21.22,21.27,7984162,35409576.00
2022/09/27,21.31,21.73,21.08,21.68,5046459,22255028.00
2022/09/28,21.68,21.68,21.22,21.22,5149795,22652948.00
2022/09/29,21.36,22.97,21.27,22.56,17541979,80131744.00
2022/09/30,22.42,23.02,22.23,22.74,13377880,62578528.00
2022/10/10,22.69,23.11,22.23,22.28,7787291,36282920.00
2022/10/11,22.46,22.56,22.00,22.42,5100270,23434796.00
2022/10/12,22.83,22.83,22.23,22.83,4679497,21746228.00
2022/10/13,22.79,23.16,22.56,23.02,6392043,30212454.00
2022/10/14,22.83,23.25,22.83,23.06,6268690,29911332.00
2022/10/17,23.11,23.39,23.06,23.34,4756846,22828756.00
2022/10/18,23.29,23.48,22.93,23.02,5488384,26214032.00
2022/10/19,23.06,23.06,22.79,22.93,4542946,21474452.00
2022/10/20,22.79,23.16,22.65,22.93,4500537,21290168.00
2022/10/21,22.93,23.20,22.83,22.97,4228824,20093398.00
2022/10/24,23.11,23.16,22.14,22.33,6635600,30958864.00
2022/10/25,22.33,22.79,22.00,22.51,5036949,23336560.00
2022/10/26,22.42,22.88,22.23,22.23,11147833,51681452.00
2022/10/27,22.23,22.56,22.23,22.37,6684410,30922360.00
2022/10/28,22.28,22.42,21.50,21.68,9254903,41716432.00
2022/10/31,21.63,23.62,21.59,22.79,15590617,73366848.00
2022/11/01,23.02,23.06,22.65,23.06,6599731,31193358.00
2022/11/02,23.20,24.08,22.88,23.62,11459339,55507104.00
2022/11/03,23.43,23.57,23.16,23.43,6224098,30123440.00
2022/11/04,23.43,23.75,23.34,23.48,5106605,24809152.00
2022/11/07,23.48,23.71,23.20,23.66,6367921,30925316.00
2022/11/08,23.57,23.71,23.29,23.57,5056498,24531756.00
2022/11/09,23.62,23.71,23.39,23.57,3313085,16111845.00
2022/11/10,23.43,23.71,23.39,23.52,5909119,28777316.00
2022/11/11,23.80,24.63,23.71,24.03,13876554,69245984.00
2022/11/14,24.12,24.49,23.99,23.99,8402896,42064724.00
2022/11/15,24.26,24.31,24.03,24.17,6544843,32680474.00
2022/11/16,24.12,24.49,24.03,24.12,7531967,37767656.00
2022/11/17,24.12,24.26,23.99,24.12,4531734,22586928.00
2022/11/18,24.12,24.17,23.66,23.71,7801170,38571640.00
2022/11/21,23.71,23.80,23.43,23.71,5999121,29324562.00
2022/11/22,23.89,24.08,23.62,23.66,6656076,32740140.00
2022/11/23,23.66,24.26,23.48,23.89,10483952,51893904.00
2022/11/24,23.71,24.35,23.66,23.85,8333571,41354596.00
2022/11/25,23.80,24.17,23.75,24.03,7043235,34994356.00
2022/11/28,23.85,24.03,23.48,23.71,7850177,38394740.00
2022/11/29,23.85,24.31,23.75,24.22,11736352,58672792.00
2022/11/30,24.45,24.54,23.89,24.03,8360044,41761296.00
2022/12/01,24.12,24.17,23.57,23.57,10885030,53449584.00
2022/12/02,23.57,23.71,23.34,23.57,10075658,48911644.00
2022/12/05,23.80,24.22,23.71,23.94,9171945,45388684.00
2022/12/06,23.99,24.03,23.43,23.48,7374244,36075228.00
2022/12/07,23.39,23.48,23.11,23.29,7265406,34929424.00
2022/12/08,23.29,23.29,22.74,22.83,9761737,46218460.00
2022/12/09,22.88,23.25,22.65,22.83,8777558,41427992.00
2022/12/12,22.83,23.06,22.74,22.93,6598061,31142120.00
2022/12/13,22.88,22.93,22.65,22.79,4992020,23449548.00
2022/12/14,22.79,22.83,22.46,22.51,4533136,21162206.00
2022/12/15,22.51,22.83,22.51,22.69,4949091,23190574.00
2022/12/16,22.69,22.93,22.51,22.56,4912309,22989088.00
2022/12/19,22.56,22.65,22.00,22.33,7128555,32648308.00
2022/12/20,22.10,22.46,22.05,22.23,4917024,22562808.00
2022/12/21,22.42,22.42,22.00,22.05,3693132,16831504.00
2022/12/22,22.28,22.28,21.82,21.82,4864529,22034052.00
2022/12/23,21.82,22.14,21.73,21.91,6915264,31125604.00
2022/12/26,21.96,22.14,21.82,21.96,4919064,22254244.00
2022/12/27,22.00,22.28,21.86,22.05,5285680,24037284.00
2022/12/28,22.14,22.14,21.73,21.82,4757956,21402268.00
2022/12/29,22.00,23.02,21.96,22.42,18876692,87350416.00
2022/12/30,22.28,22.42,22.14,22.33,11064772,50707280.00
2023/01/03,22.23,22.74,22.23,22.56,8164764,37920972.00
2023/01/04,22.60,22.88,22.33,22.56,8743712,40851832.00
2023/01/05,22.74,22.74,22.28,22.37,6540711,30182994.00
2023/01/06,22.42,22.46,22.05,22.10,6313190,28950344.00
2023/01/09,22.14,22.28,22.14,22.19,4116488,18825722.00
2023/01/10,22.14,22.37,22.00,22.23,4793356,21895590.00
2023/01/11,22.23,22.37,22.05,22.05,4403488,20161788.00
2023/01/12,22.05,22.33,21.86,22.05,5518282,25014156.00
2023/01/13,21.96,22.28,21.91,22.19,5080376,23121628.00
2023/01/16,22.19,22.56,22.14,22.42,7270199,33487140.00
2023/01/17,22.51,22.60,22.19,22.23,3436850,15814317.00
2023/01/18,22.28,22.37,22.19,22.33,3941060,18088520.00
2023/01/19,22.28,22.46,22.23,22.37,3259300,14997779.00
2023/01/20,22.37,22.51,22.33,22.51,3823295,17668894.00
2023/01/30,22.74,22.83,22.51,22.65,7024249,32742646.00
2023/01/31,22.65,22.74,22.42,22.74,6264788,29219064.00
2023/02/01,22.74,23.06,22.69,23.06,7171734,33846188.00
2023/02/02,23.06,23.16,22.79,22.93,7160346,33885724.00
2023/02/03,22.88,22.93,22.56,22.93,6476551,30401804.00
2023/02/06,22.93,23.16,22.74,23.06,6957144,33072638.00
2023/02/07,23.11,23.20,22.93,23.20,4538359,21613300.00
2023/02/08,23.25,23.25,22.93,22.97,5320264,25309516.00
2023/02/09,22.97,23.34,22.83,23.29,7902510,37819012.00
2023/02/10,23.29,23.57,23.20,23.52,7516270,36341496.00
2023/02/13,23.62,23.62,23.43,23.57,4992877,24269480.00
2023/02/14,23.66,23.66,23.25,23.39,7803945,37723420.00
2023/02/15,23.39,23.52,23.25,23.29,8216236,39612736.00
2023/02/16,23.29,23.39,22.56,22.74,9333183,44384432.00
2023/02/17,22.74,23.11,22.74,22.74,7323425,34651704.00
2023/02/20,22.97,23.11,22.79,23.11,5667528,26866006.00
2023/02/21,23.02,23.39,23.02,23.25,5645346,27052428.00
2023/02/22,23.20,23.29,23.06,23.16,3665923,17519524.00
2023/02/23,23.25,23.29,22.97,23.11,5700806,27186818.00
2023/02/24,23.11,23.20,22.93,22.97,4265424,20245510.00
2023/02/27,22.97,23.02,22.65,22.65,5067260,23854636.00
2023/02/28,22.69,23.11,22.60,23.11,6404405,30266464.00
2023/03/01,23.11,23.34,23.02,23.20,5070910,24292298.00
2023/03/02,23.20,23.39,23.11,23.29,8116276,38987236.00
2023/03/03,23.20,23.62,23.20,23.34,7830439,37889408.00
2023/03/06,23.43,23.57,23.11,23.16,8251595,39745180.00
2023/03/07,23.20,23.48,22.83,22.88,6995084,33446864.00
2023/03/08,22.88,23.11,22.83,23.06,3960463,18779932.00
2023/03/09,23.11,23.71,22.93,23.62,16117313,78065096.00
2023/03/10,23.48,23.52,23.16,23.25,8922522,42968796.00
2023/03/13,23.16,23.52,22.88,23.16,8141722,38892408.00
2023/03/14,23.20,23.20,22.69,22.93,7455156,35304196.00
2023/03/15,23.02,23.52,22.97,23.39,8215423,39573800.00
2023/03/16,23.39,23.52,23.06,23.11,5776564,27748312.00
2023/03/17,23.25,23.43,22.97,23.02,8172965,39172600.00
2023/03/20,23.06,23.34,22.79,22.83,8319005,39550560.00
2023/03/21,22.93,23.16,22.79,23.16,6455375,30635308.00
2023/03/22,23.25,23.62,23.06,23.43,9244146,44750992.00
2023/03/23,23.48,23.57,23.29,23.43,6331406,30615956.00
2023/03/24,23.29,23.48,22.97,23.11,7544516,36024196.00
2023/03/27,23.25,23.25,22.69,22.97,9737886,45937172.00
2023/03/28,22.93,22.97,22.65,22.74,6351732,29868524.00
2023/03/29,22.65,22.79,22.28,22.37,7569288,35070164.00
2023/03/30,22.37,22.46,22.00,22.10,7359166,33559852.00
2023/03/31,22.19,22.23,22.00,22.14,5405091,24631640.00
2023/04/03,22.23,22.23,22.00,22.19,6784980,30914556.00
2023/04/04,22.28,22.28,21.96,22.05,7728344,35188076.00
2023/04/06,22.00,22.14,21.82,22.10,5493143,24887158.00
2023/04/07,22.14,22.19,22.00,22.10,5131828,23319488.00
2023/04/10,22.14,22.23,21.63,21.68,10611430,47680396.00
2023/04/11,22.05,22.97,22.05,22.79,29592668,137782848.00
2023/04/12,22.83,23.57,22.79,23.16,21031059,100499112.00
2023/04/13,23.25,23.52,23.06,23.29,13740785,66148708.00
2023/04/14,23.29,23.57,23.20,23.43,11779650,56941592.00
2023/04/17,23.25,24.22,23.20,23.94,21883175,108389696.00
2023/04/18,23.85,24.08,23.75,23.94,11024433,54515704.00
2023/04/19,23.85,24.26,23.57,23.66,9170303,45169328.00
2023/04/20,23.71,23.94,23.34,23.85,9433041,46124320.00
2023/04/21,23.89,24.03,23.29,23.29,11340315,55296496.00
2023/04/24,23.29,23.89,23.16,23.57,10232910,49794036.00
2023/04/25,23.57,23.57,22.65,23.06,10268293,48840764.00
2023/04/26,23.25,23.71,23.11,23.39,8870272,42976256.00
2023/04/27,23.48,23.94,23.25,23.52,9042843,44110720.00
2023/04/28,23.34,23.80,23.16,23.80,14119638,68716752.00
2023/05/04,23.80,24.26,23.62,24.08,12934430,64161276.00
2023/05/05,24.17,24.35,23.80,24.26,13656593,68108088.00
2023/05/08,24.12,24.63,24.08,24.22,14091495,70624512.00
2023/05/09,23.99,24.40,23.94,23.99,12880015,64484872.00
2023/05/10,23.85,24.40,23.85,24.17,12781554,63889056.00
2023/05/11,24.22,25.23,24.12,24.95,20567150,105767304.00
2023/05/12,24.77,24.86,24.12,24.12,13622665,68733720.00
2023/05/15,24.17,24.35,23.57,24.12,11562906,57019084.00
2023/05/16,24.17,24.17,23.62,23.66,8499884,41779012.00
2023/05/17,23.71,23.99,23.52,23.99,6035144,29750278.00
2023/05/18,23.99,24.12,23.75,23.99,6236508,30891360.00
2023/05/19,23.94,24.08,23.52,23.80,6288966,30967360.00
2023/05/22,23.75,23.94,23.52,23.71,6320887,30913184.00
2023/05/23,23.62,23.75,23.48,23.48,5985170,29180860.00
2023/05/24,23.39,23.80,23.39,23.57,5535580,26991644.00
2023/05/25,23.48,23.80,23.39,23.71,7026373,34294524.00
2023/05/26,23.90,24.04,23.49,23.53,5928224,28670468.00
2023/05/29,23.53,23.62,23.02,23.21,8840280,42035336.00
2023/05/30,23.16,23.62,23.12,23.53,5366344,25746518.00
2023/05/31,23.44,23.53,23.25,23.35,3986197,19047960.00
2023/06/01,23.25,23.67,23.21,23.49,5212390,25053340.00
2023/06/02,23.72,23.76,23.49,23.58,4832864,23371200.00
2023/06/05,23.53,23.72,23.49,23.58,3872968,18695800.00
2023/06/06,23.62,23.72,23.25,23.35,5682228,27338400.00
2023/06/07,23.21,23.49,23.12,23.25,4108727,19580684.00
2023/06/08,23.35,24.18,23.16,24.13,14599333,71372064.00
2023/06/09,23.99,24.22,23.76,23.99,9037534,44367960.00
2023/06/12,23.90,23.99,23.39,23.58,7951160,38430308.00
2023/06/13,23.53,23.67,23.39,23.39,6089401,29300824.00
2023/06/14,23.39,23.53,23.21,23.53,6021370,28821508.00
2023/06/15,23.44,23.49,23.07,23.12,8687298,41235668.00
2023/06/16,23.12,23.76,23.02,23.53,11702502,56335092.00
2023/06/19,23.49,23.53,23.07,23.12,6615400,31449440.00
2023/06/20,23.12,23.21,22.61,22.66,9385722,43788184.00
2023/06/21,22.66,22.89,22.52,22.56,5536248,25694208.00
2023/06/26,22.42,22.56,22.19,22.24,6661900,30440938.00
2023/06/27,22.29,22.84,22.29,22.84,6269610,29074784.00
2023/06/28,22.84,22.89,22.42,22.79,4885557,22650548.00
2023/06/29,22.93,22.93,22.79,22.89,4004213,18730242.00
2023/06/30,22.89,23.12,22.84,23.07,4499349,21197000.00
2023/07/03,23.12,23.30,23.07,23.25,6216468,29517194.00
2023/07/04,23.12,23.35,23.12,23.30,4958411,23587012.00
2023/07/05,23.21,23.53,23.16,23.25,5731719,27458024.00
2023/07/06,23.25,23.39,23.16,23.39,3982700,19013198.00
2023/07/07,23.44,23.44,23.16,23.25,3093187,14746280.00
2023/07/10,23.35,23.44,23.07,23.25,4971824,23694188.00
2023/07/11,23.30,23.30,23.12,23.25,3646306,17310610.00
2023/07/12,23.30,23.39,22.93,22.98,3850640,18228344.00
2023/07/13,23.02,23.62,22.89,23.21,5699819,27135868.00
2023/07/14,23.62,23.99,23.44,23.85,14911516,72548800.00
2023/07/17,23.85,24.18,23.49,24.08,12413052,60985048.00
2023/07/18,24.08,24.22,23.90,24.13,8707047,43032056.00
2023/07/19,24.32,24.32,23.99,24.18,7618861,37790264.00
2023/07/20,24.27,24.32,23.95,24.04,7770922,38469208.00
2023/07/21,23.99,24.18,23.85,24.04,6703468,33043578.00
2023/07/24,24.13,24.50,24.04,24.36,9845135,49135032.00
2023/07/25,24.45,25.05,24.41,24.96,13695201,69745104.00
2023/07/26,24.87,25.42,24.82,25.05,17906777,92529720.00
2023/07/27,25.05,25.28,24.91,25.05,9314533,48097064.00
2023/07/28,25.19,25.19,24.78,24.96,8350349,42831764.00
2023/07/31,24.96,25.38,24.96,25.33,10177227,52739664.00
2023/08/01,25.24,25.42,25.01,25.10,7318530,37833096.00
2023/08/02,25.05,25.51,24.96,25.28,8199854,42668200.00
2023/08/03,25.28,25.33,24.87,25.05,5826182,29990920.00
2023/08/04,25.14,25.47,25.05,25.14,7868275,40856320.00
2023/08/07,24.87,25.33,24.87,24.96,9332732,47986704.00
2023/08/08,25.10,25.33,24.82,24.96,6197782,31877046.00
2023/08/09,25.05,25.19,24.82,24.91,6010554,30785264.00
2023/08/10,24.96,24.96,24.73,24.82,5986100,30510180.00
2023/08/11,24.91,24.96,24.45,24.50,7789240,39495628.00
2023/08/14,24.50,24.82,24.13,24.78,8969479,44996328.00
2023/08/15,24.78,25.14,24.36,24.55,5955663,30049978.00
2023/08/16,24.64,25.05,24.41,24.59,5836127,29550066.00
2023/08/17,24.64,24.91,24.36,24.82,6074814,30685952.00
2023/08/18,24.91,25.38,24.68,24.73,9958573,51210108.00
2023/08/21,24.59,25.19,24.59,24.78,10948280,56284008.00
2023/08/22,24.96,25.10,24.45,24.73,7308916,37112916.00
2023/08/23,24.68,24.78,24.41,24.50,5414220,27324736.00
2023/08/24,24.50,24.73,23.99,24.08,8143742,40413584.00
2023/08/25,24.08,24.50,23.90,24.04,6760726,33559752.00
2023/08/28,25.01,25.28,24.41,24.55,13063178,66982960.00
2023/08/29,24.50,24.96,24.41,24.91,8021461,40778688.00
2023/08/30,25.01,25.10,24.64,24.78,7137344,36354152.00
2023/08/31,24.68,24.82,24.04,24.13,6920891,34490848.00
2023/09/01,24.13,24.32,23.58,23.62,8859902,43163736.00
2023/09/04,23.72,24.18,23.72,24.04,8525834,41948024.00
2023/09/05,24.13,24.13,23.39,23.67,10057865,48616728.00
2023/09/06,23.58,23.67,23.35,23.58,7219626,34755888.00
2023/09/07,23.44,23.76,23.35,23.44,7275634,35099048.00
2023/09/08,23.44,23.62,23.35,23.53,4703760,22621762.00
2023/09/11,23.58,23.81,23.25,23.62,7833001,37895268.00
2023/09/12,23.72,23.76,23.49,23.58,4882780,23588296.00
2023/09/13,23.62,23.72,23.44,23.58,4963634,23954192.00
2023/09/14,23.53,23.58,23.25,23.39,4156198,19920356.00
2023/09/15,23.44,23.62,23.35,23.44,5013740,24080832.00
2023/09/18,23.30,23.95,23.16,23.95,8839480,42994940.00
2023/09/19,23.95,23.99,23.72,23.76,5427170,26532128.00
2023/09/20,23.81,23.85,23.58,23.67,4138311,20130324.00
2023/09/21,23.58,23.95,23.44,23.44,4456260,21547384.00
2023/09/22,23.53,23.76,23.30,23.72,4970106,24032822.00
2023/09/25,23.72,23.72,23.30,23.35,4610147,22148992.00
2023/09/26,23.49,23.53,23.25,23.35,4742056,22728076.00
2023/09/27,23.39,23.67,23.30,23.53,5049762,24346888.00
2023/09/28,23.58,23.81,23.35,23.81,7041400,34026348.00
2023/10/09,23.58,23.67,22.79,22.89,13307397,62658256.00
2023/10/10,22.93,23.30,22.84,23.07,10396371,48967328.00
2023/10/11,22.98,23.39,22.93,23.02,8597234,40644532.00
2023/10/12,23.12,23.12,22.79,22.89,7157182,33525912.00
2023/10/13,22.89,22.93,22.56,22.70,7361088,34097144.00
2023/10/16,22.61,22.84,22.47,22.70,8480107,39182232.00
2023/10/17,22.70,22.79,22.52,22.75,5667699,26249124.00
2023/10/18,22.52,22.75,22.47,22.56,5489390,25315824.00
2023/10/19,22.47,23.07,22.42,22.66,9595601,44766888.00
2023/10/20,22.56,22.93,22.47,22.56,5840500,27090156.00
2023/10/23,22.66,22.66,22.01,22.10,7484267,33978360.00
2023/10/24,22.10,22.79,22.06,22.79,9402851,43339712.00
2023/10/25,22.93,23.25,22.75,23.07,8231386,38893976.00
2023/10/26,23.07,23.07,22.79,23.02,6348396,29773940.00
2023/10/27,22.98,23.12,22.89,23.02,6883350,32423804.00
2023/10/30,22.93,23.30,22.79,23.21,10267204,48613648.00
2023/10/31,23.21,23.35,23.07,23.21,8108980,38517684.00
2023/11/01,23.25,23.30,22.98,23.21,6249746,29628372.00
2023/11/02,23.25,23.39,23.16,23.21,7205708,34316848.00
2023/11/03,23.21,23.44,23.12,23.21,6322676,30116384.00
2023/11/06,23.25,23.44,23.12,23.35,9627371,45853232.00
2023/11/07,23.35,23.53,23.12,23.49,7589630,36319724.00
2023/11/08,23.49,23.58,23.30,23.44,7295554,34983380.00
2023/11/09,23.49,23.53,23.21,23.25,4774480,22758366.00
2023/11/10,23.30,23.49,23.02,23.25,6788056,32266444.00
2023/11/13,23.35,23.49,23.25,23.49,7428924,35590292.00
2023/11/14,23.49,23.62,23.30,23.39,6247615,29929122.00
2023/11/15,23.44,23.62,23.30,23.44,6216727,29837524.00
2023/11/16,23.53,23.53,23.35,23.44,5632057,27047072.00
2023/11/17,23.44,23.53,23.35,23.49,5030948,24157024.00
2023/11/20,23.49,23.62,23.35,23.62,6410654,30871918.00
2023/11/21,23.62,23.85,23.53,23.53,8394115,40768076.00
2023/11/22,23.53,23.72,23.44,23.44,7170872,34694888.00
2023/11/23,23.53,23.67,23.39,23.62,5021246,24242460.00
2023/11/24,23.62,23.76,23.39,23.53,5068238,24416564.00
2023/11/27,23.53,23.62,23.30,23.44,4783600,22948468.00
2023/11/28,23.35,23.58,23.25,23.53,4725896,22722120.00
2023/11/29,23.44,23.58,23.30,23.35,4946604,23681000.00
2023/11/30,23.25,23.49,22.93,23.16,7515657,35632260.00
2023/12/01,23.16,23.30,23.02,23.25,7720105,36592584.00
2023/12/04,23.39,23.67,23.25,23.62,8006591,38539836.00
2023/12/05,23.53,23.62,23.35,23.35,6219779,29915908.00
2023/12/06,23.35,23.67,23.12,23.53,6650653,32006204.00
2023/12/07,23.53,23.90,23.44,23.58,6622470,31999310.00
2023/12/08,23.58,23.67,22.89,22.93,11240227,53282964.00
2023/12/11,22.89,23.12,22.56,23.02,10886799,51019356.00
2023/12/12,23.02,23.39,22.89,23.35,7520313,35593584.00
2023/12/13,23.35,23.58,23.25,23.35,6340462,30442006.00
2023/12/14,23.44,23.67,23.39,23.53,6867147,33182628.00
2023/12/15,23.53,23.76,23.35,23.49,5305388,25550992.00
2023/12/18,23.53,23.67,23.25,23.30,6883311,33075568.00
2023/12/19,23.25,23.39,22.93,23.21,5794760,27445716.00
2023/12/20,23.12,23.44,23.07,23.07,5173673,24610872.00
2023/12/21,23.02,23.35,22.75,23.30,6320680,29774100.00
2023/12/22,23.30,23.30,22.75,22.89,6683547,31377904.00
2023/12/25,22.89,22.98,22.42,22.56,6204988,28617626.00
2023/12/26,22.66,22.70,22.42,22.47,5009657,23040286.00
2023/12/27,22.38,22.66,22.24,22.56,4261409,19539006.00
2023/12/28,22.42,22.84,22.19,22.75,5990552,27671752.00
2023/12/29,22.66,22.89,22.66,22.84,5797524,26982278.00
2024/01/02,22.79,23.53,22.75,23.49,9750278,46477604.00
2024/01/03,23.44,23.62,23.30,23.53,4925134,23651688.00
2024/01/04,23.44,23.67,23.35,23.58,5199159,25086200.00
2024/01/05,23.72,23.76,23.25,23.35,5437184,26180682.00
2024/01/08,23.39,23.49,23.07,23.12,6017453,28718346.00
2024/01/09,23.07,23.49,23.07,23.30,5006776,23872116.00
2024/01/10,23.25,23.39,22.98,23.07,4578511,21698836.00
2024/01/11,23.07,23.30,22.98,23.21,4792698,22707788.00
2024/01/12,23.16,23.58,23.12,23.25,5069811,24261080.00
2024/01/15,23.21,23.35,23.07,23.21,4237532,20144192.00
2024/01/16,23.25,23.44,22.89,23.25,5960950,28302992.00
2024/01/17,23.16,23.25,22.61,22.70,5554589,26107474.00
2024/01/18,22.70,22.79,21.60,22.29,9884180,44578704.00
2024/01/19,22.24,22.29,21.73,21.83,6664028,29856870.00
2024/01/22,21.73,21.87,20.26,20.53,10293883,44098340.00
2024/01/23,20.35,20.49,19.71,20.17,12118845,49189952.00
2024/01/24,20.17,20.58,19.71,20.58,9725168,39949232.00
2024/01/25,20.58,21.46,20.49,21.46,8604547,36961176.00
2024/01/26,21.55,21.96,21.46,21.78,7076775,31447596.00
2024/01/29,21.78,21.83,21.27,21.32,7945140,34843168.00
2024/01/30,21.32,21.36,20.53,20.53,7305475,31137504.00
2024/01/31,20.53,20.77,19.52,19.57,10897364,43948224.00
2024/02/01,19.52,19.52,18.28,18.83,12660599,48077848.00
2024/02/02,18.88,19.52,17.35,17.86,12067812,44460096.00
2024/02/05,17.63,17.63,16.20,16.20,12226120,39808408.00
2024/02/06,14.82,15.74,14.73,15.05,23757363,70329096.00
2024/02/07,15.05,15.19,13.67,14.13,27468149,76350480.00
2024/02/08,13.85,15.19,13.57,15.05,23012518,65222036.00
2024/02/19,15.14,16.06,15.14,15.60,12991598,40355256.00
数据来源:通达信
