688229 博睿数据 日线 后复权
      日期	    开盘	    最高	    最低	    收盘	    成交量	    成交额
2020/08/17,113.10,135.50,110.02,121.11,7397311,896044544.00
2020/08/18,115.50,139.00,114.50,128.80,4375095,558779648.00
2020/08/19,127.00,127.80,112.07,113.50,3424497,403990112.00
2020/08/20,111.08,132.90,107.03,128.68,3827163,469864928.00
2020/08/21,127.33,161.10,127.00,146.60,3807392,551353280.00
2020/08/24,144.44,167.21,144.44,161.00,2409434,383230368.00
2020/08/25,161.00,163.90,150.18,162.00,1740797,272687392.00
2020/08/26,158.00,169.00,153.00,153.00,1512785,242571216.00
2020/08/27,153.00,178.00,151.00,163.00,2047648,341986080.00
2020/08/28,163.99,171.65,145.50,153.77,1825567,288181344.00
2020/08/31,147.29,171.50,147.29,169.00,1265855,207851792.00
2020/09/01,169.00,177.20,165.24,169.94,667406,113560000.00
2020/09/02,171.34,183.60,167.00,181.67,907914,160978352.00
2020/09/03,181.80,184.99,171.50,176.41,672619,118786992.00
2020/09/04,173.88,174.99,165.81,167.90,657455,110957904.00
2020/09/07,169.34,170.90,140.00,141.15,1856266,279385920.00
2020/09/08,141.80,148.50,138.30,141.80,1026378,147241312.00
2020/09/09,141.43,142.00,133.00,136.38,591760,81847424.00
2020/09/10,138.38,141.66,128.00,128.98,820740,110492968.00
2020/09/11,130.04,142.60,130.04,140.64,856319,118603440.00
2020/09/14,143.07,144.97,131.40,131.99,901304,123689192.00
2020/09/15,133.30,135.80,128.00,134.99,736488,97948656.00
2020/09/16,134.04,139.00,129.23,136.50,630939,85137000.00
2020/09/17,134.00,149.00,133.80,143.63,849191,122443800.00
2020/09/18,142.14,142.90,137.00,139.00,439840,61211120.00
2020/09/21,138.39,145.00,137.82,139.45,366940,51706940.00
2020/09/22,138.51,138.51,128.80,132.00,538864,71428776.00
2020/09/23,128.20,135.39,128.20,134.00,246047,32763312.00
2020/09/24,134.33,144.43,133.33,134.10,497128,68986800.00
2020/09/25,133.33,136.67,129.00,129.00,360783,47224516.00
2020/09/28,131.63,131.63,123.30,125.54,267375,33921340.00
2020/09/29,125.75,131.78,125.60,127.00,332204,42654620.00
2020/09/30,127.66,127.98,124.43,124.75,233753,29491786.00
2020/10/09,129.12,129.12,125.13,125.80,267303,33912288.00
2020/10/12,126.70,133.68,121.81,130.16,521267,67036428.00
2020/10/13,131.88,131.88,125.80,126.61,469044,59677304.00
2020/10/14,126.20,126.50,122.05,122.53,515734,63708880.00
2020/10/15,122.01,124.61,117.96,123.88,473969,57937604.00
2020/10/16,122.80,124.27,121.56,124.20,324279,39946192.00
2020/10/19,124.20,124.50,120.50,121.76,208740,25553780.00
2020/10/20,120.66,127.00,118.00,126.00,404774,49760000.00
2020/10/21,125.89,126.50,121.60,121.79,310178,38261976.00
2020/10/22,120.43,122.80,117.41,117.66,385946,46059276.00
2020/10/23,117.95,118.25,111.66,111.99,351688,40215576.00
2020/10/26,111.87,113.38,110.17,111.89,197089,22043368.00
2020/10/27,110.37,118.78,110.36,118.11,336714,39105632.00
2020/10/28,118.15,119.40,113.90,116.46,192022,22391964.00
2020/10/29,111.00,115.10,111.00,114.55,340861,38577736.00
2020/10/30,111.36,125.50,111.36,122.00,941832,114272912.00
2020/11/02,121.81,123.58,98.50,104.38,1184993,127895016.00
2020/11/03,103.00,111.80,102.00,108.36,772759,83022864.00
2020/11/04,111.28,117.71,107.01,108.95,762871,85724624.00
2020/11/05,112.22,112.88,104.22,110.84,885403,96109104.00
2020/11/06,109.50,110.59,104.40,106.93,492020,52436548.00
2020/11/09,106.97,112.28,106.60,111.85,437446,48195180.00
2020/11/10,112.00,115.29,108.00,108.98,445119,49799008.00
2020/11/11,110.00,110.14,104.70,105.00,324373,34812468.00
2020/11/12,105.04,110.00,104.02,104.67,332074,35503000.00
2020/11/13,103.88,105.93,101.98,105.50,313997,32711860.00
2020/11/16,107.00,107.96,103.40,106.27,235158,24809188.00
2020/11/17,106.59,106.79,102.47,103.25,291424,30223200.00
2020/11/18,105.90,105.90,102.98,104.20,153727,16005284.00
2020/11/19,104.11,106.00,103.18,104.45,240878,25243296.00
2020/11/20,104.80,111.00,104.46,106.78,368349,39756048.00
2020/11/23,106.06,107.78,105.11,105.41,232409,24601976.00
2020/11/24,106.41,106.93,104.12,105.29,187791,19826740.00
2020/11/25,105.87,106.49,103.02,103.91,208849,21749508.00
2020/11/26,104.00,105.40,101.55,102.31,210453,21669572.00
2020/11/27,102.78,102.90,99.51,102.46,219677,22218660.00
2020/11/30,102.90,104.76,101.38,104.66,255129,26226720.00
2020/12/01,105.70,120.00,105.01,117.63,1088901,120939696.00
2020/12/02,117.00,120.94,115.09,116.23,828159,97049088.00
2020/12/03,116.82,123.24,114.56,121.38,724737,86077440.00
2020/12/04,120.62,127.00,119.00,121.38,516599,63214312.00
2020/12/07,123.14,124.50,116.27,117.00,423025,49791336.00
2020/12/08,117.70,118.91,114.00,115.93,295757,34003592.00
2020/12/09,115.85,124.87,114.00,120.49,802049,96163008.00
2020/12/10,118.57,128.77,118.57,125.81,624946,77799808.00
2020/12/11,126.80,128.38,121.54,126.83,699852,86615160.00
2020/12/14,126.88,133.00,123.66,124.06,483059,60617628.00
2020/12/15,122.50,124.06,119.00,119.87,312821,37487536.00
2020/12/16,120.84,126.48,115.00,124.05,576899,69534296.00
2020/12/17,124.05,125.60,121.50,123.50,304322,37169196.00
2020/12/18,121.50,122.49,118.00,118.70,263163,31270368.00
2020/12/21,118.00,119.88,115.10,116.30,325651,37957320.00
2020/12/22,116.30,117.00,109.00,111.04,530864,58879544.00
2020/12/23,111.04,112.86,106.20,109.67,347148,37477800.00
2020/12/24,108.63,109.96,105.00,105.55,245348,25902048.00
2020/12/25,106.89,107.43,103.51,105.71,188811,19737112.00
2020/12/28,104.33,105.64,97.04,99.20,342561,34427052.00
2020/12/29,99.43,104.33,97.80,102.41,298339,29996700.00
2020/12/30,101.07,104.63,101.00,103.08,230377,23473306.00
2020/12/31,106.00,107.39,102.10,106.90,196142,20455288.00
2021/01/04,106.80,112.76,106.11,112.34,359245,39142172.00
2021/01/05,111.00,112.95,108.55,109.62,269518,29395942.00
2021/01/06,109.60,111.99,105.49,107.60,699749,74854528.00
2021/01/07,108.00,110.55,104.44,108.97,530505,56584472.00
2021/01/08,108.97,111.99,107.00,110.35,262505,28512592.00
2021/01/11,112.00,115.49,108.30,113.35,378757,41874628.00
2021/01/12,111.01,117.81,111.01,115.34,272222,31116948.00
2021/01/13,114.50,119.78,112.18,119.47,339865,39527480.00
2021/01/14,117.51,140.00,117.51,133.01,735315,93860016.00
2021/01/15,131.00,138.00,128.02,134.95,383586,50777440.00
2021/01/18,131.68,134.90,127.52,130.15,307109,39626292.00
2021/01/19,131.74,136.80,126.00,134.98,343223,44803584.00
2021/01/20,135.18,135.18,129.52,131.90,213117,27903502.00
2021/01/21,131.85,133.00,128.19,131.89,208343,27093236.00
2021/01/22,131.78,133.88,120.00,121.86,507969,62429184.00
2021/01/25,120.00,127.66,116.01,126.29,432317,52775180.00
2021/01/26,125.50,127.90,119.21,120.41,273597,33300676.00
2021/01/27,120.50,123.99,118.00,119.04,210288,25108960.00
2021/01/28,119.95,119.95,115.00,115.99,187574,21787992.00
2021/01/29,115.99,123.90,115.99,119.00,291171,34557112.00
2021/02/01,116.01,118.39,113.05,115.49,204016,23187460.00
2021/02/02,114.90,120.98,114.03,114.99,124933,14456921.00
2021/02/03,113.59,114.11,106.86,106.86,185902,20325888.00
2021/02/04,107.99,112.00,106.10,106.89,319643,34404584.00
2021/02/05,108.99,109.37,104.05,106.07,106812,11211121.00
2021/02/08,106.80,107.25,101.00,101.88,148125,15286263.00
2021/02/09,101.88,109.62,99.22,107.19,280275,29131072.00
2021/02/10,106.99,106.99,100.00,101.15,338431,34477392.00
2021/02/18,100.00,102.46,97.00,100.49,418993,41399580.00
2021/02/19,100.50,106.80,100.50,105.40,346174,36025556.00
2021/02/22,105.98,113.80,103.30,109.80,391513,42707128.00
2021/02/23,107.50,110.59,105.43,108.90,241327,25835064.00
2021/02/24,107.65,109.80,104.00,106.01,180947,19086312.00
2021/02/25,107.68,118.79,105.26,117.00,561322,63092080.00
2021/02/26,114.00,116.69,111.22,115.00,438535,49462432.00
2021/03/01,114.01,122.00,112.50,119.27,420693,48748084.00
2021/03/02,119.30,120.90,115.21,116.54,203127,23588364.00
2021/03/03,115.00,118.27,113.00,114.74,229525,26225330.00
2021/03/04,113.23,115.49,109.19,110.82,206880,22794176.00
2021/03/05,109.98,117.00,109.01,114.97,435411,49462296.00
2021/03/08,116.20,116.20,102.50,104.99,426422,45868336.00
2021/03/09,104.89,107.97,102.39,106.95,305137,31879576.00
2021/03/10,104.37,107.79,104.37,106.26,99984,10528037.00
2021/03/11,103.00,108.77,103.00,106.67,106379,11235856.00
2021/03/12,105.00,106.12,104.16,105.27,75541,7867896.00
2021/03/15,105.21,105.21,99.00,101.50,213344,21375012.00
2021/03/16,101.50,104.46,99.88,100.00,335538,33721372.00
2021/03/17,101.30,103.68,99.60,102.33,173522,17468956.00
2021/03/18,103.89,106.82,101.50,105.95,220444,22719288.00
2021/03/19,106.04,107.65,104.00,104.97,127947,13348695.00
2021/03/22,104.98,105.49,103.49,104.69,90846,9380361.00
2021/03/23,103.71,104.68,101.44,103.88,106641,10893354.00
2021/03/24,104.97,104.97,99.24,99.35,176612,17686980.00
2021/03/25,99.98,100.77,98.10,98.20,124999,12273418.00
2021/03/26,99.98,102.70,97.86,100.68,168434,16690079.00
2021/03/29,100.70,102.37,100.03,100.77,125560,12571290.00
2021/03/30,102.29,103.58,100.15,102.89,111445,11245333.00
2021/03/31,102.40,102.40,99.52,101.00,211423,21065232.00
2021/04/01,101.00,101.18,99.99,100.63,104726,10402656.00
2021/04/02,100.19,103.99,100.11,101.62,221395,22352158.00
2021/04/06,100.88,102.90,99.35,100.75,186815,18632284.00
2021/04/07,100.90,100.90,98.10,99.18,287229,28223304.00
2021/04/08,98.87,104.89,98.87,103.22,268241,27107312.00
2021/04/09,101.89,101.89,98.60,99.40,256143,25236360.00
2021/04/12,99.55,101.00,97.75,98.28,151377,14961549.00
2021/04/13,98.54,101.53,98.27,100.16,174932,17380250.00
2021/04/14,100.02,103.40,99.30,102.21,108675,10929461.00
2021/04/15,104.00,105.22,100.32,101.90,135498,13795588.00
2021/04/16,102.78,102.78,101.00,101.77,69682,7006495.00
2021/04/19,101.00,104.00,99.66,101.80,297164,29852244.00
2021/04/20,100.13,101.67,99.00,99.87,190584,18856568.00
2021/04/21,98.90,99.87,95.20,95.20,294275,28375540.00
2021/04/22,93.77,93.77,78.39,78.62,1332058,110144504.00
2021/04/23,78.01,78.15,74.17,75.93,584902,43603760.00
2021/04/26,75.90,77.02,74.90,76.31,267558,20080536.00
2021/04/27,76.00,77.64,74.28,76.94,207913,15620908.00
2021/04/28,77.00,77.00,76.04,76.47,121386,9165291.00
2021/04/29,74.45,77.16,74.45,75.55,265727,19940300.00
2021/04/30,75.68,76.17,73.22,75.38,247979,18312368.00
2021/05/06,75.30,76.51,74.40,76.26,125291,9387235.00
2021/05/07,76.92,77.42,73.00,74.13,230414,17160496.00
2021/05/10,73.12,73.89,71.03,72.14,171570,12219107.00
2021/05/11,72.00,73.99,71.39,73.41,218450,15801807.00
2021/05/12,71.21,74.28,71.21,74.11,73872,5346638.00
2021/05/13,75.67,76.80,72.93,76.00,138559,10353043.00
2021/05/14,76.80,76.80,73.86,74.57,137756,10141780.00
2021/05/17,74.17,76.72,73.00,74.56,122629,9037708.00
2021/05/18,73.44,76.17,73.01,74.31,90146,6574355.00
2021/05/19,73.22,74.72,73.01,73.75,80450,5832561.00
2021/05/20,73.60,73.60,71.30,72.33,110697,7911991.00
2021/05/21,72.87,74.00,71.88,73.00,106292,7643839.00
2021/05/24,73.87,74.90,72.59,73.87,107780,7845898.00
2021/05/25,74.70,76.70,73.23,76.19,191565,14287158.00
2021/05/26,76.78,80.79,75.59,80.27,268191,20845428.00
2021/05/27,81.75,83.80,78.00,83.13,240801,19351160.00
2021/05/28,82.00,83.25,79.32,79.90,162194,12996092.00
2021/05/31,80.15,81.20,78.41,80.92,113552,8933666.00
2021/06/01,80.30,83.20,80.30,82.88,198486,16097048.00
2021/06/02,83.04,89.44,81.35,86.54,392001,33471584.00
2021/06/03,85.69,89.19,83.31,83.93,212875,18030884.00
2021/06/04,82.36,83.93,80.50,81.53,146929,11826523.00
2021/06/07,81.70,83.17,79.74,81.71,161010,12851815.00
2021/06/08,81.63,81.91,79.51,79.71,116795,9294135.00
2021/06/09,80.20,95.41,80.20,92.70,991528,90824000.00
2021/06/10,92.45,92.45,83.20,90.52,813552,70789720.00
2021/06/11,89.71,93.68,86.18,88.14,553051,48857776.00
2021/06/15,87.45,87.45,83.70,84.28,294699,24691064.00
2021/06/16,84.14,85.62,82.26,83.26,322875,26537156.00
2021/06/17,82.56,83.21,79.31,82.13,394573,31448676.00
2021/06/18,81.22,85.29,81.21,83.10,272576,22355702.00
2021/06/21,82.80,85.86,82.26,84.21,211470,17494312.00
2021/06/22,84.67,84.67,81.20,81.47,239094,19367032.00
2021/06/23,81.51,83.01,79.80,82.02,137300,11052391.00
2021/06/24,80.49,82.40,80.25,81.45,132518,10595153.00
2021/06/25,81.43,81.43,78.05,78.90,198174,15424108.00
2021/06/28,79.18,79.80,77.20,78.68,228886,17669512.00
2021/06/29,78.68,80.87,77.13,77.55,296753,22937000.00
2021/06/30,77.20,79.08,76.59,76.93,286086,21863528.00
2021/07/01,77.08,78.69,75.20,75.20,290928,21895508.00
2021/07/02,75.20,76.14,73.39,73.79,161808,11828257.00
2021/07/05,73.39,74.10,71.86,72.53,259263,18507880.00
2021/07/06,73.03,75.20,72.20,73.21,237942,17195068.00
2021/07/07,72.62,73.87,72.20,73.70,193430,13911099.00
2021/07/08,73.68,74.80,72.30,73.00,254196,18337164.00
2021/07/09,73.70,79.20,73.50,75.68,497022,37223212.00
2021/07/12,75.50,77.70,74.41,77.28,271464,20459580.00
2021/07/13,78.20,78.69,75.74,76.42,197887,14966495.00
2021/07/14,76.42,76.42,74.50,74.83,178580,13171926.00
2021/07/15,74.08,75.59,72.95,73.60,241920,17583836.00
2021/07/16,73.53,75.18,73.20,74.00,181953,13199775.00
2021/07/19,74.00,76.04,73.22,75.40,205659,15169861.00
2021/07/20,73.78,75.87,73.40,74.45,101486,7408238.00
2021/07/21,74.49,77.22,74.49,76.73,250439,18836252.00
2021/07/22,76.70,76.70,74.19,75.49,202470,14958200.00
2021/07/23,75.79,76.47,73.34,73.70,189854,13880910.00
2021/07/26,73.70,75.07,73.08,75.00,175367,12781862.00
2021/07/27,74.57,78.19,74.56,74.58,237054,17800324.00
2021/07/28,74.20,74.82,71.89,72.93,213706,15324626.00
2021/07/29,73.62,74.01,72.20,73.48,113029,8136908.00
2021/07/30,72.50,73.29,71.85,72.16,146564,10409416.00
2021/08/02,71.26,77.15,71.26,76.38,282669,20688316.00
2021/08/03,75.91,77.70,74.83,75.30,163807,12304038.00
2021/08/04,75.69,76.55,74.62,75.35,99827,7413598.00
2021/08/05,75.95,75.99,72.81,73.62,270562,19605424.00
2021/08/06,72.86,74.17,72.34,73.85,132690,9553388.00
2021/08/09,73.02,73.97,71.50,73.40,193975,13817441.00
2021/08/10,72.28,74.40,72.28,73.89,205157,14816452.00
2021/08/11,73.88,76.98,73.20,74.37,318239,23500112.00
2021/08/12,73.87,76.09,73.40,74.95,170764,12573060.00
2021/08/13,75.00,75.77,73.42,75.55,165052,12154852.00
2021/08/16,76.18,77.05,75.21,76.13,196307,14709532.00
2021/08/17,76.12,77.19,75.28,76.67,258976,19479716.00
2021/08/18,77.15,77.15,72.91,75.86,463534,34059192.00
2021/08/19,75.20,76.83,74.75,75.19,283407,21149572.00
2021/08/20,73.65,75.19,73.21,74.36,302559,22072508.00
2021/08/23,73.36,76.69,72.95,73.86,307889,22606924.00
2021/08/24,73.73,73.73,72.71,73.33,205874,14812376.00
2021/08/25,73.16,73.28,72.28,72.72,164756,11777121.00
2021/08/26,72.94,72.94,68.20,69.16,361537,24973920.00
2021/08/27,68.20,68.20,61.05,62.88,540889,33240372.00
2021/08/30,63.81,63.81,61.74,61.95,209237,12757765.00
2021/08/31,62.19,62.54,60.78,61.79,157991,9517917.00
2021/09/01,62.16,63.18,60.91,62.37,189842,11539612.00
2021/09/02,62.41,63.17,61.86,62.31,178580,10926901.00
2021/09/03,62.49,63.14,61.47,62.32,129292,7922275.00
2021/09/06,62.97,63.68,61.91,62.68,184325,11347347.00
2021/09/07,62.86,63.20,62.33,62.45,181165,11131152.00
2021/09/08,62.33,62.68,59.96,60.67,538391,32094544.00
2021/09/09,60.95,62.79,60.45,61.08,368678,22392872.00
2021/09/10,61.21,61.40,60.06,60.50,191758,11381692.00
2021/09/13,60.21,61.18,59.56,60.59,145792,8627452.00
2021/09/14,60.31,61.88,60.10,60.83,128756,7682087.00
2021/09/15,61.00,61.00,59.80,60.44,111223,6571884.00
2021/09/16,60.98,60.98,59.20,60.59,108524,6414234.00
2021/09/17,60.23,60.76,59.35,60.08,84606,4963131.00
2021/09/22,60.06,60.06,58.66,59.02,127171,7349416.00
2021/09/23,59.19,59.96,58.56,58.82,98302,5668992.00
2021/09/24,59.30,59.30,57.79,58.25,198178,11306748.00
2021/09/27,58.20,58.38,56.23,58.21,222155,12392206.00
2021/09/28,58.18,62.40,57.29,62.08,486546,28954098.00
2021/09/29,61.22,62.09,59.48,60.30,153354,9109022.00
2021/09/30,60.30,60.97,59.85,60.33,53660,3173857.00
2021/10/08,61.18,61.67,59.95,60.55,106800,6353398.00
2021/10/11,59.86,60.19,59.08,59.45,81309,4742274.00
2021/10/12,59.75,59.75,57.23,58.19,99620,5649009.00
2021/10/13,58.18,58.51,57.52,58.40,78920,4475206.00
2021/10/14,58.20,60.14,57.48,60.08,109199,6268234.00
2021/10/15,59.83,59.83,58.91,59.67,79727,4636748.00
2021/10/18,58.72,59.86,58.27,59.20,70319,4044690.00
2021/10/19,59.01,59.10,58.36,58.86,44838,2577964.00
2021/10/20,59.57,59.66,56.58,57.80,143877,8077663.00
2021/10/21,56.81,57.75,56.64,56.65,111291,6220599.00
2021/10/22,57.44,57.44,56.31,56.70,91924,5090545.00
2021/10/25,57.18,57.19,55.54,55.65,92996,5104450.00
2021/10/26,55.25,55.65,54.20,55.61,142873,7650681.00
2021/10/27,55.19,55.58,52.20,53.87,112662,5959723.00
2021/10/28,53.20,53.20,50.01,50.33,219263,10912414.00
2021/10/29,50.21,51.81,49.83,51.06,98855,4896970.00
2021/11/01,51.20,51.20,48.62,51.05,141527,6976655.00
2021/11/02,51.11,53.62,51.11,51.21,201293,10275327.00
2021/11/03,51.67,52.46,50.35,51.10,95677,4788010.00
2021/11/04,51.30,51.93,50.79,51.06,150024,7495035.00
2021/11/05,51.00,53.60,51.00,52.60,317785,16395181.00
2021/11/08,53.01,53.01,50.60,51.29,152707,7665746.00
2021/11/09,51.79,52.37,50.79,51.80,135738,6856014.00
2021/11/10,51.30,53.45,51.30,52.27,186768,9548747.00
2021/11/11,52.34,54.73,52.10,53.44,171235,8963329.00
2021/11/12,53.44,54.00,52.73,53.50,203161,10584123.00
2021/11/15,53.70,55.15,53.00,54.58,182151,9669680.00
2021/11/16,54.86,56.65,54.42,55.15,197771,10742261.00
2021/11/17,54.74,56.97,54.74,56.18,175682,9643005.00
2021/11/18,56.34,56.58,53.91,54.40,242974,13055173.00
2021/11/19,53.83,56.40,53.47,55.65,219766,11908283.00
2021/11/22,55.58,56.20,54.79,55.66,109322,5936129.00
2021/11/23,55.42,56.44,54.81,56.06,184800,10096743.00
2021/11/24,56.81,57.01,55.34,56.67,144117,7962466.00
2021/11/25,57.08,57.75,55.90,56.90,205957,11474918.00
2021/11/26,56.72,57.56,54.96,56.09,151966,8296038.00
2021/11/29,55.20,57.09,55.20,56.90,193622,10710240.00
2021/11/30,57.55,64.08,56.69,63.22,824653,50108696.00
2021/12/01,64.08,69.08,63.22,65.85,957511,61411648.00
2021/12/02,66.26,71.18,65.69,66.77,902240,60378596.00
2021/12/03,67.74,68.35,64.43,65.18,439054,28303072.00
2021/12/06,65.81,65.81,60.56,60.79,358791,21673460.00
2021/12/07,60.79,61.66,57.85,59.10,515838,29887876.00
2021/12/08,59.62,60.15,58.03,58.42,247082,14261139.00
2021/12/09,58.66,59.55,57.63,58.80,210688,12132301.00
2021/12/10,59.37,59.55,57.56,58.78,120501,6932646.00
2021/12/13,58.78,59.78,58.42,59.23,99379,5762230.00
2021/12/14,59.19,64.65,57.89,62.10,445151,27223292.00
2021/12/15,62.67,62.67,60.23,60.40,218267,13109514.00
2021/12/16,60.40,62.68,59.40,59.55,231918,13819051.00
2021/12/17,59.41,59.86,56.46,56.84,354191,19844612.00
2021/12/20,57.00,57.34,56.36,56.63,129381,7188572.00
2021/12/21,57.20,57.20,56.20,56.59,117617,6511523.00
2021/12/22,56.97,57.99,56.33,57.65,112860,6324153.00
2021/12/23,57.75,57.76,56.22,56.46,159070,8817535.00
2021/12/24,56.74,56.74,55.40,55.66,117219,6400896.00
2021/12/27,55.97,56.35,54.52,56.08,88418,4796049.00
2021/12/28,56.36,57.08,56.34,56.86,91965,5098753.00
2021/12/29,56.45,56.63,55.35,55.71,117518,6411891.00
2021/12/30,55.63,56.60,55.63,55.99,104606,5743302.00
2021/12/31,55.99,56.99,55.48,56.30,107831,5929523.00
2022/01/04,56.65,58.74,56.40,58.34,208615,11841843.00
2022/01/05,57.74,59.90,57.67,58.84,172405,9924006.00
2022/01/06,58.43,59.51,58.43,59.20,112453,6512318.00
2022/01/07,59.97,59.97,57.72,58.22,102607,5865187.00
2022/01/10,58.00,58.59,56.33,58.52,92813,5260890.00
2022/01/11,58.84,59.52,57.57,57.57,99905,5707238.00
2022/01/12,57.97,59.66,57.97,59.23,127975,7414690.00
2022/01/13,60.18,64.17,59.41,63.15,484541,29701460.00
2022/01/14,64.10,64.10,61.30,63.60,356079,21776122.00
2022/01/17,65.08,67.86,64.00,65.10,439776,28301280.00
2022/01/18,65.15,68.20,64.28,65.20,438415,28496968.00
2022/01/19,65.20,71.08,65.20,71.08,918788,61871072.00
2022/01/20,71.82,72.17,63.22,65.22,775007,51101176.00
2022/01/21,66.09,66.19,61.80,61.88,513123,31909842.00
2022/01/24,62.34,62.96,58.43,61.20,459605,27482840.00
2022/01/25,60.20,60.76,58.28,58.28,349287,20201060.00
2022/01/26,59.78,60.45,58.38,59.68,242145,14093364.00
2022/01/27,59.68,60.77,57.15,57.79,231871,13245518.00
2022/01/28,57.79,59.59,56.02,58.97,252948,14408206.00
2022/02/07,58.95,58.95,56.20,56.27,193529,10815531.00
2022/02/08,56.30,58.71,55.85,58.30,171419,9637942.00
2022/02/09,58.90,60.21,57.03,59.64,182460,10570310.00
2022/02/10,58.88,59.74,57.39,57.88,106724,6065802.00
2022/02/11,58.19,58.35,55.50,56.19,157371,8699518.00
2022/02/14,56.20,56.32,53.42,55.37,220703,11796535.00
2022/02/15,55.65,55.99,53.20,54.74,159162,8393122.00
2022/02/16,54.36,55.99,53.48,54.64,128432,6858537.00
2022/02/17,54.64,56.20,53.40,54.04,186653,9926479.00
2022/02/18,54.02,55.55,53.91,55.30,100420,5359693.00
2022/02/21,55.91,58.40,55.08,57.17,223338,12500613.00
2022/02/22,56.69,56.93,55.20,56.05,138747,7602843.00
2022/02/23,56.75,57.01,54.83,56.68,159610,8786172.00
2022/02/24,56.50,59.00,55.01,55.99,328960,18434808.00
2022/02/25,56.99,56.99,55.54,56.02,133243,7314973.00
2022/02/28,55.90,56.65,54.21,56.19,144971,7845166.00
2022/03/01,56.19,57.71,55.51,56.23,140281,7715703.00
2022/03/02,55.78,56.84,55.70,56.20,78881,4327164.00
2022/03/03,56.80,56.84,54.69,55.14,115289,6239975.00
2022/03/04,55.57,55.57,52.50,54.00,184797,9717350.00
2022/03/07,53.40,54.41,52.51,54.08,134761,7021362.00
2022/03/08,53.86,55.00,52.52,54.08,250705,13129013.00
2022/03/09,54.58,54.58,49.34,54.02,149154,7645000.00
2022/03/10,54.02,54.30,52.71,53.50,157779,8258111.00
2022/03/11,53.49,53.68,51.95,53.28,104200,5396116.00
2022/03/14,52.22,53.72,51.78,52.89,126850,6551406.00
2022/03/15,52.26,52.28,48.70,49.49,221253,10765706.00
2022/03/16,49.45,49.50,47.10,49.36,138033,6544122.00
2022/03/17,49.36,50.70,49.19,49.60,113834,5544242.00
2022/03/18,49.20,49.50,48.46,49.13,113005,5388170.00
2022/03/21,49.39,50.91,48.01,50.59,138737,6790762.00
2022/03/22,50.59,53.12,50.30,51.72,118082,6010216.00
2022/03/23,50.71,53.09,50.53,52.47,66053,3374787.00
2022/03/24,51.69,51.78,50.58,51.21,47416,2365648.00
2022/03/25,51.10,51.18,49.00,49.83,117805,5715961.00
2022/03/28,49.19,49.65,47.84,49.10,72494,3451804.00
2022/03/29,49.10,49.10,47.79,48.20,66368,3120865.00
2022/03/30,47.22,49.50,47.11,47.66,80692,3748721.00
2022/03/31,47.88,48.47,47.20,47.41,56433,2613798.00
2022/04/01,47.16,47.87,46.56,47.40,72333,3332083.00
2022/04/06,46.66,50.89,46.31,48.89,137482,6552050.00
2022/04/07,49.40,49.40,47.20,48.32,66737,3110930.00
2022/04/08,48.16,48.39,46.73,46.96,82147,3783874.00
2022/04/11,44.75,46.78,44.70,45.45,88411,3904094.00
2022/04/12,44.32,45.87,44.32,45.24,74463,3257952.00
2022/04/13,44.90,45.30,44.42,45.29,72511,3160686.00
2022/04/14,44.58,45.63,44.56,45.56,89121,3908856.00
2022/04/15,44.71,45.17,42.45,44.30,130276,5530722.00
2022/04/18,43.25,44.49,41.21,44.15,89987,3773861.00
2022/04/19,42.90,43.68,41.76,42.40,63775,2636390.00
2022/04/20,41.53,42.93,41.44,41.44,77493,3142391.00
2022/04/21,41.50,42.13,38.76,39.62,122402,4792953.00
2022/04/22,38.91,41.18,38.91,40.19,137967,5353582.00
2022/04/25,40.04,40.04,37.08,37.28,147430,5478980.00
2022/04/26,37.90,39.00,36.26,37.25,87047,3217978.00
2022/04/27,36.28,38.07,34.76,37.17,134240,4723680.00
2022/04/28,36.09,36.98,35.22,36.35,129417,4473273.00
2022/04/29,37.40,37.70,36.30,37.54,68150,2449135.00
2022/05/05,37.54,39.16,37.21,38.46,98662,3684865.00
2022/05/06,37.45,39.94,36.41,39.04,75814,2862142.00
2022/05/09,39.50,39.57,38.40,39.09,38511,1460491.00
2022/05/10,37.47,39.39,37.46,39.00,57048,2143442.00
2022/05/11,39.99,40.50,38.33,38.94,125798,4817807.00
2022/05/12,38.20,40.18,38.20,39.87,95699,3625482.00
2022/05/13,39.29,40.70,38.81,39.48,103127,3959102.00
2022/05/16,39.97,40.19,38.73,39.02,151374,5796579.00
2022/05/17,38.85,41.69,38.85,41.69,223887,8811790.00
2022/05/18,41.69,43.70,40.71,43.60,355951,14523907.00
2022/05/19,42.80,45.62,42.33,42.91,155306,6642216.00
2022/05/20,42.62,43.90,42.62,43.70,114578,4828765.00
2022/05/23,43.99,43.99,41.79,43.11,63332,2650713.00
2022/05/24,42.71,45.14,40.50,40.87,189153,7758089.00
2022/05/25,41.70,42.18,40.11,41.15,175499,6958422.00
2022/05/26,42.16,42.16,40.02,40.96,99263,3916888.00
2022/05/27,40.44,42.00,40.44,41.76,116038,4657902.00
2022/05/30,41.21,42.00,40.33,41.51,38087,1536618.00
2022/05/31,40.59,43.16,40.24,43.10,105107,4283318.00
2022/06/01,43.50,44.00,42.10,43.75,165091,6914984.00
2022/06/02,43.60,46.65,42.70,45.68,278573,12266912.00
2022/06/06,46.20,48.20,45.22,47.88,277378,12724905.00
2022/06/07,47.41,47.94,46.04,46.90,147804,6744133.00
2022/06/08,46.31,47.31,44.97,46.13,146356,6521580.00
2022/06/09,45.68,46.65,44.40,44.43,93829,4096711.00
2022/06/10,44.43,45.10,43.37,45.00,120836,5260379.00
2022/06/13,45.50,46.00,43.71,44.88,111973,4907863.00
2022/06/14,45.50,45.50,43.23,44.39,112704,4820720.00
2022/06/15,45.10,46.69,43.21,44.83,123088,5420847.00
2022/06/16,45.22,45.62,44.05,44.90,56534,2479752.00
2022/06/17,44.31,45.20,42.81,43.20,317208,13384527.00
2022/06/20,43.63,45.00,43.20,44.77,162396,6982111.00
2022/06/21,44.43,45.64,43.06,43.17,141134,6068203.00
2022/06/22,42.54,43.64,41.70,41.86,174041,7153832.00
2022/06/23,42.19,43.15,41.42,43.10,131534,5424469.00
2022/06/24,42.68,44.68,42.68,43.20,135676,5764297.00
2022/06/27,43.20,44.07,42.08,42.21,105228,4381868.00
2022/06/28,42.55,42.57,41.30,42.29,86872,3530362.00
2022/06/29,43.19,46.19,42.09,42.70,443651,19018720.00
2022/06/30,42.70,43.08,41.06,41.70,316399,12777413.00
2022/07/01,41.69,41.93,41.20,41.47,154736,6228539.00
2022/07/04,41.47,41.67,40.73,41.08,131745,5241566.00
2022/07/05,41.10,41.10,39.50,39.82,143958,5611322.00
2022/07/06,40.62,40.81,39.34,39.80,94312,3662190.00
2022/07/07,40.26,40.57,38.83,39.94,63075,2442038.00
2022/07/08,39.55,40.82,39.55,40.43,61897,2436297.00
2022/07/11,40.43,40.77,39.77,40.57,84089,3280395.00
2022/07/12,40.18,40.18,39.31,39.40,161093,6202078.00
2022/07/13,40.14,40.16,38.56,38.74,142067,5351024.00
2022/07/14,38.23,41.72,38.23,40.55,240467,9453917.00
2022/07/15,40.20,40.99,40.20,40.20,90686,3563677.00
2022/07/18,39.51,40.07,39.30,39.62,129680,4971425.00
2022/07/19,39.70,40.50,39.20,39.95,203522,7856823.00
2022/07/20,39.62,40.97,39.38,40.65,170570,6651084.00
2022/07/21,40.64,40.95,39.96,40.10,186788,7305346.00
2022/07/22,40.10,40.56,38.99,39.70,168064,6435781.00
2022/07/25,39.08,39.89,38.98,39.46,95054,3620301.00
2022/07/26,39.75,39.75,38.50,38.85,189260,7116649.00
2022/07/27,38.90,40.48,38.38,39.65,263743,10127787.00
2022/07/28,39.57,40.99,39.57,39.81,145836,5679714.00
2022/07/29,40.09,40.09,39.20,39.35,146486,5634495.00
2022/08/01,39.14,39.83,38.81,39.58,125133,4781611.00
2022/08/02,39.34,39.37,36.55,37.53,234500,8549161.00
2022/08/03,37.43,38.80,37.43,38.19,226042,8371685.00
2022/08/04,38.07,39.07,37.87,38.59,153459,5716162.00
2022/08/05,38.81,40.86,38.42,40.52,468858,18236216.00
2022/08/08,40.50,41.41,39.94,41.00,342248,13523778.00
2022/08/09,41.18,41.18,39.91,40.70,249501,9819868.00
2022/08/10,40.97,41.53,40.37,40.93,352249,14052361.00
2022/08/11,41.02,42.17,40.65,41.40,404121,16311980.00
2022/08/12,41.45,42.03,41.10,41.54,305480,12330232.00
2022/08/15,41.39,41.98,40.25,40.75,170571,6733983.00
2022/08/16,40.67,41.26,40.25,40.29,156213,6173577.00
2022/08/17,40.21,41.54,40.10,40.50,163653,6474905.00
2022/08/18,40.53,41.00,39.95,40.71,144261,5660427.00
2022/08/19,40.31,41.30,39.10,39.20,263325,10221734.00
2022/08/22,38.78,39.51,38.21,38.67,206205,7770818.00
2022/08/23,38.00,38.86,38.00,38.52,136545,5072563.00
2022/08/24,38.53,38.53,37.11,37.64,225688,8234549.00
2022/08/25,38.08,38.08,35.98,36.97,238843,8450370.00
2022/08/26,36.97,37.07,35.83,35.83,185647,6538570.00
2022/08/29,35.83,38.13,35.08,37.52,422081,15143892.00
2022/08/30,37.83,38.93,37.25,38.06,289404,10657001.00
2022/08/31,38.10,38.10,36.49,37.12,345433,12403113.00
2022/09/01,37.12,37.89,36.56,37.00,270728,9758773.00
2022/09/02,37.00,38.13,36.86,37.75,221258,8073570.00
2022/09/05,37.75,38.79,37.50,38.55,329910,12208453.00
2022/09/06,38.20,38.97,37.22,38.38,138945,5130579.00
2022/09/07,38.48,39.08,37.70,38.81,166985,6241911.00
2022/09/08,38.91,39.19,37.40,37.99,182636,6795672.00
2022/09/09,38.02,38.02,37.30,37.45,126460,4599371.00
2022/09/13,37.33,38.60,37.33,38.10,192093,7053927.00
2022/09/14,37.65,38.40,37.22,37.99,176920,6439582.00
2022/09/15,38.18,38.35,36.36,37.20,216933,7799943.00
2022/09/16,37.22,37.87,36.47,36.64,112461,4052550.00
2022/09/19,36.95,36.95,35.44,36.31,153078,5326206.00
2022/09/20,36.68,36.80,35.63,36.62,83253,2931908.00
2022/09/21,36.95,37.95,35.90,37.34,130485,4693896.00
2022/09/22,37.70,37.70,36.97,37.06,79979,2894046.00
2022/09/23,37.39,37.39,35.65,35.99,113894,3981290.00
2022/09/26,35.34,35.63,34.58,34.94,173093,5854255.00
2022/09/27,35.54,35.86,34.83,35.76,88075,3015971.00
2022/09/28,35.58,35.99,34.95,35.66,111973,3834204.00
2022/09/29,35.65,36.02,34.21,34.46,122849,4141708.00
2022/09/30,33.73,34.58,33.71,33.71,82067,2693984.00
2022/10/10,33.61,34.06,33.41,33.51,97034,3160514.00
2022/10/11,34.00,34.00,32.03,32.88,76905,2425808.00
2022/10/12,32.60,33.90,32.28,33.82,79186,2529673.00
2022/10/13,33.95,35.66,33.91,35.02,248423,8410979.00
2022/10/14,35.02,35.68,34.92,35.39,270407,9216294.00
2022/10/17,35.58,37.75,35.08,37.36,488111,17470802.00
2022/10/18,37.00,37.45,36.31,36.45,134955,4790796.00
2022/10/19,35.98,37.14,35.93,36.27,182804,6437862.00
2022/10/20,35.70,36.99,35.70,36.45,148550,5254103.00
2022/10/21,36.45,36.92,35.40,36.82,192744,6718818.00
2022/10/24,36.89,37.69,36.04,36.31,163899,5863795.00
2022/10/25,35.69,36.30,34.38,34.85,267175,9022569.00
2022/10/26,35.03,38.68,34.88,38.53,474497,17241974.00
2022/10/27,38.70,41.22,37.91,39.76,668305,25987068.00
2022/10/28,40.00,40.40,37.25,37.61,487511,18227952.00
2022/10/31,38.16,41.00,38.16,39.58,742114,28711628.00
2022/11/01,40.90,42.18,39.72,40.70,724865,28799312.00
2022/11/02,40.70,41.18,40.03,40.70,595878,23509936.00
2022/11/03,40.20,41.98,39.90,41.58,619995,24892204.00
2022/11/04,41.99,41.99,40.72,41.00,458979,18298140.00
2022/11/07,41.00,41.60,40.14,40.70,384514,15182660.00
2022/11/08,40.86,41.64,39.21,41.50,511636,20226396.00
2022/11/09,40.62,41.88,39.80,40.80,327197,13008451.00
2022/11/10,41.18,42.08,40.62,40.70,267064,10697632.00
2022/11/11,41.17,42.20,39.41,39.76,559638,22085772.00
2022/11/14,39.71,40.88,39.30,40.51,482150,18815868.00
2022/11/15,39.86,41.76,39.86,41.20,336081,13403507.00
2022/11/16,41.39,42.43,40.42,41.20,376494,15130023.00
2022/11/17,41.20,43.00,41.20,42.23,552047,22516886.00
2022/11/18,42.19,43.40,41.23,41.27,447724,18479820.00
2022/11/21,41.27,42.38,40.41,40.93,373647,14901931.00
2022/11/22,41.10,41.98,39.81,40.15,475564,18829888.00
2022/11/23,40.45,40.49,38.06,39.00,320449,12087991.00
2022/11/24,38.62,40.12,38.38,39.15,245775,9334019.00
2022/11/25,38.87,39.67,37.81,37.97,261492,9759633.00
2022/11/28,37.33,38.22,36.97,37.52,214428,7784923.00
2022/11/29,37.33,38.55,37.33,38.14,182187,6713202.00
2022/11/30,38.00,38.32,36.77,37.01,283386,10194622.00
2022/12/01,37.03,38.08,37.01,37.78,242981,8875161.00
2022/12/02,38.06,40.00,37.55,39.56,442694,16898780.00
2022/12/05,39.72,40.39,38.80,39.20,372879,14208792.00
2022/12/06,39.20,40.03,38.22,38.30,319775,12013076.00
2022/12/07,37.72,38.61,37.55,38.11,226593,8356513.00
2022/12/08,38.10,38.30,37.23,37.51,178444,6492917.00
2022/12/09,37.37,37.69,36.82,37.03,180404,6497503.00
2022/12/12,36.53,37.56,36.30,37.18,315184,11244934.00
2022/12/13,37.18,37.38,36.22,36.48,251892,8932088.00
2022/12/14,36.22,37.14,36.22,36.32,161564,5727135.00
2022/12/15,35.97,37.03,35.86,36.52,173089,6114679.00
2022/12/16,36.36,36.59,35.17,35.38,283304,9765629.00
2022/12/19,35.38,35.53,34.38,34.79,179826,6047705.00
2022/12/20,35.20,35.20,34.31,34.48,200945,6716504.00
2022/12/21,34.53,34.83,34.20,34.46,169636,5642926.00
2022/12/22,34.70,35.00,33.77,34.24,196704,6512220.00
2022/12/23,34.23,34.92,33.68,34.39,220546,7326519.00
2022/12/26,34.39,36.28,34.27,35.80,316069,10861837.00
2022/12/27,35.80,36.31,35.35,36.20,246713,8550398.00
2022/12/28,36.14,36.56,34.96,35.42,266630,9197223.00
2022/12/29,35.20,35.96,34.89,35.21,149438,5123827.00
2022/12/30,35.22,36.09,35.03,35.25,147076,5029774.00
2023/01/03,35.10,38.30,35.10,37.90,466983,16837604.00
2023/01/04,38.08,38.70,37.21,38.33,411928,15281298.00
2023/01/05,38.51,38.51,37.66,37.72,253522,9303102.00
2023/01/06,37.94,38.06,37.27,37.43,170565,6206673.00
2023/01/09,37.33,38.09,37.06,37.40,217787,7895046.00
2023/01/10,37.20,37.93,36.93,37.40,188867,6856902.00
2023/01/11,37.66,37.66,36.23,36.23,236392,8417418.00
2023/01/12,36.28,36.84,36.09,36.44,188480,6661776.00
2023/01/13,36.73,36.73,35.81,36.45,190999,6677568.00
2023/01/16,36.79,37.59,36.39,36.81,314199,11242286.00
2023/01/17,37.07,37.24,36.41,36.74,174220,6192278.00
2023/01/18,36.72,37.50,36.53,37.35,216796,7802500.00
2023/01/19,37.70,38.17,37.38,37.98,219100,8038592.00
2023/01/20,38.46,38.61,37.58,38.19,291203,10737332.00
2023/01/30,38.50,39.17,38.22,39.09,462879,17381644.00
2023/01/31,38.86,39.10,37.44,37.92,623489,22889166.00
2023/02/01,37.92,39.59,37.66,39.59,806060,30178462.00
2023/02/02,39.59,40.68,39.22,40.02,934249,36231608.00
2023/02/03,39.67,41.87,39.31,41.67,1093054,43643024.00
2023/02/06,41.98,49.76,41.98,49.76,4133404,190265520.00
2023/02/07,50.37,53.49,47.70,50.46,4525771,224695504.00
2023/02/08,49.72,50.86,45.92,46.10,3364475,155737056.00
2023/02/09,45.96,45.96,43.92,45.40,2211376,96715712.00
2023/02/10,45.93,48.48,45.27,46.71,2672487,122032688.00
2023/02/13,46.75,47.00,45.10,45.98,1615688,72266688.00
2023/02/14,46.45,47.00,45.42,45.92,1347416,60431572.00
2023/02/15,45.61,50.13,45.61,48.55,2889996,134678912.00
2023/02/16,48.07,53.20,47.00,49.65,3369473,165020976.00
2023/02/17,48.20,48.20,44.46,45.29,2517077,112471344.00
2023/02/20,44.70,46.13,44.40,45.70,1407648,62005844.00
2023/02/21,45.60,46.55,45.27,45.44,1088345,48741008.00
2023/02/22,45.44,46.29,44.18,45.89,1235685,54353288.00
2023/02/23,45.98,45.99,44.20,44.61,1009446,43855588.00
2023/02/24,44.70,45.64,44.50,45.04,653736,28720656.00
2023/02/27,45.04,45.33,42.88,43.24,858640,36550904.00
2023/02/28,44.00,44.60,43.41,44.06,721843,30848148.00
2023/03/01,44.02,46.28,43.75,46.00,1149748,50740152.00
2023/03/02,46.00,46.90,45.74,46.46,970560,43867488.00
2023/03/03,45.50,53.19,45.49,49.72,3223730,159233616.00
2023/03/06,51.77,59.42,51.77,59.42,3718903,208754256.00
2023/03/07,61.20,61.79,56.20,60.67,5177980,298172256.00
2023/03/08,61.00,64.73,58.21,62.50,4204603,253967552.00
2023/03/09,60.55,62.20,58.93,59.31,3086803,182311072.00
2023/03/10,58.88,59.88,56.19,56.20,2634256,148512128.00
2023/03/13,56.80,57.75,55.23,57.00,2149051,119968728.00
2023/03/14,58.08,58.38,55.20,56.38,1777552,98685712.00
2023/03/15,56.52,57.17,53.74,54.35,1686333,90914312.00
2023/03/16,53.24,62.80,53.24,60.70,3480036,199588384.00
2023/03/17,60.24,69.20,59.20,63.90,3129205,193543808.00
2023/03/20,63.53,66.49,60.31,65.88,2573438,160987680.00
2023/03/21,63.88,65.78,61.60,63.80,2036200,126144352.00
2023/03/22,62.53,64.05,60.79,62.95,1546564,94729664.00
2023/03/23,63.06,67.18,62.36,63.80,2059071,130540976.00
2023/03/24,62.13,68.76,61.81,65.70,2297787,146480784.00
2023/03/27,65.32,65.37,61.31,65.16,2232547,138542528.00
2023/03/28,63.88,69.18,63.40,63.60,1858569,120043520.00
2023/03/29,63.20,66.70,61.20,64.65,1844901,115898880.00
2023/03/30,64.77,64.90,61.70,62.08,872554,53659872.00
2023/03/31,62.00,66.50,61.85,65.81,1040279,65708720.00
2023/04/03,64.20,69.26,64.20,67.78,1779325,117048000.00
2023/04/04,68.26,70.80,66.13,69.19,1777690,119667728.00
2023/04/06,66.00,67.69,64.20,64.61,1547981,99997048.00
2023/04/07,63.86,68.08,63.70,67.30,1053655,68618536.00
2023/04/10,67.30,72.70,63.20,65.41,1544483,102936736.00
2023/04/11,65.34,69.70,64.00,68.20,1324475,86921016.00
2023/04/12,68.50,79.20,67.31,77.45,2410909,174100304.00
2023/04/13,76.67,77.62,72.74,74.20,1509459,110945296.00
2023/04/14,73.30,75.47,70.53,74.89,1017166,73187472.00
2023/04/17,74.00,75.19,70.53,71.40,776327,55017572.00
2023/04/18,70.76,73.17,69.90,71.30,474804,33390180.00
2023/04/19,70.60,74.54,70.20,70.22,741861,52827736.00
2023/04/20,70.20,72.43,69.53,72.40,654477,45961456.00
2023/04/21,72.20,72.30,65.70,67.09,991655,66540196.00
2023/04/24,65.23,67.42,62.99,64.21,752797,47509188.00
2023/04/25,64.70,64.77,60.20,62.15,781665,47610720.00
2023/04/26,61.36,63.70,57.40,59.02,967255,57045520.00
2023/04/27,58.26,60.54,56.94,57.33,852991,48448256.00
2023/04/28,58.01,60.20,57.19,59.60,679744,39539188.00
2023/05/04,60.04,60.04,54.61,56.40,1243504,68448808.00
2023/05/05,56.00,58.03,55.09,57.01,684261,38053640.00
2023/05/08,57.37,57.94,55.64,57.48,615007,34239716.00
2023/05/09,58.25,58.59,54.30,54.97,769393,42179004.00
2023/05/10,55.39,57.00,55.39,56.20,531695,29271808.00
2023/05/11,55.71,56.38,54.88,55.30,289899,15720649.00
2023/05/12,55.27,56.67,55.01,55.56,305077,16604471.00
2023/05/15,55.27,55.50,53.50,55.19,297194,15813755.00
2023/05/16,54.73,55.56,53.36,53.58,269576,14238310.00
2023/05/17,53.21,55.15,52.95,54.93,231039,12297005.00
2023/05/18,54.95,56.55,54.95,55.88,327561,17893146.00
2023/05/19,56.83,57.00,54.96,56.17,310054,16999212.00
2023/05/22,56.11,56.60,54.81,55.63,207979,11309754.00
2023/05/23,55.63,56.19,54.33,54.68,212951,11527802.00
2023/05/24,54.30,55.28,53.53,54.45,282398,15023344.00
2023/05/25,53.78,55.16,52.37,54.24,391411,20505712.00
2023/05/26,54.20,55.78,53.26,54.90,444547,23833664.00
2023/05/29,55.28,56.16,53.84,54.32,409585,21882180.00
2023/05/30,53.84,55.20,52.95,55.18,542535,28667656.00
2023/05/31,55.50,57.00,54.94,56.99,679456,37384752.00
2023/06/01,56.40,58.69,56.04,57.75,805651,45572684.00
2023/06/02,57.53,60.65,57.53,58.64,943530,54598476.00
2023/06/05,58.64,59.88,58.01,59.26,514712,29703396.00
2023/06/06,59.36,59.61,57.20,57.70,587029,33481120.00
2023/06/07,57.40,58.60,56.90,57.35,837752,47241424.00
2023/06/08,57.93,57.93,55.90,57.08,617049,34369428.00
2023/06/09,57.00,61.30,56.31,60.46,1338671,78247848.00
2023/06/12,60.20,60.61,57.08,57.66,1115917,63561352.00
2023/06/13,57.35,67.75,56.20,64.20,2793974,170622400.00
2023/06/14,63.52,64.65,61.31,63.51,2239938,139012144.00
2023/06/15,63.80,66.70,60.70,60.88,1757320,108814984.00
2023/06/16,60.35,62.79,57.86,61.40,1334258,79337952.00
2023/06/19,64.36,71.20,63.50,67.89,3682916,242324192.00
2023/06/20,67.50,70.70,66.21,69.02,2426488,162367872.00
2023/06/21,68.00,68.00,62.25,62.64,1847315,116222816.00
2023/06/26,61.80,62.37,50.90,51.11,2401201,129800144.00
2023/06/27,50.90,53.93,50.90,53.70,1342927,69012656.00
2023/06/28,54.19,54.19,49.84,52.08,788831,39522776.00
2023/06/29,52.91,52.91,50.08,51.37,553176,27826654.00
2023/06/30,50.97,51.50,50.08,51.14,491368,24404528.00
2023/07/03,51.02,51.14,48.57,50.55,778005,37794236.00
2023/07/04,51.03,51.27,50.06,51.08,437079,21680570.00
2023/07/05,51.44,52.48,50.17,50.40,537210,26867580.00
2023/07/06,50.51,51.15,49.80,50.26,394514,19421556.00
2023/07/07,50.31,50.32,48.62,49.50,391943,18898480.00
2023/07/10,49.50,49.57,48.40,48.41,423117,20145612.00
2023/07/11,48.74,50.79,48.30,48.89,501746,24030976.00
2023/07/12,48.94,50.10,48.02,48.19,478035,22750214.00
2023/07/13,48.70,49.39,48.25,49.19,564103,26936342.00
2023/07/14,49.18,52.58,49.18,51.83,965688,48452656.00
2023/07/17,51.70,52.43,49.91,50.53,512113,25364656.00
2023/07/18,50.45,50.77,49.74,50.10,424521,20743732.00
2023/07/19,50.19,50.84,49.25,49.55,399833,19462174.00
2023/07/20,50.08,50.08,47.71,47.79,557206,26342326.00
2023/07/21,47.78,48.43,46.80,47.16,338190,15665704.00
2023/07/24,46.96,49.22,46.96,48.69,441503,20829910.00
2023/07/25,49.21,49.70,48.23,49.21,368688,17606100.00
2023/07/26,49.31,49.76,47.91,48.24,259236,12261697.00
2023/07/27,48.00,48.70,46.34,46.84,298482,13700131.00
2023/07/28,46.77,47.45,45.26,45.73,601263,27116124.00
2023/07/31,46.55,48.63,45.81,45.95,937621,43093940.00
2023/08/01,46.00,46.67,45.55,46.06,444352,19939176.00
2023/08/02,46.49,46.49,45.39,45.73,268298,11967038.00
2023/08/03,45.41,46.14,44.95,45.46,288447,12771728.00
2023/08/04,45.16,47.29,45.14,46.91,388424,17647000.00
2023/08/07,46.91,47.60,45.90,46.39,470617,21272892.00
2023/08/08,46.20,46.75,45.23,45.40,329211,14701267.00
2023/08/09,45.10,45.95,44.55,44.88,307580,13512838.00
2023/08/10,44.67,45.48,44.34,45.00,261975,11453087.00
2023/08/11,45.33,45.47,44.31,44.67,352874,15442972.00
2023/08/14,44.26,45.55,43.58,45.45,466350,20199508.00
2023/08/15,45.59,45.59,43.38,43.87,399230,17077240.00
2023/08/16,43.87,43.87,42.41,42.60,264200,11035918.00
2023/08/17,42.43,44.46,42.10,43.64,418496,17692480.00
2023/08/18,44.00,45.12,42.99,43.13,501351,21493744.00
2023/08/21,43.13,44.45,42.91,43.39,411372,17532772.00
2023/08/22,43.70,47.59,43.30,45.47,1215514,53057440.00
2023/08/23,45.69,46.14,43.40,44.57,1331500,57989144.00
2023/08/24,44.88,45.94,43.70,44.82,987847,43078104.00
2023/08/25,44.20,44.20,42.31,42.42,797409,33446228.00
2023/08/28,44.94,45.48,41.20,41.31,668523,27641422.00
2023/08/29,41.31,46.31,41.10,46.03,1375896,59692192.00
2023/08/30,45.84,48.55,45.15,48.05,1228050,56604992.00
2023/08/31,47.98,48.47,47.20,47.80,754264,35160804.00
2023/09/01,48.14,48.43,44.76,44.96,838403,37363276.00
2023/09/04,44.96,45.50,43.50,44.43,803940,34519356.00
2023/09/05,44.58,45.49,43.88,44.19,652228,28322042.00
2023/09/06,44.59,44.97,43.30,44.87,483468,20816560.00
2023/09/07,44.78,45.20,44.11,44.39,495690,21463864.00
2023/09/08,44.39,45.03,43.50,44.44,397922,17128776.00
2023/09/11,44.80,45.73,43.75,45.27,534983,23349432.00
2023/09/12,44.84,45.57,44.22,44.48,571126,24838224.00
2023/09/13,44.37,44.37,42.61,43.21,530556,22305156.00
2023/09/14,43.20,43.37,42.01,42.30,465137,19253886.00
2023/09/15,42.80,42.80,41.53,41.96,390258,15908057.00
2023/09/18,41.91,43.30,41.91,42.59,433956,17960398.00
2023/09/19,42.90,42.90,41.13,41.29,407074,16413672.00
2023/09/20,41.20,42.20,41.18,41.30,422550,17119024.00
2023/09/21,41.47,41.91,41.13,41.23,286463,11537799.00
2023/09/22,41.17,43.15,40.97,43.11,521745,21473644.00
2023/09/25,43.28,43.81,42.34,43.24,519967,21714684.00
2023/09/26,43.18,47.55,42.67,45.10,1562430,69212624.00
2023/09/27,45.31,45.31,43.98,44.15,933530,40337904.00
2023/09/28,44.06,45.88,43.76,45.46,731241,32000180.00
2023/10/09,45.59,46.46,42.58,42.81,969034,40953312.00
2023/10/10,42.98,43.88,42.70,43.47,601223,25379320.00
2023/10/11,43.57,44.88,42.41,44.16,905558,38588272.00
2023/10/12,44.59,44.59,42.36,42.65,731891,30521576.00
2023/10/13,42.27,42.82,41.80,42.20,592140,24308114.00
2023/10/16,42.58,42.60,41.16,41.71,446977,18078548.00
2023/10/17,41.91,42.04,41.13,41.69,308806,12433477.00
2023/10/18,41.99,41.99,40.24,40.86,421475,16701848.00
2023/10/19,40.81,42.26,40.11,41.13,444571,17945276.00
2023/10/20,40.73,41.61,39.97,40.09,440315,17315892.00
2023/10/23,40.01,40.18,38.66,39.10,435177,16599200.00
2023/10/24,39.66,41.42,38.71,41.30,526965,20714760.00
2023/10/25,41.70,44.58,40.83,44.53,1417090,59614416.00
2023/10/26,44.58,52.20,43.60,48.70,3479838,162544480.00
2023/10/27,48.70,51.70,48.16,48.16,2162828,105731056.00
2023/10/30,49.31,49.97,47.23,49.13,1660542,79145272.00
2023/10/31,49.12,49.12,45.50,46.06,1591643,73015232.00
2023/11/01,45.80,46.39,44.71,45.11,1029135,45347668.00
2023/11/02,45.17,45.69,43.42,43.86,782724,33791968.00
2023/11/03,43.86,46.69,43.67,45.65,803053,35515312.00
2023/11/06,45.97,47.95,45.97,47.45,725285,33405412.00
2023/11/07,47.45,49.18,46.77,49.01,1003938,47091172.00
2023/11/08,53.82,55.70,51.40,52.17,2899509,150691264.00
2023/11/09,51.64,53.06,49.97,50.24,1747049,87218840.00
2023/11/10,50.10,50.10,48.63,48.91,1135909,54560904.00
2023/11/13,49.38,50.02,48.55,48.99,987264,47350920.00
2023/11/14,49.16,54.16,49.16,53.78,2044656,104844112.00
2023/11/15,54.44,62.00,52.74,59.02,4389399,244597216.00
2023/11/16,58.37,66.20,57.30,60.09,4690676,282210848.00
2023/11/17,61.56,62.20,58.77,61.00,2391224,141540672.00
2023/11/20,60.58,65.09,59.00,60.13,2515235,153869760.00
2023/11/21,59.88,60.82,58.73,59.77,1531117,89615928.00
2023/11/22,59.17,60.00,56.80,56.89,1643149,93015072.00
2023/11/23,56.96,57.64,55.22,56.99,1237458,68331736.00
2023/11/24,56.97,56.97,54.01,54.31,1004084,53660460.00
2023/11/27,54.31,55.47,53.15,54.00,1051667,55390840.00
2023/11/28,54.44,55.10,52.94,53.85,971735,51210648.00
2023/11/29,53.85,53.91,52.12,52.26,884128,45404520.00
2023/11/30,52.38,52.71,51.10,51.93,840573,42557916.00
2023/12/01,52.42,54.83,51.67,54.70,971546,50802956.00
2023/12/04,54.82,57.16,53.81,56.60,1854957,100894208.00
2023/12/05,56.70,57.00,54.05,54.19,1268568,68965208.00
2023/12/06,53.99,55.57,53.75,54.40,706061,37599128.00
2023/12/07,53.90,55.80,53.89,55.12,667058,35860084.00
2023/12/08,55.30,56.39,54.70,54.90,781215,42417880.00
2023/12/11,54.62,55.71,53.62,55.10,989275,52924304.00
2023/12/12,55.15,56.19,55.00,55.38,588825,31976068.00
2023/12/13,55.42,56.14,53.97,54.20,444589,23703234.00
2023/12/14,54.30,55.09,52.20,52.84,1196380,62601680.00
2023/12/15,52.83,53.37,51.92,52.85,1092410,56264564.00
2023/12/18,52.76,54.32,51.45,52.13,1041595,53391788.00
2023/12/19,52.03,52.80,51.56,52.50,674006,34378096.00
2023/12/20,52.35,54.08,51.25,52.53,1053987,54081112.00
2023/12/21,52.20,52.41,50.85,51.00,969872,48673408.00
2023/12/22,51.00,51.56,49.14,49.38,809859,39491776.00
2023/12/25,49.14,50.99,48.77,49.25,505638,24419940.00
2023/12/26,49.48,49.54,47.27,48.01,432273,20212080.00
2023/12/27,47.71,48.66,47.20,47.33,720825,33613632.00
2023/12/28,48.02,48.69,46.55,48.05,670277,31257372.00
2023/12/29,48.05,49.50,47.95,49.27,575047,27466208.00
2024/01/02,49.47,49.78,47.96,48.04,446058,21147276.00
2024/01/03,47.97,48.68,46.81,47.44,556840,25786100.00
2024/01/04,48.11,48.20,46.60,46.87,517039,23717790.00
2024/01/05,47.13,47.64,46.21,46.39,583854,26630724.00
2024/01/08,46.63,46.80,45.03,45.28,595941,26495296.00
2024/01/09,45.19,46.52,44.65,45.35,805518,35693320.00
2024/01/10,45.62,45.62,44.10,44.77,408098,17835084.00
2024/01/11,44.77,46.16,44.35,46.09,432396,19175034.00
2024/01/12,45.41,45.91,44.50,44.51,561451,24659266.00
2024/01/15,44.51,45.62,44.17,44.51,595904,25973022.00
2024/01/16,44.73,44.94,43.49,44.64,500821,21516824.00
2024/01/17,44.87,44.88,42.68,43.02,642707,27260808.00
2024/01/18,43.02,43.60,41.33,42.84,678240,27926188.00
2024/01/19,42.84,43.00,41.38,41.67,452083,18407928.00
2024/01/22,41.79,42.22,37.89,38.96,612562,23914746.00
2024/01/23,38.46,39.20,37.81,38.58,764054,28384510.00
2024/01/24,39.08,39.08,36.35,38.02,983543,35677492.00
2024/01/25,38.02,41.38,37.65,41.21,1144875,44502828.00
2024/01/26,41.54,42.72,40.40,40.69,797437,31963356.00
2024/01/29,41.67,41.70,38.23,38.60,652150,24832288.00
2024/01/30,37.86,38.66,36.84,36.86,490479,17866178.00
2024/01/31,37.59,37.59,33.87,34.20,798651,26985280.00
2024/02/01,34.19,34.19,32.38,33.06,640008,20424392.00
2024/02/02,33.80,34.87,29.90,31.39,777383,23947224.00
2024/02/05,30.83,31.02,25.35,25.35,1498760,38077792.00
2024/02/06,24.60,25.86,21.66,24.60,1595603,35547092.00
2024/02/07,24.75,24.98,21.38,21.91,1769314,37648868.00
2024/02/08,22.20,26.05,21.70,26.05,1777148,39458684.00
2024/02/19,27.17,30.49,26.85,29.30,1702162,47414288.00
数据来源:通达信
