601133 柏诚股份 日线 后复权
      日期	    开盘	    最高	    最低	    收盘	    成交量	    成交额
2023/04/10,20.89,27.16,18.85,24.56,85343549,1919756800.00
2023/04/11,21.30,22.21,18.65,18.99,57740097,1169394304.00
2023/04/12,18.30,18.76,17.66,18.23,38048146,693275136.00
2023/04/13,18.24,19.04,17.41,18.38,37183643,674634688.00
2023/04/14,18.00,18.33,17.33,17.87,31987233,571044352.00
2023/04/17,18.26,19.66,18.12,18.93,57057299,1089540608.00
2023/04/18,18.39,18.44,17.20,17.20,45947571,811236416.00
2023/04/19,16.91,17.51,16.66,17.22,25093447,430866464.00
2023/04/20,17.25,17.45,16.90,16.90,20470070,351140384.00
2023/04/21,16.79,16.80,15.43,15.52,26971243,432429312.00
2023/04/24,15.27,15.80,15.26,15.60,13456947,208987888.00
2023/04/25,15.63,15.75,14.87,14.97,13912502,211402432.00
2023/04/26,14.98,15.41,14.95,15.18,11415082,173931104.00
2023/04/27,15.00,15.31,14.75,14.80,11919394,178760096.00
2023/04/28,14.82,15.11,14.82,15.01,9227633,138423408.00
2023/05/04,14.93,15.11,14.78,14.82,8376749,124839544.00
2023/05/05,14.88,14.92,14.35,14.37,9624575,139866848.00
2023/05/08,14.42,14.69,14.41,14.66,7413418,108069264.00
2023/05/09,14.63,15.67,14.62,15.29,20117301,305190048.00
2023/05/10,15.23,15.23,14.67,15.01,12511308,186047888.00
2023/05/11,14.82,14.90,14.61,14.65,7234197,106579712.00
2023/05/12,14.57,14.84,14.56,14.59,5044357,74023896.00
2023/05/15,14.59,14.73,14.44,14.71,4784535,69848456.00
2023/05/16,14.85,14.85,14.57,14.63,5388538,79153984.00
2023/05/17,14.52,14.97,14.52,14.96,8107417,119928240.00
2023/05/18,14.81,15.09,14.77,14.99,7655922,114190856.00
2023/05/19,14.99,15.48,14.85,15.34,12902919,196912640.00
2023/05/22,15.50,16.43,15.50,16.02,22534177,361125664.00
2023/05/23,16.15,16.37,15.75,15.75,19512666,313639552.00
2023/05/24,15.43,15.95,15.42,15.63,10372514,161968048.00
2023/05/25,15.61,15.80,15.46,15.74,9657979,151031664.00
2023/05/26,15.74,15.74,15.30,15.34,8454667,130495544.00
2023/05/29,15.34,15.51,15.12,15.22,6932095,105877992.00
2023/05/30,15.22,15.28,14.75,14.95,8821051,131901120.00
2023/05/31,14.85,15.01,14.60,14.64,7467184,110200768.00
2023/06/01,14.58,14.74,14.46,14.68,5134255,75161632.00
2023/06/02,14.75,14.86,14.60,14.85,5523243,81712368.00
2023/06/05,14.85,16.34,14.84,16.34,28290702,456250496.00
2023/06/06,16.88,17.32,16.50,16.67,50442366,853190848.00
2023/06/07,16.88,17.82,16.70,17.02,35998226,616829696.00
2023/06/08,16.51,16.89,16.40,16.76,20890126,343958528.00
2023/06/09,16.63,16.74,16.40,16.65,13229299,217102656.00
2023/06/12,16.65,17.27,16.45,17.27,23144960,387408640.00
2023/06/13,17.12,17.18,16.70,16.99,15372501,257887808.00
2023/06/14,16.94,16.99,16.52,16.67,10481613,173513344.00
2023/06/15,16.86,17.32,16.71,16.74,12981836,218454368.00
2023/06/16,16.45,17.08,16.40,16.99,11155703,186513072.00
2023/06/19,17.15,17.55,16.70,16.82,14451060,244294624.00
2023/06/20,16.72,16.95,16.45,16.75,9335428,153742608.00
2023/06/21,16.61,16.75,15.63,15.63,11781829,187159712.00
2023/06/26,15.30,15.51,14.68,14.76,9053338,134859152.00
2023/06/27,14.71,15.17,14.67,15.11,5045761,74921552.00
2023/06/28,15.03,15.03,14.25,14.82,8542660,123419328.00
2023/06/29,14.70,14.99,14.61,14.83,7147732,104646912.00
2023/06/30,14.82,15.15,14.64,15.06,5598354,82872728.00
2023/07/03,15.14,15.32,14.98,15.28,6144321,92411376.00
2023/07/04,15.26,15.31,15.05,15.28,4844634,72861472.00
2023/07/05,15.18,15.28,14.92,14.93,5600519,83680096.00
2023/07/06,14.90,15.33,14.88,15.07,5517260,82659792.00
2023/07/07,14.95,15.21,14.95,15.12,3953660,59033196.00
2023/07/10,15.15,15.16,14.56,14.65,8569058,124767600.00
2023/07/11,14.59,15.00,14.59,14.84,6175599,90380840.00
2023/07/12,14.80,15.22,14.67,14.79,7307974,108070408.00
2023/07/13,15.07,16.25,15.06,15.70,20792291,326282848.00
2023/07/14,15.52,16.05,15.51,15.52,11732676,182614096.00
2023/07/17,15.55,15.57,15.21,15.32,5562954,84585080.00
2023/07/18,15.25,15.61,15.25,15.35,5619728,85717872.00
2023/07/19,15.29,15.41,15.11,15.17,5496732,82734944.00
2023/07/20,15.21,15.23,14.86,14.92,4765652,70780624.00
2023/07/21,14.91,15.06,14.76,14.92,4074912,60171036.00
2023/07/24,14.97,14.99,14.79,14.80,3089214,45447724.00
2023/07/25,14.96,15.28,14.90,15.22,5731302,85933704.00
2023/07/26,15.23,15.24,15.08,15.17,3492697,52385284.00
2023/07/27,15.17,15.25,14.65,14.72,9257430,136111088.00
2023/07/28,14.72,14.81,14.44,14.77,5132510,74423632.00
2023/07/31,14.75,14.87,14.72,14.85,4042071,59244040.00
2023/08/01,14.85,14.85,14.66,14.74,3985914,58054676.00
2023/08/02,14.69,14.73,14.60,14.70,2739397,39788828.00
2023/08/03,14.70,14.84,14.62,14.81,3970172,58059084.00
2023/08/04,14.78,14.89,14.78,14.81,3688136,54115172.00
2023/08/07,14.88,14.90,14.64,14.69,3304483,48091352.00
2023/08/08,14.74,15.19,14.66,15.09,7510562,111335032.00
2023/08/09,15.02,15.04,14.82,14.86,3871810,57205992.00
2023/08/10,14.86,15.12,14.86,15.04,4235243,62993736.00
2023/08/11,15.10,15.11,14.74,14.74,4959585,73216336.00
2023/08/14,14.56,14.83,14.50,14.83,3164719,45928836.00
2023/08/15,14.80,15.08,14.60,14.97,5560659,81933576.00
2023/08/16,14.96,15.03,14.86,14.91,3979689,58842496.00
2023/08/17,14.85,15.05,14.57,14.99,4684813,68937584.00
2023/08/18,14.99,15.34,14.95,15.12,11084060,166812832.00
2023/08/21,15.10,15.70,15.08,15.61,15585123,239478864.00
2023/08/22,15.54,15.61,15.01,15.42,12590919,191479392.00
2023/08/23,15.34,15.95,15.25,15.62,16707393,259897488.00
2023/08/24,15.55,15.61,14.96,14.96,12727752,190723456.00
2023/08/25,14.59,14.60,13.48,13.48,16955751,228287008.00
2023/08/28,13.90,13.90,12.96,13.01,14359087,189708160.00
2023/08/29,12.86,13.50,12.80,13.45,10739134,140852864.00
2023/08/30,13.35,14.14,13.32,13.55,10327785,139567520.00
2023/08/31,13.44,14.35,13.35,13.93,14184013,194793184.00
2023/09/01,13.84,14.00,13.66,13.77,6805384,92658448.00
2023/09/04,13.73,13.90,13.66,13.87,5373188,73429088.00
2023/09/05,14.02,14.31,13.83,13.90,8559923,119073520.00
2023/09/06,13.75,15.28,13.68,15.28,24242021,353324000.00
2023/09/07,15.43,15.48,14.78,14.80,26237076,390327424.00
2023/09/08,14.73,15.33,14.65,14.93,17889404,265837376.00
2023/09/11,14.91,14.92,14.39,14.51,12068272,173740352.00
2023/09/12,14.35,14.45,14.08,14.19,8960747,126075664.00
2023/09/13,14.17,14.17,13.82,14.06,6097030,84255696.00
2023/09/14,14.10,14.14,13.54,13.64,6424200,87559152.00
2023/09/15,13.80,14.25,13.76,13.98,11452323,159292064.00
2023/09/18,13.88,14.61,13.87,14.35,9613920,135538080.00
2023/09/19,14.15,14.20,13.90,13.97,5524073,76708960.00
2023/09/20,13.90,13.97,13.48,13.51,5767038,78092960.00
2023/09/21,13.49,13.61,13.33,13.35,3216888,42712816.00
2023/09/22,13.37,13.64,13.16,13.64,4067109,54203816.00
2023/09/25,13.60,13.70,13.44,13.53,3404846,45646912.00
2023/09/26,13.53,13.69,13.28,13.58,5034857,67200952.00
2023/09/27,13.53,13.59,13.26,13.28,5147436,68320048.00
2023/09/28,13.32,13.53,13.32,13.46,3699167,49219928.00
2023/10/09,13.45,13.62,13.25,13.50,3397879,45212076.00
2023/10/10,14.06,14.42,13.70,13.81,14912839,206912128.00
2023/10/11,13.66,14.26,13.66,14.24,11222208,155133872.00
2023/10/12,14.31,14.43,13.80,13.89,9707871,134333776.00
2023/10/13,13.83,13.87,13.57,13.65,6102717,82552600.00
2023/10/16,13.69,13.71,13.38,13.45,4237184,56459660.00
2023/10/17,13.54,13.62,13.31,13.43,3323692,44149052.00
2023/10/18,13.44,13.44,13.01,13.02,4835390,62817784.00
2023/10/19,12.91,13.50,12.83,13.24,5283935,68920784.00
2023/10/20,13.05,13.18,12.90,12.92,3385941,43499840.00
2023/10/23,12.92,12.92,12.10,12.22,5862704,71551920.00
2023/10/24,12.29,12.72,12.22,12.56,4711870,58347000.00
2023/10/25,12.74,12.87,12.65,12.76,3857441,48656544.00
2023/10/26,12.62,12.75,12.47,12.67,2834081,35126880.00
2023/10/27,12.61,13.09,12.60,13.02,4557696,57830048.00
2023/10/30,12.97,13.69,12.83,13.38,7136484,93472160.00
2023/10/31,14.20,14.70,13.49,13.57,14282529,197283088.00
2023/11/01,13.52,13.85,13.30,13.63,10652578,142721520.00
2023/11/02,13.78,13.95,13.08,13.08,9921713,131292240.00
2023/11/03,12.98,13.77,12.98,13.69,11392926,151592832.00
2023/11/06,13.77,14.14,13.71,13.90,8935484,122070320.00
2023/11/07,13.83,14.19,13.64,13.98,7349177,101176624.00
2023/11/08,13.98,14.64,13.83,14.20,16682840,234113184.00
2023/11/09,14.20,15.60,14.19,15.60,30908583,465462944.00
2023/11/10,15.20,15.71,14.72,15.35,41089529,615140224.00
2023/11/13,15.35,15.35,14.87,15.10,21877206,324043520.00
2023/11/14,15.07,15.07,14.73,14.92,13357490,196126272.00
2023/11/15,15.00,15.08,14.75,14.93,12399698,182177232.00
2023/11/16,14.90,15.08,14.75,14.92,11207929,165290720.00
2023/11/17,14.89,15.18,14.81,15.13,12253009,181435280.00
2023/11/20,15.14,16.00,14.91,15.45,22735557,344402016.00
2023/11/21,15.45,15.94,14.95,14.98,22750567,345921152.00
2023/11/22,14.85,15.13,14.60,14.89,14232373,207980544.00
2023/11/23,14.81,14.81,14.51,14.59,8916297,128338416.00
2023/11/24,14.60,14.64,14.11,14.21,8780839,123625120.00
2023/11/27,14.28,14.32,14.13,14.14,4796590,67171736.00
2023/11/28,14.16,14.37,14.08,14.26,4810980,67567840.00
2023/11/29,14.21,14.46,14.06,14.16,5495484,77311928.00
2023/11/30,14.14,14.18,13.78,13.97,5888320,81013128.00
2023/12/01,13.89,14.09,13.80,14.02,3500600,48248488.00
2023/12/04,14.03,14.14,13.98,14.05,3112860,43193592.00
2023/12/05,13.98,14.04,13.61,13.65,4384077,59611096.00
2023/12/06,13.54,13.80,13.53,13.60,3102318,41801756.00
2023/12/07,13.64,13.78,13.54,13.68,3619099,48701376.00
2023/12/08,13.64,13.96,13.63,13.74,6384927,86945200.00
2023/12/11,13.70,14.11,13.60,14.04,5147050,70756792.00
2023/12/12,14.07,14.13,13.92,14.03,2656775,36693696.00
2023/12/13,13.95,14.03,13.79,13.81,2859392,39219720.00
2023/12/14,13.85,13.96,13.77,13.90,2559318,34980288.00
2023/12/15,13.89,13.92,13.73,13.77,2949015,40171836.00
2023/12/18,13.76,13.84,13.47,13.50,2929029,39207608.00
2023/12/19,13.52,13.63,13.42,13.54,1706726,22740766.00
2023/12/20,13.53,13.65,13.38,13.38,2002073,26638036.00
2023/12/21,13.38,13.60,13.14,13.49,2869194,37804352.00
2023/12/22,13.49,13.53,13.14,13.19,3247013,42519384.00
2023/12/25,13.20,13.31,13.07,13.13,1747706,22639890.00
2023/12/26,13.14,13.15,12.85,12.89,2604714,33161308.00
2023/12/27,12.90,13.19,12.88,13.08,2183950,28029008.00
2023/12/28,13.03,13.33,12.94,13.25,3665630,47709472.00
2023/12/29,13.28,13.42,13.26,13.37,3049117,40100520.00
2024/01/02,13.35,13.42,13.29,13.30,2103022,27658380.00
2024/01/03,13.33,13.37,13.12,13.24,2431961,31701056.00
2024/01/04,13.17,13.22,13.08,13.15,1685590,21823680.00
2024/01/05,13.11,13.26,12.86,12.92,2580436,33124176.00
2024/01/08,12.86,12.91,12.62,12.62,2347000,29463416.00
2024/01/09,12.61,12.88,12.61,12.70,2106708,26430132.00
2024/01/10,12.66,12.78,12.46,12.58,2106524,26194492.00
2024/01/11,12.55,12.82,12.53,12.76,2149416,26862302.00
2024/01/12,12.76,12.87,12.61,12.61,2304340,28922534.00
2024/01/15,12.56,12.73,12.45,12.59,1645727,20422514.00
2024/01/16,12.65,12.76,12.45,12.65,2518442,31245876.00
2024/01/17,12.64,12.64,12.28,12.33,2056024,25180424.00
2024/01/18,12.24,12.36,11.97,12.31,3088212,36925952.00
2024/01/19,12.34,12.54,12.12,12.12,2174332,26274220.00
2024/01/22,12.12,12.14,11.26,11.38,2942226,33825612.00
2024/01/23,11.39,11.59,11.23,11.56,2655831,29903972.00
2024/01/24,11.49,11.76,11.20,11.69,3161240,35747456.00
2024/01/25,11.68,12.07,11.61,12.04,3326332,38963776.00
2024/01/26,12.00,12.10,11.90,11.92,2698873,31811984.00
2024/01/29,12.02,12.14,11.76,11.78,2918274,34347808.00
2024/01/30,11.62,11.73,11.32,11.35,2575457,29170334.00
2024/01/31,11.30,11.38,10.77,10.77,3221815,34800264.00
2024/02/01,10.65,10.87,10.26,10.53,2716350,28254974.00
2024/02/02,10.54,10.69,9.59,9.95,3997479,39607776.00
2024/02/05,9.90,9.90,8.98,8.99,5192624,46748268.00
2024/02/06,8.66,9.49,8.39,9.14,4999978,43583124.00
2024/02/07,9.10,9.48,8.51,8.68,6433885,56438696.00
2024/02/08,8.78,9.53,8.69,9.53,7186092,64485620.00
2024/02/19,9.79,9.81,9.50,9.67,4853515,46014716.00
数据来源:通达信
