603273 天元智能 日线 后复权
      日期	    开盘	    最高	    最低	    收盘	    成交量	    成交额
2023/10/23,20.10,25.00,20.10,22.88,37279566,855255104.00
2023/10/24,19.10,20.88,17.88,18.20,31232784,594518400.00
2023/10/25,20.50,45.48,20.50,33.01,44346225,1171190016.00
2023/10/26,30.11,53.88,30.04,49.75,43306840,1721901184.00
2023/10/27,46.00,52.06,36.01,40.00,37340399,1674691712.00
2023/10/30,36.00,36.60,36.00,36.00,5235500,188511216.00
2023/10/31,32.40,37.69,32.40,33.25,31958230,1086400128.00
2023/11/01,33.43,33.56,29.93,29.98,24663506,762195712.00
2023/11/02,29.83,30.00,27.51,27.92,22545134,641520576.00
2023/11/03,28.30,28.84,27.60,27.61,16916457,474724448.00
2023/11/06,27.69,29.10,27.66,28.30,15385700,434494528.00
2023/11/07,28.70,28.80,27.93,28.60,14298755,404682880.00
2023/11/08,29.17,31.00,29.01,30.27,24732927,739657920.00
2023/11/09,29.41,30.30,27.61,27.63,20886380,602300160.00
2023/11/10,27.01,30.39,26.33,30.39,17492816,504356832.00
2023/11/13,31.59,31.59,29.43,30.03,21137556,640516288.00
2023/11/14,29.88,30.13,29.00,29.20,13859986,408169792.00
2023/11/15,29.49,29.72,28.72,28.80,10883089,316233248.00
2023/11/16,28.60,29.07,27.86,28.02,9555157,270490880.00
2023/11/17,27.84,28.27,27.59,27.93,6737114,187560048.00
2023/11/20,28.18,28.18,27.88,28.15,5797462,162637648.00
2023/11/21,28.27,28.38,27.15,27.67,8538105,237424560.00
2023/11/22,27.99,30.44,27.94,30.44,19912166,582089472.00
2023/11/23,31.88,33.48,31.86,33.48,28761255,956366208.00
2023/11/24,32.59,33.10,30.13,30.13,28888464,894783680.00
2023/11/27,27.62,28.30,27.12,27.12,16768944,460098112.00
2023/11/28,26.20,27.12,25.62,26.65,11999941,316502080.00
2023/11/29,26.50,26.84,25.43,25.48,11340278,294054912.00
2023/11/30,25.10,25.57,24.53,24.91,9204866,230168000.00
2023/12/01,24.97,26.22,24.31,25.62,12309853,314020768.00
2023/12/04,25.29,26.29,25.27,25.74,10149791,263078384.00
2023/12/05,26.04,26.04,24.86,24.87,7105339,178418560.00
2023/12/06,24.68,25.16,24.54,24.62,5822441,144335616.00
2023/12/07,24.60,24.77,24.22,24.28,5685675,139152752.00
2023/12/08,24.29,24.50,24.00,24.00,4607621,111618984.00
2023/12/11,23.98,24.39,23.71,24.36,4552379,109851904.00
2023/12/12,24.30,24.47,24.12,24.20,3602191,87429264.00
2023/12/13,24.21,24.50,23.81,24.35,5979216,144727456.00
2023/12/14,24.35,24.43,22.92,23.14,9043882,212237296.00
2023/12/15,23.28,23.39,22.85,22.89,4233310,97535496.00
2023/12/18,22.73,23.05,22.60,22.61,2962329,67475568.00
2023/12/19,22.75,23.36,22.63,23.21,4812317,111178768.00
2023/12/20,23.65,25.53,23.65,25.53,10682160,269927680.00
2023/12/21,24.65,24.90,23.92,24.65,15684848,382533984.00
2023/12/22,24.64,27.08,24.09,25.49,20627632,522462752.00
2023/12/25,24.91,25.06,24.01,24.42,11696081,285118336.00
2023/12/26,24.11,24.92,23.31,24.56,8828342,213983664.00
2023/12/27,24.24,25.26,23.88,25.25,11576130,287128608.00
2023/12/28,25.20,25.83,24.65,25.33,11968140,301381984.00
2023/12/29,25.02,25.53,24.96,25.06,8351117,210145920.00
2024/01/02,24.95,25.43,24.88,25.27,6838001,172616816.00
2024/01/03,25.40,25.42,23.51,24.10,8636989,210526960.00
2024/01/04,24.40,26.51,24.20,26.51,17526429,462318656.00
2024/01/05,26.51,28.10,26.13,26.92,30876660,839473600.00
2024/01/08,26.08,27.47,25.64,26.02,15834825,416528800.00
2024/01/09,25.89,28.50,25.89,27.70,21808441,598865728.00
2024/01/10,26.77,29.33,26.77,28.48,21536539,607028224.00
2024/01/11,28.00,28.47,26.75,28.06,14578921,403434144.00
2024/01/12,27.50,28.88,26.88,28.42,16100053,448868096.00
2024/01/15,27.72,28.29,27.27,27.31,10022348,277270720.00
2024/01/16,27.09,27.10,24.80,25.68,13259677,340547616.00
2024/01/17,25.28,25.40,23.11,23.28,13036892,310890528.00
2024/01/18,22.80,22.93,21.93,22.46,8753751,195605872.00
2024/01/19,22.40,22.41,21.55,21.55,7518130,164613120.00
2024/01/22,21.50,21.60,20.00,20.23,7380801,153198880.00
2024/01/23,20.26,20.75,20.02,20.35,5510416,112169952.00
2024/01/24,20.40,20.76,19.60,20.60,7053092,142886016.00
2024/01/25,20.20,21.09,20.02,21.05,7250320,150144960.00
2024/01/26,21.06,21.49,20.62,20.78,6545735,138006016.00
2024/01/29,21.51,21.70,20.31,20.97,7779808,163965216.00
2024/01/30,20.34,20.48,18.93,19.01,7534800,146617472.00
2024/01/31,18.81,19.35,17.92,18.05,5648868,104604520.00
2024/02/01,18.00,18.05,17.37,17.57,4749181,84055504.00
2024/02/02,17.60,17.97,16.32,16.92,5468907,93670960.00
2024/02/05,16.91,16.91,15.23,15.23,4991712,77503944.00
2024/02/06,14.53,15.67,13.73,15.26,7410834,108405288.00
2024/02/07,15.30,15.49,14.18,14.55,7114985,106327296.00
2024/02/08,14.63,15.74,14.48,15.56,6134714,92721128.00
2024/02/19,15.68,16.30,15.68,16.16,3521412,56480640.00
数据来源:通达信
