688603 天承科技 日线 后复权
      日期	    开盘	    最高	    最低	    收盘	    成交量	    成交额
2023/07/10,87.30,94.80,77.00,87.11,9736180,846297152.00
2023/07/11,88.38,99.90,88.00,91.19,5197866,489352736.00
2023/07/12,88.51,95.38,85.73,92.30,3992008,365275072.00
2023/07/13,91.67,103.02,91.67,103.02,3813265,373731360.00
2023/07/14,103.81,103.81,94.00,97.92,3768751,369892288.00
2023/07/17,96.95,99.98,95.00,96.44,2020545,197181456.00
2023/07/18,95.46,103.02,94.61,94.88,1902100,187163680.00
2023/07/19,93.93,101.75,93.93,96.91,1643795,160820112.00
2023/07/20,96.05,102.00,94.61,99.40,1478583,146142384.00
2023/07/21,99.02,100.76,93.01,93.99,1412059,135441664.00
2023/07/24,92.08,96.00,91.02,94.50,748534,70725872.00
2023/07/25,96.20,99.89,95.22,98.08,1007483,99112336.00
2023/07/26,96.50,98.90,94.00,95.00,710595,68264880.00
2023/07/27,94.45,95.95,92.00,93.11,364082,34316108.00
2023/07/28,93.11,93.11,88.90,90.69,724194,65754048.00
2023/07/31,93.72,93.72,87.13,89.79,584265,52435996.00
2023/08/01,88.87,93.00,86.00,89.76,571121,50897760.00
2023/08/02,88.09,95.80,87.13,95.60,1137748,105466584.00
2023/08/03,94.80,95.49,89.51,90.10,730926,66934148.00
2023/08/04,89.10,93.10,88.22,92.46,547660,50176888.00
2023/08/07,91.86,93.60,89.68,92.98,515848,47290856.00
2023/08/08,93.89,93.91,89.50,89.50,383472,34907452.00
2023/08/09,88.50,91.81,88.24,90.20,419722,37721516.00
2023/08/10,89.01,91.65,88.00,89.89,294369,26451634.00
2023/08/11,90.00,90.00,86.00,86.60,391268,34326776.00
2023/08/14,85.20,88.66,85.00,87.32,311606,27076776.00
2023/08/15,87.32,87.32,82.40,85.42,437207,36987512.00
2023/08/16,83.02,85.14,83.02,83.79,236235,19856928.00
2023/08/17,85.47,85.47,79.59,82.00,1097045,88876464.00
2023/08/18,81.51,89.00,81.51,83.60,921985,79643304.00
2023/08/21,83.60,87.29,81.90,86.13,553118,46982144.00
2023/08/22,86.30,87.10,81.78,83.14,425522,35588512.00
2023/08/23,83.14,83.14,79.58,80.00,486168,39372604.00
2023/08/24,80.60,83.98,79.20,79.97,708064,57662496.00
2023/08/25,63.98,81.00,63.98,74.32,805076,60734664.00
2023/08/28,79.19,81.56,74.32,76.72,662461,51785244.00
2023/08/29,73.90,82.95,73.71,80.51,700875,54974148.00
2023/08/30,84.51,85.47,82.00,84.96,845614,70703336.00
2023/08/31,85.00,85.54,82.21,83.75,481039,40311352.00
2023/09/01,81.60,83.80,78.52,78.98,563381,45424560.00
2023/09/04,79.99,79.99,76.22,77.20,517757,40060264.00
2023/09/05,76.57,83.80,76.57,80.40,698010,56338472.00
2023/09/06,83.00,84.50,78.23,82.75,720562,58945548.00
2023/09/07,82.76,85.50,80.00,80.00,480602,39800056.00
2023/09/08,78.93,81.67,78.33,80.32,418775,33306188.00
2023/09/11,80.56,82.49,78.02,81.82,512511,41159748.00
2023/09/12,81.20,81.58,77.79,78.11,424948,33684488.00
2023/09/13,78.00,78.55,75.00,77.85,378321,28980468.00
2023/09/14,77.88,79.10,72.90,74.07,482829,36095468.00
2023/09/15,74.06,74.06,70.05,70.67,556963,40088752.00
2023/09/18,68.58,72.80,68.06,68.92,481309,33658616.00
2023/09/19,68.75,69.49,67.60,68.33,213196,14588436.00
2023/09/20,68.33,69.04,66.67,67.38,226055,15304458.00
2023/09/21,67.38,69.81,66.98,68.28,353584,24300056.00
2023/09/22,69.28,69.98,66.66,69.50,320641,22020096.00
2023/09/25,69.45,71.00,67.55,70.03,370263,25882918.00
2023/09/26,70.30,74.96,68.23,74.50,530336,38493508.00
2023/09/27,75.00,75.00,70.35,70.44,529554,38237380.00
2023/09/28,70.97,73.44,68.89,72.76,294970,21159348.00
2023/10/09,73.00,73.48,70.28,70.69,249082,17846530.00
2023/10/10,70.07,71.07,68.37,68.87,250045,17373308.00
2023/10/11,70.00,72.51,69.12,69.81,347730,24456600.00
2023/10/12,71.99,75.88,69.29,75.42,724489,52643032.00
2023/10/13,75.06,77.59,72.30,75.06,496262,36849176.00
2023/10/16,75.10,75.10,70.90,71.99,359461,26059852.00
2023/10/17,71.77,71.77,69.06,70.31,235159,16474216.00
2023/10/18,71.99,79.99,70.51,76.51,955259,73666064.00
2023/10/19,73.00,79.09,72.32,77.05,719236,55232300.00
2023/10/20,75.15,76.68,71.29,71.88,361558,26562626.00
2023/10/23,70.98,71.58,68.31,68.94,393741,27474730.00
2023/10/24,70.41,74.59,67.88,71.92,367548,26213080.00
2023/10/25,72.93,72.93,70.66,71.20,144493,10335666.00
2023/10/26,69.52,71.50,68.60,70.26,173960,12114622.00
2023/10/27,70.04,75.00,68.87,73.41,305786,22150108.00
2023/10/30,74.09,79.07,72.30,78.19,496502,38044924.00
2023/10/31,77.86,78.98,74.33,75.89,223405,16940976.00
2023/11/01,74.50,76.44,73.75,74.04,155719,11631282.00
2023/11/02,74.04,75.87,71.30,71.48,165759,12043972.00
2023/11/03,72.00,77.78,71.48,75.72,369866,27702088.00
2023/11/06,75.72,85.80,74.95,83.50,897947,73976960.00
2023/11/07,88.40,88.40,81.55,84.05,712879,59897624.00
2023/11/08,82.99,93.00,81.15,91.00,1326708,117124384.00
2023/11/09,90.50,90.87,84.06,85.20,1178231,103389768.00
2023/11/10,84.66,86.54,82.81,83.62,535945,45351736.00
2023/11/13,83.31,85.10,79.00,79.76,805098,65301160.00
2023/11/14,79.75,83.50,78.34,82.99,592957,48246928.00
2023/11/15,85.55,89.70,83.22,84.10,623571,53451240.00
2023/11/16,83.60,83.60,80.31,80.73,527966,43083576.00
2023/11/17,80.10,89.00,79.86,87.00,1391775,119343552.00
2023/11/20,91.00,92.80,84.36,91.17,1840223,164737152.00
2023/11/21,88.99,89.10,82.49,85.00,1009308,86806712.00
2023/11/22,84.14,87.01,82.77,85.89,416601,35507388.00
2023/11/23,84.98,87.73,83.00,86.38,389491,33135728.00
2023/11/24,85.20,85.91,83.19,84.17,272397,22980120.00
2023/11/27,83.00,88.83,82.70,87.08,481697,41714252.00
2023/11/28,86.90,88.40,85.25,87.56,214321,18672102.00
2023/11/29,86.45,91.50,85.00,87.09,413823,36955080.00
2023/11/30,85.80,88.00,85.00,86.36,174870,15013101.00
2023/12/01,85.99,91.30,84.50,89.16,263683,23332936.00
2023/12/04,89.08,89.77,85.30,86.80,540633,47039620.00
2023/12/05,85.99,87.00,83.50,83.55,281162,23945344.00
2023/12/06,83.50,86.28,80.31,81.60,464971,38204224.00
2023/12/07,81.19,81.69,79.25,79.38,281799,22654092.00
2023/12/08,79.67,81.00,79.20,79.50,319972,25645332.00
2023/12/11,79.50,82.47,78.12,82.00,522901,42355616.00
2023/12/12,82.00,83.71,80.56,81.77,425036,35064320.00
2023/12/13,81.70,82.59,80.08,80.57,369427,29920252.00
2023/12/14,80.60,80.88,77.75,77.92,221515,17482516.00
2023/12/15,77.77,78.86,76.30,76.89,368422,28530312.00
2023/12/18,76.50,77.50,75.33,76.81,201416,15336604.00
2023/12/19,77.39,78.80,76.33,77.77,289383,22393528.00
2023/12/20,77.77,78.52,76.01,76.54,167656,12966848.00
2023/12/21,75.55,76.95,74.40,76.26,319112,24083360.00
2023/12/22,76.21,76.21,73.01,73.98,279741,20915552.00
2023/12/25,73.70,75.23,73.18,73.92,312344,23070984.00
2023/12/26,73.11,73.63,71.99,73.05,235897,17142396.00
2023/12/27,71.12,74.19,71.12,74.05,173616,12745500.00
2023/12/28,72.65,75.23,72.65,74.29,229358,17029968.00
2023/12/29,74.50,75.80,73.86,74.98,273484,20412436.00
2024/01/02,76.07,76.07,72.14,72.71,203843,14905647.00
2024/01/03,72.60,73.14,69.10,69.75,400593,28163480.00
2024/01/04,69.80,71.11,68.10,68.18,294597,20282128.00
2024/01/05,68.15,69.66,66.98,67.29,261368,17824292.00
2024/01/08,67.10,68.02,65.03,65.30,266278,17698544.00
2024/01/09,64.68,66.90,64.10,64.37,292849,19098202.00
2024/01/10,63.70,67.19,62.42,64.32,933428,60001736.00
2024/01/11,64.00,65.35,62.51,64.80,616105,39716116.00
2024/01/12,64.21,65.76,62.02,62.07,525275,33359824.00
2024/01/15,62.52,62.52,60.64,61.20,488496,30087014.00
2024/01/16,60.12,61.46,57.89,58.97,745450,43972512.00
2024/01/17,58.98,59.27,55.50,55.72,799484,45516040.00
2024/01/18,55.72,57.54,53.94,55.85,570089,31434426.00
2024/01/19,55.83,57.10,55.00,55.47,575439,32101212.00
2024/01/22,58.44,58.44,52.30,52.71,926276,50275536.00
2024/01/23,53.51,53.51,51.20,52.06,892647,46504308.00
2024/01/24,52.58,52.75,49.28,51.38,664278,33735632.00
2024/01/25,51.88,52.60,50.28,52.24,599720,31083470.00
2024/01/26,52.30,52.74,50.18,50.33,474078,24221124.00
2024/01/29,50.45,51.89,48.57,48.88,559231,27808548.00
2024/01/30,48.60,48.70,46.51,46.86,734938,34954848.00
2024/01/31,47.20,47.59,43.69,43.80,577124,25955696.00
2024/02/01,44.98,44.98,42.44,43.53,597857,26030330.00
2024/02/02,44.84,44.84,39.06,40.79,616393,25756272.00
2024/02/05,41.00,41.00,33.34,34.49,1089721,38758696.00
2024/02/06,34.00,37.87,31.15,37.40,1526434,52461332.00
2024/02/07,37.18,38.30,32.05,35.77,2732424,97954384.00
2024/02/08,35.60,42.92,33.81,42.92,2085639,78503960.00
2024/02/19,42.78,47.80,42.78,44.29,2344000,104723504.00
数据来源:通达信
