603298 杭叉集团 日线 后复权
      日期	    开盘	    最高	    最低	    收盘	    成交量	    成交额
2016/12/27,18.24,18.24,18.24,18.24,38825,708168.00
2016/12/28,20.06,20.06,20.06,20.06,24556,492593.00
2016/12/29,22.07,22.07,22.07,22.07,29863,659076.00
2016/12/30,24.28,24.28,24.28,24.28,94343,2290648.00
2017/01/03,26.71,26.71,26.71,26.71,189993,5074713.00
2017/01/04,29.38,29.38,27.63,29.38,29775224,857048576.00
2017/01/05,30.00,31.57,28.61,28.69,46285199,1385691648.00
2017/01/06,27.50,28.26,26.22,26.38,26256496,712051840.00
2017/01/09,25.61,26.79,25.44,25.83,16765882,436354592.00
2017/01/10,25.70,26.50,25.36,25.58,13997054,363078464.00
2017/01/11,25.25,25.57,23.86,23.99,15889609,390167264.00
2017/01/12,23.68,24.18,22.82,23.19,14370284,336074336.00
2017/01/13,23.00,23.76,22.37,23.28,14274570,328779584.00
2017/01/16,22.93,23.65,21.58,22.91,13357038,305378752.00
2017/01/17,22.68,24.16,22.25,23.79,16349798,381220768.00
2017/01/18,23.49,23.63,22.63,22.71,11446892,264183520.00
2017/01/19,22.20,23.15,22.01,22.37,8754807,197431296.00
2017/01/20,22.42,22.92,22.26,22.65,8407523,190721600.00
2017/01/23,22.60,22.87,22.50,22.62,6433073,145947792.00
2017/01/24,22.40,22.57,21.71,21.79,8253421,181930640.00
2017/01/25,21.78,22.14,21.60,21.99,5668494,124077648.00
2017/01/26,22.01,22.15,21.80,21.91,4238154,92976776.00
2017/02/03,21.94,22.56,21.91,22.35,6415388,142783472.00
2017/02/06,22.41,23.40,22.41,23.35,12513399,289651104.00
2017/02/07,23.36,24.87,22.78,23.80,15901417,375426400.00
2017/02/08,23.30,23.99,23.20,23.91,11298856,267706240.00
2017/02/09,23.79,24.43,23.59,23.60,10416587,248871616.00
2017/02/10,23.57,23.57,23.02,23.04,8645723,200973760.00
2017/02/13,23.03,23.94,22.95,23.78,11065385,261196368.00
2017/02/14,23.86,24.23,23.53,23.94,12278132,293731616.00
2017/02/15,23.95,25.29,23.71,24.49,20719658,511739840.00
2017/02/16,24.22,24.97,23.92,24.84,13430135,327671232.00
2017/02/17,24.88,25.85,24.60,24.85,18547328,467294880.00
2017/02/20,24.48,24.53,23.68,24.29,10736273,258448768.00
2017/02/21,24.41,25.00,24.18,24.98,10059960,247466608.00
2017/02/22,25.00,25.58,24.71,25.32,13189778,331453984.00
2017/02/23,25.36,27.69,25.36,27.22,26661072,704291712.00
2017/02/24,27.20,29.94,26.80,29.94,38330745,1120457728.00
2017/02/27,28.72,29.37,26.95,27.18,33925100,957235008.00
2017/02/28,26.82,27.96,26.31,27.49,22095367,600734848.00
2017/03/01,27.25,28.49,27.00,28.36,21232709,594753152.00
2017/03/02,28.61,31.20,28.61,30.04,36796613,1120440448.00
2017/03/03,29.50,29.50,27.28,27.82,26999172,758917760.00
2017/03/06,27.45,30.50,27.01,29.76,23907957,683812352.00
2017/03/07,29.30,31.68,29.18,30.17,33284965,1018112064.00
2017/03/08,29.60,31.14,28.80,30.86,27891618,839108992.00
2017/03/09,30.48,30.58,29.21,29.77,18056891,541913984.00
2017/03/10,29.55,30.22,28.68,28.73,16653343,488828320.00
2017/03/13,28.65,29.48,27.62,29.21,14590815,418835200.00
2017/03/14,28.93,30.72,28.93,29.92,21707101,653207680.00
2017/03/15,29.50,30.06,28.81,28.88,16760982,491968608.00
2017/03/16,29.02,30.38,29.02,29.80,18271752,543171968.00
2017/03/17,29.40,30.78,28.90,29.01,21986845,654973568.00
2017/03/20,28.83,29.88,28.69,29.85,13472321,394959712.00
2017/03/21,29.95,30.38,29.52,30.18,19138431,574878656.00
2017/03/22,29.88,31.19,29.67,30.90,25696892,787422656.00
2017/03/23,30.80,31.19,28.80,30.26,23473620,712248512.00
2017/03/24,30.01,33.00,29.80,31.97,40100225,1273802752.00
2017/03/27,31.71,31.99,30.88,31.38,23844306,747575872.00
2017/03/28,31.00,31.37,29.86,29.88,17979690,545922176.00
2017/03/29,29.61,29.79,27.80,28.01,19630703,562863808.00
2017/03/30,27.41,28.78,26.88,27.75,16144869,447096192.00
2017/03/31,27.63,28.28,26.90,27.04,10249270,282181120.00
2017/04/05,27.42,27.65,26.40,27.57,8686620,236912608.00
2017/04/06,27.43,28.29,27.15,27.76,9305997,259225616.00
2017/04/07,27.70,27.98,26.88,26.99,9001101,245153712.00
2017/04/10,26.79,26.95,24.42,24.81,13824186,353840736.00
2017/04/11,24.70,25.64,24.53,25.58,8932504,225559664.00
2017/04/12,25.45,25.50,24.78,24.84,6098533,153031600.00
2017/04/13,24.79,25.26,24.66,24.92,4585167,114685280.00
2017/04/14,24.85,24.99,23.88,23.96,6752141,163620848.00
2017/04/17,23.00,24.59,22.77,24.24,7758116,183891504.00
2017/04/18,23.98,24.59,23.93,24.00,5425637,132019456.00
2017/04/19,24.01,25.68,24.01,25.49,12448166,311227616.00
2017/04/20,25.50,25.86,24.90,25.55,9822103,249141712.00
2017/04/21,25.56,25.60,25.06,25.20,5216159,132086240.00
2017/04/24,25.18,25.18,23.66,24.06,5407610,131328944.00
2017/04/25,24.11,24.70,24.10,24.14,5299422,129252120.00
2017/04/26,24.19,24.60,23.85,24.39,5577587,135672640.00
2017/04/27,24.16,25.36,23.72,25.26,9987717,247012736.00
2017/04/28,24.90,25.80,24.00,25.48,8646015,218987712.00
2017/05/02,25.59,25.80,25.20,25.40,5782467,147193392.00
2017/05/03,25.38,26.39,25.20,26.22,10025916,258353552.00
2017/05/04,25.80,26.47,25.63,26.01,9234659,240422416.00
2017/05/05,25.90,26.10,24.79,24.87,7555602,193114560.00
2017/05/08,24.70,24.89,23.15,23.18,7052225,169705728.00
2017/05/09,23.18,23.96,23.10,23.67,4760070,112126872.00
2017/05/10,23.80,23.97,22.90,22.92,5326481,125368416.00
2017/05/11,22.79,23.50,22.51,23.45,6062943,139535920.00
2017/05/12,23.46,23.80,23.18,23.67,5161674,121365824.00
2017/05/15,23.78,24.13,23.52,23.59,4266179,101534144.00
2017/05/16,23.47,24.18,23.07,24.15,5823116,137695856.00
2017/05/17,24.34,24.61,24.11,24.37,5978549,145472320.00
2017/05/18,24.10,24.37,23.70,23.71,4546540,109195400.00
2017/05/19,23.73,24.15,23.62,23.90,3757822,89679408.00
2017/05/22,23.72,23.85,22.75,22.77,4798604,111422456.00
2017/05/23,22.73,22.89,21.26,21.58,5763497,127336376.00
2017/05/24,21.58,21.99,21.00,21.82,3738189,80694008.00
2017/05/25,21.85,21.97,21.29,21.87,4212875,91628232.00
2017/05/26,21.98,22.26,21.71,22.02,3893699,84366736.00
2017/05/31,22.60,22.78,21.53,21.76,5248963,115695280.00
2017/06/01,21.45,21.65,20.32,20.37,5776611,119347808.00
2017/06/02,20.35,20.95,20.18,20.82,3954716,80346416.00
2017/06/05,21.11,21.21,20.84,20.89,3190639,66044592.00
2017/06/06,20.65,21.97,20.58,21.49,5240068,109865944.00
2017/06/07,21.27,21.97,21.27,21.91,7076475,151732816.00
2017/06/08,21.80,22.01,21.52,21.60,5003481,107366328.00
2017/06/09,21.58,21.68,21.23,21.39,3816529,80459432.00
2017/06/12,21.06,21.23,20.79,20.80,3353678,69482976.00
2017/06/13,20.83,21.29,20.83,21.21,3093735,64513456.00
2017/06/14,21.22,21.37,20.98,21.27,3254876,68010560.00
2017/06/15,21.22,21.86,21.19,21.74,5577139,119147016.00
2017/06/16,21.80,21.80,21.42,21.46,3636892,77263088.00
2017/06/19,21.48,21.96,21.48,21.82,3827610,82019680.00
2017/06/20,21.91,21.94,21.59,21.63,3120559,66830188.00
2017/06/21,21.66,21.75,21.31,21.46,2724715,57747848.00
2017/06/22,21.36,21.53,20.90,20.91,3327549,69882504.00
2017/06/23,20.88,21.00,20.41,20.76,3360249,68597776.00
2017/06/26,20.79,21.10,20.77,21.03,2461314,50850604.00
2017/06/27,21.03,21.27,20.93,21.14,2274378,47344712.00
2017/06/28,21.10,21.10,20.60,20.71,2394075,49097432.00
2017/06/29,20.61,20.87,20.61,20.72,2183500,44671168.00
2017/06/30,20.65,21.12,20.54,21.03,3426715,70616984.00
2017/07/03,21.03,21.20,20.91,21.16,2639897,54888340.00
2017/07/04,21.10,21.43,21.06,21.20,3352927,70282568.00
2017/07/05,21.14,21.67,21.14,21.57,4802377,101739656.00
2017/07/06,21.63,21.63,21.11,21.40,3745409,78982976.00
2017/07/07,21.36,21.85,21.24,21.77,5111539,109163856.00
2017/07/10,21.56,21.69,21.25,21.29,4122968,87130000.00
2017/07/11,21.24,21.35,20.79,20.81,3083950,64134748.00
2017/07/12,20.74,21.00,20.48,20.99,2614795,53465612.00
2017/07/13,20.94,20.95,20.72,20.79,1961521,40254592.00
2017/07/14,20.83,20.88,20.58,20.62,2144442,43683188.00
2017/07/17,20.50,20.52,18.60,18.71,5872374,111382792.00
2017/07/18,18.71,19.07,18.60,18.98,2670889,49597996.00
2017/07/19,18.98,19.27,18.81,19.21,2999815,56285368.00
2017/07/20,19.29,19.72,19.11,19.20,3361841,64241256.00
2017/07/21,19.10,19.42,18.95,19.19,3009348,56605500.00
2017/07/24,19.05,19.48,19.00,19.39,2923948,55380972.00
2017/07/25,19.40,19.67,19.25,19.35,2747730,52490784.00
2017/07/26,19.41,19.44,19.07,19.15,2466322,46637732.00
2017/07/27,19.17,19.74,19.00,19.54,4097159,78419744.00
2017/07/28,19.52,19.58,19.26,19.34,2725572,52044768.00
2017/07/31,19.30,19.47,19.15,19.35,2313056,44002048.00
2017/08/01,19.33,19.40,19.07,19.29,2777800,52625464.00
2017/08/02,19.30,19.36,18.90,18.93,2921339,54915244.00
2017/08/03,18.95,19.28,18.92,19.07,2487847,46812468.00
2017/08/04,19.07,19.18,18.96,18.99,1957654,36775196.00
2017/08/07,18.98,19.19,18.98,19.08,1637057,30785662.00
2017/08/08,19.08,19.15,18.95,19.10,2184500,40967336.00
2017/08/09,19.14,19.57,19.01,19.48,4457748,85005920.00
2017/08/10,19.30,19.46,19.04,19.17,3112556,58949688.00
2017/08/11,19.10,19.15,18.90,18.91,2405459,44986516.00
2017/08/14,18.89,19.18,18.89,19.15,1768000,33266956.00
2017/08/15,19.16,19.46,19.10,19.39,2648001,50283292.00
2017/08/16,19.43,19.58,19.29,19.54,3702665,71008888.00
2017/08/17,19.53,19.54,19.37,19.48,2480828,47523984.00
2017/08/18,19.40,19.47,19.19,19.26,2701300,51368924.00
2017/08/21,19.24,19.52,19.24,19.48,2664330,50963644.00
2017/08/22,19.60,21.40,19.60,21.40,8327364,170898080.00
2017/08/23,21.95,21.95,20.48,20.54,13383524,277678048.00
2017/08/24,20.70,21.17,20.52,20.86,9370014,192701152.00
2017/08/25,20.62,21.10,20.60,20.99,7429141,152955120.00
2017/08/28,21.04,21.48,20.90,21.22,7994647,167233024.00
2017/08/29,21.22,21.79,20.81,21.23,10182774,213510000.00
2017/08/30,20.90,21.17,20.85,20.90,4861382,100466800.00
2017/08/31,20.90,21.28,20.86,21.21,5676074,118172608.00
2017/09/01,21.23,21.49,21.01,21.14,5036400,105310632.00
2017/09/04,21.14,21.15,20.85,20.95,3559285,73490464.00
2017/09/05,20.95,20.95,20.60,20.69,3649401,74640416.00
2017/09/06,20.52,20.94,20.52,20.93,3131374,64174772.00
2017/09/07,21.10,21.26,20.70,20.72,3848928,79651760.00
2017/09/08,20.70,20.92,20.54,20.77,3250390,66387860.00
2017/09/11,20.70,21.16,20.70,21.15,4674641,96879128.00
2017/09/12,21.20,21.25,20.85,20.88,4006271,82778416.00
2017/09/13,20.92,21.50,20.81,21.49,7847645,164377152.00
2017/09/14,21.49,21.55,21.02,21.18,5163182,108008944.00
2017/09/15,21.09,21.18,20.85,20.91,2981700,61610336.00
2017/09/18,20.90,20.98,20.63,20.92,2710348,55562696.00
2017/09/19,20.85,21.01,20.68,20.77,2332400,47753472.00
2017/09/20,20.74,20.90,20.60,20.86,2532331,51814600.00
2017/09/21,20.87,20.94,20.60,20.65,2318349,47412428.00
2017/09/22,20.66,20.71,20.29,20.34,2708840,54427748.00
2017/09/25,20.28,20.46,19.98,20.00,2149674,42862608.00
2017/09/26,20.00,20.14,19.62,19.78,2470351,48152312.00
2017/09/27,19.83,19.97,19.74,19.91,1716100,33605864.00
2017/09/28,19.91,20.05,19.70,19.71,1678800,32715392.00
2017/09/29,19.80,20.08,19.79,20.06,1803068,35390300.00
2017/10/09,20.26,20.45,20.13,20.21,1957400,39147664.00
2017/10/10,20.13,20.53,20.12,20.53,2215352,44499396.00
2017/10/11,20.48,21.74,20.40,21.18,7525721,156118576.00
2017/10/12,20.90,21.15,20.68,20.92,4046644,83394960.00
2017/10/13,20.98,21.15,20.91,21.04,3113489,64490144.00
2017/10/16,21.12,21.52,20.55,20.64,4353552,90328600.00
2017/10/17,20.71,21.29,20.40,21.07,4374830,90565544.00
2017/10/18,21.07,21.20,20.45,20.52,3493891,71642424.00
2017/10/19,20.45,20.60,19.90,19.99,3163800,62692648.00
2017/10/20,19.99,20.38,19.93,20.36,1699782,33695664.00
2017/10/23,20.33,20.50,20.20,20.50,1963000,39335044.00
2017/10/24,20.46,20.96,20.40,20.93,5016091,102802192.00
2017/10/25,20.90,21.07,20.75,20.97,3879167,79980352.00
2017/10/26,20.79,21.16,20.79,21.03,3653248,75530520.00
2017/10/27,21.06,21.07,20.64,20.65,3055002,62648052.00
2017/10/30,20.60,20.63,19.90,20.02,3050417,60569260.00
2017/10/31,19.95,20.46,19.95,20.36,1951454,38924908.00
2017/11/01,20.45,20.94,20.21,20.85,3701350,75048608.00
2017/11/02,20.84,20.85,20.48,20.53,2617915,53218192.00
2017/11/03,20.54,20.94,20.17,20.45,2984615,60530572.00
2017/11/06,20.43,20.74,20.11,20.73,2974198,59834252.00
2017/11/07,20.76,21.15,20.60,21.09,6510074,134303600.00
2017/11/08,21.17,21.17,20.78,20.80,5165841,106790904.00
2017/11/09,20.81,21.09,20.75,21.05,4453443,91970344.00
2017/11/10,21.07,21.26,20.85,20.97,5052139,104917296.00
2017/11/13,20.99,22.48,20.98,21.88,14208677,305203296.00
2017/11/14,21.76,22.30,21.55,22.22,11421826,247406448.00
2017/11/15,21.92,22.52,21.75,21.79,8014448,174544992.00
2017/11/16,21.73,21.90,21.33,21.41,5126191,108802376.00
2017/11/17,21.41,21.49,19.50,19.60,9975974,199892160.00
2017/11/20,19.02,19.49,18.78,19.32,3965117,74957080.00
2017/11/21,19.28,19.47,18.64,18.87,4224365,79023616.00
2017/11/22,18.97,19.07,18.68,18.81,2838853,52698904.00
2017/11/23,18.80,18.80,17.92,17.96,3960573,71193864.00
2017/11/24,17.90,18.32,17.86,18.17,2036537,36182376.00
2017/11/27,18.18,18.27,17.91,18.01,1435196,25460026.00
2017/11/28,18.00,18.52,17.95,18.40,1907522,34257408.00
2017/11/29,18.31,18.43,18.01,18.24,1821774,32609836.00
2017/11/30,18.28,18.55,18.23,18.27,1998300,36162136.00
2017/12/01,18.26,18.37,18.20,18.30,1235900,22239988.00
2017/12/04,18.27,18.28,17.22,17.26,3606800,62762736.00
2017/12/05,17.19,17.44,16.31,16.39,3759195,62009352.00
2017/12/06,16.42,16.69,16.25,16.65,2260048,36494880.00
2017/12/07,16.53,16.73,16.48,16.63,1471467,24004914.00
2017/12/08,16.63,16.95,16.60,16.82,1684474,27829528.00
2017/12/11,16.86,16.90,16.72,16.85,1648915,27212634.00
2017/12/12,16.82,16.86,16.48,16.52,1711619,27889316.00
2017/12/13,16.52,16.77,16.40,16.64,1324515,21570540.00
2017/12/14,16.52,16.68,16.50,16.65,1277115,20793976.00
2017/12/15,16.58,16.66,16.45,16.61,1222300,19866924.00
2017/12/18,16.64,16.67,16.50,16.54,1165100,18933188.00
2017/12/19,16.53,17.25,16.48,17.10,2713246,44944412.00
2017/12/20,16.90,17.00,16.65,16.67,2180400,36002608.00
2017/12/21,16.67,16.77,16.46,16.65,1339019,21854152.00
2017/12/22,16.65,16.65,16.12,16.15,2537300,40726748.00
2017/12/25,16.01,16.04,15.31,15.51,2761100,42094748.00
2017/12/26,15.30,16.46,15.27,16.30,4384990,68952600.00
2017/12/27,16.06,16.30,15.90,15.96,3517087,55405484.00
2017/12/28,15.91,16.38,15.80,16.15,2678978,42509416.00
2017/12/29,16.10,16.44,16.10,16.29,1892685,30312964.00
2018/01/02,16.46,17.48,16.34,16.79,4367193,72645888.00
2018/01/03,16.63,17.12,16.63,16.78,3450506,57085100.00
2018/01/04,16.75,16.81,16.52,16.73,2310734,37940088.00
2018/01/05,16.58,16.76,16.50,16.59,1890218,30811552.00
2018/01/08,16.63,16.90,16.55,16.89,2480892,40758812.00
2018/01/09,16.89,17.04,16.74,16.79,1875950,31089196.00
2018/01/10,16.80,16.90,16.50,16.58,1733822,28323316.00
2018/01/11,16.58,16.65,16.33,16.55,1928642,31232134.00
2018/01/12,16.56,16.61,16.38,16.39,1508785,24360632.00
2018/01/15,16.33,16.42,15.81,15.84,2175000,34251996.00
2018/01/16,15.84,16.06,15.84,16.00,1432436,22401312.00
2018/01/17,16.09,16.29,15.79,16.21,1892690,29838256.00
2018/01/18,16.15,16.34,16.10,16.25,1451432,23088132.00
2018/01/19,16.16,16.39,16.12,16.17,1591400,25429304.00
2018/01/22,16.18,16.65,16.18,16.62,2849109,46109156.00
2018/01/23,16.50,16.67,16.45,16.59,1975200,32114008.00
2018/01/24,16.58,16.70,16.45,16.60,2505916,40754088.00
2018/01/25,16.56,16.67,16.40,16.42,2862300,46474904.00
2018/01/26,16.41,16.62,16.32,16.34,1527398,24653532.00
2018/01/29,16.34,16.43,15.95,16.00,1805848,28617852.00
2018/01/30,15.99,16.12,15.95,16.08,1145392,18005212.00
2018/01/31,16.09,16.14,15.80,15.84,1734513,27142642.00
2018/02/01,15.83,15.99,15.15,15.16,2297019,34858468.00
2018/02/02,15.10,15.15,14.72,14.85,1910730,27930696.00
2018/02/05,14.90,14.98,14.76,14.81,1746574,25406858.00
2018/02/06,14.57,14.60,13.55,13.60,2950006,40870996.00
2018/02/07,13.93,14.01,13.50,13.83,1871299,25260396.00
2018/02/08,13.84,14.26,13.75,14.22,1571990,21621380.00
2018/02/09,13.88,14.09,13.68,13.77,1764583,23925044.00
2018/02/12,13.90,14.36,13.90,14.21,1345248,18620382.00
2018/02/13,14.28,14.30,14.10,14.15,1549444,21514694.00
2018/02/14,14.22,14.22,14.03,14.18,885000,12244047.00
2018/02/22,14.25,14.39,14.25,14.38,1115722,15651825.00
2018/02/23,14.39,14.47,14.28,14.38,935270,13157101.00
2018/02/26,14.50,14.81,14.42,14.78,2467200,35405128.00
2018/02/27,14.79,14.97,14.62,14.90,2222800,32376596.00
2018/02/28,14.79,14.95,14.71,14.78,1429100,20702300.00
2018/03/01,14.71,14.85,14.61,14.85,1052123,15246295.00
2018/03/02,14.74,15.42,14.66,15.19,3107399,46067916.00
2018/03/05,15.24,15.50,15.14,15.43,2641892,39908192.00
2018/03/06,15.43,15.59,15.38,15.53,2112600,32139944.00
2018/03/07,15.47,15.47,15.15,15.21,1560725,23423044.00
2018/03/08,15.11,15.26,15.08,15.20,1234500,18328760.00
2018/03/09,15.16,15.40,15.14,15.35,1288769,19323996.00
2018/03/12,15.37,15.55,15.37,15.46,1680099,25467676.00
2018/03/13,15.42,15.49,15.22,15.29,1432874,21542904.00
2018/03/14,15.29,15.29,15.01,15.02,1207500,17893640.00
2018/03/15,14.95,15.10,14.71,14.85,1348000,19698500.00
2018/03/16,14.89,15.03,14.85,14.87,1010200,14805334.00
2018/03/19,14.82,15.11,14.82,15.05,1000400,14694280.00
2018/03/20,14.94,14.98,14.72,14.93,954105,13878766.00
2018/03/21,14.95,15.27,14.93,15.00,1569882,23225028.00
2018/03/22,14.94,15.11,14.78,15.01,1225451,17962812.00
2018/03/23,14.67,14.67,13.60,14.05,2655596,36979764.00
2018/03/26,13.67,14.14,13.67,14.13,1072774,14594867.00
2018/03/27,14.19,14.50,14.19,14.38,1313858,18529274.00
2018/03/28,14.25,14.38,14.14,14.25,1246074,17399398.00
2018/03/29,14.26,15.60,14.26,14.93,3437090,50736396.00
2018/03/30,14.86,15.13,14.81,15.03,2047074,30133378.00
2018/04/02,14.93,15.25,14.93,15.07,1887080,27996484.00
2018/04/03,14.85,15.33,14.72,15.23,3445150,51058520.00
2018/04/04,15.16,15.35,15.03,15.05,2043418,30394164.00
2018/04/09,14.99,15.23,14.75,15.08,1550138,22880472.00
2018/04/10,15.19,15.58,15.08,15.56,3830081,57937812.00
2018/04/11,15.70,15.75,15.38,15.46,2730890,41490944.00
2018/04/12,15.35,15.48,15.10,15.17,2270706,34073248.00
2018/04/13,15.22,15.48,15.22,15.26,1741117,26208902.00
2018/04/16,15.25,15.47,15.13,15.39,1647474,24729078.00
2018/04/17,15.38,15.49,14.81,14.94,2130169,31925542.00
2018/04/18,15.02,15.23,14.40,14.99,1602907,23269956.00
2018/04/19,15.04,15.10,14.81,14.83,1168000,17112912.00
2018/04/20,14.90,14.90,14.43,14.47,1462100,20936700.00
2018/04/23,14.49,14.72,14.37,14.57,1029348,14624650.00
2018/04/24,14.63,14.80,14.52,14.77,1665749,23993144.00
2018/04/25,14.71,14.75,14.56,14.63,1171606,16787864.00
2018/04/26,14.67,14.68,14.13,14.15,1810100,25366100.00
2018/04/27,14.25,14.28,14.07,14.16,856832,11875188.00
2018/05/02,14.20,14.25,13.81,14.01,1088208,14938086.00
2018/05/03,13.96,14.34,13.86,14.28,1453688,20165340.00
2018/05/04,14.19,14.38,14.19,14.25,964900,13510787.00
2018/05/07,14.26,14.57,14.26,14.53,1302848,18489344.00
2018/05/08,14.60,14.69,14.48,14.69,1761400,25188742.00
2018/05/09,14.68,14.69,14.51,14.57,1007549,14371070.00
2018/05/10,14.54,15.86,14.54,15.17,4302223,64251432.00
2018/05/11,15.27,15.50,15.10,15.13,3012097,45055576.00
2018/05/14,14.89,15.14,14.89,14.96,1751648,25691004.00
2018/05/15,14.97,15.39,14.90,15.32,2785234,41658052.00
2018/05/16,15.23,16.29,15.13,15.69,4580187,70169856.00
2018/05/17,15.50,15.76,15.42,15.49,2956774,45179884.00
2018/05/18,15.43,15.71,15.34,15.53,2572000,39088528.00
2018/05/21,15.57,15.69,15.43,15.51,2792705,42652984.00
2018/05/22,15.41,15.56,15.12,15.36,3744820,56012396.00
2018/05/23,15.23,15.46,15.17,15.29,2907100,43797288.00
2018/05/24,15.30,15.30,15.05,15.18,1679093,24963366.00
2018/05/25,15.20,15.41,15.01,15.10,2755620,41143988.00
2018/05/28,15.05,15.13,14.67,14.68,2360300,34409544.00
2018/05/29,14.66,14.90,14.44,14.60,1729774,24880680.00
2018/05/30,14.44,14.44,14.03,14.08,2126866,29651388.00
2018/05/31,14.32,14.56,14.20,14.51,1836329,25826506.00
2018/06/01,14.49,14.65,14.38,14.52,1546973,21524824.00
2018/06/04,14.60,14.75,14.43,14.50,1399274,19469620.00
2018/06/05,14.51,14.63,14.38,14.56,2543400,35355876.00
2018/06/06,14.55,14.59,14.44,14.55,1441948,20093630.00
2018/06/07,14.58,14.72,14.35,14.43,2656208,36986360.00
2018/06/08,14.43,14.43,13.96,14.15,2306574,31204176.00
2018/06/11,14.08,14.25,14.03,14.11,1152500,15632319.00
2018/06/12,14.14,14.22,13.90,14.15,2011749,27128806.00
2018/06/13,14.15,14.15,13.74,13.78,1952500,26122088.00
2018/06/14,13.75,13.97,13.71,13.85,1151900,15246837.00
2018/06/15,13.86,14.05,13.78,13.91,1724700,22953196.00
2018/06/19,13.86,13.86,12.61,12.71,3176200,39865932.00
2018/06/20,12.60,12.93,12.60,12.84,1830600,22256510.00
2018/06/21,12.80,12.92,12.65,12.67,1636674,19965502.00
2018/06/22,12.67,12.85,12.47,12.75,1106474,13393996.00
2018/06/25,12.85,12.98,12.67,12.69,1044100,12764144.00
2018/06/26,12.55,12.81,12.48,12.77,1081600,13064989.00
2018/06/27,12.72,12.83,12.67,12.73,810100,9836167.00
2018/06/28,12.73,12.80,12.63,12.65,789400,9560691.00
2018/06/29,12.63,12.93,12.58,12.89,2247900,27376584.00
2018/07/02,12.83,12.96,12.61,12.66,1400900,17056396.00
2018/07/03,12.69,12.85,12.61,12.82,1357000,16487714.00
2018/07/04,12.74,12.93,12.67,12.81,1464941,17859190.00
2018/07/05,13.09,13.24,12.80,12.80,2847900,35388948.00
2018/07/06,12.65,12.83,12.32,12.59,2689513,32256100.00
2018/07/09,12.60,12.76,12.60,12.74,1291237,15638828.00
2018/07/10,12.80,12.88,12.68,12.86,1611506,19668318.00
2018/07/11,12.78,12.78,12.36,12.45,1446652,17269464.00
2018/07/12,12.55,12.75,12.45,12.72,1374739,16576883.00
2018/07/13,12.77,12.77,12.64,12.70,775628,9380287.00
2018/07/16,12.69,12.78,12.66,12.76,792939,9602945.00
2018/07/17,12.76,12.87,12.73,12.86,1075739,13115048.00
2018/07/18,13.07,13.07,12.71,12.74,1316306,16166540.00
2018/07/19,12.74,12.81,12.61,12.66,708800,8576297.00
2018/07/20,12.66,12.84,12.62,12.77,894906,10853071.00
2018/07/23,12.81,13.35,12.71,13.21,3654935,45691664.00
2018/07/24,13.13,13.51,13.12,13.42,3665845,46727096.00
2018/07/25,13.42,13.90,13.36,13.54,3924700,51148588.00
2018/07/26,13.42,13.47,13.31,13.39,1987813,25403276.00
2018/07/27,13.40,13.52,13.32,13.32,1125363,14412455.00
2018/07/30,13.26,13.49,13.26,13.30,1127863,14412985.00
2018/07/31,13.35,13.39,13.20,13.31,767228,9726436.00
2018/08/01,13.36,13.39,12.98,12.99,1354800,17099732.00
2018/08/02,12.82,12.99,12.47,12.70,1939565,23464068.00
2018/08/03,12.70,12.75,12.44,12.48,1936100,23167192.00
2018/08/06,12.48,12.58,12.28,12.31,1018300,11992471.00
2018/08/07,12.26,12.71,12.26,12.68,1547858,18470568.00
2018/08/08,12.62,12.72,12.47,12.52,1239058,14887084.00
2018/08/09,12.51,12.78,12.46,12.73,1424632,17248360.00
2018/08/10,12.75,12.88,12.66,12.78,1047900,12766055.00
2018/08/13,12.82,12.98,12.66,12.97,1444430,17658800.00
2018/08/14,13.02,13.02,12.83,12.94,961035,11845812.00
2018/08/15,12.97,13.09,12.73,12.76,1009649,12387233.00
2018/08/16,12.70,12.76,12.47,12.61,1048481,12652043.00
2018/08/17,12.76,12.94,12.66,12.77,1426181,17402352.00
2018/08/20,12.86,13.32,12.77,13.32,3406418,42686024.00
2018/08/21,13.39,13.46,13.13,13.21,2274589,28709506.00
2018/08/22,13.14,13.29,13.02,13.07,1528699,19160882.00
2018/08/23,13.01,13.23,12.93,13.15,1362100,17051040.00
2018/08/24,13.15,13.22,13.02,13.08,1241948,15547306.00
2018/08/27,13.13,13.32,13.06,13.28,1603874,20238978.00
2018/08/28,13.29,13.32,13.09,13.17,1297527,16327327.00
2018/08/29,13.17,13.28,13.08,13.18,1421460,17893316.00
2018/08/30,13.17,13.18,12.90,12.92,1234574,15327671.00
2018/08/31,12.93,12.93,12.68,12.68,1293874,15752199.00
2018/09/03,12.61,12.79,12.59,12.71,930700,11234341.00
2018/09/04,12.69,12.82,12.64,12.78,962100,11688690.00
2018/09/05,12.75,12.79,12.60,12.60,842443,10180245.00
2018/09/06,12.60,12.64,12.50,12.52,837113,10011745.00
2018/09/07,12.50,12.78,12.50,12.64,1009774,12163759.00
2018/09/10,12.65,12.70,12.50,12.52,785035,9375746.00
2018/09/11,12.52,12.63,12.46,12.53,663042,7912611.00
2018/09/12,12.51,12.70,12.51,12.63,642129,7722026.00
2018/09/13,12.66,12.80,12.66,12.80,1214595,14759218.00
2018/09/14,12.85,12.85,12.70,12.73,739400,8996330.00
2018/09/17,12.67,12.80,12.57,12.75,815117,9864774.00
2018/09/18,12.74,12.95,12.67,12.92,1567436,19197586.00
2018/09/19,12.88,13.09,12.84,12.97,1901173,23597424.00
2018/09/20,12.97,13.01,12.81,12.88,1284338,15805610.00
2018/09/21,12.83,13.03,12.77,13.03,1389980,17134894.00
2018/09/25,12.96,13.01,12.90,12.97,820115,10132542.00
2018/09/26,12.92,13.19,12.92,13.18,2343898,29264752.00
2018/09/27,13.18,13.18,12.92,12.92,1326560,16486075.00
2018/09/28,12.98,13.06,12.86,13.05,1069846,13247481.00
2018/10/08,12.84,12.92,12.78,12.79,984468,12038304.00
2018/10/09,12.81,12.89,12.67,12.77,887393,10810891.00
2018/10/10,12.75,12.85,12.70,12.82,859647,10465650.00
2018/10/11,12.63,12.67,11.64,11.75,2575125,29884750.00
2018/10/12,11.64,11.80,11.31,11.76,1591166,17551096.00
2018/10/15,11.78,11.92,11.65,11.66,814400,9134541.00
2018/10/16,11.72,11.80,11.49,11.62,693800,7682332.00
2018/10/17,11.74,11.84,11.40,11.62,1088643,12009816.00
2018/10/18,11.61,11.63,11.32,11.34,1336917,14443887.00
2018/10/19,11.30,11.59,11.18,11.53,1216016,13102655.00
2018/10/22,11.60,12.11,11.60,11.98,2040852,23042228.00
2018/10/23,11.98,12.01,11.72,11.75,1253498,14110318.00
2018/10/24,11.70,11.88,11.70,11.74,766387,8576704.00
2018/10/25,11.58,11.69,11.40,11.69,1057229,11565757.00
2018/10/26,11.78,11.91,11.73,11.84,970220,10873476.00
2018/10/29,11.85,11.85,11.60,11.63,910093,10094061.00
2018/10/30,11.60,11.79,11.50,11.70,1030418,11420951.00
2018/10/31,11.75,11.95,11.70,11.90,1482192,16703991.00
2018/11/01,11.93,12.06,11.87,11.87,1567404,17830720.00
2018/11/02,11.99,12.86,11.96,12.81,5286170,62337292.00
2018/11/05,12.71,12.87,12.61,12.83,2069927,25164212.00
2018/11/06,12.82,12.90,12.64,12.80,1299580,15820465.00
2018/11/07,12.84,12.84,12.60,12.61,1484493,17986320.00
2018/11/08,12.66,12.74,12.54,12.57,1187543,14312393.00
2018/11/09,12.51,12.69,12.50,12.56,645245,7743444.00
2018/11/12,12.52,12.85,12.46,12.84,1180722,14358501.00
2018/11/13,12.78,13.00,12.68,12.89,1739956,21364246.00
2018/11/14,12.88,13.17,12.80,12.87,1900043,23521140.00
2018/11/15,12.92,13.00,12.83,12.97,1131444,13954262.00
2018/11/16,13.00,13.16,12.95,12.99,1753892,21837116.00
2018/11/19,13.20,13.60,13.11,13.34,3239308,41358944.00
2018/11/20,13.15,13.33,12.86,12.90,1776384,22234286.00
2018/11/21,12.72,13.00,12.65,12.96,1095400,13446930.00
2018/11/22,12.90,13.02,12.82,12.98,828700,10203262.00
2018/11/23,12.99,12.99,12.50,12.58,1565600,18904344.00
2018/11/26,12.56,12.75,12.56,12.68,633334,7640972.00
2018/11/27,12.69,12.79,12.61,12.62,866300,10465704.00
2018/11/28,12.52,12.69,12.51,12.68,1411604,16947802.00
2018/11/29,12.70,12.86,12.50,12.53,903317,10882253.00
2018/11/30,12.55,12.55,12.33,12.48,1015108,12004396.00
2018/12/03,12.70,12.98,12.67,12.86,2264646,27783590.00
2018/12/04,12.86,12.93,12.79,12.90,1088011,13349487.00
2018/12/05,12.70,12.83,12.62,12.63,1725926,20898618.00
2018/12/06,12.60,12.79,12.49,12.54,1187895,14235709.00
2018/12/07,12.63,12.64,12.50,12.55,517460,6187029.00
2018/12/10,12.49,12.65,12.32,12.32,906300,10686476.00
2018/12/11,12.34,12.42,12.33,12.37,455549,5361982.00
2018/12/12,12.38,12.49,12.37,12.45,724274,8569150.00
2018/12/13,12.47,12.68,12.43,12.61,962953,11538432.00
2018/12/14,12.67,12.67,12.36,12.40,710064,8444403.00
2018/12/17,12.35,12.54,12.33,12.51,547224,6492713.00
2018/12/18,12.42,12.59,12.41,12.57,637800,7594129.00
2018/12/19,12.54,12.65,12.45,12.55,541200,6467747.00
2018/12/20,12.56,12.56,12.36,12.39,682507,8069446.00
2018/12/21,12.39,12.44,12.21,12.26,712800,8354708.00
2018/12/24,12.27,12.53,12.27,12.50,780716,9261570.00
2018/12/25,12.38,12.42,12.17,12.41,926100,10840350.00
2018/12/26,12.41,12.66,12.32,12.62,1242372,14838156.00
2018/12/27,12.76,12.81,12.38,12.38,1065622,12774348.00
2018/12/28,12.35,12.51,12.28,12.42,572438,6765731.00
2019/01/02,12.42,12.69,12.34,12.54,1108139,13234570.00
2019/01/03,12.62,12.81,12.53,12.61,1141484,13750331.00
2019/01/04,12.49,12.84,12.41,12.84,1844722,22376028.00
2019/01/07,12.88,12.96,12.76,12.93,2071808,25390496.00
2019/01/08,12.94,12.94,12.77,12.85,1443427,17647032.00
2019/01/09,12.91,12.92,12.72,12.77,1902003,23315300.00
2019/01/10,12.76,12.87,12.70,12.76,922999,11231094.00
2019/01/11,12.78,12.95,12.72,12.92,1472800,18002582.00
2019/01/14,12.92,12.96,12.65,12.89,1486921,18132528.00
2019/01/15,12.82,13.10,12.82,13.06,2108882,26174764.00
2019/01/16,13.08,13.14,12.98,13.00,1438532,17892928.00
2019/01/17,13.04,13.08,12.89,12.95,1188882,14706765.00
2019/01/18,12.88,13.00,12.82,12.98,1251839,15424273.00
2019/01/21,12.93,13.20,12.93,13.03,1617387,20187968.00
2019/01/22,13.04,13.16,12.88,12.95,1067427,13259235.00
2019/01/23,12.93,13.10,12.86,13.02,952720,11818198.00
2019/01/24,13.08,13.18,12.91,13.11,1469910,18377108.00
2019/01/25,13.25,13.62,13.23,13.26,3966171,50812208.00
2019/01/28,13.45,13.48,13.21,13.28,2064752,26253964.00
2019/01/29,13.26,13.26,12.20,12.95,2427722,29726222.00
2019/01/30,12.72,13.30,12.61,13.15,2235897,28131636.00
2019/01/31,13.23,13.27,12.76,12.80,1792894,22216620.00
2019/02/01,12.86,13.23,12.86,13.18,1309791,16389525.00
2019/02/11,13.25,13.55,13.15,13.55,2342290,30046788.00
2019/02/12,13.56,13.56,13.38,13.42,2258885,29016046.00
2019/02/13,13.41,13.68,13.38,13.68,2923904,37825160.00
2019/02/14,13.61,13.87,13.51,13.61,2529198,33036464.00
2019/02/15,13.57,13.66,13.41,13.42,1947891,25166560.00
2019/02/18,13.45,13.75,13.45,13.67,2380105,31044508.00
2019/02/19,13.67,14.17,13.62,14.17,5984261,79674072.00
2019/02/20,14.10,14.13,13.85,14.02,3249583,43505472.00
2019/02/21,14.01,14.75,13.94,14.15,6967352,95961312.00
2019/02/22,14.10,14.60,14.10,14.54,4588859,63608244.00
2019/02/25,14.54,15.01,14.49,14.89,5945714,84144872.00
2019/02/26,14.89,14.89,14.44,14.50,5326961,74938024.00
2019/02/27,14.46,14.67,14.30,14.50,3373227,46927280.00
2019/02/28,14.40,14.56,14.38,14.48,1724464,23914640.00
2019/03/01,14.48,14.57,14.36,14.49,1867634,25870176.00
2019/03/04,14.60,14.85,14.49,14.55,3702149,52218832.00
2019/03/05,14.51,14.79,14.46,14.74,3049422,42880912.00
2019/03/06,14.79,14.89,14.60,14.88,4238874,59953380.00
2019/03/07,14.91,15.35,14.78,15.18,6221631,89934992.00
2019/03/08,14.96,15.08,14.30,14.47,4885524,69104448.00
2019/03/11,14.36,14.86,14.35,14.82,3421480,47909076.00
2019/03/12,14.81,14.89,14.61,14.71,3535444,50084848.00
2019/03/13,14.65,15.20,14.61,15.16,9666516,139072208.00
2019/03/14,15.06,15.06,14.60,14.73,4064831,57892444.00
2019/03/15,14.76,14.98,14.65,14.76,2203929,31364886.00
2019/03/18,14.78,15.13,14.63,15.11,3606627,51968884.00
2019/03/19,15.11,15.60,15.10,15.48,6749385,99930360.00
2019/03/20,15.41,15.59,15.25,15.51,3413579,50571872.00
2019/03/21,15.43,15.60,15.34,15.35,2843282,42222496.00
2019/03/22,15.41,15.45,15.09,15.23,2444964,35657008.00
2019/03/25,14.93,15.55,14.93,15.35,3987839,58392304.00
2019/03/26,15.32,15.48,14.93,15.00,3102775,45472664.00
2019/03/27,15.02,15.54,15.02,15.45,3996118,59097464.00
2019/03/28,15.45,15.55,15.11,15.27,3262672,47990400.00
2019/03/29,15.33,15.75,15.11,15.68,4479419,66737976.00
2019/04/01,15.63,16.07,15.61,16.00,5121499,78525560.00
2019/04/02,16.09,16.09,15.72,15.80,3768774,57785540.00
2019/04/03,15.70,16.06,15.67,16.00,2663970,40757232.00
2019/04/04,16.00,16.22,15.78,15.90,3774926,57892224.00
2019/04/08,15.92,16.04,15.30,15.45,5219119,78150024.00
2019/04/09,15.45,15.78,15.36,15.62,2314696,34692704.00
2019/04/10,15.51,16.06,15.41,15.95,4358142,66589804.00
2019/04/11,15.91,16.17,15.50,15.56,3238383,48837160.00
2019/04/12,15.57,15.72,15.31,15.68,2340996,34937056.00
2019/04/15,15.88,15.98,15.55,15.55,2269836,34444076.00
2019/04/16,15.40,15.56,15.00,15.48,2963491,43503720.00
2019/04/17,15.48,15.80,15.39,15.80,2985417,45112276.00
2019/04/18,15.83,15.98,15.66,15.76,1731200,26340088.00
2019/04/19,15.72,15.93,15.61,15.90,1785874,27127040.00
2019/04/22,15.96,16.05,15.60,15.67,2316986,35149352.00
2019/04/23,15.71,15.72,15.21,15.25,2108374,31242964.00
2019/04/24,15.35,15.88,15.24,15.72,3757039,56450268.00
2019/04/25,15.91,15.92,15.20,15.25,2180345,32519880.00
2019/04/26,15.15,15.39,14.95,15.04,2404250,34964728.00
2019/04/29,15.03,15.28,14.71,14.74,2402036,34386496.00
2019/04/30,14.84,15.20,14.66,15.09,2502050,36016960.00
2019/05/06,14.60,14.80,13.82,13.96,2937311,40050948.00
2019/05/07,13.97,14.19,13.70,14.02,2576552,34392828.00
2019/05/08,13.83,14.22,13.67,13.97,2857537,38463196.00
2019/05/09,13.97,14.26,13.85,14.07,1945006,26191492.00
2019/05/10,14.09,14.46,13.91,14.26,2007500,27288192.00
2019/05/13,14.25,14.25,14.04,14.06,895000,12104116.00
2019/05/14,13.95,14.10,13.83,14.02,945200,12678821.00
2019/05/15,14.05,14.19,14.05,14.15,1325100,17930640.00
2019/05/16,14.15,14.26,14.00,14.18,1263239,17109190.00
2019/05/17,14.24,14.25,13.69,13.87,1743816,23202652.00
2019/05/20,13.86,13.86,13.42,13.75,1162212,15123775.00
2019/05/21,13.78,13.94,13.69,13.89,862600,11440791.00
2019/05/22,13.74,13.99,13.63,13.95,1215008,16044542.00
2019/05/23,13.95,13.95,13.66,13.73,939100,12341935.00
2019/05/24,13.68,13.85,13.65,13.78,875000,11519008.00
2019/05/27,13.85,14.20,13.78,14.18,1742241,23454682.00
2019/05/28,14.16,14.29,14.04,14.13,911867,12368204.00
2019/05/29,14.20,14.38,14.19,14.26,1085595,14835928.00
2019/05/30,14.23,14.23,13.98,14.14,980200,13197128.00
2019/05/31,14.26,14.26,14.02,14.08,786301,10386900.00
2019/06/03,14.10,14.19,14.01,14.12,1210300,15986108.00
2019/06/04,14.20,14.20,13.73,13.75,1596396,20747076.00
2019/06/05,14.00,14.25,13.88,14.06,2504750,33060392.00
2019/06/06,14.13,14.13,13.42,13.51,1990940,25374996.00
2019/06/10,13.48,13.72,13.28,13.41,1549822,19533184.00
2019/06/11,13.37,13.75,13.35,13.73,2086184,26437840.00
2019/06/12,13.67,13.76,13.54,13.56,1497681,19044902.00
2019/06/13,13.56,13.66,13.43,13.55,1245449,15750202.00
2019/06/14,13.50,13.61,13.37,13.40,1459200,18367988.00
2019/06/17,13.42,13.62,13.31,13.37,1000168,12514265.00
2019/06/18,13.38,13.38,12.82,12.88,3730574,44913356.00
2019/06/19,13.08,13.11,12.89,12.97,2815394,33993692.00
2019/06/20,12.98,13.52,12.92,13.25,2828805,34869692.00
2019/06/21,13.22,13.60,13.15,13.48,2615413,32782644.00
2019/06/24,13.39,13.58,13.39,13.49,1790489,22533640.00
2019/06/25,13.53,13.70,13.36,13.48,2149441,27083790.00
2019/06/26,13.48,13.57,13.30,13.45,1457436,18282156.00
2019/06/27,13.56,13.67,13.43,13.57,1480348,18756892.00
2019/06/28,13.45,13.67,13.42,13.56,1743372,22132048.00
2019/07/01,13.75,13.90,13.60,13.78,2153000,27674192.00
2019/07/02,13.81,13.92,13.68,13.84,1921400,24852540.00
2019/07/03,13.84,13.84,13.60,13.72,1499558,19244540.00
2019/07/04,13.72,14.08,13.71,13.88,1619010,21095760.00
2019/07/05,13.88,13.96,13.67,13.78,1496740,19283306.00
2019/07/08,13.78,13.85,13.41,13.43,1548155,19547658.00
2019/07/09,13.34,13.46,13.15,13.28,1757603,21751334.00
2019/07/10,13.31,13.59,13.31,13.42,1484447,18612576.00
2019/07/11,13.35,13.55,13.15,13.31,1248865,15537452.00
2019/07/12,13.33,13.45,13.12,13.38,1269200,15769090.00
2019/07/15,13.38,13.54,13.15,13.47,1212171,15116366.00
2019/07/16,13.48,13.62,13.23,13.35,2247564,28099536.00
2019/07/17,13.35,13.46,13.30,13.33,1509588,18819382.00
2019/07/18,13.34,13.34,13.03,13.08,1655420,20211662.00
2019/07/19,13.09,13.22,13.00,13.09,1336490,16329182.00
2019/07/22,13.09,13.17,12.76,12.85,2050313,24584844.00
2019/07/23,12.85,13.00,12.78,12.87,1646269,19694864.00
2019/07/24,12.93,13.07,12.84,13.03,1346943,16314460.00
2019/07/25,12.97,13.11,12.97,13.07,1158404,14078818.00
2019/07/26,12.99,13.18,12.99,13.15,1120837,13666499.00
2019/07/29,13.07,13.26,13.07,13.19,1255576,15423568.00
2019/07/30,13.20,13.34,13.19,13.31,1509601,18681702.00
2019/07/31,13.27,13.37,13.20,13.33,1568300,19452004.00
2019/08/01,13.35,13.37,13.20,13.32,1211376,15032477.00
2019/08/02,12.90,13.21,12.90,13.10,1638606,19907108.00
2019/08/05,13.08,13.17,12.86,12.86,1366309,16512832.00
2019/08/06,12.61,12.69,12.17,12.44,2638318,30314096.00
2019/08/07,12.58,12.63,12.34,12.44,989225,11436412.00
2019/08/08,12.44,12.57,12.32,12.41,1477888,17028472.00
2019/08/09,12.41,12.45,12.18,12.19,1420504,16180932.00
2019/08/12,12.17,12.33,12.12,12.31,1707716,19385752.00
2019/08/13,12.26,12.40,11.90,12.35,1462263,16651219.00
2019/08/14,12.45,12.51,12.29,12.30,1335735,15354916.00
2019/08/15,12.10,12.45,12.07,12.43,1599871,18168652.00
2019/08/16,12.42,12.58,12.25,12.51,2419740,27889346.00
2019/08/19,12.55,12.64,12.40,12.64,4791586,55792984.00
2019/08/20,12.67,12.67,12.46,12.49,3968378,46195512.00
2019/08/21,12.51,12.51,12.28,12.32,3312837,37953976.00
2019/08/22,12.33,12.49,12.29,12.48,2667334,30683916.00
2019/08/23,12.44,12.57,12.41,12.50,2748760,31897820.00
2019/08/26,12.22,12.45,12.22,12.29,1775597,20284812.00
2019/08/27,12.32,12.64,12.32,12.58,3558568,41352260.00
2019/08/28,12.57,12.80,12.57,12.75,4093672,48338432.00
2019/08/29,12.73,13.22,12.73,13.05,5335532,64613560.00
2019/08/30,13.20,13.20,12.91,12.92,3267070,39588448.00
2019/09/02,12.90,13.07,12.90,12.96,3070756,37073744.00
2019/09/03,12.99,13.04,12.80,12.89,2882470,34579904.00
2019/09/04,12.88,12.96,12.83,12.96,1956384,23468948.00
2019/09/05,13.04,13.17,12.98,13.05,2787570,33996484.00
2019/09/06,13.08,13.16,12.98,13.07,1961129,23861032.00
2019/09/09,13.21,13.27,13.11,13.25,2238348,27529964.00
2019/09/10,13.30,13.53,13.20,13.36,3059382,38154408.00
2019/09/11,13.38,13.46,13.23,13.24,1472170,18230584.00
2019/09/12,13.28,13.32,13.14,13.26,1540673,19016436.00
2019/09/16,13.30,13.39,13.21,13.30,1661882,20586376.00
2019/09/17,13.30,13.30,12.94,12.99,1877649,22845506.00
2019/09/18,13.05,13.05,12.95,12.99,1117900,13534834.00
2019/09/19,13.02,13.13,12.98,13.11,1221079,14842113.00
2019/09/20,13.15,13.25,13.11,13.22,1607142,19752308.00
2019/09/23,13.22,13.36,13.11,13.26,1858486,22939938.00
2019/09/24,13.37,13.37,13.17,13.21,1274470,15743036.00
2019/09/25,13.22,13.22,12.99,12.99,1177369,14284773.00
2019/09/26,13.00,13.10,12.71,12.77,2125900,25399756.00
2019/09/27,12.83,12.99,12.79,12.98,1240629,14933675.00
2019/09/30,12.98,13.13,12.96,13.01,914648,11111643.00
2019/10/08,13.00,13.08,12.73,12.76,2404736,28728484.00
2019/10/09,12.70,12.81,12.60,12.78,1274304,15011988.00
2019/10/10,12.76,12.96,12.75,12.92,1307750,15693310.00
2019/10/11,12.99,12.99,12.84,12.92,1103600,13260658.00
2019/10/14,13.00,13.21,13.00,13.12,1842136,22501074.00
2019/10/15,13.15,13.15,12.97,13.04,912085,11058035.00
2019/10/16,13.12,13.14,12.99,13.05,876700,10663493.00
2019/10/17,13.05,13.19,12.98,13.10,1647783,20128064.00
2019/10/18,13.05,13.17,12.87,12.88,1520945,18409404.00
2019/10/21,12.82,12.95,12.76,12.92,1012618,12113554.00
2019/10/22,13.08,13.27,13.02,13.12,2909714,35553784.00
2019/10/23,13.11,13.17,13.00,13.07,1916128,23311892.00
2019/10/24,13.10,13.18,12.96,13.03,1184772,14379484.00
2019/10/25,13.03,13.67,13.03,13.54,7677979,96019192.00
2019/10/28,13.55,13.84,13.37,13.79,6572911,83797968.00
2019/10/29,13.85,13.86,13.56,13.61,3467021,44271240.00
2019/10/30,13.56,13.85,13.53,13.79,3969358,50933080.00
2019/10/31,13.87,13.90,13.30,13.30,4819029,60685000.00
2019/11/01,13.28,13.51,13.04,13.42,3728752,46453056.00
2019/11/04,13.50,13.59,13.30,13.51,3333631,41905140.00
2019/11/05,13.59,13.77,13.39,13.72,3363436,42814536.00
2019/11/06,13.73,13.80,13.61,13.78,2660708,34063436.00
2019/11/07,13.70,14.29,13.70,14.22,5900983,77664392.00
2019/11/08,14.26,14.65,13.99,14.00,5207823,69500032.00
2019/11/11,13.90,14.19,13.79,13.96,3647364,47845124.00
2019/11/12,13.88,14.45,13.81,14.43,3758308,49992472.00
2019/11/13,14.30,14.51,14.18,14.27,3706258,49693656.00
2019/11/14,14.29,14.29,14.03,14.25,2366955,31396860.00
2019/11/15,14.17,14.47,14.11,14.31,3332111,44720648.00
2019/11/18,14.32,14.39,14.14,14.16,2392346,31880408.00
2019/11/19,13.98,14.09,13.81,13.99,4416929,57549520.00
2019/11/20,13.98,13.98,13.65,13.65,3792623,48940184.00
2019/11/21,13.58,13.81,13.56,13.65,1915227,24498120.00
2019/11/22,13.65,13.77,13.42,13.45,2395900,30284022.00
2019/11/25,13.46,13.82,13.33,13.81,2195151,28021372.00
2019/11/26,13.81,13.87,13.71,13.81,1154174,14858914.00
2019/11/27,13.89,13.89,13.71,13.79,1393000,17966996.00
2019/11/28,13.76,13.86,13.60,13.62,1329692,17063912.00
2019/11/29,13.66,13.72,13.47,13.54,1340500,16976128.00
2019/12/02,13.55,13.68,13.49,13.56,1128472,14310253.00
2019/12/03,13.56,13.74,13.46,13.69,1194100,15196420.00
2019/12/04,13.66,13.78,13.55,13.58,1160930,14783405.00
2019/12/05,13.58,13.73,13.58,13.70,1306600,16680491.00
2019/12/06,13.70,13.75,13.60,13.70,1237600,15786725.00
2019/12/09,13.74,14.00,13.68,13.96,2382259,30942882.00
2019/12/10,13.98,13.98,13.79,13.93,1713522,22242112.00
2019/12/11,13.94,13.98,13.76,13.87,1613184,20859538.00
2019/12/12,13.87,13.89,13.75,13.77,1208174,15602771.00
2019/12/13,13.84,13.97,13.21,13.28,8318339,104480368.00
2019/12/16,13.31,13.31,13.02,13.20,6167225,75554136.00
2019/12/17,13.20,13.49,13.15,13.47,4379087,54513308.00
2019/12/18,13.41,13.52,13.36,13.44,3020751,37936768.00
2019/12/19,13.37,13.46,13.24,13.39,1877023,23331724.00
2019/12/20,13.38,13.41,13.25,13.26,1592155,19770056.00
2019/12/23,13.22,13.22,12.95,12.97,3259100,39646856.00
2019/12/24,12.96,13.15,12.96,13.15,1537380,18678316.00
2019/12/25,13.15,13.22,13.05,13.08,1606100,19634300.00
2019/12/26,13.05,13.23,13.05,13.14,1266700,15492363.00
2019/12/27,13.20,13.57,13.19,13.53,4697016,58878308.00
2019/12/30,13.50,13.50,13.30,13.46,2528175,31642528.00
2019/12/31,13.46,13.79,13.40,13.78,3384904,43218516.00
2020/01/02,13.81,13.90,13.71,13.87,3707995,47902784.00
2020/01/03,13.82,14.35,13.75,14.32,5890860,77882368.00
2020/01/06,14.20,14.35,14.08,14.14,2999245,39927544.00
2020/01/07,14.17,14.87,14.17,14.66,6267679,85561016.00
2020/01/08,14.60,14.69,14.44,14.57,2794581,38139220.00
2020/01/09,14.60,15.10,14.58,14.69,3234734,44980620.00
2020/01/10,14.77,14.83,14.60,14.77,2161266,29871158.00
2020/01/13,14.72,14.94,14.60,14.87,2037621,28294502.00
2020/01/14,14.90,14.93,14.50,14.76,2639031,36481456.00
2020/01/15,14.76,14.87,14.51,14.69,2046300,28145392.00
2020/01/16,14.74,15.04,14.66,14.75,2663832,37129536.00
2020/01/17,14.79,15.00,14.71,14.80,2384530,33260398.00
2020/01/20,14.80,14.95,14.61,14.81,2073907,28706608.00
2020/01/21,14.88,14.88,14.50,14.57,1865185,25622424.00
2020/01/22,14.43,14.77,14.17,14.73,2963604,40107012.00
2020/01/23,14.60,14.85,14.11,14.31,2728300,36986520.00
2020/02/03,12.97,13.23,12.97,12.97,3303700,39932904.00
2020/02/04,12.80,13.18,12.78,13.01,4526885,54777360.00
2020/02/05,13.04,13.47,12.96,13.11,4727435,58014940.00
2020/02/06,13.20,13.41,13.00,13.32,4480197,55261796.00
2020/02/07,13.26,13.35,13.06,13.33,3008735,37088964.00
2020/02/10,13.27,13.70,13.18,13.68,3328250,41847728.00
2020/02/11,13.65,13.78,13.33,13.63,4065351,51449340.00
2020/02/12,13.53,13.79,13.52,13.76,2961200,37819724.00
2020/02/13,13.75,14.02,13.67,13.84,3383666,43780840.00
2020/02/14,13.83,14.01,13.71,13.91,2204752,28581796.00
2020/02/17,13.94,14.15,13.90,14.11,3512894,46215448.00
2020/02/18,14.11,14.14,13.92,14.08,2588896,34008392.00
2020/02/19,14.09,14.14,13.93,13.97,1921002,25221904.00
2020/02/20,13.98,14.24,13.92,14.17,2996865,39481984.00
2020/02/21,14.16,14.34,14.08,14.11,3357690,44673832.00
2020/02/24,14.11,14.34,14.11,14.29,3929058,52367128.00
2020/02/25,14.03,14.14,13.65,14.00,4247331,55295952.00
2020/02/26,13.79,14.25,13.75,13.91,3360898,44007400.00
2020/02/27,13.90,14.48,13.90,14.33,4929709,65815268.00
2020/02/28,14.09,14.26,13.50,13.66,4370776,56786112.00
2020/03/02,13.85,14.56,13.78,14.36,5334243,71303808.00
2020/03/03,14.69,14.82,14.28,14.38,5031601,68872952.00
2020/03/04,14.42,14.86,14.23,14.82,6397290,88063664.00
2020/03/05,14.90,14.98,14.67,14.89,5679527,79027128.00
2020/03/06,14.73,14.90,14.64,14.71,3430528,47581248.00
2020/03/09,14.66,14.70,14.15,14.19,4269337,57648892.00
2020/03/10,14.28,14.58,14.07,14.46,4636531,62471948.00
2020/03/11,14.47,14.76,14.37,14.39,4476924,61224588.00
2020/03/12,14.28,14.29,13.94,13.99,2882435,37938840.00
2020/03/13,13.44,13.87,13.29,13.74,3120681,39592816.00
2020/03/16,13.91,13.91,13.10,13.18,4314649,54408868.00
2020/03/17,13.29,13.42,12.90,13.35,2706653,33215738.00
2020/03/18,13.42,13.55,13.06,13.15,2331278,29049708.00
2020/03/19,13.09,13.29,12.80,13.24,2811267,34271832.00
2020/03/20,13.29,13.44,13.02,13.18,2934347,35988728.00
2020/03/23,12.88,13.00,12.48,12.50,4922711,57914312.00
2020/03/24,12.69,12.80,12.15,12.46,5106237,58790468.00
2020/03/25,12.64,12.71,12.46,12.65,4007790,46868176.00
2020/03/26,12.61,12.61,12.34,12.38,3082883,35582912.00
2020/03/27,12.51,12.62,12.40,12.44,3393557,39364352.00
2020/03/30,12.34,12.38,12.04,12.32,3259962,36789832.00
2020/03/31,12.39,12.64,12.32,12.55,2926252,34019384.00
2020/04/01,12.51,12.61,12.42,12.43,1822636,21127752.00
2020/04/02,12.48,12.58,12.31,12.58,1423400,16430397.00
2020/04/03,12.58,12.64,12.45,12.54,1439574,16762400.00
2020/04/07,12.71,12.82,12.57,12.80,3615989,42549408.00
2020/04/08,12.67,12.80,12.64,12.70,2487017,29356136.00
2020/04/09,12.78,12.84,12.67,12.70,2460450,29171220.00
2020/04/10,12.74,12.74,12.42,12.49,1797200,20949260.00
2020/04/13,12.48,13.00,12.47,12.94,4303586,51227576.00
2020/04/14,12.81,13.14,12.74,12.91,2991741,35758560.00
2020/04/15,12.87,12.95,12.76,12.81,1841332,21937356.00
2020/04/16,12.77,12.86,12.72,12.85,1685576,20091368.00
2020/04/17,12.90,13.12,12.85,13.01,3296188,39919448.00
2020/04/20,12.97,13.19,12.96,13.19,2813961,34373752.00
2020/04/21,13.24,13.24,13.00,13.22,2626600,32107796.00
2020/04/22,13.61,13.84,13.33,13.78,7527261,95545912.00
2020/04/23,13.73,13.85,13.50,13.56,5337674,68057040.00
2020/04/24,13.70,13.82,13.46,13.66,4006431,51226388.00
2020/04/27,13.65,13.88,13.57,13.76,3275327,42133256.00
2020/04/28,13.78,13.86,13.29,13.76,3761647,47860144.00
2020/04/29,13.70,13.84,13.64,13.77,1877259,24133476.00
2020/04/30,13.78,14.08,13.72,13.95,2981944,38914048.00
2020/05/06,13.80,14.29,13.78,14.14,3674349,48533872.00
2020/05/07,14.11,14.24,14.01,14.15,2025626,26785038.00
2020/05/08,14.16,14.22,14.05,14.11,2012481,26615284.00
2020/05/11,14.15,14.38,14.13,14.32,3115181,41597976.00
2020/05/12,14.33,14.47,13.99,14.14,2995839,39751716.00
2020/05/13,14.20,14.25,14.06,14.14,2560036,33882344.00
2020/05/14,14.13,14.17,13.81,13.86,3353278,43743936.00
2020/05/15,13.95,14.01,13.71,13.76,2333891,30196234.00
2020/05/18,13.80,14.30,13.77,14.14,4170547,55127748.00
2020/05/19,14.14,14.26,14.05,14.11,2287700,30239972.00
2020/05/20,14.10,14.23,14.01,14.01,2417573,31915524.00
2020/05/21,14.02,14.40,14.00,14.21,3453780,45798204.00
2020/05/22,14.13,14.30,13.91,13.98,2907275,38314336.00
2020/05/25,14.04,14.05,13.72,13.84,2576232,33350644.00
2020/05/26,13.80,14.00,13.78,14.00,1924370,25037310.00
2020/05/27,14.02,14.34,14.02,14.21,3495274,46463716.00
2020/05/28,14.25,14.29,13.90,14.18,3481258,46002464.00
2020/05/29,14.12,14.27,14.10,14.16,2533166,23421058.00
2020/06/01,14.20,14.34,14.00,14.34,6446139,59778240.00
2020/06/02,14.33,15.03,14.27,14.89,11358877,109938600.00
2020/06/03,14.76,15.08,14.69,14.75,7329106,71071432.00
2020/06/04,14.70,14.80,14.40,14.42,6161931,58493624.00
2020/06/05,14.42,14.52,14.19,14.23,4530757,42204880.00
2020/06/08,14.34,14.45,14.24,14.27,3651034,34174592.00
2020/06/09,14.27,14.51,14.17,14.38,2944880,27589088.00
2020/06/10,14.40,14.44,14.13,14.20,3691129,34171760.00
2020/06/11,14.37,14.79,14.24,14.30,6096974,57436416.00
2020/06/12,13.92,14.20,13.89,14.16,3485699,31963640.00
2020/06/15,14.03,14.26,13.96,13.96,3343436,30624640.00
2020/06/16,14.06,14.34,13.99,14.30,3229541,29800308.00
2020/06/17,14.35,14.35,14.19,14.31,3350500,31169020.00
2020/06/18,14.30,14.59,14.23,14.52,5075800,47852208.00
2020/06/19,14.48,14.79,14.48,14.75,6090467,58339136.00
2020/06/22,14.79,15.87,14.66,15.60,14789696,149174480.00
2020/06/23,15.67,16.13,15.57,15.87,13146996,137487984.00
2020/06/24,15.87,16.73,15.87,16.65,14223668,153650464.00
2020/06/29,16.51,17.04,16.20,16.40,13306334,144333520.00
2020/06/30,16.41,16.78,16.37,16.68,10192052,111419160.00
2020/07/01,16.69,16.85,16.16,16.34,10471324,113407776.00
2020/07/02,16.54,17.46,16.45,17.14,17200982,194544160.00
2020/07/03,17.06,17.88,16.86,17.49,15349044,176404640.00
2020/07/06,17.59,18.05,17.39,17.74,11982677,140998352.00
2020/07/07,17.80,18.02,17.50,17.59,12961939,151664656.00
2020/07/08,17.57,17.87,17.22,17.78,8267629,96603136.00
2020/07/09,17.73,17.97,17.46,17.85,9965685,117318840.00
2020/07/10,17.87,18.33,17.64,17.78,9827088,117434128.00
2020/07/13,17.70,18.78,17.60,18.68,11287589,137685264.00
2020/07/14,18.51,18.96,18.18,18.53,7826851,96543312.00
2020/07/15,18.74,18.83,18.32,18.58,8331604,103417704.00
2020/07/16,18.58,18.86,17.53,17.53,11660169,140460480.00
2020/07/17,17.57,18.51,17.52,18.06,10373384,124157464.00
2020/07/20,18.33,19.62,18.19,19.32,16134793,206222016.00
2020/07/21,19.45,20.09,19.11,19.72,14872919,195615632.00
2020/07/22,19.72,19.72,19.20,19.56,10611624,137715280.00
2020/07/23,19.27,19.65,18.93,19.65,9697541,124892304.00
2020/07/24,19.65,19.65,18.75,18.93,8835610,112605600.00
2020/07/27,18.97,19.38,18.44,18.85,8785421,109933912.00
2020/07/28,18.88,19.13,18.30,18.69,9240994,114740520.00
2020/07/29,18.55,19.04,18.19,19.03,5996481,74883424.00
2020/07/30,18.96,19.28,18.72,19.00,6021531,76061560.00
2020/07/31,18.86,19.13,18.71,18.92,5315030,66958632.00
2020/08/03,18.92,19.30,18.90,19.21,6224233,79347736.00
2020/08/04,19.13,19.77,18.90,19.00,10972029,141323456.00
2020/08/05,18.82,19.45,18.54,19.37,9126921,116398360.00
2020/08/06,19.32,20.99,19.32,20.70,16776966,230824672.00
2020/08/07,20.49,20.78,19.88,20.64,11960038,163580672.00
2020/08/10,20.49,21.10,20.16,20.57,8819281,121987296.00
2020/08/11,20.67,22.11,20.49,21.56,17380731,249544448.00
2020/08/12,20.99,21.97,20.08,20.19,19308472,266810560.00
2020/08/13,20.47,21.34,20.46,20.89,16381495,230291296.00
2020/08/14,20.75,22.17,20.57,22.00,12938182,187534960.00
2020/08/17,22.43,24.07,22.25,24.07,19446887,311737824.00
2020/08/18,24.36,24.60,23.62,24.42,20332599,331706304.00
2020/08/19,24.18,24.31,23.66,23.90,9979474,161585024.00
2020/08/20,23.79,24.39,23.41,23.66,9653646,155670944.00
2020/08/21,23.76,24.59,23.59,24.20,11441623,186639600.00
2020/08/24,24.20,24.52,23.15,23.26,14976871,239770432.00
2020/08/25,23.20,23.82,23.17,23.69,8275638,131740952.00
2020/08/26,23.51,23.52,22.53,22.80,11241720,173818144.00
2020/08/27,22.78,23.31,22.78,23.02,5771586,89732096.00
2020/08/28,23.15,23.41,22.70,23.27,6737856,105149640.00
2020/08/31,23.62,23.89,22.95,23.47,9682591,153723232.00
2020/09/01,23.58,24.70,23.44,24.70,13409922,218316544.00
2020/09/02,24.74,24.77,24.01,24.49,8161261,135171872.00
2020/09/03,24.78,24.91,24.21,24.52,6276262,104366560.00
2020/09/04,23.90,24.04,23.44,23.55,6310022,101404016.00
2020/09/07,23.58,23.71,22.68,22.98,5633863,88124784.00
2020/09/08,22.77,23.03,21.83,22.50,10247006,154568768.00
2020/09/09,22.31,22.43,21.72,21.97,5750230,85689368.00
2020/09/10,22.22,22.59,21.27,21.40,5680197,84279944.00
2020/09/11,21.35,22.08,21.27,22.04,5399245,79320464.00
2020/09/14,22.14,22.17,21.66,21.86,3364528,49636588.00
2020/09/15,21.89,22.29,21.52,22.19,3548686,52578896.00
2020/09/16,22.38,22.38,21.73,22.07,3203019,47428336.00
2020/09/17,22.04,22.38,21.55,22.21,3180262,47174808.00
2020/09/18,22.22,24.00,22.17,22.91,9173411,144497888.00
2020/09/21,23.01,23.33,22.75,23.02,4538611,70624048.00
2020/09/22,22.92,23.37,22.60,22.67,4305488,66717688.00
2020/09/23,22.74,23.01,22.43,22.64,2703002,41234980.00
2020/09/24,22.49,22.57,21.90,22.08,4244162,63377464.00
2020/09/25,22.18,23.27,22.08,22.96,7522448,116277352.00
2020/09/28,23.02,23.57,22.74,22.96,5480153,85345008.00
2020/09/29,22.96,23.05,22.67,23.03,3067845,47466128.00
2020/09/30,22.96,23.30,22.75,23.12,2859994,44684740.00
2020/10/09,24.03,24.56,23.30,24.28,8278071,134905456.00
2020/10/12,24.57,24.91,23.89,24.13,7562868,124155952.00
2020/10/13,24.11,26.14,23.93,26.00,11587363,199049392.00
2020/10/14,25.47,26.28,25.22,26.07,8701072,152654064.00
2020/10/15,26.39,27.08,25.89,26.17,9349018,167642656.00
2020/10/16,25.88,26.30,25.61,25.93,5299966,93424112.00
2020/10/19,26.34,26.56,25.74,26.20,6421096,113887536.00
2020/10/20,25.97,27.56,25.75,27.40,13338232,244781616.00
2020/10/21,27.65,29.04,27.40,28.90,13850190,270020864.00
2020/10/22,28.55,29.53,27.68,29.40,12938408,251666336.00
2020/10/23,29.11,29.26,27.29,27.68,17276106,332982752.00
2020/10/26,27.29,29.95,27.23,29.87,12631699,250120464.00
2020/10/27,29.78,29.78,28.55,28.76,7827723,154965152.00
2020/10/28,28.27,29.08,27.71,28.76,8449704,164035536.00
2020/10/29,28.26,29.03,28.13,28.48,5992762,117082656.00
2020/10/30,28.49,29.64,27.78,27.82,7545579,147163184.00
2020/11/02,28.10,29.49,27.68,28.98,8456815,166264272.00
2020/11/03,28.96,29.75,28.20,29.33,7848090,155789264.00
2020/11/04,29.31,31.74,29.21,30.65,13723726,289692256.00
2020/11/05,31.10,31.21,29.92,30.68,8495336,177176000.00
2020/11/06,30.61,31.11,29.57,30.20,6800646,140710608.00
2020/11/09,30.37,30.37,29.07,29.35,12843863,257668192.00
2020/11/10,29.28,29.99,28.69,29.25,7944136,159270944.00
2020/11/11,29.24,29.39,28.40,28.47,6206986,122787304.00
2020/11/12,28.56,30.06,28.56,29.25,8709685,174988272.00
2020/11/13,29.11,29.46,28.13,28.41,7615839,148607680.00
2020/11/16,28.48,29.04,28.10,28.93,5271728,103271344.00
2020/11/17,29.08,29.22,28.56,28.70,5055258,99680640.00
2020/11/18,28.69,28.84,27.79,27.96,5599033,107614760.00
2020/11/19,27.96,29.61,27.56,29.38,9092658,179597904.00
2020/11/20,29.39,30.82,29.39,30.50,8399624,174583936.00
2020/11/23,30.41,31.46,29.96,30.99,8565699,181564464.00
2020/11/24,30.97,31.53,30.16,31.17,7151598,152143664.00
2020/11/25,31.24,31.76,29.91,30.02,5497778,115299400.00
2020/11/26,30.34,30.34,28.19,29.29,8421014,167416544.00
2020/11/27,28.98,30.40,28.76,29.64,5486356,111459464.00
2020/11/30,29.88,29.88,29.21,29.25,8914126,179710400.00
2020/12/01,28.84,30.68,28.84,30.54,5449031,112364848.00
2020/12/02,30.75,31.53,30.40,31.32,5963625,126562008.00
2020/12/03,32.05,32.11,30.10,30.34,6969846,146130960.00
2020/12/04,30.34,30.48,29.88,30.24,3417327,70686384.00
2020/12/07,30.31,31.00,30.23,30.47,3976354,83497768.00
2020/12/08,30.65,30.92,29.96,30.68,3865118,80606008.00
2020/12/09,30.68,30.68,30.02,30.03,2881848,59650268.00
2020/12/10,29.95,30.17,29.32,29.73,4578699,93199376.00
2020/12/11,29.81,30.48,28.97,29.42,5571409,113268144.00
2020/12/14,28.55,29.26,28.20,29.19,5886001,115597224.00
2020/12/15,29.11,30.24,28.89,30.22,6330214,128720232.00
2020/12/16,30.31,30.51,29.77,30.34,3431816,71045056.00
2020/12/17,30.62,31.21,30.24,31.21,4954236,104919168.00
2020/12/18,31.07,31.29,30.12,30.93,4854860,102551096.00
2020/12/21,30.93,32.55,30.13,32.54,8776491,190022512.00
2020/12/22,32.57,33.07,31.76,31.84,6117947,136004192.00
2020/12/23,31.81,32.33,31.39,32.22,4730414,103653208.00
2020/12/24,32.05,32.50,31.71,31.94,3539094,77897848.00
2020/12/25,31.87,32.26,31.21,31.60,3602390,77980736.00
2020/12/28,31.60,32.82,31.32,32.82,6552515,145296512.00
2020/12/29,33.14,33.14,30.94,32.18,9825773,213632704.00
2020/12/30,31.91,32.19,31.35,31.48,5697827,123964192.00
2020/12/31,31.42,31.97,30.09,30.66,7586264,159868656.00
2021/01/04,30.51,31.28,30.17,31.13,5226201,110729936.00
2021/01/05,30.99,31.14,29.04,29.64,12818081,260019968.00
2021/01/06,29.32,30.47,29.32,30.06,7318632,150819280.00
2021/01/07,30.06,30.38,29.25,29.61,7176009,146256528.00
2021/01/08,29.42,29.77,28.05,29.49,12454179,246374720.00
2021/01/11,29.50,30.72,28.63,30.24,9419411,192575872.00
2021/01/12,30.10,31.13,29.94,30.55,6991414,146871504.00
2021/01/13,30.93,31.04,27.63,28.34,17980504,352626176.00
2021/01/14,28.02,28.90,26.73,28.23,20348612,386080032.00
2021/01/15,28.27,29.22,28.21,28.72,8235931,162137424.00
2021/01/18,28.59,29.04,28.07,28.61,6671780,130054312.00
2021/01/19,28.83,29.03,27.92,28.59,5860483,113811600.00
2021/01/20,28.59,29.98,28.28,29.61,8598610,174084848.00
2021/01/21,29.61,30.58,29.56,30.33,5190636,107547872.00
2021/01/22,30.72,31.48,30.37,31.24,6027568,128128360.00
2021/01/25,30.94,31.67,30.45,30.65,8355385,176615392.00
2021/01/26,30.66,30.66,29.11,29.68,5435229,110290168.00
2021/01/27,29.54,31.14,29.22,31.03,7798381,163517792.00
2021/01/28,30.73,31.15,28.51,29.10,10164083,203853344.00
2021/01/29,28.97,30.33,28.35,28.69,6031345,120548176.00
2021/02/01,29.10,29.22,27.85,28.94,5219108,102107808.00
2021/02/02,28.69,29.99,28.14,29.77,6215589,124203232.00
2021/02/03,29.63,30.90,29.39,30.57,7389185,154485568.00
2021/02/04,30.51,31.04,28.66,29.32,6084593,122973392.00
2021/02/05,29.24,29.87,28.77,28.90,4151112,82468304.00
2021/02/08,28.76,29.11,28.13,28.73,4095400,80176848.00
2021/02/09,29.05,30.61,28.55,30.61,5503617,112939160.00
2021/02/10,30.65,31.07,29.81,30.57,6376535,132741776.00
2021/02/18,31.07,31.76,30.38,30.96,5956260,126298272.00
2021/02/19,31.22,33.93,30.83,33.93,12240538,277384832.00
2021/02/22,34.85,36.19,33.59,33.73,19673474,473552960.00
2021/02/23,32.82,33.42,31.41,32.44,14934697,331553184.00
2021/02/24,32.47,34.84,32.05,32.61,14203576,325752768.00
2021/02/25,33.07,33.41,31.00,32.33,10666698,235161520.00
2021/02/26,31.04,31.57,29.47,30.44,12692110,265516384.00
2021/03/01,30.37,32.55,30.23,32.48,8227679,177851504.00
2021/03/02,32.48,35.07,32.29,34.71,15386573,362911104.00
2021/03/03,34.86,37.01,34.40,36.66,12090283,297855040.00
2021/03/04,36.03,36.67,35.41,36.29,7339186,182657280.00
2021/03/05,35.62,36.08,34.46,35.10,6511769,158465024.00
2021/03/08,35.69,35.96,33.16,33.16,7677429,181284464.00
2021/03/09,33.24,33.73,30.86,31.04,12782889,282473792.00
2021/03/10,31.35,32.75,31.10,31.56,9222384,200774784.00
2021/03/11,31.49,33.23,31.34,32.72,4882217,109531440.00
2021/03/12,33.13,34.36,32.36,34.00,7931044,184377248.00
2021/03/15,33.88,33.88,32.22,33.14,4794785,108646920.00
2021/03/16,33.42,33.60,32.62,33.23,3784741,86340464.00
2021/03/17,33.18,34.68,32.76,34.32,4225150,98650760.00
2021/03/18,34.29,35.66,34.02,35.45,5161795,124711152.00
2021/03/19,34.99,35.82,33.52,34.08,7962136,188431520.00
2021/03/22,33.76,35.17,33.42,33.55,8894349,208812432.00
2021/03/23,34.68,35.96,34.14,35.03,9269838,224333536.00
2021/03/24,34.53,35.45,33.74,34.15,7756924,182354704.00
2021/03/25,33.69,34.07,32.05,33.60,7689945,175900752.00
2021/03/26,33.24,34.15,33.24,33.44,4421912,102086936.00
2021/03/29,33.53,34.68,33.44,34.44,4511406,106155800.00
2021/03/30,34.70,35.16,34.23,34.74,3664652,87559576.00
2021/03/31,34.74,34.86,33.90,34.01,3351859,78996376.00
2021/04/01,34.50,34.74,33.49,33.83,2866325,66873884.00
2021/04/02,33.72,34.01,32.96,33.38,5203259,119114024.00
2021/04/06,33.48,35.35,33.41,35.13,7049967,167687040.00
2021/04/07,35.14,35.31,33.34,33.90,7707083,181014912.00
2021/04/08,33.73,35.96,33.73,34.78,9968572,242007760.00
2021/04/09,34.54,34.95,33.39,34.43,8099076,189592912.00
2021/04/12,34.79,34.79,32.86,33.09,8009536,184445440.00
2021/04/13,33.59,34.12,32.92,33.38,4946313,113415728.00
2021/04/14,34.26,34.82,32.89,34.61,6812202,161152752.00
2021/04/15,34.61,34.78,33.62,33.87,2821169,66085660.00
2021/04/16,33.91,34.21,33.31,33.52,4326307,99726224.00
2021/04/19,33.17,33.66,33.09,33.62,5312206,121474840.00
2021/04/20,34.53,34.58,33.18,33.30,4974335,114496248.00
2021/04/21,32.93,33.28,32.67,32.81,3805348,86154712.00
2021/04/22,32.75,32.95,31.99,32.15,5572523,123475672.00
2021/04/23,32.15,32.65,31.52,32.08,5506890,121564568.00
2021/04/26,31.94,32.79,31.00,31.35,9024284,196657232.00
2021/04/27,31.38,31.43,29.95,30.68,8338919,173716272.00
2021/04/28,30.72,31.60,30.65,31.57,4437168,95349248.00
2021/04/29,31.99,31.99,31.07,31.25,2564170,54998048.00
2021/04/30,31.25,31.29,30.38,30.59,4022907,84359248.00
2021/05/06,30.09,30.57,29.11,29.56,7631405,154420720.00
2021/05/07,29.47,29.73,28.34,28.63,5996049,118091936.00
2021/05/10,28.63,29.08,27.85,28.76,5870482,114259216.00
2021/05/11,28.76,29.63,28.20,28.70,5553358,109362624.00
2021/05/12,29.12,29.12,28.27,28.49,2824446,55070964.00
2021/05/13,28.16,28.47,27.99,28.14,2430220,46744320.00
2021/05/14,28.41,28.45,27.67,28.21,3235903,61930164.00
2021/05/17,28.07,28.63,28.07,28.40,2660047,51561200.00
2021/05/18,28.61,29.57,27.72,29.49,4560046,90222672.00
2021/05/19,29.24,30.02,28.97,29.56,2879327,58015640.00
2021/05/20,30.09,30.30,29.12,29.33,3053082,60348888.00
2021/05/21,29.24,29.46,28.52,28.83,2723966,52664052.00
2021/05/24,28.82,29.96,28.51,29.70,3364078,66441872.00
2021/05/25,29.67,29.88,29.40,29.67,2183985,43440176.00
2021/05/26,29.74,30.31,29.74,29.92,2475665,49824328.00
2021/05/27,29.81,30.05,29.57,29.66,1733988,34477948.00
2021/05/28,29.68,29.92,29.35,29.42,1874461,37143968.00
2021/05/31,29.42,29.87,28.97,29.67,2062890,40746088.00
2021/06/01,29.67,29.67,29.18,29.32,1593744,31288198.00
2021/06/02,29.45,30.22,29.12,29.60,3418903,67832528.00
2021/06/03,29.46,29.54,28.52,28.55,3270626,63434248.00
2021/06/04,28.35,28.76,27.60,28.52,6013362,113434760.00
2021/06/07,28.45,28.49,27.99,28.17,1998978,37672112.00
2021/06/08,28.12,28.19,27.71,27.86,1744911,32534416.00
2021/06/09,27.78,28.07,27.74,28.00,1726067,32185114.00
2021/06/10,27.96,28.52,27.57,28.31,3054139,57168448.00
2021/06/11,28.31,28.45,27.72,27.95,3135617,58717704.00
2021/06/15,27.71,28.34,26.76,28.26,4354714,80290688.00
2021/06/16,27.60,28.10,27.29,27.67,3060712,56640924.00
2021/06/17,27.67,27.82,26.95,27.02,1839038,33450024.00
2021/06/18,26.91,27.77,26.45,27.60,2887612,52695668.00
2021/06/21,27.49,27.56,26.84,26.93,2656721,47979200.00
2021/06/22,26.84,28.24,26.84,27.70,3925862,72180960.00
2021/06/23,27.68,28.05,27.33,27.40,2019417,37115112.00
2021/06/24,27.47,27.47,27.08,27.15,1199767,21755488.00
2021/06/25,27.30,28.13,27.02,27.79,3096316,57264400.00
2021/06/28,27.85,28.69,27.56,27.88,4181559,78650448.00
2021/06/29,27.88,27.99,26.94,27.64,4233623,77420056.00
2021/06/30,27.44,27.85,27.01,27.21,2657254,48179000.00
2021/07/01,27.40,27.40,26.87,26.88,2257833,40580148.00
2021/07/02,26.94,27.01,26.03,26.06,2167983,38101624.00
2021/07/05,25.99,26.49,25.20,26.34,2947666,50911416.00
2021/07/06,26.16,26.20,25.47,25.69,1909781,32659112.00
2021/07/07,25.61,25.95,25.33,25.68,3582804,60884800.00
2021/07/08,25.61,25.74,25.16,25.46,4554513,77011320.00
2021/07/09,25.33,25.33,24.67,24.74,4095352,67555408.00
2021/07/12,24.77,26.11,24.74,25.64,4868489,82198680.00
2021/07/13,26.03,26.03,25.47,26.00,2690440,46061220.00
2021/07/14,25.75,26.27,25.65,25.89,2066703,35602332.00
2021/07/15,25.89,26.07,25.68,25.86,2248776,38701056.00
2021/07/16,26.03,26.44,25.78,26.11,2618598,45580836.00
2021/07/19,26.25,26.32,25.62,25.75,1741500,29888076.00
2021/07/20,25.58,25.58,25.13,25.32,1983860,33302884.00
2021/07/21,25.79,26.58,25.47,25.74,2955659,51087312.00
2021/07/22,25.67,26.13,25.58,25.74,1913954,32802232.00
2021/07/23,25.62,25.88,25.41,25.60,1670704,28416740.00
2021/07/26,25.85,25.88,24.91,25.22,1997240,33502514.00
2021/07/27,25.18,25.41,23.68,23.71,5319805,85392616.00
2021/07/28,23.58,23.90,22.81,23.09,4018959,61041004.00
2021/07/29,23.26,24.18,23.10,24.18,3263447,50783136.00
2021/07/30,23.87,24.18,23.51,23.92,2531420,39719408.00
2021/08/02,23.87,25.65,23.61,25.53,4071324,67591808.00
2021/08/03,25.61,26.80,25.61,26.16,8184270,142904512.00
2021/08/04,26.20,26.42,25.72,25.95,4057400,70316328.00
2021/08/05,26.58,26.58,25.90,26.06,3137153,54474460.00
2021/08/06,26.09,26.25,25.68,26.21,2492740,43214392.00
2021/08/09,26.34,27.00,26.18,26.94,4008599,71473832.00
2021/08/10,27.22,27.26,26.63,27.14,2854500,51304228.00
2021/08/11,27.22,27.37,26.95,27.26,2164579,39256796.00
2021/08/12,27.29,28.20,27.26,28.09,5556720,103438888.00
2021/08/13,28.09,29.74,27.71,29.49,7417061,144794032.00
2021/08/16,29.78,29.78,28.41,28.45,4802616,92377976.00
2021/08/17,28.45,29.45,28.37,28.69,4068873,78525240.00
2021/08/18,28.27,28.27,27.26,28.14,5786345,107107208.00
2021/08/19,27.96,28.13,26.77,27.47,5974956,109151760.00
2021/08/20,27.43,28.06,27.09,27.75,5564832,102463408.00
2021/08/23,28.27,28.27,27.36,27.61,4523558,83622768.00
2021/08/24,27.56,28.35,27.30,28.06,4129631,76562992.00
2021/08/25,28.13,29.32,27.95,28.91,6022496,116161808.00
2021/08/26,28.91,29.38,28.45,28.96,5009544,96720064.00
2021/08/27,28.91,29.46,27.78,28.21,6691043,126831776.00
2021/08/30,27.82,27.82,27.01,27.26,5450946,99472352.00
2021/08/31,27.36,28.07,27.26,27.71,6338183,117315072.00
2021/09/01,27.57,28.76,27.16,28.40,7410028,139372864.00
2021/09/02,28.30,29.46,28.27,29.26,11514068,224197040.00
2021/09/03,29.12,29.21,27.22,27.51,12081112,225702480.00
2021/09/06,27.19,27.85,27.04,27.61,4844479,89262216.00
2021/09/07,27.85,28.06,27.32,28.00,3335855,61954840.00
2021/09/08,27.93,28.13,27.36,27.61,3017891,55601720.00
2021/09/09,27.57,27.79,27.23,27.40,2021120,36987760.00
2021/09/10,27.29,27.29,26.86,27.05,3682340,66399284.00
2021/09/13,27.05,27.05,25.88,26.03,4306680,75191600.00
2021/09/14,26.03,26.62,25.76,26.53,3949501,68796552.00
2021/09/15,26.34,26.37,25.37,25.75,3681012,62941752.00
2021/09/16,25.61,26.00,24.74,24.77,3821490,63907112.00
2021/09/17,24.74,25.05,24.50,24.94,1543000,25357476.00
2021/09/22,24.90,25.18,24.62,24.91,2962867,48793608.00
2021/09/23,24.98,25.26,24.77,24.85,2624600,43417444.00
2021/09/24,24.81,24.84,24.21,24.34,2258761,36563084.00
2021/09/27,24.34,24.84,24.34,24.60,3504599,57039864.00
2021/09/28,24.45,24.67,24.20,24.22,1613678,26000406.00
2021/09/29,24.04,24.59,23.52,24.24,3868213,61419284.00
2021/09/30,24.13,24.73,23.62,24.38,5185946,82524416.00
2021/10/08,24.38,24.66,24.27,24.41,1922005,31020992.00
2021/10/11,24.63,24.63,24.32,24.43,1030228,16650507.00
2021/10/12,24.43,24.45,23.68,23.90,1602437,25365724.00
2021/10/13,23.90,24.25,23.89,24.13,1445666,23000732.00
2021/10/14,24.07,24.63,23.97,24.35,1505726,24268176.00
2021/10/15,24.46,24.69,24.14,24.55,1349759,21809648.00
2021/10/18,24.64,24.73,24.11,24.35,1443112,23203700.00
2021/10/19,24.27,25.51,24.27,24.95,3807118,63120156.00
2021/10/20,25.04,25.41,24.80,25.32,2070661,34541500.00
2021/10/21,25.25,25.58,24.98,25.16,2391971,40025972.00
2021/10/22,24.99,25.16,24.63,24.91,2111200,34719664.00
2021/10/25,24.91,25.08,24.66,25.02,1630122,26907964.00
2021/10/26,25.05,25.19,24.70,24.77,1798020,29701030.00
2021/10/27,24.78,25.13,24.11,25.01,2906517,47483176.00
2021/10/28,24.81,25.30,24.64,24.95,1594547,26441410.00
2021/10/29,25.23,25.26,24.43,24.97,1642304,27024536.00
2021/11/01,24.97,25.27,24.63,25.08,1491978,24827672.00
2021/11/02,25.08,25.55,25.02,25.54,2588737,43418428.00
2021/11/03,25.62,25.72,25.20,25.57,1987374,33571952.00
2021/11/04,25.61,25.75,25.34,25.51,1712820,28990936.00
2021/11/05,25.53,26.66,25.51,26.23,3709785,64585192.00
2021/11/08,26.59,26.66,25.62,25.71,2216079,38259564.00
2021/11/09,25.83,26.21,25.41,25.89,1806312,30917936.00
2021/11/10,26.06,26.27,25.62,25.90,1453482,24994384.00
2021/11/11,26.04,26.11,25.79,26.10,1560527,26926856.00
2021/11/12,26.04,26.62,25.97,26.31,2425905,42215160.00
2021/11/15,26.45,26.67,25.65,25.86,4274711,74024632.00
2021/11/16,25.82,26.17,25.50,25.86,1549995,26536078.00
2021/11/17,25.95,26.06,25.68,26.04,1398263,24077356.00
2021/11/18,26.14,26.27,25.69,25.82,2519031,43422692.00
2021/11/19,26.06,26.42,25.78,26.13,4051521,70251392.00
2021/11/22,26.31,26.62,25.92,26.17,4049983,70572664.00
2021/11/23,26.17,26.48,25.96,26.27,3116170,54298724.00
2021/11/24,26.31,26.46,25.85,26.17,4186719,72542240.00
2021/11/25,26.04,26.20,25.74,26.06,2499348,43084256.00
2021/11/26,26.06,26.16,25.79,26.10,2177900,37552132.00
2021/11/29,25.61,25.88,24.21,24.42,8464407,138825152.00
2021/11/30,24.31,25.16,24.31,24.77,3417343,56304440.00
2021/12/01,24.74,25.15,24.55,24.85,2691689,44074584.00
2021/12/02,24.83,24.91,24.28,24.56,2996377,48602408.00
2021/12/03,24.56,24.81,24.36,24.77,2315846,37742728.00
2021/12/06,24.84,25.01,24.50,24.56,2226923,36537600.00
2021/12/07,24.64,24.70,24.29,24.53,2331860,37758960.00
2021/12/08,24.39,24.80,24.39,24.59,1840641,30001062.00
2021/12/09,24.64,25.05,24.35,24.76,3536383,57880724.00
2021/12/10,25.04,25.16,24.76,25.06,2890300,47876232.00
2021/12/13,25.05,25.53,24.81,25.47,3253820,54760080.00
2021/12/14,25.39,25.81,25.15,25.60,3159050,53540952.00
2021/12/15,25.72,25.72,25.40,25.46,1360810,23041096.00
2021/12/16,25.60,25.88,25.06,25.46,2434981,41048160.00
2021/12/17,25.46,25.68,25.13,25.19,2300025,38553156.00
2021/12/20,25.39,25.78,25.08,25.25,3707322,62389948.00
2021/12/21,25.71,25.85,25.33,25.68,3397430,57743264.00
2021/12/22,25.60,25.74,25.44,25.65,1848493,31378656.00
2021/12/23,25.74,25.74,24.92,25.43,3373962,56340600.00
2021/12/24,24.92,25.54,24.87,24.98,2160499,35927076.00
2021/12/27,24.91,25.36,24.91,25.23,1347842,22524816.00
2021/12/28,25.12,25.50,25.11,25.43,1791840,30115524.00
2021/12/29,25.34,25.79,25.22,25.71,3410540,57771572.00
2021/12/30,25.64,26.00,25.58,25.78,2012902,34483200.00
2021/12/31,25.82,25.92,25.57,25.82,1519121,25975400.00
2022/01/04,25.83,26.03,25.40,25.50,3136716,53163820.00
2022/01/05,25.72,25.72,25.26,25.71,2818977,47768700.00
2022/01/06,25.51,25.85,25.33,25.79,2491028,42461596.00
2022/01/07,25.74,26.72,25.71,26.48,7046671,123696072.00
2022/01/10,26.49,27.89,26.32,27.46,8632815,158102752.00
2022/01/11,27.82,27.82,27.01,27.30,4660235,85153088.00
2022/01/12,27.29,27.57,26.76,27.47,4801093,87019160.00
2022/01/13,27.44,27.71,27.12,27.14,2311035,42185184.00
2022/01/14,26.98,27.11,26.31,26.37,2876872,50985956.00
2022/01/17,26.42,26.70,26.17,26.42,3061189,53697816.00
2022/01/18,26.38,26.53,25.89,26.21,3012098,52407452.00
2022/01/19,26.23,26.38,25.86,25.99,1890182,32792216.00
2022/01/20,26.02,26.16,25.71,25.82,1774015,30435388.00
2022/01/21,25.72,25.82,25.02,25.51,3448385,57953108.00
2022/01/24,25.27,25.79,25.12,25.57,2456895,41613080.00
2022/01/25,25.47,25.74,24.15,24.22,3622877,59175896.00
2022/01/26,24.22,25.05,24.22,24.71,2463727,40292188.00
2022/01/27,24.63,24.88,24.36,24.55,2107669,34258428.00
2022/01/28,24.55,24.77,23.82,24.01,2565938,41025304.00
2022/02/07,24.22,25.86,24.08,25.55,3829932,64305280.00
2022/02/08,25.97,25.97,24.94,25.34,1944782,32632376.00
2022/02/09,25.27,25.50,25.08,25.19,1803606,30161152.00
2022/02/10,25.13,25.39,25.08,25.34,1718447,28706698.00
2022/02/11,26.03,26.09,24.83,24.87,2492808,42010464.00
2022/02/14,24.49,25.11,24.48,24.73,1918696,31423110.00
2022/02/15,24.73,24.73,24.38,24.63,1283016,20830076.00
2022/02/16,24.83,25.19,24.62,25.02,1268804,20961092.00
2022/02/17,25.19,25.93,25.02,25.44,3826298,64860016.00
2022/02/18,25.36,25.61,25.12,25.54,1627365,27410872.00
2022/02/21,25.54,25.54,24.97,25.09,1762589,29420832.00
2022/02/22,25.15,25.47,24.76,24.84,1599611,26485020.00
2022/02/23,25.01,25.02,24.76,24.99,1340657,22092108.00
2022/02/24,24.88,24.95,24.03,24.25,2939638,47582832.00
2022/02/25,24.29,24.87,24.20,24.55,2828777,45923024.00
2022/02/28,24.76,24.76,24.29,24.48,1007902,16301956.00
2022/03/01,24.53,24.67,24.34,24.49,1068498,17319920.00
2022/03/02,24.62,24.62,24.13,24.15,1804100,28866608.00
2022/03/03,24.25,24.34,23.66,23.76,2556178,40208236.00
2022/03/04,23.71,23.76,23.22,23.30,3339483,51620348.00
2022/03/07,23.23,23.26,21.51,22.22,11015415,159521744.00
2022/03/08,22.22,22.67,21.93,22.36,5981093,87614128.00
2022/03/09,22.36,22.45,20.85,21.55,2913458,41303320.00
2022/03/10,21.90,22.08,21.59,21.62,1878340,26831134.00
2022/03/11,21.54,21.86,21.02,21.69,2134195,30064112.00
2022/03/14,21.69,21.69,21.05,21.05,1498895,20890160.00
2022/03/15,21.06,21.06,19.70,19.81,3145317,41399816.00
2022/03/16,20.02,20.23,19.23,20.01,2851912,36786948.00
2022/03/17,20.04,20.57,20.04,20.33,3017469,39967800.00
2022/03/18,20.15,20.43,20.05,20.30,1482998,19598928.00
2022/03/21,20.40,20.70,20.30,20.58,2024449,27005496.00
2022/03/22,20.53,20.70,20.36,20.54,1386202,18514556.00
2022/03/23,20.61,21.12,20.56,20.74,2283683,30971154.00
2022/03/24,20.75,20.96,20.61,20.79,1317940,17845956.00
2022/03/25,20.84,21.09,20.71,20.74,1352478,18418232.00
2022/03/28,20.67,20.96,20.09,20.79,1454751,19590926.00
2022/03/29,20.77,20.91,20.54,20.54,885928,11942585.00
2022/03/30,20.65,20.82,20.51,20.79,984465,13298483.00
2022/03/31,20.95,20.95,20.53,20.53,1295020,17468482.00
2022/04/01,20.56,20.82,20.23,20.79,1230681,16580191.00
2022/04/06,20.79,21.37,20.75,21.26,1719092,23641318.00
2022/04/07,21.27,21.34,20.99,21.12,1410712,19475324.00
2022/04/08,21.03,21.54,20.85,21.30,2960755,40922928.00
2022/04/11,21.23,21.52,20.30,20.40,3129946,42704736.00
2022/04/12,20.40,21.34,20.33,21.26,3495264,47894700.00
2022/04/13,21.07,21.63,20.88,21.26,2777393,38796100.00
2022/04/14,21.45,21.52,20.96,21.27,1803230,24950304.00
2022/04/15,21.03,21.13,20.71,20.74,1633760,22290214.00
2022/04/18,20.64,20.84,20.30,20.64,1299471,17338424.00
2022/04/19,20.64,20.71,20.12,20.26,2522700,33425238.00
2022/04/20,20.33,20.71,20.01,20.32,2236683,29636330.00
2022/04/21,20.18,20.64,20.05,20.36,2047804,27045804.00
2022/04/22,20.21,21.06,20.08,20.99,3447239,46621504.00
2022/04/25,20.71,21.38,20.56,21.35,6367756,88003448.00
2022/04/26,21.35,21.75,20.65,21.44,3635441,50614680.00
2022/04/27,21.19,22.60,20.99,22.57,4622931,66623888.00
2022/04/28,22.49,22.49,21.69,21.91,3294945,47371000.00
2022/04/29,22.05,22.38,21.73,22.31,2908304,42088592.00
2022/05/05,22.05,22.33,21.86,22.18,2643741,38417152.00
2022/05/06,21.83,21.94,21.44,21.76,2065228,29352512.00
2022/05/09,21.77,22.18,21.56,21.91,1748574,25107608.00
2022/05/10,21.59,22.18,21.48,22.03,1762691,25292540.00
2022/05/11,21.97,22.28,21.84,22.03,2792075,40370992.00
2022/05/12,21.84,22.42,21.69,22.10,2896348,41876724.00
2022/05/13,22.01,22.56,21.82,22.05,4104709,59516720.00
2022/05/16,22.11,22.24,21.76,21.91,1556789,22380658.00
2022/05/17,21.80,21.94,21.52,21.59,1907553,27006564.00
2022/05/18,21.54,21.76,21.13,21.21,1824030,25590892.00
2022/05/19,20.92,21.73,20.85,21.62,1832900,25722904.00
2022/05/20,21.68,21.80,21.49,21.65,1720084,24397704.00
2022/05/23,21.65,21.87,21.55,21.83,1386221,19743472.00
2022/05/24,21.84,21.98,21.16,21.30,2663421,37499500.00
2022/05/25,21.41,21.41,20.92,21.06,1949202,26796524.00
2022/05/26,21.13,21.55,20.98,21.54,1851220,25826340.00
2022/05/27,21.56,21.90,20.71,20.98,4223570,56717952.00
2022/05/30,20.98,21.27,20.86,21.26,2446200,32670072.00
2022/05/31,21.16,22.25,21.16,22.15,5693303,79084304.00
2022/06/01,22.17,22.50,21.98,22.32,3748091,53455156.00
2022/06/02,22.53,22.53,22.18,22.33,2436040,34713360.00
2022/06/06,22.25,22.45,21.93,21.97,2771367,38962252.00
2022/06/07,22.04,22.11,21.49,21.65,3766507,52008728.00
2022/06/08,21.55,21.70,21.19,21.38,2647657,35987116.00
2022/06/09,21.38,21.59,21.03,21.21,2273055,30801280.00
2022/06/10,21.10,21.47,21.07,21.28,2218087,29989664.00
2022/06/13,20.91,21.19,20.75,20.86,3371711,44684568.00
2022/06/14,20.77,20.78,20.23,20.60,3205344,41389536.00
2022/06/15,20.61,21.05,20.56,20.71,2825348,37193068.00
2022/06/16,21.31,22.36,21.27,21.65,10918991,151215248.00
2022/06/17,21.52,22.04,21.09,21.79,7105545,98201168.00
2022/06/20,21.77,22.89,21.58,22.68,10233558,147455024.00
2022/06/21,22.85,23.36,22.60,22.74,6051272,88981384.00
2022/06/22,22.77,22.89,22.24,22.35,3212696,46212984.00
2022/06/23,22.49,22.56,22.11,22.49,2907537,41556216.00
2022/06/24,22.45,23.47,22.43,23.30,8868500,131494608.00
2022/06/27,23.37,24.03,23.15,23.89,7213293,110030296.00
2022/06/28,23.87,25.25,23.40,24.70,7187228,114529128.00
2022/06/29,24.78,24.85,23.92,24.03,4801906,75594736.00
2022/06/30,24.03,24.32,23.82,23.97,2549622,39402692.00
2022/07/01,24.06,24.91,23.87,24.64,4393434,69473896.00
2022/07/04,24.64,25.11,24.39,24.62,3120840,49747072.00
2022/07/05,24.57,24.74,23.83,24.04,2684735,41613900.00
2022/07/06,24.03,24.24,23.02,23.47,5078462,76375552.00
2022/07/07,23.69,23.76,23.33,23.47,1474458,22235294.00
2022/07/08,23.47,23.76,23.20,23.23,1672715,25172196.00
2022/07/11,23.26,23.26,22.67,22.98,1801333,26445356.00
2022/07/12,22.94,23.34,22.71,22.74,2249959,33139274.00
2022/07/13,22.88,23.71,22.71,23.13,3634224,54412840.00
2022/07/14,23.13,23.29,22.81,23.17,1810993,26778556.00
2022/07/15,23.13,23.66,22.77,23.37,5205312,77930784.00
2022/07/18,23.20,24.39,23.20,24.34,5263126,81600328.00
2022/07/19,24.20,24.20,23.51,23.61,2475924,37774420.00
2022/07/20,23.61,24.06,23.38,23.66,1613424,24414868.00
2022/07/21,23.62,23.92,23.44,23.65,1561040,23745896.00
2022/07/22,23.72,24.04,23.27,23.57,1813294,27551492.00
2022/07/25,23.79,23.79,22.99,23.23,1707635,25448496.00
2022/07/26,23.10,23.44,22.92,23.40,1016158,15117414.00
2022/07/27,23.33,23.64,22.95,23.48,1186952,17866916.00
2022/07/28,23.59,23.72,23.41,23.62,1811972,27464830.00
2022/07/29,23.50,23.68,23.15,23.24,2005311,30094398.00
2022/08/01,23.13,23.62,23.05,23.33,1520114,22737378.00
2022/08/02,23.38,23.38,22.35,23.05,3598407,52744960.00
2022/08/03,22.82,23.44,22.80,22.88,2282744,33817432.00
2022/08/04,22.85,23.09,22.33,22.71,2019901,29294292.00
2022/08/05,22.78,22.92,22.50,22.89,1215974,17665456.00
2022/08/08,22.75,22.87,22.40,22.68,1237922,17948538.00
2022/08/09,22.70,22.94,22.36,22.80,2023947,29278768.00
2022/08/10,22.85,23.78,22.68,23.17,3904221,58406464.00
2022/08/11,23.40,24.21,23.16,23.89,5595443,85678856.00
2022/08/12,23.87,23.93,22.95,22.98,4144446,62032880.00
2022/08/15,23.01,23.22,22.53,23.13,2838712,41607888.00
2022/08/16,23.08,23.44,22.75,23.22,2481667,36820000.00
2022/08/17,23.23,23.23,22.64,23.02,2874588,42195056.00
2022/08/18,23.02,23.16,22.71,22.95,1502905,22151332.00
2022/08/19,23.03,24.07,23.02,23.64,5634329,85988248.00
2022/08/22,23.52,23.64,23.10,23.24,3573643,53325820.00
2022/08/23,23.09,23.30,22.74,22.75,2926077,42968580.00
2022/08/24,22.78,22.78,21.66,21.76,4854325,68499128.00
2022/08/25,21.76,21.91,21.24,21.52,2414112,32917520.00
2022/08/26,21.54,22.22,21.48,21.83,2434966,33667728.00
2022/08/29,21.35,21.90,21.35,21.87,1056603,14602220.00
2022/08/30,21.79,21.98,21.69,21.87,1262568,17581824.00
2022/08/31,21.72,22.18,21.48,22.05,2105908,29308838.00
2022/09/01,21.98,22.07,21.56,21.59,1411834,19632360.00
2022/09/02,21.59,21.83,21.54,21.69,820468,11309694.00
2022/09/05,21.65,21.90,21.45,21.83,1238427,17063688.00
2022/09/06,21.83,22.10,21.63,21.97,1363510,18999412.00
2022/09/07,21.87,22.12,21.69,21.69,3000648,41740480.00
2022/09/08,21.90,22.11,21.51,21.97,3226830,44897420.00
2022/09/09,21.94,22.28,21.86,22.25,1847284,26093600.00
2022/09/13,22.25,22.36,22.11,22.26,1119670,15888233.00
2022/09/14,22.08,22.31,21.93,22.22,1286163,18143992.00
2022/09/15,22.32,22.32,21.69,21.97,1851983,25948304.00
2022/09/16,21.97,22.08,21.41,21.48,1466687,20143194.00
2022/09/19,21.48,21.55,20.95,21.02,1815952,24333736.00
2022/09/20,21.09,21.26,20.57,20.84,1789784,23695994.00
2022/09/21,20.81,20.99,20.35,20.71,3571594,46499896.00
2022/09/22,20.60,20.92,20.49,20.65,1480925,19392464.00
2022/09/23,20.72,20.85,20.37,20.64,1318000,17156560.00
2022/09/26,20.57,20.85,20.40,20.56,993297,12975525.00
2022/09/27,20.65,20.81,20.47,20.56,1462056,19023712.00
2022/09/28,20.58,20.58,19.74,19.83,2900755,36642544.00
2022/09/29,20.05,20.35,19.88,20.08,1639379,20788890.00
2022/09/30,20.08,20.15,19.73,19.74,1439158,17986268.00
2022/10/10,19.69,20.05,19.53,19.58,1407862,17522284.00
2022/10/11,19.67,19.86,19.28,19.59,823232,10131157.00
2022/10/12,19.70,20.67,19.38,20.28,2433318,30804306.00
2022/10/13,20.19,21.13,19.88,20.99,4708194,61838068.00
2022/10/14,20.85,22.56,20.85,22.33,6828751,96688288.00
2022/10/17,21.98,22.59,21.84,22.49,2698049,38562256.00
2022/10/18,22.32,22.53,22.12,22.12,3229859,45922712.00
2022/10/19,22.12,22.82,22.00,22.67,4422732,63886844.00
2022/10/20,22.66,23.79,22.45,23.17,13279266,199426208.00
2022/10/21,23.41,24.84,23.33,24.59,11749749,184710880.00
2022/10/24,24.83,26.59,24.76,25.93,15049131,253951488.00
2022/10/25,26.34,26.34,25.41,25.95,7594995,127357936.00
2022/10/26,26.00,26.23,25.57,25.82,8165241,137024368.00
2022/10/27,25.83,25.86,24.25,24.49,15402787,246375040.00
2022/10/28,24.48,25.05,24.20,24.48,10602386,169080592.00
2022/10/31,24.35,25.68,23.72,25.33,10355526,168183568.00
2022/11/01,25.32,25.93,25.13,25.85,6878731,114133648.00
2022/11/02,25.76,27.12,25.68,26.70,6816616,118520384.00
2022/11/03,26.52,27.11,26.25,26.84,4547773,79503488.00
2022/11/04,27.08,27.15,26.28,26.39,5087568,88053856.00
2022/11/07,26.63,26.72,26.10,26.27,3811438,65290368.00
2022/11/08,26.41,26.42,25.61,25.99,5229703,87897544.00
2022/11/09,26.03,26.59,25.64,26.06,3839695,65378048.00
2022/11/10,25.89,26.14,25.65,25.82,2133980,35765344.00
2022/11/11,26.13,26.70,26.03,26.62,4754575,81693192.00
2022/11/14,26.52,27.04,26.25,26.38,5196375,90102768.00
2022/11/15,26.17,27.29,26.16,27.01,4757102,83388144.00
2022/11/16,26.95,29.03,26.73,28.47,10447424,192677024.00
2022/11/17,28.49,29.04,27.75,28.89,6600374,123104424.00
2022/11/18,28.91,29.29,28.69,28.82,5678633,107887648.00
2022/11/21,28.82,30.37,28.41,30.15,7767459,152183056.00
2022/11/22,30.22,30.30,29.29,29.53,4271280,83505464.00
2022/11/23,29.71,29.95,28.49,29.08,5396692,102312344.00
2022/11/24,29.08,29.43,28.93,29.25,1697248,32490956.00
2022/11/25,29.08,29.29,28.55,28.65,2894606,54646516.00
2022/11/28,28.40,28.66,27.91,28.28,3778104,69958240.00
2022/11/29,28.55,28.75,27.98,28.35,3260755,60476240.00
2022/11/30,28.26,29.01,27.88,28.35,3683548,68710632.00
2022/12/01,28.79,29.39,28.06,28.20,4557085,85267416.00
2022/12/02,28.20,28.56,27.78,27.79,3456264,63446784.00
2022/12/05,27.82,29.36,27.54,28.83,6523869,122005960.00
2022/12/06,28.80,29.00,28.19,28.77,2512575,47098072.00
2022/12/07,29.07,29.81,28.06,28.35,6276132,117820880.00
2022/12/08,28.55,28.55,27.92,28.05,3172595,58447152.00
2022/12/09,28.07,28.69,27.42,27.57,7448060,135405920.00
2022/12/12,27.57,28.20,27.30,27.68,5013429,90696992.00
2022/12/13,27.75,27.77,26.62,26.95,6214078,108967872.00
2022/12/14,26.88,27.42,26.84,26.95,2807367,49449012.00
2022/12/15,26.81,27.29,26.66,26.76,2597249,45520656.00
2022/12/16,26.87,26.97,26.46,26.62,2146035,37269876.00
2022/12/19,26.42,27.18,26.17,26.31,2397200,41371156.00
2022/12/20,26.10,26.53,25.79,25.96,2366920,40051568.00
2022/12/21,25.89,26.37,25.88,26.16,2406933,40838624.00
2022/12/22,26.28,26.56,25.78,25.89,2845127,48192512.00
2022/12/23,25.89,26.21,25.51,25.74,2035577,33917648.00
2022/12/26,25.78,26.32,25.41,25.99,2443953,41171384.00
2022/12/27,25.99,27.09,25.79,26.46,4056224,70643616.00
2022/12/28,26.41,26.53,25.99,26.11,2770112,47069104.00
2022/12/29,26.17,26.28,25.72,26.16,2201611,37263984.00
2022/12/30,26.16,26.35,25.69,25.90,1602367,26966056.00
2023/01/03,25.90,27.11,25.85,26.72,4351523,75667312.00
2023/01/04,26.69,27.82,26.69,27.08,3297968,58492360.00
2023/01/05,27.14,28.19,26.90,27.68,4338349,78632064.00
2023/01/06,27.64,27.82,27.01,27.19,3054491,54418180.00
2023/01/09,27.19,27.54,26.98,27.12,3007143,53467960.00
2023/01/10,27.15,27.99,26.88,27.72,4411581,79549632.00
2023/01/11,27.54,28.34,27.36,28.09,3928727,71994240.00
2023/01/12,28.10,28.35,27.57,27.72,2478261,44942816.00
2023/01/13,27.72,27.85,27.36,27.84,1567499,28264664.00
2023/01/16,27.74,27.96,27.26,27.60,3829022,69012232.00
2023/01/17,27.71,28.31,27.47,28.17,2455480,45019488.00
2023/01/18,28.13,29.03,27.75,28.90,4273853,80019920.00
2023/01/19,28.68,29.14,28.44,28.79,1734327,32722808.00
2023/01/20,28.91,29.10,28.62,28.82,1491480,28162216.00
2023/01/30,28.90,29.24,28.10,28.21,3945472,73641216.00
2023/01/31,28.13,29.63,28.10,29.53,5301613,101866928.00
2023/02/01,29.59,29.67,29.11,29.21,2817088,54048708.00
2023/02/02,29.25,29.71,29.08,29.53,2519273,48758536.00
2023/02/03,29.47,31.00,29.17,30.50,4136937,81769696.00
2023/02/06,30.50,30.51,29.38,29.54,3128510,61140296.00
2023/02/07,29.28,30.58,29.26,30.06,2572618,50797960.00
2023/02/08,29.99,30.66,29.78,30.09,2135679,42409896.00
2023/02/09,30.09,30.26,29.92,30.09,1771840,35063992.00
2023/02/10,30.03,31.03,29.95,30.90,4492736,90695648.00
2023/02/13,30.85,33.76,30.68,33.76,13612213,301744992.00
2023/02/14,33.32,34.08,32.40,33.45,11760790,257924112.00
2023/02/15,33.56,33.60,32.60,33.53,6998320,154220352.00
2023/02/16,33.38,33.66,31.97,32.20,7375911,159940224.00
2023/02/17,32.33,33.42,31.98,32.53,6016142,130575600.00
2023/02/20,32.93,34.50,32.69,34.04,11939588,268497536.00
2023/02/21,34.02,34.40,33.59,34.07,5229853,118093968.00
2023/02/22,33.94,34.40,33.66,33.80,4168923,93966952.00
2023/02/23,33.80,34.07,32.75,33.11,6781793,149262992.00
2023/02/24,32.89,33.34,32.75,32.90,3558635,77791512.00
2023/02/27,32.90,33.17,31.88,32.30,9092618,194027920.00
2023/02/28,32.15,32.48,31.92,32.34,4634874,98779912.00
2023/03/01,32.12,32.54,31.90,32.26,5061894,107951280.00
2023/03/02,32.16,32.60,31.27,31.46,8642565,180270160.00
2023/03/03,30.87,31.70,30.79,30.93,8433784,172753792.00
2023/03/06,30.82,31.63,30.62,31.18,9855389,203213984.00
2023/03/07,31.17,31.32,30.58,30.59,6117924,124539144.00
2023/03/08,30.59,31.14,30.45,30.94,6316697,129085464.00
2023/03/09,31.20,31.90,30.47,30.73,9254824,189094912.00
2023/03/10,30.64,30.78,29.40,29.56,10197062,200061472.00
2023/03/13,29.40,29.89,29.08,29.31,9643972,186201856.00
2023/03/14,29.22,29.38,28.24,28.38,9816622,183546688.00
2023/03/15,28.41,28.66,27.91,27.93,8163064,150075696.00
2023/03/16,27.93,28.52,27.77,27.86,11635505,214139072.00
2023/03/17,27.93,28.52,27.53,27.61,6170632,112758160.00
2023/03/20,27.51,27.64,26.88,27.12,10271820,182269184.00
2023/03/21,27.12,27.93,26.98,27.74,7066535,127384656.00
2023/03/22,27.89,28.84,27.77,28.66,11903601,222146640.00
2023/03/23,28.54,29.07,27.93,28.68,9585220,179998512.00
2023/03/24,28.52,29.12,28.40,28.55,6663395,125714896.00
2023/03/27,28.55,29.91,28.44,29.63,8419962,162865152.00
2023/03/28,29.56,30.62,29.25,30.03,9929168,196724416.00
2023/03/29,30.05,30.13,28.70,28.96,10613945,203025888.00
2023/03/30,29.12,29.63,28.70,29.52,4775326,91575840.00
2023/03/31,29.29,30.09,29.05,29.92,5457440,106726120.00
2023/04/03,29.70,30.29,28.90,29.70,11805658,229498144.00
2023/04/04,29.60,29.61,27.96,28.20,9863652,183635808.00
2023/04/06,28.38,28.86,27.71,28.56,6658764,124569928.00
2023/04/07,28.66,29.81,28.37,29.21,6894401,132173976.00
2023/04/10,29.07,30.09,28.69,29.33,9144628,177392544.00
2023/04/11,28.97,29.67,28.66,28.79,7152328,135884224.00
2023/04/12,28.79,29.39,28.40,28.44,5423396,102626136.00
2023/04/13,28.52,28.55,27.79,27.95,5251355,96604016.00
2023/04/14,27.99,28.76,27.71,27.78,6051534,111199272.00
2023/04/17,27.93,29.00,27.57,28.07,7044026,130147384.00
2023/04/18,27.91,28.69,27.82,28.38,4327853,80372824.00
2023/04/19,28.54,30.99,28.38,30.99,15805291,313705312.00
2023/04/20,31.04,31.13,29.59,30.80,19731056,395306912.00
2023/04/21,30.89,32.33,30.65,31.13,17991233,374251744.00
2023/04/24,31.15,31.70,30.29,30.78,13071247,266044016.00
2023/04/25,30.37,31.29,29.68,30.50,14571242,291336768.00
2023/04/26,30.55,32.72,30.37,32.55,18214696,383742176.00
2023/04/27,32.18,32.61,31.52,32.58,8988487,190478768.00
2023/04/28,31.88,32.55,31.07,32.23,10511183,221695856.00
2023/05/04,32.27,32.27,31.35,31.98,7988948,168294576.00
2023/05/05,31.87,32.29,31.22,31.43,7099504,148095376.00
2023/05/08,31.55,31.76,30.24,31.01,9677470,196685968.00
2023/05/09,31.00,31.00,30.05,30.13,5371356,107422432.00
2023/05/10,30.23,30.76,29.75,30.22,5362093,106117504.00
2023/05/11,30.22,30.24,29.33,29.36,4038480,78541656.00
2023/05/12,29.29,29.88,29.08,29.49,4647666,89893304.00
2023/05/15,29.31,29.32,28.35,28.83,7951269,149998192.00
2023/05/16,28.83,29.74,28.62,29.61,6899985,133201280.00
2023/05/17,29.46,29.87,29.04,29.81,4047509,78328872.00
2023/05/18,29.85,30.06,29.45,29.99,4382968,85788992.00
2023/05/19,29.91,30.55,29.63,30.22,3596759,71467912.00
2023/05/22,30.20,30.97,30.06,30.90,4790687,96806880.00
2023/05/23,30.93,32.02,30.89,31.25,5874298,121916152.00
2023/05/24,31.18,31.21,30.43,30.87,3192899,64945288.00
2023/05/25,30.79,31.17,30.47,30.93,3592350,73147704.00
2023/05/26,30.99,31.76,30.26,31.59,4139950,83394672.00
2023/05/29,31.48,31.71,31.25,31.46,2488964,50720668.00
2023/05/30,31.46,31.88,31.18,31.64,2790296,57088020.00
2023/05/31,31.63,31.67,31.08,31.43,2310653,46896552.00
2023/06/01,31.35,31.80,31.07,31.21,2535895,51534380.00
2023/06/02,31.24,31.39,30.65,30.65,2754902,55005504.00
2023/06/05,30.78,30.93,30.40,30.52,2833982,56018636.00
2023/06/06,30.48,31.69,30.40,31.08,4271510,86116808.00
2023/06/07,30.80,30.97,29.92,30.15,4080285,80164928.00
2023/06/08,30.15,30.47,29.68,29.92,2577295,49738936.00
2023/06/09,29.92,30.26,29.73,30.09,2516818,48717428.00
2023/06/12,30.01,31.71,30.01,31.25,4956074,100113712.00
2023/06/13,31.07,31.91,30.96,31.76,3752659,77167264.00
2023/06/14,31.84,32.20,31.46,32.04,3076422,63723448.00
2023/06/15,32.06,34.26,31.67,33.58,8525740,186112272.00
2023/06/16,33.44,35.45,33.17,34.95,9028349,203513904.00
2023/06/19,34.96,35.07,33.58,33.91,8951507,199084128.00
2023/06/20,33.91,34.78,33.91,34.57,6804644,153061600.00
2023/06/21,34.58,35.52,34.49,34.89,4433257,101757552.00
2023/06/26,34.65,35.34,34.22,34.47,2956422,66914072.00
2023/06/27,34.43,35.27,34.11,35.12,3769735,85916144.00
2023/06/28,35.12,35.62,34.65,35.26,2051860,47250432.00
2023/06/29,34.99,35.84,34.79,35.49,4551365,105756160.00
2023/06/30,35.28,36.21,35.12,35.90,4033768,94237328.00
2023/07/03,35.89,38.35,35.66,37.72,12046743,290650528.00
2023/07/04,37.59,37.61,35.49,35.83,8697091,207108624.00
2023/07/05,35.79,36.60,34.82,35.66,7443807,175710880.00
2023/07/06,35.65,36.21,35.21,35.34,4941736,115024576.00
2023/07/07,35.07,35.72,35.07,35.42,4908533,114057616.00
2023/07/10,35.27,35.77,34.72,35.24,6149657,141999104.00
2023/07/11,35.06,35.72,34.99,35.51,2424322,56307248.00
2023/07/12,35.41,35.90,35.14,35.48,2517662,58612912.00
2023/07/13,35.47,35.56,34.26,34.64,6792255,153938448.00
2023/07/14,35.97,37.02,35.28,36.24,16090813,383318912.00
2023/07/17,36.88,37.93,36.53,37.54,11494599,283672320.00
2023/07/18,37.31,38.32,37.10,37.92,6266159,156603312.00
2023/07/19,37.93,39.12,37.78,38.91,8518131,218193472.00
2023/07/20,38.74,38.97,37.71,37.87,5098840,128328704.00
2023/07/21,37.68,38.17,37.23,37.37,4541375,112279024.00
2023/07/24,37.37,37.62,36.39,36.61,6705038,161810224.00
2023/07/25,36.95,39.16,35.84,38.18,10803936,269354848.00
2023/07/26,37.83,37.93,36.46,36.63,8325918,202036864.00
2023/07/27,36.57,36.80,36.11,36.43,5729085,137185488.00
2023/07/28,36.54,37.36,36.12,36.61,5200471,125899792.00
2023/07/31,36.42,38.31,36.42,37.50,7831918,194219760.00
2023/08/01,37.37,38.29,36.67,37.86,5679573,140844976.00
2023/08/02,37.62,39.43,37.26,38.46,9075727,231439936.00
2023/08/03,38.36,38.73,38.01,38.73,4531424,114832744.00
2023/08/04,38.73,39.40,37.78,38.28,5040402,128087072.00
2023/08/07,38.28,39.47,37.72,38.53,6805743,174274928.00
2023/08/08,38.36,38.77,38.08,38.46,3360015,85152168.00
2023/08/09,38.22,38.38,37.65,37.94,3235900,80985088.00
2023/08/10,37.93,38.49,37.69,38.11,2734160,68670056.00
2023/08/11,38.11,38.49,37.59,37.61,3107469,77718272.00
2023/08/14,37.20,37.47,36.42,37.36,5612522,136222096.00
2023/08/15,37.54,38.01,37.02,37.31,4688408,115666432.00
2023/08/16,37.26,37.26,36.36,36.53,4019862,96791240.00
2023/08/17,36.42,37.34,36.25,37.19,4015065,97526024.00
2023/08/18,37.34,37.37,34.43,35.59,9853388,232509872.00
2023/08/21,36.31,36.49,34.81,34.88,6539822,151512912.00
2023/08/22,35.27,35.49,34.57,35.40,5377461,122948416.00
2023/08/23,35.13,35.33,34.42,34.57,7411489,168533856.00
2023/08/24,34.64,35.45,34.15,34.96,7161059,162513184.00
2023/08/25,34.64,34.75,33.95,34.35,7485870,167346688.00
2023/08/28,35.26,35.28,34.18,34.47,5532754,125746728.00
2023/08/29,34.53,35.35,34.18,35.09,5094426,116549672.00
2023/08/30,35.13,35.83,34.96,35.72,5054720,118061128.00
2023/08/31,35.66,36.04,35.34,35.55,3058986,71620712.00
2023/09/01,35.87,35.89,34.89,35.54,3810000,88322232.00
2023/09/04,35.48,35.84,35.09,35.75,5439948,126736296.00
2023/09/05,35.97,35.97,35.14,35.40,4312968,99793400.00
2023/09/06,35.16,35.93,35.16,35.69,3989318,93398304.00
2023/09/07,35.69,36.17,35.42,35.48,2715533,63702416.00
2023/09/08,35.35,36.05,35.30,35.65,2173680,50937692.00
2023/09/11,35.58,35.84,35.30,35.79,4072083,94999240.00
2023/09/12,35.58,35.90,35.24,35.61,3399070,79452656.00
2023/09/13,35.61,35.90,35.31,35.56,3264513,76002584.00
2023/09/14,35.69,35.72,35.16,35.38,3737800,86604728.00
2023/09/15,35.47,35.97,35.14,35.30,4308358,100254832.00
2023/09/18,35.40,35.65,34.89,35.55,2692928,62377932.00
2023/09/19,35.72,35.72,34.93,35.07,2892482,66505240.00
2023/09/20,35.13,35.54,34.74,35.44,4355646,100275328.00
2023/09/21,35.38,35.62,35.16,35.33,2598167,60120352.00
2023/09/22,35.37,35.68,35.02,35.55,3197781,74038800.00
2023/09/25,35.55,36.03,35.02,35.31,3651294,84972848.00
2023/09/26,35.58,35.97,35.06,35.79,4641880,108482776.00
2023/09/27,37.03,38.42,36.53,38.38,13905170,343549504.00
2023/09/28,38.49,39.25,37.85,38.73,12452163,316382048.00
2023/10/09,38.73,39.11,38.31,38.83,5224923,133694112.00
2023/10/10,39.16,39.18,38.22,38.57,4548482,115884760.00
2023/10/11,38.57,39.83,38.36,39.27,6456271,167711440.00
2023/10/12,39.27,39.34,38.91,39.19,2611447,67559304.00
2023/10/13,39.20,39.55,38.70,38.91,3453331,89321944.00
2023/10/16,38.87,39.08,37.09,37.65,9466579,235320704.00
2023/10/17,37.65,37.76,36.81,37.40,3351694,81987056.00
2023/10/18,37.16,37.65,35.41,35.66,7770208,184016384.00
2023/10/19,35.65,35.98,33.56,33.81,10780968,240967680.00
2023/10/20,33.73,34.43,33.25,33.56,5504073,121331248.00
2023/10/23,33.76,33.83,32.64,32.92,7529026,162314736.00
2023/10/24,33.16,33.30,31.76,31.91,10449383,218361856.00
2023/10/25,32.32,33.14,32.11,32.60,8392598,178194880.00
2023/10/26,32.48,33.52,32.26,33.51,6624693,142789472.00
2023/10/27,33.56,34.33,32.86,34.22,6562191,144932896.00
2023/10/30,33.84,34.77,33.49,34.51,4653906,103816280.00
2023/10/31,34.46,35.26,33.55,33.73,7067720,157789280.00
2023/11/01,33.73,33.94,32.69,32.95,8024878,172779120.00
2023/11/02,33.07,33.44,32.64,33.14,6305052,135783456.00
2023/11/03,32.99,34.68,32.99,34.44,8610214,192714880.00
2023/11/06,34.46,34.84,33.32,33.56,8405625,184510544.00
2023/11/07,33.48,33.66,33.24,33.39,4025376,87660096.00
2023/11/08,33.35,33.42,32.79,33.16,4392744,94387496.00
2023/11/09,33.03,33.52,32.65,33.31,5027929,108451728.00
2023/11/10,32.96,33.34,32.89,33.03,3296675,70999488.00
2023/11/13,33.03,33.24,32.53,32.93,4695666,100244736.00
2023/11/14,33.00,33.20,32.60,32.96,3048560,65170836.00
2023/11/15,33.14,34.15,33.14,34.12,6369134,140451040.00
2023/11/16,34.08,34.08,33.18,33.51,5198062,113890592.00
2023/11/17,33.38,34.09,33.24,33.94,3803833,83936416.00
2023/11/20,33.94,34.40,33.55,34.28,3889765,86433832.00
2023/11/21,34.43,34.43,33.52,33.70,3865164,85065768.00
2023/11/22,33.59,34.01,33.42,33.44,2681574,58807452.00
2023/11/23,33.38,34.40,33.18,34.26,3084448,68446328.00
2023/11/24,34.29,34.29,33.70,33.86,2369700,52431276.00
2023/11/27,33.86,34.56,33.73,34.43,3380678,75524808.00
2023/11/28,34.35,34.78,34.02,34.71,2488286,56109176.00
2023/11/29,34.61,34.99,34.46,34.50,1854654,42092584.00
2023/11/30,34.50,34.56,33.83,34.12,3482620,77531048.00
2023/12/01,34.11,34.22,33.59,33.80,2408819,53041256.00
2023/12/04,33.95,33.98,33.31,33.72,2701728,59437752.00
2023/12/05,33.72,33.84,33.35,33.48,2196830,48193536.00
2023/12/06,33.27,33.72,33.20,33.24,2145000,46721208.00
2023/12/07,33.27,33.70,33.06,33.25,2111589,45817092.00
2023/12/08,33.17,33.59,33.03,33.39,2418131,52498260.00
2023/12/11,33.32,33.56,32.90,33.30,2993228,64775140.00
2023/12/12,33.48,33.52,32.53,33.09,3871511,83392872.00
2023/12/13,33.07,33.80,32.72,33.25,3176333,68956080.00
2023/12/14,33.17,33.84,33.17,33.56,2647500,57977576.00
2023/12/15,34.16,35.10,33.17,34.01,5441169,123302384.00
2023/12/18,34.01,34.42,33.31,33.32,2608862,57456572.00
2023/12/19,33.38,34.00,33.11,33.93,2788434,61100696.00
2023/12/20,33.98,33.98,33.48,33.60,1920128,42132276.00
2023/12/21,33.55,34.91,33.30,34.58,3573764,80141536.00
2023/12/22,34.67,35.26,34.65,35.06,3014319,69028048.00
2023/12/25,35.20,37.44,34.88,36.96,7296230,174014224.00
2023/12/26,36.89,37.16,36.47,36.75,3881783,93945640.00
2023/12/27,36.81,37.76,36.53,37.62,5035958,123838432.00
2023/12/28,37.69,37.97,37.23,37.72,4170586,103342888.00
2023/12/29,37.48,38.20,37.27,37.76,5068844,125545064.00
2024/01/02,37.55,39.02,37.55,38.42,4280902,108597136.00
2024/01/03,38.38,38.56,37.86,38.07,4243379,106602296.00
2024/01/04,38.00,38.45,37.54,37.97,3203641,79875488.00
2024/01/05,37.87,38.60,37.83,38.35,4410425,111531464.00
2024/01/08,38.20,38.21,37.31,37.52,4039456,100182216.00
2024/01/09,37.73,38.39,37.37,38.18,4107659,103053032.00
2024/01/10,38.13,38.55,37.80,38.25,3056500,76857312.00
2024/01/11,37.99,38.13,37.38,37.79,3408600,84945824.00
2024/01/12,38.18,38.77,37.80,37.92,3322220,83632576.00
2024/01/15,37.72,38.34,37.72,37.97,3748219,93847624.00
2024/01/16,38.67,38.99,37.24,38.01,6937308,172785264.00
2024/01/17,38.21,39.54,38.21,38.27,7353418,189020224.00
2024/01/18,38.00,38.27,36.98,37.80,5842618,144297504.00
2024/01/19,37.78,38.07,37.13,37.37,3396904,83800848.00
2024/01/22,37.12,37.48,35.54,35.82,4474354,107235280.00
2024/01/23,35.41,37.15,35.35,36.94,4470639,107195928.00
2024/01/24,36.94,37.09,36.03,36.89,3061409,73784384.00
2024/01/25,37.09,37.64,36.68,37.23,2235184,54700064.00
2024/01/26,37.15,37.45,36.85,36.89,2239050,54676548.00
2024/01/29,37.06,37.45,35.51,35.83,4318382,102635608.00
2024/01/30,35.61,36.15,34.25,34.29,5882766,134588448.00
2024/01/31,34.23,35.98,34.23,35.03,6278385,145272096.00
2024/02/01,34.86,35.72,34.49,35.26,4929436,113269960.00
2024/02/02,35.80,36.68,35.03,35.97,6828169,161807920.00
2024/02/05,35.73,37.23,35.13,36.22,8050797,192532272.00
2024/02/06,36.04,38.60,35.83,38.06,7852433,194370720.00
2024/02/07,38.17,40.31,37.96,40.03,7685786,200154320.00
2024/02/08,40.49,43.74,40.42,41.28,9644488,268700928.00
2024/02/19,40.95,42.27,40.45,41.71,4521024,124368688.00
数据来源:通达信
