601882 海天精工 日线 后复权
      日期	    开盘	    最高	    最低	    收盘	    成交量	    成交额
2016/11/07,2.16,2.16,2.16,2.16,14038,30322.00
2016/11/08,2.38,2.38,2.38,2.38,8200,19516.00
2016/11/09,2.62,2.62,2.62,2.62,8600,22532.00
2016/11/10,2.88,2.88,2.88,2.88,4000,11520.00
2016/11/11,3.17,3.17,3.17,3.17,3900,12363.00
2016/11/14,3.49,3.49,3.49,3.49,5100,17799.00
2016/11/15,3.84,3.84,3.84,3.84,5044,19369.00
2016/11/16,4.22,4.22,4.22,4.22,28340,119595.00
2016/11/17,4.64,4.64,4.64,4.64,16048,74463.00
2016/11/18,5.10,5.10,5.10,5.10,18164,92636.00
2016/11/21,5.61,5.61,5.61,5.61,23528,131992.00
2016/11/22,6.17,6.17,6.17,6.17,14303,88250.00
2016/11/23,6.79,6.79,6.79,6.79,18100,122899.00
2016/11/24,7.47,7.47,7.47,7.47,23300,174051.00
2016/11/25,8.22,8.22,8.22,8.22,54807,450514.00
2016/11/28,9.04,9.04,9.04,9.04,43710,395138.00
2016/11/29,9.94,9.94,9.94,9.94,58444,580933.00
2016/11/30,10.93,10.93,10.93,10.93,94744,1035552.00
2016/12/01,12.02,12.02,12.02,12.02,147408,1771844.00
2016/12/02,13.22,13.22,13.22,13.22,193177,2553800.00
2016/12/05,14.54,14.54,14.54,14.54,209238,3042321.00
2016/12/06,15.99,15.99,15.99,15.99,157543,2519113.00
2016/12/07,17.59,17.59,17.59,17.59,235844,4148496.00
2016/12/08,19.35,19.35,19.35,19.35,216938,4197750.00
2016/12/09,21.29,21.29,21.29,21.29,297724,6338544.00
2016/12/12,23.42,23.42,23.42,23.42,547041,12811700.00
2016/12/13,25.76,25.76,25.76,25.76,2802619,72195464.00
2016/12/14,28.34,28.34,28.34,28.34,754676,21387518.00
2016/12/15,31.17,31.17,31.17,31.17,665105,20731324.00
2016/12/21,31.50,34.29,31.35,34.29,38183971,1288265216.00
2016/12/22,34.22,34.25,30.86,31.04,32137519,1010457024.00
2016/12/23,30.00,30.33,27.94,27.94,16688872,477687072.00
2016/12/26,26.00,27.88,25.15,26.63,20894422,547360384.00
2016/12/27,26.07,29.29,26.03,28.49,26076487,725301824.00
2016/12/28,27.40,27.52,26.15,26.57,18557260,498590624.00
2016/12/29,26.30,26.40,25.12,25.37,10928983,279019424.00
2016/12/30,25.25,25.90,25.01,25.24,8352608,212850848.00
2017/01/03,25.02,25.95,24.92,25.49,8654141,220338640.00
2017/01/04,25.02,25.39,24.80,25.20,8158279,204715248.00
2017/01/05,25.40,26.99,25.32,25.77,15052247,395381984.00
2017/01/06,24.85,24.88,23.37,23.54,15951397,380284640.00
2017/01/09,22.71,22.98,22.12,22.40,7469414,167835616.00
2017/01/10,22.38,22.77,22.10,22.33,5042627,113147864.00
2017/01/11,22.17,22.32,21.50,21.56,5557331,121026360.00
2017/01/12,21.53,21.94,21.37,21.45,5187622,112405368.00
2017/01/13,21.45,21.46,20.18,20.95,6342044,132288352.00
2017/01/16,20.17,22.90,20.17,22.38,11297308,244331728.00
2017/01/17,21.80,22.80,20.90,22.11,9985398,219074144.00
2017/01/18,21.78,22.40,20.65,20.71,6921734,148068208.00
2017/01/19,19.92,20.83,19.60,19.97,6001143,120479536.00
2017/01/20,19.85,20.48,19.80,20.17,4349879,87975728.00
2017/01/23,20.20,20.48,20.05,20.20,3238006,65651068.00
2017/01/24,20.20,20.21,19.50,19.54,3901016,77124776.00
2017/01/25,19.40,19.80,19.22,19.64,3110754,60858800.00
2017/01/26,19.76,19.76,19.52,19.56,2374096,46564576.00
2017/02/03,19.50,21.52,19.50,21.28,9338354,194197808.00
2017/02/06,21.28,22.50,21.28,22.24,11797417,260278752.00
2017/02/07,22.00,22.15,21.39,21.76,7695343,167295648.00
2017/02/08,21.51,22.10,21.39,21.99,5731038,124833856.00
2017/02/09,21.92,22.22,21.62,21.75,5655214,123501864.00
2017/02/10,21.71,21.75,21.20,21.24,4163705,88985984.00
2017/02/13,21.16,23.10,21.10,22.49,10810845,241072032.00
2017/02/14,22.40,22.80,21.95,22.54,8263744,184992736.00
2017/02/15,22.35,24.00,22.25,23.29,15395570,360755456.00
2017/02/16,22.56,24.40,22.21,24.37,16683943,389253952.00
2017/02/17,24.20,26.81,23.80,26.81,26386556,680743488.00
2017/02/20,27.25,27.30,24.31,25.01,21516224,551327616.00
2017/02/21,24.85,26.00,23.53,25.43,16615180,415697056.00
2017/02/22,24.92,25.36,24.30,24.73,10855187,269553696.00
2017/02/23,24.50,24.72,23.80,24.19,8207450,198263600.00
2017/02/24,23.95,24.80,23.86,24.35,6928392,169221776.00
2017/02/27,24.32,24.57,23.85,24.01,5654333,136595552.00
2017/02/28,24.00,24.17,23.56,24.08,5081351,121237552.00
2017/03/01,24.15,24.50,23.90,24.49,6719776,162739184.00
2017/03/02,24.36,25.78,24.36,25.63,14300685,362708672.00
2017/03/03,25.60,25.60,24.78,25.03,7608268,190697728.00
2017/03/06,25.00,25.38,24.61,25.33,6455832,161722192.00
2017/03/07,25.36,26.28,25.20,26.23,11054823,284057728.00
2017/03/08,26.38,28.64,25.86,27.80,21911419,596614592.00
2017/03/09,27.10,27.35,26.13,26.24,13493487,358438880.00
2017/03/10,26.15,26.29,25.51,26.19,7585608,196324464.00
2017/03/13,26.10,27.26,25.05,26.98,10112272,268324768.00
2017/03/14,26.85,27.50,26.60,27.27,10500763,285503008.00
2017/03/15,26.91,27.22,26.40,26.59,6735878,179932512.00
2017/03/16,26.40,27.85,26.40,27.30,9967485,271978944.00
2017/03/17,27.16,28.66,27.13,28.17,17379907,487948608.00
2017/03/20,27.80,29.48,27.50,29.42,15070010,434017280.00
2017/03/21,29.25,29.56,28.51,29.48,12349661,359913440.00
2017/03/22,28.91,29.43,28.62,28.67,9197177,266201520.00
2017/03/23,28.57,28.96,26.90,27.62,9635349,269864960.00
2017/03/24,27.67,28.50,27.00,28.22,6351603,176751776.00
2017/03/27,28.18,28.50,27.72,27.78,3836231,107299472.00
2017/03/28,27.99,28.20,26.66,26.74,4151600,113940016.00
2017/03/29,26.50,26.74,24.30,25.07,7431818,189129232.00
2017/03/30,24.68,25.30,24.00,24.33,5265812,128975008.00
2017/03/31,24.37,24.90,24.01,24.32,3200635,78091168.00
2017/04/05,24.22,25.00,24.20,24.71,3039159,74945032.00
2017/04/06,24.71,25.55,24.56,25.06,3746032,94094976.00
2017/04/07,25.10,25.10,24.20,24.25,3889596,95306576.00
2017/04/10,24.00,24.10,22.41,23.52,6103558,140167376.00
2017/04/11,23.21,23.60,23.01,23.50,2825700,65951472.00
2017/04/12,23.45,23.48,22.59,22.96,2739800,62962788.00
2017/04/13,22.90,23.17,22.69,22.75,2049619,46977040.00
2017/04/14,22.65,22.87,22.04,22.24,2606980,58088344.00
2017/04/17,21.88,21.89,20.18,20.20,3023650,62718608.00
2017/04/18,20.22,20.58,19.66,19.76,2210128,44491576.00
2017/04/19,19.61,20.80,18.26,20.79,5056971,101045096.00
2017/04/20,20.43,21.18,20.31,20.52,2792464,57958728.00
2017/04/21,20.58,20.65,19.99,20.04,1572600,31711596.00
2017/04/24,20.04,20.52,18.80,20.11,2057972,40496744.00
2017/04/25,20.00,20.70,19.98,20.13,1843244,37502252.00
2017/04/26,20.00,20.42,19.96,20.09,1627732,32866084.00
2017/04/27,20.00,21.00,19.40,20.95,3943748,80023248.00
2017/04/28,20.76,21.20,20.60,20.97,2537500,53175324.00
2017/05/02,21.08,21.20,20.67,20.79,1693968,35419672.00
2017/05/03,20.79,20.98,20.34,20.74,1673948,34571640.00
2017/05/04,20.68,20.68,20.20,20.30,1664610,33923632.00
2017/05/05,20.35,20.45,19.98,19.99,1663256,33534752.00
2017/05/08,19.67,19.99,18.93,18.98,1572200,30304968.00
2017/05/09,18.92,19.40,18.56,19.32,1535134,29298144.00
2017/05/10,19.31,19.57,18.85,18.87,1546530,29668864.00
2017/05/11,18.48,18.94,17.81,18.91,2049644,37778952.00
2017/05/12,18.92,19.18,18.55,18.97,1335756,25186960.00
2017/05/15,19.27,19.32,18.95,19.11,830188,15873219.00
2017/05/16,19.12,19.69,18.68,19.63,1811170,34838904.00
2017/05/17,19.55,21.42,19.55,20.29,3090248,63130676.00
2017/05/18,20.04,20.54,19.87,19.93,1625260,32713998.00
2017/05/19,19.93,20.22,19.63,19.89,1181968,23472128.00
2017/05/22,19.89,19.99,18.74,18.78,1633300,31355000.00
2017/05/23,18.73,18.74,17.14,17.35,1883217,34007132.00
2017/05/24,17.04,17.37,16.56,17.24,1606208,27276344.00
2017/05/25,17.70,17.70,16.84,17.30,1156850,19864952.00
2017/05/26,17.32,17.69,17.09,17.42,1021500,17725592.00
2017/05/31,17.89,18.19,17.49,17.59,2203748,39181972.00
2017/06/01,17.38,17.57,16.55,17.06,1626792,27638950.00
2017/06/02,17.05,17.36,16.74,17.26,1321292,22634292.00
2017/06/05,17.43,17.53,17.11,17.27,1185512,20491788.00
2017/06/06,17.28,17.32,17.05,17.24,797760,13633026.00
2017/06/07,17.24,18.48,17.16,18.18,2629005,46472936.00
2017/06/08,18.19,18.37,17.69,17.82,2112921,37921792.00
2017/06/09,17.74,17.94,17.49,17.65,1132500,19944276.00
2017/06/12,17.55,17.89,17.02,17.63,1519260,26196000.00
2017/06/13,17.55,18.10,17.29,17.88,1618797,28797758.00
2017/06/14,17.87,18.01,17.43,17.57,1485328,26114562.00
2017/06/15,17.44,18.10,17.44,18.05,2857676,51202308.00
2017/06/16,18.14,18.23,17.74,17.82,1382100,24656676.00
2017/06/19,17.73,17.99,17.60,17.95,1212831,21525420.00
2017/06/20,18.04,18.68,17.95,18.38,3747326,68461080.00
2017/06/21,18.40,18.41,17.91,18.07,2152933,38929528.00
2017/06/22,17.46,18.04,17.46,17.59,2121794,37375936.00
2017/06/23,17.34,17.79,17.25,17.77,1696104,29623976.00
2017/06/26,17.78,18.87,17.64,18.25,3348216,61193672.00
2017/06/27,18.42,18.59,17.62,17.97,3204316,57866948.00
2017/06/28,17.61,17.92,17.50,17.58,1865400,32819284.00
2017/06/29,17.44,17.74,17.36,17.46,1390264,24229440.00
2017/06/30,17.42,17.59,17.16,17.42,1518184,26269878.00
2017/07/03,17.39,17.51,17.39,17.46,851400,14820525.00
2017/07/04,17.44,17.57,17.39,17.42,983100,17130776.00
2017/07/05,17.42,17.60,17.36,17.52,1074664,18750896.00
2017/07/06,17.52,17.55,17.27,17.43,1192848,20722476.00
2017/07/07,17.49,17.75,17.35,17.69,1976648,34718652.00
2017/07/10,17.70,17.70,17.28,17.30,1715712,29758492.00
2017/07/11,17.30,17.38,17.05,17.06,904400,15544170.00
2017/07/12,17.06,17.15,16.60,16.95,1319300,22238726.00
2017/07/13,16.76,17.55,16.74,17.14,1482400,25226192.00
2017/07/14,17.03,17.22,16.79,16.99,851600,14396976.00
2017/07/17,16.94,17.41,15.31,17.28,3400591,55642956.00
2017/07/18,16.92,17.03,16.44,16.80,1451428,24386920.00
2017/07/19,16.62,16.93,16.07,16.80,1594859,26219776.00
2017/07/20,16.64,16.92,16.52,16.63,1301600,21676416.00
2017/07/21,16.49,16.61,16.27,16.36,1206600,19725190.00
2017/07/24,16.14,16.36,16.06,16.12,1089580,17556524.00
2017/07/25,16.24,16.28,15.84,16.10,918350,14743504.00
2017/07/26,15.94,16.19,15.72,16.02,1111000,17736804.00
2017/07/27,15.97,16.21,15.84,16.12,1727548,27782324.00
2017/07/28,16.12,16.12,15.62,15.69,1687400,26706116.00
2017/07/31,15.64,15.84,15.62,15.71,950600,14908176.00
2017/08/01,15.70,15.71,15.46,15.56,1369396,21233484.00
2017/08/02,15.56,15.89,15.19,15.77,2812848,43228400.00
2017/08/03,15.79,15.94,15.49,15.92,3194736,50042688.00
2017/08/04,15.83,16.00,15.60,15.92,2494584,39319648.00
2017/08/07,15.74,15.96,15.68,15.91,1580700,24967676.00
2017/08/08,15.84,15.95,15.68,15.92,1962648,30939192.00
2017/08/09,15.78,16.34,15.77,16.29,2814328,44995784.00
2017/08/10,16.29,16.29,15.88,16.20,2785932,44673040.00
2017/08/11,16.14,16.24,15.92,15.99,1467700,23452124.00
2017/08/14,15.99,16.23,15.90,15.95,1341680,21421740.00
2017/08/15,15.92,16.29,15.90,16.10,2666348,42874680.00
2017/08/16,16.14,16.21,16.00,16.03,1782400,28610936.00
2017/08/17,15.99,16.14,15.94,16.04,1298700,20752860.00
2017/08/18,16.08,16.14,15.87,15.90,1116900,17812800.00
2017/08/21,15.87,16.08,15.86,16.02,943164,15028639.00
2017/08/22,16.15,16.21,15.97,16.00,819496,13114102.00
2017/08/23,15.95,16.03,15.67,15.89,927836,14708737.00
2017/08/24,15.72,16.09,15.72,15.88,1133100,17928544.00
2017/08/25,16.06,16.29,15.88,16.09,2454948,39481980.00
2017/08/28,16.42,16.49,16.12,16.32,3737080,60862072.00
2017/08/29,16.30,16.86,16.17,16.61,3543560,58375580.00
2017/08/30,16.64,16.74,16.27,16.30,2232148,36470220.00
2017/08/31,16.25,16.53,16.22,16.43,2054523,33604476.00
2017/09/01,16.34,17.02,16.34,16.66,3736378,62455900.00
2017/09/04,16.55,16.80,16.40,16.55,2218359,36773680.00
2017/09/05,16.57,16.64,16.33,16.39,1608248,26328136.00
2017/09/06,16.39,16.44,16.16,16.29,1226032,19898142.00
2017/09/07,16.30,16.82,16.25,16.49,2781513,45871840.00
2017/09/08,16.46,16.89,16.38,16.81,3811384,63698496.00
2017/09/11,16.70,17.08,16.70,16.88,2624064,44311992.00
2017/09/12,16.90,16.94,16.46,16.48,1942958,32265828.00
2017/09/13,16.59,16.73,16.40,16.69,1217064,20155612.00
2017/09/14,16.71,16.83,16.46,16.48,1413300,23384474.00
2017/09/15,16.44,16.52,16.30,16.38,1158075,18942352.00
2017/09/18,16.39,16.44,16.24,16.33,1091432,17775862.00
2017/09/19,16.32,16.49,16.24,16.31,946732,15394610.00
2017/09/20,16.31,16.45,16.11,16.43,1569164,25509504.00
2017/09/21,16.37,18.02,16.37,16.98,5743477,98643472.00
2017/09/22,16.70,17.11,16.60,16.90,3246323,54454612.00
2017/09/25,16.79,17.04,16.69,16.83,1870020,31482740.00
2017/09/26,16.82,16.83,16.14,16.27,2224146,36504560.00
2017/09/27,16.15,16.43,15.76,16.27,2029248,32549664.00
2017/09/28,16.14,16.36,15.94,15.94,1143052,18380112.00
2017/09/29,15.94,16.18,15.88,15.95,886731,14150899.00
2017/10/09,16.17,16.34,15.96,16.09,895548,14415654.00
2017/10/10,16.13,16.63,16.00,16.55,1890341,30915522.00
2017/10/11,16.55,16.78,16.31,16.32,1334748,21936934.00
2017/10/12,16.32,16.46,16.21,16.29,818204,13325062.00
2017/10/13,16.28,16.71,16.06,16.62,1667648,27476008.00
2017/10/16,16.85,16.85,16.02,16.09,1673935,27485878.00
2017/10/17,15.97,16.40,15.94,16.23,908000,14676655.00
2017/10/18,16.23,16.60,16.23,16.32,1324500,21715036.00
2017/10/19,16.23,16.33,15.77,15.86,1484000,23618064.00
2017/10/20,15.89,16.00,15.81,15.95,697652,11075064.00
2017/10/23,16.03,16.03,15.85,15.94,610180,9696505.00
2017/10/24,15.94,16.12,15.74,15.80,734851,11606142.00
2017/10/25,15.74,15.98,15.69,15.97,888241,14081784.00
2017/10/26,15.94,16.02,15.84,15.97,878248,13951422.00
2017/10/27,15.94,16.89,15.90,16.44,3290396,54222424.00
2017/10/30,16.04,16.77,16.04,16.72,5375625,88670368.00
2017/10/31,16.54,16.76,16.31,16.66,3461652,57121884.00
2017/11/01,16.62,17.54,16.38,17.36,8158756,139183568.00
2017/11/02,17.11,17.33,16.89,17.23,4914511,83776784.00
2017/11/03,16.94,17.14,16.48,16.66,3730148,62264200.00
2017/11/06,16.72,16.72,15.83,16.16,3595948,57832456.00
2017/11/07,16.04,16.33,15.76,16.25,2454948,39311284.00
2017/11/08,16.30,16.36,16.07,16.11,2094431,33858712.00
2017/11/09,16.13,16.21,15.86,16.20,1656048,26466936.00
2017/11/10,16.14,16.30,16.05,16.15,1399375,22556684.00
2017/11/13,16.15,16.24,15.95,16.18,1586980,25492720.00
2017/11/14,16.19,16.19,15.70,15.84,1779500,28248276.00
2017/11/15,15.85,15.96,15.24,15.29,2347607,36219468.00
2017/11/16,15.29,15.42,15.17,15.21,1102307,16827020.00
2017/11/17,15.21,15.29,13.76,14.85,3255698,46658032.00
2017/11/20,14.74,14.74,13.92,14.38,1666948,23583150.00
2017/11/21,14.38,14.43,14.05,14.22,1254100,17744130.00
2017/11/22,14.04,14.23,13.86,13.90,1323900,18439780.00
2017/11/23,13.90,13.98,13.34,13.83,2004912,27278094.00
2017/11/24,13.70,13.70,13.49,13.50,1058344,14304545.00
2017/11/27,13.36,13.47,12.99,13.01,1133480,14843456.00
2017/11/28,12.98,13.16,12.92,13.03,1412400,18330928.00
2017/11/29,13.04,13.06,12.53,12.87,1525676,19347338.00
2017/11/30,12.52,12.62,12.32,12.42,2076585,25697644.00
2017/12/01,12.42,12.42,12.11,12.13,1803700,21994568.00
2017/12/04,12.17,12.31,11.83,11.86,2028085,24523696.00
2017/12/05,11.86,11.90,10.79,10.98,4027848,45625152.00
2017/12/06,10.98,11.08,10.53,10.77,4779100,51211712.00
2017/12/07,10.85,10.94,10.73,10.75,3086500,33297176.00
2017/12/08,10.67,10.96,10.67,10.92,3023076,32727012.00
2017/12/11,10.99,11.29,10.91,11.18,3500600,38741772.00
2017/12/12,11.19,11.24,10.74,10.76,2028000,22130904.00
2017/12/13,10.64,10.91,10.50,10.90,2014600,21638568.00
2017/12/14,10.90,10.95,10.69,10.78,1715348,18429040.00
2017/12/15,10.82,10.84,10.60,10.62,1600400,17046230.00
2017/12/18,10.59,10.69,10.49,10.58,1328900,14018205.00
2017/12/19,10.63,10.72,10.49,10.62,2004300,21195192.00
2017/12/20,10.66,10.70,10.11,10.28,2768044,28564008.00
2017/12/21,10.23,10.23,9.90,10.08,2719058,27289514.00
2017/12/22,10.14,10.29,10.05,10.11,2440886,24689938.00
2017/12/25,10.05,10.16,9.70,9.73,2488888,24441228.00
2017/12/26,9.65,10.70,9.64,10.70,4699730,47778044.00
2017/12/27,10.95,11.77,10.95,11.77,9810062,111128088.00
2017/12/28,12.52,12.94,12.25,12.94,8150898,103537448.00
2017/12/29,13.45,13.97,12.27,12.40,17736671,231952928.00
2018/01/02,12.92,13.41,12.47,12.71,13343992,171864832.00
2018/01/03,12.35,13.64,11.90,13.54,15136365,188100816.00
2018/01/04,12.92,13.48,12.65,12.79,15953708,205539456.00
2018/01/05,12.84,12.92,12.42,12.57,10088071,127078056.00
2018/01/08,12.26,12.69,12.08,12.44,10105175,124315944.00
2018/01/09,12.24,12.64,12.12,12.62,9338348,115489480.00
2018/01/10,12.71,13.39,12.40,13.07,16301580,208881232.00
2018/01/11,12.84,12.87,12.37,12.51,9645990,121082104.00
2018/01/12,12.39,12.45,11.84,11.96,8187632,99014480.00
2018/01/15,11.85,11.94,10.78,11.13,9063594,101947480.00
2018/01/16,11.42,11.67,11.07,11.32,5438537,61402964.00
2018/01/17,11.21,11.32,10.84,11.23,5614193,61968676.00
2018/01/18,11.27,11.68,11.15,11.61,8071203,92164688.00
2018/01/19,11.61,12.00,11.27,11.38,7382387,86028192.00
2018/01/22,11.04,11.77,10.82,11.73,5955861,66513296.00
2018/01/23,11.74,11.74,11.32,11.36,4583591,52398312.00
2018/01/24,11.19,11.52,11.14,11.45,3684439,41706148.00
2018/01/25,11.48,11.93,11.30,11.30,4688245,53660152.00
2018/01/26,11.09,11.36,11.08,11.12,3160640,35264592.00
2018/01/29,11.28,11.49,11.14,11.20,3722055,41794212.00
2018/01/30,11.12,11.30,10.85,11.21,3016500,33262574.00
2018/01/31,11.24,11.24,10.34,10.35,4816590,51273676.00
2018/02/01,10.34,10.47,9.79,9.81,4110658,41138080.00
2018/02/02,9.85,10.51,9.63,10.24,3197759,31925096.00
2018/02/05,10.09,10.49,9.97,10.20,2856210,29277692.00
2018/02/06,9.98,10.15,9.46,9.48,2624955,25910368.00
2018/02/07,9.75,9.83,9.42,9.69,2685242,25859632.00
2018/02/08,9.76,10.66,9.58,10.66,3211796,32478776.00
2018/02/09,10.66,10.97,10.22,10.26,6557322,69008024.00
2018/02/12,10.47,10.62,10.03,10.52,4936203,51022168.00
2018/02/13,10.53,10.53,10.04,10.11,3593113,37013988.00
2018/02/14,10.12,10.33,10.04,10.17,1621005,16424263.00
2018/02/22,10.31,10.45,10.16,10.38,2339771,24142142.00
2018/02/23,10.40,10.51,10.29,10.38,1642580,16996728.00
2018/02/26,10.38,10.87,10.34,10.77,4595439,48743920.00
2018/02/27,10.69,11.84,10.66,11.84,10468560,119058688.00
2018/02/28,11.54,11.83,11.14,11.61,8180340,93852872.00
2018/03/01,11.50,11.93,11.50,11.77,6648112,77516536.00
2018/03/02,11.69,12.03,11.57,11.85,6760101,79589120.00
2018/03/05,12.04,12.72,11.78,12.10,8736906,105843880.00
2018/03/06,11.94,12.08,11.76,11.98,6127892,72643280.00
2018/03/07,11.79,11.93,11.50,11.64,5111572,59361840.00
2018/03/08,11.74,11.90,11.56,11.89,3954476,46315864.00
2018/03/09,11.78,12.28,11.75,12.15,6753837,81174224.00
2018/03/12,12.15,12.44,12.05,12.27,6076010,74362584.00
2018/03/13,12.24,12.26,11.85,11.88,5131979,61614968.00
2018/03/14,11.88,12.02,11.65,11.80,2806456,33104094.00
2018/03/15,11.77,11.84,11.34,11.55,3149808,36237364.00
2018/03/16,11.55,11.82,11.54,11.56,2245088,26088230.00
2018/03/19,11.54,11.80,11.54,11.68,2171594,25279640.00
2018/03/20,11.62,11.91,11.37,11.90,3250142,37802176.00
2018/03/21,11.98,12.54,11.91,12.24,8885896,108521984.00
2018/03/22,12.07,12.59,11.95,12.58,8535724,104988024.00
2018/03/23,12.27,12.44,11.44,11.53,7874815,94048560.00
2018/03/26,11.27,11.44,10.64,11.29,4925857,54043768.00
2018/03/27,11.47,11.69,11.32,11.61,4652518,53388944.00
2018/03/28,11.37,11.49,11.06,11.08,3814978,42723384.00
2018/03/29,11.05,12.18,11.04,12.18,7867353,92631584.00
2018/03/30,12.90,12.97,12.40,12.50,17361533,219459984.00
2018/04/02,12.71,13.12,12.46,12.86,13382738,170736704.00
2018/04/03,12.37,12.69,12.21,12.33,7646590,94408680.00
2018/04/04,12.38,12.73,12.26,12.45,6716858,83813488.00
2018/04/09,12.16,12.84,12.14,12.81,5792299,72318064.00
2018/04/10,12.92,13.01,12.36,12.70,5322540,66949104.00
2018/04/11,12.67,12.90,12.50,12.55,5667900,71790384.00
2018/04/12,12.67,13.02,12.49,12.82,7045635,89771304.00
2018/04/13,12.81,13.53,12.64,13.22,12778700,167783040.00
2018/04/16,13.26,13.34,12.85,13.31,7326838,95541232.00
2018/04/17,13.24,13.24,12.24,12.45,6545238,84147848.00
2018/04/18,12.54,12.66,11.24,12.06,5831901,69343432.00
2018/04/19,11.92,12.25,11.77,12.00,3167105,38026388.00
2018/04/20,12.06,12.42,11.87,11.90,3597212,43603412.00
2018/04/23,11.65,12.02,11.49,11.77,2500558,29280224.00
2018/04/24,11.74,12.23,11.74,12.16,3007605,36235348.00
2018/04/25,12.05,12.24,11.95,12.06,2519086,30311696.00
2018/04/26,11.84,12.09,11.60,11.63,2641614,30940628.00
2018/04/27,11.95,11.95,11.41,11.48,1767795,20304020.00
2018/05/02,11.50,11.55,10.68,10.80,4065958,43971960.00
2018/05/03,10.83,11.01,10.35,10.94,3277458,34783224.00
2018/05/04,10.85,10.96,10.72,10.78,1828100,19645316.00
2018/05/07,10.76,11.50,10.72,11.20,3314416,36712424.00
2018/05/08,11.19,11.45,11.10,11.22,2993702,33339630.00
2018/05/09,11.22,11.50,11.14,11.42,3143511,35433900.00
2018/05/10,11.39,12.55,11.39,12.55,9916175,120849448.00
2018/05/11,13.05,13.35,12.12,12.18,13375575,167835904.00
2018/05/14,11.85,12.19,11.69,11.99,5343864,63167296.00
2018/05/15,11.81,12.37,11.78,12.29,4769510,56998328.00
2018/05/16,12.22,12.36,12.01,12.08,3782600,45582360.00
2018/05/17,12.13,12.15,11.90,12.04,2989600,35556768.00
2018/05/18,12.04,12.37,11.91,12.29,4575344,55565112.00
2018/05/21,12.45,12.65,12.18,12.59,5198686,63978788.00
2018/05/22,12.50,12.78,12.41,12.76,5772734,71955200.00
2018/05/23,12.70,12.76,12.41,12.53,3709000,46105688.00
2018/05/24,12.35,12.50,12.30,12.31,2709348,33283912.00
2018/05/25,12.20,12.32,12.12,12.23,2577296,31198046.00
2018/05/28,12.26,13.20,12.18,12.83,9880438,125031800.00
2018/05/29,12.62,13.10,12.12,12.17,5952600,73852960.00
2018/05/30,11.97,11.97,11.00,11.43,5605600,63641244.00
2018/05/31,11.45,11.82,11.45,11.76,3527800,40835144.00
2018/06/01,11.77,12.91,11.63,12.26,5449881,66162392.00
2018/06/04,12.24,12.68,12.10,12.53,5407195,66723404.00
2018/06/05,12.52,13.05,12.35,12.99,10551309,134736464.00
2018/06/06,12.81,12.97,12.67,12.90,5884948,74835544.00
2018/06/07,12.90,13.00,12.48,12.77,5688209,71710368.00
2018/06/08,12.77,13.17,12.51,13.10,10005825,128438456.00
2018/06/11,13.02,13.02,12.46,12.77,5450600,68736440.00
2018/06/12,12.73,12.79,11.96,12.34,6297544,76914744.00
2018/06/13,12.37,13.56,12.21,13.56,10848392,143956144.00
2018/06/14,14.08,14.91,13.54,13.66,26843132,376387392.00
2018/06/15,13.31,13.60,12.65,13.57,17996946,235234320.00
2018/06/19,12.90,13.27,12.22,12.22,12563048,158684240.00
2018/06/20,11.55,12.55,11.55,12.21,10654680,126750040.00
2018/06/21,12.18,12.25,11.00,11.11,9798246,112097688.00
2018/06/22,10.98,11.34,10.35,11.26,6091094,66281812.00
2018/06/25,11.34,11.54,11.18,11.32,4509994,50768052.00
2018/06/26,10.97,11.59,10.92,11.58,5230083,58830976.00
2018/06/27,11.56,11.70,11.36,11.44,3488000,39757376.00
2018/06/28,11.47,11.68,11.38,11.42,4286289,49059384.00
2018/06/29,11.26,11.69,11.10,11.66,5467248,62307176.00
2018/07/02,11.60,12.65,11.56,11.97,7639246,91066168.00
2018/07/03,11.89,12.22,11.67,12.17,5469394,65028720.00
2018/07/04,12.00,12.08,10.96,11.36,5931500,67871648.00
2018/07/05,11.20,11.36,10.48,10.58,4737200,51209376.00
2018/07/06,10.62,10.95,10.41,10.81,3838846,40725696.00
2018/07/09,10.25,11.06,10.25,11.03,2902946,31152506.00
2018/07/10,11.04,11.13,10.91,11.08,2603800,28436490.00
2018/07/11,10.90,10.93,10.41,10.58,3135538,32992176.00
2018/07/12,10.58,11.30,10.58,10.94,3833638,41415176.00
2018/07/13,10.92,11.15,10.91,10.96,2339300,25480004.00
2018/07/16,10.97,11.04,10.72,10.93,1730500,18617144.00
2018/07/17,11.00,11.09,10.78,11.08,2150500,23313050.00
2018/07/18,11.10,11.19,10.87,10.88,2324600,25465228.00
2018/07/19,10.88,10.92,10.49,10.60,2581300,27293840.00
2018/07/20,10.67,10.81,10.48,10.72,2010100,21302524.00
2018/07/23,10.66,10.88,10.60,10.86,1680700,17971604.00
2018/07/24,10.87,11.00,10.76,10.96,3024210,32742224.00
2018/07/25,10.97,11.38,10.92,11.10,3870656,42821568.00
2018/07/26,11.25,11.25,10.88,10.99,2488146,27029820.00
2018/07/27,10.99,10.99,10.74,10.81,1701200,18267296.00
2018/07/30,10.71,10.89,10.57,10.67,1556200,16489982.00
2018/07/31,10.56,10.77,10.56,10.74,1000948,10606629.00
2018/08/01,10.85,10.85,10.35,10.51,1760100,18443900.00
2018/08/02,10.49,10.49,9.90,10.08,2607838,26161860.00
2018/08/03,10.15,10.32,9.98,10.01,1186700,11901163.00
2018/08/06,9.90,10.05,9.45,9.64,1841600,17715806.00
2018/08/07,9.70,9.86,9.49,9.84,1490400,14331398.00
2018/08/08,9.86,9.89,9.61,9.69,1173500,11316322.00
2018/08/09,9.80,9.98,9.62,9.97,2129334,20830008.00
2018/08/10,9.96,10.09,9.82,9.99,1158800,11415138.00
2018/08/13,9.82,9.97,9.52,9.91,1334032,12913849.00
2018/08/14,9.83,10.43,9.76,10.26,2734868,27192496.00
2018/08/15,10.11,10.24,9.80,9.81,2163400,21475394.00
2018/08/16,9.81,9.89,9.50,9.72,1140300,10998278.00
2018/08/17,9.78,9.83,9.07,9.13,1685600,15835123.00
2018/08/20,9.13,9.24,8.95,9.21,1523700,13701312.00
2018/08/21,9.21,9.34,9.12,9.26,1378200,12626935.00
2018/08/22,9.30,9.60,9.27,9.30,1809200,16877792.00
2018/08/23,9.29,9.40,9.16,9.32,985200,9088208.00
2018/08/24,9.33,9.49,9.16,9.30,984700,9083022.00
2018/08/27,9.37,9.50,9.29,9.46,1387200,12926360.00
2018/08/28,9.51,9.51,9.34,9.40,912900,8492230.00
2018/08/29,9.41,9.42,9.15,9.24,1489834,13589726.00
2018/08/30,9.23,9.29,9.01,9.09,1355619,12229900.00
2018/08/31,9.01,9.18,8.97,9.07,915000,8206565.00
2018/09/03,9.10,9.10,8.61,8.86,1695000,14680830.00
2018/09/04,8.89,8.94,8.73,8.91,1077800,9450009.00
2018/09/05,8.83,9.06,8.80,8.85,1228200,10840807.00
2018/09/06,8.83,8.95,8.71,8.80,917500,8002501.00
2018/09/07,8.83,8.92,8.66,8.78,1012000,8786454.00
2018/09/10,8.78,8.78,8.43,8.43,1211200,10272622.00
2018/09/11,8.46,8.64,8.40,8.55,1097400,9258718.00
2018/09/12,8.50,8.68,8.50,8.66,1016000,8672609.00
2018/09/13,8.65,8.76,8.63,8.74,838100,7203830.00
2018/09/14,8.66,8.80,8.52,8.60,916700,7786952.00
2018/09/17,8.60,8.60,8.26,8.44,1184373,9826357.00
2018/09/18,8.40,8.50,8.20,8.45,1387473,11461505.00
2018/09/19,8.30,8.60,8.30,8.58,1953718,16439911.00
2018/09/20,8.58,8.61,8.43,8.53,1238873,10430285.00
2018/09/21,8.58,8.60,8.44,8.58,1136800,9601747.00
2018/09/25,8.58,9.43,8.51,8.95,5365804,48269712.00
2018/09/26,8.90,8.97,8.75,8.89,3403554,29829780.00
2018/09/27,8.87,8.87,8.46,8.46,2320200,19810060.00
2018/09/28,8.48,8.57,8.43,8.49,1011600,8487853.00
2018/10/08,8.21,8.38,8.13,8.18,1077500,8795437.00
2018/10/09,8.21,8.33,8.15,8.24,791800,6419925.00
2018/10/10,8.26,8.33,8.18,8.33,970238,7943142.00
2018/10/11,8.06,8.06,7.51,7.53,1895300,14429670.00
2018/10/12,7.23,7.52,6.93,7.36,1571900,11208866.00
2018/10/15,7.51,7.51,7.18,7.20,821100,5938216.00
2018/10/16,7.23,7.30,7.07,7.13,903300,6409678.00
2018/10/17,7.30,7.35,7.06,7.23,847100,6036016.00
2018/10/18,7.17,7.17,6.95,6.98,923100,6383722.00
2018/10/19,6.91,7.15,6.75,7.11,1205832,8313886.00
2018/10/22,7.15,7.75,7.15,7.50,2327900,17033100.00
2018/10/23,7.45,7.93,7.27,7.60,3027300,22699022.00
2018/10/24,7.55,7.65,7.42,7.51,1258768,9354994.00
2018/10/25,7.31,7.39,7.18,7.32,1550100,11109342.00
2018/10/26,7.29,7.46,7.29,7.32,902600,6559164.00
2018/10/29,7.32,7.36,7.05,7.11,732800,5231376.00
2018/10/30,7.11,7.73,7.10,7.48,2627368,19444776.00
2018/10/31,7.40,7.55,7.31,7.50,1920368,14154209.00
2018/11/01,7.58,7.71,7.45,7.45,1907468,14299435.00
2018/11/02,7.45,7.90,7.45,7.74,3064868,23325668.00
2018/11/05,7.71,7.98,7.63,7.98,3037668,23491844.00
2018/11/06,8.10,8.10,7.73,7.87,2331173,18045604.00
2018/11/07,7.93,7.95,7.77,7.77,1654800,12813032.00
2018/11/08,7.78,7.90,7.68,7.70,1112100,8541486.00
2018/11/09,7.74,7.77,7.55,7.77,1095668,8346687.00
2018/11/12,7.77,7.99,7.71,7.94,1544373,11999757.00
2018/11/13,7.83,8.26,7.78,8.08,2786968,22143316.00
2018/11/14,8.08,8.15,7.91,8.00,1964326,15542156.00
2018/11/15,7.99,8.20,7.91,8.19,2283781,18314416.00
2018/11/16,8.21,8.34,8.08,8.27,2196530,17835156.00
2018/11/19,8.30,8.33,8.09,8.23,1856478,15007162.00
2018/11/20,8.22,8.29,8.05,8.12,2946213,23831598.00
2018/11/21,8.07,8.18,7.97,8.11,1553400,12384348.00
2018/11/22,8.18,8.33,8.11,8.29,1864900,15161830.00
2018/11/23,8.26,8.29,7.76,7.88,2607400,20689238.00
2018/11/26,8.35,8.47,8.00,8.01,5534959,45059676.00
2018/11/27,7.80,7.97,7.80,7.86,2906428,22570272.00
2018/11/28,7.82,7.89,7.50,7.81,2343433,17781054.00
2018/11/29,7.88,7.90,7.51,7.52,1694200,12860855.00
2018/11/30,7.52,7.59,7.34,7.57,923800,6843884.00
2018/12/03,7.74,7.84,7.61,7.78,1511954,11564717.00
2018/12/04,7.77,7.85,7.75,7.84,1225700,9454096.00
2018/12/05,7.73,7.83,7.64,7.80,1175900,8988803.00
2018/12/06,7.80,7.81,7.68,7.76,1044954,8002393.00
2018/12/07,7.75,7.83,7.61,7.73,913800,6972980.00
2018/12/10,7.63,7.65,7.51,7.56,873400,6530065.00
2018/12/11,7.63,7.72,7.63,7.70,659900,5002587.00
2018/12/12,7.84,7.88,7.56,7.63,715400,5419910.00
2018/12/13,7.63,7.74,7.57,7.64,1042128,7873184.50
2018/12/14,7.60,7.64,7.45,7.47,842300,6265703.00
2018/12/17,7.30,7.44,7.27,7.39,810200,5881388.00
2018/12/18,7.33,7.43,7.32,7.36,684300,4977462.00
2018/12/19,7.36,7.42,7.32,7.35,531200,3863480.00
2018/12/20,7.33,7.38,7.20,7.26,1040900,7441466.00
2018/12/21,7.26,7.26,7.12,7.20,826100,5848079.00
2018/12/24,7.12,7.30,7.12,7.30,560100,4009806.00
2018/12/25,7.30,7.44,7.11,7.44,1256300,8997915.00
2018/12/26,7.38,7.40,7.26,7.27,740933,5347227.00
2018/12/27,7.39,7.39,7.10,7.12,744300,5311077.00
2018/12/28,7.13,7.25,7.12,7.14,648700,4602131.00
2019/01/02,7.14,7.28,7.14,7.20,501310,3565520.00
2019/01/03,7.23,7.28,7.12,7.14,648310,4605009.00
2019/01/04,7.14,7.34,7.07,7.30,866554,6180455.00
2019/01/07,7.32,7.54,7.30,7.49,1351573,9921436.00
2019/01/08,7.49,7.55,7.38,7.42,799323,5874450.00
2019/01/09,7.44,7.55,7.42,7.45,1024755,7583642.00
2019/01/10,7.45,7.52,7.42,7.44,614255,4519869.00
2019/01/11,7.43,7.58,7.37,7.56,1049199,7747518.00
2019/01/14,7.54,7.89,7.45,7.65,2234800,16860826.00
2019/01/15,7.61,8.41,7.48,8.41,4835737,38888668.00
2019/01/16,8.60,9.24,8.49,8.72,16031445,141237808.00
2019/01/17,8.60,8.72,8.20,8.45,9850435,81820800.00
2019/01/18,8.30,8.33,8.10,8.13,6319200,51176324.00
2019/01/21,8.07,8.24,8.06,8.10,3431700,27547496.00
2019/01/22,8.07,8.26,8.02,8.11,2826700,22738552.00
2019/01/23,8.18,8.18,7.86,7.95,2994337,23499966.00
2019/01/24,7.96,8.03,7.86,7.96,1998447,15647735.00
2019/01/25,7.96,8.00,7.79,7.82,1937700,15067873.00
2019/01/28,7.92,8.02,7.80,7.82,1504820,11724281.00
2019/01/29,7.76,7.88,7.31,7.47,2808000,20840342.00
2019/01/30,7.48,7.53,7.36,7.38,1297282,9509227.00
2019/01/31,7.33,7.50,7.19,7.24,1566144,11341289.00
2019/02/01,7.26,7.44,7.26,7.43,985020,7191931.00
2019/02/11,7.57,7.75,7.46,7.66,1923486,14454685.00
2019/02/12,7.70,7.76,7.62,7.72,1520800,11575476.00
2019/02/13,7.72,7.88,7.63,7.88,2796200,21459432.00
2019/02/14,7.88,7.90,7.79,7.87,1967700,15228307.00
2019/02/15,7.87,8.06,7.81,7.83,3233100,25311966.00
2019/02/18,7.83,8.12,7.83,8.11,3483594,27564332.00
2019/02/19,8.11,8.28,7.96,8.16,3609000,28965676.00
2019/02/20,8.10,8.16,8.01,8.14,1939500,15495042.00
2019/02/21,8.17,8.23,7.96,7.99,2925900,23501394.00
2019/02/22,7.97,8.15,7.94,8.15,3196632,25449604.00
2019/02/25,8.32,8.50,8.17,8.47,5518892,45559872.00
2019/02/26,8.48,9.26,8.33,8.80,9722352,84320568.00
2019/02/27,8.75,9.38,8.63,8.77,8400107,74299296.00
2019/02/28,8.71,8.80,8.49,8.59,4806570,40828956.00
2019/03/01,8.59,8.65,8.41,8.60,2637924,22195640.00
2019/03/04,8.64,8.93,8.61,8.72,5268315,45745256.00
2019/03/05,8.82,9.07,8.82,9.01,6098495,53988128.00
2019/03/06,9.10,9.19,8.92,9.14,5465782,49056592.00
2019/03/07,9.14,9.25,8.96,9.17,5507075,49498148.00
2019/03/08,8.98,9.12,8.50,8.55,5325082,46583364.00
2019/03/11,8.58,8.89,8.58,8.86,2953700,25564784.00
2019/03/12,8.98,9.14,8.90,9.06,5222109,46774336.00
2019/03/13,9.16,9.35,8.97,9.16,5986941,54159764.00
2019/03/14,9.20,9.20,8.66,8.77,4577732,40130132.00
2019/03/15,8.81,8.92,8.68,8.89,2633300,22975132.00
2019/03/18,8.90,9.77,8.83,9.77,6902100,64472908.00
2019/03/19,9.77,10.09,9.50,9.54,13582744,131458992.00
2019/03/20,9.49,9.90,9.38,9.66,7039235,67204296.00
2019/03/21,9.53,9.69,9.31,9.57,6237138,58796944.00
2019/03/22,9.58,9.58,9.32,9.49,3632400,33950240.00
2019/03/25,9.39,9.94,9.17,9.85,7150882,68154128.00
2019/03/26,9.78,9.86,9.25,9.41,5111500,48325000.00
2019/03/27,9.48,9.48,9.19,9.31,2318500,21331806.00
2019/03/28,9.27,9.44,9.16,9.29,2165400,19982762.00
2019/03/29,9.29,9.45,8.99,9.45,3514300,32360392.00
2019/04/01,9.49,9.68,9.45,9.62,4139900,39328464.00
2019/04/02,9.70,9.72,9.50,9.53,3674900,34805472.00
2019/04/03,9.50,9.80,9.30,9.80,5245200,49951872.00
2019/04/04,9.72,9.94,9.61,9.72,4711032,45472076.00
2019/04/08,9.75,9.95,9.50,9.60,3447700,33101146.00
2019/04/09,9.52,9.90,9.45,9.82,4596031,44215024.00
2019/04/10,9.72,10.25,9.64,10.09,7465997,73597944.00
2019/04/11,10.00,10.13,9.68,9.68,4922388,48068020.00
2019/04/12,9.69,9.90,9.61,9.78,2732600,26352730.00
2019/04/15,9.84,10.00,9.51,9.51,3198800,31123364.00
2019/04/16,9.43,9.48,9.11,9.41,4043831,37113676.00
2019/04/17,9.39,9.58,9.38,9.48,2606213,24473210.00
2019/04/18,9.48,9.57,9.40,9.41,2188119,20545248.00
2019/04/19,9.41,9.46,9.21,9.42,2437488,22545084.00
2019/04/22,9.54,9.54,9.25,9.32,1479000,13695483.00
2019/04/23,9.35,9.35,8.98,9.01,2420400,21849994.00
2019/04/24,8.99,9.20,8.90,9.19,1462886,13172548.00
2019/04/25,9.29,9.33,8.66,8.69,1807837,15990138.00
2019/04/26,8.66,8.81,8.55,8.55,1664437,14089256.00
2019/04/29,8.49,8.59,8.10,8.14,1888600,15363077.00
2019/04/30,8.18,8.41,8.18,8.22,1057700,8612243.00
2019/05/06,8.08,8.19,7.66,7.81,1541700,11931539.00
2019/05/07,7.86,7.93,7.71,7.80,1137100,8730333.00
2019/05/08,7.67,7.86,7.48,7.84,942400,7171983.00
2019/05/09,7.74,7.93,7.74,7.87,979800,7571814.00
2019/05/10,7.92,8.09,7.77,8.03,1556931,12189924.00
2019/05/13,8.01,8.08,7.90,8.00,921200,7223131.00
2019/05/14,7.89,8.10,7.89,7.98,1024200,8057886.00
2019/05/15,8.01,8.15,8.01,8.11,761900,6040162.00
2019/05/16,8.16,8.19,8.06,8.15,963800,7689429.00
2019/05/17,8.24,8.24,7.76,7.84,1091640,8500163.00
2019/05/20,7.81,7.90,7.77,7.81,688320,5278007.00
2019/05/21,7.83,7.99,7.78,7.92,840687,6514435.00
2019/05/22,7.92,8.01,7.80,7.86,765238,5937331.00
2019/05/23,7.95,7.95,7.69,7.84,781100,5971198.00
2019/05/24,7.76,7.87,7.67,7.76,486600,3703192.00
2019/05/27,7.80,7.96,7.68,7.90,891331,6849517.00
2019/05/28,7.94,8.14,7.71,7.92,912831,7119746.00
2019/05/29,7.98,8.02,7.88,7.97,854400,6667757.00
2019/05/30,7.97,7.99,7.79,7.86,714100,5494806.00
2019/05/31,7.95,7.95,7.83,7.90,535100,4133573.00
2019/06/03,7.94,7.94,7.76,7.79,637171,4888877.00
2019/06/04,7.76,7.79,7.57,7.62,619200,4650211.00
2019/06/05,7.68,7.79,7.64,7.65,523600,3946944.00
2019/06/06,7.71,7.71,7.46,7.47,852900,6285321.00
2019/06/10,7.55,7.61,7.40,7.60,718500,5298488.00
2019/06/11,7.51,7.83,7.51,7.79,885400,6710085.00
2019/06/12,7.75,7.89,7.75,7.80,582100,4454730.00
2019/06/13,7.79,8.56,7.76,8.19,3505785,28530800.00
2019/06/14,8.01,8.18,7.84,7.88,2466088,19307832.00
2019/06/17,7.81,7.86,7.61,7.63,1567900,11791113.00
2019/06/18,7.63,7.76,7.57,7.75,765437,5743855.00
2019/06/19,7.79,8.06,7.79,7.99,1456700,11309768.00
2019/06/20,7.97,8.10,7.86,7.97,1741788,13612924.00
2019/06/21,7.99,8.08,7.93,8.08,1658788,13061573.00
2019/06/24,8.09,8.20,7.98,8.02,843185,6665065.00
2019/06/25,8.00,8.07,7.86,8.04,842888,6564064.00
2019/06/26,7.95,8.04,7.93,7.94,800300,6245946.00
2019/06/27,7.90,8.02,7.90,7.94,748800,5838345.00
2019/06/28,8.00,8.07,7.79,7.83,799500,6147663.00
2019/07/01,7.96,8.04,7.89,8.02,1062700,8321166.00
2019/07/02,8.02,8.09,7.99,8.06,1023800,8073112.00
2019/07/03,8.05,8.05,7.92,7.94,709400,5530522.00
2019/07/04,7.93,8.03,7.91,7.96,651800,5088182.00
2019/07/05,7.96,8.06,7.92,8.03,578600,4533918.00
2019/07/08,7.94,8.03,7.76,7.76,722800,5568295.00
2019/07/09,7.76,7.82,7.68,7.80,383088,2914033.00
2019/07/10,7.80,8.51,7.80,8.03,4254744,34231772.00
2019/07/11,7.92,7.95,7.82,7.88,2458300,18962920.00
2019/07/12,7.77,7.94,7.77,7.79,1189808,9090163.00
2019/07/15,7.79,7.88,7.69,7.87,863963,6625137.00
2019/07/16,7.86,8.11,7.83,8.09,1626663,12752385.00
2019/07/17,8.09,8.25,8.02,8.19,1860088,14869387.00
2019/07/18,8.21,8.21,8.01,8.08,1217100,9654356.00
2019/07/19,8.06,8.14,7.94,8.09,1196400,9425158.00
2019/07/22,8.06,8.08,7.66,7.78,1038232,7989029.00
2019/07/23,7.73,7.90,7.73,7.87,777900,5965585.00
2019/07/24,7.87,8.02,7.81,8.01,697495,5424109.00
2019/07/25,7.99,8.13,7.93,8.04,1082300,8535308.00
2019/07/26,8.03,8.11,7.98,8.11,998915,7891516.00
2019/07/29,8.15,8.20,7.99,8.17,1455900,11597493.00
2019/07/30,8.07,8.30,8.07,8.18,1661767,13395051.00
2019/07/31,8.26,8.26,7.99,8.09,1534330,12140041.00
2019/08/01,7.94,8.20,7.91,8.12,1317093,10444291.00
2019/08/02,8.04,8.04,7.84,7.93,1116600,8690835.00
2019/08/05,7.93,8.45,7.86,8.11,2973730,23733298.00
2019/08/06,8.01,8.91,7.99,8.61,9678257,80370976.00
2019/08/07,8.49,8.85,8.34,8.65,8277493,70103880.00
2019/08/08,8.65,8.66,8.43,8.52,4221970,35373144.00
2019/08/09,8.59,8.60,8.31,8.39,3638900,30010402.00
2019/08/12,8.45,9.04,8.36,8.86,6709008,57691896.00
2019/08/13,8.79,8.84,8.61,8.82,4196678,35980340.00
2019/08/14,8.87,9.08,8.69,8.81,5668742,49565452.00
2019/08/15,8.57,8.78,8.48,8.75,2967200,25112084.00
2019/08/16,8.75,8.89,8.62,8.67,2834600,24293096.00
2019/08/19,8.68,9.04,8.53,8.90,5765700,49412036.00
2019/08/20,8.80,8.80,8.63,8.66,4392948,37553872.00
2019/08/21,8.61,8.65,8.50,8.54,2273955,19111556.00
2019/08/22,8.55,8.65,8.52,8.65,1927142,16234912.00
2019/08/23,8.63,8.85,8.41,8.41,2945855,24844412.00
2019/08/26,8.26,8.26,8.07,8.12,2442342,19506444.00
2019/08/27,8.21,8.39,8.14,8.30,2310842,18783180.00
2019/08/28,8.30,8.34,8.22,8.26,1437342,11649657.00
2019/08/29,8.24,8.30,8.18,8.18,1250900,10091461.00
2019/08/30,8.21,8.31,7.98,7.99,2173100,17345480.00
2019/09/02,7.99,8.26,7.99,8.25,1641100,13160229.00
2019/09/03,8.20,8.29,8.16,8.21,1248948,10051476.00
2019/09/04,8.29,8.30,8.16,8.24,1377085,11093813.00
2019/09/05,8.29,8.35,8.23,8.29,1917878,15587495.00
2019/09/06,8.31,8.45,8.27,8.34,1687300,13793442.00
2019/09/09,8.44,8.46,8.29,8.40,2213788,18176932.00
2019/09/10,8.40,8.42,8.31,8.38,1727937,14145041.00
2019/09/11,8.36,8.46,8.34,8.46,2179033,17971820.00
2019/09/12,8.46,8.63,8.46,8.53,2652433,22196120.00
2019/09/16,8.54,8.61,8.39,8.44,2327455,19337110.00
2019/09/17,8.41,8.41,8.17,8.23,1977000,16004440.00
2019/09/18,8.21,8.26,8.17,8.23,848000,6827154.00
2019/09/19,8.27,8.28,8.15,8.24,946700,7608508.00
2019/09/20,8.23,8.30,8.20,8.28,1326820,10744440.00
2019/09/23,8.24,8.33,8.12,8.20,971900,7831763.00
2019/09/24,8.26,8.50,8.18,8.44,2929500,24085372.00
2019/09/25,8.35,8.58,8.31,8.54,3621300,30062784.00
2019/09/26,8.54,8.65,8.41,8.49,3398000,28439292.00
2019/09/27,8.42,8.92,8.42,8.69,5120100,43860456.00
2019/09/30,8.59,8.69,8.41,8.42,2630100,22002978.00
2019/10/08,8.34,8.38,7.98,8.02,2670500,21143050.00
2019/10/09,7.94,8.01,7.77,7.93,2369442,18235952.00
2019/10/10,7.94,8.01,7.85,7.99,1200000,9326949.00
2019/10/11,8.01,8.01,7.89,7.97,1051900,8200308.00
2019/10/14,8.06,8.11,7.97,8.04,1285800,10120158.00
2019/10/15,8.06,8.06,7.91,7.93,867000,6756927.00
2019/10/16,7.98,8.04,7.83,7.93,1011600,7855831.00
2019/10/17,8.01,8.01,7.85,7.88,928800,7201791.00
2019/10/18,7.87,7.87,7.66,7.67,1874178,14180193.00
2019/10/21,7.61,7.67,7.56,7.59,727300,5410205.00
2019/10/22,7.60,7.66,7.58,7.66,877000,6546315.00
2019/10/23,7.80,7.80,7.64,7.67,692300,5218394.00
2019/10/24,7.61,7.66,7.59,7.63,492800,3675203.00
2019/10/25,7.64,7.68,7.59,7.62,665100,4963800.00
2019/10/28,7.59,7.70,7.59,7.69,1232800,9258186.00
2019/10/29,7.68,7.69,7.61,7.62,811500,6072057.00
2019/10/30,7.58,7.61,7.46,7.52,956300,7030560.00
2019/10/31,7.52,7.57,7.27,7.47,1069363,7775860.00
2019/11/01,7.35,7.46,7.35,7.41,739000,5360931.00
2019/11/04,7.41,8.14,7.26,8.14,3444763,26554820.00
2019/11/05,8.07,8.15,7.76,7.86,5301137,41243416.00
2019/11/06,7.66,7.71,7.48,7.53,2398611,17765592.00
2019/11/07,7.53,7.57,7.34,7.53,1550404,11276876.00
2019/11/08,7.55,7.55,7.42,7.44,927400,6787080.00
2019/11/11,7.44,7.44,7.27,7.36,995400,7142907.00
2019/11/12,7.30,7.48,7.30,7.46,706600,5082558.00
2019/11/13,7.50,7.52,7.33,7.35,579000,4183416.00
2019/11/14,7.38,7.38,7.26,7.29,974604,6952023.00
2019/11/15,7.28,7.28,7.14,7.14,1143600,8025476.00
2019/11/18,7.10,7.11,7.03,7.06,793900,5481622.00
2019/11/19,7.11,7.22,7.06,7.19,866956,6086596.00
2019/11/20,7.21,7.21,7.09,7.10,552500,3859845.00
2019/11/21,7.08,7.18,7.07,7.15,505700,3525798.00
2019/11/22,7.16,7.65,7.15,7.29,1713156,12283321.00
2019/11/25,7.32,7.33,7.10,7.30,928856,6547963.00
2019/11/26,7.24,7.30,7.15,7.26,733400,5178941.00
2019/11/27,7.25,7.26,7.15,7.16,592800,4162555.00
2019/11/28,7.16,7.16,7.06,7.08,486400,3373357.00
2019/11/29,7.07,7.34,6.91,7.19,902400,6319615.00
2019/12/02,7.27,7.27,7.11,7.13,503900,3524954.00
2019/12/03,7.09,7.15,7.07,7.14,346200,2405564.00
2019/12/04,7.10,7.22,7.08,7.12,446500,3117350.00
2019/12/05,7.13,7.23,7.12,7.20,642500,4508824.00
2019/12/06,7.30,7.30,7.19,7.30,974100,6914712.00
2019/12/09,7.28,7.30,7.20,7.22,732600,5180802.00
2019/12/10,7.22,7.27,7.17,7.26,665600,4697185.00
2019/12/11,7.19,7.30,7.19,7.26,538000,3823513.00
2019/12/12,7.26,7.30,7.20,7.22,470791,3328458.00
2019/12/13,7.22,7.32,7.22,7.31,1003556,7153718.00
2019/12/16,7.31,7.44,7.31,7.35,975500,7011509.00
2019/12/17,7.36,7.44,7.30,7.42,1403100,10125336.00
2019/12/18,7.39,7.48,7.37,7.38,1170237,8498169.00
2019/12/19,7.36,7.46,7.36,7.43,870400,6310964.00
2019/12/20,7.45,7.46,7.36,7.36,663000,4805425.00
2019/12/23,7.35,7.36,7.18,7.19,743700,5269327.00
2019/12/24,7.21,7.45,7.21,7.39,1030337,7430782.00
2019/12/25,7.34,7.45,7.34,7.42,990553,7181688.00
2019/12/26,7.44,7.45,7.37,7.41,632600,4582025.00
2019/12/27,7.46,7.49,7.32,7.36,760100,5502469.00
2019/12/30,7.30,7.38,7.21,7.37,927742,6610905.00
2019/12/31,7.37,7.41,7.30,7.41,573300,4138063.00
2020/01/02,7.44,7.49,7.36,7.48,1332900,9719088.00
2020/01/03,7.54,7.55,7.43,7.48,766083,5609276.00
2020/01/06,7.49,7.54,7.42,7.51,1090583,7998280.00
2020/01/07,7.56,7.59,7.51,7.58,912200,6738426.00
2020/01/08,7.63,7.96,7.52,7.62,3603100,27276596.00
2020/01/09,7.56,7.75,7.56,7.64,1741727,13039950.00
2020/01/10,7.59,7.69,7.51,7.55,1174447,8689083.00
2020/01/13,7.55,7.55,7.43,7.54,884779,6491609.00
2020/01/14,7.61,7.64,7.53,7.59,1093600,8105460.00
2020/01/15,7.59,7.59,7.48,7.52,580300,4271030.00
2020/01/16,7.52,7.54,7.46,7.52,705300,5174217.00
2020/01/17,7.59,7.60,7.53,7.57,552800,4091099.00
2020/01/20,7.56,7.67,7.48,7.67,1099800,8194199.00
2020/01/21,7.67,7.72,7.51,7.53,835553,6176524.00
2020/01/22,7.49,7.63,7.48,7.61,749900,5554703.00
2020/01/23,7.70,7.70,7.34,7.41,1193500,8731981.00
2020/02/03,6.69,6.74,6.69,6.69,874400,5710657.00
2020/02/04,6.47,6.75,6.47,6.60,1352344,8726101.00
2020/02/05,6.75,6.86,6.58,6.66,1396579,9131336.00
2020/02/06,6.71,6.76,6.57,6.70,1561457,10164417.00
2020/02/07,6.66,6.72,6.59,6.68,1091967,7089479.00
2020/02/10,6.68,6.78,6.60,6.76,1516136,9935771.00
2020/02/11,6.77,6.84,6.72,6.74,1453967,9604736.00
2020/02/12,6.76,6.86,6.73,6.84,1330136,8859682.00
2020/02/13,6.86,6.87,6.73,6.76,1328600,8789099.00
2020/02/14,6.76,6.76,6.66,6.69,883500,5778835.00
2020/02/17,6.71,6.89,6.71,6.88,1882917,12537200.00
2020/02/18,6.94,7.00,6.87,6.97,1614900,10928848.00
2020/02/19,6.97,7.15,6.93,7.07,2069400,14307140.00
2020/02/20,7.09,7.18,7.04,7.15,1332335,9282276.00
2020/02/21,7.37,7.37,7.13,7.15,2516451,17815166.00
2020/02/24,7.12,7.14,7.03,7.13,1725200,11950835.00
2020/02/25,7.07,7.07,6.87,7.00,2204035,15020542.00
2020/02/26,6.99,7.11,6.86,7.04,1798860,12354561.00
2020/02/27,7.04,7.10,6.96,7.03,1046900,7164138.00
2020/02/28,7.01,7.01,6.63,6.63,2155100,14248065.00
2020/03/02,6.64,6.89,6.64,6.82,1146800,7608015.00
2020/03/03,6.88,7.00,6.88,6.93,1617880,10991081.00
2020/03/04,6.92,7.07,6.89,7.07,1318700,9001633.00
2020/03/05,7.14,7.14,7.07,7.12,1393232,9683100.00
2020/03/06,7.01,7.44,6.99,7.25,2675132,18899594.00
2020/03/09,7.03,7.29,7.03,7.13,2285448,15888106.00
2020/03/10,6.94,7.24,6.94,7.23,2027579,14125491.00
2020/03/11,7.22,7.33,7.21,7.26,2497000,17785528.00
2020/03/12,7.21,7.44,7.13,7.38,4201251,29946620.00
2020/03/13,7.12,7.33,7.06,7.17,2922725,20493840.00
2020/03/16,7.25,7.26,6.91,7.03,2078585,14388053.00
2020/03/17,7.02,7.09,6.82,7.06,1472228,10031285.00
2020/03/18,7.12,7.18,6.88,6.88,1544300,10596885.00
2020/03/19,6.80,6.88,6.71,6.76,1490780,9875415.00
2020/03/20,6.83,7.42,6.78,7.42,6797227,48097200.00
2020/03/23,7.26,8.00,7.21,7.44,10159906,75008032.00
2020/03/24,7.46,7.88,7.27,7.84,8696438,64852020.00
2020/03/25,7.79,7.94,7.58,7.70,6097742,45974580.00
2020/03/26,7.59,7.75,7.42,7.42,4432951,32849446.00
2020/03/27,7.52,7.66,7.21,7.28,3764363,27441324.00
2020/03/30,7.46,7.76,7.31,7.68,6760013,50066160.00
2020/03/31,7.60,7.65,7.34,7.41,4521700,33124032.00
2020/04/01,7.29,7.36,6.88,6.99,4542395,31288162.00
2020/04/02,6.96,7.08,6.80,7.07,3002013,20297460.00
2020/04/03,7.03,7.04,6.84,6.86,2523500,17016524.00
2020/04/07,6.94,7.01,6.88,6.99,2598200,17663784.00
2020/04/08,7.00,7.67,6.97,7.67,6567800,47960920.00
2020/04/09,7.97,8.25,7.78,7.93,14138390,110127200.00
2020/04/10,8.00,8.08,7.58,7.62,7105437,54122464.00
2020/04/13,7.72,7.93,7.47,7.70,6664200,50469872.00
2020/04/14,7.66,7.87,7.57,7.73,4485788,33915864.00
2020/04/15,7.69,7.76,7.46,7.56,4151557,30733720.00
2020/04/16,7.57,7.58,7.37,7.40,2864200,20842164.00
2020/04/17,7.49,7.49,7.31,7.34,2508735,18145412.00
2020/04/20,7.32,7.72,7.26,7.69,4252035,31373804.00
2020/04/21,7.66,7.68,7.32,7.51,3711537,27074696.00
2020/04/22,7.43,7.49,7.32,7.48,2312700,16780416.00
2020/04/23,7.46,8.21,7.39,8.21,9716537,75341360.00
2020/04/24,8.13,8.13,7.67,7.89,9018600,69209120.00
2020/04/27,7.76,7.85,7.66,7.83,4202032,31732040.00
2020/04/28,7.84,7.84,7.26,7.42,4387800,32068982.00
2020/04/29,7.37,7.64,7.36,7.48,2869135,20990874.00
2020/04/30,7.48,8.21,7.44,7.92,7193358,55139700.00
2020/05/06,8.11,8.13,7.84,8.07,7013713,54808360.00
2020/05/07,8.04,8.19,7.90,8.04,5157069,40265040.00
2020/05/08,8.06,8.70,7.95,8.44,10954245,89232216.00
2020/05/11,8.40,8.42,8.19,8.29,6213700,50299448.00
2020/05/12,8.17,8.51,8.17,8.33,5102669,41440616.00
2020/05/13,8.30,8.44,8.12,8.36,4256285,34539316.00
2020/05/14,8.21,8.34,8.16,8.21,3394900,27272900.00
2020/05/15,8.22,8.41,8.18,8.27,3624244,29352582.00
2020/05/18,8.26,8.36,8.20,8.24,3198500,25785596.00
2020/05/19,8.20,8.27,8.09,8.12,4454749,35443812.00
2020/05/20,8.10,8.12,7.88,7.97,3475500,27085788.00
2020/05/21,7.98,8.40,7.93,8.19,5379573,42984352.00
2020/05/22,8.21,8.22,7.75,7.86,4411500,34128992.00
2020/05/25,7.78,8.08,7.70,8.04,2912500,22402416.00
2020/05/26,8.05,8.12,7.93,8.12,2592300,20320780.00
2020/05/27,8.18,8.28,8.00,8.06,3758500,29934962.00
2020/05/28,8.02,8.21,7.94,8.20,3133531,24690068.00
2020/05/29,8.11,8.33,8.07,8.12,2742944,21944198.00
2020/06/01,8.12,8.35,8.07,8.30,3691100,29791990.00
2020/06/02,8.29,8.44,8.26,8.38,3755293,30621244.00
2020/06/03,8.39,8.45,8.20,8.22,2686900,21763296.00
2020/06/04,8.25,8.32,8.11,8.17,1910800,15225854.00
2020/06/05,8.13,8.25,8.10,8.25,1924400,15317474.00
2020/06/08,8.22,8.24,8.06,8.09,2116400,16780234.00
2020/06/09,8.11,8.13,7.91,7.98,2465000,19195824.00
2020/06/10,7.97,8.28,7.92,8.28,2961149,23484008.00
2020/06/11,8.23,8.36,8.08,8.19,3033149,24293928.00
2020/06/12,7.92,8.12,7.90,8.05,1696588,13294563.00
2020/06/15,8.09,8.12,7.91,7.96,1663487,13009364.00
2020/06/16,8.05,8.13,7.98,8.13,1469751,11554740.00
2020/06/17,8.13,8.30,8.05,8.24,2248869,18013552.00
2020/06/18,8.27,8.29,8.10,8.19,1922789,15395480.00
2020/06/19,8.22,8.38,8.18,8.32,3588087,29161648.00
2020/06/22,8.37,8.37,8.22,8.29,2273900,18395800.00
2020/06/23,8.29,8.29,8.06,8.07,2458620,19479956.00
2020/06/24,8.06,8.12,7.98,8.02,1531700,12008263.00
2020/06/29,8.02,8.14,8.00,8.05,1678400,13197226.00
2020/06/30,8.05,8.12,8.02,8.07,1580100,12443109.00
2020/07/01,8.11,8.15,8.00,8.02,1938132,15230889.00
2020/07/02,8.06,8.15,8.01,8.15,2459487,19346766.00
2020/07/03,8.19,8.26,8.14,8.25,2858119,22885212.00
2020/07/06,8.33,8.60,8.28,8.56,5940949,49195940.00
2020/07/07,8.60,8.75,8.48,8.48,6103409,51218392.00
2020/07/08,8.56,8.81,8.45,8.72,4840240,40787408.00
2020/07/09,8.77,9.02,8.72,8.89,5161459,44770888.00
2020/07/10,9.02,9.02,8.61,8.61,4373427,37525664.00
2020/07/13,8.59,8.88,8.55,8.82,4960559,42366316.00
2020/07/14,8.90,8.98,8.65,8.79,4620900,39641004.00
2020/07/15,8.83,9.30,8.79,9.09,9001652,79870616.00
2020/07/16,8.96,9.08,8.46,8.50,5841933,49804852.00
2020/07/17,8.48,8.66,8.40,8.53,3284344,27408340.00
2020/07/20,8.56,8.87,8.55,8.87,3489980,29906344.00
2020/07/21,8.95,9.66,8.82,9.34,7550118,68512432.00
2020/07/22,9.23,9.58,9.23,9.36,6078232,55668240.00
2020/07/23,9.27,9.35,8.97,9.23,4700732,42084504.00
2020/07/24,9.23,9.53,9.03,9.03,5617668,51074156.00
2020/07/27,9.03,9.60,9.00,9.45,6520796,59994972.00
2020/07/28,9.48,9.79,9.33,9.74,7006142,65812912.00
2020/07/29,9.66,9.79,9.49,9.74,5507820,51994504.00
2020/07/30,9.76,9.81,9.44,9.59,4704750,44190368.00
2020/07/31,9.52,10.53,9.43,10.53,10436097,103477792.00
2020/08/03,11.03,11.56,10.76,11.56,13599429,152274464.00
2020/08/04,11.90,12.17,11.08,11.14,16656357,189910976.00
2020/08/05,10.86,12.01,10.86,11.75,12122250,138080336.00
2020/08/06,11.46,11.63,11.28,11.47,8398500,94442632.00
2020/08/07,11.48,11.58,10.89,11.25,8442617,92524512.00
2020/08/10,11.19,11.99,11.00,11.64,8698832,99774176.00
2020/08/11,11.73,12.78,11.60,12.57,11390991,139664448.00
2020/08/12,12.35,13.81,12.12,13.81,17889468,232659792.00
2020/08/13,14.20,14.91,13.07,13.65,21915625,301269728.00
2020/08/14,13.30,13.58,12.35,13.37,16118113,204485152.00
2020/08/17,13.25,14.69,12.82,14.69,17275039,232569120.00
2020/08/18,14.33,16.14,14.33,15.30,19768625,299142912.00
2020/08/19,15.03,16.09,14.98,15.84,14832627,230089904.00
2020/08/20,15.53,15.56,14.28,14.28,11844250,171046096.00
2020/08/21,14.57,15.69,13.70,15.69,16590231,245619072.00
2020/08/24,15.85,16.47,14.20,15.76,15910525,245886944.00
2020/08/25,15.52,15.70,14.45,14.46,10856645,159442112.00
2020/08/26,14.50,14.50,13.09,13.15,11377282,150668976.00
2020/08/27,13.30,13.41,12.69,12.85,7425682,94762360.00
2020/08/28,12.97,12.97,12.28,12.60,7928039,97552568.00
2020/08/31,12.69,13.79,12.60,13.52,10745057,140816768.00
2020/09/01,13.60,13.95,13.05,13.55,8125567,107545816.00
2020/09/02,13.83,13.83,13.09,13.15,5891131,77040264.00
2020/09/03,13.20,13.20,12.65,12.82,5016700,63385948.00
2020/09/04,12.55,12.90,12.35,12.81,2589500,32290920.00
2020/09/07,12.81,12.95,12.11,12.33,5378707,65986792.00
2020/09/08,12.63,12.64,11.71,12.02,5685832,67009312.00
2020/09/09,11.90,12.16,11.46,11.51,4722000,54829108.00
2020/09/10,11.32,12.08,11.32,11.65,5771400,66900928.00
2020/09/11,11.35,11.95,11.35,11.77,4433800,51199252.00
2020/09/14,11.77,12.01,11.56,11.80,3393500,39270824.00
2020/09/15,11.85,12.70,11.64,12.48,7313600,89139648.00
2020/09/16,12.53,13.09,12.20,12.85,7265200,90441104.00
2020/09/17,12.80,13.03,12.31,13.00,5781600,72215152.00
2020/09/18,13.00,13.69,12.85,13.18,7370700,96906584.00
2020/09/21,13.10,13.38,12.85,12.90,4072709,52161728.00
2020/09/22,12.90,13.11,12.58,12.75,3072100,38794344.00
2020/09/23,12.91,12.96,12.62,12.72,2435400,30590084.00
2020/09/24,12.88,12.94,12.21,12.42,4384600,54181232.00
2020/09/25,12.52,12.62,12.24,12.42,2331500,28493224.00
2020/09/28,12.55,12.58,12.29,12.38,1664281,20321196.00
2020/09/29,12.49,13.27,12.30,12.88,4865283,61649624.00
2020/09/30,12.88,13.01,12.50,12.68,2453200,30727400.00
2020/10/09,12.75,13.17,12.71,13.06,2771200,35284612.00
2020/10/12,13.09,13.35,12.99,13.23,3473500,45128256.00
2020/10/13,13.15,13.20,12.90,13.02,2836300,36322212.00
2020/10/14,13.00,14.30,12.95,14.30,9182618,124280688.00
2020/10/15,14.30,14.30,13.71,13.95,6858018,94553536.00
2020/10/16,13.93,15.19,13.83,14.95,9259366,134327648.00
2020/10/19,15.00,15.65,14.38,14.44,6623159,96571584.00
2020/10/20,14.37,14.43,13.64,14.32,5670681,78339552.00
2020/10/21,14.43,14.43,13.23,13.40,7125802,95587696.00
2020/10/22,13.41,13.68,13.03,13.40,3330581,43536104.00
2020/10/23,13.41,13.76,13.20,13.40,3149048,41856540.00
2020/10/26,13.23,13.46,12.90,13.27,2552300,33147464.00
2020/10/27,13.27,13.86,13.20,13.53,2707300,36113216.00
2020/10/28,13.55,14.29,13.42,14.25,6775340,93879728.00
2020/10/29,13.96,14.07,13.24,13.49,7181242,96172568.00
2020/10/30,13.50,13.65,12.41,12.50,6713780,85221600.00
2020/11/02,12.26,12.82,12.25,12.58,2566900,31720196.00
2020/11/03,12.70,12.76,12.50,12.68,2219500,27646006.00
2020/11/04,12.68,12.75,12.32,12.43,2879848,35258240.00
2020/11/05,12.45,12.63,12.35,12.53,2122648,26063452.00
2020/11/06,12.50,12.50,12.03,12.37,3305992,39797112.00
2020/11/09,12.43,12.65,12.37,12.53,2862400,35214604.00
2020/11/10,12.56,12.60,12.26,12.35,2014869,24526784.00
2020/11/11,12.29,12.34,12.04,12.09,2299632,27450842.00
2020/11/12,12.03,12.19,11.99,12.09,1515078,18011836.00
2020/11/13,12.00,12.07,11.80,11.93,1844029,21571048.00
2020/11/16,12.06,12.09,11.94,12.06,1206532,14278986.00
2020/11/17,12.00,12.04,11.72,11.76,1738550,20201604.00
2020/11/18,11.80,11.90,11.70,11.79,1010018,11702300.00
2020/11/19,11.79,12.45,11.71,12.25,3694531,43972568.00
2020/11/20,12.40,12.40,12.00,12.23,2179963,26116038.00
2020/11/23,12.24,12.31,12.08,12.15,1478969,17669304.00
2020/11/24,12.15,12.30,12.09,12.23,1758400,21127782.00
2020/11/25,12.23,12.27,11.92,11.95,1647632,19500380.00
2020/11/26,12.01,12.01,11.71,11.79,1205232,13974833.00
2020/11/27,11.79,12.19,11.72,12.13,1538055,18063444.00
2020/11/30,12.13,12.13,11.95,11.97,1218100,14389794.00
2020/12/01,11.95,12.10,11.90,12.01,1025400,12132204.00
2020/12/02,12.02,12.10,11.85,11.95,1182172,13866522.00
2020/12/03,11.95,13.13,11.87,12.65,6440877,80352664.00
2020/12/04,12.65,12.75,12.31,12.51,2671932,32827096.00
2020/12/07,12.51,13.48,12.38,13.24,7321120,94199400.00
2020/12/08,13.13,13.67,12.97,13.38,5512500,72259480.00
2020/12/09,13.23,13.64,12.83,12.90,4157332,54062824.00
2020/12/10,12.82,12.92,12.54,12.81,2547900,31888254.00
2020/12/11,12.71,12.84,12.11,12.28,2848632,34700112.00
2020/12/14,12.28,12.47,11.80,12.30,1477703,17739184.00
2020/12/15,12.32,12.37,11.89,12.00,2154600,25520232.00
2020/12/16,11.97,12.27,11.83,12.12,1467932,17394488.00
2020/12/17,12.08,12.25,11.96,12.12,1549664,18446476.00
2020/12/18,12.12,12.17,11.80,11.92,2103680,24627810.00
2020/12/21,11.85,12.04,11.72,11.90,1628480,19054336.00
2020/12/22,11.80,11.91,11.76,11.84,1702800,19785240.00
2020/12/23,11.84,12.38,11.72,12.23,3453700,41123960.00
2020/12/24,12.28,12.56,12.07,12.33,2693900,32684452.00
2020/12/25,12.40,12.65,12.17,12.26,2056900,25035840.00
2020/12/28,12.13,12.25,11.74,11.89,2579500,30197122.00
2020/12/29,11.86,12.01,11.76,11.85,1228800,14383896.00
2020/12/30,11.85,12.30,11.77,12.26,2794300,33128500.00
2020/12/31,12.26,12.40,12.13,12.28,1738699,21011140.00
2021/01/04,12.33,12.54,12.16,12.42,2142499,26075998.00
2021/01/05,12.30,12.76,12.30,12.49,2817700,34701632.00
2021/01/06,12.49,12.49,12.00,12.06,2237900,26744454.00
2021/01/07,12.01,12.06,11.80,11.94,1971223,23053156.00
2021/01/08,11.86,12.04,11.78,11.96,1087200,12764289.00
2021/01/11,11.96,12.19,11.80,11.85,1401323,16505524.00
2021/01/12,11.85,11.96,11.80,11.86,1165400,13588160.00
2021/01/13,11.87,11.87,10.69,10.70,6345269,69108984.00
2021/01/14,10.89,10.89,10.11,10.30,2546500,25684980.00
2021/01/15,10.40,10.58,10.26,10.31,1751700,17867200.00
2021/01/18,10.28,10.49,10.28,10.47,1577700,16049105.00
2021/01/19,10.48,10.70,10.44,10.49,1225800,12675139.00
2021/01/20,10.45,10.80,10.32,10.63,1544600,15981200.00
2021/01/21,10.64,10.86,10.63,10.67,1668299,17579656.00
2021/01/22,10.69,10.76,10.42,10.64,1217000,12586452.00
2021/01/25,10.60,10.60,10.36,10.36,1210800,12367823.00
2021/01/26,10.35,10.44,10.24,10.28,749500,7571123.00
2021/01/27,10.70,11.29,10.70,11.29,5201600,56718180.00
2021/01/28,11.29,11.65,10.95,11.37,5989200,66745504.00
2021/01/29,11.36,11.50,11.10,11.22,3004100,33242798.00
2021/02/01,11.23,11.36,11.05,11.28,2055099,22462048.00
2021/02/02,11.21,11.79,11.03,11.36,4105600,46587328.00
2021/02/03,11.23,11.68,11.21,11.35,2652800,29840884.00
2021/02/04,11.31,11.70,11.06,11.50,2439500,27208820.00
2021/02/05,11.60,11.61,11.14,11.30,1532948,17022018.00
2021/02/08,11.30,11.57,11.23,11.41,1710600,19191320.00
2021/02/09,11.42,11.53,11.20,11.39,1924800,21446592.00
2021/02/10,11.41,11.41,11.20,11.26,1425800,15759286.00
2021/02/18,11.30,11.87,11.29,11.86,3131303,35689276.00
2021/02/19,11.86,11.90,11.58,11.89,2358400,27402992.00
2021/02/22,11.85,12.30,11.85,11.97,3256000,38610872.00
2021/02/23,12.00,13.10,11.88,12.98,6344300,78951632.00
2021/02/24,12.99,12.99,12.51,12.58,4187023,52410904.00
2021/02/25,12.92,12.92,12.21,12.26,2603500,31848160.00
2021/02/26,12.13,12.73,11.98,12.66,3710900,45726972.00
2021/03/01,13.09,13.70,13.09,13.33,6609090,87355000.00
2021/03/02,13.42,13.66,12.97,13.53,5832703,76244248.00
2021/03/03,13.34,14.18,13.24,13.89,6562851,89219984.00
2021/03/04,13.84,14.48,12.90,13.54,9036720,121821904.00
2021/03/05,13.05,13.69,13.00,13.35,3997700,52606132.00
2021/03/08,13.36,13.73,13.11,13.42,4335900,57506648.00
2021/03/09,13.33,13.46,12.35,12.40,5411600,68078256.00
2021/03/10,12.64,12.90,12.20,12.41,3195000,39451856.00
2021/03/11,12.43,13.43,12.40,13.26,4717681,60929524.00
2021/03/12,13.26,13.41,13.03,13.14,2209400,28631044.00
2021/03/15,13.05,13.97,13.03,13.65,4545100,60916520.00
2021/03/16,13.78,14.10,13.50,13.84,3490100,47314840.00
2021/03/17,13.78,13.82,13.44,13.59,2989501,40082116.00
2021/03/18,13.50,14.16,13.43,14.12,5069600,69948248.00
2021/03/19,14.08,14.55,13.92,14.09,5081000,71375312.00
2021/03/22,13.98,14.63,13.95,14.36,5336400,75434952.00
2021/03/23,14.20,14.34,13.50,13.67,5600400,76121272.00
2021/03/24,13.91,15.02,13.88,15.02,9711080,142490576.00
2021/03/25,15.27,15.27,14.35,14.90,9116206,132418304.00
2021/03/26,14.99,15.15,14.63,14.94,5770445,84561432.00
2021/03/29,14.66,15.09,14.50,14.89,4454500,64820976.00
2021/03/30,14.72,14.79,14.40,14.70,3485700,50179744.00
2021/03/31,14.49,14.60,13.92,14.01,5116945,71101752.00
2021/04/01,14.11,14.46,14.10,14.34,3988800,56087452.00
2021/04/02,14.20,14.85,13.81,14.62,6064800,86630816.00
2021/04/06,14.47,14.82,14.22,14.54,3517500,50535120.00
2021/04/07,14.49,14.62,14.26,14.51,2895714,41230936.00
2021/04/08,14.38,14.41,14.23,14.23,2252400,31760364.00
2021/04/09,14.30,14.37,13.72,13.78,4091145,56089980.00
2021/04/12,13.78,13.95,13.33,13.41,4450486,59217900.00
2021/04/13,13.41,13.57,13.03,13.10,3155200,41198812.00
2021/04/14,13.22,13.57,13.11,13.39,2380200,31427028.00
2021/04/15,13.50,13.50,13.10,13.39,2174500,28392068.00
2021/04/16,13.45,13.88,13.42,13.82,3672190,49686792.00
2021/04/19,14.54,15.18,14.23,15.18,13159898,192106656.00
2021/04/20,15.46,16.18,15.31,15.97,13322600,208187616.00
2021/04/21,15.76,16.18,15.67,16.18,10310900,161938688.00
2021/04/22,16.14,17.00,15.97,16.95,10092601,165121456.00
2021/04/23,16.95,16.95,16.29,16.79,6992900,114913424.00
2021/04/26,16.37,16.68,16.07,16.43,6009232,97311088.00
2021/04/27,16.67,17.59,16.44,17.17,7885609,131256152.00
2021/04/28,17.01,17.67,16.85,17.52,5309885,90122136.00
2021/04/29,17.44,17.87,17.27,17.38,4234000,72303600.00
2021/04/30,17.35,17.69,17.04,17.44,3797100,64361128.00
2021/05/06,17.58,17.97,17.21,17.59,4833400,82772936.00
2021/05/07,17.85,17.93,17.10,17.29,3561200,60373056.00
2021/05/10,17.31,17.72,16.96,17.34,3366700,56953404.00
2021/05/11,17.24,17.70,16.92,17.14,4950000,82901832.00
2021/05/12,17.09,17.54,16.69,17.49,3111700,51944528.00
2021/05/13,17.34,17.89,16.90,17.53,2437100,41556716.00
2021/05/14,17.72,17.89,17.15,17.31,2951100,50340376.00
2021/05/17,17.26,18.10,17.01,17.98,5085789,87727904.00
2021/05/18,17.98,18.87,16.23,16.23,10526800,174118656.00
2021/05/19,15.54,15.90,15.04,15.40,9656089,145558976.00
2021/05/20,15.49,15.59,14.88,14.96,4849383,71149088.00
2021/05/21,14.97,15.21,14.44,14.53,6730800,96602440.00
2021/05/24,14.81,15.09,14.59,15.04,6977900,100729016.00
2021/05/25,15.10,15.37,14.65,15.05,5373100,78201592.00
2021/05/26,15.02,15.37,14.97,15.17,4092100,60270868.00
2021/05/27,15.10,15.57,15.00,15.39,5368778,80060560.00
2021/05/28,15.39,15.91,15.28,15.31,4194400,63397076.00
2021/05/31,15.33,15.52,15.09,15.31,3208500,47704644.00
2021/06/01,15.14,15.52,15.08,15.48,3055175,45400016.00
2021/06/02,15.44,15.59,15.09,15.14,3018100,44722012.00
2021/06/03,15.29,15.47,15.15,15.15,2771300,41191376.00
2021/06/04,15.12,15.14,14.76,14.78,4382700,63383868.00
2021/06/07,14.78,15.24,14.78,14.91,2621800,38218952.00
2021/06/08,14.94,15.08,14.74,14.85,2389000,34529844.00
2021/06/09,15.00,15.00,14.52,14.78,2807500,40162140.00
2021/06/10,14.78,14.83,14.57,14.61,2062900,29311800.00
2021/06/11,14.71,14.92,14.57,14.60,2273500,32497964.00
2021/06/15,14.54,14.76,14.46,14.57,2124008,30042860.00
2021/06/16,14.57,14.58,14.06,14.14,3322441,45852440.00
2021/06/17,14.10,14.51,14.04,14.18,1999840,27576140.00
2021/06/18,14.17,15.16,14.15,15.01,4355700,62626468.00
2021/06/21,15.08,15.29,14.53,15.25,3636132,52807552.00
2021/06/22,15.33,15.72,14.96,15.59,3820608,57475312.00
2021/06/23,15.58,16.26,15.45,16.08,4912300,76487832.00
2021/06/24,16.09,16.20,15.51,15.73,3202500,48867608.00
2021/06/25,15.61,15.86,15.34,15.64,3480200,52796272.00
2021/06/28,15.52,16.29,15.34,16.24,5598232,87247176.00
2021/06/29,16.24,16.69,15.84,16.41,7028640,111570456.00
2021/06/30,16.39,16.50,15.87,15.99,2948700,46051336.00
2021/07/01,16.06,16.30,15.64,15.74,2976700,46135976.00
2021/07/02,15.72,16.39,15.29,16.38,6510130,100845752.00
2021/07/05,16.71,16.90,15.97,16.38,6549600,104501696.00
2021/07/06,16.14,17.32,16.14,16.81,6638287,109079048.00
2021/07/07,16.51,17.37,16.41,17.19,4088525,68050840.00
2021/07/08,17.19,17.33,16.74,16.92,3183200,52507184.00
2021/07/09,16.94,17.09,16.61,16.82,2939500,48235480.00
2021/07/12,16.89,17.74,16.68,17.70,6088900,103200880.00
2021/07/13,17.88,19.43,17.69,19.43,6762300,125696240.00
2021/07/14,19.41,21.33,19.03,21.33,10039000,196337440.00
2021/07/15,20.51,21.30,19.74,20.64,9517327,189736912.00
2021/07/16,20.46,20.73,20.05,20.27,5008800,99506104.00
2021/07/19,20.26,20.83,19.62,19.65,5689100,111957832.00
2021/07/20,19.42,20.14,19.31,19.97,3512100,67908736.00
2021/07/21,19.84,20.30,19.25,20.09,4797987,93471128.00
2021/07/22,20.09,20.30,19.46,19.64,5457600,105417656.00
2021/07/23,19.54,20.14,18.94,19.89,6234200,119762080.00
2021/07/26,20.02,20.71,18.44,19.04,7331200,138146592.00
2021/07/27,18.75,20.62,18.65,19.34,8170208,157999904.00
2021/07/28,19.72,20.01,18.40,18.87,5505200,103266864.00
2021/07/29,19.18,20.13,18.95,19.68,4380100,84132096.00
2021/07/30,19.62,20.16,19.29,19.75,4809787,92647512.00
2021/08/02,19.99,21.68,19.64,21.68,6541474,134229888.00
2021/08/03,22.64,23.59,21.04,21.18,13304706,291708864.00
2021/08/04,21.17,23.06,21.17,22.41,10777000,236563504.00
2021/08/05,22.50,22.74,21.52,21.94,6207308,132960040.00
2021/08/06,21.84,21.88,20.75,21.49,5600300,116430760.00
2021/08/09,21.33,22.14,21.17,21.50,5911435,124590592.00
2021/08/10,21.80,23.61,21.54,23.19,12044100,270561696.00
2021/08/11,22.95,23.64,22.59,23.04,8017600,181076976.00
2021/08/12,23.44,23.44,21.44,22.28,11730525,253658000.00
2021/08/13,22.30,23.38,22.30,22.78,10090875,227979968.00
2021/08/16,22.57,25.01,22.54,25.01,7892488,189026688.00
2021/08/17,25.24,25.31,22.74,22.85,10795637,251668848.00
2021/08/18,22.85,23.76,21.69,23.74,9474500,209742736.00
2021/08/19,23.46,24.10,21.76,22.94,9505200,211151200.00
2021/08/20,23.43,25.19,22.95,25.19,14818632,356745472.00
2021/08/23,27.17,27.67,26.59,27.67,5067398,136553456.00
2021/08/24,30.39,30.39,30.39,30.39,1269401,38018560.00
2021/08/25,32.39,33.39,28.94,32.07,30342334,946228096.00
2021/08/26,30.44,35.13,30.10,34.24,29791401,949363264.00
2021/08/27,32.24,35.93,31.94,33.02,26816638,889116160.00
2021/08/30,32.35,35.18,31.47,34.68,26594982,867980096.00
2021/08/31,33.46,35.21,32.99,33.54,20369373,685711296.00
2021/09/01,32.64,32.64,30.23,30.23,18647210,572867968.00
2021/09/02,28.72,30.99,28.72,29.90,12886972,382496768.00
2021/09/03,30.31,31.62,29.46,30.33,13507531,407638848.00
2021/09/06,29.74,30.62,28.22,30.41,12679070,366555616.00
2021/09/07,29.85,31.09,29.31,30.94,12809721,386782304.00
2021/09/08,30.63,30.92,29.30,29.75,11114159,329015616.00
2021/09/09,29.70,30.24,29.10,29.91,8198781,238922912.00
2021/09/10,29.90,30.40,29.15,30.38,9855063,289540608.00
2021/09/13,30.39,32.05,29.94,31.85,15965355,490965024.00
2021/09/14,31.82,34.58,30.55,32.77,18677836,594238400.00
2021/09/15,31.85,33.44,31.46,31.74,13237224,419679712.00
2021/09/16,31.19,31.70,28.61,28.65,12325426,366099520.00
2021/09/17,28.42,28.42,25.86,25.96,14649828,384560768.00
2021/09/22,25.44,26.32,24.97,25.76,7390657,187069456.00
2021/09/23,25.76,26.10,24.98,25.37,6809101,169865472.00
2021/09/24,25.23,25.42,24.39,24.64,5988966,146373952.00
2021/09/27,25.10,25.10,22.94,23.70,7514173,175861824.00
2021/09/28,23.69,24.69,23.69,24.06,5353214,127812728.00
2021/09/29,23.89,24.19,22.62,22.66,6131820,139732384.00
2021/09/30,23.40,24.09,22.86,23.95,5094100,118315112.00
2021/10/08,23.82,24.36,23.36,23.55,3567341,83103760.00
2021/10/11,23.86,23.96,23.10,23.43,3275100,75772008.00
2021/10/12,23.49,23.64,22.23,22.55,4969216,110663000.00
2021/10/13,22.83,23.22,22.44,23.01,3701378,83196384.00
2021/10/14,23.22,25.27,23.22,25.27,3789404,92015552.00
2021/10/15,25.75,26.76,24.89,25.52,15963817,407086656.00
2021/10/18,24.95,26.26,24.34,26.06,10147839,255502400.00
2021/10/19,26.45,28.44,25.93,28.05,15227417,409231584.00
2021/10/20,28.21,30.19,27.86,28.10,18055793,513935744.00
2021/10/21,28.01,28.61,27.32,27.45,8696344,237416656.00
2021/10/22,27.83,28.13,26.80,27.19,10556586,284071296.00
2021/10/25,27.07,27.91,26.66,27.44,7552753,202985232.00
2021/10/26,27.26,28.90,27.14,27.39,8995499,247436336.00
2021/10/27,26.85,27.63,26.44,26.74,5969225,157941760.00
2021/10/28,26.79,26.79,25.64,26.00,5279567,135617648.00
2021/10/29,26.11,26.34,25.56,26.19,4576795,116615008.00
2021/11/01,26.00,26.91,25.69,26.78,7544676,197218192.00
2021/11/02,26.91,27.04,26.08,26.65,6342370,165698928.00
2021/11/03,26.29,26.64,26.02,26.52,3971200,102749184.00
2021/11/04,26.97,27.87,26.79,27.87,8458105,228676672.00
2021/11/05,27.58,27.93,26.57,26.59,8167861,219413072.00
2021/11/08,26.23,26.79,24.54,25.63,10014369,251110480.00
2021/11/09,25.82,26.26,25.14,25.81,5599516,142033376.00
2021/11/10,25.52,26.00,25.04,25.63,4115454,103554400.00
2021/11/11,25.65,26.39,25.24,26.30,5173532,132291600.00
2021/11/12,26.33,27.34,25.75,27.04,6551451,172294752.00
2021/11/15,26.99,27.92,26.79,27.49,6455608,174060352.00
2021/11/16,27.54,27.54,25.54,25.69,7989722,206125728.00
2021/11/17,25.81,27.12,25.57,26.94,7383943,193666416.00
2021/11/18,26.87,27.54,26.19,27.17,8496617,226240960.00
2021/11/19,27.14,27.54,26.34,27.25,6006917,159603488.00
2021/11/22,27.13,27.72,26.44,27.43,8962000,238337168.00
2021/11/23,27.59,28.59,27.35,28.19,9940074,275851488.00
2021/11/24,28.20,29.17,27.13,27.21,9225039,252867632.00
2021/11/25,26.94,27.48,26.66,27.12,4629719,123489040.00
2021/11/26,26.95,27.70,26.70,27.58,5234833,140478736.00
2021/11/29,27.18,27.24,26.58,26.71,4371272,115414016.00
2021/11/30,26.44,27.66,26.44,26.99,5432738,145240320.00
2021/12/01,27.00,27.40,26.65,26.75,4281325,113267920.00
2021/12/02,26.73,26.90,25.88,25.99,4663046,120214584.00
2021/12/03,26.06,26.49,25.89,26.08,2831232,72806504.00
2021/12/06,26.08,26.34,25.48,25.56,4723332,119643176.00
2021/12/07,25.56,25.96,24.49,24.61,5668125,138837872.00
2021/12/08,24.72,25.29,24.62,25.13,4451820,109645960.00
2021/12/09,25.08,25.35,24.84,25.08,4510800,111348736.00
2021/12/10,25.05,25.39,24.83,25.29,4175600,103397624.00
2021/12/13,25.45,25.45,24.88,25.14,4272500,105446576.00
2021/12/14,25.14,25.38,24.95,25.24,3409811,84297456.00
2021/12/15,25.24,25.24,24.79,24.84,3143500,77088576.00
2021/12/16,25.10,25.70,25.05,25.47,5046263,125996064.00
2021/12/17,25.45,25.47,24.84,24.91,3355211,82412352.00
2021/12/20,24.15,24.32,23.12,24.27,5404160,126387424.00
2021/12/21,24.42,24.54,23.74,24.36,3338266,79087080.00
2021/12/22,24.36,24.63,24.24,24.54,2198502,52760896.00
2021/12/23,24.60,24.62,24.04,24.27,2297490,54705344.00
2021/12/24,24.45,24.55,23.98,23.98,2002816,47552716.00
2021/12/27,23.98,23.98,23.29,23.64,2598375,60257440.00
2021/12/28,23.64,24.68,23.53,24.47,3576025,84840120.00
2021/12/29,24.33,24.72,24.13,24.50,2380700,57097560.00
2021/12/30,24.37,24.95,24.35,24.65,2214100,53740480.00
2021/12/31,24.64,25.34,24.64,25.21,2943400,72698760.00
2022/01/04,24.92,25.20,24.32,24.98,4403500,107062936.00
2022/01/05,24.98,24.98,23.59,23.63,4561866,107446992.00
2022/01/06,23.63,24.22,23.46,24.17,2761322,65031668.00
2022/01/07,24.11,24.59,23.67,23.67,2521600,59486484.00
2022/01/10,23.94,24.01,23.48,23.68,1811449,42148192.00
2022/01/11,23.76,24.19,23.58,24.04,1902457,44738368.00
2022/01/12,24.04,24.12,23.71,23.94,2002200,46850460.00
2022/01/13,23.94,24.03,23.24,23.31,2187269,50480008.00
2022/01/14,23.23,23.69,22.94,23.40,2200300,50561992.00
2022/01/17,23.44,23.74,23.04,23.58,1853846,42571968.00
2022/01/18,23.71,23.93,23.29,23.60,2246159,52201584.00
2022/01/19,23.45,23.59,23.09,23.22,2137690,48658840.00
2022/01/20,23.08,23.27,22.09,22.24,3882822,85646288.00
2022/01/21,22.31,23.15,22.24,22.51,2925637,64944596.00
2022/01/24,22.37,22.78,22.04,22.52,2358570,51913420.00
2022/01/25,22.75,23.94,22.64,23.30,6943274,159865472.00
2022/01/26,23.24,23.93,22.59,23.32,5071038,115651512.00
2022/01/27,23.49,23.59,22.62,22.73,2930030,66030056.00
2022/01/28,22.77,23.94,22.73,23.64,3718340,85732024.00
2022/02/07,24.05,24.24,23.32,23.94,3402339,79169656.00
2022/02/08,23.69,23.70,22.95,23.34,3322459,75789248.00
2022/02/09,23.37,23.37,22.77,23.13,3765811,84872568.00
2022/02/10,23.22,23.24,22.21,22.32,5167961,114121624.00
2022/02/11,22.20,22.30,20.42,20.62,6543167,134925920.00
2022/02/14,20.22,20.94,19.81,20.31,3503709,70113488.00
2022/02/15,20.30,20.91,20.24,20.80,2999569,60505432.00
2022/02/16,20.78,22.62,20.60,22.09,6903294,147273120.00
2022/02/17,21.86,22.03,21.41,21.69,5379454,114063920.00
2022/02/18,21.56,21.66,21.18,21.34,2737992,57182340.00
2022/02/21,21.30,21.94,21.12,21.73,3499700,74286352.00
2022/02/22,21.44,21.86,21.15,21.42,2541775,53384548.00
2022/02/23,21.31,22.32,21.31,22.18,4466665,96097840.00
2022/02/24,22.12,23.34,21.86,22.21,7304676,162297104.00
2022/02/25,22.52,22.69,22.05,22.26,3649012,79803112.00
2022/02/28,22.44,22.46,21.79,22.41,3149459,68496952.00
2022/03/01,22.44,22.68,22.21,22.37,2213690,48571812.00
2022/03/02,22.10,22.52,21.95,22.43,2468064,53884880.00
2022/03/03,22.49,22.66,22.13,22.18,1899933,41481500.00
2022/03/04,22.18,22.32,21.72,21.83,2268095,48861692.00
2022/03/07,21.66,21.83,21.08,21.26,2282971,47897840.00
2022/03/08,21.28,21.79,20.59,20.69,2236900,46075560.00
2022/03/09,20.72,20.95,19.47,20.20,2767820,54740996.00
2022/03/10,20.84,20.85,20.18,20.51,2830111,56686040.00
2022/03/11,20.11,20.60,19.76,20.55,2466673,48845352.00
2022/03/14,20.44,21.22,20.24,20.24,3553631,71836552.00
2022/03/15,20.15,20.44,19.20,19.26,3622664,70302344.00
2022/03/16,19.42,19.94,18.79,19.91,3705611,70517256.00
2022/03/17,20.22,20.87,20.02,20.51,3627698,72770112.00
2022/03/18,20.23,20.88,20.23,20.48,2263763,45470368.00
2022/03/21,20.62,20.99,20.45,20.80,2104838,42803768.00
2022/03/22,20.47,20.91,20.21,20.41,3189634,64062680.00
2022/03/23,20.38,21.34,20.29,21.24,6129307,126227800.00
2022/03/24,21.01,21.11,20.25,20.31,5600873,112028216.00
2022/03/25,20.35,20.53,19.64,19.68,3255605,63728488.00
2022/03/28,19.73,19.78,19.12,19.22,3432850,65015440.00
2022/03/29,19.42,19.42,18.62,18.84,2856981,52610584.00
2022/03/30,18.91,19.07,18.68,18.99,2368200,43674084.00
2022/03/31,18.91,19.06,18.64,18.89,1909315,35104020.00
2022/04/01,18.94,19.16,18.56,18.84,2069641,38092720.00
2022/04/06,18.94,18.94,18.50,18.62,1884697,34248940.00
2022/04/07,18.58,18.59,18.02,18.05,2644051,46942264.00
2022/04/08,18.16,18.32,17.69,17.94,2351460,41098744.00
2022/04/11,17.82,17.88,16.94,17.16,3108799,52542288.00
2022/04/12,17.15,17.69,16.97,17.66,2541707,43149884.00
2022/04/13,17.54,19.04,17.25,17.82,5058974,89958960.00
2022/04/14,17.70,18.32,17.56,18.19,4236147,74384280.00
2022/04/15,18.19,18.74,17.70,18.62,4418623,79117152.00
2022/04/18,18.93,19.06,18.21,18.74,5239618,95338080.00
2022/04/19,18.68,18.95,18.54,18.57,3260369,59631760.00
2022/04/20,18.70,18.73,18.12,18.14,3045222,54550776.00
2022/04/21,18.14,18.34,17.19,17.25,2651321,45788084.00
2022/04/22,17.25,17.44,16.76,17.15,2944012,48931872.00
2022/04/25,17.04,17.04,15.54,15.54,3834432,60318944.00
2022/04/26,15.92,15.99,15.01,15.12,2980294,44757352.00
2022/04/27,14.75,15.94,14.72,15.92,2971249,44313048.00
2022/04/28,15.89,16.44,15.47,16.03,3205598,49757552.00
2022/04/29,16.24,16.87,16.11,16.72,2830448,44482936.00
2022/05/05,16.84,17.59,16.49,17.17,3213841,52882780.00
2022/05/06,16.80,17.46,16.56,17.05,3150884,50998920.00
2022/05/09,16.91,17.18,16.85,17.03,2157217,34927908.00
2022/05/10,16.80,18.15,16.80,17.84,4310735,73174632.00
2022/05/11,17.78,18.23,17.73,17.75,3735692,64223056.00
2022/05/12,17.64,17.99,17.53,17.72,1797100,30412940.00
2022/05/13,17.80,17.88,17.51,17.72,1313672,22184302.00
2022/05/16,17.78,18.05,17.50,17.61,1615352,27283080.00
2022/05/17,17.55,17.96,17.55,17.93,2388446,40570784.00
2022/05/18,17.80,17.91,17.72,17.78,1935912,32916624.00
2022/05/19,17.56,18.18,17.52,18.10,2850847,48850568.00
2022/05/20,18.01,18.20,17.97,18.17,1869706,32321108.00
2022/05/23,18.17,18.55,18.06,18.52,2200989,38651444.00
2022/05/24,18.65,18.94,17.76,17.83,3061838,53517276.00
2022/05/25,17.82,18.05,17.56,17.96,1656306,28085574.00
2022/05/26,17.93,18.30,17.58,18.14,2199288,37846488.00
2022/05/27,18.12,18.28,17.77,17.93,1670781,28760040.00
2022/05/30,17.97,18.25,17.86,18.15,1777757,30690488.00
2022/05/31,18.20,18.58,18.01,18.55,2895136,50868820.00
2022/06/01,18.41,19.38,18.40,19.00,3722928,67762160.00
2022/06/02,19.04,19.35,18.54,19.29,3474065,63476856.00
2022/06/06,19.28,20.12,19.28,19.90,4614400,87971144.00
2022/06/07,19.90,20.08,19.42,19.57,2680642,50637500.00
2022/06/08,19.58,19.77,19.00,19.31,2335167,43194540.00
2022/06/09,19.27,19.45,18.80,18.96,2230963,40676736.00
2022/06/10,18.87,19.53,18.72,19.44,2348882,43522220.00
2022/06/13,19.19,20.54,19.10,20.36,4741849,92040688.00
2022/06/14,20.16,20.17,19.10,19.92,3619412,68446016.00
2022/06/15,19.93,20.54,19.66,19.88,3278023,63001096.00
2022/06/16,19.87,20.16,19.70,19.83,2242917,42956888.00
2022/06/17,19.68,20.16,19.65,20.15,2789158,53318072.00
2022/06/20,20.14,20.96,20.01,20.67,3697541,73078064.00
2022/06/21,20.68,21.25,20.37,20.69,3488700,69996168.00
2022/06/22,20.91,21.01,20.55,20.56,2947082,58809116.00
2022/06/23,20.53,21.43,20.53,21.35,3755080,76260016.00
2022/06/24,21.47,22.10,21.25,21.59,3396638,70954368.00
2022/06/27,21.65,22.10,21.40,22.04,3812258,79774776.00
2022/06/28,22.00,22.36,21.54,22.22,3656686,77602864.00
2022/06/29,22.18,22.18,21.13,21.15,3799996,78669416.00
2022/06/30,21.15,21.59,21.06,21.41,2453592,50510688.00
2022/07/01,21.43,21.68,21.17,21.46,2152757,44286236.00
2022/07/04,21.61,21.63,20.98,21.28,2311360,47034620.00
2022/07/05,21.18,21.47,20.69,20.96,2670519,53935800.00
2022/07/06,20.97,21.36,20.79,21.09,2139735,43436968.00
2022/07/07,21.07,21.28,20.80,21.24,1724500,35038608.00
2022/07/08,21.14,21.56,20.84,20.90,2262800,46142960.00
2022/07/11,20.91,20.97,20.28,20.56,2636481,51987068.00
2022/07/12,21.80,21.92,20.51,21.19,7737450,157888096.00
2022/07/13,21.19,21.40,20.57,20.91,4767547,95965256.00
2022/07/14,20.94,21.85,20.71,21.60,5408722,112215528.00
2022/07/15,21.74,21.95,21.41,21.55,3904518,81651960.00
2022/07/18,21.80,22.33,21.27,22.18,4372439,92301784.00
2022/07/19,22.28,22.32,21.83,21.99,3064418,65081552.00
2022/07/20,22.05,23.00,21.89,22.80,4676914,101678880.00
2022/07/21,22.68,23.53,22.42,22.98,5960600,133198560.00
2022/07/22,22.97,23.60,22.30,22.91,5620616,124127096.00
2022/07/25,22.67,23.12,22.31,22.70,4152993,91406744.00
2022/07/26,22.70,23.19,22.10,23.13,4143347,91284624.00
2022/07/27,22.96,24.08,22.93,23.89,6767411,154971424.00
2022/07/28,23.80,24.03,23.56,23.74,5667695,130484496.00
2022/07/29,23.85,24.37,23.70,24.09,6283864,146284528.00
2022/08/01,24.09,24.80,23.78,24.78,5566535,132001920.00
2022/08/02,24.21,24.73,23.76,24.26,6121279,143551344.00
2022/08/03,24.44,24.65,23.40,23.53,6153657,142878848.00
2022/08/04,23.57,23.93,23.27,23.60,3612448,82197784.00
2022/08/05,23.62,23.95,23.36,23.66,3463880,79035040.00
2022/08/08,23.54,24.36,23.06,24.18,3242520,74998768.00
2022/08/09,24.18,24.59,23.94,24.08,2346940,54862024.00
2022/08/10,24.08,24.65,24.01,24.57,3804316,89834976.00
2022/08/11,24.56,25.11,24.31,24.59,3115702,74135184.00
2022/08/12,24.67,24.94,23.68,23.74,4323676,100595008.00
2022/08/15,23.56,24.26,23.40,24.11,2965413,68847072.00
2022/08/16,24.26,24.83,24.11,24.51,2938701,69752848.00
2022/08/17,24.54,24.63,23.97,24.14,2421200,56707196.00
2022/08/18,24.14,24.53,24.02,24.46,2996661,70665288.00
2022/08/19,24.33,24.40,23.66,23.67,3345711,77343072.00
2022/08/22,23.62,24.08,23.37,23.98,3032516,69597008.00
2022/08/23,24.09,24.09,23.27,23.62,3496500,79575200.00
2022/08/24,23.76,23.80,22.21,22.30,5270965,115577264.00
2022/08/25,22.55,22.60,21.50,22.01,3784900,80083224.00
2022/08/26,22.24,22.24,21.49,21.53,3595899,75616464.00
2022/08/29,21.17,22.05,20.87,21.51,3050492,63465228.00
2022/08/30,21.50,21.78,21.15,21.26,2605649,53492944.00
2022/08/31,21.26,21.44,20.38,20.57,4314224,85844224.00
2022/09/01,20.40,20.72,20.00,20.10,3452479,67093536.00
2022/09/02,20.07,20.35,19.81,20.10,3439955,66290852.00
2022/09/05,20.06,20.50,19.87,20.10,2733900,52916388.00
2022/09/06,20.22,20.41,19.93,20.34,2798350,54393416.00
2022/09/07,20.68,21.78,20.50,21.28,6048887,123885256.00
2022/09/08,21.28,21.35,20.68,20.80,3902320,78423112.00
2022/09/09,21.02,21.02,20.32,20.71,2840795,56245752.00
2022/09/13,20.75,20.81,20.31,20.55,2436667,48002864.00
2022/09/14,20.26,20.60,20.08,20.33,1780540,34800324.00
2022/09/15,20.44,20.49,19.11,19.37,3679965,69180936.00
2022/09/16,19.38,19.62,18.93,19.05,3112274,57380728.00
2022/09/19,19.00,20.05,18.98,19.27,3471400,64864864.00
2022/09/20,19.36,19.92,19.18,19.76,2935674,55305796.00
2022/09/21,19.67,19.94,19.35,19.51,2656464,50125224.00
2022/09/22,19.50,20.04,19.35,19.73,2463700,46686772.00
2022/09/23,19.79,19.89,19.20,19.47,2831000,53006332.00
2022/09/26,19.36,19.84,19.23,19.53,2008964,37640468.00
2022/09/27,19.52,19.76,19.33,19.70,2621655,49158608.00
2022/09/28,19.71,19.85,18.95,18.96,2118762,39097872.00
2022/09/29,19.10,19.39,18.97,19.16,1879150,34514628.00
2022/09/30,19.18,19.33,18.35,18.44,3439678,61377780.00
2022/10/10,18.41,18.58,18.02,18.07,2875500,50168004.00
2022/10/11,18.37,18.95,18.11,18.64,3196800,56737248.00
2022/10/12,18.72,19.62,18.15,19.62,3653665,66330796.00
2022/10/13,19.50,20.04,19.43,19.71,3324623,62913068.00
2022/10/14,19.87,20.46,19.68,20.31,3254100,62864992.00
2022/10/17,20.38,22.26,20.34,22.26,6910056,143747392.00
2022/10/18,23.29,23.76,22.59,22.75,15117357,337290688.00
2022/10/19,22.73,24.70,22.53,24.53,15909023,370546592.00
2022/10/20,24.00,24.28,23.18,24.05,9720200,223961840.00
2022/10/21,23.95,25.00,23.60,24.70,9387204,222156336.00
2022/10/24,25.00,27.09,24.54,27.09,12638146,324360928.00
2022/10/25,27.26,29.72,26.46,29.40,23394721,653335936.00
2022/10/26,28.49,32.26,27.30,32.26,23847527,679425216.00
2022/10/27,31.17,33.39,30.10,30.38,21661122,664244864.00
2022/10/28,29.40,30.75,28.07,28.40,20345675,577262336.00
2022/10/31,27.69,29.37,27.15,29.10,20636433,570643392.00
2022/11/01,28.70,31.09,28.10,30.08,22199367,641712320.00
2022/11/02,29.20,31.42,28.79,29.96,17774254,518622208.00
2022/11/03,29.95,30.80,29.20,29.75,11145190,324723584.00
2022/11/04,29.63,31.40,29.00,29.79,16020994,467331872.00
2022/11/07,29.20,30.40,28.49,30.15,14651976,425406144.00
2022/11/08,29.89,30.05,29.03,29.61,8932728,256717840.00
2022/11/09,29.65,30.99,29.29,30.06,9409558,277386976.00
2022/11/10,29.79,31.29,29.00,29.75,11050100,325227456.00
2022/11/11,30.30,31.19,29.70,31.11,12526200,373455552.00
2022/11/14,31.02,31.35,29.20,29.60,9694475,280998304.00
2022/11/15,29.35,32.48,29.35,32.48,7013192,216643920.00
2022/11/16,34.32,34.45,31.15,31.60,12379813,392702496.00
2022/11/17,31.73,32.13,30.70,32.13,8300997,253945760.00
2022/11/18,31.42,32.85,30.98,31.35,7885898,244459280.00
2022/11/21,31.31,33.09,30.91,32.44,12688352,396820032.00
2022/11/22,32.45,32.77,31.01,31.46,8172531,252736480.00
2022/11/23,30.80,31.09,28.53,30.15,10585612,304579808.00
2022/11/24,30.41,31.90,30.01,30.88,9200777,279075424.00
2022/11/25,30.74,30.75,29.85,29.90,4562324,133636160.00
2022/11/28,29.20,30.27,28.92,29.68,4882066,140086320.00
2022/11/29,29.49,30.13,29.05,30.00,4930292,142775744.00
2022/11/30,29.99,30.55,28.52,30.22,6714795,193514048.00
2022/12/01,30.08,30.81,29.65,30.58,4899376,144886608.00
2022/12/02,30.58,31.60,29.81,29.96,5754686,172545072.00
2022/12/05,30.24,30.37,29.39,30.12,4850774,140833760.00
2022/12/06,30.13,32.50,29.37,31.62,10593482,321879552.00
2022/12/07,31.70,31.79,30.06,30.27,6826332,203117408.00
2022/12/08,30.12,30.75,29.51,29.66,4113779,120056232.00
2022/12/09,29.58,30.36,29.23,29.86,4068650,117912752.00
2022/12/12,29.61,31.12,28.98,30.70,6231544,183866400.00
2022/12/13,30.55,30.82,29.09,29.24,5459600,157142480.00
2022/12/14,29.01,30.10,29.01,29.43,3101100,89170744.00
2022/12/15,29.18,30.02,29.01,29.60,2533600,72876976.00
2022/12/16,29.21,29.56,28.16,28.25,5145499,142841168.00
2022/12/19,28.16,28.61,27.50,27.68,3901436,105687672.00
2022/12/20,27.42,28.40,27.42,28.03,3334236,90953520.00
2022/12/21,28.30,28.30,27.18,27.72,2989182,80053056.00
2022/12/22,27.63,27.90,26.67,26.72,3525788,92795592.00
2022/12/23,26.72,27.00,25.97,26.57,2520154,64762732.00
2022/12/26,26.47,28.01,26.26,27.66,3172966,84490040.00
2022/12/27,27.66,28.16,27.20,27.68,2945700,79178352.00
2022/12/28,27.69,27.90,26.94,27.06,2363960,62398096.00
2022/12/29,27.29,27.72,26.90,27.38,4261514,113073304.00
2022/12/30,27.54,27.55,26.83,27.00,3332190,87527024.00
2023/01/03,26.73,28.78,26.73,28.43,4743111,129173968.00
2023/01/04,28.43,28.91,28.13,28.65,4188683,116074352.00
2023/01/05,28.40,29.52,28.40,29.31,3802572,107842648.00
2023/01/06,29.09,29.71,28.80,28.93,3688349,104729088.00
2023/01/09,29.09,29.62,28.76,29.04,3153620,89159528.00
2023/01/10,29.06,29.27,28.75,29.12,2186964,61653584.00
2023/01/11,29.10,29.26,28.46,28.62,2072744,57942424.00
2023/01/12,28.95,30.93,28.88,29.76,9016772,262703616.00
2023/01/13,30.14,30.14,28.40,29.06,7094613,199314560.00
2023/01/16,28.77,30.30,28.77,29.52,4925212,142117936.00
2023/01/17,29.55,30.39,29.45,29.63,2975073,86495560.00
2023/01/18,29.78,30.28,29.58,29.95,2927600,85340736.00
2023/01/19,29.88,31.10,29.62,30.72,3790170,112995224.00
2023/01/20,30.81,31.20,30.24,30.46,3595715,106736104.00
2023/01/30,30.63,30.85,30.00,30.15,4310491,127618336.00
2023/01/31,29.86,31.07,29.81,30.39,3885188,115301120.00
2023/02/01,30.30,30.59,30.10,30.56,2564715,75731208.00
2023/02/02,30.36,31.55,30.35,31.40,5569745,169145232.00
2023/02/03,31.13,31.21,30.60,30.80,4382694,131787016.00
2023/02/06,30.67,31.06,30.10,30.39,2973794,88186848.00
2023/02/07,30.42,30.95,30.01,30.72,3865570,115142880.00
2023/02/08,30.63,30.64,29.89,29.90,2522376,74169824.00
2023/02/09,30.02,30.35,29.55,30.28,2744646,80600240.00
2023/02/10,30.32,30.40,29.38,29.61,3169700,91508936.00
2023/02/13,29.37,30.90,29.37,30.62,4496230,133519520.00
2023/02/14,30.65,31.09,29.86,30.93,4135852,123063968.00
2023/02/15,30.93,31.66,30.67,31.38,4669175,142167088.00
2023/02/16,31.37,31.37,29.80,30.11,4285565,127431120.00
2023/02/17,30.27,30.27,29.85,29.90,3600700,105306592.00
2023/02/20,29.71,31.37,29.35,30.78,4539113,134787616.00
2023/02/21,30.78,31.59,30.36,31.06,4442686,134078448.00
2023/02/22,31.06,32.02,30.69,31.55,4480518,137826544.00
2023/02/23,31.35,32.30,31.24,32.10,4986176,155280032.00
2023/02/24,32.12,32.17,29.75,31.13,9131618,272631776.00
2023/02/27,30.76,31.66,30.30,31.10,5100859,154612848.00
2023/02/28,31.28,31.75,30.91,31.48,3268986,99952048.00
2023/03/01,31.48,31.90,31.25,31.83,2965272,91291904.00
2023/03/02,31.86,32.68,31.81,31.95,3946612,124007648.00
2023/03/03,31.96,32.13,31.50,31.75,1924745,59667072.00
2023/03/06,32.00,33.22,31.46,32.75,4353794,137811696.00
2023/03/07,32.46,32.94,32.06,32.09,2456427,77537144.00
2023/03/08,31.81,32.32,31.44,31.71,1923630,59560624.00
2023/03/09,31.72,32.14,31.36,32.04,1706400,52963032.00
2023/03/10,31.80,33.00,31.74,32.53,2887305,91666088.00
2023/03/13,32.46,32.76,31.81,32.70,2331844,73408680.00
2023/03/14,32.70,32.72,31.40,31.86,2205330,68467776.00
2023/03/15,31.80,32.30,31.35,31.48,1971758,60946264.00
2023/03/16,31.32,31.57,30.26,30.51,2655487,79337024.00
2023/03/17,30.62,30.84,29.84,30.19,3644040,106956416.00
2023/03/20,30.20,30.76,29.24,30.47,3349974,97673432.00
2023/03/21,30.79,33.00,30.60,32.76,7666690,241150224.00
2023/03/22,32.42,33.18,32.08,32.20,4044648,128405856.00
2023/03/23,32.03,32.54,31.83,32.02,2791120,87280976.00
2023/03/24,32.03,32.60,31.68,31.80,3389148,106290760.00
2023/03/27,31.61,33.08,31.35,31.83,4506486,141797408.00
2023/03/28,31.85,32.23,30.72,30.80,2828739,86105760.00
2023/03/29,30.83,31.49,30.62,30.89,2979800,89945520.00
2023/03/30,31.07,31.07,29.81,30.18,4197137,123553080.00
2023/03/31,29.82,30.57,29.82,30.51,2235100,65998468.00
2023/04/03,30.30,30.99,29.80,30.94,2839900,84497296.00
2023/04/04,30.85,30.97,30.30,30.72,2906821,86754104.00
2023/04/06,30.64,31.67,30.14,31.37,3482621,104747288.00
2023/04/07,31.76,34.43,31.34,34.42,12806718,420290016.00
2023/04/10,34.64,37.78,34.13,37.78,12359552,435036544.00
2023/04/11,38.76,38.76,35.62,36.40,12915805,459034752.00
2023/04/12,36.22,37.12,35.62,36.60,9903457,351304224.00
2023/04/13,36.00,36.00,33.45,33.89,10617785,358723552.00
2023/04/14,33.60,34.40,33.44,34.02,6206741,205418384.00
2023/04/17,34.03,34.75,33.06,34.05,6797838,224795088.00
2023/04/18,33.48,34.14,33.40,33.85,4285737,141544256.00
2023/04/19,33.59,34.00,32.90,33.16,5779673,187274000.00
2023/04/20,33.17,33.17,32.00,32.71,4849285,153660832.00
2023/04/21,32.71,34.46,32.64,34.23,10145592,335909280.00
2023/04/24,34.04,35.47,32.41,34.94,9729076,322440032.00
2023/04/25,34.20,34.90,33.07,34.74,5887277,196329888.00
2023/04/26,33.80,36.00,33.46,33.72,5325886,180132800.00
2023/04/27,33.72,34.40,32.16,34.34,3916161,127115408.00
2023/04/28,34.45,35.10,32.52,33.67,7000389,226259712.00
2023/05/04,33.35,34.11,32.66,33.44,3998600,128358776.00
2023/05/05,33.04,33.11,31.71,32.55,4380315,136889056.00
2023/05/08,32.31,33.18,31.96,32.92,3044055,95976464.00
2023/05/09,32.71,32.98,30.76,30.76,4328956,131836736.00
2023/05/10,31.05,31.37,29.96,30.96,3542851,104461152.00
2023/05/11,30.93,32.31,30.13,31.39,5124566,153840448.00
2023/05/12,31.16,31.20,29.42,29.66,6144194,178010000.00
2023/05/15,29.62,30.03,28.83,29.96,3994275,112617576.00
2023/05/16,29.97,30.26,29.37,29.41,3119429,89223560.00
2023/05/17,29.41,29.61,29.14,29.54,1736670,49078952.00
2023/05/18,29.45,30.23,29.45,30.08,3020846,86944456.00
2023/05/19,29.79,30.87,29.67,30.39,4099991,119369696.00
2023/05/22,30.39,30.91,29.85,30.73,3165453,92995728.00
2023/05/23,30.73,31.64,30.34,31.51,5239369,157665008.00
2023/05/24,31.35,33.07,30.99,32.63,6172421,193548000.00
2023/05/25,32.47,32.56,31.16,31.86,4404994,134752112.00
2023/05/26,31.50,32.38,30.86,32.37,3085487,94491632.00
2023/05/29,31.78,32.29,31.01,31.99,3867280,117989872.00
2023/05/30,31.79,32.10,31.16,31.92,2225821,67975168.00
2023/05/31,31.33,32.26,31.33,32.04,1454969,44643124.00
2023/06/01,32.06,32.64,31.66,32.46,2343182,72881536.00
2023/06/02,32.25,32.80,31.75,31.88,2508088,77927840.00
2023/06/05,31.92,31.92,31.08,31.19,2162579,65160032.00
2023/06/06,31.11,31.41,30.61,30.72,1481300,44090584.00
2023/06/07,30.43,31.49,30.35,30.54,1615481,47906176.00
2023/06/08,30.66,30.84,30.04,30.77,1644183,48147860.00
2023/06/09,30.93,31.06,30.37,30.80,1504639,44477504.00
2023/06/12,30.62,32.11,30.62,31.96,3518044,106939368.00
2023/06/13,31.84,33.60,31.81,33.56,6006626,191766320.00
2023/06/14,33.40,34.75,32.70,34.26,5655927,184789216.00
2023/06/15,34.28,35.04,33.92,34.20,5021660,166666736.00
2023/06/16,34.21,34.35,33.59,33.75,3645691,118912008.00
2023/06/19,33.97,34.82,33.86,34.49,3151910,104925416.00
2023/06/20,34.56,35.89,34.03,35.86,5933328,202747312.00
2023/06/21,35.87,35.89,34.15,34.46,4583895,153728256.00
2023/06/26,34.27,35.08,33.16,33.41,4891605,160063488.00
2023/06/27,33.42,33.72,32.69,32.94,6142293,195463888.00
2023/06/28,32.96,34.14,32.29,33.80,6803242,218852992.00
2023/06/29,33.77,35.22,33.32,34.59,5244311,175401840.00
2023/06/30,34.58,34.71,33.89,34.46,3268812,108262200.00
2023/07/03,34.30,34.40,33.31,33.43,2994000,97173720.00
2023/07/04,33.36,34.19,33.07,33.22,3763969,121499184.00
2023/07/05,33.14,33.34,32.40,32.46,3061007,96873840.00
2023/07/06,32.41,32.85,32.07,32.25,3239893,101170136.00
2023/07/07,32.07,32.34,31.46,31.54,3548111,108703608.00
2023/07/10,31.97,31.97,31.07,31.22,2773423,83482400.00
2023/07/11,31.23,31.56,31.06,31.53,2473086,74638592.00
2023/07/12,31.63,31.89,31.11,31.17,2494718,75595824.00
2023/07/13,31.15,31.30,30.88,31.24,2425100,72594344.00
2023/07/14,31.33,31.67,30.98,31.27,2822287,85178408.00
2023/07/17,31.46,31.46,30.96,31.25,1788400,53795468.00
2023/07/18,31.16,31.65,30.72,30.76,3374326,101290128.00
2023/07/19,30.76,30.91,30.23,30.74,3059711,89871424.00
2023/07/20,30.56,30.90,30.36,30.38,1897500,55865744.00
2023/07/21,30.22,30.35,29.88,30.26,1987131,57517888.00
2023/07/24,30.26,30.82,29.78,30.80,2453795,71917096.00
2023/07/25,31.06,33.16,31.06,32.50,6680406,207428320.00
2023/07/26,32.52,32.80,31.97,32.41,2528001,78870504.00
2023/07/27,32.61,32.61,31.49,31.58,1879388,57617892.00
2023/07/28,31.65,31.82,31.15,31.69,1586745,48209408.00
2023/07/31,31.69,32.76,31.69,32.67,4073117,127803240.00
2023/08/01,32.71,32.71,31.97,32.05,1300265,40284876.00
2023/08/02,31.84,32.25,31.76,31.92,1482294,45582984.00
2023/08/03,31.84,32.81,31.74,32.58,2613927,81977168.00
2023/08/04,32.54,33.41,32.12,32.84,3032409,95879728.00
2023/08/07,32.63,32.96,32.34,32.70,1240200,38958924.00
2023/08/08,32.70,32.80,32.12,32.52,860175,26863536.00
2023/08/09,32.36,32.45,32.03,32.12,589900,18301660.00
2023/08/10,32.01,32.54,31.63,31.77,1035759,31858884.00
2023/08/11,31.96,32.27,31.05,31.05,2175824,65951720.00
2023/08/14,30.98,31.61,30.40,31.53,1578074,47017524.00
2023/08/15,31.53,31.61,30.12,30.56,3188669,93731200.00
2023/08/16,30.43,30.50,29.26,29.54,3179036,90331880.00
2023/08/17,29.54,30.56,29.34,30.51,1893500,54957828.00
2023/08/18,30.46,30.50,29.61,29.70,1214774,34961432.00
2023/08/21,29.51,30.15,29.46,29.72,1195500,34288752.00
2023/08/22,29.73,30.25,29.49,30.16,1183100,33996952.00
2023/08/23,30.06,30.06,29.34,29.37,1581214,44887372.00
2023/08/24,29.41,29.73,29.28,29.59,1201863,34083664.00
2023/08/25,29.36,29.64,29.07,29.20,982069,27647844.00
2023/08/28,30.86,30.86,28.96,29.34,1652178,46986368.00
2023/08/29,29.06,30.96,29.05,30.58,3128733,91603608.00
2023/08/30,30.95,32.14,30.91,31.62,2316288,70577792.00
2023/08/31,31.62,31.95,31.37,31.61,1220300,37151884.00
2023/09/01,31.80,31.94,31.42,31.59,1525015,46511224.00
2023/09/04,31.64,32.46,31.56,32.42,2590820,80039152.00
2023/09/05,32.36,32.96,32.26,32.43,2230900,70168792.00
2023/09/06,32.42,32.81,32.25,32.79,1725005,54290896.00
2023/09/07,32.80,32.80,31.68,31.80,2154019,66472860.00
2023/09/08,31.68,32.52,31.56,32.15,1773100,55041136.00
2023/09/11,31.74,32.28,31.49,31.97,1622644,49994548.00
2023/09/12,31.96,32.26,31.58,31.86,1794200,55051764.00
2023/09/13,31.67,31.86,31.11,31.41,1323100,39992132.00
2023/09/14,31.08,32.06,30.97,31.18,1620030,48894068.00
2023/09/15,31.54,31.56,30.28,30.41,2729181,80644144.00
2023/09/18,30.60,30.83,30.06,30.62,2223521,65167364.00
2023/09/19,30.51,31.20,30.38,30.92,2269700,67406112.00
2023/09/20,30.72,31.11,30.49,30.81,1365800,40502336.00
2023/09/21,30.80,30.99,30.28,30.42,858100,25255376.00
2023/09/22,30.16,31.37,30.11,31.07,1748400,52160088.00
2023/09/25,30.89,31.55,30.85,31.01,1956200,58734688.00
2023/09/26,30.93,32.04,30.81,31.65,3817644,116420896.00
2023/09/27,31.76,32.14,31.04,31.71,2597671,79413384.00
2023/09/28,31.61,31.74,30.96,31.14,2244388,67465072.00
2023/10/09,31.16,31.20,30.66,31.03,1714446,50982756.00
2023/10/10,31.06,31.19,30.66,30.73,1627700,48300924.00
2023/10/11,30.86,30.90,30.47,30.51,1056987,31173104.00
2023/10/12,30.64,30.69,29.75,30.02,2195537,62950244.00
2023/10/13,29.87,30.00,29.42,29.51,1475718,41646992.00
2023/10/16,29.51,29.74,29.02,29.42,1933608,54083272.00
2023/10/17,29.42,29.69,29.14,29.22,1164967,32529888.00
2023/10/18,29.24,29.31,28.65,28.77,1161626,31951522.00
2023/10/19,28.71,29.01,28.40,28.49,1069000,29188582.00
2023/10/20,28.35,28.62,28.16,28.29,912300,24664332.00
2023/10/23,28.34,28.34,27.57,27.82,1561256,41465204.00
2023/10/24,27.82,28.73,27.63,27.88,1819896,48560372.00
2023/10/25,27.94,28.70,27.94,28.46,1484767,40174632.00
2023/10/26,28.36,28.36,27.90,28.27,901100,24144064.00
2023/10/27,28.36,28.63,27.80,28.24,1553550,41828256.00
2023/10/30,28.24,29.04,27.95,28.96,1898756,51677828.00
2023/10/31,28.38,28.84,27.95,28.36,2307861,62080024.00
2023/11/01,28.36,28.44,27.80,27.87,1412525,37632096.00
2023/11/02,27.85,28.04,27.02,27.13,1912256,49675164.00
2023/11/03,27.22,28.09,26.96,27.88,2281549,60337752.00
2023/11/06,27.97,28.78,27.57,28.54,3297824,88517128.00
2023/11/07,28.55,28.56,28.11,28.25,1985428,53431204.00
2023/11/08,28.28,28.61,28.16,28.25,1580129,42734444.00
2023/11/09,28.39,28.39,27.84,28.13,1128029,30147604.00
2023/11/10,28.07,28.34,27.85,28.30,1083100,29060452.00
2023/11/13,28.30,28.47,28.07,28.24,1093075,29391328.00
2023/11/14,28.38,28.38,27.78,28.04,1514482,40429468.00
2023/11/15,28.18,28.59,28.12,28.27,2355711,63640920.00
2023/11/16,28.26,28.31,27.52,27.55,2258700,59628172.00
2023/11/17,27.49,27.99,27.49,27.88,1769256,46803628.00
2023/11/20,27.94,28.73,27.83,28.46,3648258,98563616.00
2023/11/21,28.46,28.64,27.74,27.83,3764884,100211624.00
2023/11/22,27.86,27.86,26.96,27.00,3536600,91652448.00
2023/11/23,26.99,27.33,26.86,27.24,1468900,37888484.00
2023/11/24,27.24,27.38,26.67,26.84,1819700,46444428.00
2023/11/27,26.84,26.94,26.34,26.70,2106776,53131684.00
2023/11/28,26.70,27.14,26.63,27.06,1782320,45671944.00
2023/11/29,27.06,28.03,27.06,27.41,4856056,127620592.00
2023/11/30,27.40,27.41,26.48,26.65,3216215,82061576.00
2023/12/01,26.64,26.79,26.20,26.63,1896495,47617044.00
2023/12/04,26.74,26.74,26.20,26.51,3037915,76145472.00
2023/12/05,26.36,26.44,25.78,25.78,1991280,49100136.00
2023/12/06,25.86,26.02,25.53,25.54,1293068,31502550.00
2023/12/07,25.74,25.74,25.31,25.50,1455817,35134624.00
2023/12/08,25.45,26.01,25.45,25.99,2454000,60045508.00
2023/12/11,25.65,26.35,25.39,26.29,2639126,64816104.00
2023/12/12,26.33,26.33,25.64,25.75,2004600,49127224.00
2023/12/13,25.74,26.48,25.50,25.93,2296724,56800560.00
2023/12/14,26.07,26.24,25.84,25.84,1281158,31569312.00
2023/12/15,25.74,26.19,25.72,25.81,1220937,29943420.00
2023/12/18,25.74,25.74,24.96,25.06,2068200,49622820.00
2023/12/19,25.04,25.26,24.85,25.21,1093800,25941030.00
2023/12/20,25.08,25.47,24.83,24.83,1081075,25647320.00
2023/12/21,24.83,25.29,24.23,25.02,1546317,36190576.00
2023/12/22,25.11,25.49,24.78,25.17,1709600,40804264.00
2023/12/25,25.42,25.74,25.04,25.26,1470400,35260032.00
2023/12/26,25.28,25.54,24.98,25.34,2793724,66983944.00
2023/12/27,25.32,26.22,25.10,26.15,2808800,68469728.00
2023/12/28,26.15,28.63,25.85,27.86,6338955,164682112.00
2023/12/29,27.74,27.83,26.86,27.49,4293548,111760536.00
2024/01/02,27.49,28.03,27.26,27.76,4299152,113488400.00
2024/01/03,27.50,27.82,26.83,27.30,2664390,68987744.00
2024/01/04,27.30,27.48,26.85,27.36,2125660,54923484.00
2024/01/05,27.31,27.48,26.94,27.14,1611869,41720724.00
2024/01/08,26.89,27.07,25.99,26.20,2299563,57581048.00
2024/01/09,26.03,26.70,26.03,26.25,1275839,31939398.00
2024/01/10,26.06,26.50,25.74,25.80,1726665,42531568.00
2024/01/11,25.80,26.38,25.64,26.35,1495648,37095148.00
2024/01/12,26.44,26.64,26.20,26.26,868000,21749800.00
2024/01/15,26.26,26.45,25.75,26.13,901200,22368056.00
2024/01/16,26.04,26.50,25.76,26.05,1307699,32423820.00
2024/01/17,26.14,26.14,25.30,25.30,813800,19767986.00
2024/01/18,25.30,25.32,24.33,25.06,2170746,50730548.00
2024/01/19,24.86,25.69,24.66,25.04,2011300,48031432.00
2024/01/22,24.93,24.97,23.17,23.57,1605900,36610476.00
2024/01/23,24.16,24.16,23.09,23.84,1411500,31576404.00
2024/01/24,23.93,24.03,22.96,23.60,1778592,39208724.00
2024/01/25,23.59,24.59,23.26,24.47,2601365,59350252.00
2024/01/26,24.35,24.45,23.67,24.34,2063000,46854632.00
2024/01/29,24.24,24.58,23.60,23.64,1079115,24366182.00
2024/01/30,23.48,23.86,23.02,23.06,898237,19859832.00
2024/01/31,23.54,23.55,21.99,22.02,1532319,32308260.00
2024/02/01,21.94,22.64,21.58,22.13,1253106,26111420.00
2024/02/02,22.44,23.92,22.15,23.17,3752981,81935544.00
2024/02/05,23.09,25.35,22.39,25.35,5260983,121281080.00
2024/02/06,24.82,26.15,23.94,26.13,5581406,133770168.00
2024/02/07,25.64,26.71,25.64,26.14,4212258,104301264.00
2024/02/08,26.25,27.45,26.24,26.49,4103731,104929376.00
2024/02/19,26.48,26.72,25.84,25.94,2115359,52704844.00
数据来源:通达信
