002903 宇环数控 日线 后复权
      日期	    开盘	    最高	    最低	    收盘	    成交量	    成交额
2017/10/13,15.34,18.40,15.34,18.40,7900,144289.00
2017/10/16,20.24,20.24,20.24,20.24,4406,89177.44
2017/10/17,22.26,22.26,22.26,22.26,3106,69139.56
2017/10/18,24.49,24.49,24.49,24.49,5006,122596.94
2017/10/19,26.94,26.94,26.94,26.94,3000,80820.00
2017/10/20,29.63,29.63,29.63,29.63,6300,186669.00
2017/10/23,32.59,32.59,32.59,32.59,16843,548913.38
2017/10/24,35.85,35.85,35.85,35.85,60762,2178317.75
2017/10/26,39.44,39.44,39.44,39.44,122558,4833687.50
2017/10/27,43.38,43.38,43.38,43.38,114462,4965361.50
2017/10/30,47.72,47.72,47.72,47.72,118603,5659735.00
2017/10/31,52.49,52.49,52.49,52.49,214894,11279786.00
2017/11/01,57.74,57.74,57.00,57.74,5801115,334877760.00
2017/11/02,59.99,61.95,55.99,56.48,17096507,1014931712.00
2017/11/03,53.50,58.89,53.50,56.58,11594491,651786304.00
2017/11/06,57.02,58.90,52.02,52.11,12045798,669892736.00
2017/11/07,50.51,53.90,50.51,53.12,9663270,503392032.00
2017/11/08,56.00,58.43,56.00,58.43,3237895,187152448.00
2017/11/09,61.83,64.27,60.50,62.59,16730724,1047667712.00
2017/11/10,61.00,61.49,58.05,60.37,11824225,708968768.00
2017/11/13,59.50,61.33,58.81,60.50,8291653,497114976.00
2017/11/14,61.48,62.55,58.81,62.51,10578412,645366784.00
2017/11/15,62.55,62.55,56.26,56.26,7624157,442601856.00
2017/11/16,53.55,54.75,50.66,50.85,7371988,388733728.00
2017/11/17,51.10,51.80,45.79,46.42,6315206,308123040.00
2017/11/20,46.12,47.47,45.03,47.40,3933758,183770640.00
2017/11/21,46.97,46.98,43.00,45.76,5506696,250097744.00
2017/11/22,45.20,46.38,43.58,45.31,4102280,185440272.00
2017/11/23,44.70,45.10,42.50,42.70,3345406,147348496.00
2017/11/24,41.80,42.68,40.60,40.75,3545667,147462832.00
2017/11/27,40.26,41.69,39.60,40.50,2269232,92284064.00
2017/11/28,40.90,41.97,40.66,41.30,2785506,115083296.00
2017/11/29,41.30,42.30,39.71,42.10,5089335,209151872.00
2017/11/30,41.80,43.25,41.28,41.49,3741664,157807648.00
2017/12/01,41.00,41.30,39.80,40.62,2900273,117614792.00
2017/12/04,39.80,39.80,36.56,36.56,4356499,163448768.00
2017/12/05,36.41,37.50,36.02,36.40,2552365,93464440.00
2017/12/06,36.85,38.18,36.47,37.91,3427392,128575080.00
2017/12/07,37.40,38.48,37.23,37.41,2940313,111083912.00
2017/12/08,37.58,38.98,37.23,38.54,4167314,159771712.00
2017/12/11,38.53,38.80,37.91,38.39,2628644,100545512.00
2017/12/12,38.19,38.19,35.00,35.42,3732915,136355632.00
2017/12/13,35.15,36.16,35.15,36.00,2016116,72253400.00
2017/12/14,35.99,36.91,35.62,36.40,2299306,83673712.00
2017/12/15,36.55,40.04,36.02,37.80,4963516,190268368.00
2017/12/18,38.11,38.39,36.80,38.00,3392447,128252200.00
2017/12/19,38.00,38.15,37.38,37.89,2560919,96771016.00
2017/12/20,37.84,37.92,35.96,36.09,2741123,100422560.00
2017/12/21,35.88,37.07,35.36,36.85,2457297,89738904.00
2017/12/22,36.51,37.48,36.51,36.56,2109586,78007856.00
2017/12/25,36.08,36.77,34.71,35.91,2648840,94328880.00
2017/12/26,35.91,39.50,35.55,39.50,6992415,268224096.00
2017/12/27,39.49,40.36,38.72,39.67,7055364,278014432.00
2017/12/28,38.45,40.46,38.45,39.99,5493045,217752384.00
2017/12/29,39.83,41.31,39.20,40.02,3695000,148304432.00
2018/01/02,40.08,40.55,39.50,40.26,2672060,106951288.00
2018/01/03,40.33,40.96,39.16,39.98,3474523,138928304.00
2018/01/04,39.43,39.91,38.60,39.82,3353912,131903776.00
2018/01/05,39.49,39.80,38.80,38.80,2055814,80606608.00
2018/01/08,38.41,39.24,38.10,39.14,2016373,77921416.00
2018/01/09,39.15,41.08,38.60,40.82,5226379,209726688.00
2018/01/10,40.18,40.57,38.40,39.13,3484773,137605568.00
2018/01/11,38.31,42.70,38.31,41.77,6719831,274433184.00
2018/01/12,41.11,42.58,40.65,42.33,5719349,237399600.00
2018/01/15,42.32,46.32,41.30,42.92,7997621,348334400.00
2018/01/16,41.82,45.94,41.72,44.56,6312913,279397312.00
2018/01/17,43.98,46.61,42.38,45.73,6557948,293639616.00
2018/01/18,44.92,49.50,44.68,48.42,7542917,360763744.00
2018/01/19,47.75,49.03,45.80,46.06,6600172,312145856.00
2018/01/22,45.50,45.50,42.06,42.18,5052102,218167168.00
2018/01/23,42.32,43.16,41.71,42.78,3132457,133199448.00
2018/01/24,42.50,43.50,42.16,42.93,2702502,116002808.00
2018/01/25,42.68,43.30,41.15,41.20,3625336,153313040.00
2018/01/26,41.00,41.60,39.30,39.38,3177358,128804472.00
2018/01/29,39.00,40.27,38.42,40.14,2965935,116956496.00
2018/01/30,39.70,40.18,38.57,39.24,2093234,82591912.00
2018/01/31,38.99,39.79,36.00,36.76,3037526,114986960.00
2018/02/01,36.56,37.41,34.10,34.84,2826836,100598056.00
2018/02/02,34.55,34.79,31.89,33.04,2273458,76147808.00
2018/02/05,32.03,33.29,31.95,32.10,1765365,57491472.00
2018/02/06,31.60,31.61,28.89,28.89,2665046,80436224.00
2018/02/07,29.75,29.98,27.50,29.46,2476914,72621560.00
2018/02/08,29.35,30.34,29.10,29.86,1712673,51174520.00
2018/02/09,28.78,29.37,28.00,28.45,1699047,48656876.00
2018/02/12,31.30,31.30,31.30,31.30,456881,14300375.00
2018/02/13,33.58,34.43,32.98,34.43,3136136,106469568.00
2018/02/14,35.46,37.10,32.88,33.15,6450709,226876640.00
2018/02/22,32.78,33.70,31.63,33.14,4457243,145386096.00
2018/02/23,32.42,32.72,31.90,32.30,3373184,108950552.00
2018/02/26,32.86,34.33,32.55,33.88,4049917,135618400.00
2018/02/27,33.26,36.78,32.67,35.87,5864640,204863776.00
2018/02/28,34.99,34.99,33.55,34.17,3563336,122721912.00
2018/03/01,33.95,37.59,33.95,37.59,8367400,306514176.00
2018/03/02,37.52,37.55,36.22,37.08,6727596,248402048.00
2018/03/05,39.00,40.79,38.56,40.79,8886836,355079968.00
2018/03/06,40.00,43.73,39.20,41.39,10077285,423717728.00
2018/03/07,41.10,41.20,39.72,41.16,5012664,202881776.00
2018/03/08,40.47,45.28,40.46,43.35,8731377,373206880.00
2018/03/09,42.51,44.99,41.78,43.79,8401845,366514208.00
2018/03/12,43.05,44.40,42.79,43.58,6000424,261005440.00
2018/03/13,43.02,43.04,40.62,40.70,5361696,223015536.00
2018/03/14,41.16,41.98,40.10,41.38,3965985,163153408.00
2018/03/15,40.00,40.00,37.28,38.90,4471902,173265408.00
2018/03/16,39.28,40.78,38.91,39.84,3923320,156636384.00
2018/03/19,39.10,40.78,37.58,40.55,3626779,144262128.00
2018/03/20,40.00,40.36,39.24,40.05,2512233,100094168.00
2018/03/21,40.12,42.84,40.12,40.93,5829319,243731856.00
2018/03/22,39.89,43.58,39.60,43.18,7082844,298032096.00
2018/03/23,41.00,42.90,38.86,38.86,5722610,233085184.00
2018/03/26,37.00,39.59,34.97,38.80,4208956,155128224.00
2018/03/27,39.00,41.47,39.00,40.34,4383466,176399248.00
2018/03/28,39.50,41.98,39.11,41.21,4932105,201623936.00
2018/03/29,42.70,44.77,41.80,41.99,7159208,308699456.00
2018/03/30,41.80,46.19,41.80,44.96,9062847,404917536.00
2018/04/02,43.59,48.70,43.30,46.31,9285660,420411008.00
2018/04/03,44.01,45.01,43.01,44.25,5450414,241163824.00
2018/04/04,44.91,45.78,44.30,45.03,6162316,277422720.00
2018/04/09,44.91,44.91,42.55,44.44,3532544,155765728.00
2018/04/10,44.03,45.80,43.20,45.45,4780651,212679664.00
2018/04/11,45.26,46.29,44.61,45.81,4954970,225630464.00
2018/04/12,45.33,47.21,45.00,46.24,5684034,262879504.00
2018/04/13,46.48,46.49,43.65,43.74,4466799,201072800.00
2018/04/16,43.11,43.20,40.00,41.30,3417331,141861824.00
2018/04/17,41.54,41.92,38.53,38.70,2974738,120870680.00
2018/04/18,39.37,39.94,36.00,39.74,3662824,139781744.00
2018/04/19,39.92,41.94,39.77,41.24,3756386,153971328.00
2018/04/20,41.20,44.29,40.60,41.46,4184876,177491152.00
2018/04/23,39.00,40.96,38.78,39.44,2777607,110160072.00
2018/04/24,39.61,43.38,39.54,43.38,4901023,206224320.00
2018/04/25,43.38,45.30,42.58,45.04,7319886,323059072.00
2018/04/26,43.30,43.88,41.50,41.78,4504060,193540608.00
2018/04/27,42.36,43.85,41.40,43.65,3887775,167674128.00
2018/05/02,43.49,44.30,39.75,41.18,3183995,133730744.00
2018/05/03,40.46,45.30,40.46,45.30,3109026,138932464.00
2018/05/04,49.83,49.83,49.83,49.83,1842192,91796424.00
2018/05/07,52.00,54.81,48.91,52.82,16812913,874268992.00
2018/05/08,51.10,58.02,51.10,54.00,16089253,877380672.00
2018/05/09,51.96,53.36,49.55,52.24,11142613,572305600.00
2018/05/10,51.35,56.57,50.51,50.81,7690371,397248000.00
2018/05/11,50.51,51.48,47.54,47.79,7680088,377534272.00
2018/05/14,49.29,50.60,47.70,48.00,7634484,377434368.00
2018/05/15,46.84,48.85,45.77,48.80,6446599,304477536.00
2018/05/16,48.14,48.50,46.80,46.94,4460810,211233200.00
2018/05/17,47.46,47.76,46.84,47.20,3202508,151347328.00
2018/05/18,46.72,47.98,46.37,47.95,3927225,185682752.00
2018/05/21,48.01,49.08,47.46,48.99,4923874,238888240.00
2018/05/22,48.98,50.06,48.00,50.06,5446622,268039584.00
2018/05/23,50.10,51.60,49.21,51.28,7627829,386435424.00
2018/05/24,52.00,52.66,49.83,50.00,5289081,268000800.00
2018/05/25,49.55,50.79,49.15,50.29,3335779,167422784.00
2018/05/28,50.51,50.80,48.00,48.50,3089519,152116592.00
2018/05/29,47.95,48.78,46.84,48.24,2971158,141980768.00
2018/05/30,47.00,51.00,45.32,49.25,5369456,259742208.00
2018/05/31,54.14,54.14,50.00,50.93,20221881,713567040.00
2018/06/01,52.97,56.00,52.83,56.00,18839304,688170240.00
2018/06/04,52.80,61.56,51.27,57.00,25454580,967683712.00
2018/06/05,54.30,62.67,54.30,62.67,18799963,718193024.00
2018/06/06,67.67,68.91,65.81,68.91,16402711,744771328.00
2018/06/07,66.17,75.00,62.73,66.32,25844086,1155967104.00
2018/06/08,67.32,72.92,67.32,72.92,22430317,1040459328.00
2018/06/11,70.05,78.30,69.30,72.47,23951575,1176369024.00
2018/06/12,68.37,72.30,65.25,70.92,18651838,851677824.00
2018/06/13,67.80,69.27,63.86,63.86,15269944,670850240.00
2018/06/14,59.90,61.80,57.98,58.77,12989027,514588832.00
2018/06/15,60.47,62.37,59.55,59.78,12443647,504505216.00
2018/06/19,53.84,53.84,53.84,53.84,1707600,60944244.00
2018/06/20,48.48,56.39,48.48,53.76,12580790,438508096.00
2018/06/21,52.80,54.65,49.05,49.16,10415856,357947680.00
2018/06/22,46.95,50.43,46.65,49.92,8591311,278072480.00
2018/06/25,50.85,54.03,49.95,52.28,10584504,366639232.00
2018/06/26,50.73,56.91,49.92,55.40,11305075,401968800.00
2018/06/27,54.74,56.91,54.54,56.25,11747665,435711328.00
2018/06/28,55.52,56.78,51.62,53.10,8820538,320188608.00
2018/06/29,53.01,56.07,53.01,55.43,8412710,306384480.00
2018/07/02,54.80,56.34,52.58,54.11,7145249,259707648.00
2018/07/03,55.32,57.75,54.75,57.69,12230627,456643488.00
2018/07/04,56.70,57.06,54.68,55.82,9231591,341473504.00
2018/07/05,55.07,56.34,50.57,51.90,6586774,237060848.00
2018/07/06,53.57,55.62,52.35,53.85,7882286,282227456.00
2018/07/09,52.55,54.75,52.23,54.69,9418525,333883648.00
2018/07/10,54.66,59.55,53.40,56.87,12486727,466257088.00
2018/07/11,54.60,55.88,53.27,55.50,8418149,305451040.00
2018/07/12,54.99,57.44,54.99,56.97,9890011,372014080.00
2018/07/13,56.55,59.55,56.49,58.77,12712278,492331424.00
2018/07/16,58.77,59.97,57.60,59.82,9971225,389366880.00
2018/07/17,59.07,59.54,56.37,58.14,7067890,272283616.00
2018/07/18,58.79,58.79,56.63,56.69,5004682,190840656.00
2018/07/19,55.50,57.27,55.34,55.85,3565367,132437792.00
2018/07/20,55.59,56.21,53.88,55.77,3736350,136867792.00
2018/07/23,55.82,56.01,54.06,54.51,3988351,144924080.00
2018/07/24,54.83,55.61,53.82,55.01,3867009,140452048.00
2018/07/25,55.29,55.55,52.50,52.62,5872416,210040080.00
2018/07/26,52.46,52.46,48.96,49.58,6381027,211871616.00
2018/07/27,49.73,50.25,48.90,49.35,3059025,100355336.00
2018/07/30,48.15,48.15,44.45,44.85,6126226,185672784.00
2018/07/31,45.05,46.71,45.05,46.04,3815242,116382104.00
2018/08/01,46.29,46.76,44.57,45.05,3116710,94318912.00
2018/08/02,45.81,46.04,40.82,42.96,4179926,119376872.00
2018/08/03,43.34,43.61,41.30,41.34,3006517,84213352.00
2018/08/06,41.91,42.02,39.50,40.50,3284093,89196040.00
2018/08/07,41.04,42.15,39.87,41.99,3950344,107693960.00
2018/08/08,42.21,42.30,39.45,39.96,3384400,91296928.00
2018/08/09,40.49,41.55,40.10,41.07,3808027,103530304.00
2018/08/10,41.72,43.80,41.57,43.35,7488995,212784848.00
2018/08/13,41.70,43.47,40.88,43.26,4698871,131713584.00
2018/08/14,42.95,43.44,42.35,42.75,3177809,89876112.00
2018/08/15,43.04,43.17,40.95,41.01,3171000,87551920.00
2018/08/16,40.50,41.30,39.30,40.10,2631150,70223120.00
2018/08/17,41.06,41.24,38.57,39.05,2647401,69814272.00
2018/08/20,38.60,39.29,36.14,38.09,3671050,91205744.00
2018/08/21,38.28,39.29,38.10,38.99,3648809,93885288.00
2018/08/22,39.00,39.30,37.64,37.73,2740673,69681800.00
2018/08/23,38.22,41.48,38.15,41.48,3161500,85882184.00
2018/08/24,41.78,44.36,41.48,43.41,11438364,326904896.00
2018/08/27,42.17,43.32,41.22,43.02,7479387,210463376.00
2018/08/28,42.41,42.87,41.73,42.57,4917228,137221568.00
2018/08/29,42.60,42.60,41.70,42.21,2828150,78676784.00
2018/08/30,41.93,42.44,39.75,40.05,3722400,101183128.00
2018/08/31,39.12,39.98,38.69,38.75,2881650,74527192.00
2018/09/03,39.24,39.74,38.25,39.50,2960600,76660184.00
2018/09/04,39.42,40.76,38.85,40.16,3260902,86451512.00
2018/09/05,40.02,40.02,39.00,39.00,2681160,69862696.00
2018/09/06,38.45,39.45,38.36,38.84,2428003,62405244.00
2018/09/07,38.99,39.41,37.37,38.01,2797910,71302376.00
2018/09/10,37.65,38.43,36.14,36.30,2644100,64366460.00
2018/09/11,36.30,37.02,36.17,36.71,1775826,42960440.00
2018/09/12,37.10,37.16,36.45,37.01,1715650,41857856.00
2018/09/13,37.65,38.16,37.07,37.59,2312850,57438860.00
2018/09/14,37.65,37.80,36.20,36.29,2325609,56429640.00
2018/09/17,35.55,35.55,33.32,33.90,2555618,57634548.00
2018/09/18,33.96,34.50,33.62,34.41,1931051,43522936.00
2018/09/19,33.84,35.22,33.84,34.71,2538876,58256148.00
2018/09/20,34.70,38.15,34.70,36.02,4614225,111600752.00
2018/09/21,35.55,36.12,35.12,35.85,3216063,75636272.00
2018/09/25,35.61,35.66,34.82,35.18,1899450,44258172.00
2018/09/26,35.39,35.54,35.10,35.33,1634400,38137688.00
2018/09/27,35.33,35.37,33.36,33.51,2624342,59138760.00
2018/09/28,33.77,34.20,33.51,34.07,1430303,32088744.00
2018/10/08,33.39,33.60,32.00,32.10,1869100,40406480.00
2018/10/09,32.03,32.76,32.03,32.49,1573767,33700392.00
2018/10/10,32.48,35.72,32.48,35.72,2752410,64152548.00
2018/10/11,35.97,38.63,34.61,37.05,13047006,315671296.00
2018/10/12,34.80,38.90,33.38,36.59,10264155,241072032.00
2018/10/15,34.88,36.81,34.43,36.15,6724823,159151840.00
2018/10/16,35.46,35.51,32.60,33.66,7100739,159904368.00
2018/10/17,32.70,33.75,30.33,30.45,8170739,169365776.00
2018/10/18,29.15,29.18,27.44,27.44,4768598,87815224.00
2018/10/19,25.80,27.27,25.47,27.11,4334250,75717944.00
2018/10/22,27.15,28.73,27.15,28.61,5406429,100183512.00
2018/10/23,28.47,29.88,27.90,28.14,4436450,83889392.00
2018/10/24,28.02,28.52,27.41,28.05,3158518,58374164.00
2018/10/25,26.85,27.30,26.25,27.29,2999009,53067500.00
2018/10/26,27.75,27.84,26.90,27.45,2625550,47499536.00
2018/10/29,27.36,29.30,27.00,27.81,5226401,96867000.00
2018/10/30,26.70,27.69,26.28,27.42,4057327,72426736.00
2018/10/31,27.65,29.18,27.39,28.17,6325059,117765928.00
2018/11/01,28.79,29.67,28.31,28.44,6981924,133400512.00
2018/11/02,28.25,29.22,28.25,29.19,6589960,125547608.00
2018/11/05,29.25,29.52,28.59,29.37,5854201,112035600.00
2018/11/06,29.25,30.26,28.16,30.24,9098144,176398928.00
2018/11/07,30.45,31.13,29.82,29.84,8812393,176666240.00
2018/11/08,29.40,29.85,28.73,28.82,5571269,107297944.00
2018/11/09,28.50,28.79,27.96,28.04,3880500,72621696.00
2018/11/12,28.17,28.74,27.84,28.71,3538700,66358964.00
2018/11/13,28.40,29.15,28.25,28.97,4590873,87254656.00
2018/11/14,29.06,29.97,29.06,29.18,5597628,108855904.00
2018/11/15,29.64,31.35,29.34,30.81,11047529,222822896.00
2018/11/16,30.69,30.75,30.12,30.59,7887837,158198832.00
2018/11/19,30.80,30.83,29.81,30.33,5245550,104563584.00
2018/11/20,31.05,33.30,31.04,31.31,13224668,277523840.00
2018/11/21,28.65,30.45,28.65,29.73,6936609,135188336.00
2018/11/22,29.60,29.88,29.22,29.37,3978659,77305456.00
2018/11/23,29.34,29.34,26.93,27.14,5054610,93447152.00
2018/11/26,27.12,27.41,26.78,26.82,2080514,37112656.00
2018/11/27,27.24,28.53,27.02,28.32,5076315,93183584.00
2018/11/28,28.28,28.28,27.12,27.92,3388409,62181544.00
2018/11/29,28.05,30.11,27.80,27.87,5127809,97337512.00
2018/11/30,27.21,28.04,26.63,27.68,3229996,58388976.00
2018/12/03,28.43,28.76,28.02,28.58,4115097,77315296.00
2018/12/04,28.80,29.10,28.43,28.77,3336801,63254836.00
2018/12/05,27.99,28.49,27.60,28.08,2764659,51201288.00
2018/12/06,28.20,28.20,27.33,27.42,2334550,42652084.00
2018/12/07,27.59,27.72,27.41,27.60,1316300,23941632.00
2018/12/10,27.69,27.69,27.00,27.02,1311250,23485452.00
2018/12/11,27.02,27.86,26.99,27.60,1679337,30476596.00
2018/12/12,27.53,27.80,27.32,27.59,1872951,34076592.00
2018/12/13,27.53,28.14,27.45,27.98,2717060,49877708.00
2018/12/14,27.83,27.87,26.93,26.93,2301450,41523316.00
2018/12/17,26.93,27.30,26.72,27.18,1243750,22190256.00
2018/12/18,27.15,27.23,26.46,26.99,1548935,27401004.00
2018/12/19,26.72,27.02,26.18,26.31,1406148,24629972.00
2018/12/20,26.25,26.46,26.06,26.42,1453979,25192226.00
2018/12/21,26.42,26.42,25.91,26.24,1219309,21030262.00
2018/12/24,26.24,27.45,26.24,27.33,3892114,69503000.00
2018/12/25,26.76,27.33,26.04,27.33,3052701,53727324.00
2018/12/26,27.42,28.20,27.15,27.17,3977519,72650336.00
2018/12/27,27.50,27.83,26.90,26.90,2627051,47543748.00
2018/12/28,26.58,26.93,26.10,26.22,2113408,36758056.00
2019/01/02,26.46,26.46,25.91,25.97,1333300,22957880.00
2019/01/03,25.95,26.24,25.55,25.59,1718084,29243912.00
2019/01/04,24.65,25.91,24.30,25.79,2342326,39031128.00
2019/01/07,25.92,26.28,25.83,26.15,1905600,32759840.00
2019/01/08,26.15,26.45,25.85,26.28,1886909,32515972.00
2019/01/09,26.09,26.70,26.09,26.15,2456100,42760980.00
2019/01/10,26.04,26.25,25.20,25.40,2843368,48135224.00
2019/01/11,25.40,25.77,25.01,25.74,2194608,36748540.00
2019/01/14,25.67,25.89,24.98,25.05,2095426,34899508.00
2019/01/15,25.20,27.53,25.08,27.53,4533900,79470352.00
2019/01/16,28.20,29.33,27.15,27.33,14082922,262713136.00
2019/01/17,26.79,28.95,26.57,28.50,11913864,218629344.00
2019/01/18,27.81,28.47,27.71,27.90,6627805,122321376.00
2019/01/21,27.90,29.55,27.15,28.80,8973290,168321488.00
2019/01/22,28.46,28.65,27.57,28.35,5847708,108540312.00
2019/01/23,28.07,28.77,27.89,28.04,4511600,84172672.00
2019/01/24,27.87,28.05,27.50,27.59,3675700,67101228.00
2019/01/25,27.80,27.80,26.36,26.48,3760600,67337040.00
2019/01/28,26.64,26.79,25.31,25.58,3843000,65628168.00
2019/01/29,25.64,25.73,23.25,24.35,3234359,52112356.00
2019/01/30,24.12,24.75,23.40,23.67,2125050,33812224.00
2019/01/31,23.40,23.99,22.08,22.52,2970950,45102012.00
2019/02/01,22.77,23.42,22.62,23.27,1736759,26318340.00
2019/02/11,22.77,24.29,22.77,24.26,2522116,39579544.00
2019/02/12,24.23,24.72,24.15,24.54,2864509,46245744.00
2019/02/13,24.54,26.09,24.30,25.25,4166810,69224672.00
2019/02/14,25.19,25.43,24.80,25.14,3159410,52374184.00
2019/02/15,25.28,27.63,25.01,27.09,10217333,179519712.00
2019/02/18,27.00,28.02,26.64,27.87,10326960,185533104.00
2019/02/19,27.60,27.84,26.70,27.27,6839198,123026464.00
2019/02/20,27.26,27.27,26.52,26.94,4046453,71490216.00
2019/02/21,26.96,27.47,26.30,26.57,5194996,92284136.00
2019/02/22,26.55,27.03,26.28,27.00,4445264,78528720.00
2019/02/25,27.60,28.61,27.02,28.29,9797249,180164080.00
2019/02/26,28.31,29.07,27.57,28.16,10879592,203185904.00
2019/02/27,27.65,28.08,27.15,27.56,6888779,125604984.00
2019/02/28,27.54,28.13,27.54,27.89,4611176,84704000.00
2019/03/01,27.89,28.05,27.15,27.71,4480783,81466312.00
2019/03/04,27.89,30.45,27.63,30.45,18701167,366120704.00
2019/03/05,30.60,33.30,30.47,32.55,24042889,504702368.00
2019/03/06,31.80,32.55,31.13,32.54,15768457,331340288.00
2019/03/07,32.55,33.83,32.10,33.02,15837324,346213728.00
2019/03/08,31.85,32.22,30.00,30.35,10020459,206685568.00
2019/03/11,30.32,31.70,30.32,31.65,6700858,138192560.00
2019/03/12,32.18,32.39,31.19,31.80,8468038,177674176.00
2019/03/13,31.80,31.80,30.38,30.65,5975918,123072520.00
2019/03/14,30.69,31.01,29.28,29.57,4836850,95883944.00
2019/03/15,29.81,30.15,29.52,30.03,3861109,76244376.00
2019/03/18,30.12,31.13,29.93,31.11,4365118,88192120.00
2019/03/19,31.05,31.05,30.17,30.59,4074809,82505200.00
2019/03/20,30.83,30.87,29.58,30.39,3529627,70349472.00
2019/03/21,30.47,31.07,30.23,30.84,5038872,102192712.00
2019/03/22,30.77,30.87,29.75,30.26,4195159,83681680.00
2019/03/25,29.76,31.64,29.46,31.05,7253491,147609920.00
2019/03/26,30.90,32.55,30.78,32.36,13089601,274450144.00
2019/03/27,32.18,32.37,31.14,32.37,8725977,183544880.00
2019/03/28,32.18,35.55,31.83,33.83,18125675,401400448.00
2019/03/29,32.10,32.40,30.48,31.44,15742758,324618144.00
2019/04/01,30.77,32.03,30.60,31.98,11806477,245388752.00
2019/04/02,31.89,31.89,31.08,31.20,8681360,180146720.00
2019/04/03,30.98,31.31,30.56,31.23,5739119,117149136.00
2019/04/04,31.22,31.61,30.95,31.10,5009600,103375432.00
2019/04/08,31.10,31.37,29.73,30.08,5472198,110096816.00
2019/04/09,29.91,30.53,29.85,30.38,2989770,59696860.00
2019/04/10,30.21,30.21,29.40,29.79,3937815,77305552.00
2019/04/11,29.82,29.87,28.95,28.97,3227350,62460576.00
2019/04/12,29.28,29.73,28.97,29.63,2880983,56087916.00
2019/04/15,29.82,30.15,29.40,29.48,3086584,60905568.00
2019/04/16,29.43,30.08,29.25,30.08,3198532,63028088.00
2019/04/17,30.21,32.55,30.06,31.28,9358167,192596448.00
2019/04/18,31.83,32.55,31.05,32.16,14549623,307807904.00
2019/04/19,31.37,31.73,30.62,30.84,8483529,173575728.00
2019/04/22,30.30,30.71,29.55,29.60,5138427,102099192.00
2019/04/23,29.40,29.54,28.58,28.65,3938356,75427552.00
2019/04/24,28.49,28.83,25.92,27.33,6354466,115037472.00
2019/04/25,27.08,27.09,25.64,25.64,4717520,82017488.00
2019/04/26,25.65,26.24,25.64,25.86,2748954,46976312.00
2019/04/29,25.86,26.09,23.84,24.00,3552330,57749064.00
2019/04/30,24.06,24.75,24.06,24.51,2068118,33348250.00
2019/05/06,23.78,23.85,22.10,22.11,3839350,57462720.00
2019/05/07,22.47,23.06,22.20,22.86,2964739,44181692.00
2019/05/08,22.31,23.16,22.22,22.80,2344980,35153320.00
2019/05/09,22.65,23.21,22.58,22.70,1962600,29535384.00
2019/05/10,22.83,23.46,22.25,23.31,3281159,49787516.00
2019/05/13,23.18,23.49,22.97,23.13,1972109,30085654.00
2019/05/14,22.85,23.22,22.70,22.88,1541552,23330164.00
2019/05/15,23.12,23.79,23.04,23.66,2276259,34931052.00
2019/05/16,23.82,23.82,23.30,23.42,2330578,35934944.00
2019/05/17,23.40,23.49,22.08,22.25,2785545,41670404.00
2019/05/20,22.31,22.49,21.24,21.86,2253139,32130602.00
2019/05/21,21.92,22.44,21.80,22.26,1904500,27808982.00
2019/05/22,22.52,22.98,22.13,22.32,1912448,28297534.00
2019/05/23,22.19,22.19,21.41,21.50,1964100,28044888.00
2019/05/24,21.50,21.90,21.39,21.54,1363771,19364816.00
2019/05/27,21.62,22.32,21.42,22.28,2024902,29234428.00
2019/05/28,22.28,22.92,22.16,22.68,2750271,40883808.00
2019/05/29,24.12,24.92,23.24,23.37,8695000,139216192.00
2019/05/30,22.40,23.97,22.35,23.72,5191770,78359016.00
2019/05/31,23.73,23.75,23.10,23.15,3277300,50332448.00
2019/06/03,22.82,23.10,21.84,22.04,3141691,46200884.00
2019/06/04,22.01,22.32,21.72,22.22,1651578,24021508.00
2019/06/05,22.26,24.39,22.25,23.19,6606519,102079760.00
2019/06/06,22.14,22.47,21.15,21.38,5266950,74253656.00
2019/06/10,21.38,21.68,21.00,21.65,2196637,30628196.00
2019/06/11,21.45,22.44,21.38,22.20,3339159,47848668.00
2019/06/12,22.20,22.28,21.69,21.74,2507200,35974104.00
2019/06/13,21.74,22.23,21.62,22.16,2490650,35772600.00
2019/06/14,22.19,22.74,21.54,21.68,3819168,55604148.00
2019/06/17,21.41,22.68,21.41,21.99,2363000,33951708.00
2019/06/18,22.01,22.13,21.50,21.69,2000552,28289608.00
2019/06/19,22.05,22.28,21.90,22.01,2559002,36890604.00
2019/06/20,22.17,22.32,21.83,22.31,2820209,40780360.00
2019/06/21,22.37,22.86,22.37,22.83,4313172,63873556.00
2019/06/24,22.70,22.82,22.41,22.67,2298200,33927656.00
2019/06/25,22.73,22.73,21.81,22.23,2560300,37160256.00
2019/06/26,22.23,22.56,22.02,22.29,1570152,22921146.00
2019/06/27,22.35,22.56,22.08,22.17,1850650,26968876.00
2019/06/28,22.14,22.14,21.45,21.57,1963700,27805668.00
2019/07/01,21.98,22.62,21.83,22.40,2698953,39166068.00
2019/07/02,22.38,22.58,22.22,22.28,1942700,28386568.00
2019/07/03,22.29,22.43,21.71,21.80,1696737,24277610.00
2019/07/04,21.80,22.02,21.57,21.71,1460100,20747496.00
2019/07/05,21.89,21.89,21.53,21.77,1305004,18489970.00
2019/07/08,21.68,21.68,20.40,20.46,2592738,35245500.00
2019/07/09,20.54,20.69,20.40,20.63,1044650,13999874.00
2019/07/10,20.67,20.70,20.12,20.22,1165221,15524335.00
2019/07/11,20.39,20.64,20.19,20.39,1105100,14717584.00
2019/07/12,20.49,20.49,20.21,20.28,961837,12770565.00
2019/07/15,20.40,20.40,19.50,20.16,2240859,29050276.00
2019/07/16,20.12,20.31,19.83,20.07,1766800,23049050.00
2019/07/17,20.03,20.16,19.83,19.89,1414851,18398934.00
2019/07/18,19.97,20.03,19.35,19.35,1941112,24735136.00
2019/07/19,19.47,19.83,19.47,19.67,1860224,23837462.00
2019/07/22,19.73,19.74,18.50,18.59,1860359,22830250.00
2019/07/23,18.12,19.08,18.00,19.02,1661311,20368212.00
2019/07/24,19.28,19.64,19.08,19.35,1693154,21371164.00
2019/07/25,19.37,21.24,19.35,21.24,4410866,59758240.00
2019/07/26,22.92,23.33,22.35,23.33,5706732,86232248.00
2019/07/29,23.34,25.62,22.95,25.62,12756077,202748400.00
2019/07/30,27.45,28.14,25.59,28.14,18743375,336524448.00
2019/07/31,28.13,28.65,25.37,25.37,28714602,503661024.00
2019/08/01,24.06,27.86,23.70,27.86,26197009,445374976.00
2019/08/02,26.93,30.60,26.93,28.85,35268839,685254912.00
2019/08/05,27.90,28.35,26.10,26.10,24184228,429135648.00
2019/08/06,25.34,28.67,25.25,28.67,22111775,396882816.00
2019/08/07,30.08,31.22,28.05,28.86,31621371,619963520.00
2019/08/08,26.70,27.87,26.25,26.72,20204813,358267296.00
2019/08/09,26.84,27.17,24.18,24.75,17282106,288541824.00
2019/08/12,24.96,25.44,23.94,25.16,12714810,205350080.00
2019/08/13,24.87,25.46,24.42,24.90,10053650,163472992.00
2019/08/14,25.37,26.51,24.98,25.73,15733676,265866048.00
2019/08/15,24.45,25.67,23.25,25.32,12092788,196503056.00
2019/08/16,25.97,27.27,25.56,25.56,13831334,237175984.00
2019/08/19,26.28,27.27,25.73,26.81,15677302,273357344.00
2019/08/20,26.82,29.45,26.07,29.45,17715246,322756160.00
2019/08/21,30.39,32.25,28.77,28.79,30336101,610862208.00
2019/08/22,28.79,29.64,27.90,28.92,17908037,338952704.00
2019/08/23,28.38,30.12,27.45,29.85,20146528,386048064.00
2019/08/26,28.64,30.00,28.35,28.65,14007150,266507232.00
2019/08/27,28.38,28.77,27.36,27.80,14049777,257168272.00
2019/08/28,27.80,27.87,26.06,26.55,12474840,217924080.00
2019/08/29,26.22,26.52,26.03,26.13,7450668,128063128.00
2019/08/30,26.10,26.43,24.53,24.68,10119186,168931872.00
2019/09/02,24.93,25.61,24.75,25.55,7152068,118489984.00
2019/09/03,25.64,25.76,24.98,25.61,7377589,122309080.00
2019/09/04,25.50,25.52,24.96,25.41,5975848,98888904.00
2019/09/05,25.64,26.51,25.53,26.03,11032623,189087728.00
2019/09/06,26.01,27.90,25.82,27.45,12982498,227512160.00
2019/09/09,27.57,28.16,27.00,28.05,13451095,242782528.00
2019/09/10,27.69,27.87,27.20,27.33,8485821,152687568.00
2019/09/11,27.47,28.02,27.17,27.74,8313239,150213088.00
2019/09/12,27.74,28.32,27.24,27.98,9072668,165318816.00
2019/09/16,27.98,29.28,27.75,28.79,12763517,239851168.00
2019/09/17,28.35,28.38,27.48,27.68,7326005,133519624.00
2019/09/18,27.68,27.86,26.25,26.40,7985777,140239840.00
2019/09/19,26.52,26.81,25.65,26.75,5540095,95669928.00
2019/09/20,27.00,27.15,26.10,26.12,4800450,83252144.00
2019/09/23,25.95,26.69,25.55,26.40,3725200,64095112.00
2019/09/24,26.30,26.82,26.19,26.55,4843459,84323312.00
2019/09/25,26.36,26.45,25.80,25.80,3558500,60694104.00
2019/09/26,26.09,27.44,25.41,27.00,8614050,150012864.00
2019/09/27,26.45,29.24,26.42,28.10,16170323,300132416.00
2019/09/30,27.71,28.86,27.50,27.90,11197450,206929152.00
2019/10/08,28.10,29.69,27.60,29.00,12957854,245058560.00
2019/10/09,28.50,29.52,27.30,29.46,11782168,218909536.00
2019/10/10,28.95,29.42,28.58,28.95,10184550,193654720.00
2019/10/11,28.95,28.98,27.77,27.77,8990459,166204432.00
2019/10/14,27.75,30.50,27.62,30.50,15747135,300190592.00
2019/10/15,31.32,32.60,28.47,28.79,27109040,550705344.00
2019/10/16,27.75,27.98,26.27,26.87,15344772,271467680.00
2019/10/17,26.45,27.14,25.97,26.16,7518659,130563664.00
2019/10/18,25.82,26.49,25.20,25.22,7346450,123522248.00
2019/10/21,25.17,25.17,23.25,24.56,4894807,77835072.00
2019/10/22,24.56,25.17,24.56,24.98,3952147,64247484.00
2019/10/23,24.75,25.13,24.47,24.53,3534700,57273332.00
2019/10/24,24.45,24.45,23.55,23.93,4425200,69325568.00
2019/10/25,24.00,24.12,23.57,23.94,3514400,54687912.00
2019/10/28,23.85,24.45,23.75,24.39,4027250,63920160.00
2019/10/29,24.59,24.59,23.58,23.63,4058100,63619392.00
2019/10/30,23.21,23.25,22.20,22.64,4562000,67590880.00
2019/10/31,22.85,23.18,21.87,21.95,4025700,59079512.00
2019/11/01,22.23,22.71,21.78,22.46,3717350,54205980.00
2019/11/04,22.80,22.83,22.37,22.37,2994850,44201048.00
2019/11/05,22.73,22.92,22.25,22.67,3242359,47878740.00
2019/11/06,22.59,22.68,22.14,22.34,2860500,41808072.00
2019/11/07,22.26,23.70,22.19,23.03,4353819,65239440.00
2019/11/08,22.89,23.22,22.37,22.43,3455177,51388632.00
2019/11/11,22.05,22.25,21.38,21.51,3264850,46175820.00
2019/11/12,21.47,21.87,21.17,21.75,2859654,40206116.00
2019/11/13,21.80,22.13,21.68,22.02,2612868,37427908.00
2019/11/14,22.05,22.50,21.75,22.31,2914717,42325696.00
2019/11/15,22.85,22.86,21.56,21.56,3331427,48092400.00
2019/11/18,21.26,22.04,21.18,21.95,2735818,38879704.00
2019/11/19,21.98,22.25,21.78,22.22,2360459,34071628.00
2019/11/20,22.25,22.43,21.68,21.75,2818859,40296904.00
2019/11/21,21.71,22.40,21.68,21.87,3370900,48356012.00
2019/11/22,21.75,22.13,21.29,21.35,3172550,44778120.00
2019/11/25,21.17,21.59,20.42,20.63,3466377,46929660.00
2019/11/26,20.64,21.20,20.64,20.82,2742792,37470896.00
2019/11/27,20.94,20.94,20.48,20.67,1799900,24307412.00
2019/11/28,20.67,20.85,20.03,20.25,2289140,30453722.00
2019/11/29,20.34,20.43,20.04,20.13,1506250,19809362.00
2019/12/02,20.24,20.25,19.91,19.97,1729250,22597778.00
2019/12/03,19.76,20.03,19.70,20.00,2173388,28125062.00
2019/12/04,20.03,20.18,19.86,20.04,1845199,24110444.00
2019/12/05,20.28,22.01,20.28,22.01,3583399,50492004.00
2019/12/06,23.07,24.08,22.44,23.24,16788548,252423168.00
2019/12/09,22.44,23.06,22.43,22.65,8841249,130763584.00
2019/12/10,22.53,23.19,22.25,23.13,8311548,123891864.00
2019/12/11,22.95,23.69,22.80,23.15,7910998,120214792.00
2019/12/12,22.94,23.15,22.47,22.91,4866664,72674968.00
2019/12/13,22.92,23.06,22.47,22.95,5325576,79210064.00
2019/12/16,23.18,23.81,22.95,23.52,8538191,131028680.00
2019/12/17,23.34,23.72,23.19,23.66,7654436,117655800.00
2019/12/18,23.66,24.98,23.36,24.36,11700626,185916880.00
2019/12/19,24.11,24.44,23.88,24.09,5876710,92555552.00
2019/12/20,24.20,24.41,22.61,22.65,7216148,110657592.00
2019/12/23,22.52,24.38,22.47,23.16,6476447,99155472.00
2019/12/24,22.65,23.39,22.34,23.31,5011350,75233328.00
2019/12/25,23.15,23.33,22.80,23.06,3858137,58062708.00
2019/12/26,23.10,23.30,22.80,23.18,3371250,50771456.00
2019/12/27,23.33,24.26,23.18,23.40,6622150,102257832.00
2019/12/30,22.98,23.03,21.30,22.34,5043259,73252272.00
2019/12/31,22.31,22.64,22.14,22.38,2452009,35866408.00
2020/01/02,22.53,23.58,22.46,23.30,5951168,89916352.00
2020/01/03,23.76,23.85,23.13,23.25,4026368,61451256.00
2020/01/06,22.92,23.64,22.80,23.43,4270855,65148664.00
2020/01/07,23.43,23.67,23.18,23.49,3699638,56570792.00
2020/01/08,23.36,23.40,22.65,22.71,4223978,63535080.00
2020/01/09,22.91,23.48,22.89,23.19,2903287,43885632.00
2020/01/10,23.19,23.94,23.06,23.60,7593597,116952064.00
2020/01/13,23.55,23.55,22.83,23.37,4507007,68267688.00
2020/01/14,23.81,25.19,23.73,23.75,9821458,155963568.00
2020/01/15,23.37,24.42,23.36,24.06,6853205,107385832.00
2020/01/16,24.17,24.41,23.55,23.69,5560690,86602304.00
2020/01/17,23.45,23.70,22.85,23.04,4680545,70919152.00
2020/01/20,22.95,23.18,22.41,22.80,3306550,49023320.00
2020/01/21,22.50,22.88,22.43,22.43,2166560,31874216.00
2020/01/22,22.31,22.41,21.39,22.04,2562560,36664460.00
2020/01/23,21.90,22.31,20.69,21.24,3300200,46332544.00
2020/02/03,19.16,19.16,19.16,19.16,313400,3908098.00
2020/02/04,17.28,18.26,17.28,17.97,4673909,54205884.00
2020/02/05,18.03,19.20,18.03,18.53,3991000,48344180.00
2020/02/06,18.60,18.98,18.21,18.80,3701350,44951308.00
2020/02/07,18.80,19.14,18.60,19.01,3888750,47907648.00
2020/02/10,19.04,19.43,18.89,19.40,3944750,49403312.00
2020/02/11,19.40,19.65,19.07,19.29,2958300,37226428.00
2020/02/12,19.37,19.59,19.02,19.50,3017150,38223208.00
2020/02/13,19.55,19.83,19.25,19.80,3512342,44766012.00
2020/02/14,19.73,20.15,19.32,19.52,4020648,51392176.00
2020/02/17,19.52,20.13,19.40,20.06,3981690,51526572.00
2020/02/18,20.13,20.54,20.01,20.48,3990150,52736752.00
2020/02/19,20.40,20.69,20.25,20.37,3361000,44686196.00
2020/02/20,20.36,20.91,20.06,20.61,4680098,62514492.00
2020/02/21,20.61,21.20,20.48,21.15,6377300,87103144.00
2020/02/24,21.00,21.89,20.79,21.59,7245700,100767304.00
2020/02/25,20.97,21.33,19.70,21.09,6894090,93853168.00
2020/02/26,20.84,21.56,20.55,21.02,5435390,74686208.00
2020/02/27,21.21,21.38,20.54,20.58,3934500,53335068.00
2020/02/28,19.94,20.25,18.83,18.83,4751600,60066084.00
2020/03/02,19.04,20.28,18.99,20.25,5605800,72508568.00
2020/03/03,20.67,20.99,20.10,20.54,4470990,59933216.00
2020/03/04,20.24,21.00,20.24,20.93,5414100,73539008.00
2020/03/05,21.42,21.42,20.81,20.97,4317150,59064588.00
2020/03/06,20.72,21.59,20.40,21.35,5524309,76495664.00
2020/03/09,20.97,21.69,20.49,20.52,4880909,66720204.00
2020/03/10,20.01,21.18,19.68,21.12,4402327,58882716.00
2020/03/11,21.15,21.45,20.78,20.82,4229050,58285908.00
2020/03/12,20.48,20.55,19.92,20.42,3333500,44010820.00
2020/03/13,19.35,19.79,18.90,19.55,4826309,60663488.00
2020/03/16,19.76,21.45,19.23,21.45,12199609,165966816.00
2020/03/17,21.90,23.55,21.60,23.55,14771900,221295504.00
2020/03/18,22.91,25.10,21.45,21.89,25854337,392830400.00
2020/03/19,19.94,20.82,19.94,20.25,15343187,202388976.00
2020/03/20,20.04,20.33,19.47,20.33,11226990,145378816.00
2020/03/23,19.65,20.24,19.20,19.20,6688440,86333072.00
2020/03/24,19.50,19.79,18.30,18.99,7043940,87366168.00
2020/03/25,19.37,20.48,19.13,19.56,6293600,80458224.00
2020/03/26,19.70,20.12,19.17,19.26,5431050,69456072.00
2020/03/27,19.32,19.58,18.78,18.89,3766850,47103076.00
2020/03/30,18.45,18.63,18.02,18.24,3442959,40844160.00
2020/03/31,18.39,18.57,18.15,18.20,2034050,24257818.00
2020/04/01,18.02,18.51,18.02,18.08,1952019,23137906.00
2020/04/02,18.15,18.50,17.88,18.48,2406950,28622382.00
2020/04/03,18.50,18.50,18.09,18.15,2802000,33273182.00
2020/04/07,18.42,18.69,18.33,18.66,2989060,36003488.00
2020/04/08,18.68,18.86,18.60,18.81,2920450,35641080.00
2020/04/09,19.05,19.34,18.84,18.89,2890000,35785928.00
2020/04/10,18.90,18.90,18.29,18.30,2758500,33195294.00
2020/04/13,18.17,19.04,18.17,18.81,3602050,43942000.00
2020/04/14,19.50,19.50,18.75,18.92,3882510,48101240.00
2020/04/15,18.75,18.84,18.44,18.51,2602150,31494140.00
2020/04/16,18.30,18.66,18.29,18.56,2080650,24982516.00
2020/04/17,18.60,18.69,18.32,18.33,2642100,31735280.00
2020/04/20,18.33,18.57,18.20,18.54,1749200,21010238.00
2020/04/21,18.56,18.60,18.27,18.44,1756900,21010820.00
2020/04/22,18.41,18.65,18.30,18.56,1898900,22848172.00
2020/04/23,18.62,18.69,18.47,18.65,2193750,26524728.00
2020/04/24,18.57,18.81,18.15,18.26,2438050,29220916.00
2020/04/27,18.36,18.50,18.21,18.23,1464550,17453298.00
2020/04/28,18.45,18.50,16.95,17.66,2478550,28480496.00
2020/04/29,17.88,18.03,17.52,17.64,1581050,18250542.00
2020/04/30,17.72,18.21,17.67,18.11,2145050,25061056.00
2020/05/06,17.93,18.83,17.81,18.72,3100200,37322056.00
2020/05/07,18.87,18.90,18.65,18.69,3008350,36712872.00
2020/05/08,18.81,19.32,18.80,19.13,4385499,54412360.00
2020/05/11,19.14,19.29,18.86,19.02,3080790,38127524.00
2020/05/12,19.02,19.10,18.57,18.84,2010900,24586358.00
2020/05/13,18.83,18.93,18.66,18.83,1574250,19229558.00
2020/05/14,18.80,19.04,18.60,18.89,1893785,23203092.00
2020/05/15,18.96,19.16,18.71,18.74,2133050,26270418.00
2020/05/18,18.72,18.83,18.30,18.62,2149600,25991212.00
2020/05/19,18.86,19.89,18.69,19.40,6039118,76076736.00
2020/05/20,19.26,19.35,19.02,19.10,3079459,38313096.00
2020/05/21,19.20,19.34,18.72,18.72,2312290,28539836.00
2020/05/22,18.69,19.05,18.48,18.54,2247550,27425016.00
2020/05/25,18.56,18.83,18.21,18.68,1454009,17598370.00
2020/05/26,18.81,19.37,18.69,19.20,3182250,39548088.00
2020/05/27,19.22,19.41,19.01,19.19,2716900,33957556.00
2020/05/28,19.13,19.22,18.69,18.89,2175267,26784902.00
2020/05/29,18.95,19.11,18.80,18.98,1844600,22762916.00
2020/06/01,18.99,19.59,18.99,19.47,3781359,47744432.00
2020/06/02,19.38,20.18,19.38,19.83,5520935,71176560.00
2020/06/03,19.83,20.09,19.65,19.73,4115850,53261000.00
2020/06/04,19.88,20.58,19.59,20.10,7833559,103172616.00
2020/06/05,20.16,20.18,19.73,19.86,3559941,46188292.00
2020/06/08,19.86,20.00,19.52,19.52,3369700,43230312.00
2020/06/09,19.65,20.22,19.62,19.91,3638950,47342108.00
2020/06/10,19.92,20.31,19.85,20.25,4121609,54018684.00
2020/06/11,20.09,20.21,19.68,19.77,3435664,44680004.00
2020/06/12,19.22,19.73,19.07,19.46,3956841,49839924.00
2020/06/15,19.34,19.85,19.29,19.46,2779808,35486484.00
2020/06/16,19.70,19.71,19.50,19.65,2318357,29628590.00
2020/06/17,19.77,19.77,19.25,19.43,3221549,40720256.00
2020/06/18,21.33,21.33,20.75,21.33,8223865,114111680.00
2020/06/19,21.23,22.35,21.00,21.02,18022377,253940944.00
2020/06/22,21.00,21.62,20.54,21.39,11248849,154040336.00
2020/06/23,21.08,21.30,20.57,20.58,7600774,103706672.00
2020/06/24,20.54,20.81,20.31,20.66,4077850,54607304.00
2020/06/29,20.51,21.03,20.37,20.82,4298150,57970320.00
2020/06/30,21.06,21.08,20.67,20.94,4592475,62518692.00
2020/07/01,21.00,21.14,20.58,20.78,4329700,58882748.00
2020/07/02,20.72,21.00,20.48,20.99,5446951,74082568.00
2020/07/03,20.97,21.21,20.72,20.93,4549049,62106484.00
2020/07/06,20.93,21.75,20.93,21.66,8727527,121867248.00
2020/07/07,21.72,22.10,21.26,21.92,9178536,130802792.00
2020/07/08,21.84,22.92,21.68,22.56,8430759,122454856.00
2020/07/09,22.80,23.16,22.32,22.89,8263550,122431992.00
2020/07/10,22.74,23.03,22.20,22.20,6350150,93670608.00
2020/07/13,22.13,23.43,22.13,23.25,7727918,115360256.00
2020/07/14,23.16,23.67,22.65,23.37,6945468,105327400.00
2020/07/15,23.46,23.48,22.20,22.29,5958368,88162712.00
2020/07/16,22.28,22.61,20.94,21.00,5154514,73195104.00
2020/07/17,21.00,21.27,20.70,20.99,3137550,42915964.00
2020/07/20,21.02,21.99,21.02,21.99,3641220,51381416.00
2020/07/21,21.90,22.17,21.59,21.74,2496514,35522632.00
2020/07/22,21.75,22.11,21.51,21.69,2940419,41871488.00
2020/07/23,21.45,21.63,20.82,21.51,3120618,43324700.00
2020/07/24,21.47,22.28,20.64,20.70,4604100,64318340.00
2020/07/27,20.73,20.99,20.22,20.82,2668055,35964664.00
2020/07/28,20.97,21.35,20.79,20.94,1977060,27142658.00
2020/07/29,20.85,21.42,20.85,21.36,2124041,29365122.00
2020/07/30,21.44,21.57,21.23,21.24,1787700,24884916.00
2020/07/31,21.17,21.57,21.08,21.47,2619650,36562024.00
2020/08/03,21.74,22.41,21.71,22.11,3773841,54417424.00
2020/08/04,22.26,22.32,21.72,21.80,2719160,38908740.00
2020/08/05,21.72,22.32,21.54,22.19,3089702,44375780.00
2020/08/06,22.29,22.31,21.66,22.11,2279586,32618000.00
2020/08/07,22.11,22.20,21.21,21.65,2866250,40507468.00
2020/08/10,21.65,22.35,21.59,21.83,2863364,40948996.00
2020/08/11,22.14,22.14,21.18,21.21,2566750,36130776.00
2020/08/12,21.02,21.45,20.87,21.35,2195481,30239270.00
2020/08/13,21.47,21.95,21.30,21.57,1900664,26766222.00
2020/08/14,21.57,22.05,21.17,22.04,3170414,45062304.00
2020/08/17,22.13,22.56,21.90,22.50,4447450,64591052.00
2020/08/18,23.10,23.52,22.56,22.77,9313071,139731312.00
2020/08/19,22.40,24.44,22.40,23.55,12195801,188462528.00
2020/08/20,22.94,23.51,22.32,23.10,6810490,102379528.00
2020/08/21,23.16,23.49,22.70,23.22,4851770,73265168.00
2020/08/24,23.43,24.63,23.36,24.12,8856493,138752688.00
2020/08/25,23.96,26.49,23.63,26.49,16977066,284998016.00
2020/08/26,24.78,25.97,23.88,24.38,14646809,239327648.00
2020/08/27,24.30,24.45,23.04,23.48,8979768,137911728.00
2020/08/28,23.42,23.64,22.98,23.54,5185068,79349552.00
2020/08/31,23.87,24.21,23.37,23.51,5390900,83867104.00
2020/09/01,23.63,23.76,23.12,23.54,4098700,62751468.00
2020/09/02,23.21,23.90,23.15,23.60,4878984,75329552.00
2020/09/03,23.40,23.40,22.50,22.50,6570562,98112584.00
2020/09/04,22.22,23.51,22.07,22.95,3876729,57985004.00
2020/09/07,23.12,23.63,22.77,23.15,4681350,71150632.00
2020/09/08,22.98,23.30,22.50,22.79,3881000,57980316.00
2020/09/09,22.56,23.09,22.14,22.19,4207600,62015764.00
2020/09/10,22.35,22.46,20.97,21.20,4943450,69528440.00
2020/09/11,21.30,21.44,20.90,21.35,2332350,32285314.00
2020/09/14,21.42,22.17,21.38,22.05,2631100,37519328.00
2020/09/15,22.05,22.58,21.87,22.05,2528150,36575104.00
2020/09/16,22.07,22.38,21.75,22.07,1839200,26488820.00
2020/09/17,22.05,22.41,21.95,22.13,1990468,28816324.00
2020/09/18,22.35,22.35,21.87,22.28,1967460,28521248.00
2020/09/21,22.31,22.64,22.13,22.43,2073100,30309102.00
2020/09/22,22.35,22.35,21.87,21.98,1887909,27223538.00
2020/09/23,22.04,22.31,21.87,21.90,1444259,20771298.00
2020/09/24,21.72,22.04,21.35,21.54,2450450,34613904.00
2020/09/25,21.62,21.84,21.33,21.41,1151150,16131898.00
2020/09/28,21.68,22.31,21.15,21.15,2637150,37128560.00
2020/09/29,21.17,21.38,20.81,21.23,1915800,26363450.00
2020/09/30,21.36,21.62,21.00,21.05,1595250,22135066.00
2020/10/09,21.20,22.20,21.20,21.74,1945200,27510564.00
2020/10/12,21.63,22.41,21.63,22.32,3281750,47557152.00
2020/10/13,22.32,22.59,22.10,22.49,2652100,38835448.00
2020/10/14,22.50,22.70,22.32,22.58,2247650,33103474.00
2020/10/15,22.58,22.98,22.43,22.91,2976950,44312012.00
2020/10/16,22.65,22.76,22.05,22.41,2944100,43050828.00
2020/10/19,22.65,23.37,22.43,22.49,3421300,51107960.00
2020/10/20,22.65,23.18,22.38,23.01,2966350,44283092.00
2020/10/21,23.01,23.27,22.73,22.80,1707750,25599932.00
2020/10/22,22.92,23.03,22.53,22.82,1696150,25293022.00
2020/10/23,22.79,23.21,22.50,22.52,2378300,35475588.00
2020/10/26,22.53,22.89,22.34,22.83,1618450,24022806.00
2020/10/27,22.82,23.40,22.67,23.33,3311926,50120580.00
2020/10/28,23.34,24.42,22.83,24.17,8235023,127813536.00
2020/10/29,23.81,24.62,23.36,24.23,6642342,105362928.00
2020/10/30,24.24,24.69,23.78,23.97,5963326,94555784.00
2020/11/02,23.97,25.28,23.67,24.54,5189619,83052528.00
2020/11/03,24.75,24.75,23.96,24.23,4833294,76644728.00
2020/11/04,24.21,24.56,23.73,23.87,4015300,62985652.00
2020/11/05,24.12,24.51,23.87,24.38,4410834,70031856.00
2020/11/06,24.38,24.66,23.85,24.17,3425050,54285332.00
2020/11/09,24.32,25.32,24.32,25.02,5918624,96729952.00
2020/11/10,25.02,25.28,24.54,24.68,3330900,54253104.00
2020/11/11,24.62,25.34,23.85,24.14,4389269,70076008.00
2020/11/12,24.27,24.41,23.73,24.00,2664213,41950760.00
2020/11/13,24.00,24.75,23.84,24.29,3238250,51218700.00
2020/11/16,23.93,24.21,23.16,23.22,4481405,68770672.00
2020/11/17,23.21,23.25,22.35,22.77,3140336,46604660.00
2020/11/18,22.65,23.37,22.65,23.13,2317451,34963360.00
2020/11/19,23.30,23.37,22.74,23.12,2340525,35258544.00
2020/11/20,23.31,23.31,22.76,22.94,1742668,26090966.00
2020/11/23,22.94,23.15,22.38,22.82,2929305,43355028.00
2020/11/24,22.83,22.95,22.58,22.61,1863495,27687676.00
2020/11/25,22.64,22.88,22.22,22.23,2394439,35130912.00
2020/11/26,22.58,22.64,22.23,22.32,1771065,25887464.00
2020/11/27,22.38,22.56,21.92,22.11,2062939,29813836.00
2020/11/30,22.07,22.49,21.77,21.77,2936826,42280976.00
2020/12/01,21.78,22.40,21.78,22.34,2055504,29701380.00
2020/12/02,22.38,22.43,22.02,22.28,1635303,23740610.00
2020/12/03,22.31,22.50,22.04,22.35,1722324,25102856.00
2020/12/04,22.35,22.74,22.23,22.67,2228950,32805726.00
2020/12/07,22.76,22.77,22.32,22.50,2093305,30712498.00
2020/12/08,22.35,22.52,22.05,22.05,1725750,25069842.00
2020/12/09,21.99,22.19,21.39,21.47,2389350,34038480.00
2020/12/10,21.33,21.89,21.30,21.41,1621155,22833032.00
2020/12/11,21.60,21.63,20.57,20.81,2434445,33303026.00
2020/12/14,20.82,21.00,20.55,20.93,1176100,15980110.00
2020/12/15,21.02,21.02,20.43,20.48,1793383,24055094.00
2020/12/16,20.46,20.60,19.86,20.43,2461366,32440770.00
2020/12/17,20.39,20.58,19.89,20.45,1841000,24276172.00
2020/12/18,20.39,20.78,20.37,20.52,1334700,17864092.00
2020/12/21,20.52,20.75,20.13,20.48,1582050,21106962.00
2020/12/22,20.27,20.42,19.73,19.73,2257000,29481568.00
2020/12/23,19.74,20.00,19.62,19.79,1618162,20878960.00
2020/12/24,19.80,19.80,19.07,19.28,2107631,26584936.00
2020/12/25,19.35,19.73,19.01,19.47,1539300,19480248.00
2020/12/28,19.55,19.64,19.01,19.23,1587200,19812480.00
2020/12/29,19.23,19.53,18.93,19.26,1596250,20021188.00
2020/12/30,19.25,19.50,18.96,19.34,1402700,17565210.00
2020/12/31,19.34,19.89,19.29,19.76,2217150,28396072.00
2021/01/04,20.10,20.73,20.06,20.43,3786850,50494336.00
2021/01/05,20.24,21.03,20.24,20.54,3539615,47731036.00
2021/01/06,20.43,20.55,19.86,20.15,2739350,35882208.00
2021/01/07,20.33,20.37,19.10,19.38,3137509,39750640.00
2021/01/08,19.31,19.83,19.10,19.41,2299151,29169452.00
2021/01/11,19.43,21.30,19.14,20.55,6935482,92368408.00
2021/01/12,20.12,21.20,20.10,20.72,5708676,76823288.00
2021/01/13,20.48,21.17,20.22,21.17,5428140,73374280.00
2021/01/14,21.32,21.92,20.78,21.56,5674273,79503216.00
2021/01/15,21.38,21.68,21.05,21.18,3932963,54519232.00
2021/01/18,21.20,21.44,20.78,21.32,2761039,38098620.00
2021/01/19,21.30,21.30,20.67,20.73,3099803,42247612.00
2021/01/20,20.69,20.97,20.49,20.84,2080819,28148586.00
2021/01/21,20.90,21.36,20.52,21.12,3169005,43323916.00
2021/01/22,20.97,21.08,20.39,20.48,2836308,38089928.00
2021/01/25,21.12,22.49,20.94,21.89,9445906,135674832.00
2021/01/26,21.30,21.92,21.15,21.39,5300550,74131080.00
2021/01/27,21.12,21.29,20.64,21.23,3426800,46772548.00
2021/01/28,21.00,22.32,20.97,21.51,4376873,62038904.00
2021/01/29,21.63,22.58,21.03,22.56,8393900,121125528.00
2021/02/01,22.58,22.91,22.10,22.43,6338209,92793448.00
2021/02/02,22.55,23.40,22.07,22.17,5958768,87806112.00
2021/02/03,21.78,21.90,21.23,21.23,5033650,70737728.00
2021/02/04,20.85,20.85,19.22,19.47,6353376,81177152.00
2021/02/05,19.47,19.77,19.23,19.41,2878855,36443920.00
2021/02/08,19.43,19.64,18.77,18.77,2408350,29686712.00
2021/02/09,18.69,19.11,18.02,19.04,4014423,48076316.00
2021/02/10,18.87,18.96,18.53,18.74,1947279,23712516.00
2021/02/18,18.98,19.32,18.83,19.16,2194704,27286132.00
2021/02/19,19.20,19.91,19.08,19.89,2427243,30959232.00
2021/02/22,19.88,20.48,19.86,19.88,3485900,45732672.00
2021/02/23,19.91,20.07,19.47,19.95,2487516,32049448.00
2021/02/24,19.80,20.07,19.71,19.97,1804000,23410050.00
2021/02/25,20.10,20.10,19.47,19.47,1703577,21795234.00
2021/02/26,19.32,19.82,19.11,19.55,1775600,22549770.00
2021/03/01,19.47,20.04,19.43,20.00,2022500,26136270.00
2021/03/02,20.01,20.18,19.64,19.73,1795012,23220090.00
2021/03/03,19.64,20.03,19.64,19.95,1573199,20349584.00
2021/03/04,19.97,20.06,19.62,19.64,2021746,26137264.00
2021/03/05,19.53,19.85,19.52,19.77,1305150,16771982.00
2021/03/08,19.83,20.06,19.70,19.70,1977459,25612876.00
2021/03/09,19.65,20.00,18.72,19.29,2250550,28468446.00
2021/03/10,19.38,19.47,18.57,18.59,1970174,24179584.00
2021/03/11,18.72,19.01,18.53,18.98,1232050,15109791.00
2021/03/12,18.98,19.14,18.75,18.92,1096300,13516712.00
2021/03/15,19.01,19.20,18.83,19.16,1121446,13898731.00
2021/03/16,19.16,19.44,19.16,19.37,1115646,14038299.00
2021/03/17,19.74,19.77,19.37,19.56,1332968,16937582.00
2021/03/18,19.58,19.77,19.46,19.53,1523409,19455892.00
2021/03/19,19.38,20.06,19.10,19.85,2284400,29451254.00
2021/03/22,19.97,20.37,19.85,20.21,2642327,34664704.00
2021/03/23,20.25,20.31,19.85,20.28,2093750,27383350.00
2021/03/24,20.12,20.69,20.10,20.55,2627150,34898552.00
2021/03/25,20.22,20.22,18.83,19.40,4378200,55384980.00
2021/03/26,19.26,19.91,19.26,19.61,2021508,25835184.00
2021/03/29,19.58,19.62,19.05,19.20,2295689,28820816.00
2021/03/30,19.94,20.48,19.55,19.64,4942150,64583736.00
2021/03/31,19.89,20.63,19.83,20.18,4060600,53527504.00
2021/04/01,20.13,20.15,19.76,20.09,2391450,31123410.00
2021/04/02,20.00,20.78,19.65,20.78,4683861,61948956.00
2021/04/06,20.82,21.00,20.52,20.73,4132536,55912604.00
2021/04/07,20.36,20.76,20.33,20.45,2587800,34581112.00
2021/04/08,20.43,20.84,20.22,20.37,2341500,31352170.00
2021/04/09,20.37,20.69,20.21,20.60,1889000,25190854.00
2021/04/12,20.55,21.27,20.45,21.12,4125500,56266864.00
2021/04/13,21.12,21.14,20.27,20.64,3842095,51610512.00
2021/04/14,20.81,20.81,20.36,20.69,2289484,30750198.00
2021/04/15,20.72,21.06,20.60,21.06,3284339,44833156.00
2021/04/16,21.18,21.23,20.90,20.99,3443853,47368756.00
2021/04/19,20.85,21.56,20.78,21.38,4148714,57451436.00
2021/04/20,21.44,21.68,21.17,21.36,3250531,45441360.00
2021/04/21,21.33,21.51,21.00,21.12,2124300,29314016.00
2021/04/22,21.06,21.66,21.05,21.39,2813638,39319108.00
2021/04/23,21.17,21.27,20.42,20.63,3962601,53449828.00
2021/04/26,20.63,21.68,20.42,21.00,3873759,53459304.00
2021/04/27,21.02,21.53,20.94,21.18,3420714,47449020.00
2021/04/28,20.94,21.53,20.63,21.53,3414357,47142184.00
2021/04/29,21.36,21.56,21.03,21.11,2658850,36803916.00
2021/04/30,21.38,21.38,20.58,20.79,3020500,41219844.00
2021/05/06,20.66,21.62,20.46,21.57,4661450,64828904.00
2021/05/07,21.42,21.45,20.84,20.87,3663200,50498020.00
2021/05/10,20.81,21.66,20.33,21.62,6130508,84895040.00
2021/05/11,21.45,21.74,20.94,21.60,4731182,66037852.00
2021/05/12,21.54,22.22,21.35,22.11,6102258,87016296.00
2021/05/13,21.86,22.14,21.54,21.68,4308420,61270320.00
2021/05/14,21.03,21.24,20.73,21.03,6049987,82568496.00
2021/05/17,20.82,21.05,20.43,20.54,3542026,47275316.00
2021/05/18,20.39,20.78,20.33,20.60,2382369,31669042.00
2021/05/19,20.52,20.78,19.83,19.86,4506731,58511500.00
2021/05/20,19.76,20.09,19.68,19.92,1597450,20557184.00
2021/05/21,19.79,20.01,19.79,19.86,1341309,17249156.00
2021/05/24,19.83,20.13,19.82,19.94,1862639,24021362.00
2021/05/25,19.86,20.04,19.74,20.03,2096620,26954462.00
2021/05/26,19.97,20.09,19.91,19.95,1876531,24256030.00
2021/05/27,19.80,20.09,19.77,20.00,2081133,26857256.00
2021/05/28,19.92,20.03,19.47,19.56,2675500,34108816.00
2021/05/31,19.65,19.92,19.50,19.92,1942800,24816260.00
2021/06/01,19.88,20.04,19.79,19.98,1461909,18863702.00
2021/06/02,19.89,20.01,19.71,19.73,1550150,19897956.00
2021/06/03,19.65,20.00,19.62,19.74,1406126,18053260.00
2021/06/04,19.73,19.92,19.73,19.80,1363900,17459042.00
2021/06/07,19.86,19.91,19.59,19.82,1651350,21114172.00
2021/06/08,19.82,20.30,19.73,20.18,3142181,40738800.00
2021/06/09,20.10,20.24,20.00,20.18,1937000,25239984.00
2021/06/10,20.06,20.27,20.04,20.24,2202200,28729584.00
2021/06/11,20.30,20.73,20.19,20.66,4444580,59014672.00
2021/06/15,20.78,20.93,20.33,20.69,3402850,45532984.00
2021/06/16,20.72,20.82,20.24,20.33,2706279,35959544.00
2021/06/17,20.33,20.85,20.33,20.64,2591789,34610760.00
2021/06/18,20.75,20.85,20.51,20.85,2479889,33283348.00
2021/06/21,20.73,21.21,20.69,21.03,2640150,35893104.00
2021/06/22,20.97,21.26,20.90,20.96,2478518,33760744.00
2021/06/23,21.15,21.38,20.93,21.11,2487950,33997768.00
2021/06/24,21.21,21.57,21.03,21.23,3552696,49084820.00
2021/06/25,21.12,21.20,20.63,20.78,2805950,37915704.00
2021/06/28,20.97,21.56,20.78,21.23,2872396,39246104.00
2021/06/29,21.02,21.09,20.57,20.64,2952159,39634808.00
2021/06/30,20.60,21.38,20.60,21.08,3368200,45965732.00
2021/07/01,21.02,21.23,20.63,20.67,2388050,32322868.00
2021/07/02,20.49,21.38,20.27,21.15,4638449,63021236.00
2021/07/05,21.05,21.53,20.96,21.45,4473600,61736624.00
2021/07/06,21.39,21.84,21.23,21.65,4692399,65593132.00
2021/07/07,21.45,21.98,21.42,21.59,4503559,63239032.00
2021/07/08,21.74,21.75,21.33,21.72,3884959,54184724.00
2021/07/09,21.84,22.49,21.62,21.98,6694669,95673936.00
2021/07/12,21.98,22.43,21.86,22.01,5331103,76429512.00
2021/07/13,21.89,22.49,21.65,22.44,5756453,82764840.00
2021/07/14,22.49,22.49,21.77,21.95,4417488,63230388.00
2021/07/15,21.95,22.16,21.35,22.05,5214500,73543752.00
2021/07/16,21.98,22.26,21.75,21.86,3843394,54770448.00
2021/07/19,21.75,21.92,21.45,21.87,3129750,43990848.00
2021/07/20,21.77,21.78,21.12,21.60,3090600,42878208.00
2021/07/21,21.78,22.19,21.48,21.71,4075688,57680576.00
2021/07/22,21.62,22.35,21.47,22.17,5270246,75067320.00
2021/07/23,22.02,22.29,21.77,21.92,3526100,50315916.00
2021/07/26,21.77,22.35,21.47,22.23,5358796,76637928.00
2021/07/27,22.08,23.03,22.05,22.22,7646900,111923696.00
2021/07/28,22.05,23.24,21.48,22.94,11426102,167877600.00
2021/07/29,23.10,23.78,22.68,23.61,11248588,170128304.00
2021/07/30,23.39,23.58,22.97,23.43,7715132,116508912.00
2021/08/02,23.24,25.71,23.19,24.62,17448064,281995360.00
2021/08/03,24.09,25.11,23.43,23.43,14124964,222510848.00
2021/08/04,23.61,24.83,23.61,24.59,11306546,179132144.00
2021/08/05,24.20,24.44,23.52,24.00,7011647,109231520.00
2021/08/06,23.82,23.93,23.34,23.70,4844300,74265240.00
2021/08/09,23.70,23.99,22.98,23.87,5139794,78480496.00
2021/08/10,23.84,24.54,23.66,24.48,6252217,98805736.00
2021/08/11,24.23,24.50,23.84,24.36,4456635,69906744.00
2021/08/12,24.26,24.36,23.61,23.82,5244197,81374976.00
2021/08/13,23.96,24.30,23.49,24.18,4969459,77037304.00
2021/08/16,24.27,25.05,24.15,24.26,7384896,118294016.00
2021/08/17,23.85,24.17,23.04,23.19,5409060,82934304.00
2021/08/18,23.01,23.54,23.01,23.24,3107571,46930736.00
2021/08/19,23.24,23.82,22.56,23.72,4888750,73505792.00
2021/08/20,24.60,25.92,24.09,25.41,17621376,287791648.00
2021/08/23,27.27,27.89,27.15,27.89,6020342,108809256.00
2021/08/24,30.62,30.62,28.05,28.59,22176032,426776576.00
2021/08/25,29.12,31.40,29.12,31.40,20195439,399949536.00
2021/08/26,31.89,34.35,29.04,32.64,39488441,814251520.00
2021/08/27,30.68,34.65,30.62,32.21,31196470,671012864.00
2021/08/30,32.09,34.56,31.19,33.41,24925900,528954048.00
2021/08/31,32.10,32.85,30.74,30.84,22514117,465448640.00
2021/09/01,30.53,31.11,28.50,28.98,16884055,326524864.00
2021/09/02,28.86,30.69,28.68,29.93,13239899,257848704.00
2021/09/03,30.12,31.79,29.45,30.08,13521950,270214944.00
2021/09/06,30.00,30.08,28.56,30.05,10339040,198075744.00
2021/09/07,30.00,30.51,29.58,30.27,8511800,167197808.00
2021/09/08,30.29,30.29,29.13,29.16,8657495,166499712.00
2021/09/09,29.40,30.47,28.61,30.35,12232200,235647408.00
2021/09/10,30.12,30.27,29.31,29.40,9284818,179980512.00
2021/09/13,29.13,30.00,28.47,29.46,8870845,168914128.00
2021/09/14,29.10,31.32,28.68,31.07,17388921,344448960.00
2021/09/15,30.41,31.62,29.85,30.57,13423666,268467456.00
2021/09/16,30.17,31.35,30.11,30.54,10698111,214509856.00
2021/09/17,30.24,30.24,28.23,28.47,9358662,177076896.00
2021/09/22,27.63,28.28,27.00,27.24,6887000,123264640.00
2021/09/23,27.24,27.68,26.61,26.70,6190270,108518688.00
2021/09/24,26.70,26.88,25.97,26.15,4637100,79445600.00
2021/09/27,26.07,26.34,24.53,24.86,5284100,86984928.00
2021/09/28,24.86,25.80,24.84,25.23,3852550,63455300.00
2021/09/29,24.27,25.11,24.12,24.21,4067380,64921468.00
2021/09/30,24.23,24.98,24.23,24.89,2781899,44716468.00
2021/10/08,25.05,25.58,24.87,25.17,2458423,40227712.00
2021/10/11,25.17,25.40,24.45,25.35,2727779,44392108.00
2021/10/12,25.35,25.35,24.00,24.38,3714650,59240212.00
2021/10/13,24.38,25.01,24.06,24.93,3246900,52106720.00
2021/10/14,25.34,26.85,25.20,26.78,11171283,191572816.00
2021/10/15,26.12,26.61,25.77,26.22,6677800,113646152.00
2021/10/18,26.22,26.99,25.80,26.46,5642250,97596320.00
2021/10/19,26.39,26.81,26.10,26.55,4623051,79665456.00
2021/10/20,26.58,27.14,26.45,26.61,4778510,83252224.00
2021/10/21,26.55,26.55,25.80,25.83,5116451,86694592.00
2021/10/22,26.07,26.09,25.05,25.37,4162966,69005560.00
2021/10/25,25.05,25.61,24.86,25.40,3485175,57467576.00
2021/10/26,25.44,26.27,25.02,25.14,4529850,75613320.00
2021/10/27,24.87,25.32,24.09,24.35,4121882,65583788.00
2021/10/28,24.35,24.53,23.46,23.49,3632400,56353240.00
2021/10/29,23.55,23.90,23.25,23.70,3058959,46987908.00
2021/11/01,23.70,24.50,23.40,24.48,3955800,61922968.00
2021/11/02,24.50,24.75,23.63,23.97,3643000,57267576.00
2021/11/03,23.97,24.20,23.49,23.88,2754450,42478444.00
2021/11/04,23.88,24.56,23.79,24.41,3055449,48207308.00
2021/11/05,24.51,24.65,24.02,24.14,2648000,41731528.00
2021/11/08,24.18,25.34,23.75,24.95,5108100,81869816.00
2021/11/09,24.96,24.96,24.54,24.90,2772683,44665836.00
2021/11/10,24.90,25.65,24.68,25.62,6181733,101805704.00
2021/11/11,25.62,25.97,25.25,25.79,5147000,86008832.00
2021/11/12,25.61,25.94,25.31,25.68,4430000,74069480.00
2021/11/15,25.67,25.98,25.20,25.97,5221900,87460624.00
2021/11/16,25.86,25.95,25.14,25.16,4366750,72256648.00
2021/11/17,25.34,26.70,25.22,26.70,9436400,161044976.00
2021/11/18,26.49,27.23,26.22,26.31,8647300,150724928.00
2021/11/19,26.19,27.14,26.07,27.09,7055406,122928424.00
2021/11/22,26.96,27.12,26.46,26.94,5429520,94569864.00
2021/11/23,26.94,26.96,26.28,26.48,4370820,75571664.00
2021/11/24,26.54,26.63,26.13,26.28,3502400,60147296.00
2021/11/25,26.40,26.81,26.21,26.39,3586520,61901400.00
2021/11/26,26.10,26.79,25.94,26.27,3435650,59154600.00
2021/11/29,25.80,26.52,25.62,26.45,2781000,47599400.00
2021/11/30,26.37,27.20,26.33,26.78,5340050,93260904.00
2021/12/01,26.99,29.40,26.79,29.40,15770795,290843264.00
2021/12/02,29.25,29.94,28.16,28.37,16651445,316038816.00
2021/12/03,28.32,28.71,27.30,27.59,8923209,161344832.00
2021/12/06,27.74,27.83,26.94,27.03,6094100,108677416.00
2021/12/07,27.15,27.30,24.86,25.20,9625498,160217664.00
2021/12/08,24.93,25.44,24.93,25.23,3906511,64211424.00
2021/12/09,25.35,27.69,25.20,27.69,8337550,146248880.00
2021/12/10,27.63,27.63,25.91,26.87,9706290,170098848.00
2021/12/13,26.88,27.60,26.57,27.23,6536111,115297224.00
2021/12/14,27.18,28.14,26.81,27.89,7858500,141838528.00
2021/12/15,27.75,28.29,27.47,27.68,6175154,112025352.00
2021/12/16,27.90,28.50,27.44,28.05,8108380,148250464.00
2021/12/17,28.19,28.19,27.36,27.53,5451850,98366760.00
2021/12/20,27.53,27.65,26.60,26.69,4731150,83230240.00
2021/12/21,26.69,27.23,26.37,26.84,3561800,62121120.00
2021/12/22,26.99,27.23,26.25,26.40,3189600,55073384.00
2021/12/23,26.49,26.72,26.07,26.07,3399999,58110152.00
2021/12/24,26.10,26.37,25.38,25.38,3872835,64936356.00
2021/12/27,25.38,26.40,25.22,26.21,3811500,64477364.00
2021/12/28,26.24,27.20,26.10,26.90,4910020,85497984.00
2021/12/29,26.90,26.90,26.45,26.57,3056850,53081616.00
2021/12/30,26.37,27.09,26.37,26.84,2960355,51742008.00
2021/12/31,26.73,27.78,26.72,27.50,5753509,103098200.00
2022/01/04,27.45,27.71,27.06,27.51,4363389,77806608.00
2022/01/05,27.53,27.53,26.40,26.88,4774439,83569480.00
2022/01/06,26.88,28.05,26.81,27.57,5228759,93841600.00
2022/01/07,27.51,27.75,26.58,26.69,4060002,71954368.00
2022/01/10,26.67,27.14,25.95,26.36,3737010,64635712.00
2022/01/11,26.49,28.43,26.49,27.24,6614394,118542760.00
2022/01/12,27.09,27.68,27.09,27.45,3932100,70200056.00
2022/01/13,27.47,27.60,26.69,26.88,2859750,50292604.00
2022/01/14,27.15,27.47,26.30,26.45,3585050,62533344.00
2022/01/17,26.40,28.01,26.27,27.92,7207862,129021792.00
2022/01/18,27.71,27.90,27.21,27.32,5020320,89600584.00
2022/01/19,26.99,27.72,26.87,27.56,4017509,71552144.00
2022/01/20,27.56,27.69,25.41,25.64,7380300,125694680.00
2022/01/21,25.64,25.65,24.29,24.45,4275800,68761288.00
2022/01/24,24.29,24.77,24.08,24.75,1657950,26441714.00
2022/01/25,24.77,24.96,23.21,23.28,3164319,48820924.00
2022/01/26,23.21,23.66,22.89,23.43,1745850,26394920.00
2022/01/27,23.39,23.49,22.56,22.82,1894193,28225056.00
2022/01/28,22.94,23.66,22.80,23.27,1852700,28005856.00
2022/02/07,23.51,24.05,23.39,23.88,1632450,25171578.00
2022/02/08,23.70,24.21,23.25,24.21,1458250,22700572.00
2022/02/09,24.15,24.35,24.00,24.23,2040226,32055802.00
2022/02/10,24.15,24.23,23.78,23.99,1832700,28552332.00
2022/02/11,23.85,23.87,23.21,23.49,1888792,28786230.00
2022/02/14,23.45,23.90,23.22,23.73,1185253,18250246.00
2022/02/15,23.58,23.78,23.37,23.67,1067800,16351088.00
2022/02/16,23.67,24.87,23.67,24.62,4381784,69622992.00
2022/02/17,24.50,24.96,24.36,24.54,3737900,59880676.00
2022/02/18,24.39,24.59,24.18,24.53,1550600,24594368.00
2022/02/21,24.35,24.77,24.27,24.77,1854400,29638248.00
2022/02/22,24.56,24.80,24.17,24.42,1714359,27258832.00
2022/02/23,24.57,25.17,24.21,25.14,3259283,52685800.00
2022/02/24,24.90,25.73,23.78,24.38,4396800,71113584.00
2022/02/25,24.53,25.44,24.48,24.95,3437603,56038048.00
2022/02/28,24.95,24.95,24.00,24.45,2085418,33088400.00
2022/03/01,24.44,24.68,24.14,24.42,2331368,36992568.00
2022/03/02,24.24,24.59,24.21,24.48,1291500,20507476.00
2022/03/03,24.57,24.60,24.15,24.24,1770000,27963056.00
2022/03/04,24.08,24.38,23.67,23.82,1749384,27350656.00
2022/03/07,23.60,23.79,23.06,23.13,2004109,30506670.00
2022/03/08,23.10,23.46,22.35,22.37,2267450,33638904.00
2022/03/09,22.43,22.89,21.36,22.28,2338633,33721564.00
2022/03/10,22.67,22.94,22.28,22.32,1988786,29179858.00
2022/03/11,22.10,22.62,21.75,22.53,1729618,24979630.00
2022/03/14,22.40,22.58,21.81,21.83,1347100,19423212.00
2022/03/15,21.78,21.92,20.45,20.52,2116400,29176418.00
2022/03/16,21.00,21.27,20.25,21.20,2190153,29555982.00
2022/03/17,21.39,21.96,21.38,21.50,1988449,27855504.00
2022/03/18,21.48,21.93,21.48,21.77,1304500,18411410.00
2022/03/21,21.78,22.05,21.63,21.96,1101950,15621759.00
2022/03/22,21.99,22.26,21.72,22.01,1245850,17737368.00
2022/03/23,22.01,22.23,21.87,22.08,1260500,18075282.00
2022/03/24,22.01,22.01,21.48,21.56,1229600,17268206.00
2022/03/25,21.63,21.95,21.63,21.75,1237800,17477422.00
2022/03/28,21.69,22.02,21.30,21.96,1306600,18430204.00
2022/03/29,21.90,21.90,21.00,21.08,2172200,30025246.00
2022/03/30,21.30,21.50,21.09,21.30,1126100,15530284.00
2022/03/31,21.30,21.87,21.08,21.62,1639700,22956626.00
2022/04/01,21.60,21.77,21.24,21.44,1544500,21412740.00
2022/04/06,21.30,21.78,21.30,21.75,1363150,19135480.00
2022/04/07,21.56,21.66,21.02,21.12,1282500,17722464.00
2022/04/08,21.12,21.24,20.49,20.99,1651809,22252736.00
2022/04/11,20.88,20.88,19.68,19.95,1660670,21781698.00
2022/04/12,20.25,21.89,19.95,21.89,2349265,32599586.00
2022/04/13,21.75,24.02,21.51,24.02,11066748,165758128.00
2022/04/14,25.35,26.36,23.99,26.36,26781444,450254272.00
2022/04/15,25.37,28.94,23.78,27.42,35232208,606553920.00
2022/04/18,24.74,26.07,24.74,24.74,21128700,343993632.00
2022/04/19,24.11,25.14,23.40,24.56,18727769,295698752.00
2022/04/20,24.24,25.19,23.78,25.02,17968519,286638336.00
2022/04/21,24.60,24.60,22.58,22.58,14863120,225130112.00
2022/04/22,21.68,22.05,20.39,20.39,13738249,188783344.00
2022/04/25,19.50,19.97,18.75,18.98,9796300,122688008.00
2022/04/26,19.05,19.34,17.76,17.97,9093900,109681608.00
2022/04/27,17.69,18.81,17.55,18.75,7658820,90452224.00
2022/04/28,18.42,19.26,18.24,18.83,8882867,107741840.00
2022/04/29,18.57,19.58,18.57,19.31,7751200,95985640.00
2022/05/05,19.19,19.74,19.04,19.43,6609709,83032240.00
2022/05/06,18.92,21.30,18.87,20.12,10668972,138042208.00
2022/05/09,19.80,20.78,19.76,20.07,6994400,90904368.00
2022/05/10,19.82,21.56,19.74,20.88,10044464,136350864.00
2022/05/11,21.14,21.27,20.30,20.34,9339000,125472560.00
2022/05/12,20.15,20.61,20.07,20.54,4940706,65270428.00
2022/05/13,20.72,20.72,20.19,20.39,3870700,51093036.00
2022/05/16,20.61,20.67,20.22,20.33,3507732,46249920.00
2022/05/17,20.28,20.78,19.95,20.70,5857600,76029520.00
2022/05/18,20.55,20.81,20.45,20.46,4539000,59672036.00
2022/05/19,20.06,20.94,19.92,20.76,4318589,56727112.00
2022/05/20,20.93,20.97,20.54,20.84,3791456,50135500.00
2022/05/23,20.69,21.20,20.69,21.15,4264100,57211940.00
2022/05/24,21.03,21.78,20.33,20.33,6073550,81493704.00
2022/05/25,20.33,20.93,20.31,20.85,3732100,49219888.00
2022/05/26,21.12,21.24,20.43,21.08,4256200,56840268.00
2022/05/27,21.18,21.23,20.69,20.96,3038567,40640868.00
2022/05/30,21.11,21.23,20.60,20.99,3256600,43427336.00
2022/05/31,20.99,21.24,20.72,21.21,3847900,51727976.00
2022/06/01,21.18,21.71,21.09,21.54,5013950,68619408.00
2022/06/02,21.44,22.02,21.17,21.83,4168850,57549844.00
2022/06/06,21.84,22.13,21.69,22.01,4335400,60805092.00
2022/06/07,21.96,22.13,21.45,21.69,3853550,53366220.00
2022/06/08,21.89,21.89,20.82,21.45,4375800,59615508.00
2022/06/09,21.48,21.48,20.67,20.81,3305900,44162464.00
2022/06/10,20.73,21.21,20.69,21.03,3033200,40726976.00
2022/06/13,21.00,21.63,20.79,21.32,3803600,51877228.00
2022/06/14,21.36,21.72,20.60,21.20,4249053,57083096.00
2022/06/15,21.27,21.42,21.00,21.08,3659100,49523060.00
2022/06/16,21.03,21.42,21.00,21.41,3183750,43299720.00
2022/06/17,21.24,21.98,21.05,21.96,5548600,76912360.00
2022/06/20,21.96,22.59,21.86,22.37,6079150,86698184.00
2022/06/21,22.52,23.55,22.35,22.65,9004550,132054224.00
2022/06/22,22.58,22.85,22.13,22.25,4795618,68701080.00
2022/06/23,22.22,22.85,22.22,22.79,4550550,65777844.00
2022/06/24,22.77,23.40,22.62,23.25,6234430,91990592.00
2022/06/27,23.25,24.24,22.88,23.90,8593280,129683992.00
2022/06/28,23.64,25.05,23.43,24.96,12380864,194505312.00
2022/06/29,24.90,24.90,23.73,23.73,8474100,131781136.00
2022/06/30,23.64,24.27,23.42,23.60,5764500,88255696.00
2022/07/01,23.69,24.15,23.42,23.69,3373700,51270088.00
2022/07/04,23.66,24.21,23.52,24.03,3932422,60371392.00
2022/07/05,23.90,23.99,23.07,23.37,4454665,66901944.00
2022/07/06,23.39,24.66,23.07,24.12,7105600,109547496.00
2022/07/07,24.05,24.11,23.22,23.46,5805302,87281336.00
2022/07/08,23.45,24.35,23.40,23.79,6465800,99715640.00
2022/07/11,23.70,24.05,23.36,23.90,4652400,70671392.00
2022/07/12,24.11,24.11,22.92,22.95,4909750,73165328.00
2022/07/13,22.92,23.73,22.73,23.57,4823246,72601592.00
2022/07/14,23.70,24.24,23.46,24.00,4436450,68208144.00
2022/07/15,24.02,24.26,23.61,23.97,4537750,69905256.00
2022/07/18,23.97,24.65,23.96,24.65,5815522,90695656.00
2022/07/19,24.57,25.08,24.38,24.81,6314406,100494496.00
2022/07/20,24.92,25.89,24.57,25.35,7370050,119215984.00
2022/07/21,25.19,25.65,24.98,25.23,5349493,86882568.00
2022/07/22,25.13,25.80,24.93,25.20,5155850,84223440.00
2022/07/25,24.38,24.86,24.15,24.36,5609650,88168496.00
2022/07/26,24.56,24.56,23.16,24.45,4719900,72545808.00
2022/07/27,24.51,25.53,24.29,25.34,5088240,82146720.00
2022/07/28,25.37,25.74,25.05,25.29,5558750,90725424.00
2022/07/29,25.65,27.74,25.46,27.74,12307250,214401072.00
2022/08/01,28.25,29.93,27.71,27.71,30173322,555585856.00
2022/08/02,27.15,30.39,26.90,30.39,31360750,583103872.00
2022/08/03,29.22,33.15,28.11,31.46,37395640,732843584.00
2022/08/04,30.90,31.50,29.70,30.77,20931193,413733088.00
2022/08/05,30.65,33.00,29.10,31.50,24705459,494305376.00
2022/08/08,30.72,33.56,30.38,31.16,24779111,512299936.00
2022/08/09,32.40,32.54,29.99,31.34,24040455,486225280.00
2022/08/10,30.89,34.38,30.17,34.38,20392753,426741888.00
2022/08/11,36.14,37.73,35.88,37.73,11924093,286529280.00
2022/08/12,41.42,41.42,36.30,41.42,30929449,810225792.00
2022/08/15,44.22,45.47,43.52,45.47,26085687,769458688.00
2022/08/16,44.33,44.79,41.01,41.55,51100428,1410985600.00
2022/08/17,39.35,39.80,37.49,37.49,32860722,816670272.00
2022/08/18,35.55,41.15,35.55,41.15,44970398,1154731648.00
2022/08/19,41.69,45.17,41.69,45.17,43706797,1269745152.00
2022/08/22,41.94,42.50,40.74,40.74,20457718,547160064.00
2022/08/23,39.90,42.56,38.37,41.54,31797903,838149824.00
2022/08/24,40.35,40.67,37.47,37.47,22993521,575905024.00
2022/08/25,36.15,38.84,36.15,37.04,21111961,515085824.00
2022/08/26,36.80,37.92,34.80,34.88,20189957,472730752.00
2022/08/29,34.38,35.97,34.38,35.22,11029030,252975456.00
2022/08/30,35.36,35.63,33.84,34.08,9063408,202093792.00
2022/08/31,34.17,34.37,31.65,31.83,9825793,207103632.00
2022/09/01,32.28,32.45,31.32,31.67,5767218,118684840.00
2022/09/02,32.37,34.13,31.58,32.87,8679025,185114512.00
2022/09/05,33.23,34.35,32.27,33.30,9464922,203228448.00
2022/09/06,33.60,35.84,32.88,35.22,14402834,323837920.00
2022/09/07,35.39,38.66,35.12,38.66,7235040,176612160.00
2022/09/08,38.85,41.10,37.80,38.93,23164741,593817792.00
2022/09/09,37.65,38.96,36.03,37.79,16481482,399023392.00
2022/09/13,37.86,38.25,35.75,36.50,10319794,245047808.00
2022/09/14,35.78,36.66,34.77,35.46,9416896,217850560.00
2022/09/15,36.32,36.39,33.27,33.86,8525117,188795648.00
2022/09/16,33.68,35.18,33.05,33.90,8232050,183507664.00
2022/09/19,35.09,37.20,34.67,35.58,16057336,377003584.00
2022/09/20,35.00,36.96,34.55,35.81,15686389,366050368.00
2022/09/21,35.42,35.79,33.92,34.46,10081796,227349072.00
2022/09/22,34.77,37.82,34.76,37.82,11787808,283472960.00
2022/09/23,36.98,38.33,36.41,36.57,17452131,420936320.00
2022/09/26,36.03,39.63,35.85,38.40,18681105,462843008.00
2022/09/27,37.65,40.20,37.52,39.15,16303182,414698688.00
2022/09/28,38.55,38.69,36.47,36.98,10609245,258460096.00
2022/09/29,38.00,38.00,35.40,37.05,9270768,220642080.00
2022/09/30,36.48,36.74,33.90,34.35,9367219,213110592.00
2022/10/10,34.13,35.21,33.63,34.65,6607100,148004256.00
2022/10/11,34.02,34.50,31.28,31.53,10836718,224014256.00
2022/10/12,31.55,32.63,29.91,32.34,10486692,211272144.00
2022/10/13,31.65,32.93,31.50,31.82,6600300,137504960.00
2022/10/14,32.10,33.44,32.10,32.84,8062729,171757424.00
2022/10/17,32.82,36.03,32.64,36.03,4572611,105640416.00
2022/10/18,39.54,39.54,36.03,38.70,33141230,818065792.00
2022/10/19,36.47,38.52,35.75,36.45,20737222,500734432.00
2022/10/20,35.60,38.06,35.42,37.16,17289330,415821888.00
2022/10/21,36.63,38.22,36.09,37.95,16635172,405719328.00
2022/10/24,38.52,41.66,38.52,41.66,30380320,808392384.00
2022/10/25,40.32,45.47,40.01,41.78,32855348,912972736.00
2022/10/26,41.57,42.87,39.15,42.65,25718918,688651328.00
2022/10/27,40.95,43.32,39.15,40.14,21769441,584066368.00
2022/10/28,38.40,39.60,37.16,38.36,17121407,427169632.00
2022/10/31,38.31,39.36,36.92,38.72,14149154,354216064.00
2022/11/01,38.97,40.86,38.25,40.79,17042282,442139424.00
2022/11/02,39.53,40.65,39.02,40.05,14477994,376070976.00
2022/11/03,39.36,40.92,39.17,39.20,11794332,307881632.00
2022/11/04,39.24,42.75,39.24,40.19,17561160,464350208.00
2022/11/07,40.25,41.85,39.96,40.25,15131221,400184640.00
2022/11/08,39.99,40.55,37.89,38.37,12548651,313520800.00
2022/11/09,38.45,39.53,38.01,39.20,10760107,272066560.00
2022/11/10,38.48,39.35,36.44,36.59,13226204,324259232.00
2022/11/11,36.92,37.50,35.55,35.60,10017666,237506720.00
2022/11/14,35.21,36.51,34.65,36.08,6221858,145054384.00
2022/11/15,35.61,39.60,35.61,38.79,16741464,415745056.00
2022/11/16,38.40,38.70,37.20,37.34,9125935,223615936.00
2022/11/17,37.10,37.50,36.44,37.49,5226570,125454632.00
2022/11/18,37.14,37.70,35.79,36.08,6690949,160286048.00
2022/11/21,35.40,37.71,35.40,37.29,6644120,159138032.00
2022/11/22,37.02,37.40,35.70,35.96,5237048,124203160.00
2022/11/23,35.94,36.02,33.42,34.64,7377589,164342912.00
2022/11/24,34.95,36.12,34.67,35.28,4878691,112418936.00
2022/11/25,35.07,35.52,34.25,34.49,3024000,67987488.00
2022/11/28,34.10,34.76,33.77,34.34,3256862,72202816.00
2022/11/29,34.07,35.06,34.07,34.97,3948764,89077032.00
2022/11/30,35.10,36.23,34.43,35.63,5589330,128955680.00
2022/12/01,35.61,37.58,35.45,36.71,8190622,195701952.00
2022/12/02,36.24,37.55,36.23,37.29,6263878,151396128.00
2022/12/05,37.44,39.72,36.30,36.65,9216136,226851904.00
2022/12/06,36.35,37.77,36.35,37.26,5744792,138542640.00
2022/12/07,36.93,37.61,36.48,36.60,4224192,101298216.00
2022/12/08,36.17,36.68,35.55,35.55,3781844,88476440.00
2022/12/09,35.58,35.90,34.86,34.88,3107418,71082304.00
2022/12/12,34.95,36.39,34.70,35.79,4036529,93577376.00
2022/12/13,35.40,35.54,33.95,34.17,4653834,104458776.00
2022/12/14,34.05,35.33,34.05,34.44,3403180,76584216.00
2022/12/15,34.43,35.64,33.84,35.60,5684012,129848952.00
2022/12/16,35.03,35.22,34.28,34.64,4343374,97455216.00
2022/12/19,34.65,34.65,32.37,32.73,5501550,118525360.00
2022/12/20,32.40,33.30,32.19,33.23,4039490,86471864.00
2022/12/21,32.85,33.26,31.74,32.12,3881129,81304216.00
2022/12/22,32.61,32.70,30.98,31.07,3307152,67250704.00
2022/12/23,30.71,31.34,30.53,31.22,3014856,60480892.00
2022/12/26,31.22,32.55,30.89,32.40,3756524,77998088.00
2022/12/27,32.40,33.18,31.97,32.66,3433494,72314768.00
2022/12/28,32.45,32.85,31.47,31.50,2750900,56861848.00
2022/12/29,31.52,31.82,31.11,31.14,2264696,46057708.00
2022/12/30,31.37,31.41,30.45,30.89,3114000,62176848.00
2023/01/03,30.89,32.15,30.69,31.98,4322444,88441552.00
2023/01/04,32.22,32.22,30.38,31.43,8046250,161677248.00
2023/01/05,31.35,31.76,30.84,31.50,4696500,95262624.00
2023/01/06,31.28,32.01,31.22,31.67,3979641,81657384.00
2023/01/09,31.65,32.30,31.07,31.32,4916239,100440664.00
2023/01/10,31.17,33.72,30.87,32.78,11044494,231927792.00
2023/01/11,32.37,32.63,31.44,31.46,6775693,140193888.00
2023/01/12,32.01,33.38,31.86,32.66,9554756,201292016.00
2023/01/13,32.25,32.64,31.82,32.04,5181634,107749544.00
2023/01/16,32.18,32.24,31.76,32.00,3959361,82069816.00
2023/01/17,31.80,32.04,31.01,31.40,5236081,106377808.00
2023/01/18,31.34,31.56,31.02,31.23,2215500,44865380.00
2023/01/19,31.07,32.07,30.77,31.97,5393205,110236048.00
2023/01/20,32.22,33.53,32.13,32.88,8457205,180770160.00
2023/01/30,33.15,34.02,33.15,33.93,7655276,167646832.00
2023/01/31,33.93,34.08,33.38,33.83,5125906,112509008.00
2023/02/01,33.95,34.22,33.71,34.22,5527910,121968120.00
2023/02/02,33.95,35.45,33.92,34.52,8213171,184977664.00
2023/02/03,34.19,34.71,33.77,34.41,5649240,125057232.00
2023/02/06,34.44,36.41,34.13,35.85,12981496,299659328.00
2023/02/07,36.00,38.40,35.55,37.62,19070605,465670400.00
2023/02/08,37.47,38.18,36.44,38.03,12242989,298064992.00
2023/02/09,38.67,38.67,37.23,38.24,10405124,257109072.00
2023/02/10,37.80,38.33,37.28,37.38,6269050,153979216.00
2023/02/13,37.74,39.47,37.74,38.49,12228552,308895552.00
2023/02/14,38.46,39.00,37.40,37.65,7092265,174239984.00
2023/02/15,37.68,37.98,37.08,37.43,5616794,136495344.00
2023/02/16,37.35,39.68,37.29,38.19,14015504,353808352.00
2023/02/17,38.19,38.97,37.29,37.53,7480363,184800208.00
2023/02/20,37.28,37.58,36.53,37.46,5832612,140745024.00
2023/02/21,37.61,40.49,37.41,38.90,13234711,335491232.00
2023/02/22,38.91,40.10,37.77,39.42,9866611,252830704.00
2023/02/23,39.33,39.89,38.42,38.75,6785145,171721776.00
2023/02/24,39.12,39.59,38.10,38.36,5512034,139000736.00
2023/02/27,37.83,38.60,37.29,37.47,4085400,100702176.00
2023/02/28,37.80,38.18,36.86,37.95,5377500,130921360.00
2023/03/01,37.97,41.55,37.76,40.73,13060035,339523264.00
2023/03/02,40.98,41.09,38.85,39.23,10293960,264902528.00
2023/03/03,39.15,40.34,38.94,39.48,7139785,184412640.00
2023/03/06,39.69,40.17,38.79,39.03,5368734,137239552.00
2023/03/07,39.06,39.56,37.68,37.73,5357129,134158568.00
2023/03/08,37.47,39.41,37.47,38.45,3732043,93250128.00
2023/03/09,38.55,39.00,37.64,37.88,2421005,59826492.00
2023/03/10,37.73,38.37,37.32,37.37,2456687,60420028.00
2023/03/13,37.10,37.55,35.81,36.35,5715170,135081280.00
2023/03/14,36.41,36.83,35.64,35.90,3415312,80213744.00
2023/03/15,36.29,37.91,36.15,37.23,5507652,132931680.00
2023/03/16,36.63,37.35,36.02,36.63,3613310,85974168.00
2023/03/17,37.17,37.25,35.63,35.93,4930300,116093640.00
2023/03/20,35.78,37.19,34.50,36.74,6999830,162723520.00
2023/03/21,36.33,37.58,36.02,37.31,4361856,104771608.00
2023/03/22,37.20,37.79,36.89,37.08,3371703,81835712.00
2023/03/23,37.04,38.90,36.57,38.90,7512539,185361456.00
2023/03/24,38.40,42.08,38.10,41.10,13470990,354984992.00
2023/03/27,41.07,41.07,39.90,40.35,7214126,190249184.00
2023/03/28,40.35,40.47,38.85,38.90,5294907,135983776.00
2023/03/29,38.91,40.23,38.70,38.85,5707571,146354880.00
2023/03/30,39.20,40.05,38.66,38.91,5227881,133397248.00
2023/03/31,38.85,39.59,38.78,39.27,3838672,97831216.00
2023/04/03,39.00,40.22,37.80,39.51,6943087,175166224.00
2023/04/04,39.35,39.35,36.59,36.95,10472845,255664080.00
2023/04/06,36.95,40.55,36.36,40.55,12066359,303335456.00
2023/04/07,41.70,43.52,41.13,42.68,20035244,553496256.00
2023/04/10,42.68,45.09,42.54,44.52,16749852,479889216.00
2023/04/11,43.35,44.16,42.87,43.40,11060512,313231712.00
2023/04/12,43.38,44.36,42.23,43.73,12517136,354396736.00
2023/04/13,43.47,43.50,41.70,42.78,11596244,321297408.00
2023/04/14,42.30,43.91,41.25,43.65,10035764,280599072.00
2023/04/17,43.13,43.28,42.20,43.05,7068692,197076752.00
2023/04/18,42.00,42.00,39.00,41.36,10717515,282544160.00
2023/04/19,41.48,42.87,40.50,42.59,7671111,208835200.00
2023/04/20,41.97,43.47,41.40,43.07,7104405,197384960.00
2023/04/21,42.99,45.47,42.45,42.75,11572711,332706144.00
2023/04/24,42.59,43.53,38.73,38.91,10923722,286899200.00
2023/04/25,38.88,39.38,36.72,37.04,9227025,225727632.00
2023/04/26,36.77,37.76,35.57,36.23,6557422,156391648.00
2023/04/27,36.23,37.10,35.00,35.57,5691900,133204232.00
2023/04/28,35.54,37.02,35.27,36.83,5407686,127166800.00
2023/05/04,36.39,37.17,35.76,36.71,4581394,108349664.00
2023/05/05,36.54,37.50,35.49,35.60,5729738,135180784.00
2023/05/08,35.55,36.87,35.07,36.18,5632340,132360648.00
2023/05/09,36.03,36.38,35.40,35.61,4356164,101203504.00
2023/05/10,35.70,38.52,35.45,38.30,9419341,229154128.00
2023/05/11,39.41,41.96,39.02,41.10,15970153,423522496.00
2023/05/12,40.70,40.79,38.19,38.63,11103599,284347520.00
2023/05/15,39.02,40.04,37.91,39.42,6773577,171680768.00
2023/05/16,39.38,40.70,38.93,39.15,8325139,215804896.00
2023/05/17,38.75,39.90,38.40,39.23,7058395,180747488.00
2023/05/18,39.02,40.16,38.93,39.35,5339577,137572384.00
2023/05/19,39.26,40.05,38.91,39.23,4112166,105824912.00
2023/05/22,39.27,39.60,38.94,39.50,3561364,91164824.00
2023/05/23,39.38,39.38,37.98,38.10,4941700,123504840.00
2023/05/24,37.94,39.33,37.94,38.70,4241331,107138384.00
2023/05/25,38.93,39.18,37.97,38.67,3664780,91177944.00
2023/05/26,38.46,40.01,37.61,39.90,5059863,128575312.00
2023/05/29,39.90,39.95,38.61,39.50,4154181,105356680.00
2023/05/30,39.23,39.35,38.52,38.87,3884042,97554720.00
2023/05/31,38.78,39.02,38.13,38.28,3792406,94279672.00
2023/06/01,38.27,39.89,37.92,39.44,4767739,120817784.00
2023/06/02,39.53,39.60,38.75,39.03,3372555,85280008.00
2023/06/05,39.02,39.21,38.48,38.60,2732808,68579112.00
2023/06/06,38.61,38.75,37.35,37.47,3611697,88254496.00
2023/06/07,37.58,39.62,36.84,38.34,5584484,139123280.00
2023/06/08,38.37,38.82,37.79,37.86,3241517,79923472.00
2023/06/09,37.89,38.76,37.65,37.73,3068769,75548912.00
2023/06/12,37.73,39.30,37.35,39.14,4814735,120475456.00
2023/06/13,39.14,39.65,38.82,39.23,3206657,81355176.00
2023/06/14,39.08,41.63,38.15,41.40,11506175,297888864.00
2023/06/15,40.67,41.73,40.43,40.79,10586899,280937280.00
2023/06/16,40.86,40.97,40.07,40.64,4660664,122337160.00
2023/06/19,40.88,41.03,40.53,40.67,4966433,131205928.00
2023/06/20,40.67,41.75,40.29,40.89,6656743,177478448.00
2023/06/21,40.88,41.60,40.52,40.59,5601175,148652432.00
2023/06/26,39.98,40.88,39.08,39.21,5203165,134538896.00
2023/06/27,38.96,39.77,38.51,38.93,4941494,124706112.00
2023/06/28,39.27,39.36,36.53,37.86,7338057,178446992.00
2023/06/29,37.85,40.61,37.80,39.57,8803282,225668016.00
2023/06/30,39.57,39.90,38.75,39.56,5890130,149938672.00
2023/07/03,39.53,39.65,37.46,37.52,8560900,211009280.00
2023/07/04,37.31,38.22,37.29,37.58,4910856,119843864.00
2023/07/05,37.58,37.67,36.42,36.63,5675392,134922624.00
2023/07/06,36.45,36.83,36.02,36.45,3286400,77399312.00
2023/07/07,36.41,36.95,35.87,36.45,3708342,87388432.00
2023/07/10,36.83,36.83,35.87,36.02,3665065,85483312.00
2023/07/11,36.00,36.20,35.64,35.94,2116632,49137104.00
2023/07/12,36.15,36.15,34.91,34.91,4142886,94660952.00
2023/07/13,35.06,35.16,34.59,34.95,3634233,81693976.00
2023/07/14,34.91,35.48,34.70,35.25,3238627,73649040.00
2023/07/17,36.08,37.13,35.51,35.60,8123395,190874384.00
2023/07/18,35.88,36.05,35.10,35.16,5219657,119523504.00
2023/07/19,35.18,35.21,33.98,33.98,5008778,111013464.00
2023/07/20,34.01,34.28,33.38,33.44,3158377,68719792.00
2023/07/21,33.20,33.44,32.42,32.45,3530453,74570536.00
2023/07/24,32.40,33.21,32.22,32.61,2336200,49306760.00
2023/07/25,32.76,33.51,32.76,33.29,2607109,55777864.00
2023/07/26,33.26,33.27,32.79,32.85,2033100,43194864.00
2023/07/27,32.84,33.14,32.49,32.61,1335700,28181630.00
2023/07/28,32.49,32.81,32.07,32.63,1648392,34521868.00
2023/07/31,32.63,32.90,32.39,32.70,2192400,46033120.00
2023/08/01,32.85,32.85,31.79,31.92,3483685,71618208.00
2023/08/02,31.92,32.18,31.41,31.85,3284152,67114912.00
2023/08/03,31.83,32.09,31.50,31.88,2269900,46348572.00
2023/08/04,31.76,32.25,31.76,32.22,2647250,54589588.00
2023/08/07,32.19,32.45,32.04,32.16,1511750,31349116.00
2023/08/08,32.16,32.40,31.83,31.95,1565200,32257402.00
2023/08/09,31.73,32.09,31.58,31.58,1321200,26955632.00
2023/08/10,31.68,31.95,31.37,31.47,1706629,34613936.00
2023/08/11,31.49,31.58,30.83,30.83,2491765,49836512.00
2023/08/14,30.53,31.10,30.50,31.01,1809402,35781788.00
2023/08/15,30.83,31.08,29.87,30.09,2689667,52335264.00
2023/08/16,29.91,30.21,29.33,29.42,2784721,52884204.00
2023/08/17,29.52,30.71,29.15,30.59,3545065,68690968.00
2023/08/18,30.45,31.04,29.91,29.96,1906200,37206840.00
2023/08/21,29.97,30.60,29.75,29.81,2299900,44541924.00
2023/08/22,29.85,30.30,29.22,30.26,2717300,51839088.00
2023/08/23,29.88,30.08,29.42,29.46,2276489,43330976.00
2023/08/24,29.33,29.42,28.46,28.83,3360450,62189892.00
2023/08/25,28.83,28.83,27.69,27.81,3076839,55302044.00
2023/08/28,29.06,29.45,27.59,27.60,3292148,59673944.00
2023/08/29,27.80,29.61,27.72,29.48,6088354,113225968.00
2023/08/30,29.57,30.18,29.49,29.97,4581561,87801344.00
2023/08/31,29.78,30.15,29.64,29.76,2014200,38529416.00
2023/09/01,29.63,30.09,29.63,29.93,2299400,44059008.00
2023/09/04,29.99,30.48,29.84,30.47,2790830,53993076.00
2023/09/05,30.38,30.99,30.18,30.83,3849800,76033920.00
2023/09/06,30.60,31.20,30.39,31.19,3493485,69363256.00
2023/09/07,31.19,31.26,30.23,30.24,3756800,73813968.00
2023/09/08,30.23,31.98,30.15,31.53,7354700,147914256.00
2023/09/11,32.15,32.94,31.58,32.93,9394300,194668000.00
2023/09/12,33.27,34.62,32.55,33.60,13676256,294896928.00
2023/09/13,32.63,32.64,31.13,31.46,10284242,210211584.00
2023/09/14,31.16,32.45,30.30,30.71,7408181,148519440.00
2023/09/15,31.74,32.61,29.70,29.82,7532102,147679504.00
2023/09/18,28.89,31.07,28.89,30.93,7872868,153489728.00
2023/09/19,30.71,31.85,30.30,30.68,7219556,144067728.00
2023/09/20,30.24,30.71,29.78,29.85,4960839,95839400.00
2023/09/21,29.72,30.17,29.33,29.34,3217986,61190924.00
2023/09/22,29.45,30.83,29.45,30.80,5398716,105177032.00
2023/09/25,31.14,31.61,30.86,30.99,4253352,85138024.00
2023/09/26,30.59,32.09,30.59,31.86,8081215,164366320.00
2023/09/27,31.91,32.49,31.67,32.13,6960434,143970656.00
2023/09/28,31.68,32.36,31.68,31.79,4443500,91240968.00
2023/10/09,31.65,31.73,31.16,31.26,3588100,72408152.00
2023/10/10,31.50,31.50,30.72,31.13,2895800,57721764.00
2023/10/11,31.10,32.82,30.53,32.12,6058753,123589544.00
2023/10/12,32.09,32.48,31.08,31.44,4371222,88277464.00
2023/10/13,31.17,31.32,30.44,30.53,3322900,65586780.00
2023/10/16,30.51,30.72,30.00,30.35,2338200,45445640.00
2023/10/17,30.38,30.50,29.75,29.96,2121700,40708608.00
2023/10/18,29.84,29.93,29.15,29.16,2029800,38288628.00
2023/10/19,28.91,29.55,28.70,28.71,1921761,35755596.00
2023/10/20,28.62,29.04,28.17,28.32,1807172,33106320.00
2023/10/23,28.49,28.49,26.45,26.64,4276271,74109456.00
2023/10/24,26.97,27.68,26.84,27.41,3072528,53639636.00
2023/10/25,27.65,28.41,27.54,27.74,2044542,36439936.00
2023/10/26,27.68,27.99,27.23,27.87,1727959,30430350.00
2023/10/27,27.96,29.37,27.77,29.13,4276910,78624096.00
2023/10/30,29.10,29.85,28.65,29.58,3497943,65541108.00
2023/10/31,29.78,31.52,29.64,30.96,7642224,150702400.00
2023/11/01,30.92,32.57,30.36,32.51,9790598,200677760.00
2023/11/02,32.33,33.45,32.30,32.60,9196500,193348832.00
2023/11/03,32.61,33.32,32.36,33.08,7428917,157301600.00
2023/11/06,33.32,35.57,33.32,35.12,8436692,187635792.00
2023/11/07,34.94,35.06,33.96,34.25,5893877,130505328.00
2023/11/08,33.75,34.35,33.75,34.11,5656400,124107816.00
2023/11/09,33.98,34.55,33.42,33.53,4126319,90123384.00
2023/11/10,33.44,33.63,32.72,32.85,4413485,93934600.00
2023/11/13,33.20,33.38,32.42,32.54,3811296,80571352.00
2023/11/14,32.63,32.76,32.37,32.66,3209816,67226816.00
2023/11/15,32.97,33.29,32.40,32.79,2943824,62158452.00
2023/11/16,32.70,32.76,32.18,32.33,2352900,49119736.00
2023/11/17,32.34,34.01,32.04,33.27,6646435,142174416.00
2023/11/20,33.60,35.40,33.30,35.22,7904213,175552432.00
2023/11/21,34.58,34.71,32.94,33.08,7914477,171443984.00
2023/11/22,33.30,33.48,32.40,32.48,3666250,77331424.00
2023/11/23,32.63,32.93,32.25,32.76,3367900,70800320.00
2023/11/24,32.82,33.83,32.06,32.42,7050841,148938128.00
2023/11/27,32.49,33.53,32.24,32.91,4960942,104993320.00
2023/11/28,33.09,35.18,32.88,34.88,10690117,236046032.00
2023/11/29,35.63,38.25,35.43,38.25,11863597,286727872.00
2023/11/30,39.33,41.12,36.62,36.98,20993159,514043232.00
2023/12/01,36.42,37.16,35.72,36.02,12103328,282571840.00
2023/12/04,35.52,35.93,35.34,35.34,7026124,161456480.00
2023/12/05,35.45,35.85,34.16,34.19,6559796,147045280.00
2023/12/06,34.19,34.70,33.90,34.22,5190600,114851248.00
2023/12/07,34.08,34.25,32.93,33.24,6444431,138991984.00
2023/12/08,33.24,34.56,33.08,33.24,5831300,125935504.00
2023/12/11,33.21,34.70,33.09,34.07,6947637,152292224.00
2023/12/12,34.05,34.05,33.21,33.45,5223976,112795864.00
2023/12/13,33.45,34.26,33.15,33.95,6623636,144331536.00
2023/12/14,33.75,34.28,33.20,33.30,6212175,134612944.00
2023/12/15,33.14,33.62,32.81,33.27,3260603,69693408.00
2023/12/18,33.20,33.51,32.85,32.94,2543934,54233508.00
2023/12/19,33.05,33.50,32.45,33.30,2861191,60689376.00
2023/12/20,33.45,33.53,32.87,32.88,2401854,51427328.00
2023/12/21,32.88,33.24,32.09,33.00,2914091,61220148.00
2023/12/22,34.41,36.20,33.78,36.20,14948418,345861760.00
2023/12/25,35.63,39.71,35.18,39.71,25719353,613805376.00
2023/12/26,38.90,42.38,37.67,38.57,36345699,933652736.00
2023/12/27,37.50,42.08,36.72,38.93,33883271,858655744.00
2023/12/28,39.60,42.71,38.81,40.11,39053473,1026245184.00
2023/12/29,40.10,40.70,38.25,39.45,29436095,757204992.00
2024/01/02,38.94,40.35,38.34,39.33,22164948,561934656.00
2024/01/03,38.63,41.52,37.95,40.73,31301536,812666880.00
2024/01/04,39.38,39.53,36.80,38.78,19749342,489569248.00
2024/01/05,39.15,41.03,35.01,35.01,21579739,519090720.00
2024/01/08,33.69,35.10,32.75,34.19,14557643,319996992.00
2024/01/09,34.05,37.49,33.87,37.49,12617589,298769600.00
2024/01/10,37.32,37.43,35.24,35.37,18870178,441017696.00
2024/01/11,34.88,36.00,34.88,35.78,12340330,283531456.00
2024/01/12,35.63,35.73,34.61,34.86,8852901,199733568.00
2024/01/15,34.88,35.16,33.95,34.58,6296843,140246448.00
2024/01/16,34.62,34.73,32.78,33.42,9656252,207581696.00
2024/01/17,33.30,33.38,31.47,31.64,8280989,171573392.00
2024/01/18,31.14,31.59,30.20,31.23,7899800,156767680.00
2024/01/19,31.14,31.65,30.68,30.69,7034200,140849408.00
2024/01/22,30.51,31.41,28.91,29.18,8017999,155038592.00
2024/01/23,29.18,29.63,28.37,29.45,6827350,127030712.00
2024/01/24,29.45,29.81,27.99,29.19,6915671,127710040.00
2024/01/25,29.48,30.02,28.77,29.93,6819077,129230152.00
2024/01/26,29.94,30.12,29.03,29.07,5351038,101313672.00
2024/01/29,29.04,29.43,27.74,27.80,4602081,83256200.00
2024/01/30,27.95,28.26,26.90,27.03,4106643,72248568.00
2024/01/31,26.70,27.14,25.07,25.22,6678308,110272008.00
2024/02/01,25.08,25.65,24.53,25.40,4742081,75848672.00
2024/02/02,25.88,26.21,23.64,24.38,6683365,106671312.00
2024/02/05,24.09,24.38,22.05,22.05,6799700,97202528.00
2024/02/06,20.27,23.21,19.97,22.52,9851481,132859576.00
2024/02/07,22.91,23.03,20.67,21.09,10580802,146669232.00
2024/02/08,21.21,23.09,20.27,23.09,9828264,137531264.00
2024/02/19,23.63,24.51,23.25,24.15,6035362,92185448.00
数据来源:通达信
