002847 盐津铺子 日线 后复权
      日期	    开盘	    最高	    最低	    收盘	    成交量	    成交额
2017/02/08,11.95,13.16,11.95,13.16,13740,180696.41
2017/02/09,14.48,14.48,14.48,14.48,5253,76063.44
2017/02/10,15.93,15.93,15.93,15.93,3600,57348.00
2017/02/13,17.52,17.52,17.52,17.52,9333,163514.16
2017/02/14,19.27,19.27,19.27,19.27,14753,284290.31
2017/02/15,21.20,21.20,21.20,21.20,9400,199280.00
2017/02/16,23.32,23.32,23.32,23.32,9586,223545.52
2017/02/17,25.65,25.65,25.65,25.65,18433,472806.44
2017/02/20,28.22,28.22,28.22,28.22,39749,1121716.75
2017/02/21,31.04,31.04,31.04,31.04,105142,3263607.75
2017/02/22,34.14,34.14,34.14,34.14,95040,3244665.50
2017/02/23,37.55,37.55,37.55,37.55,74744,2806637.25
2017/02/24,41.31,41.31,41.31,41.31,274515,11340215.00
2017/02/27,45.44,45.44,45.44,45.44,295094,13409071.00
2017/02/28,49.98,49.98,49.98,49.98,924705,46216756.00
2017/03/01,54.98,54.98,54.98,54.98,2452561,134841808.00
2017/03/02,54.50,59.95,51.52,56.50,22149186,1207950080.00
2017/03/03,53.11,54.54,51.87,51.89,11661649,619483456.00
2017/03/06,51.00,52.50,50.01,52.32,7832962,402505408.00
2017/03/07,51.78,53.15,51.15,52.81,8343488,436162176.00
2017/03/08,52.70,53.88,51.71,53.80,8634056,455691136.00
2017/03/09,53.10,54.45,51.00,51.00,7808461,410051328.00
2017/03/10,50.10,50.50,48.60,48.91,7290610,361091488.00
2017/03/13,48.20,49.57,47.04,49.30,5064341,245263072.00
2017/03/14,49.00,51.47,48.70,51.17,7008016,354241920.00
2017/03/15,49.97,50.31,49.32,49.58,5069910,252099600.00
2017/03/16,49.79,52.50,49.79,51.52,7732026,397164064.00
2017/03/17,51.49,52.56,50.86,51.90,7532674,389971840.00
2017/03/20,52.06,53.90,52.06,53.65,7517734,399467040.00
2017/03/21,53.60,55.35,52.45,55.30,9141623,494953440.00
2017/03/22,54.43,56.88,54.31,56.83,7494147,417606688.00
2017/03/23,56.83,57.47,53.01,55.20,6357379,354224800.00
2017/03/24,54.32,55.85,54.10,54.87,3613747,199237744.00
2017/03/27,54.63,56.63,53.51,55.95,4832670,267396560.00
2017/03/28,55.40,56.25,54.00,54.00,3688227,203426336.00
2017/03/29,53.21,53.65,48.60,48.61,4184200,213646000.00
2017/03/30,47.91,47.91,44.03,46.50,4095954,188054208.00
2017/03/31,46.02,47.30,44.83,47.03,3979298,183482352.00
2017/04/05,46.65,49.04,46.29,48.87,4259311,205203216.00
2017/04/06,48.77,50.20,48.15,49.80,3566978,175791632.00
2017/04/07,49.80,49.80,48.34,49.20,2466059,120941688.00
2017/04/10,48.80,48.80,44.99,48.30,3329656,157683616.00
2017/04/11,47.00,48.56,46.80,47.73,2928457,140251072.00
2017/04/12,47.00,47.69,46.00,46.01,1533512,71391944.00
2017/04/13,46.38,47.79,46.30,47.70,2954113,140128032.00
2017/04/14,47.83,49.00,47.30,48.19,4426518,212165424.00
2017/04/17,45.10,46.70,43.96,46.70,2121530,96688784.00
2017/04/18,46.02,47.28,45.81,46.70,2478907,115498328.00
2017/04/19,46.69,47.44,46.00,47.29,2471886,115779040.00
2017/04/20,47.00,48.96,47.00,48.90,4123324,198510080.00
2017/04/21,48.22,49.80,47.83,48.59,2168050,105334304.00
2017/04/24,47.87,48.80,44.50,48.27,1573485,75038504.00
2017/04/25,48.98,49.49,48.00,48.31,2873930,140038592.00
2017/04/26,46.90,48.77,46.90,48.16,1620577,77862760.00
2017/04/27,48.50,51.74,48.00,50.95,6446889,320727328.00
2017/04/28,50.71,51.99,50.45,50.90,4434825,226799216.00
2017/05/02,51.18,51.50,49.40,51.35,4915346,247965824.00
2017/05/03,51.00,54.00,50.81,53.83,7643095,399769952.00
2017/05/04,53.00,54.99,52.60,54.54,6456058,348732704.00
2017/05/05,54.15,55.70,53.25,53.25,4548020,247711712.00
2017/05/08,52.00,54.40,51.81,53.05,4748436,254099296.00
2017/05/09,53.01,55.50,52.62,55.09,6815288,371882592.00
2017/05/10,55.50,59.09,54.81,57.51,9558368,543160832.00
2017/05/11,57.00,58.50,54.80,57.93,7542983,432863232.00
2017/05/12,58.10,58.49,56.20,56.71,3977491,226643808.00
2017/05/15,56.59,58.69,56.50,58.44,4526651,261330640.00
2017/05/16,58.43,59.00,55.90,57.01,6009215,344256832.00
2017/05/17,57.20,60.65,56.55,59.70,8936703,523929408.00
2017/05/18,58.70,60.08,53.94,54.05,7463478,429036256.00
2017/05/19,52.71,55.20,51.52,54.60,4832146,256367344.00
2017/05/22,54.61,54.65,49.16,50.32,5216550,265721328.00
2017/05/23,48.92,50.70,45.31,45.31,5065613,242436224.00
2017/05/24,40.80,40.80,40.80,40.80,2799000,113639400.00
2017/05/25,36.74,40.66,36.74,38.60,15541062,571263104.00
2017/05/26,36.70,37.66,35.66,36.19,8900162,323796992.00
2017/05/31,36.81,37.19,35.10,35.20,6667560,241089648.00
2017/06/01,34.22,34.60,31.70,31.70,7157791,233108640.00
2017/06/02,30.79,32.63,30.47,32.06,4909403,153910352.00
2017/06/05,32.39,32.79,31.78,31.80,4039592,129596080.00
2017/06/06,31.45,32.40,30.81,32.40,3726583,117880976.00
2017/06/07,32.20,34.77,32.20,34.36,6370887,213140512.00
2017/06/08,34.32,34.65,33.20,33.36,5077020,170513520.00
2017/06/09,33.30,33.82,32.70,33.70,3468712,114867744.00
2017/06/12,33.23,34.10,32.44,34.10,4065842,134062208.00
2017/06/13,33.83,37.49,33.83,37.49,10357345,370333376.00
2017/06/14,37.31,38.39,36.98,37.56,7245791,270092224.00
2017/06/15,37.50,41.30,37.20,41.20,10765487,418624992.00
2017/06/16,41.19,43.60,39.70,41.45,14887822,615728448.00
2017/06/19,41.00,42.20,39.61,40.35,9474216,384450656.00
2017/06/20,39.71,41.36,39.11,40.38,7786133,311809536.00
2017/06/21,39.21,40.55,39.21,39.22,4779986,188669520.00
2017/06/22,39.44,39.71,36.80,38.05,6408659,247121488.00
2017/06/23,38.28,39.12,37.43,39.10,3757461,142881632.00
2017/06/26,38.92,39.79,38.35,39.05,5330381,207427600.00
2017/06/27,39.13,39.45,37.89,38.90,5328866,205261008.00
2017/06/28,38.66,39.00,37.89,38.00,3023154,115318664.00
2017/06/29,37.85,38.44,37.00,38.14,3090053,116221496.00
2017/06/30,37.75,37.87,36.40,36.40,4123266,152657328.00
2017/07/03,36.12,36.80,35.20,36.60,3932520,140774960.00
2017/07/04,36.59,37.07,36.26,36.60,2389125,87225016.00
2017/07/05,36.61,39.19,36.20,38.92,5287091,198108048.00
2017/07/06,38.88,39.10,38.01,38.52,4197192,160996576.00
2017/07/07,38.25,40.19,38.25,39.15,5588828,219358560.00
2017/07/10,38.35,39.02,36.20,36.20,4762111,177071888.00
2017/07/11,35.60,36.70,34.63,34.63,3405124,120932528.00
2017/07/12,34.32,35.09,33.24,35.00,3305357,112556048.00
2017/07/13,33.20,33.66,32.20,33.09,4092360,134854720.00
2017/07/14,33.02,33.30,32.00,32.03,2317493,75071880.00
2017/07/17,31.91,32.19,28.85,28.85,3303000,97339056.00
2017/07/18,28.46,29.35,28.20,29.10,2089706,59917672.00
2017/07/19,28.75,29.42,28.62,29.39,1937512,55917952.00
2017/07/20,29.47,31.51,29.31,30.07,3053934,92886192.00
2017/07/21,30.15,30.85,29.82,30.03,1595906,47992788.00
2017/07/24,29.80,30.98,29.28,30.67,2299990,69120784.00
2017/07/25,30.50,30.96,30.36,30.66,1736484,52974272.00
2017/07/26,30.44,30.89,29.58,29.70,1695604,50774624.00
2017/07/27,29.52,31.20,29.41,30.93,2717999,82275672.00
2017/07/28,30.45,30.65,29.75,29.94,2411006,72215400.00
2017/07/31,29.69,29.88,29.35,29.45,1724441,50596512.00
2017/08/01,29.45,29.59,28.85,29.20,1809741,52374188.00
2017/08/02,29.30,29.70,28.63,29.53,2785388,80652712.00
2017/08/03,29.17,29.87,29.01,29.46,2191859,64297500.00
2017/08/04,29.40,29.41,28.50,28.65,1892189,54362740.00
2017/08/07,28.48,28.86,28.48,28.66,923653,26360880.00
2017/08/08,28.66,28.98,28.42,28.67,934553,26614208.00
2017/08/09,28.60,28.95,28.49,28.89,925466,26446132.00
2017/08/10,28.89,29.05,28.22,28.23,1335899,37853856.00
2017/08/11,28.21,28.21,26.35,27.12,1555752,42435024.00
2017/08/14,26.90,27.59,26.88,27.55,977122,26551684.00
2017/08/15,27.55,28.17,27.52,27.87,1127886,31172194.00
2017/08/16,27.83,28.48,27.61,28.27,1568833,43870588.00
2017/08/17,28.36,28.62,27.93,28.25,1455376,40775704.00
2017/08/18,28.25,29.95,27.88,29.11,3000371,86124416.00
2017/08/21,28.93,29.40,28.60,29.12,1916285,55071276.00
2017/08/22,29.15,29.29,28.51,28.64,1454334,41613348.00
2017/08/23,28.48,28.88,27.98,28.54,1442333,40721956.00
2017/08/24,28.54,31.37,28.54,31.37,7745404,234364624.00
2017/08/25,32.80,33.18,30.88,31.53,8444049,266576912.00
2017/08/28,31.15,32.50,30.35,31.93,6752882,209694048.00
2017/08/29,31.31,32.50,31.22,31.94,6334470,200666288.00
2017/08/30,31.68,33.70,31.52,33.23,8514017,278565920.00
2017/08/31,33.08,33.49,32.31,33.14,6237689,203753376.00
2017/09/01,32.90,33.28,32.10,32.36,3563782,115453904.00
2017/09/04,32.40,33.95,31.70,33.15,5253377,171597008.00
2017/09/05,33.14,34.60,32.95,33.92,7108871,238619920.00
2017/09/06,33.73,34.18,33.30,33.49,3237448,108023192.00
2017/09/07,33.48,34.98,33.25,34.37,7527163,257679024.00
2017/09/08,34.28,34.80,33.91,34.62,5874992,200854048.00
2017/09/11,34.44,38.06,34.32,38.06,10248951,374719168.00
2017/09/12,37.98,41.70,37.50,41.38,10075470,391371200.00
2017/09/13,41.19,42.20,39.75,41.20,10210126,411273504.00
2017/09/14,41.95,42.40,40.20,41.60,12118806,500264800.00
2017/09/15,41.59,42.80,40.64,42.01,12479029,518231648.00
2017/09/18,42.69,43.59,38.21,42.65,11708196,488407552.00
2017/09/19,42.59,42.75,41.08,41.85,7192938,298719296.00
2017/09/20,41.70,42.62,39.60,42.15,13456691,548627200.00
2017/09/21,43.05,43.20,40.30,42.15,11895748,495960640.00
2017/09/22,41.10,42.16,41.04,41.59,8770679,361236128.00
2017/09/25,41.58,42.13,41.30,41.69,7403429,306810048.00
2017/09/26,41.65,41.70,40.42,41.49,6592848,267583744.00
2017/09/27,41.50,45.57,40.69,44.60,13903519,589083712.00
2017/09/28,44.99,44.99,42.50,43.80,10423306,451736928.00
2017/09/29,43.59,43.59,39.47,40.70,6768853,279104928.00
2017/10/09,40.19,40.19,36.65,36.79,5769937,216484736.00
2017/10/10,36.71,37.38,35.61,36.76,3830436,140129616.00
2017/10/11,36.77,37.37,36.22,36.88,2974286,108591360.00
2017/10/12,37.06,37.17,35.20,35.32,3210156,114865880.00
2017/10/13,35.80,36.20,35.00,36.01,2763101,97957712.00
2017/10/16,36.02,37.09,35.70,36.81,3716371,135679648.00
2017/10/17,36.20,37.05,35.88,36.50,2173301,78915224.00
2017/10/18,36.60,36.79,34.76,34.76,3110578,110295296.00
2017/10/19,34.45,34.45,32.78,32.81,2990571,98883808.00
2017/10/20,32.61,33.28,32.00,33.01,1552790,50705260.00
2017/10/23,33.00,33.69,32.81,33.31,1710312,56817840.00
2017/10/24,33.75,33.88,31.20,32.97,3299268,106733928.00
2017/10/25,32.63,33.10,32.20,32.93,1904924,61789912.00
2017/10/26,32.93,33.50,32.52,33.24,2289778,75447944.00
2017/10/27,33.31,33.79,33.05,33.10,1629000,54006680.00
2017/10/30,32.71,32.77,31.22,31.30,1999711,63197080.00
2017/10/31,31.40,31.65,30.71,31.58,1676461,51984192.00
2017/11/01,31.58,31.95,31.40,31.80,1248160,39356300.00
2017/11/02,31.40,31.70,30.80,30.96,1536148,47534296.00
2017/11/03,31.48,31.48,30.01,30.18,1680233,50872436.00
2017/11/06,30.40,30.99,30.20,30.99,1611548,49022052.00
2017/11/07,30.82,31.09,30.38,31.01,1651833,50481244.00
2017/11/08,31.01,32.99,30.81,32.55,4088641,131701880.00
2017/11/09,32.49,35.68,32.28,34.85,5902191,200913040.00
2017/11/10,34.40,35.37,33.84,34.78,3968625,136576128.00
2017/11/13,34.24,34.59,33.71,33.91,2527180,85491328.00
2017/11/14,33.86,33.86,32.70,33.04,2557484,83945384.00
2017/11/15,32.89,32.89,32.41,32.69,1549672,50247648.00
2017/11/16,32.69,34.83,32.68,34.19,3481405,117903440.00
2017/11/17,33.50,34.09,30.79,30.80,3230900,103481616.00
2017/11/20,30.78,30.78,28.43,30.26,1727536,51044848.00
2017/11/21,30.23,31.53,30.00,31.04,1775378,54626840.00
2017/11/22,31.04,31.04,29.70,29.97,1717061,51785632.00
2017/11/23,30.01,30.18,28.60,28.67,1756692,50852372.00
2017/11/24,28.47,29.14,28.38,28.77,925300,26512518.00
2017/11/27,28.48,29.20,28.48,28.92,939110,26986314.00
2017/11/28,29.05,29.55,28.80,29.36,1034071,30058126.00
2017/11/29,29.26,29.59,28.68,29.03,924500,26598558.00
2017/11/30,29.17,29.60,28.81,29.11,1344837,39125604.00
2017/12/01,29.10,29.19,28.61,29.14,971038,27929470.00
2017/12/04,29.06,29.06,27.52,27.60,1924972,53577756.00
2017/12/05,27.50,28.14,26.22,26.47,1400433,37618464.00
2017/12/06,26.35,27.02,26.35,26.95,971400,25788350.00
2017/12/07,27.05,27.15,26.79,26.90,726400,19453296.00
2017/12/08,26.95,27.67,26.90,27.30,951439,25821704.00
2017/12/11,27.31,27.84,27.31,27.51,908450,24876722.00
2017/12/12,27.45,27.72,26.75,26.79,904300,24302216.00
2017/12/13,26.98,27.49,26.80,27.40,1088850,29520628.00
2017/12/14,27.32,27.42,26.93,27.09,830500,22342744.00
2017/12/15,27.06,27.47,27.01,27.35,955500,25889952.00
2017/12/18,27.38,27.58,27.00,27.06,852100,23023696.00
2017/12/19,27.10,27.34,26.94,27.21,692900,18678410.00
2017/12/20,27.20,27.20,26.30,26.40,1226400,32370694.00
2017/12/21,26.58,26.58,25.67,26.15,901800,23392258.00
2017/12/22,26.30,26.30,25.74,25.93,841033,21654840.00
2017/12/25,25.92,26.16,24.39,25.07,1385099,34491760.00
2017/12/26,25.02,25.90,24.93,25.61,1186532,30034126.00
2017/12/27,25.61,26.28,25.61,25.75,1178200,30335798.00
2017/12/28,25.80,27.68,25.28,26.38,1800510,47336680.00
2017/12/29,26.02,26.56,26.02,26.47,1041561,27219116.00
2018/01/02,26.89,26.89,26.33,26.70,856033,22598468.00
2018/01/03,26.56,26.78,26.25,26.66,1118031,29405388.00
2018/01/04,26.63,26.64,26.21,26.26,1135800,29749312.00
2018/01/05,26.30,26.59,26.08,26.41,735100,19241828.00
2018/01/08,26.49,26.52,25.71,25.90,1092833,28052786.00
2018/01/09,25.90,25.90,25.42,25.51,1112089,28281300.00
2018/01/10,25.43,26.20,24.97,26.20,1703233,43190920.00
2018/01/11,26.00,28.80,25.71,28.80,4775881,129799360.00
2018/01/12,28.79,30.70,28.21,28.93,6292557,182946208.00
2018/01/15,28.64,28.93,26.80,27.06,4282140,116980720.00
2018/01/16,27.19,28.96,26.34,27.95,4041710,111715808.00
2018/01/17,27.62,28.68,27.08,28.09,2719256,75228208.00
2018/01/18,27.78,28.00,27.40,27.62,1560250,42886792.00
2018/01/19,27.66,28.40,27.40,28.07,2114127,58634440.00
2018/01/22,27.65,30.07,27.65,29.76,4553422,131677888.00
2018/01/23,29.20,29.74,28.92,29.27,2922833,84928832.00
2018/01/24,29.14,29.50,28.70,29.31,2363919,68132784.00
2018/01/25,29.30,29.70,28.46,28.49,2113213,60920132.00
2018/01/26,28.34,28.68,27.68,27.85,1537096,42764408.00
2018/01/29,27.98,28.05,25.86,26.35,1820033,48532540.00
2018/01/30,26.29,26.83,26.11,26.43,914010,24036924.00
2018/01/31,26.33,29.05,26.27,29.05,3021986,84747032.00
2018/02/01,29.20,29.86,27.65,28.49,5194874,147969632.00
2018/02/02,28.20,31.32,27.85,30.78,9630542,289910880.00
2018/02/05,28.80,32.19,28.80,31.21,8065812,242507136.00
2018/02/06,30.03,30.60,28.11,28.11,5341010,154198048.00
2018/02/07,28.30,28.88,25.32,25.91,5218662,137389536.00
2018/02/08,25.20,25.48,24.15,24.74,2672327,66172436.00
2018/02/09,23.99,23.99,22.29,22.29,2891875,64924692.00
2018/02/12,22.30,23.18,22.30,22.71,1662225,37551400.00
2018/02/13,22.71,23.39,22.41,22.50,1468583,33398146.00
2018/02/14,22.39,22.70,21.50,21.73,1441492,31184498.00
2018/02/22,21.80,22.80,21.74,22.74,1515585,33607536.00
2018/02/23,22.70,23.70,22.47,22.90,1486241,33907580.00
2018/02/26,23.42,23.58,22.98,23.54,2027866,47080808.00
2018/02/27,23.03,24.24,23.03,24.03,2507066,58769388.00
2018/02/28,23.60,23.95,23.43,23.48,1657900,38894380.00
2018/03/01,23.40,23.79,23.12,23.69,1516368,35406576.00
2018/03/02,23.70,24.69,23.55,23.72,1978941,47080304.00
2018/03/05,23.53,24.03,23.52,23.89,1698368,40036140.00
2018/03/06,23.83,24.08,23.65,23.99,2172944,51492236.00
2018/03/07,24.06,24.41,23.76,23.88,2290027,54667744.00
2018/03/08,23.65,26.25,23.64,26.25,6478279,162674272.00
2018/03/09,26.20,26.90,25.82,26.71,5247131,137137648.00
2018/03/12,26.81,29.36,26.59,29.36,7621443,211839968.00
2018/03/13,29.15,29.81,28.32,29.44,7018893,202594800.00
2018/03/14,29.20,29.50,28.71,29.16,3247235,93582584.00
2018/03/15,28.99,29.80,28.54,29.40,4176780,121329168.00
2018/03/16,29.20,29.76,28.61,29.40,3602633,104461848.00
2018/03/19,29.20,30.70,28.88,30.09,8518409,253557712.00
2018/03/20,30.19,30.19,28.71,29.57,6175150,180961632.00
2018/03/21,29.35,30.90,29.35,30.62,10489191,314907296.00
2018/03/22,30.95,30.96,27.58,28.13,9422283,274479968.00
2018/03/23,27.17,28.77,26.40,28.05,6474957,177942240.00
2018/03/26,27.26,29.94,27.26,29.70,7484981,211912400.00
2018/03/27,29.46,29.87,27.96,29.22,7949187,227357280.00
2018/03/28,28.50,28.65,27.24,27.25,3972516,110461448.00
2018/03/29,27.00,28.10,27.00,27.77,2658718,72923464.00
2018/03/30,27.80,27.98,27.20,27.28,2726200,74256504.00
2018/04/02,27.49,27.70,27.08,27.09,2372800,64438376.00
2018/04/03,26.63,26.65,25.60,25.60,3292807,84906848.00
2018/04/04,26.11,28.14,26.00,27.15,5337117,144688288.00
2018/04/09,26.76,27.75,26.76,27.40,3903667,106131168.00
2018/04/10,27.38,29.42,26.20,28.25,5074252,138429424.00
2018/04/11,28.11,29.40,27.89,29.12,7061021,202620464.00
2018/04/12,28.70,29.19,28.00,28.09,3822533,108243240.00
2018/04/13,28.36,28.48,27.36,27.38,2666968,73579488.00
2018/04/16,27.09,27.94,27.09,27.26,1876900,51165868.00
2018/04/17,27.36,27.69,26.45,26.52,2033187,54794216.00
2018/04/18,26.79,27.22,25.71,27.00,2054589,54178160.00
2018/04/19,26.88,27.37,26.58,26.94,1639400,43960600.00
2018/04/20,26.91,26.91,25.20,25.30,2354500,60535644.00
2018/04/23,25.40,25.80,24.26,24.72,1380433,34116868.00
2018/04/24,24.72,25.45,24.72,25.26,1312700,32828830.00
2018/04/25,25.05,26.18,24.71,25.91,1768799,45119048.00
2018/04/26,26.17,26.17,24.90,24.90,1493073,37521336.00
2018/04/27,25.20,25.47,24.75,25.04,883100,21941088.00
2018/05/02,24.99,25.20,24.20,24.60,972400,23700404.00
2018/05/03,24.60,25.30,24.31,25.15,1263148,31165002.00
2018/05/04,24.92,25.49,24.92,25.14,1057300,26469092.00
2018/05/07,25.20,25.85,25.14,25.74,2100407,53126096.00
2018/05/08,25.74,26.70,25.52,26.55,3320090,86344896.00
2018/05/09,26.12,26.60,26.12,26.22,1941900,50716736.00
2018/05/10,26.25,27.25,26.06,26.78,2804882,74441632.00
2018/05/11,26.62,27.00,25.66,25.84,2605857,67458976.00
2018/05/14,25.77,26.29,25.45,25.98,1661582,42645980.00
2018/05/15,26.10,28.56,25.92,28.56,6644763,181866592.00
2018/05/16,29.30,31.40,29.00,31.40,13120883,392206592.00
2018/05/17,31.80,34.52,30.22,34.52,20034997,665015744.00
2018/05/18,32.71,37.95,31.10,37.95,16112160,545751616.00
2018/05/21,41.73,41.73,41.00,41.73,6907497,286724320.00
2018/05/22,41.73,45.42,40.20,43.29,22926675,973543296.00
2018/05/23,42.07,47.60,41.28,44.56,21595580,974879296.00
2018/05/24,42.60,46.15,41.30,43.50,18742447,806356352.00
2018/05/25,43.97,47.70,43.93,44.54,20255292,918899008.00
2018/05/28,42.37,47.10,41.40,45.95,18631610,818097856.00
2018/05/29,43.36,44.49,41.38,41.38,13538635,576724480.00
2018/05/30,38.38,39.39,37.28,37.28,10679652,401456448.00
2018/05/31,37.43,39.20,36.80,38.06,11982144,452706528.00
2018/06/01,37.51,38.38,34.43,35.92,12184336,439226432.00
2018/06/04,36.03,36.59,35.46,36.15,7385125,263353280.00
2018/06/05,36.40,37.90,35.91,37.40,10560550,385546048.00
2018/06/06,36.90,37.25,36.10,36.79,8271369,299330400.00
2018/06/07,36.80,37.50,35.52,35.68,7550230,271653120.00
2018/06/08,35.50,36.88,34.91,36.18,8168869,290777472.00
2018/06/11,35.42,35.90,34.82,35.62,5384275,188041984.00
2018/06/12,35.42,35.68,32.70,35.01,6820133,234966912.00
2018/06/13,34.97,35.80,34.23,34.26,5779200,200839472.00
2018/06/14,34.07,34.65,33.40,33.52,4545213,152505040.00
2018/06/15,34.14,34.28,31.41,32.41,5363633,175338240.00
2018/06/19,31.05,33.89,30.00,31.75,7168246,226324960.00
2018/06/20,32.05,32.98,31.49,32.48,6340586,203083104.00
2018/06/21,32.18,33.05,30.10,30.20,5912000,183741904.00
2018/06/22,29.40,31.27,28.91,31.19,4853260,146810480.00
2018/06/25,31.41,32.70,31.40,31.58,5856093,184544736.00
2018/06/26,30.90,32.60,30.41,32.36,5410243,170672864.00
2018/06/27,32.46,32.81,31.67,31.94,4378366,138671552.00
2018/06/28,32.17,33.46,31.94,32.55,8760009,282793856.00
2018/06/29,32.20,35.70,31.21,34.50,9615610,314351552.00
2018/07/02,33.48,35.08,33.48,34.05,7091090,238851088.00
2018/07/03,33.68,34.74,32.85,34.54,6061310,203958608.00
2018/07/04,34.48,34.48,32.82,33.60,4745920,157743872.00
2018/07/05,33.29,33.70,30.28,30.28,5693433,178938528.00
2018/07/06,29.90,31.34,28.95,30.10,5292420,157262304.00
2018/07/09,30.30,31.05,30.06,30.87,3545153,107067432.00
2018/07/10,31.11,32.25,30.51,32.00,5322183,165007712.00
2018/07/11,31.00,31.20,29.60,30.68,4845126,146300064.00
2018/07/12,30.50,33.71,30.50,33.71,8994082,289883744.00
2018/07/13,34.06,36.05,33.06,34.72,14529840,495528704.00
2018/07/16,34.40,35.30,34.11,34.98,8146220,279070816.00
2018/07/17,34.51,35.07,34.08,34.53,5093033,173652400.00
2018/07/18,34.36,37.06,34.12,35.40,11383480,401171936.00
2018/07/19,34.90,35.96,33.60,33.88,7148020,247532752.00
2018/07/20,34.82,35.88,34.28,34.90,6586286,228250864.00
2018/07/23,34.76,35.57,33.80,34.32,5591375,190685232.00
2018/07/24,34.60,36.10,33.64,35.78,8885858,307707360.00
2018/07/25,35.38,35.55,34.90,35.15,5570563,193686304.00
2018/07/26,35.08,35.08,33.72,33.83,4286783,144914576.00
2018/07/27,33.41,33.45,30.71,32.36,5159895,164189648.00
2018/07/30,32.27,32.36,31.00,31.30,3074500,95570992.00
2018/07/31,30.92,31.90,30.92,31.70,2226800,69488616.00
2018/08/01,31.68,32.09,30.50,30.50,2823000,87096656.00
2018/08/02,30.20,30.20,27.90,28.69,4316900,122335240.00
2018/08/03,28.75,31.52,28.20,31.52,5965223,178533632.00
2018/08/06,31.80,32.13,30.15,30.95,6795293,209406336.00
2018/08/07,31.08,31.92,29.69,31.66,6236773,191569920.00
2018/08/08,31.39,31.39,30.58,30.76,4245500,129522272.00
2018/08/09,30.36,31.39,29.40,30.60,4073433,123598216.00
2018/08/10,30.00,30.37,29.64,30.19,3576133,106033184.00
2018/08/13,29.60,30.08,29.20,29.87,2749500,80281592.00
2018/08/14,29.76,30.90,29.61,30.47,3658200,109921664.00
2018/08/15,30.18,30.46,29.10,29.10,3067900,89571192.00
2018/08/16,28.60,29.03,28.10,28.12,2174000,61126560.00
2018/08/17,28.64,28.67,26.20,26.61,3303100,88873296.00
2018/08/20,26.55,26.90,24.81,26.00,3129300,79447016.00
2018/08/21,26.00,27.22,25.81,26.63,2855000,74371584.00
2018/08/22,26.51,27.28,26.23,26.73,2738033,72222376.00
2018/08/23,26.61,26.90,26.26,26.69,1999400,52478412.00
2018/08/24,26.68,26.76,25.40,26.08,2085600,53932608.00
2018/08/27,26.40,26.98,25.89,26.76,2335777,61394572.00
2018/08/28,26.95,26.97,26.48,26.73,1796042,47163732.00
2018/08/29,26.61,26.78,26.00,26.30,1907200,49467000.00
2018/08/30,26.29,26.83,26.08,26.08,2358700,61712928.00
2018/08/31,26.00,26.00,25.07,25.28,1979650,49507028.00
2018/09/03,25.18,25.82,25.16,25.70,1703573,42807936.00
2018/09/04,25.61,28.23,25.44,27.42,6447853,175257568.00
2018/09/05,26.61,26.99,26.00,26.08,4679200,122290416.00
2018/09/06,25.83,26.40,25.46,25.95,1975300,50606296.00
2018/09/07,25.90,27.33,25.76,26.22,2838600,73811944.00
2018/09/10,26.28,27.40,26.12,27.00,4833400,127910440.00
2018/09/11,26.75,29.20,26.75,28.33,7046459,195647840.00
2018/09/12,28.08,28.09,27.43,27.79,3518773,96220872.00
2018/09/13,27.90,28.40,27.46,28.35,3037200,83472440.00
2018/09/14,28.05,28.30,27.64,28.02,2334700,64387452.00
2018/09/17,27.75,27.75,26.82,26.89,2158759,57829420.00
2018/09/18,26.88,27.18,25.98,26.99,2397353,62935856.00
2018/09/19,26.70,27.76,26.40,27.35,2517933,67511176.00
2018/09/20,27.11,27.88,27.11,27.79,2867459,77907448.00
2018/09/21,29.40,30.50,27.84,27.86,5292459,150458384.00
2018/09/25,26.90,27.35,26.90,27.14,2755153,73605360.00
2018/09/26,27.24,28.13,26.96,27.62,3186806,86779384.00
2018/09/27,27.31,27.60,26.40,26.45,2551220,68023640.00
2018/09/28,26.55,27.35,26.50,26.85,1460900,38711540.00
2018/10/08,26.38,26.89,25.80,26.00,1528500,39706128.00
2018/10/09,26.00,26.95,26.00,26.44,1381442,35996616.00
2018/10/10,26.44,26.50,25.91,26.30,1267442,32712844.00
2018/10/11,25.40,25.43,23.71,23.71,2435042,58539780.00
2018/10/12,23.30,23.36,21.70,23.15,2122800,47383840.00
2018/10/15,23.38,23.64,22.98,22.99,999800,22901724.00
2018/10/16,23.08,23.82,22.72,23.24,1213900,27701572.00
2018/10/17,23.48,23.70,22.71,23.35,1071400,24499404.00
2018/10/18,23.28,23.28,22.00,22.23,1282800,28260232.00
2018/10/19,21.81,22.60,20.70,22.42,1665900,35706824.00
2018/10/22,22.43,23.65,22.43,23.59,2718906,62282104.00
2018/10/23,23.42,23.95,23.10,23.63,2617600,60853916.00
2018/10/24,23.36,23.90,23.24,23.86,1743420,40446284.00
2018/10/25,23.10,23.14,22.23,22.82,1843900,41310720.00
2018/10/26,23.00,23.27,22.85,22.95,1154933,26161104.00
2018/10/29,22.80,22.80,22.21,22.53,885400,19643676.00
2018/10/30,22.52,22.92,22.20,22.69,1011253,22464010.00
2018/10/31,22.73,23.65,22.67,23.25,1878220,42876468.00
2018/11/01,23.27,23.75,23.02,23.36,2421400,55868276.00
2018/11/02,23.55,24.13,23.41,24.00,3011620,70463616.00
2018/11/05,23.92,24.39,23.49,23.81,2305300,54142184.00
2018/11/06,23.73,25.38,23.56,24.42,3868842,92446248.00
2018/11/07,24.21,24.40,23.87,23.90,2338800,55422268.00
2018/11/08,24.04,24.30,23.62,23.74,1622700,38260276.00
2018/11/09,23.90,23.90,23.53,23.64,1023800,23886570.00
2018/11/12,23.43,24.79,23.43,24.24,2374600,56346616.00
2018/11/13,23.78,24.46,23.78,24.19,2783557,65891396.00
2018/11/14,24.14,24.92,24.01,24.42,3051657,73539960.00
2018/11/15,24.23,25.34,24.22,25.11,3849000,94464544.00
2018/11/16,24.93,25.77,24.68,25.46,4255100,105997760.00
2018/11/19,25.35,25.64,24.80,25.17,2279200,56332080.00
2018/11/20,25.05,25.05,23.97,24.10,2448400,59054760.00
2018/11/21,23.75,24.36,23.60,24.25,1415720,33495352.00
2018/11/22,24.15,24.59,24.05,24.25,1145020,27369740.00
2018/11/23,24.25,24.26,22.40,22.77,2078220,47587136.00
2018/11/26,22.56,23.25,22.56,22.96,1053100,23728614.00
2018/11/27,23.15,23.34,22.65,22.84,891500,20084572.00
2018/11/28,22.95,23.22,22.42,23.01,942000,21159512.00
2018/11/29,23.15,23.29,22.17,22.23,1151100,25752380.00
2018/11/30,22.18,22.57,22.00,22.54,923000,20285812.00
2018/12/03,23.05,23.36,22.84,23.09,1450200,32927854.00
2018/12/04,23.21,23.33,22.81,23.18,1281800,29131534.00
2018/12/05,22.80,23.02,22.63,22.85,1209000,27079840.00
2018/12/06,22.83,22.97,22.53,22.56,1193200,26626442.00
2018/12/07,22.70,23.55,22.43,23.11,2388900,53927892.00
2018/12/10,22.80,23.04,22.60,22.66,1399900,31394734.00
2018/12/11,22.86,22.86,22.51,22.77,1170800,26046524.00
2018/12/12,22.78,22.99,22.71,22.80,1099211,24685672.00
2018/12/13,22.91,23.10,22.57,22.98,1777400,39974744.00
2018/12/14,22.90,24.00,22.72,23.42,4377461,101199240.00
2018/12/17,23.38,24.82,23.17,24.26,5091920,120564512.00
2018/12/18,23.98,24.89,23.80,24.59,4643361,111675064.00
2018/12/19,24.51,24.51,23.67,24.01,2943100,69476904.00
2018/12/20,23.72,24.30,23.72,24.19,2352724,55644312.00
2018/12/21,24.10,25.10,23.80,24.48,3285500,78749024.00
2018/12/24,24.18,24.60,24.10,24.40,2474798,59210508.00
2018/12/25,24.00,24.30,23.45,23.84,2557938,59805772.00
2018/12/26,23.97,24.10,23.45,23.49,2070676,48342332.00
2018/12/27,23.89,23.90,22.50,22.52,2758200,62709064.00
2018/12/28,22.58,22.69,21.75,21.90,2011900,44051888.00
2019/01/02,21.95,22.12,21.17,21.30,1867700,39784376.00
2019/01/03,21.42,21.70,21.13,21.21,1666500,34906708.00
2019/01/04,20.95,21.88,20.42,21.74,2826500,58669840.00
2019/01/07,21.72,22.03,21.60,21.88,1826100,39146368.00
2019/01/08,21.88,21.95,21.66,21.68,1236300,26398186.00
2019/01/09,21.76,22.05,21.76,21.99,1966823,42292864.00
2019/01/10,21.90,21.96,21.68,21.75,1250900,26760336.00
2019/01/11,21.80,22.62,21.50,22.11,2895900,62678412.00
2019/01/14,21.96,22.09,21.72,21.87,1485500,31880144.00
2019/01/15,21.90,22.60,21.80,22.35,2386100,51998784.00
2019/01/16,22.35,24.15,22.26,22.83,4078497,92640456.00
2019/01/17,22.80,23.00,22.51,22.82,2729497,60977724.00
2019/01/18,22.70,22.98,22.56,22.97,2356600,52834376.00
2019/01/21,22.95,23.70,22.90,23.05,2529200,57635512.00
2019/01/22,22.69,22.81,22.18,22.28,2089097,46103832.00
2019/01/23,22.30,22.78,22.28,22.65,1711400,37870728.00
2019/01/24,22.59,23.35,22.49,22.86,2849574,64282620.00
2019/01/25,22.72,23.05,22.48,22.50,2076876,46539384.00
2019/01/28,22.73,23.08,22.55,22.60,1885276,42293304.00
2019/01/29,22.46,22.58,21.20,21.64,1923924,41264660.00
2019/01/30,21.87,21.98,21.01,21.09,1344800,28403306.00
2019/01/31,21.11,21.50,20.61,20.69,1539600,31694654.00
2019/02/01,20.89,21.19,20.74,21.17,1079800,22251648.00
2019/02/11,21.38,21.75,21.18,21.64,1424300,30037700.00
2019/02/12,21.64,21.90,21.53,21.76,1444900,30794584.00
2019/02/13,21.70,22.18,21.58,22.02,2051476,44160320.00
2019/02/14,22.04,22.61,21.95,22.15,1990500,43572812.00
2019/02/15,22.15,22.62,22.03,22.17,1878800,41101048.00
2019/02/18,22.37,22.80,22.12,22.80,2814100,62381696.00
2019/02/19,22.76,22.97,22.32,22.53,2666700,59305216.00
2019/02/20,22.67,23.40,22.55,23.24,4049950,91597648.00
2019/02/21,23.13,23.22,22.80,22.84,3250000,73252000.00
2019/02/22,22.80,23.19,22.62,23.10,2618901,58910424.00
2019/02/25,23.27,25.36,23.01,25.03,6351074,150186640.00
2019/02/26,24.89,24.89,24.12,24.22,4778349,115028200.00
2019/02/27,24.00,24.87,23.94,24.21,3922700,93859768.00
2019/02/28,24.15,24.78,24.08,24.62,4264357,102746760.00
2019/03/01,24.71,24.86,24.10,24.47,2168953,52085528.00
2019/03/04,24.50,25.16,24.25,24.43,4913757,119276936.00
2019/03/05,24.36,25.00,24.15,24.99,4719939,114902176.00
2019/03/06,25.03,26.10,25.03,25.84,6448695,162350704.00
2019/03/07,25.90,26.88,25.21,26.22,5351756,137049424.00
2019/03/08,25.37,26.40,25.22,25.23,4682700,118964584.00
2019/03/11,23.91,25.33,23.91,25.33,4699253,114146584.00
2019/03/12,25.32,25.55,24.75,25.21,3801100,94411416.00
2019/03/13,25.18,25.40,24.75,24.81,2823800,69671640.00
2019/03/14,24.54,24.95,23.55,23.92,2322600,55247772.00
2019/03/15,24.01,24.59,24.01,24.38,1872299,44787052.00
2019/03/18,24.39,25.60,24.39,25.33,3478299,86135480.00
2019/03/19,25.45,26.18,24.99,26.07,5300996,133790024.00
2019/03/20,26.29,26.90,25.75,26.55,6002696,155887088.00
2019/03/21,26.58,27.70,26.20,27.18,5373403,143429440.00
2019/03/22,27.00,29.78,26.98,28.03,7993597,221491968.00
2019/03/25,27.60,29.04,27.32,27.70,6238147,173818992.00
2019/03/26,28.15,28.18,26.65,27.18,3799100,102128608.00
2019/03/27,27.20,28.78,26.60,28.45,6660718,180888464.00
2019/03/28,28.16,28.55,27.13,28.33,6065089,167261424.00
2019/03/29,28.31,28.76,27.79,28.34,4119639,114872104.00
2019/04/01,28.33,30.10,28.11,28.95,6562227,186308240.00
2019/04/02,28.63,29.26,28.26,28.35,4310127,121596040.00
2019/04/03,28.40,28.83,27.53,28.30,4475600,124711328.00
2019/04/04,28.30,28.90,28.20,28.39,3820899,107348904.00
2019/04/08,28.47,28.89,27.70,27.80,2903888,80587544.00
2019/04/09,27.57,28.50,27.43,28.30,2369274,65484424.00
2019/04/10,28.30,29.36,28.01,29.00,3811436,108550920.00
2019/04/11,29.01,29.36,28.49,28.49,2868777,81943096.00
2019/04/12,28.52,28.84,27.90,28.32,1822239,50873700.00
2019/04/15,28.50,28.90,28.00,28.00,1910689,53655588.00
2019/04/16,27.90,28.83,27.60,28.60,2992525,83955968.00
2019/04/17,28.69,29.03,28.15,28.70,2311938,65325304.00
2019/04/18,28.73,30.18,28.50,29.66,4240489,122981456.00
2019/04/19,29.75,32.31,29.42,31.70,5362905,164042704.00
2019/04/22,31.71,34.69,31.70,32.61,5872532,191036160.00
2019/04/23,32.60,34.23,31.40,31.40,6290799,201601664.00
2019/04/24,31.97,32.59,28.92,30.57,7385729,222939408.00
2019/04/25,30.60,31.55,29.72,29.80,4311566,130221536.00
2019/04/26,29.99,31.84,29.72,30.81,3827880,115485864.00
2019/04/29,31.00,33.10,30.86,32.17,4885582,154222656.00
2019/04/30,32.20,33.02,31.22,32.50,3121264,99268952.00
2019/05/06,32.44,34.24,29.88,33.17,4664708,147467040.00
2019/05/07,33.11,36.35,32.59,36.23,7632548,257556000.00
2019/05/08,34.90,36.06,33.58,33.61,5556866,188838784.00
2019/05/09,31.60,33.20,30.90,32.09,3288478,104231928.00
2019/05/10,32.29,34.70,32.29,34.00,3850329,128337544.00
2019/05/13,34.00,34.88,33.40,34.65,2547578,86159816.00
2019/05/14,33.60,34.88,33.46,34.01,1842300,62189548.00
2019/05/15,34.70,36.34,34.42,36.03,3531875,123930360.00
2019/05/16,36.10,36.43,35.25,35.40,2185500,76619184.00
2019/05/17,35.34,36.35,34.40,34.85,2301500,80148672.00
2019/05/20,34.60,34.80,33.20,34.18,1669932,55496028.00
2019/05/21,34.59,34.65,33.31,34.33,1289509,43223096.00
2019/05/22,34.33,35.08,33.77,34.00,893200,30023488.00
2019/05/23,34.00,34.60,33.70,33.84,1342901,45064896.00
2019/05/24,33.97,34.28,32.62,32.80,1580699,51687796.00
2019/05/27,32.79,33.57,31.79,33.38,1206362,39233984.00
2019/05/28,33.54,35.17,33.18,34.56,1909030,64645204.00
2019/05/29,34.40,34.55,33.80,33.85,1052000,35172916.00
2019/05/30,33.86,34.29,32.80,33.50,1126100,36888592.00
2019/05/31,32.65,33.75,32.40,32.86,1222978,39568672.00
2019/06/03,32.92,33.09,30.63,31.60,1816200,56213580.00
2019/06/04,31.65,32.03,31.12,31.60,823100,25406356.00
2019/06/05,32.36,32.36,31.18,31.37,632700,19512644.00
2019/06/06,31.14,31.37,29.57,30.69,1373100,40959524.00
2019/06/10,30.71,31.20,30.12,30.75,900600,26990592.00
2019/06/11,30.60,31.88,30.60,31.78,1029876,31784500.00
2019/06/12,31.60,31.83,31.05,31.22,639901,19634334.00
2019/06/13,31.22,31.28,30.72,30.91,506276,15388410.00
2019/06/14,30.91,31.20,29.81,30.47,872700,25980260.00
2019/06/17,30.36,30.67,29.60,29.64,910000,26731292.00
2019/06/18,29.90,30.26,29.46,30.06,970500,28468076.00
2019/06/19,30.38,31.08,30.38,30.64,1206976,36452544.00
2019/06/20,30.40,31.36,30.40,31.16,1066400,32443436.00
2019/06/21,31.12,31.93,31.12,31.51,1172300,36274032.00
2019/06/24,31.60,32.39,31.40,31.93,874158,27384658.00
2019/06/25,31.56,33.60,31.40,31.75,965800,30377940.00
2019/06/26,31.75,32.18,31.02,31.84,912006,28277998.00
2019/06/27,31.65,31.97,31.45,31.56,878400,27275544.00
2019/06/28,31.76,31.78,30.92,31.46,748600,23053772.00
2019/07/01,31.65,32.88,31.65,32.84,1495424,47505980.00
2019/07/02,32.90,33.11,32.17,32.69,1270401,40594040.00
2019/07/03,32.59,33.40,31.60,31.95,1784451,56801324.00
2019/07/04,31.67,32.00,30.46,30.50,1818732,55157644.00
2019/07/05,30.68,32.25,30.50,32.08,1865231,57698188.00
2019/07/08,32.60,32.60,30.50,30.68,1441639,43828940.00
2019/07/09,30.60,31.08,30.31,30.65,579559,17455790.00
2019/07/10,30.57,31.26,30.31,30.42,830100,24997332.00
2019/07/11,30.88,31.05,29.60,29.69,1404910,41764692.00
2019/07/12,29.99,30.98,29.92,30.77,1315400,39290860.00
2019/07/15,32.60,33.08,31.81,32.36,3803917,120826168.00
2019/07/16,32.60,32.83,32.02,32.40,1636433,52026256.00
2019/07/17,32.42,32.96,32.21,32.44,1354200,43227392.00
2019/07/18,32.02,32.95,32.02,32.69,1300233,41591600.00
2019/07/19,32.71,33.36,32.30,32.82,1099800,35407460.00
2019/07/22,32.80,33.28,31.90,32.58,1177925,37810428.00
2019/07/23,32.05,32.67,31.62,32.33,1152300,36246708.00
2019/07/24,32.60,32.65,31.75,32.10,905000,28492812.00
2019/07/25,31.44,32.30,31.44,32.19,986000,30942872.00
2019/07/26,32.18,32.56,31.45,31.78,796100,24954864.00
2019/07/29,31.78,31.97,31.16,31.60,886699,27384358.00
2019/07/30,31.80,33.20,31.35,32.90,1777098,56750176.00
2019/07/31,32.51,32.66,32.06,32.27,1042275,33087362.00
2019/08/01,32.50,32.87,32.24,32.45,1074100,34299008.00
2019/08/02,31.80,32.19,31.42,31.81,616537,19275658.00
2019/08/05,32.09,32.09,31.10,31.15,806976,24980406.00
2019/08/06,30.86,30.90,28.61,30.08,1395286,40930844.00
2019/08/07,30.51,30.98,30.19,30.86,1048605,31542442.00
2019/08/08,30.54,31.88,30.54,31.63,1043100,32235148.00
2019/08/09,32.40,32.73,31.79,32.50,1583398,50046504.00
2019/08/12,33.40,33.80,31.95,32.38,4478239,143959312.00
2019/08/13,32.28,32.28,30.28,30.92,2863171,86973448.00
2019/08/14,30.82,31.20,30.11,30.41,2341800,70137568.00
2019/08/15,29.98,30.38,29.31,30.23,1564200,45802864.00
2019/08/16,30.27,30.86,29.95,30.38,1264898,37835344.00
2019/08/19,30.49,30.65,30.05,30.52,2044611,60929036.00
2019/08/20,30.52,30.55,29.48,29.87,2087642,61081324.00
2019/08/21,29.66,29.66,29.00,29.11,1970700,56311820.00
2019/08/22,29.14,29.59,29.14,29.57,1344276,38721732.00
2019/08/23,29.57,29.63,29.12,29.41,1083576,31143742.00
2019/08/26,29.06,29.06,28.55,28.80,1492677,42069012.00
2019/08/27,28.90,29.45,28.90,29.40,1508900,43290152.00
2019/08/28,29.40,29.81,29.12,29.76,1541600,44570616.00
2019/08/29,29.78,29.95,29.50,29.85,1454000,42452012.00
2019/08/30,29.85,30.07,28.86,28.97,1848933,53036148.00
2019/09/02,28.97,31.39,28.82,30.44,3794030,113049440.00
2019/09/03,30.20,30.49,29.77,30.31,2123275,62677220.00
2019/09/04,30.23,30.67,29.81,30.16,1645200,48708812.00
2019/09/05,30.36,30.60,30.04,30.24,1348000,40200356.00
2019/09/06,30.43,30.47,30.01,30.47,1342066,39861200.00
2019/09/09,30.54,31.45,30.20,31.38,2496142,75639520.00
2019/09/10,31.40,32.35,31.20,32.05,2706100,84485312.00
2019/09/11,32.20,32.22,31.15,31.54,1766852,54876276.00
2019/09/12,31.54,31.81,31.09,31.23,1253529,38457828.00
2019/09/16,31.40,32.08,31.04,31.76,1859058,57745252.00
2019/09/17,32.11,32.30,31.10,31.42,1775900,55292016.00
2019/09/18,31.90,33.20,31.40,32.41,3202482,102238712.00
2019/09/19,32.35,35.59,32.10,35.23,5151620,172097840.00
2019/09/20,34.50,38.69,34.36,37.61,7678035,281534656.00
2019/09/23,36.62,38.37,35.75,37.43,4006579,146290000.00
2019/09/24,37.10,38.78,36.48,36.60,3317329,122231808.00
2019/09/25,37.54,40.15,37.20,39.80,4659659,177689968.00
2019/09/26,39.01,39.69,36.15,37.35,4917400,182989312.00
2019/09/27,36.32,37.45,36.32,36.50,2427662,88120904.00
2019/09/30,36.72,38.33,36.30,38.17,3122456,115293520.00
2019/10/08,38.17,38.17,35.58,35.89,3552351,128608992.00
2019/10/09,35.90,36.99,35.42,36.85,2419811,86289760.00
2019/10/10,36.99,37.80,36.33,37.39,2359179,86011792.00
2019/10/11,36.76,37.77,36.43,36.48,2041610,73889088.00
2019/10/14,36.61,37.34,36.19,36.50,2124534,76683880.00
2019/10/15,36.50,38.03,36.11,37.98,4743458,172615488.00
2019/10/16,37.65,39.49,37.28,38.70,4667239,175980720.00
2019/10/17,38.53,42.10,38.38,41.32,5864179,234340672.00
2019/10/18,40.85,44.07,39.60,40.73,5539005,227924976.00
2019/10/21,40.59,40.95,38.60,39.86,4121220,161887424.00
2019/10/22,39.96,40.80,39.43,40.28,2655100,104709032.00
2019/10/23,39.98,40.36,38.80,39.35,2335945,90968864.00
2019/10/24,38.90,39.74,38.76,39.41,1472202,56885884.00
2019/10/25,39.30,41.30,39.08,41.02,1982893,78372152.00
2019/10/28,40.60,41.85,40.01,40.60,2521884,100867800.00
2019/10/29,40.15,41.92,40.15,41.13,2577671,104297864.00
2019/10/30,41.14,41.14,38.11,39.16,2970715,114813024.00
2019/10/31,39.16,39.80,37.88,37.90,1790823,68092112.00
2019/11/01,38.18,39.16,36.80,38.75,2147923,80628672.00
2019/11/04,38.30,39.99,38.30,39.52,1981382,77073736.00
2019/11/05,38.96,39.97,38.73,39.40,1720856,66737200.00
2019/11/06,39.60,39.60,38.20,38.73,1254178,47890308.00
2019/11/07,38.40,39.00,38.00,38.27,992100,37563236.00
2019/11/08,38.60,39.10,38.03,38.20,1349120,51245596.00
2019/11/11,37.91,38.56,37.20,37.30,995901,36984544.00
2019/11/12,37.89,38.10,37.20,37.70,1171400,43417544.00
2019/11/13,37.76,39.54,37.59,39.00,2153601,82500168.00
2019/11/14,39.35,40.55,39.06,40.33,2204500,86837416.00
2019/11/15,40.03,40.98,39.84,40.21,2052000,81692616.00
2019/11/18,39.93,40.69,38.95,40.00,2036279,79710624.00
2019/11/19,39.71,41.78,39.71,41.36,3246283,131359672.00
2019/11/20,41.59,42.01,40.70,41.50,1752900,71170296.00
2019/11/21,41.05,42.10,40.80,41.41,1414792,57786204.00
2019/11/22,41.50,41.68,39.04,39.91,2333466,92562176.00
2019/11/25,40.04,40.30,38.75,40.29,1554400,60523928.00
2019/11/26,39.98,40.35,38.90,39.11,1206738,46819436.00
2019/11/27,39.84,39.84,38.60,38.89,995200,38275384.00
2019/11/28,38.90,39.27,38.15,38.21,1156942,43892288.00
2019/11/29,38.22,38.69,37.42,38.07,969300,36259520.00
2019/12/02,37.70,38.50,37.46,37.60,860800,31958528.00
2019/12/03,37.67,38.44,36.20,38.28,2051100,75115816.00
2019/12/04,37.76,38.52,37.60,37.70,991400,37077392.00
2019/12/05,37.80,38.44,37.60,38.25,1227600,46057800.00
2019/12/06,38.28,38.44,37.90,38.40,984800,37062040.00
2019/12/09,38.40,38.99,37.61,37.83,1411992,53044640.00
2019/12/10,37.82,38.05,37.23,37.73,1052400,38991952.00
2019/12/11,37.62,37.80,35.63,35.95,3041400,108951440.00
2019/12/12,35.88,36.28,35.24,36.01,1460200,51482296.00
2019/12/13,36.27,37.37,36.10,37.11,1811300,65766052.00
2019/12/16,37.47,38.20,37.12,38.04,1264000,47099828.00
2019/12/17,38.51,38.51,37.75,38.04,1437913,53967408.00
2019/12/18,38.10,38.77,37.38,38.30,1747390,65432732.00
2019/12/19,38.29,38.29,37.31,37.48,1527000,56513952.00
2019/12/20,37.52,38.28,37.52,37.74,1181090,44112260.00
2019/12/23,37.74,37.91,36.60,36.78,1119300,40875096.00
2019/12/24,36.71,37.02,36.22,36.60,1141956,41119352.00
2019/12/25,37.29,37.29,36.12,36.41,994435,35817236.00
2019/12/26,36.60,36.82,35.95,36.45,908561,32396002.00
2019/12/27,36.48,36.61,35.91,36.16,1108300,39562240.00
2019/12/30,36.16,36.16,34.84,36.06,1863000,65160832.00
2019/12/31,35.97,37.25,35.61,36.70,1863301,67219720.00
2020/01/02,37.10,37.40,36.00,36.52,2643489,94719168.00
2020/01/03,36.40,37.10,36.39,36.63,2207943,79965272.00
2020/01/06,36.46,37.10,36.10,36.63,1525287,54959956.00
2020/01/07,36.50,37.44,36.50,37.00,1919368,69740952.00
2020/01/08,37.00,37.14,36.62,36.80,1406300,50959548.00
2020/01/09,37.03,37.29,36.53,37.03,1760088,63820936.00
2020/01/10,36.86,39.10,36.86,38.79,3576762,133677976.00
2020/01/13,38.85,38.89,37.50,38.70,2878062,108438912.00
2020/01/14,38.52,38.73,37.98,38.00,1437101,53979296.00
2020/01/15,37.90,39.28,37.55,38.87,2374387,90398648.00
2020/01/16,38.90,39.00,37.80,38.90,1384761,52459372.00
2020/01/17,38.80,38.94,38.10,38.58,1456200,55279304.00
2020/01/20,41.44,42.28,40.10,41.48,6934010,280565856.00
2020/01/21,41.59,43.12,41.12,42.40,4236291,176592240.00
2020/01/22,42.31,42.76,41.60,42.15,2329661,96545280.00
2020/01/23,40.07,42.39,40.07,41.01,2692698,109203984.00
2020/02/03,36.97,37.80,36.97,36.97,2059000,74930760.00
2020/02/04,36.70,38.30,36.20,37.63,2625233,96286456.00
2020/02/05,37.63,38.24,36.46,36.83,3208000,117780872.00
2020/02/06,36.28,37.54,36.10,37.11,2070245,74682112.00
2020/02/07,36.68,40.53,36.45,39.80,3334878,127708376.00
2020/02/10,39.70,42.10,39.60,41.24,2955133,118561840.00
2020/02/11,41.79,41.79,39.80,40.60,1668326,66767016.00
2020/02/12,40.69,41.16,39.97,40.49,1851999,73880496.00
2020/02/13,40.40,41.41,39.85,39.85,1577600,62972936.00
2020/02/14,38.60,40.35,38.60,39.89,1390500,54656424.00
2020/02/17,39.93,40.70,39.10,39.98,2808579,109595232.00
2020/02/18,39.69,42.80,39.21,42.05,3978099,161745152.00
2020/02/19,42.20,44.80,41.10,43.58,4583996,195564224.00
2020/02/20,43.72,45.70,43.70,45.00,4062979,178864080.00
2020/02/21,44.28,45.33,43.95,44.31,2777917,121663584.00
2020/02/24,44.60,46.90,43.65,45.96,3244966,143652384.00
2020/02/25,44.14,46.00,44.14,45.46,2566553,114377528.00
2020/02/26,45.35,46.60,43.61,44.10,2377626,106000536.00
2020/02/27,44.77,48.11,44.77,46.93,3180733,146078832.00
2020/02/28,45.62,50.49,45.62,47.99,4905127,233373904.00
2020/03/02,48.98,52.72,47.62,51.26,3917197,194746944.00
2020/03/03,52.60,52.60,48.38,48.97,4390356,218593744.00
2020/03/04,49.21,51.48,48.93,50.90,3485781,173556432.00
2020/03/05,51.51,53.70,49.70,51.45,3925583,202937232.00
2020/03/06,51.45,52.58,49.71,51.63,3554229,179652816.00
2020/03/09,50.10,52.31,48.88,50.81,2991664,149865776.00
2020/03/10,49.64,53.30,49.64,52.50,3088109,158343296.00
2020/03/11,52.10,56.60,51.47,56.01,3300761,176368912.00
2020/03/12,51.88,55.09,51.88,53.27,2884726,153426560.00
2020/03/13,50.39,55.20,50.35,52.20,2501404,129221376.00
2020/03/16,52.40,54.80,50.40,50.73,3079823,160617168.00
2020/03/17,51.27,54.60,49.60,54.60,2401223,122848424.00
2020/03/18,54.39,55.14,50.82,51.48,2972263,156763280.00
2020/03/19,51.99,52.76,48.00,50.46,2889686,143196384.00
2020/03/20,50.96,51.21,49.11,50.18,1704700,84124080.00
2020/03/23,49.29,50.60,47.75,47.79,1621900,78185248.00
2020/03/24,48.76,50.80,48.26,50.37,1867139,91563552.00
2020/03/25,51.21,53.30,50.90,52.49,2176638,112321368.00
2020/03/26,52.50,53.98,51.60,53.70,2255194,118032792.00
2020/03/27,53.60,54.60,52.49,53.20,1584314,83867592.00
2020/03/30,53.18,55.50,52.41,53.91,1909600,102555392.00
2020/03/31,53.65,56.90,53.41,56.45,1979278,109012576.00
2020/04/01,56.40,58.57,55.30,58.09,1968900,111125160.00
2020/04/02,57.39,57.39,54.11,55.40,2258475,123382488.00
2020/04/03,55.40,56.20,54.01,54.60,1168242,63413284.00
2020/04/07,54.56,56.38,54.43,55.43,1865000,102276256.00
2020/04/08,54.90,55.57,53.29,53.40,1963412,104754088.00
2020/04/09,53.66,57.96,53.66,56.60,3307185,184240288.00
2020/04/10,56.41,56.58,53.81,54.45,1999397,108572632.00
2020/04/13,54.10,55.59,53.34,54.10,1159122,62507796.00
2020/04/14,54.62,55.69,53.98,55.69,1113414,59943692.00
2020/04/15,61.15,61.15,61.15,61.15,754800,45325740.00
2020/04/16,64.56,67.16,63.10,67.16,6171717,399931904.00
2020/04/17,67.10,67.10,63.40,65.50,4477210,287116864.00
2020/04/20,66.15,68.72,64.20,66.62,2398095,156692976.00
2020/04/21,66.65,71.08,66.65,67.62,2572788,172716432.00
2020/04/22,67.18,72.09,66.89,71.08,2653110,181700976.00
2020/04/23,70.19,76.78,69.22,75.91,3993385,291008800.00
2020/04/24,74.23,77.79,72.17,75.10,3339817,247477712.00
2020/04/27,75.39,76.40,73.61,74.80,2198834,162682496.00
2020/04/28,74.89,81.97,73.60,80.30,3289930,250792544.00
2020/04/29,79.11,81.09,75.85,75.86,3117424,240510848.00
2020/04/30,75.48,77.52,73.70,76.79,2793016,209020112.00
2020/05/06,76.14,78.10,74.34,76.87,2295771,172912240.00
2020/05/07,77.40,79.55,75.85,77.15,2648706,202644368.00
2020/05/08,77.53,79.00,76.30,78.44,1885413,144469856.00
2020/05/11,78.21,80.06,75.86,76.25,1990500,151519696.00
2020/05/12,77.31,82.26,77.31,81.88,3053877,240653472.00
2020/05/13,79.45,84.60,79.45,83.56,2600924,211588912.00
2020/05/14,83.23,89.70,82.73,87.12,2404226,205075712.00
2020/05/15,87.60,90.45,84.65,90.07,2218139,192372192.00
2020/05/18,90.41,95.98,88.65,93.66,2183147,199951360.00
2020/05/19,93.40,93.48,90.30,93.08,1874000,169509360.00
2020/05/20,92.11,93.10,86.71,88.94,2519406,223873248.00
2020/05/21,89.28,90.40,87.21,89.20,1892879,166737648.00
2020/05/22,89.20,92.20,87.22,90.79,2244062,197545808.00
2020/05/25,90.58,93.70,89.13,92.45,1853559,168213536.00
2020/05/26,92.10,94.10,90.31,93.70,1618028,147698160.00
2020/05/27,93.64,99.93,92.65,95.50,2422665,228869008.00
2020/05/28,94.10,97.79,93.01,97.61,1312727,123662336.00
2020/05/29,97.09,104.60,96.16,103.10,2093857,210299184.00
2020/06/01,103.10,109.94,102.61,109.94,1915300,203325072.00
2020/06/02,109.11,109.49,99.06,99.07,4745640,477062080.00
2020/06/03,97.10,98.61,93.60,97.81,3143583,298446368.00
2020/06/04,97.54,97.85,95.60,97.31,1477880,141254672.00
2020/06/05,97.35,97.88,93.32,95.34,1951127,183355600.00
2020/06/08,95.10,95.10,91.10,91.12,2651023,242872768.00
2020/06/09,92.00,94.54,90.43,93.10,2153885,197623088.00
2020/06/10,92.67,96.70,92.07,94.53,2423191,227329728.00
2020/06/11,94.09,95.07,91.58,92.58,1673006,153118192.00
2020/06/12,90.10,94.10,90.10,93.40,1304837,119772312.00
2020/06/15,93.35,94.69,90.60,91.10,1968589,178471136.00
2020/06/16,91.73,97.55,91.10,97.09,3304668,311679936.00
2020/06/17,97.21,97.28,92.10,94.10,2719598,251675808.00
2020/06/18,94.09,94.80,92.15,94.04,1201242,110930976.00
2020/06/19,94.43,97.10,94.05,95.50,1840200,173845168.00
2020/06/22,95.08,96.10,92.71,94.00,1692804,157617536.00
2020/06/23,94.49,96.75,93.30,96.66,2025756,191616448.00
2020/06/24,96.76,98.72,94.52,94.70,2167738,206403136.00
2020/06/29,93.90,93.92,85.95,87.90,4518673,396556416.00
2020/06/30,89.60,96.49,88.68,96.32,4587139,427261024.00
2020/07/01,95.64,99.06,93.10,94.99,2688169,251936016.00
2020/07/02,94.65,98.48,93.42,96.60,2380114,227000576.00
2020/07/03,96.10,97.44,92.10,94.59,2474721,229894064.00
2020/07/06,94.59,99.57,93.10,97.46,3502903,335432864.00
2020/07/07,99.10,103.64,95.15,100.43,3031650,296518400.00
2020/07/08,99.78,107.76,99.41,106.12,3191693,329485888.00
2020/07/09,104.10,109.93,104.10,107.98,2446912,259158848.00
2020/07/10,107.98,115.81,106.91,112.80,2386509,264053440.00
2020/07/13,111.11,117.10,109.60,116.61,2700375,298424000.00
2020/07/14,115.10,115.10,105.10,107.13,3457772,372216864.00
2020/07/15,107.60,110.90,106.60,108.52,2575860,277941856.00
2020/07/16,108.49,110.78,100.15,100.15,2332590,242407808.00
2020/07/17,102.20,102.21,96.00,99.87,3062622,300526240.00
2020/07/20,99.27,101.41,94.26,98.76,3250255,312361984.00
2020/07/21,97.59,102.45,96.29,100.45,2138854,210698960.00
2020/07/22,99.91,105.10,99.13,103.25,2195756,222370784.00
2020/07/23,102.19,105.57,100.21,101.10,2275409,230083040.00
2020/07/24,101.10,101.89,96.63,97.94,2105292,205468608.00
2020/07/27,97.78,101.10,96.98,99.70,1493314,147232368.00
2020/07/28,101.09,105.30,99.34,103.88,2030215,207303024.00
2020/07/29,103.88,105.98,103.12,105.15,1416982,147033152.00
2020/07/30,104.64,105.60,103.25,103.27,1072800,110876800.00
2020/07/31,104.60,107.50,103.31,105.72,1635348,170733216.00
2020/08/03,105.60,106.53,102.10,103.90,2625554,268061568.00
2020/08/04,114.18,114.18,111.93,114.18,2565243,289308128.00
2020/08/05,116.10,124.10,115.10,122.51,4760214,567358784.00
2020/08/06,122.51,128.38,121.30,125.80,2997988,371794848.00
2020/08/07,128.04,134.99,124.17,130.90,2851052,367931840.00
2020/08/10,129.00,133.60,125.60,128.91,2630591,337180768.00
2020/08/11,131.20,139.87,131.20,134.98,2534911,343156896.00
2020/08/12,135.10,137.61,125.61,128.94,2892421,372309472.00
2020/08/13,132.10,132.60,123.48,126.33,2022243,253500704.00
2020/08/14,126.59,134.88,126.59,134.88,2070657,270116448.00
2020/08/17,132.45,138.55,130.13,136.06,2633853,352054272.00
2020/08/18,135.25,140.70,133.25,137.01,2042904,279297632.00
2020/08/19,137.10,143.30,136.13,138.60,1574001,217313040.00
2020/08/20,137.09,139.37,134.50,137.10,1319170,179079360.00
2020/08/21,138.10,149.10,137.10,146.10,2091968,300806496.00
2020/08/24,146.11,150.10,142.10,146.87,1669654,241166816.00
2020/08/25,143.43,146.95,142.50,145.28,1343460,193330528.00
2020/08/26,144.28,150.00,142.10,143.50,1257105,181653648.00
2020/08/27,144.41,154.09,144.40,149.59,1801668,267704688.00
2020/08/28,148.10,154.10,147.30,149.74,1385880,207259712.00
2020/08/31,149.57,155.68,148.10,150.70,1554888,233643520.00
2020/09/01,150.91,152.09,146.10,147.10,1438340,210810912.00
2020/09/02,147.26,153.09,146.50,150.00,1673916,248726880.00
2020/09/03,150.00,155.43,146.94,148.93,1712583,257830224.00
2020/09/04,142.10,147.61,141.00,145.41,2537803,363623168.00
2020/09/07,146.51,147.08,138.60,140.20,1856787,261575088.00
2020/09/08,140.01,142.09,128.12,133.10,2166500,285549664.00
2020/09/09,132.50,133.70,128.31,130.10,1812167,236767168.00
2020/09/10,134.00,139.66,131.81,136.54,2035898,274511648.00
2020/09/11,138.70,140.98,136.34,140.18,1122100,154793264.00
2020/09/14,140.18,143.10,133.60,140.28,1844620,254097536.00
2020/09/15,140.31,144.92,140.10,144.10,1410469,200642448.00
2020/09/16,143.79,144.58,135.15,137.35,1280379,175586848.00
2020/09/17,138.20,146.08,135.49,144.10,1986912,278160032.00
2020/09/18,141.74,146.92,140.70,142.22,1168537,167237376.00
2020/09/21,141.60,143.19,134.72,136.40,1485071,200830432.00
2020/09/22,133.61,143.10,133.60,140.07,1399320,193603120.00
2020/09/23,142.89,142.89,135.51,140.30,1163591,160125584.00
2020/09/24,140.36,143.30,137.16,138.98,1008220,140143696.00
2020/09/25,141.89,141.89,137.13,138.03,645185,89256848.00
2020/09/28,139.90,140.60,137.28,140.27,738800,101988344.00
2020/09/29,141.10,151.44,141.10,149.38,1869735,274246720.00
2020/09/30,150.05,153.90,147.87,147.87,1261079,189426864.00
2020/10/09,152.00,152.99,147.68,148.95,1094965,162234272.00
2020/10/12,149.69,156.60,148.53,153.10,1621272,247761520.00
2020/10/13,151.55,162.98,151.55,154.10,1464020,226984672.00
2020/10/14,154.11,155.71,148.91,151.41,1000465,150927280.00
2020/10/15,154.29,156.76,149.41,150.60,1264627,191105520.00
2020/10/16,152.10,152.13,146.21,147.15,980920,144332848.00
2020/10/19,147.85,148.07,137.20,138.40,1488591,208275344.00
2020/10/20,138.40,143.00,133.90,142.39,1167995,161472912.00
2020/10/21,141.60,142.86,135.70,136.88,1118939,153145056.00
2020/10/22,135.83,138.10,132.22,136.65,1022119,136730480.00
2020/10/23,135.44,136.09,126.01,128.80,1604747,206730848.00
2020/10/26,124.10,131.10,120.15,128.61,1581831,196882272.00
2020/10/27,130.10,137.28,130.10,132.90,1835068,244361440.00
2020/10/28,134.78,135.82,130.56,133.63,1005599,133051304.00
2020/10/29,132.10,134.25,130.17,131.85,1024931,134512800.00
2020/10/30,132.20,134.10,127.11,130.04,1206995,155416704.00
2020/11/02,129.90,133.90,129.10,133.75,1306117,171611648.00
2020/11/03,129.90,135.53,129.19,132.12,1274488,167767712.00
2020/11/04,131.79,137.10,131.16,135.05,923866,123910216.00
2020/11/05,136.90,137.10,134.20,136.23,588423,79553856.00
2020/11/06,135.74,136.23,127.46,130.10,1075112,138873664.00
2020/11/09,131.12,132.40,124.51,130.48,1604067,205127216.00
2020/11/10,132.10,132.10,126.64,127.98,1271987,162540816.00
2020/11/11,130.50,131.90,127.85,128.29,984688,126481384.00
2020/11/12,130.08,130.80,127.21,129.78,673309,86484976.00
2020/11/13,131.00,131.00,126.53,129.16,727000,92715160.00
2020/11/16,129.32,130.08,125.50,129.95,835041,106064568.00
2020/11/17,128.78,129.90,121.99,123.97,1209556,149125728.00
2020/11/18,125.11,125.11,119.10,120.95,1018397,122186288.00
2020/11/19,119.24,123.70,118.13,122.65,904214,109199328.00
2020/11/20,122.66,129.88,122.66,129.41,1530546,193086592.00
2020/11/23,128.70,129.11,124.10,127.62,907412,114022560.00
2020/11/24,127.33,129.12,124.10,125.10,712677,88655128.00
2020/11/25,126.10,127.70,122.15,123.12,624127,76654992.00
2020/11/26,121.10,124.40,119.73,121.80,778297,94258760.00
2020/11/27,121.75,122.35,119.11,119.95,598469,71376904.00
2020/11/30,119.52,119.79,111.04,114.35,1355995,152822144.00
2020/12/01,111.79,119.07,111.78,117.87,1321620,153284272.00
2020/12/02,123.60,127.10,122.39,124.10,1867762,230519312.00
2020/12/03,123.86,124.95,118.11,123.92,1271578,153170512.00
2020/12/04,123.93,126.90,122.48,125.59,882280,109635408.00
2020/12/07,126.88,127.55,123.20,124.10,847553,104789984.00
2020/12/08,123.70,125.31,120.10,122.98,1116676,135454864.00
2020/12/09,122.98,125.65,121.20,122.10,1138204,138939504.00
2020/12/10,123.85,124.43,120.28,120.41,874205,105193712.00
2020/12/11,120.10,121.38,114.90,118.25,1202715,140659632.00
2020/12/14,118.25,119.59,117.16,118.77,731135,85822152.00
2020/12/15,120.00,122.90,119.35,120.77,1490275,178760960.00
2020/12/16,119.90,123.28,118.93,120.09,1046751,125214512.00
2020/12/17,120.88,122.60,119.10,119.60,1039758,123736440.00
2020/12/18,120.60,120.60,116.74,117.82,1141028,133260896.00
2020/12/21,116.48,121.85,115.10,120.32,1676816,196670512.00
2020/12/22,120.40,123.26,118.20,118.46,1210531,145214336.00
2020/12/23,119.10,119.60,115.80,117.20,1278018,148597552.00
2020/12/24,116.41,117.58,112.35,112.93,1150998,130820240.00
2020/12/25,112.11,112.25,107.28,108.80,1912749,206595232.00
2020/12/28,108.09,109.68,105.11,106.12,1649918,174056976.00
2020/12/29,106.13,113.59,106.13,112.88,1990683,219027312.00
2020/12/30,112.43,115.37,111.11,112.04,1421615,159380080.00
2020/12/31,112.31,113.30,109.38,111.32,1484807,162389184.00
2021/01/04,109.59,117.10,109.40,115.46,1494610,169213424.00
2021/01/05,112.10,117.19,111.40,116.21,2281300,258564160.00
2021/01/06,116.20,117.65,112.02,114.80,1776413,201563712.00
2021/01/07,114.82,117.60,112.78,115.39,2392529,273914592.00
2021/01/08,115.20,115.20,107.16,108.30,2443314,265502128.00
2021/01/11,109.37,109.37,100.90,101.30,2340162,237549744.00
2021/01/12,101.30,107.10,98.70,106.10,2027160,208477376.00
2021/01/13,105.89,107.88,104.10,105.11,1250255,130668920.00
2021/01/14,105.08,105.72,101.72,103.69,1044274,107043000.00
2021/01/15,103.52,105.09,101.60,104.74,840475,85936928.00
2021/01/18,104.67,106.07,102.32,103.81,904306,92629648.00
2021/01/19,102.90,105.41,102.50,102.80,1027466,105415120.00
2021/01/20,102.55,104.30,101.80,103.91,1047370,106962200.00
2021/01/21,104.01,113.68,103.11,113.40,2671284,286537536.00
2021/01/22,113.81,124.63,113.70,124.63,3428325,408654112.00
2021/01/25,126.29,127.88,119.63,124.10,2883729,349304640.00
2021/01/26,122.10,122.71,111.80,111.80,2732075,316305472.00
2021/01/27,111.81,113.20,107.27,109.25,2043058,221758416.00
2021/01/28,109.00,111.08,101.10,107.44,1745368,187163952.00
2021/01/29,107.47,111.10,106.32,109.28,2215798,239102480.00
2021/02/01,108.16,112.90,107.87,112.08,1666860,183449728.00
2021/02/02,112.20,119.67,110.85,117.53,1865669,216459104.00
2021/02/03,117.54,121.13,112.10,113.25,1995966,229433936.00
2021/02/04,112.60,116.86,109.28,115.26,2279075,254912544.00
2021/02/05,117.10,122.90,115.00,116.04,2667587,316711168.00
2021/02/08,115.69,117.77,111.43,117.10,2320625,263928912.00
2021/02/09,116.10,120.16,112.95,118.71,2099180,243167760.00
2021/02/10,118.71,120.08,113.10,113.47,1995478,226746352.00
2021/02/18,114.10,116.60,111.04,112.55,1680061,189636816.00
2021/02/19,112.30,112.59,106.17,107.30,2496884,266320928.00
2021/02/22,106.16,107.09,102.10,102.29,1859953,191639712.00
2021/02/23,101.62,102.08,98.10,101.40,2286586,224926096.00
2021/02/24,103.00,103.10,91.37,91.38,4646834,431852320.00
2021/02/25,90.98,92.32,88.70,92.07,2252359,201850272.00
2021/02/26,90.20,97.60,90.10,94.65,2281974,213520384.00
2021/03/01,98.10,104.01,98.10,104.01,3155461,321606048.00
2021/03/02,114.30,114.30,114.30,114.30,769810,87142496.00
2021/03/03,115.10,125.62,107.47,125.62,6167736,722417280.00
2021/03/04,125.10,125.10,116.49,120.35,3980117,471157120.00
2021/03/05,117.55,119.43,110.10,117.86,2718436,310470016.00
2021/03/08,117.80,123.21,113.10,114.32,3754956,441872256.00
2021/03/09,114.32,118.62,108.68,110.30,2626334,295064800.00
2021/03/10,113.36,114.52,108.30,111.15,1590756,175080192.00
2021/03/11,111.15,114.10,107.23,113.12,1588845,175259072.00
2021/03/12,113.12,113.91,108.71,111.60,1544970,169539360.00
2021/03/15,109.72,111.10,107.49,109.23,1192105,128760936.00
2021/03/16,108.80,112.87,107.55,110.40,1003352,109387672.00
2021/03/17,111.10,113.28,108.61,112.71,899700,99396160.00
2021/03/18,112.67,115.24,109.45,114.97,1078834,120003640.00
2021/03/19,112.09,115.95,109.11,111.02,993841,110041880.00
2021/03/22,111.01,117.10,108.74,116.76,985231,110733768.00
2021/03/23,116.80,124.02,115.75,122.19,2479882,294954528.00
2021/03/24,122.21,130.57,119.15,125.10,2550883,318396064.00
2021/03/25,122.99,125.10,117.10,122.75,2157427,259289840.00
2021/03/26,120.98,129.19,119.10,128.46,1533885,193226080.00
2021/03/29,128.60,135.20,127.46,131.09,1430673,186944992.00
2021/03/30,131.04,138.56,128.13,137.06,1331588,179438064.00
2021/03/31,134.88,136.10,128.86,133.20,1636976,214394560.00
2021/04/01,133.19,140.86,132.61,139.75,1285602,176509904.00
2021/04/02,139.76,140.97,134.63,137.89,1250250,170812208.00
2021/04/06,140.35,141.00,129.20,135.62,1152749,154337936.00
2021/04/07,135.24,140.90,135.23,138.53,1308874,180258640.00
2021/04/08,137.10,138.53,133.61,137.70,898841,121789336.00
2021/04/09,137.02,138.98,129.40,133.57,1907686,251872304.00
2021/04/12,133.37,137.33,128.00,129.03,1491917,194476816.00
2021/04/13,128.73,131.30,126.42,127.60,751058,95628576.00
2021/04/14,127.61,131.77,124.80,128.22,970030,123680696.00
2021/04/15,127.90,130.87,125.58,127.26,544506,68674552.00
2021/04/16,125.72,129.10,122.20,125.91,1018392,126797680.00
2021/04/19,127.35,137.08,127.35,133.47,1451217,192128576.00
2021/04/20,132.22,135.40,130.89,133.50,787433,104082808.00
2021/04/21,131.70,134.10,130.20,132.03,660821,86289816.00
2021/04/22,132.29,135.40,129.80,134.95,870602,115187992.00
2021/04/23,134.08,137.25,133.23,136.85,862951,116337016.00
2021/04/26,140.10,146.90,132.75,133.10,1971111,272868768.00
2021/04/27,136.15,146.10,133.10,143.91,1772700,247657808.00
2021/04/28,141.31,145.96,139.21,144.90,1076206,153152512.00
2021/04/29,143.32,145.34,136.71,138.33,848426,117528944.00
2021/04/30,137.11,140.98,132.30,134.86,867035,116120872.00
2021/05/06,134.87,136.09,129.10,133.88,957160,126304032.00
2021/05/07,133.88,134.65,126.11,126.28,1436937,182961024.00
2021/05/10,127.10,132.60,125.53,126.23,1123535,143515904.00
2021/05/11,125.05,130.51,124.10,129.60,892821,112691488.00
2021/05/12,128.50,131.18,127.11,129.60,481784,61907900.00
2021/05/13,127.68,129.47,124.23,128.32,452667,57003248.00
2021/05/14,129.06,131.69,128.20,128.21,590010,76033344.00
2021/05/17,131.12,131.98,127.49,130.71,939223,121070184.00
2021/05/18,129.34,130.72,127.20,127.94,558213,70937048.00
2021/05/19,127.94,128.10,124.80,125.85,575240,71809824.00
2021/05/20,124.76,126.97,124.67,126.47,445093,55609872.00
2021/05/21,125.73,127.76,122.10,122.43,955898,117276360.00
2021/05/24,122.43,124.10,120.10,123.26,897504,108805600.00
2021/05/25,122.90,130.95,122.84,128.36,1106222,140886288.00
2021/05/26,127.92,129.65,117.10,120.80,2651300,318172096.00
2021/05/27,119.86,123.60,118.39,121.79,1268376,153086992.00
2021/05/28,121.20,122.00,115.40,116.05,2311599,269266240.00
2021/05/31,116.02,118.60,115.41,116.28,1272421,147037824.00
2021/06/01,116.80,117.86,115.16,115.87,1326097,152297168.00
2021/06/02,115.87,117.13,111.76,114.35,1702930,191848800.00
2021/06/03,114.34,118.82,114.10,115.10,1367904,158295856.00
2021/06/04,115.63,116.10,112.10,112.60,1154714,129284848.00
2021/06/07,112.59,116.98,111.19,116.15,1681388,192221856.00
2021/06/08,116.50,116.96,112.55,115.19,1269636,143848288.00
2021/06/09,115.40,115.40,111.78,113.77,1288229,144340160.00
2021/06/10,113.68,114.12,110.32,111.96,1635994,180161936.00
2021/06/11,111.44,112.59,109.40,110.11,1767503,194094480.00
2021/06/15,110.05,111.30,107.31,108.21,1332013,143203056.00
2021/06/16,108.56,109.60,104.97,105.09,1030967,107979696.00
2021/06/17,105.40,106.40,103.20,105.88,1479357,152157920.00
2021/06/18,105.76,107.18,102.30,103.38,1166142,118673912.00
2021/06/21,101.10,104.90,100.86,103.27,2018137,203966080.00
2021/06/22,103.37,103.60,100.91,102.09,1505475,150221904.00
2021/06/23,102.71,103.98,99.80,100.50,1434989,141975248.00
2021/06/24,101.00,101.00,97.10,99.03,1522690,146931008.00
2021/06/25,99.06,102.42,99.06,101.65,1444418,143009760.00
2021/06/28,101.63,102.63,99.62,101.23,899500,88989200.00
2021/06/29,102.02,103.31,100.36,100.86,1394473,139205088.00
2021/06/30,101.11,102.88,98.10,101.82,1150206,113174584.00
2021/07/01,102.10,111.30,100.20,107.18,2691727,281293472.00
2021/07/02,107.30,109.40,101.61,103.10,2815739,292257440.00
2021/07/05,102.07,103.29,98.70,100.10,1583544,155762864.00
2021/07/06,99.90,100.69,93.10,97.57,2385615,224824048.00
2021/07/07,97.25,103.30,96.60,100.75,2452684,242409968.00
2021/07/08,101.24,101.97,97.78,98.55,1242206,120503448.00
2021/07/09,97.44,97.90,94.05,94.15,1714534,159444000.00
2021/07/12,94.70,103.10,93.40,102.07,2797414,271674112.00
2021/07/13,102.15,105.56,98.23,99.38,1843474,181980160.00
2021/07/14,99.24,100.10,97.10,97.76,853593,82014032.00
2021/07/15,88.19,88.19,88.19,88.19,482600,41547032.00
2021/07/16,79.58,79.58,79.58,79.58,274500,21268260.00
2021/07/19,71.83,71.83,71.83,71.83,331200,23094576.00
2021/07/20,67.57,68.10,64.86,64.90,9369024,596685952.00
2021/07/21,63.85,66.30,62.44,63.50,8137500,503708960.00
2021/07/22,63.18,64.68,62.02,63.56,4882246,299426880.00
2021/07/23,62.80,62.99,61.01,61.17,3946922,235326400.00
2021/07/26,60.76,61.17,57.96,58.01,4383401,248383264.00
2021/07/27,58.57,59.45,56.29,56.29,3684039,204805168.00
2021/07/28,55.65,56.66,53.54,54.77,2975911,156535280.00
2021/07/29,55.10,56.66,54.99,55.96,3049262,163467872.00
2021/07/30,55.19,57.02,54.10,56.22,2587478,137939024.00
2021/08/02,55.93,57.92,54.80,57.84,3444326,187723120.00
2021/08/03,57.11,58.32,56.83,57.08,2657666,147197792.00
2021/08/04,57.05,57.64,56.38,56.66,2174458,119450120.00
2021/08/05,56.71,57.05,55.68,55.81,2028212,109994848.00
2021/08/06,55.78,55.78,54.30,55.06,1951578,103085392.00
2021/08/09,55.06,60.36,54.53,60.36,3541358,201275120.00
2021/08/10,62.48,66.19,60.63,66.19,10670006,655003008.00
2021/08/11,67.28,71.28,65.08,66.07,10793513,708571264.00
2021/08/12,66.00,66.70,62.60,63.68,7100169,439699104.00
2021/08/13,63.69,63.98,61.67,62.09,3688755,223030336.00
2021/08/16,62.65,63.65,61.13,62.52,3617091,218577680.00
2021/08/17,62.60,62.80,59.30,59.68,3133834,184106096.00
2021/08/18,59.68,60.89,58.13,60.75,2481311,143518544.00
2021/08/19,60.00,61.60,58.78,59.10,2286940,131803416.00
2021/08/20,58.10,58.24,55.61,57.19,2896313,158381680.00
2021/08/23,57.19,59.65,56.60,57.58,2690581,150775408.00
2021/08/24,57.56,57.69,56.25,56.69,2230318,122230600.00
2021/08/25,56.51,57.45,55.81,55.93,2319002,125612224.00
2021/08/26,56.00,56.59,54.60,54.90,2445458,129857784.00
2021/08/27,54.89,54.89,53.90,54.32,1710158,89350768.00
2021/08/30,54.38,56.10,54.38,54.70,1847551,97595824.00
2021/08/31,54.60,55.63,54.10,55.09,1393265,73580600.00
2021/09/01,55.11,60.39,52.60,60.39,4986278,273743104.00
2021/09/02,59.10,60.65,57.58,57.77,3696776,209482912.00
2021/09/03,57.30,59.78,56.32,58.55,2845693,159779760.00
2021/09/06,57.67,59.16,56.55,57.86,2161036,120740888.00
2021/09/07,57.60,58.10,56.90,57.55,1705839,94336672.00
2021/09/08,57.50,60.70,57.10,58.70,2671416,152256656.00
2021/09/09,59.10,60.52,58.18,59.28,2019014,115730568.00
2021/09/10,59.28,59.55,57.65,57.73,1864106,104590000.00
2021/09/13,57.13,57.70,56.40,56.86,1302446,71423416.00
2021/09/14,57.11,58.30,55.75,55.85,1658977,90765400.00
2021/09/15,55.80,55.80,54.37,54.87,1559297,82101344.00
2021/09/16,54.87,56.10,54.66,55.50,1533506,81755408.00
2021/09/17,55.11,56.10,53.75,55.99,1527246,80894024.00
2021/09/22,55.21,55.69,54.60,54.60,918489,48542140.00
2021/09/23,54.58,55.24,54.17,54.55,820478,43241232.00
2021/09/24,54.60,57.60,54.60,56.54,2604384,141459968.00
2021/09/27,56.40,59.67,55.77,59.40,4051305,229063536.00
2021/09/28,58.98,59.01,57.08,57.21,2186044,121299064.00
2021/09/29,56.96,57.00,55.21,55.61,1390597,75008624.00
2021/09/30,55.61,56.70,55.33,56.05,1148541,61827560.00
2021/10/08,56.05,58.60,55.46,57.67,2055434,114011760.00
2021/10/11,57.67,59.59,57.35,58.56,2736272,154907024.00
2021/10/12,58.41,58.70,57.35,58.25,1608698,90088808.00
2021/10/13,58.42,59.43,57.14,59.32,2340710,132090520.00
2021/10/14,59.50,62.67,58.90,61.47,4063647,240325632.00
2021/10/15,60.35,62.87,57.70,58.20,4066800,235606992.00
2021/10/18,57.43,57.64,54.90,54.94,2708751,143974960.00
2021/10/19,54.95,55.95,53.41,55.84,1496432,79637536.00
2021/10/20,55.95,56.50,54.91,55.51,1157600,61635816.00
2021/10/21,55.52,55.97,55.21,55.60,905089,48423020.00
2021/10/22,55.51,60.95,55.40,59.61,5242179,298864640.00
2021/10/25,60.01,60.56,58.69,60.30,3110710,178910672.00
2021/10/26,60.10,60.99,59.11,60.56,2586212,150387840.00
2021/10/27,61.30,61.38,57.35,58.20,2551105,144231808.00
2021/10/28,57.30,63.81,57.13,63.81,4858096,290982848.00
2021/10/29,65.10,69.67,64.39,68.60,8239385,535428256.00
2021/11/01,68.64,75.25,68.11,75.25,6358564,447016960.00
2021/11/02,76.14,79.89,73.70,78.12,8138413,608704512.00
2021/11/03,77.24,85.72,70.52,85.72,7799981,615697536.00
2021/11/04,86.73,94.08,85.95,94.08,7194752,635869696.00
2021/11/05,91.22,101.08,88.96,92.00,7897348,714407296.00
2021/11/08,91.10,93.99,87.17,92.71,5832373,516840352.00
2021/11/09,92.10,92.70,87.10,89.10,4831231,420560288.00
2021/11/10,90.10,90.10,85.72,89.13,4239007,361184256.00
2021/11/11,88.10,90.60,86.30,89.15,3678064,319164576.00
2021/11/12,89.19,90.10,87.00,87.45,3057864,264034336.00
2021/11/15,87.07,93.70,86.60,87.70,4924934,430412672.00
2021/11/16,87.75,88.06,83.15,85.05,3804181,317985216.00
2021/11/17,85.05,86.49,83.60,84.60,2318549,191153072.00
2021/11/18,85.60,85.60,81.28,82.15,2902223,232577344.00
2021/11/19,82.28,89.10,80.90,87.80,4578974,379491456.00
2021/11/22,87.48,96.37,85.51,96.37,3418231,310538720.00
2021/11/23,97.40,105.80,92.10,96.68,5462272,522464864.00
2021/11/24,94.10,98.53,92.28,97.45,3281700,307187936.00
2021/11/25,95.10,104.98,95.10,97.30,3383830,331475392.00
2021/11/26,96.65,99.89,93.50,99.12,2675826,252704880.00
2021/11/29,97.38,98.32,93.09,94.46,2753868,255438816.00
2021/11/30,94.85,94.95,92.64,92.66,1266770,115590928.00
2021/12/01,93.69,95.98,93.11,94.63,1811947,167618272.00
2021/12/02,93.90,94.94,89.10,91.35,1755294,157182864.00
2021/12/03,91.60,91.60,88.70,89.29,1539090,135090944.00
2021/12/06,87.39,96.10,87.39,95.71,2360708,212033920.00
2021/12/07,94.43,101.10,92.43,97.71,3107290,295732544.00
2021/12/08,97.71,101.95,96.40,99.81,2251797,219741120.00
2021/12/09,99.29,102.07,99.04,99.09,2339671,229949728.00
2021/12/10,99.07,100.66,97.10,99.28,1025124,99142680.00
2021/12/13,100.10,101.90,96.32,96.75,2353070,227616528.00
2021/12/14,96.76,96.76,92.75,93.07,2542500,232544368.00
2021/12/15,92.28,94.89,91.55,92.98,1485746,134698592.00
2021/12/16,92.09,93.98,91.90,92.24,1277333,115694288.00
2021/12/17,92.85,93.10,89.06,90.04,1400744,123226760.00
2021/12/20,89.10,95.20,88.97,92.18,1591218,144173568.00
2021/12/21,92.10,94.65,90.71,93.16,1439263,130745152.00
2021/12/22,93.71,94.01,91.10,93.70,1486786,134244736.00
2021/12/23,93.36,93.63,90.20,91.91,899372,80416136.00
2021/12/24,91.91,92.38,89.23,89.77,1978489,174816784.00
2021/12/27,89.40,91.48,87.85,91.09,1014087,89169408.00
2021/12/28,90.10,92.07,89.10,89.84,961101,84370192.00
2021/12/29,89.80,89.87,85.28,86.10,1105354,93739504.00
2021/12/30,86.60,89.56,85.10,88.57,1336714,115426840.00
2021/12/31,89.00,90.40,86.80,87.70,1096194,94336472.00
2022/01/04,86.61,88.21,86.00,87.05,842103,71502416.00
2022/01/05,87.30,89.58,84.67,86.02,1790623,152033312.00
2022/01/06,85.00,87.43,84.15,85.68,925486,77258832.00
2022/01/07,86.22,86.22,83.60,84.10,830717,68564648.00
2022/01/10,83.06,83.42,80.79,82.83,1531067,122372224.00
2022/01/11,83.15,84.70,81.50,83.91,1042889,84592800.00
2022/01/12,84.32,84.65,82.28,84.51,789515,64310120.00
2022/01/13,84.59,86.33,82.60,82.65,798297,65582808.00
2022/01/14,83.08,88.40,82.41,83.68,1178580,97727600.00
2022/01/17,82.90,83.40,78.09,78.13,2260998,174117152.00
2022/01/18,78.13,78.66,75.12,77.27,1448336,108092056.00
2022/01/19,76.50,77.86,75.85,76.51,675144,50367180.00
2022/01/20,76.06,76.60,72.47,74.89,923997,67500096.00
2022/01/21,74.89,75.60,73.17,73.92,684173,49317980.00
2022/01/24,73.89,75.10,72.55,73.37,1201373,85446040.00
2022/01/25,73.86,73.93,70.10,70.14,1073468,74290656.00
2022/01/26,70.55,72.40,69.44,70.60,695207,47745664.00
2022/01/27,70.79,71.50,67.99,68.09,624020,41963816.00
2022/01/28,68.45,70.28,66.60,67.50,782907,51839224.00
2022/02/07,68.09,70.50,68.09,70.18,755100,51031072.00
2022/02/08,70.61,70.71,67.60,69.21,823900,54993296.00
2022/02/09,69.17,70.10,68.00,68.96,769000,51357636.00
2022/02/10,69.01,69.35,67.25,68.86,694527,45927912.00
2022/02/11,68.87,68.97,66.13,66.82,750031,48800624.00
2022/02/14,66.70,67.59,65.71,66.25,466800,30020900.00
2022/02/15,66.52,67.98,65.78,67.51,538484,34984432.00
2022/02/16,67.84,71.15,67.47,70.10,1069720,72367704.00
2022/02/17,69.96,70.11,68.31,69.19,774808,51809796.00
2022/02/18,68.93,68.94,67.80,68.21,534550,35313548.00
2022/02/21,68.10,69.60,67.50,69.02,628870,41852048.00
2022/02/22,69.01,69.01,66.40,67.20,663727,43190336.00
2022/02/23,67.19,69.31,66.18,67.76,550100,36334048.00
2022/02/24,67.53,69.70,64.90,65.88,1023805,66884700.00
2022/02/25,66.10,69.10,66.10,67.49,704400,46252064.00
2022/02/28,71.10,71.28,67.77,69.12,1698871,114369168.00
2022/03/01,69.12,70.11,67.72,68.67,927972,62241500.00
2022/03/02,68.59,69.06,67.30,68.67,577500,38142604.00
2022/03/03,68.93,69.28,66.60,67.34,687700,44988372.00
2022/03/04,66.78,67.70,66.31,66.87,346392,22446218.00
2022/03/07,66.87,66.87,63.53,63.76,597008,37018968.00
2022/03/08,63.60,64.52,60.67,62.09,1008516,60667360.00
2022/03/09,62.10,62.45,57.60,60.81,816394,47400320.00
2022/03/10,61.20,62.78,61.20,62.46,454506,27325928.00
2022/03/11,61.84,64.17,60.71,64.13,826886,50527712.00
2022/03/14,63.64,64.38,62.68,63.48,449100,27623922.00
2022/03/15,62.85,63.21,59.17,59.18,631612,37266936.00
2022/03/16,59.75,60.43,56.74,59.99,541556,30679818.00
2022/03/17,60.31,64.04,60.31,63.24,830154,50317076.00
2022/03/18,62.75,63.28,61.98,62.26,404900,24371976.00
2022/03/21,62.25,63.57,61.46,63.22,312300,18985796.00
2022/03/22,62.15,63.98,62.01,63.88,406439,24630014.00
2022/03/23,63.84,65.41,63.08,63.42,696200,43153268.00
2022/03/24,63.17,63.17,61.78,61.93,371059,22319234.00
2022/03/25,61.92,63.10,61.52,61.70,321314,19329786.00
2022/03/28,62.01,62.42,60.19,61.85,258419,15340612.00
2022/03/29,61.90,63.10,60.02,60.11,408879,24052264.00
2022/03/30,60.13,62.42,60.00,62.07,386567,22919704.00
2022/03/31,62.10,64.10,61.61,62.47,632379,38411456.00
2022/04/01,61.55,64.07,61.43,63.58,553100,33975052.00
2022/04/06,63.81,65.30,61.60,62.05,782100,47695428.00
2022/04/07,62.67,62.67,60.15,60.36,485100,28664754.00
2022/04/08,59.92,60.20,58.09,59.04,444238,25323240.00
2022/04/11,59.06,61.84,58.21,58.90,816900,47407904.00
2022/04/12,58.90,60.74,57.85,60.30,859169,48854252.00
2022/04/13,59.97,60.80,58.40,59.86,557059,31938876.00
2022/04/14,58.60,62.45,58.60,62.40,999057,59151208.00
2022/04/15,62.10,65.10,61.16,65.07,1251488,76876984.00
2022/04/18,64.90,70.90,63.94,67.30,1944876,127063560.00
2022/04/19,67.30,67.30,64.00,64.45,1264833,79655832.00
2022/04/20,63.66,67.03,63.40,65.93,1178609,74593840.00
2022/04/21,65.50,66.60,64.39,65.71,1133971,71955336.00
2022/04/22,65.85,68.98,64.70,68.25,1767080,115370592.00
2022/04/25,61.70,66.98,61.70,63.84,1647789,102403816.00
2022/04/26,64.50,68.41,64.50,66.85,1796380,116138272.00
2022/04/27,67.16,69.26,64.57,69.26,1982489,129030128.00
2022/04/28,69.30,71.10,66.54,70.46,1667196,110979392.00
2022/04/29,70.10,74.68,68.60,72.09,2348306,165461632.00
2022/05/05,71.79,76.74,71.18,75.61,1785085,130023656.00
2022/05/06,72.60,82.96,72.60,76.14,2377953,175569856.00
2022/05/09,73.60,80.12,73.60,74.66,1972736,147371536.00
2022/05/10,73.47,73.47,69.30,71.90,1741040,120335040.00
2022/05/11,72.15,74.25,71.03,73.59,1371641,96630072.00
2022/05/12,72.54,75.70,71.90,73.90,929470,66694564.00
2022/05/13,74.60,74.97,71.20,71.75,941642,65095560.00
2022/05/16,72.07,72.24,70.11,71.08,661000,45036748.00
2022/05/17,72.07,72.30,68.05,68.47,1025591,67879528.00
2022/05/18,68.61,69.76,68.10,69.11,593000,39137680.00
2022/05/19,68.90,72.10,66.84,71.46,1036939,69485176.00
2022/05/20,71.45,73.78,70.62,71.71,889839,61592020.00
2022/05/23,72.10,72.75,71.58,72.50,585234,40441488.00
2022/05/24,73.10,74.59,71.20,73.48,1002000,70030776.00
2022/05/25,73.23,74.30,70.80,71.39,1154300,80006312.00
2022/05/26,70.79,71.38,68.30,69.35,837800,55405020.00
2022/05/27,69.35,70.90,68.81,69.90,543224,36274360.00
2022/05/30,69.82,70.34,68.70,70.10,392824,26157228.00
2022/05/31,70.30,75.98,68.71,75.10,1934922,136416816.00
2022/06/01,75.60,77.95,73.90,74.09,2157450,157059264.00
2022/06/02,74.38,77.60,71.60,76.59,1919225,138184704.00
2022/06/06,76.59,78.10,75.25,77.43,1295764,95677064.00
2022/06/07,77.64,79.90,76.73,79.80,1268305,95656896.00
2022/06/08,79.81,84.60,78.79,81.65,1704326,135056128.00
2022/06/09,81.60,82.19,78.99,79.50,851785,65711880.00
2022/06/10,80.18,81.34,78.65,80.80,624092,47905992.00
2022/06/13,79.85,82.09,79.38,81.30,655919,51018944.00
2022/06/14,82.60,82.89,80.11,82.88,531620,41727572.00
2022/06/15,85.08,85.09,81.70,81.70,723297,57691908.00
2022/06/16,81.56,83.37,81.39,81.90,382010,30271652.00
2022/06/17,81.75,82.87,80.90,82.06,454779,35875012.00
2022/06/20,82.05,85.60,82.00,84.60,823261,66943944.00
2022/06/21,84.10,86.36,81.98,82.10,847195,67941592.00
2022/06/22,82.04,83.10,79.60,80.18,738780,57547500.00
2022/06/23,79.89,84.40,78.90,83.10,908109,71054944.00
2022/06/24,83.04,85.08,82.21,83.45,549200,44243344.00
2022/06/27,83.45,90.49,83.45,85.90,1614706,135583552.00
2022/06/28,85.85,88.15,83.90,87.86,911200,76273952.00
2022/06/29,87.70,92.70,85.18,88.94,1298744,112188440.00
2022/06/30,89.05,92.90,87.78,91.04,1237017,108181936.00
2022/07/01,90.43,91.84,88.72,89.58,694404,60147836.00
2022/07/04,89.46,95.79,89.19,93.92,1397098,126246928.00
2022/07/05,93.10,94.19,91.40,93.61,669115,59811788.00
2022/07/06,92.98,96.39,91.71,93.10,1418156,128581032.00
2022/07/07,93.10,96.73,93.10,96.67,1266523,117405080.00
2022/07/08,97.10,98.59,95.21,96.20,573360,53753172.00
2022/07/11,95.57,97.61,94.10,96.72,551483,51387200.00
2022/07/12,96.52,97.55,91.43,91.77,1000900,90622104.00
2022/07/13,92.10,95.60,89.12,93.10,738050,65410680.00
2022/07/14,92.56,93.93,91.12,93.44,537238,48105088.00
2022/07/15,95.09,95.44,88.40,92.39,2075294,184485904.00
2022/07/18,90.67,92.22,88.00,90.71,794594,69221120.00
2022/07/19,91.47,94.08,89.92,92.34,878616,78199896.00
2022/07/20,93.97,93.97,91.60,92.22,417500,37434896.00
2022/07/21,93.41,94.55,91.90,93.08,583100,52468232.00
2022/07/22,93.65,95.08,92.49,95.06,874152,79535936.00
2022/07/25,94.50,95.06,91.20,91.62,758785,68154752.00
2022/07/26,91.63,94.60,91.63,93.87,498600,45150032.00
2022/07/27,93.41,95.38,93.39,93.64,684356,62464768.00
2022/07/28,93.63,94.49,91.40,92.32,660800,58990048.00
2022/07/29,92.59,94.10,91.80,93.50,697442,62847500.00
2022/08/01,93.05,95.98,92.12,93.93,769005,70535312.00
2022/08/02,94.22,97.30,92.68,96.47,1372432,126902808.00
2022/08/03,95.50,98.08,94.10,94.15,855641,79377720.00
2022/08/04,94.82,95.06,90.43,92.97,749480,66930928.00
2022/08/05,92.98,97.10,92.98,96.54,934972,86774488.00
2022/08/08,95.95,102.90,95.95,101.10,2029093,197164432.00
2022/08/09,100.58,101.10,97.10,97.90,998332,95563920.00
2022/08/10,97.90,101.25,97.86,98.78,1142804,109775328.00
2022/08/11,98.78,100.02,96.42,98.10,772700,73393760.00
2022/08/12,98.10,98.10,95.01,95.10,602405,56169520.00
2022/08/15,95.07,95.08,85.90,91.44,1048117,92782328.00
2022/08/16,98.98,100.27,95.60,100.27,2502746,241491120.00
2022/08/17,100.08,103.08,97.56,98.07,2556039,246627392.00
2022/08/18,98.81,100.00,96.30,96.73,930884,87896736.00
2022/08/19,96.73,97.76,93.27,95.74,781199,72844384.00
2022/08/22,95.74,96.89,93.99,94.68,935670,86017624.00
2022/08/23,95.75,98.40,94.10,94.50,904063,83661488.00
2022/08/24,94.55,96.10,93.62,93.80,672817,61401036.00
2022/08/25,92.89,95.09,91.74,94.21,619488,56237180.00
2022/08/26,95.10,96.37,93.20,95.40,930829,85784016.00
2022/08/29,95.01,96.60,93.42,94.23,624364,57356476.00
2022/08/30,96.10,97.09,94.34,95.45,784983,72788184.00
2022/08/31,95.28,98.06,94.70,97.41,780837,73118448.00
2022/09/01,97.35,101.68,96.51,99.10,1471710,141592208.00
2022/09/02,99.10,99.94,97.60,98.90,792736,75743040.00
2022/09/05,98.90,99.10,95.10,95.98,805550,75020336.00
2022/09/06,96.17,96.56,93.30,94.86,486300,44445212.00
2022/09/07,94.83,96.96,93.67,96.39,393331,36477884.00
2022/09/08,96.58,97.98,93.70,94.75,448550,41218544.00
2022/09/09,94.72,95.60,88.68,89.10,1842734,160778528.00
2022/09/13,89.10,89.10,85.20,87.64,4046806,339757984.00
2022/09/14,86.10,87.09,85.21,86.03,1145288,94930488.00
2022/09/15,86.17,86.89,84.61,85.59,1048760,86736752.00
2022/09/16,84.88,86.70,84.60,84.82,873834,72156296.00
2022/09/19,84.42,87.08,83.50,86.95,990900,82398648.00
2022/09/20,87.26,87.76,86.10,87.19,693751,58110088.00
2022/09/21,87.14,88.60,86.15,86.47,504588,42311364.00
2022/09/22,86.47,86.80,85.46,85.98,385100,32018768.00
2022/09/23,85.32,86.40,83.34,84.36,513000,41833964.00
2022/09/26,84.34,89.07,83.60,88.07,1046641,88231352.00
2022/09/27,88.19,92.98,87.43,92.48,1137772,99936240.00
2022/09/28,92.65,96.95,92.65,95.13,1333396,123288504.00
2022/09/29,94.47,95.78,92.91,93.39,972624,88391216.00
2022/09/30,93.89,96.60,92.73,93.81,1149187,105283336.00
2022/10/10,93.88,94.39,90.21,91.17,899100,80405936.00
2022/10/11,91.19,94.44,88.27,93.69,1133710,100455056.00
2022/10/12,93.69,94.07,88.55,91.71,963300,84268584.00
2022/10/13,93.52,97.46,92.50,95.60,1151900,106344008.00
2022/10/14,95.56,97.70,94.10,96.57,1018244,94858432.00
2022/10/17,97.60,101.09,97.59,99.69,1230040,118806056.00
2022/10/18,99.70,99.77,96.10,98.86,979259,93041600.00
2022/10/19,99.08,99.51,96.99,98.61,871400,83230936.00
2022/10/20,98.74,100.10,96.63,97.04,793759,75343432.00
2022/10/21,96.98,98.09,95.60,97.34,630580,59274032.00
2022/10/24,96.10,98.08,93.50,94.27,745000,68157096.00
2022/10/25,93.00,96.58,93.00,95.23,1003341,92454392.00
2022/10/26,93.11,97.26,93.11,94.67,1176700,108347608.00
2022/10/27,96.77,97.10,93.30,93.95,1060177,97199032.00
2022/10/28,96.01,96.01,91.63,91.74,808665,72816544.00
2022/10/31,89.07,94.10,89.07,90.50,1422808,125306968.00
2022/11/01,90.72,96.78,89.77,96.52,1450345,131979072.00
2022/11/02,96.52,99.32,95.60,97.06,965027,90953296.00
2022/11/03,97.05,100.56,96.41,99.36,835919,79964120.00
2022/11/04,98.70,102.30,98.24,101.12,1147354,112011560.00
2022/11/07,100.48,103.09,99.50,102.21,1031300,101575752.00
2022/11/08,102.10,105.09,100.83,102.36,743800,73989560.00
2022/11/09,100.07,102.60,99.40,99.93,740342,72107912.00
2022/11/10,99.55,101.23,98.23,99.08,647439,62320588.00
2022/11/11,101.40,104.08,96.78,100.10,1000578,96420656.00
2022/11/14,100.09,100.66,98.60,99.10,901048,86894360.00
2022/11/15,100.31,103.59,98.60,102.91,1226923,121232208.00
2022/11/16,102.90,107.64,101.31,105.95,1435800,147520432.00
2022/11/17,106.10,107.60,104.21,106.80,947172,97756016.00
2022/11/18,107.01,107.68,105.14,106.00,683900,70593904.00
2022/11/21,105.30,107.64,103.82,106.56,1154148,119108112.00
2022/11/22,106.56,107.40,105.23,106.82,549528,56740620.00
2022/11/23,106.60,110.45,103.82,104.45,930862,96033624.00
2022/11/24,104.44,108.90,104.44,108.47,1119399,116796416.00
2022/11/25,107.99,109.55,105.79,108.51,788933,82899120.00
2022/11/28,108.60,111.60,105.10,111.50,1361203,144694160.00
2022/11/29,110.89,111.60,107.96,108.58,1319452,139971824.00
2022/11/30,107.98,111.28,107.35,110.01,710832,75536408.00
2022/12/01,112.10,113.91,108.11,109.40,1391257,149469792.00
2022/12/02,108.60,111.60,108.60,110.34,686800,73703624.00
2022/12/05,111.59,115.10,109.59,111.87,1663646,181711936.00
2022/12/06,110.10,112.25,105.87,109.15,2125274,225270208.00
2022/12/07,108.46,111.48,108.10,110.31,1331819,142477088.00
2022/12/08,110.32,110.91,107.50,110.47,787796,83830840.00
2022/12/09,109.91,110.30,107.60,109.43,683228,72599952.00
2022/12/12,109.21,110.65,107.88,109.33,702387,74592184.00
2022/12/13,109.08,109.95,106.90,109.16,541635,57170084.00
2022/12/14,109.17,110.27,108.11,109.22,536628,57021852.00
2022/12/15,108.71,110.09,106.30,107.51,769591,80693264.00
2022/12/16,107.51,108.88,106.11,107.90,522982,54581804.00
2022/12/19,108.58,109.15,105.40,106.57,651443,67704784.00
2022/12/20,106.58,107.99,105.78,107.80,761300,78985440.00
2022/12/21,108.98,112.12,106.98,111.39,1163650,123775936.00
2022/12/22,110.91,113.68,109.21,110.94,945911,101935400.00
2022/12/23,110.94,112.90,108.00,112.53,1239949,133420744.00
2022/12/26,112.52,113.59,108.70,109.94,833420,89310928.00
2022/12/27,109.94,114.89,109.94,113.38,878043,96551352.00
2022/12/28,113.37,113.64,110.70,111.99,768691,83396808.00
2022/12/29,112.17,113.29,110.10,112.15,920654,99818184.00
2022/12/30,112.30,113.08,110.30,111.39,681908,73854208.00
2023/01/03,111.42,112.29,107.59,107.98,1549021,164010896.00
2023/01/04,108.10,109.65,106.80,108.73,724476,76336736.00
2023/01/05,109.10,110.05,107.12,109.08,884716,93283536.00
2023/01/06,107.60,109.48,106.61,107.27,716859,74694712.00
2023/01/09,107.23,108.55,104.70,107.63,1182140,122497928.00
2023/01/10,107.62,108.10,106.11,107.30,511799,53291484.00
2023/01/11,107.30,108.90,105.90,107.75,903544,94322624.00
2023/01/12,107.24,107.79,105.10,106.20,736100,75744552.00
2023/01/13,106.60,110.70,105.65,110.20,991622,105109192.00
2023/01/16,110.70,116.65,110.70,113.41,1015633,113109472.00
2023/01/17,114.49,114.59,111.97,112.42,483732,53133228.00
2023/01/18,112.40,115.40,111.40,111.90,493132,54066176.00
2023/01/19,112.58,112.60,107.63,108.10,1295014,137125808.00
2023/01/20,109.39,111.28,107.64,108.10,868794,92060088.00
2023/01/30,109.46,113.30,108.30,112.39,1277387,137567856.00
2023/01/31,116.53,123.32,114.10,121.10,3228021,384431904.00
2023/02/01,120.10,120.65,115.10,118.35,2581991,298363776.00
2023/02/02,119.54,124.10,117.72,123.50,1498759,178842864.00
2023/02/03,123.01,124.10,120.23,123.05,1141631,136139664.00
2023/02/06,122.49,123.05,118.10,122.10,1076902,126751504.00
2023/02/07,122.10,123.05,118.56,119.13,835036,97631064.00
2023/02/08,119.13,119.74,117.62,118.50,563546,64976576.00
2023/02/09,118.50,121.61,117.73,118.57,644700,74800376.00
2023/02/10,118.10,120.08,116.90,119.58,481134,55528196.00
2023/02/13,118.19,124.09,118.19,122.91,1022446,121890496.00
2023/02/14,124.30,128.10,123.26,123.60,831035,101207024.00
2023/02/15,123.61,125.98,123.11,125.18,496600,60327260.00
2023/02/16,125.10,126.87,123.30,123.95,531900,64775252.00
2023/02/17,124.47,126.89,122.10,124.35,403185,49103244.00
2023/02/20,125.10,125.11,122.49,124.43,450100,54157200.00
2023/02/21,123.45,124.45,121.51,124.03,606800,72626000.00
2023/02/22,123.98,125.90,121.95,125.36,561100,67847024.00
2023/02/23,125.15,126.83,124.22,125.21,429510,52444720.00
2023/02/24,124.92,127.10,123.88,126.11,492721,60565192.00
2023/02/27,126.12,128.48,123.89,127.05,848250,104817616.00
2023/02/28,127.05,131.43,126.99,128.29,569600,71685480.00
2023/03/01,128.50,133.03,128.43,131.81,713581,91492672.00
2023/03/02,131.18,134.95,130.27,134.70,754633,98317760.00
2023/03/03,134.71,136.68,131.77,133.10,705633,92074992.00
2023/03/06,133.40,138.21,131.17,134.54,1073229,141717664.00
2023/03/07,135.02,135.02,131.19,131.47,734287,95105824.00
2023/03/08,130.90,133.40,129.35,132.60,654000,84348552.00
2023/03/09,132.60,135.60,131.30,132.60,552300,71818152.00
2023/03/10,132.61,133.94,131.56,133.40,545770,70885608.00
2023/03/13,132.49,135.10,132.49,135.00,448300,58661048.00
2023/03/14,134.90,134.90,132.18,132.90,520200,67531848.00
2023/03/15,132.52,133.57,130.16,131.49,604162,77717208.00
2023/03/16,130.21,132.30,129.59,131.88,287343,36843808.00
2023/03/17,131.88,132.31,127.62,127.90,595137,74981664.00
2023/03/20,127.06,127.06,118.17,123.39,1369633,164411760.00
2023/03/21,124.10,127.90,122.10,125.97,668050,81882832.00
2023/03/22,125.97,127.90,124.34,125.07,383100,46886336.00
2023/03/23,125.00,125.41,123.07,124.30,358543,43343240.00
2023/03/24,124.09,125.77,123.11,124.30,362803,44011388.00
2023/03/27,126.03,131.40,122.54,130.42,829996,103397904.00
2023/03/28,128.73,135.10,128.73,133.96,610673,79149144.00
2023/03/29,135.20,137.38,133.90,135.10,463460,61293544.00
2023/03/30,136.10,138.40,134.10,137.75,505500,67802848.00
2023/03/31,138.10,140.79,137.21,137.93,486440,65897540.00
2023/04/03,138.89,141.99,138.00,139.40,576881,78821568.00
2023/04/04,139.39,139.86,137.10,138.08,455200,61560888.00
2023/04/06,138.30,139.30,136.40,138.40,289820,39024724.00
2023/04/07,138.10,138.10,135.16,137.09,406551,54324784.00
2023/04/10,136.40,142.60,135.11,140.71,485582,66356772.00
2023/04/11,139.45,141.21,136.11,137.60,627054,84500408.00
2023/04/12,139.01,139.01,133.68,134.56,526600,69782784.00
2023/04/13,134.57,136.35,132.83,135.26,497917,65609908.00
2023/04/14,135.79,136.31,132.21,133.96,543000,71116208.00
2023/04/17,136.57,137.94,124.77,126.57,2326361,292517728.00
2023/04/18,127.81,132.09,126.58,128.71,1521203,191832000.00
2023/04/19,127.97,138.70,127.97,138.43,1464287,192450928.00
2023/04/20,138.51,139.04,130.43,130.60,1504610,195719664.00
2023/04/21,131.66,133.90,129.13,129.99,761426,97541152.00
2023/04/24,131.10,131.68,126.40,126.85,876764,109397704.00
2023/04/25,126.86,135.10,126.86,132.17,972653,125262560.00
2023/04/26,131.16,132.80,129.10,130.17,593800,75876960.00
2023/04/27,130.17,134.80,129.84,133.90,716700,92973304.00
2023/04/28,131.55,134.35,127.44,129.49,1079511,136482752.00
2023/05/04,129.20,131.10,125.53,128.35,910729,112986048.00
2023/05/05,127.19,128.30,123.84,127.73,725327,89236808.00
2023/05/08,129.95,140.19,129.95,139.60,2168946,294029600.00
2023/05/09,139.60,139.60,134.09,134.09,1411062,186958064.00
2023/05/10,132.52,134.68,129.98,132.71,974059,125793824.00
2023/05/11,132.70,135.12,129.60,130.58,456417,58622608.00
2023/05/12,130.57,135.30,129.69,130.28,594460,76281176.00
2023/05/15,129.60,133.10,127.20,132.00,645280,82167728.00
2023/05/16,130.97,131.99,128.60,130.24,532100,67520912.00
2023/05/17,129.73,131.40,128.00,131.15,635600,80521312.00
2023/05/18,130.45,136.60,126.40,131.35,1163743,99264944.00
2023/05/19,130.63,138.10,130.63,135.04,1697971,147706912.00
2023/05/22,134.80,138.82,133.62,136.93,1361015,120015632.00
2023/05/23,137.52,138.96,135.03,135.18,915709,80423888.00
2023/05/24,135.19,136.15,133.42,135.42,544366,47328260.00
2023/05/25,134.67,136.27,128.77,129.96,1236789,104137024.00
2023/05/26,130.60,130.90,127.86,128.35,772479,64043260.00
2023/05/29,128.35,134.02,126.94,130.24,1151059,96239928.00
2023/05/30,129.55,131.05,125.80,129.40,801996,66118552.00
2023/05/31,128.29,129.88,125.05,126.93,930781,75962032.00
2023/06/01,126.88,129.55,124.00,124.59,1837627,148886944.00
2023/06/02,124.60,129.55,124.11,127.50,1800790,147133696.00
2023/06/05,128.05,128.32,124.66,124.75,1187200,95784392.00
2023/06/06,125.07,126.39,123.87,124.15,820957,65705056.00
2023/06/07,124.60,125.73,122.37,123.28,639900,50898812.00
2023/06/08,123.28,126.55,122.95,125.29,970000,77626312.00
2023/06/09,124.53,128.64,123.27,125.04,1316903,106299896.00
2023/06/12,124.90,128.76,123.10,127.05,1135220,91908336.00
2023/06/13,127.02,128.70,125.65,127.62,776280,63528492.00
2023/06/14,128.50,131.35,126.90,131.08,1020989,85411288.00
2023/06/15,130.60,134.50,129.25,132.28,938549,80085784.00
2023/06/16,132.30,133.20,131.50,132.13,538200,45801124.00
2023/06/19,132.12,132.66,129.81,130.75,630367,53149344.00
2023/06/20,131.56,131.56,127.45,127.95,1364734,112999656.00
2023/06/21,127.42,128.55,126.25,126.58,494559,40537988.00
2023/06/26,125.47,127.60,122.73,123.34,631486,50283840.00
2023/06/27,123.85,126.10,121.62,123.48,815887,64762092.00
2023/06/28,123.49,132.16,123.48,131.68,1635393,135814640.00
2023/06/29,131.07,132.39,127.00,129.61,1325039,110648152.00
2023/06/30,129.85,133.59,129.07,132.18,1155521,98272016.00
2023/07/03,132.19,134.02,129.85,133.18,911935,77556704.00
2023/07/04,133.15,133.15,129.82,132.16,743080,62733840.00
2023/07/05,131.26,133.00,128.35,128.50,835549,69490440.00
2023/07/06,127.68,129.06,126.40,127.06,519860,42543232.00
2023/07/07,127.06,127.12,124.87,125.88,619650,50024332.00
2023/07/10,130.30,130.48,123.55,125.95,1817420,146697440.00
2023/07/11,126.10,131.80,124.60,130.09,2062619,171764624.00
2023/07/12,130.09,131.23,128.11,130.09,732208,61306184.00
2023/07/13,130.60,134.32,129.85,133.38,1208310,103256776.00
2023/07/14,133.20,134.35,132.15,133.17,998725,85596112.00
2023/07/17,131.47,132.99,130.17,132.34,452050,38290152.00
2023/07/18,132.33,134.35,130.83,132.82,660669,56625256.00
2023/07/19,133.30,134.34,131.80,133.24,486002,41597556.00
2023/07/20,133.24,134.05,132.19,132.52,384701,32989682.00
2023/07/21,132.06,136.45,131.05,135.40,769252,66694588.00
2023/07/24,134.64,134.64,131.80,132.18,537037,45829592.00
2023/07/25,133.00,133.98,130.65,131.98,860219,73316544.00
2023/07/26,132.40,134.31,131.20,132.31,964843,82670088.00
2023/07/27,132.34,133.59,130.60,133.29,742000,63523216.00
2023/07/28,133.29,134.50,132.25,132.51,1068098,91556144.00
2023/07/31,133.17,134.76,130.42,132.73,1319133,112192768.00
2023/08/01,132.69,134.34,131.92,132.31,1258418,107763000.00
2023/08/02,132.30,132.40,130.60,131.80,935992,79267608.00
2023/08/03,131.29,131.47,127.08,127.59,2360350,194793664.00
2023/08/04,129.10,129.52,126.57,127.02,1276261,104565736.00
2023/08/07,127.00,127.90,124.90,125.34,1607194,130139624.00
2023/08/08,125.37,127.59,124.60,125.61,1344533,108959816.00
2023/08/09,125.61,126.10,124.92,125.95,761650,61470016.00
2023/08/10,125.20,126.97,124.62,126.24,764366,61760276.00
2023/08/11,126.85,127.00,124.90,125.14,668750,54027612.00
2023/08/14,124.60,125.08,122.08,124.42,800091,63450564.00
2023/08/15,124.41,125.05,122.77,123.19,762100,60700076.00
2023/08/16,122.71,123.43,121.60,122.17,651998,51203924.00
2023/08/17,122.05,122.91,121.24,122.23,536650,42055160.00
2023/08/18,123.04,123.04,119.37,119.40,1001899,77640136.00
2023/08/21,119.40,122.32,118.50,120.27,700556,54139944.00
2023/08/22,120.27,121.15,117.40,119.22,900705,68761304.00
2023/08/23,119.50,119.53,116.92,116.95,695238,52440808.00
2023/08/24,118.00,119.92,117.10,119.35,619239,47098640.00
2023/08/25,119.35,119.79,116.23,116.80,456750,34434388.00
2023/08/28,121.38,122.88,116.47,117.34,876362,66317476.00
2023/08/29,117.10,117.73,115.77,116.68,738600,55054768.00
2023/08/30,116.70,120.25,114.78,119.41,1045259,79436584.00
2023/08/31,118.45,120.28,117.70,118.83,461365,35071128.00
2023/09/01,119.80,122.95,118.87,120.67,994845,77212232.00
2023/09/04,122.20,123.40,120.51,122.50,907900,71284352.00
2023/09/05,122.56,123.07,121.60,122.20,521471,40964368.00
2023/09/06,121.90,123.55,121.74,123.10,543300,42857808.00
2023/09/07,123.10,123.10,120.10,120.64,546000,42432364.00
2023/09/08,119.71,120.91,118.80,120.64,440300,33863724.00
2023/09/11,120.10,121.30,117.85,118.60,934097,71168560.00
2023/09/12,118.32,119.65,117.85,118.09,403600,30688600.00
2023/09/13,118.60,118.89,114.51,115.47,821400,60961132.00
2023/09/14,115.57,116.28,114.25,115.00,567900,41821840.00
2023/09/15,114.30,115.45,111.78,112.53,1160900,83895880.00
2023/09/18,112.54,115.45,111.76,115.06,883251,64376616.00
2023/09/19,117.27,120.55,115.60,119.53,1739704,132028664.00
2023/09/20,119.53,124.03,118.62,122.19,1436791,111995192.00
2023/09/21,121.90,123.57,120.40,122.35,1003050,78257072.00
2023/09/22,122.38,122.56,117.70,118.08,1340550,102559360.00
2023/09/25,118.57,118.57,116.68,117.13,719750,54148848.00
2023/09/26,116.94,116.94,115.05,115.50,505300,37427052.00
2023/09/27,115.90,117.43,115.30,116.34,444116,33118406.00
2023/09/28,115.92,118.75,115.77,116.14,773350,58236628.00
2023/10/09,116.80,117.09,113.80,116.19,766199,56767172.00
2023/10/10,116.19,116.92,113.65,113.89,719950,52876736.00
2023/10/11,114.12,114.40,112.60,113.32,796296,57683196.00
2023/10/12,113.80,114.57,112.00,112.71,712850,51443984.00
2023/10/13,112.17,112.60,109.99,111.10,636850,45083108.00
2023/10/16,112.75,117.06,112.02,115.59,2103782,154808160.00
2023/10/17,115.59,115.59,111.96,115.00,871809,63498452.00
2023/10/18,115.93,115.93,112.15,112.45,576435,41703300.00
2023/10/19,112.00,113.38,110.59,111.66,630568,45188612.00
2023/10/20,112.60,112.90,110.65,110.73,560021,39952020.00
2023/10/23,110.35,113.05,109.45,110.94,652900,46406292.00
2023/10/24,110.94,111.69,109.21,110.28,880723,62003188.00
2023/10/25,110.29,113.17,108.49,112.35,815639,58170960.00
2023/10/26,112.35,118.26,111.22,117.90,1649855,123380544.00
2023/10/27,118.27,124.60,117.73,123.67,1573119,123171544.00
2023/10/30,123.82,124.09,119.83,122.31,1562814,122346344.00
2023/10/31,123.09,123.60,120.55,122.88,931238,73010224.00
2023/11/01,123.67,124.63,118.93,120.12,1736450,134343648.00
2023/11/02,120.15,122.77,118.99,121.87,1364228,106300728.00
2023/11/03,120.70,124.09,120.70,122.16,1514573,119340456.00
2023/11/06,122.77,123.10,120.34,121.92,1334244,104300768.00
2023/11/07,121.92,127.00,121.59,126.21,1663405,133645968.00
2023/11/08,126.22,129.09,125.05,128.19,1239225,101370248.00
2023/11/09,127.89,128.47,124.81,125.34,1183219,95570120.00
2023/11/10,125.25,131.43,123.73,129.85,2322553,191168432.00
2023/11/13,129.63,129.66,126.85,128.38,1799468,148287392.00
2023/11/14,128.37,128.74,124.53,124.84,1057468,85210768.00
2023/11/15,124.90,126.10,123.00,123.94,1115418,88884936.00
2023/11/16,124.09,125.65,122.74,123.03,525750,41831228.00
2023/11/17,122.50,123.97,121.45,122.89,762769,60044224.00
2023/11/20,123.01,124.29,122.59,123.09,598303,47366828.00
2023/11/21,123.13,124.24,122.05,122.38,843092,66631908.00
2023/11/22,121.93,124.08,121.35,123.34,516900,40771640.00
2023/11/23,123.34,126.25,122.50,126.10,900135,72113912.00
2023/11/24,125.74,126.40,124.53,125.65,625150,50453512.00
2023/11/27,125.65,126.03,124.00,124.81,523932,41989356.00
2023/11/28,125.35,126.09,124.17,125.64,401744,32269044.00
2023/11/29,125.28,127.23,124.09,127.00,777189,62923408.00
2023/11/30,127.00,128.38,125.38,126.22,718450,58526424.00
2023/12/01,126.64,126.82,124.05,124.26,1151205,92437776.00
2023/12/04,124.03,124.23,120.88,121.90,1375137,107717032.00
2023/12/05,121.86,123.10,120.99,120.99,581932,45554588.00
2023/12/06,121.02,121.59,117.25,118.57,944056,71720832.00
2023/12/07,119.14,119.14,115.44,116.79,963360,72013608.00
2023/12/08,116.35,116.35,112.23,114.67,2372131,173022896.00
2023/12/11,114.18,115.90,112.42,114.10,1693300,124108384.00
2023/12/12,114.06,115.06,112.12,114.37,1111970,80790816.00
2023/12/13,114.40,114.54,112.00,112.00,916045,66031732.00
2023/12/14,111.85,112.60,110.31,111.10,965061,68643408.00
2023/12/15,110.80,112.00,109.89,110.80,802789,56983164.00
2023/12/18,110.80,111.43,108.49,109.75,1222550,86160800.00
2023/12/19,111.25,111.69,108.25,109.75,982995,68548736.00
2023/12/20,109.72,110.01,106.45,106.68,989500,68046656.00
2023/12/21,107.02,108.39,104.89,107.88,877195,59516636.00
2023/12/22,107.91,108.15,105.55,106.65,1027100,69773496.00
2023/12/25,107.67,108.00,104.05,105.06,1102400,73979744.00
2023/12/26,105.09,106.26,101.95,102.99,1074188,70600336.00
2023/12/27,102.25,103.83,101.46,103.74,1280199,83953376.00
2023/12/28,103.74,106.81,101.95,105.10,2016150,134035816.00
2023/12/29,104.62,110.35,103.87,108.82,1917130,132247952.00
2024/01/02,108.34,111.52,105.10,110.98,2072683,144346208.00
2024/01/03,110.35,110.83,107.47,108.73,1776350,123130696.00
2024/01/04,108.67,108.67,105.70,106.60,1094510,74427088.00
2024/01/05,106.60,107.79,104.80,106.02,1105273,74597560.00
2024/01/08,104.10,106.02,103.17,103.20,960845,64047720.00
2024/01/09,103.20,103.56,100.60,101.20,1227150,79370960.00
2024/01/10,100.60,108.18,99.90,108.18,2393701,158536576.00
2024/01/11,106.60,107.85,104.65,106.26,2238799,151635680.00
2024/01/12,106.53,114.85,106.53,110.02,2993467,213224256.00
2024/01/15,107.76,114.10,107.76,111.06,2374096,169475552.00
2024/01/16,110.04,113.35,110.04,112.78,1645778,117649168.00
2024/01/17,112.77,115.60,111.48,112.21,2051250,149425712.00
2024/01/18,111.37,112.84,109.21,112.23,1258697,89138440.00
2024/01/19,112.23,114.85,110.58,113.44,1423319,103211696.00
2024/01/22,113.34,113.34,106.15,106.53,1288915,89712888.00
2024/01/23,106.60,107.64,104.80,106.90,825271,55779880.00
2024/01/24,106.93,110.28,104.35,107.86,812158,55621424.00
2024/01/25,107.68,108.36,104.20,107.80,1190784,80487696.00
2024/01/26,106.75,109.45,106.00,108.06,811696,56097876.00
2024/01/29,108.04,108.99,104.58,105.52,1037766,70327680.00
2024/01/30,105.49,105.49,97.95,100.14,2097611,134873408.00
2024/01/31,99.48,101.35,97.06,97.42,945465,59466760.00
2024/02/01,97.09,101.80,96.82,100.38,1259369,79507672.00
2024/02/02,100.60,102.85,96.48,99.79,907250,57725240.00
2024/02/05,99.10,99.55,95.05,96.78,1183619,72886000.00
2024/02/06,97.60,105.40,93.51,105.04,1610395,102728784.00
2024/02/07,104.80,112.54,104.50,111.01,1662060,116992896.00
2024/02/08,110.20,115.75,110.05,110.85,1570473,114010400.00
2024/02/19,110.89,114.51,108.85,110.23,726617,51423756.00
数据来源:通达信
