301252 同星科技 日线 后复权
      日期	    开盘	    最高	    最低	    收盘	    成交量	    成交额
2023/05/25,40.19,64.42,40.19,62.09,15278211,788806272.00
2023/05/26,53.00,57.50,47.99,48.08,11979237,627531776.00
2023/05/29,44.70,51.00,44.70,49.50,8475040,412831616.00
2023/05/30,47.17,47.60,44.79,45.30,7826906,358763840.00
2023/05/31,44.55,45.78,43.00,43.50,6214946,274626688.00
2023/06/01,43.00,43.48,41.80,43.23,5028123,214987728.00
2023/06/02,43.35,44.85,42.27,44.09,5736614,250703472.00
2023/06/05,43.20,44.84,43.16,43.60,4262518,187772768.00
2023/06/06,46.30,49.86,45.74,46.95,9479427,449291968.00
2023/06/07,44.96,46.98,43.50,45.90,7161065,322820672.00
2023/06/08,45.20,45.95,43.00,43.09,5573733,247161920.00
2023/06/09,43.00,51.71,42.59,51.71,9996192,484565024.00
2023/06/12,53.38,59.46,50.06,54.01,13819154,741570432.00
2023/06/13,53.05,56.50,51.09,55.00,10118544,548361728.00
2023/06/14,54.77,56.79,52.98,54.73,9286897,508815424.00
2023/06/15,53.10,55.42,51.60,52.03,7548531,399752032.00
2023/06/16,51.60,53.25,50.50,52.91,5355555,278928064.00
2023/06/19,52.50,57.99,52.21,54.50,8025044,439798208.00
2023/06/20,52.94,53.28,51.00,51.91,5837153,302992224.00
2023/06/21,51.51,52.15,48.08,49.30,3683907,184342928.00
2023/06/26,49.22,51.35,47.87,48.60,2670173,132091392.00
2023/06/27,49.00,49.09,46.58,47.83,2290490,108981736.00
2023/06/28,47.83,48.00,45.57,46.90,2061896,95731744.00
2023/06/29,46.36,48.30,46.36,47.88,2002806,95478792.00
2023/06/30,47.90,48.99,47.13,48.83,2558275,123330160.00
2023/07/03,49.66,49.66,46.75,46.96,2962229,140968112.00
2023/07/04,46.60,47.90,46.39,47.50,2169095,102751528.00
2023/07/05,48.80,50.71,48.16,48.59,5836319,287299680.00
2023/07/06,46.70,47.86,45.00,47.49,3824220,179439152.00
2023/07/07,46.89,50.25,45.85,48.68,5217363,252944336.00
2023/07/10,48.68,49.68,47.55,49.35,3824163,186878880.00
2023/07/11,49.05,51.12,47.48,50.20,5128721,254063088.00
2023/07/12,49.44,50.67,48.41,48.44,4133283,204928288.00
2023/07/13,47.90,51.50,47.00,51.40,5644780,277394592.00
2023/07/14,50.81,55.50,49.88,53.50,8606896,453964192.00
2023/07/17,53.13,56.30,51.66,54.61,7276557,392882016.00
2023/07/18,53.55,53.55,51.42,51.60,4756406,247958544.00
2023/07/19,51.80,59.88,50.81,56.28,9310405,513362080.00
2023/07/20,55.78,56.65,52.88,53.35,6601883,360136352.00
2023/07/21,52.67,54.93,48.48,48.60,6845597,353375616.00
2023/07/24,47.10,51.92,47.01,50.80,5617060,281652736.00
2023/07/25,50.99,52.31,50.51,50.67,4137800,212456864.00
2023/07/26,50.67,51.50,48.67,49.10,3509578,175415200.00
2023/07/27,49.10,50.30,47.37,47.93,2972798,144741968.00
2023/07/28,47.55,47.93,46.06,46.52,3034688,142077744.00
2023/07/31,46.23,46.91,45.72,46.30,2488283,115405088.00
2023/08/01,46.13,47.27,45.15,47.16,3031721,140557984.00
2023/08/02,47.70,49.80,47.65,48.45,4550639,222318912.00
2023/08/03,47.24,48.68,47.08,47.88,2741363,130871312.00
2023/08/04,47.68,48.35,47.34,48.28,2675746,128178720.00
2023/08/07,48.01,49.55,47.91,49.23,3213558,157450672.00
2023/08/08,48.71,52.78,48.68,51.98,5983609,304227232.00
2023/08/09,51.01,51.51,50.00,51.08,3767436,191065136.00
2023/08/10,50.83,52.70,50.50,51.04,3988429,205981456.00
2023/08/11,50.41,50.46,47.41,47.64,4458549,217377360.00
2023/08/14,47.03,54.88,46.75,52.03,7187281,372189184.00
2023/08/15,52.45,54.08,51.21,52.35,6169021,322817728.00
2023/08/16,51.82,52.75,50.38,50.91,4218054,216512976.00
2023/08/17,50.21,51.79,48.68,51.23,3475249,175584720.00
2023/08/18,51.00,53.05,50.18,53.05,6122761,317975520.00
2023/08/21,54.04,56.68,52.40,54.44,8182025,445370112.00
2023/08/22,53.99,54.72,50.81,54.02,6274327,333102560.00
2023/08/23,52.00,53.15,50.82,53.15,3896905,202307248.00
2023/08/24,52.49,56.49,52.25,55.55,7345381,403852320.00
2023/08/25,53.25,55.88,50.00,55.80,6127499,322287104.00
2023/08/28,61.00,61.00,50.70,51.00,5772580,316797856.00
2023/08/29,50.50,56.07,50.30,55.35,5866694,316943872.00
2023/08/30,54.20,56.22,53.66,54.52,4531547,248045600.00
2023/08/31,54.80,54.90,52.70,52.76,3003706,160578160.00
2023/09/01,52.48,54.80,51.45,52.18,2969307,156759360.00
2023/09/04,52.34,54.22,51.42,54.14,3381984,178637280.00
2023/09/05,53.45,53.94,50.40,50.84,4324142,224170256.00
2023/09/06,50.88,51.43,50.38,50.99,1966294,100232880.00
2023/09/07,50.79,50.79,48.36,48.77,2745589,135094208.00
2023/09/08,48.84,50.64,48.84,49.82,1937723,96354048.00
2023/09/11,49.56,51.55,49.02,51.05,2323898,117125776.00
2023/09/12,50.67,52.00,50.01,51.37,2493148,127323664.00
2023/09/13,50.58,50.94,48.87,49.56,2149440,106709992.00
2023/09/14,49.25,49.65,47.30,47.75,1704134,82404240.00
2023/09/15,47.88,48.51,47.47,47.70,1037687,49722148.00
2023/09/18,47.60,48.99,46.66,48.35,1216775,58788100.00
2023/09/19,48.10,48.15,47.10,47.58,831293,39680732.00
2023/09/20,47.53,48.40,47.41,47.75,744439,35654776.00
2023/09/21,47.51,48.26,46.70,47.55,1073827,51016004.00
2023/09/22,47.39,49.64,47.26,49.27,1626326,79171504.00
2023/09/25,48.82,49.53,48.00,48.20,1456900,71040992.00
2023/09/26,48.14,49.15,47.72,48.24,1240199,60124496.00
2023/09/27,47.96,48.47,47.42,47.42,1250615,59889664.00
2023/09/28,47.50,48.36,47.50,47.70,1325829,63549124.00
2023/10/09,47.93,49.68,47.69,49.28,2408611,117596904.00
2023/10/10,48.86,49.15,48.35,48.70,1590130,77329664.00
2023/10/11,48.57,49.25,47.91,49.10,1429069,69745056.00
2023/10/12,49.11,49.38,47.92,48.76,1457397,70739616.00
2023/10/13,48.27,48.47,46.66,46.68,2027906,95943624.00
2023/10/16,46.58,46.89,45.33,45.79,1173178,53924860.00
2023/10/17,45.68,46.57,45.08,46.45,1090813,49923856.00
2023/10/18,46.41,46.43,44.60,44.78,937516,42519748.00
2023/10/19,44.52,45.80,44.52,44.67,820272,36943244.00
2023/10/20,44.57,45.61,44.51,44.80,626789,28125754.00
2023/10/23,44.67,44.97,41.64,41.80,1256705,53424236.00
2023/10/24,42.10,43.20,41.80,43.04,1117272,47828124.00
2023/10/25,42.94,44.28,42.90,43.74,967340,42326684.00
2023/10/26,43.30,46.00,43.04,45.38,1895926,85052000.00
2023/10/27,47.42,48.48,46.66,46.74,3382362,160353152.00
2023/10/30,46.40,46.74,45.21,46.54,1786391,82161984.00
2023/10/31,46.10,46.64,45.64,46.02,1179584,54394976.00
2023/11/01,46.10,46.79,45.82,46.04,943981,43667596.00
2023/11/02,45.97,46.27,44.32,44.36,1540000,69204280.00
2023/11/03,44.39,45.69,44.39,45.22,1031946,46745072.00
2023/11/06,45.74,46.16,45.33,46.15,1187335,54539776.00
2023/11/07,46.10,47.30,45.59,47.01,1874818,87689568.00
2023/11/08,46.75,47.00,46.09,46.57,1401858,65259724.00
2023/11/09,46.72,46.83,45.77,46.18,1133711,52394524.00
2023/11/10,46.00,46.15,45.44,45.50,815081,37243296.00
2023/11/13,45.50,46.35,45.50,46.15,838175,38567132.00
2023/11/14,46.15,46.41,45.80,46.22,852622,39322596.00
2023/11/15,46.50,46.97,45.96,46.83,1509795,70365576.00
2023/11/16,46.80,46.81,45.81,45.83,961051,44359076.00
2023/11/17,45.60,46.95,45.45,46.93,1378536,64037764.00
2023/11/20,46.88,47.33,46.31,47.05,1184181,55542512.00
2023/11/21,47.09,47.10,45.85,46.10,1091514,50638396.00
2023/11/22,46.10,46.24,44.74,44.75,1014973,45905056.00
2023/11/23,44.78,46.22,44.52,46.10,1054140,47947748.00
2023/11/24,45.88,45.94,44.05,44.33,1190600,53127124.00
2023/11/27,44.68,48.76,44.51,48.54,4447708,210602576.00
2023/11/28,48.37,48.40,46.81,47.15,2639192,125508696.00
2023/11/29,47.34,48.40,46.87,47.16,1739233,82749728.00
2023/11/30,47.00,47.59,44.75,45.43,1851137,84612744.00
2023/12/01,45.20,45.32,44.08,44.90,1578015,70383360.00
2023/12/04,44.88,45.21,44.38,44.71,925700,41470488.00
2023/12/05,44.71,44.96,43.48,43.48,1063700,46731272.00
2023/12/06,43.26,44.05,43.23,43.41,572003,24978446.00
2023/12/07,43.41,43.55,42.75,43.08,699468,30154738.00
2023/12/08,43.11,43.85,43.00,43.01,925900,40184140.00
2023/12/11,43.48,43.50,42.50,43.43,689107,29740308.00
2023/12/12,43.31,43.59,42.99,43.38,591983,25642060.00
2023/12/13,43.18,43.43,42.83,42.90,716229,30793626.00
2023/12/14,43.20,43.42,42.56,42.56,510923,21902132.00
2023/12/15,42.57,42.88,42.01,42.03,516247,21822330.00
2023/12/18,42.00,42.42,41.53,41.56,454733,19044546.00
2023/12/19,41.57,41.88,41.14,41.58,457800,18965376.00
2023/12/20,41.58,42.49,41.51,41.62,623700,26186498.00
2023/12/21,41.62,41.63,40.23,41.29,958949,39237344.00
2023/12/22,41.29,41.49,40.19,40.24,710011,28818878.00
2023/12/25,40.43,40.74,39.80,39.93,372427,14903614.00
2023/12/26,39.81,40.19,38.64,38.98,567000,22160240.00
2023/12/27,39.10,40.88,38.71,39.93,747400,29759882.00
2023/12/28,39.70,40.75,39.46,40.50,1412500,56595540.00
2023/12/29,40.50,42.18,40.34,41.24,1180000,48706404.00
2024/01/02,41.24,41.79,40.85,41.51,734077,30378154.00
2024/01/03,41.40,41.59,40.63,41.10,549000,22535980.00
2024/01/04,41.10,41.47,40.68,41.23,455300,18750732.00
2024/01/05,41.39,41.68,40.87,41.00,649619,26806670.00
2024/01/08,41.00,41.39,39.81,39.88,464900,18758032.00
2024/01/09,39.88,40.66,39.70,39.91,472173,18939634.00
2024/01/10,39.68,40.06,39.00,39.43,377500,14915413.00
2024/01/11,39.63,40.40,39.27,40.27,520800,20747452.00
2024/01/12,40.04,40.75,39.92,40.12,456400,18380066.00
2024/01/15,40.01,40.01,39.18,39.33,430379,16965686.00
2024/01/16,39.25,39.34,38.21,38.56,583859,22544678.00
2024/01/17,38.55,38.55,37.05,37.15,489400,18458444.00
2024/01/18,37.16,37.23,35.69,36.51,595526,21622212.00
2024/01/19,36.50,36.69,35.82,35.86,413926,14988420.00
2024/01/22,35.80,36.01,33.01,33.26,560522,19407340.00
2024/01/23,33.55,34.15,32.93,33.71,693456,23295752.00
2024/01/24,34.08,35.00,33.01,34.70,686380,23389086.00
2024/01/25,34.80,36.70,34.26,35.86,845887,30080490.00
2024/01/26,35.63,35.96,34.97,34.97,646046,22854872.00
2024/01/29,35.50,35.90,34.00,34.08,456933,15890936.00
2024/01/30,33.80,34.49,33.38,33.44,411700,13922119.00
2024/01/31,33.44,33.46,31.32,31.32,581294,18700246.00
2024/02/01,31.16,31.65,30.20,30.91,506678,15678872.00
2024/02/02,30.91,31.48,27.91,28.61,944468,27759034.00
2024/02/05,28.31,28.44,24.42,24.73,1008901,25936950.00
2024/02/06,24.20,26.37,22.52,25.52,1274689,30985552.00
2024/02/07,25.36,25.88,23.32,24.06,1127546,27973210.00
2024/02/08,24.06,27.28,23.93,27.15,1271412,32545332.00
2024/02/19,27.19,28.67,27.19,27.89,654215,18474234.00
数据来源:通达信
