300898 熊猫乳品 日线 后复权
      日期	    开盘	    最高	    最低	    收盘	    成交量	    成交额
2020/10/16,44.40,88.00,40.00,62.15,23156164,1157653120.00
2020/10/19,53.40,56.60,47.40,47.75,20461355,1071174144.00
2020/10/20,45.31,65.00,44.00,64.62,22922302,1194388736.00
2020/10/21,58.16,80.50,58.16,70.66,23304792,1581661440.00
2020/10/22,67.20,73.10,63.23,64.60,16005326,1072636800.00
2020/10/23,62.70,77.52,62.02,77.52,21573959,1584287232.00
2020/10/26,76.48,78.66,70.23,77.79,16640181,1252722048.00
2020/10/27,77.66,78.50,70.44,74.10,15617546,1162624384.00
2020/10/28,72.65,78.87,69.99,72.45,15515595,1145554944.00
2020/10/29,67.00,69.08,64.59,64.80,13873068,922016384.00
2020/10/30,64.94,65.12,56.70,57.70,12004708,720446848.00
2020/11/02,57.71,63.55,56.11,61.00,11947469,713953600.00
2020/11/03,59.19,61.95,58.42,59.78,8519211,508920896.00
2020/11/04,60.00,61.23,56.91,57.48,7453397,437040160.00
2020/11/05,57.02,63.24,57.02,61.50,12201500,742296448.00
2020/11/06,60.40,64.39,59.71,63.30,12010176,749132608.00
2020/11/09,63.29,64.88,60.55,63.68,10890846,679779584.00
2020/11/10,62.80,63.55,59.72,60.68,8758993,537936768.00
2020/11/11,59.33,62.68,58.66,58.90,6972191,423101408.00
2020/11/12,57.66,58.49,53.50,54.50,7970383,442806784.00
2020/11/13,54.11,55.69,53.50,54.69,3685939,200635776.00
2020/11/16,54.83,59.99,53.01,57.99,7100229,403915840.00
2020/11/17,57.60,62.01,56.59,60.12,8970146,533915456.00
2020/11/18,59.00,61.79,57.50,57.94,7247003,431335552.00
2020/11/19,56.00,57.26,54.51,55.85,6021499,336159136.00
2020/11/20,55.40,56.50,54.80,55.87,4701625,261231392.00
2020/11/23,55.80,55.85,53.10,54.00,4998055,270232960.00
2020/11/24,53.90,55.00,53.31,54.17,2921310,158008864.00
2020/11/25,54.09,54.50,51.03,51.44,4718243,246418448.00
2020/11/26,51.40,53.30,51.40,51.64,3058023,159544896.00
2020/11/27,51.15,52.00,50.20,50.39,3224687,163585664.00
2020/11/30,50.40,51.52,49.10,50.40,2992468,151696896.00
2020/12/01,50.00,51.70,49.52,50.96,3014638,153818016.00
2020/12/02,50.40,58.65,50.40,58.49,11199326,618885888.00
2020/12/03,56.02,59.20,55.23,57.51,10003327,572927296.00
2020/12/04,57.51,61.55,56.11,59.35,10699260,629540288.00
2020/12/07,57.73,64.89,57.07,59.84,11827980,727598272.00
2020/12/08,59.84,62.40,58.02,58.28,9212294,551269952.00
2020/12/09,56.61,59.48,55.80,56.18,7666292,441628480.00
2020/12/10,54.50,56.09,53.49,53.70,5816546,317607328.00
2020/12/11,53.70,54.38,51.03,52.09,4554088,238340416.00
2020/12/14,52.45,57.16,52.40,57.05,8944548,491602944.00
2020/12/15,56.50,59.88,56.36,58.77,9293449,542243072.00
2020/12/16,58.78,61.83,58.06,59.67,11007270,659515136.00
2020/12/17,58.20,59.35,56.30,56.88,8440579,486508256.00
2020/12/18,55.53,56.64,54.20,55.31,4757687,264030432.00
2020/12/21,54.04,57.88,53.64,57.79,6542383,365354304.00
2020/12/22,56.86,61.39,56.53,58.95,10458159,620975936.00
2020/12/23,57.50,59.48,55.55,57.35,8009680,460342368.00
2020/12/24,56.88,56.98,51.01,51.10,8443444,450868224.00
2020/12/25,49.99,50.50,46.00,49.06,6749433,325187456.00
2020/12/28,48.20,50.80,47.05,50.35,5490625,269979488.00
2020/12/29,49.75,50.28,46.58,46.71,4790178,230794720.00
2020/12/30,46.00,48.68,44.35,47.35,5316441,248440288.00
2020/12/31,47.15,48.38,46.18,47.34,3556434,168438016.00
2021/01/04,46.92,50.50,46.92,49.77,5083158,250596304.00
2021/01/05,49.16,59.72,48.89,59.72,14058391,790964928.00
2021/01/06,63.00,64.35,58.21,59.10,14617342,902036352.00
2021/01/07,57.68,64.30,57.68,60.10,10734551,658082880.00
2021/01/08,58.99,60.30,55.16,55.90,7802271,444126176.00
2021/01/11,55.80,58.82,54.51,57.68,8095187,460905664.00
2021/01/12,55.50,57.50,54.22,55.80,6599219,365714656.00
2021/01/13,55.17,56.14,49.58,50.56,7794598,406303552.00
2021/01/14,50.00,52.17,47.80,50.74,5829597,292593856.00
2021/01/15,49.99,54.68,49.75,53.47,6928417,367298048.00
2021/01/18,53.43,54.29,51.80,52.98,5373988,283979008.00
2021/01/19,52.52,54.48,51.51,51.67,5210053,275979840.00
2021/01/20,50.67,52.52,49.88,52.42,4081678,209570880.00
2021/01/21,51.69,54.90,51.61,53.61,5905525,317081760.00
2021/01/22,54.19,55.45,50.52,50.95,5358412,280428160.00
2021/01/25,50.77,51.66,48.50,51.42,4624456,230454768.00
2021/01/26,50.80,54.90,50.75,51.96,5854922,309593248.00
2021/01/27,50.87,50.87,48.35,49.89,4313388,213666496.00
2021/01/28,48.93,50.55,46.80,46.85,3523719,171272480.00
2021/01/29,46.85,48.30,45.38,47.45,3551369,166904448.00
2021/02/01,47.50,49.94,47.11,49.61,3418378,167130592.00
2021/02/02,49.61,49.67,47.38,47.63,3074004,148439600.00
2021/02/03,46.99,47.63,45.54,45.60,2798624,129307296.00
2021/02/04,45.79,47.37,45.79,46.95,3462325,162218800.00
2021/02/05,46.80,48.66,44.60,44.77,3571543,166525520.00
2021/02/08,43.33,43.36,39.18,40.11,4996456,203652944.00
2021/02/09,39.92,40.72,39.32,39.99,2763754,111000568.00
2021/02/10,40.40,40.70,38.04,38.35,3643547,141802464.00
2021/02/18,39.01,40.32,38.90,39.37,3100767,122307968.00
2021/02/19,39.57,42.78,38.97,41.93,4310734,176978432.00
2021/02/22,41.89,42.50,40.65,40.99,3833258,159646816.00
2021/02/23,40.90,42.29,39.50,41.53,3970744,163578144.00
2021/02/24,41.07,41.75,40.20,41.53,2540711,104469960.00
2021/02/25,41.80,41.81,39.89,40.39,2407597,97539848.00
2021/02/26,39.36,40.36,39.28,39.72,1376773,54906296.00
2021/03/01,39.72,40.80,39.72,40.69,1839479,74370112.00
2021/03/02,40.80,41.03,39.30,39.48,2323260,92658424.00
2021/03/03,39.41,40.58,39.40,40.10,1919308,76818224.00
2021/03/04,40.30,40.49,38.95,39.13,2438360,95979136.00
2021/03/05,39.13,39.99,38.01,39.73,1918772,75673152.00
2021/03/08,40.07,40.79,39.25,39.49,2164930,86795488.00
2021/03/09,39.49,39.63,36.67,37.20,2365685,89577872.00
2021/03/10,37.75,38.39,36.30,37.57,2021577,75298528.00
2021/03/11,38.52,38.52,36.92,37.74,1725178,64865132.00
2021/03/12,37.50,37.80,36.03,36.08,2338366,85843568.00
2021/03/15,35.60,35.98,34.90,35.49,1698568,60006404.00
2021/03/16,35.55,37.66,35.41,36.60,2455354,89565584.00
2021/03/17,36.14,37.70,36.01,37.39,2466090,91570376.00
2021/03/18,37.46,37.78,36.66,36.81,1720300,63697224.00
2021/03/19,36.66,38.58,36.36,37.53,2632114,99062128.00
2021/03/22,37.63,38.60,37.00,38.02,1852473,70262304.00
2021/03/23,38.00,38.28,36.68,36.79,1770600,66054652.00
2021/03/24,37.34,40.93,36.99,39.91,6106104,240171936.00
2021/03/25,39.59,40.47,38.05,39.66,5025543,196093328.00
2021/03/26,39.10,39.59,38.30,38.86,3276747,127495512.00
2021/03/29,38.88,38.93,38.10,38.31,2173259,83532744.00
2021/03/30,38.00,38.00,36.01,36.11,3200762,116952992.00
2021/03/31,35.71,36.55,35.70,36.25,1334812,48316260.00
2021/04/01,36.27,36.39,35.71,35.90,1306500,46897568.00
2021/04/02,35.68,36.59,35.68,36.25,1387142,50214460.00
2021/04/06,36.02,37.70,36.02,37.38,2434438,90177808.00
2021/04/07,37.05,38.12,36.70,37.74,2772124,103631288.00
2021/04/08,37.20,40.80,37.03,38.52,5267909,204927040.00
2021/04/09,37.45,40.25,37.20,38.45,4227945,163255360.00
2021/04/12,38.00,39.51,37.64,37.66,3430277,132123376.00
2021/04/13,37.16,40.20,37.16,38.20,3085466,119780640.00
2021/04/14,37.51,39.48,37.51,38.51,2944081,113535328.00
2021/04/15,39.67,40.26,37.76,38.12,3786671,146892160.00
2021/04/16,36.77,39.36,36.77,38.92,4506686,173423424.00
2021/04/19,39.00,39.89,38.60,39.66,4439945,175160336.00
2021/04/20,39.01,42.86,39.00,41.42,8247553,338584544.00
2021/04/21,40.98,42.61,40.63,42.00,6939496,289609056.00
2021/04/22,41.77,46.15,41.10,45.18,9053504,396814656.00
2021/04/23,43.30,43.99,42.00,42.01,5814479,248845072.00
2021/04/26,41.10,41.89,39.58,39.64,4178317,169459328.00
2021/04/27,39.90,41.30,39.68,40.20,3258641,131715304.00
2021/04/28,39.72,41.00,38.92,40.61,3009089,121041808.00
2021/04/29,40.82,41.28,39.34,39.34,3091644,124663032.00
2021/04/30,39.20,39.20,37.03,37.20,3248585,122773328.00
2021/05/06,37.13,38.20,37.00,37.41,1758704,66143736.00
2021/05/07,37.38,37.41,35.91,36.00,2194734,80005104.00
2021/05/10,36.33,36.85,35.61,36.61,1598172,58078060.00
2021/05/11,36.56,38.25,36.37,37.42,2260827,85107296.00
2021/05/12,37.12,37.66,36.77,37.37,1557367,57895100.00
2021/05/13,37.01,37.86,36.80,37.64,1717386,64398640.00
2021/05/14,39.29,41.87,38.60,38.95,4019276,160108368.00
2021/05/17,38.58,39.85,37.90,39.63,3360433,130385568.00
2021/05/18,38.83,40.37,38.81,39.65,2700357,107377976.00
2021/05/19,39.30,39.75,38.12,38.35,2371750,91674728.00
2021/05/20,38.14,39.30,38.06,38.57,1934564,75131984.00
2021/05/21,38.78,40.69,38.38,39.64,3507737,140054896.00
2021/05/24,39.56,39.65,38.17,39.19,2571398,99907880.00
2021/05/25,39.20,40.45,38.70,39.56,2595691,103038064.00
2021/05/26,39.56,41.28,39.20,40.88,3620476,146523584.00
2021/05/27,41.01,41.01,40.08,40.40,2708057,109116904.00
2021/05/28,40.15,40.61,39.53,39.61,2111448,83820720.00
2021/05/31,39.75,40.27,39.48,40.03,1712040,67988896.00
2021/06/01,41.15,42.32,40.66,40.78,4278007,176338256.00
2021/06/02,40.30,41.27,39.29,39.50,2886851,115538360.00
2021/06/03,39.36,40.91,39.21,40.69,3461285,138996736.00
2021/06/04,40.68,41.25,39.57,40.01,2470935,98966712.00
2021/06/07,39.75,40.90,39.32,40.55,2195125,88058528.00
2021/06/08,41.19,41.95,39.91,40.00,2541611,102845456.00
2021/06/09,39.75,40.95,39.65,40.43,2131723,85839696.00
2021/06/10,39.94,40.43,38.98,39.02,3122034,122529400.00
2021/06/11,38.83,39.30,37.15,37.42,2655073,101076384.00
2021/06/15,37.25,37.86,37.02,37.43,1180649,44020280.00
2021/06/16,37.50,37.73,36.95,37.35,1087372,40387760.00
2021/06/17,37.15,37.90,36.93,37.52,1171688,43717124.00
2021/06/18,37.52,37.62,36.39,36.75,1817720,66545368.00
2021/06/21,36.60,37.57,36.35,37.50,1507256,55682848.00
2021/06/22,37.35,38.53,37.21,37.96,1601109,60471640.00
2021/06/23,38.35,38.44,37.45,37.68,1306175,49015696.00
2021/06/24,37.68,37.69,36.93,37.08,1047486,38833020.00
2021/06/25,37.00,37.85,36.97,37.61,1165708,43436904.00
2021/06/28,37.45,37.81,37.10,37.42,1020143,38004356.00
2021/06/29,37.16,37.40,36.11,36.19,1625666,59162812.00
2021/06/30,36.14,36.73,36.14,36.41,714332,25882378.00
2021/07/01,36.32,37.49,36.15,36.80,1846766,68091048.00
2021/07/02,36.66,37.88,36.65,37.11,1709868,63667540.00
2021/07/05,36.86,37.15,36.15,36.47,1393748,50639992.00
2021/07/06,36.15,38.45,35.65,37.85,2942354,108781024.00
2021/07/07,37.15,37.85,36.85,37.29,1858088,68975320.00
2021/07/08,37.52,37.52,36.36,36.36,1251805,45755572.00
2021/07/09,36.61,36.74,36.21,36.35,800642,29057030.00
2021/07/12,36.62,37.29,36.45,36.63,1249168,45764640.00
2021/07/13,37.70,38.14,37.14,37.15,2154993,80725232.00
2021/07/14,36.76,38.03,36.55,37.31,1973745,73680240.00
2021/07/15,37.36,37.92,36.34,36.65,1569760,57431712.00
2021/07/16,36.50,36.74,35.97,36.00,1393214,50140844.00
2021/07/19,35.93,36.30,35.65,36.01,868666,31182674.00
2021/07/20,35.98,36.03,34.69,34.73,1721480,60085648.00
2021/07/21,35.45,35.79,34.93,35.02,1178616,41336940.00
2021/07/22,35.02,35.02,33.71,33.88,1850653,62731968.00
2021/07/23,33.97,33.97,32.63,32.73,1622302,53422912.00
2021/07/26,32.47,32.94,31.92,32.94,1284834,41623376.00
2021/07/27,32.70,33.23,31.45,31.63,1230566,39553288.00
2021/07/28,31.15,33.51,31.15,32.84,2006703,65333560.00
2021/07/29,32.68,33.19,32.25,32.63,1384635,45095804.00
2021/07/30,32.35,32.94,31.53,32.79,1690258,54002628.00
2021/08/02,32.79,33.45,32.29,33.41,1517913,50010064.00
2021/08/03,33.35,35.35,32.95,35.17,3168765,108251872.00
2021/08/04,34.57,34.58,33.93,34.07,2091597,71171672.00
2021/08/05,34.08,34.75,33.79,33.93,1405349,47937404.00
2021/08/06,33.16,33.53,32.68,32.75,1356055,44558208.00
2021/08/09,32.75,35.91,32.65,34.96,3454008,119918896.00
2021/08/10,35.15,35.89,34.75,35.47,3077114,108031584.00
2021/08/11,35.48,35.78,35.03,35.49,1825230,64264184.00
2021/08/12,35.55,35.85,34.46,34.55,1411580,49194236.00
2021/08/13,34.55,35.08,34.11,34.74,1139764,39250812.00
2021/08/16,34.44,35.50,34.44,35.07,1496194,52288452.00
2021/08/17,34.90,35.54,34.27,34.51,1515324,52543072.00
2021/08/18,34.23,34.51,33.26,33.87,1714191,57650856.00
2021/08/19,34.03,35.65,33.50,33.81,1956659,66885044.00
2021/08/20,33.37,33.55,32.03,32.48,1701070,55028648.00
2021/08/23,32.89,32.89,32.25,32.76,1038437,33748504.00
2021/08/24,33.07,34.35,32.54,33.56,1706800,56805280.00
2021/08/25,33.49,34.53,33.33,34.05,1612420,54667852.00
2021/08/26,33.71,34.02,32.85,32.91,1214364,40213476.00
2021/08/27,32.75,33.35,32.33,32.48,1055453,34303184.00
2021/08/30,32.45,34.15,31.84,32.83,1743400,56870480.00
2021/08/31,32.35,33.60,32.28,32.69,1490072,48748536.00
2021/09/01,32.25,33.92,31.81,33.70,2328096,76612168.00
2021/09/02,33.70,33.70,32.85,32.94,1484200,48925552.00
2021/09/03,32.66,33.60,32.58,33.02,1461623,48281896.00
2021/09/06,32.98,33.68,32.35,33.57,1527517,50700956.00
2021/09/07,33.57,34.12,33.26,33.57,1274264,42649672.00
2021/09/08,33.54,34.28,33.45,34.09,1705529,57713388.00
2021/09/09,33.83,34.68,33.65,33.75,1507500,51286024.00
2021/09/10,33.46,34.07,32.95,33.31,1152492,38324412.00
2021/09/13,33.02,33.45,32.75,32.97,838000,27510816.00
2021/09/14,32.83,33.75,32.40,32.59,1129592,36995656.00
2021/09/15,32.28,32.43,31.81,31.99,1070496,34085064.00
2021/09/16,31.97,33.37,31.94,32.65,1981477,64503352.00
2021/09/17,32.45,32.45,31.28,31.60,1571299,49433184.00
2021/09/22,31.15,31.65,31.05,31.06,923696,28681178.00
2021/09/23,31.06,31.61,31.06,31.22,674588,21000402.00
2021/09/24,31.25,34.97,31.22,33.07,4054903,134590544.00
2021/09/27,32.21,34.55,32.21,34.06,3839134,129222536.00
2021/09/28,33.50,33.65,32.34,32.78,2193864,71598576.00
2021/09/29,32.47,33.88,31.56,32.52,2608284,85499104.00
2021/09/30,33.21,35.62,33.21,33.75,2528068,85415536.00
2021/10/08,33.62,35.01,33.43,34.43,2681991,91730816.00
2021/10/11,34.40,35.71,33.96,34.97,3295084,114835144.00
2021/10/12,34.68,35.53,33.78,35.16,3537687,122816040.00
2021/10/13,35.24,38.01,34.64,37.14,7400425,267263840.00
2021/10/14,35.95,36.43,34.25,34.81,5142933,179958736.00
2021/10/15,34.37,36.07,33.85,34.08,3894470,135727072.00
2021/10/18,33.13,33.94,32.48,32.92,3226859,106111264.00
2021/10/19,32.51,33.11,31.75,32.40,3184740,102187448.00
2021/10/20,32.24,32.75,31.75,32.57,2697074,86699696.00
2021/10/21,32.51,32.51,31.34,31.75,3065226,96752456.00
2021/10/22,32.00,32.64,31.58,32.08,2439672,77872888.00
2021/10/25,31.71,32.03,29.94,30.29,4289009,130363056.00
2021/10/26,30.15,30.59,29.96,30.20,1781172,53545840.00
2021/10/27,30.05,30.06,27.65,28.15,3357177,95324416.00
2021/10/28,27.80,28.64,27.40,28.33,2307875,64295212.00
2021/10/29,28.62,29.34,28.19,28.67,3021824,86856648.00
2021/11/01,27.88,29.14,27.59,28.81,3077967,87431136.00
2021/11/02,28.99,29.71,28.57,29.30,3855421,111954104.00
2021/11/03,30.02,30.46,29.08,29.13,3212763,94325056.00
2021/11/04,28.62,30.35,28.62,30.07,4017593,118818976.00
2021/11/05,29.86,31.07,29.62,30.03,3602732,108875160.00
2021/11/08,29.85,30.34,29.44,29.80,1884913,55765944.00
2021/11/09,30.74,32.12,30.05,30.51,6717013,208034224.00
2021/11/10,30.16,31.03,29.82,30.52,2970011,89617976.00
2021/11/11,30.45,30.50,29.60,30.11,3215900,95943704.00
2021/11/12,30.11,30.50,29.85,29.87,1937683,58043792.00
2021/11/15,30.11,31.20,29.81,30.80,3120520,95249648.00
2021/11/16,30.77,31.09,30.08,30.18,2440406,73939576.00
2021/11/17,30.18,30.28,29.35,30.05,2067199,61129332.00
2021/11/18,29.90,30.20,29.33,29.37,2243788,66209368.00
2021/11/19,29.44,29.69,29.15,29.39,1637428,47899796.00
2021/11/22,29.26,29.75,28.94,29.46,1930532,56367940.00
2021/11/23,29.53,30.02,29.27,29.99,2469723,73079184.00
2021/11/24,29.99,30.45,29.65,30.40,2758169,82814136.00
2021/11/25,30.74,30.74,30.06,30.40,1862600,56164668.00
2021/11/26,30.50,30.64,29.95,29.99,1840328,55266100.00
2021/11/29,29.55,30.15,29.40,29.85,1416528,41997936.00
2021/11/30,29.97,30.46,29.63,29.93,1981209,59470360.00
2021/12/01,29.95,30.40,29.75,30.31,1653388,49762644.00
2021/12/02,30.32,30.92,29.43,29.47,2408802,72221000.00
2021/12/03,29.18,29.74,29.18,29.54,1305302,38339448.00
2021/12/06,29.54,29.73,28.43,28.55,2515146,72018040.00
2021/12/07,28.75,29.40,28.60,29.05,1854300,53543568.00
2021/12/08,29.15,29.84,28.88,29.62,2019192,59260980.00
2021/12/09,29.76,30.74,29.57,30.26,3954647,119428760.00
2021/12/10,30.03,33.13,29.95,31.00,5965920,187114416.00
2021/12/13,32.15,33.30,30.77,32.79,9514804,307700800.00
2021/12/14,32.45,35.67,32.41,34.90,10142138,347539456.00
2021/12/15,35.37,36.31,33.96,34.47,6970958,242779040.00
2021/12/16,34.48,34.84,33.18,33.63,6456800,216852672.00
2021/12/17,33.95,33.95,32.38,32.67,3105199,101236664.00
2021/12/20,32.74,33.35,32.30,32.92,3003651,98475616.00
2021/12/21,32.84,32.92,32.19,32.44,2172042,70264232.00
2021/12/22,32.60,32.63,31.87,31.98,2087000,66691120.00
2021/12/23,32.12,32.27,31.44,31.56,1816681,57368232.00
2021/12/24,31.67,32.72,31.35,31.89,3596288,114383872.00
2021/12/27,32.06,33.73,31.26,33.70,5552845,180600736.00
2021/12/28,33.33,34.03,32.84,33.60,4094440,136829936.00
2021/12/29,33.60,33.60,32.04,32.08,2804040,91027944.00
2021/12/30,31.83,32.45,31.66,32.05,1954481,62308712.00
2021/12/31,33.81,36.64,33.06,33.25,8250548,282107232.00
2022/01/04,32.25,34.32,32.25,34.02,5681374,189696416.00
2022/01/05,34.02,36.39,33.66,35.00,7708339,268951968.00
2022/01/06,34.40,34.99,33.85,34.01,4369522,148652848.00
2022/01/07,33.72,33.95,31.83,32.26,4468654,147402256.00
2022/01/10,32.26,33.10,32.15,32.89,2254113,73410432.00
2022/01/11,32.85,33.03,31.49,31.61,3366463,107609344.00
2022/01/12,31.93,33.74,31.69,33.74,4493454,147389456.00
2022/01/13,33.85,33.93,32.85,33.05,2356096,78081520.00
2022/01/14,33.05,33.84,32.16,32.26,2456935,80426912.00
2022/01/17,32.46,33.10,31.84,33.01,2377200,77025992.00
2022/01/18,33.01,33.01,31.35,31.70,3735696,118120992.00
2022/01/19,31.65,32.30,31.45,31.88,1552140,49143160.00
2022/01/20,31.78,31.83,29.89,30.14,3462050,105738456.00
2022/01/21,30.15,30.66,29.85,30.07,1302448,39154224.00
2022/01/24,29.90,30.14,29.55,29.69,1041780,30883890.00
2022/01/25,29.70,30.36,28.33,28.33,1599700,46208744.00
2022/01/26,28.37,28.83,27.93,28.16,1008500,28314888.00
2022/01/27,28.25,28.30,26.49,26.61,2223958,60073928.00
2022/01/28,26.84,27.30,26.72,26.96,1237567,33293878.00
2022/02/07,27.47,27.65,26.93,27.01,1031196,27835376.00
2022/02/08,26.91,27.51,26.73,27.36,1093192,29667884.00
2022/02/09,27.30,27.68,27.28,27.54,1127900,30875206.00
2022/02/10,27.52,27.63,27.11,27.32,1236134,33632440.00
2022/02/11,27.20,27.63,26.65,27.05,1846273,49751932.00
2022/02/14,26.79,27.48,26.61,26.61,1551235,41498116.00
2022/02/15,26.71,26.84,26.36,26.52,1503659,39705176.00
2022/02/16,26.43,27.08,26.39,27.06,1559336,41523120.00
2022/02/17,26.95,27.33,26.53,26.61,1577824,42114428.00
2022/02/18,26.32,26.78,26.20,26.77,939531,24732092.00
2022/02/21,26.75,27.33,26.56,27.29,1482570,39967284.00
2022/02/22,27.31,27.42,26.73,26.80,1338100,35786832.00
2022/02/23,26.95,27.22,26.66,27.13,1324477,35478476.00
2022/02/24,26.90,27.25,25.14,25.42,3191575,82930448.00
2022/02/25,25.91,26.35,25.68,25.71,1751109,45166552.00
2022/02/28,25.66,25.90,25.06,25.81,1365496,34587736.00
2022/03/01,25.81,26.26,25.81,26.09,1485496,38453496.00
2022/03/02,25.90,26.26,25.85,26.06,1095292,28373682.00
2022/03/03,26.29,26.39,25.68,25.70,1055446,27128790.00
2022/03/04,25.68,26.13,25.55,26.06,1295198,33388210.00
2022/03/07,26.01,26.01,25.15,25.40,1772017,44936232.00
2022/03/08,25.39,25.49,23.73,23.98,1973702,47839560.00
2022/03/09,24.01,24.07,22.15,23.34,2017602,46493416.00
2022/03/10,23.78,24.25,23.75,23.88,1540706,36715384.00
2022/03/11,23.64,24.23,23.42,24.15,1489914,35541888.00
2022/03/14,23.97,24.45,23.40,23.50,2021166,47891940.00
2022/03/15,23.37,23.63,21.94,22.08,1679546,38109780.00
2022/03/16,22.75,22.75,21.15,22.31,2099689,45943412.00
2022/03/17,22.45,23.40,22.45,22.74,2470957,56362404.00
2022/03/18,22.55,23.22,22.45,23.10,1580444,36125252.00
2022/03/21,23.24,23.80,23.05,23.69,1608850,37530996.00
2022/03/22,23.70,23.94,23.15,23.31,2122557,49310012.00
2022/03/23,23.40,23.46,23.09,23.22,1069214,24681234.00
2022/03/24,23.33,23.33,22.77,22.93,1089400,24852732.00
2022/03/25,23.25,25.03,23.01,23.65,3994763,94599256.00
2022/03/28,23.66,23.70,22.80,23.35,2363499,54492036.00
2022/03/29,23.08,23.59,22.55,22.69,2117584,48365548.00
2022/03/30,22.69,23.13,22.49,23.12,1404913,31874610.00
2022/03/31,23.09,23.41,22.80,23.18,1328760,30572812.00
2022/04/01,23.06,23.06,22.55,22.60,1152985,26040002.00
2022/04/06,22.59,23.44,22.57,23.14,1724490,39708340.00
2022/04/07,23.40,23.40,22.61,22.61,1377586,31317582.00
2022/04/08,22.56,22.80,21.65,21.83,1498674,32684528.00
2022/04/11,21.48,22.35,21.35,21.53,1367900,29623210.00
2022/04/12,21.52,21.95,20.87,21.92,1589073,33734988.00
2022/04/13,21.73,23.27,21.54,22.34,3284704,73414664.00
2022/04/14,22.22,23.03,21.87,22.89,3046254,68396024.00
2022/04/15,22.61,23.96,22.61,23.66,5142950,120026456.00
2022/04/18,23.00,23.84,22.92,23.29,3357221,77957360.00
2022/04/19,22.95,23.95,22.95,23.77,3059716,71613128.00
2022/04/20,23.60,24.83,23.23,24.70,6103618,146985808.00
2022/04/21,23.85,24.00,22.90,23.27,5415400,126147320.00
2022/04/22,22.68,23.14,21.89,21.96,3663594,81336848.00
2022/04/25,21.51,21.55,19.17,19.26,3594759,72550128.00
2022/04/26,19.15,20.24,18.53,18.74,2738582,53032380.00
2022/04/27,18.15,19.10,17.96,19.01,2424544,44500656.00
2022/04/28,18.65,18.94,17.65,17.79,2621911,47026120.00
2022/04/29,18.12,18.95,17.81,18.72,2935782,54062136.00
2022/05/05,18.89,19.89,18.57,19.46,2346348,45210180.00
2022/05/06,19.15,19.59,18.85,19.39,1371300,26332420.00
2022/05/09,19.65,19.77,19.19,19.49,983300,19055508.00
2022/05/10,19.15,19.74,19.15,19.60,1283573,24835822.00
2022/05/11,19.55,19.99,19.42,19.42,1581296,31038978.00
2022/05/12,19.30,20.54,19.20,19.80,2391698,47112368.00
2022/05/13,19.87,20.00,19.31,19.41,1511300,29347220.00
2022/05/16,19.63,20.09,19.37,19.93,1815273,35692736.00
2022/05/17,20.03,20.10,19.34,19.56,1501900,29102714.00
2022/05/18,19.62,20.75,19.43,20.13,2934909,58519144.00
2022/05/19,19.65,20.03,19.26,19.77,2128277,41496592.00
2022/05/20,19.86,20.42,19.80,20.04,2028930,40030436.00
2022/05/23,20.34,21.75,19.97,20.87,4500903,92476312.00
2022/05/24,20.67,22.27,19.99,21.52,8100494,168352752.00
2022/05/25,21.15,21.86,20.91,21.17,6584178,137780016.00
2022/05/26,21.16,21.24,20.27,20.44,4327582,87240816.00
2022/05/27,20.43,20.90,19.87,20.03,3376900,67285376.00
2022/05/30,20.05,20.50,20.03,20.21,2911849,57884572.00
2022/05/31,20.06,21.14,19.93,20.79,4874940,99181928.00
2022/06/01,20.72,21.55,20.72,21.01,3825896,79465864.00
2022/06/02,21.34,21.85,20.58,20.89,3193800,65850044.00
2022/06/06,20.57,21.25,20.57,21.24,2725012,56410104.00
2022/06/07,21.14,21.23,20.58,20.86,2424446,49723864.00
2022/06/08,20.86,21.01,20.29,20.73,1887292,38336208.00
2022/06/09,20.75,20.85,20.03,20.07,1678307,33426654.00
2022/06/10,20.07,20.45,20.05,20.24,1341796,26670566.00
2022/06/13,20.02,20.33,19.88,20.07,1577459,31189914.00
2022/06/14,19.99,20.07,19.42,20.00,1828559,35460940.00
2022/06/15,20.05,20.31,19.95,20.01,1703075,33750128.00
2022/06/16,20.21,20.53,20.01,20.38,1860096,37233440.00
2022/06/17,20.20,20.64,20.05,20.57,1801520,36090116.00
2022/06/20,20.58,20.92,20.58,20.78,1385500,28281176.00
2022/06/21,20.62,20.94,20.45,20.67,1399574,28467036.00
2022/06/22,20.56,20.67,20.12,20.15,1288183,25707388.00
2022/06/23,20.15,20.52,19.95,20.43,1384317,27512718.00
2022/06/24,20.54,21.11,20.30,21.03,2715992,55671488.00
2022/06/27,21.22,21.89,21.12,21.68,3314179,70330440.00
2022/06/28,21.63,21.65,21.32,21.50,1858975,39232288.00
2022/06/29,21.38,21.99,21.12,21.15,2084300,44132320.00
2022/06/30,21.27,22.91,21.22,22.85,6571501,144981680.00
2022/07/01,22.49,22.72,21.89,22.05,4175471,90916312.00
2022/07/04,21.87,22.20,21.60,21.97,2378538,51015296.00
2022/07/05,21.85,21.97,21.13,21.42,2042812,43086824.00
2022/07/06,21.40,21.46,20.68,20.84,1730681,35762708.00
2022/07/07,20.81,21.06,20.38,20.41,1824764,36922444.00
2022/07/08,20.40,20.79,20.38,20.48,1201000,24320500.00
2022/07/11,20.49,20.50,19.93,20.21,1241212,24550296.00
2022/07/12,20.13,20.14,19.52,19.55,1348635,26131998.00
2022/07/13,19.55,19.79,19.42,19.69,826200,15946004.00
2022/07/14,19.79,20.10,19.59,19.69,1212300,23538952.00
2022/07/15,19.69,19.77,19.10,19.10,1619677,30759522.00
2022/07/18,19.20,19.66,19.18,19.57,1186900,22742168.00
2022/07/19,19.63,19.85,19.50,19.82,1025222,19861272.00
2022/07/20,19.95,20.10,19.76,19.97,1039351,20361174.00
2022/07/21,19.98,20.03,19.78,19.87,768355,15000752.00
2022/07/22,19.84,19.94,19.35,19.79,909500,17606000.00
2022/07/25,19.78,19.94,19.66,19.74,625450,12158275.00
2022/07/26,19.69,19.91,19.59,19.74,801100,15511735.00
2022/07/27,19.85,19.88,19.65,19.80,968400,18800496.00
2022/07/28,19.80,20.09,19.80,19.84,1285662,25183652.00
2022/07/29,19.87,19.88,19.53,19.58,991900,19172892.00
2022/08/01,19.71,19.84,19.46,19.78,819501,15882142.00
2022/08/02,19.70,19.70,18.47,18.75,1869600,34745904.00
2022/08/03,18.76,19.22,18.55,18.62,893800,16603537.00
2022/08/04,18.75,19.05,18.63,19.04,943996,17469512.00
2022/08/05,19.07,19.35,19.02,19.35,843641,15876883.00
2022/08/08,19.25,19.49,19.17,19.45,755800,14373019.00
2022/08/09,19.56,19.56,19.25,19.33,556459,10556747.00
2022/08/10,19.26,19.62,19.25,19.59,1149700,22041108.00
2022/08/11,19.75,19.85,19.55,19.85,1260500,24429284.00
2022/08/12,19.84,19.95,19.68,19.88,954700,18604320.00
2022/08/15,19.73,20.14,19.49,19.91,1727870,33553216.00
2022/08/16,19.91,20.06,19.69,19.78,1042200,20237212.00
2022/08/17,20.00,20.00,19.70,19.81,839970,16357871.00
2022/08/18,19.77,19.79,19.42,19.51,1010700,19381812.00
2022/08/19,19.55,19.64,19.28,19.29,848395,16215481.00
2022/08/22,19.26,19.42,19.06,19.33,583400,11054616.00
2022/08/23,19.36,20.06,19.16,19.82,1970700,38204572.00
2022/08/24,19.81,19.81,19.01,19.06,1817267,34459832.00
2022/08/25,19.08,19.28,18.78,19.04,995100,18593632.00
2022/08/26,19.15,19.78,19.08,19.36,1671600,32034800.00
2022/08/29,19.26,20.05,19.06,19.79,2002348,38530928.00
2022/08/30,19.65,20.04,19.52,20.02,2261949,44075076.00
2022/08/31,19.91,20.47,19.63,20.05,3616477,71276208.00
2022/09/01,19.89,20.25,19.64,19.73,2361500,46190784.00
2022/09/02,19.68,20.17,19.60,20.05,2107777,41142616.00
2022/09/05,19.95,20.06,19.35,19.50,2192054,42098916.00
2022/09/06,19.61,19.64,19.29,19.45,1255600,23957484.00
2022/09/07,19.47,19.47,19.20,19.28,1154446,21879662.00
2022/09/08,19.06,19.23,18.65,18.73,1643400,30511092.00
2022/09/09,18.83,18.83,18.60,18.73,658293,12090250.00
2022/09/13,18.78,19.04,18.69,18.76,1063550,19697050.00
2022/09/14,18.65,18.92,18.45,18.90,951951,17462186.00
2022/09/15,18.86,19.04,18.36,18.55,899526,16482451.00
2022/09/16,18.37,18.59,17.97,18.05,839761,14996661.00
2022/09/19,18.06,18.06,17.45,17.62,951966,16426507.00
2022/09/20,17.70,18.28,17.70,18.27,1176600,20873800.00
2022/09/21,18.15,18.24,17.87,18.09,808468,14321726.00
2022/09/22,17.91,18.22,17.80,17.80,704333,12404016.00
2022/09/23,17.72,17.84,17.30,17.34,688900,11844216.00
2022/09/26,17.23,17.23,16.58,16.67,1042013,17253764.00
2022/09/27,16.68,18.10,16.68,17.79,1897484,32489340.00
2022/09/28,17.70,17.99,17.40,17.41,1210500,21022646.00
2022/09/29,17.70,18.05,17.33,17.35,1049694,18222888.00
2022/09/30,17.38,17.61,16.88,16.91,584210,9866598.00
2022/10/10,16.98,17.14,16.25,16.36,924200,15002173.00
2022/10/11,16.48,16.48,15.97,16.35,633320,10036820.00
2022/10/12,16.35,16.63,15.94,16.62,610489,9734096.00
2022/10/13,16.62,17.05,16.52,16.91,783049,12905207.00
2022/10/14,16.86,17.35,16.86,17.24,745833,12581666.00
2022/10/17,17.35,17.54,17.10,17.46,820604,14035107.00
2022/10/18,17.56,17.59,17.33,17.42,533160,9114014.00
2022/10/19,17.34,17.44,17.03,17.11,620157,10423438.00
2022/10/20,17.11,17.35,17.03,17.08,767100,12912559.00
2022/10/21,17.22,17.24,16.86,16.94,566400,9443664.00
2022/10/24,16.95,17.14,16.47,16.53,752700,12359881.00
2022/10/25,16.53,16.64,16.03,16.22,574700,9152742.00
2022/10/26,16.24,16.82,16.23,16.82,686957,11196419.00
2022/10/27,16.81,17.24,16.77,17.06,1011571,16940454.00
2022/10/28,17.04,17.19,16.54,16.57,1056200,17372578.00
2022/10/31,16.58,17.22,16.35,17.15,949552,15749994.00
2022/11/01,17.13,17.64,16.93,17.62,1167981,19982994.00
2022/11/02,17.53,17.95,17.48,17.75,1568873,27271426.00
2022/11/03,17.59,17.84,17.49,17.63,835473,14455116.00
2022/11/04,17.78,18.06,17.57,17.94,1738381,30412718.00
2022/11/07,17.80,18.01,17.78,17.94,850550,14927879.00
2022/11/08,17.80,18.14,17.71,17.86,757346,13255329.00
2022/11/09,17.55,18.14,17.55,18.05,1029340,18160598.00
2022/11/10,17.85,18.00,17.79,17.90,899275,15770390.00
2022/11/11,18.14,18.39,17.98,18.05,1295277,23028982.00
2022/11/14,18.05,18.28,17.88,17.91,1353440,23929332.00
2022/11/15,17.91,18.24,17.86,18.24,987034,17563960.00
2022/11/16,18.24,18.65,18.12,18.40,1461200,26417456.00
2022/11/17,18.43,18.54,18.28,18.46,1021300,18452708.00
2022/11/18,18.48,18.62,18.36,18.39,1208115,21932080.00
2022/11/21,18.35,18.36,18.05,18.26,935200,16677996.00
2022/11/22,18.23,18.51,18.05,18.12,818178,14676560.00
2022/11/23,18.01,18.20,17.50,17.66,1264535,21971590.00
2022/11/24,17.85,18.01,17.63,17.69,755767,13170379.00
2022/11/25,17.69,17.92,17.61,17.71,765985,13340585.00
2022/11/28,17.64,17.64,17.26,17.50,955191,16293582.00
2022/11/29,17.50,18.28,17.50,18.23,1349735,23897226.00
2022/11/30,18.14,18.35,17.96,18.03,657100,11678091.00
2022/12/01,18.35,21.57,18.33,21.57,11606162,234335616.00
2022/12/02,22.35,23.60,21.75,22.55,19288138,430700032.00
2022/12/05,21.82,23.53,21.82,22.98,14219926,317107808.00
2022/12/06,22.36,23.75,21.90,22.45,12581943,281631744.00
2022/12/07,21.90,24.61,21.90,23.36,15103790,343860544.00
2022/12/08,22.92,24.33,22.57,23.87,12762215,295817792.00
2022/12/09,23.40,24.89,22.60,24.66,14653559,343746624.00
2022/12/12,24.22,25.50,23.74,23.94,12539661,301942112.00
2022/12/13,23.55,27.21,23.04,25.56,16065308,399769536.00
2022/12/14,24.95,30.30,24.63,29.20,18773400,506655968.00
2022/12/15,28.25,28.84,26.86,27.03,15079024,413061920.00
2022/12/16,26.54,28.64,26.36,28.61,14989050,411378112.00
2022/12/19,27.77,30.21,26.94,27.18,14935427,418865632.00
2022/12/20,26.55,26.93,24.02,24.68,12730437,317277824.00
2022/12/21,25.03,26.23,24.84,25.40,10203632,257130080.00
2022/12/22,25.40,27.85,25.31,26.15,12470737,325514368.00
2022/12/23,26.16,27.16,25.47,25.65,10439611,270454304.00
2022/12/26,25.67,26.40,25.35,25.83,9450412,240968368.00
2022/12/27,25.55,26.90,24.45,26.48,12678180,323531616.00
2022/12/28,25.84,28.01,25.57,27.13,14795342,398358048.00
2022/12/29,26.05,26.65,25.15,25.57,11465472,292133056.00
2022/12/30,25.08,25.54,23.89,24.80,10847972,263157808.00
2023/01/03,24.60,25.02,24.01,24.59,6896826,165577664.00
2023/01/04,24.30,24.83,23.83,23.93,6679931,159959728.00
2023/01/05,23.95,24.50,23.18,23.99,6652065,157452752.00
2023/01/06,24.00,24.15,23.10,23.16,6976110,160824416.00
2023/01/09,22.94,23.60,22.94,23.30,5118266,117540240.00
2023/01/10,23.42,23.48,22.78,22.86,4327654,98023704.00
2023/01/11,23.07,23.14,22.33,22.66,3779600,84761592.00
2023/01/12,22.64,22.93,22.15,22.45,3456005,76579912.00
2023/01/13,22.73,23.07,22.27,22.79,4230110,95000488.00
2023/01/16,22.64,23.00,22.40,22.50,3854000,86041664.00
2023/01/17,22.36,22.65,21.98,22.09,2921824,63857200.00
2023/01/18,22.10,22.31,21.92,22.15,2172200,47190312.00
2023/01/19,22.15,22.15,21.85,21.93,2048500,44247828.00
2023/01/20,21.93,22.30,21.87,22.30,2231855,48605008.00
2023/01/30,22.31,23.12,22.31,22.93,5431490,122125464.00
2023/01/31,23.10,23.41,22.67,22.89,4485067,101556632.00
2023/02/01,22.80,23.13,22.73,23.05,3336152,75365592.00
2023/02/02,22.95,23.74,22.81,23.67,5489927,126334680.00
2023/02/03,23.57,23.57,22.81,23.12,4162350,94839528.00
2023/02/06,23.12,23.19,22.65,22.86,2637900,59507472.00
2023/02/07,23.01,23.11,22.77,23.11,2600184,58689432.00
2023/02/08,23.06,23.06,22.46,22.52,3007022,67107008.00
2023/02/09,22.52,23.21,22.40,23.00,3396995,76708768.00
2023/02/10,23.15,23.57,22.90,23.51,5211108,119838688.00
2023/02/13,23.51,25.46,23.51,25.20,10694533,259013408.00
2023/02/14,24.74,25.54,24.62,24.98,6703747,165272096.00
2023/02/15,25.07,25.17,24.41,24.92,5448007,132765920.00
2023/02/16,24.85,24.86,23.58,23.86,5407312,129634304.00
2023/02/17,24.28,26.16,23.92,25.37,12305995,307053408.00
2023/02/20,25.11,25.47,24.61,24.97,7061834,173789424.00
2023/02/21,24.97,25.92,24.77,25.67,8148149,204598128.00
2023/02/22,25.35,26.06,25.25,25.74,5591541,141750320.00
2023/02/23,25.55,25.94,24.75,24.91,5357324,133729400.00
2023/02/24,24.90,24.96,23.95,24.23,5781203,138406720.00
2023/02/27,24.11,24.15,22.66,23.06,5307842,120557984.00
2023/02/28,23.07,23.34,22.67,23.02,3146858,70981272.00
2023/03/01,22.81,23.00,22.57,22.94,2511478,56422564.00
2023/03/02,23.04,23.10,22.57,22.75,2585395,57965696.00
2023/03/03,22.68,22.90,22.36,22.58,2375071,52888280.00
2023/03/06,22.58,22.92,22.41,22.85,2765163,61976436.00
2023/03/07,22.70,22.75,21.93,21.95,2949092,64737948.00
2023/03/08,21.73,22.09,21.73,22.06,1477692,31970222.00
2023/03/09,22.12,22.23,21.75,21.87,1417878,30560150.00
2023/03/10,21.81,22.17,21.68,21.87,1936600,41829484.00
2023/03/13,21.86,22.05,21.43,21.66,1931600,41100940.00
2023/03/14,21.66,21.72,21.11,21.27,2082202,43700204.00
2023/03/15,21.34,21.73,21.34,21.53,1450600,30775676.00
2023/03/16,21.46,21.75,21.18,21.50,1595263,33740256.00
2023/03/17,21.58,22.05,21.38,21.48,2479571,52808532.00
2023/03/20,21.31,21.50,20.50,20.63,3149220,64160252.00
2023/03/21,20.67,21.14,20.67,21.11,1711348,35215308.00
2023/03/22,21.21,21.51,21.01,21.15,1803016,37640008.00
2023/03/23,21.17,21.34,20.87,20.92,1432038,29530000.00
2023/03/24,21.07,21.25,20.92,20.95,1654044,34297528.00
2023/03/27,21.00,21.05,20.61,20.82,1564966,31954942.00
2023/03/28,20.90,21.34,20.68,21.24,2726486,56523316.00
2023/03/29,21.25,21.35,20.53,20.91,2259600,46509012.00
2023/03/30,20.92,21.01,20.29,20.96,2211500,44930748.00
2023/03/31,21.09,21.73,21.00,21.66,4178381,88494656.00
2023/04/03,21.65,21.74,21.37,21.60,2425876,51349188.00
2023/04/04,21.60,21.80,20.84,20.85,2863980,59735128.00
2023/04/06,20.56,20.85,20.04,20.08,3623352,72339320.00
2023/04/07,20.15,20.30,19.99,20.03,1854100,36592924.00
2023/04/10,20.13,20.13,19.50,19.58,2217600,42840856.00
2023/04/11,19.58,19.59,19.22,19.38,1663000,31666642.00
2023/04/12,19.43,19.69,19.29,19.54,1911934,36532192.00
2023/04/13,19.50,19.79,19.31,19.61,2092743,40225656.00
2023/04/14,19.61,19.74,19.26,19.43,1523129,29041578.00
2023/04/17,19.52,19.74,19.35,19.53,1251196,24007444.00
2023/04/18,19.53,21.15,19.28,20.65,6369752,128574760.00
2023/04/19,20.35,20.36,19.96,20.12,3350145,66234644.00
2023/04/20,20.23,21.71,19.75,20.88,6186412,127933432.00
2023/04/21,20.68,22.24,20.68,21.64,7872792,167812512.00
2023/04/24,21.25,22.75,20.85,22.69,9373321,203914496.00
2023/04/25,22.35,23.25,21.96,22.22,5774502,127636696.00
2023/04/26,21.99,22.87,21.65,22.84,6227581,137085376.00
2023/04/27,23.35,23.35,21.12,21.54,7435334,161681968.00
2023/04/28,21.03,22.28,21.03,21.95,4858331,104295160.00
2023/05/04,21.79,22.43,21.79,22.18,3756836,81968016.00
2023/05/05,22.39,22.45,21.10,21.60,3739550,79186376.00
2023/05/08,21.66,21.76,20.98,21.36,2704481,56573228.00
2023/05/09,21.29,21.29,20.68,20.69,2849300,58476824.00
2023/05/10,20.68,20.95,20.31,20.77,2077700,42102008.00
2023/05/11,20.75,21.45,20.66,20.94,2156398,44387316.00
2023/05/12,20.92,21.22,20.55,20.64,1999977,41070004.00
2023/05/15,20.75,21.47,20.65,21.10,2307402,47720100.00
2023/05/16,21.05,21.28,20.53,20.93,2418924,49365652.00
2023/05/17,20.88,20.90,20.55,20.67,1582021,32204710.00
2023/05/18,20.66,20.81,20.12,20.20,2652900,52997820.00
2023/05/19,20.23,21.03,19.94,20.95,3259431,66105940.00
2023/05/22,21.00,22.34,20.85,22.15,6005764,128715080.00
2023/05/23,22.01,22.43,21.63,21.74,3578652,77226008.00
2023/05/24,21.62,21.93,21.37,21.74,2497831,52676020.00
2023/05/25,21.72,21.72,21.01,21.33,2082550,43180172.00
2023/05/26,21.36,21.69,20.99,21.17,1794726,37078624.00
2023/05/29,21.04,21.27,20.69,20.88,1649273,33560124.00
2023/05/30,20.95,21.05,20.55,21.01,1443100,29165554.00
2023/05/31,21.02,21.07,20.57,20.59,1157900,23377102.00
2023/06/01,20.65,21.97,20.64,21.95,4736414,99301088.00
2023/06/02,21.99,22.63,21.66,22.02,4486983,96668888.00
2023/06/05,21.86,23.07,21.75,22.85,5900008,129932112.00
2023/06/06,22.64,23.08,22.14,22.19,3742845,82582736.00
2023/06/07,22.27,23.05,22.15,22.36,3071075,67382872.00
2023/06/08,22.40,22.82,22.02,22.10,2828708,61715268.00
2023/06/09,22.21,22.90,21.87,22.15,3255600,71106904.00
2023/06/12,22.52,23.51,21.97,23.35,6311695,141139232.00
2023/06/13,23.26,23.53,22.90,23.17,4330985,97793936.00
2023/06/14,23.00,23.83,23.00,23.60,6139269,140903776.00
2023/06/15,23.95,24.68,22.97,22.97,8440156,195794160.00
2023/06/16,23.13,23.47,22.81,22.94,5161026,116265160.00
2023/06/19,22.75,23.25,22.65,22.70,3905051,87188112.00
2023/06/20,22.69,22.95,22.35,22.40,2561927,56260728.00
2023/06/21,22.30,22.93,22.30,22.47,2342700,51710968.00
2023/06/26,22.08,22.47,21.56,21.67,2149366,45916852.00
2023/06/27,21.55,22.79,21.55,22.62,2784526,60913136.00
2023/06/28,22.58,23.20,22.11,22.97,2823973,62563008.00
2023/06/29,22.70,22.94,22.54,22.88,1781679,39585236.00
2023/06/30,22.72,23.43,22.72,22.93,2466920,55681268.00
2023/07/03,22.94,23.73,22.92,23.45,2968758,67904784.00
2023/07/04,23.35,23.47,23.11,23.38,1829300,41568264.00
2023/07/05,23.42,23.45,22.94,23.12,2059588,46406536.00
2023/07/06,22.96,23.25,22.70,22.76,1715000,38308256.00
2023/07/07,22.68,22.99,22.56,22.62,1333674,29656906.00
2023/07/10,22.71,23.08,22.57,22.84,1359100,30303204.00
2023/07/11,22.93,23.14,22.57,22.76,1608200,35778056.00
2023/07/12,22.75,22.78,22.36,22.51,1667566,36670160.00
2023/07/13,22.44,23.17,22.44,23.16,2151851,48217212.00
2023/07/14,23.01,23.23,22.71,22.89,1436909,32118316.00
2023/07/17,23.32,23.60,22.81,23.46,3546700,80577608.00
2023/07/18,23.41,23.93,23.22,23.80,3587322,83196616.00
2023/07/19,23.66,24.47,23.55,23.96,3415007,80103752.00
2023/07/20,23.96,28.43,23.56,25.87,10757543,269499168.00
2023/07/21,26.07,30.85,26.07,30.15,22323531,628024320.00
2023/07/24,27.84,30.68,26.76,30.04,20851880,585858752.00
2023/07/25,28.75,30.15,28.15,29.20,17858646,508018816.00
2023/07/26,27.85,31.95,26.38,30.70,23552628,655992576.00
2023/07/27,28.55,32.54,28.41,29.90,21693448,643098304.00
2023/07/28,29.55,31.62,28.88,29.09,20435563,611679040.00
2023/07/31,27.16,31.00,27.16,30.19,20978663,593092160.00
2023/08/01,29.43,30.05,27.65,27.71,15777609,444532672.00
2023/08/02,27.06,28.31,27.06,27.25,9171029,247947536.00
2023/08/03,26.57,30.28,26.57,28.84,17096778,480739744.00
2023/08/04,28.96,29.83,27.94,28.05,13742888,387400896.00
2023/08/07,28.60,28.75,27.73,27.80,7310768,202130640.00
2023/08/08,27.99,31.65,27.55,29.82,17694254,517003648.00
2023/08/09,29.26,30.76,28.35,28.74,14171780,408867584.00
2023/08/10,28.43,31.54,28.05,30.85,19283404,569961152.00
2023/08/11,30.70,31.13,29.47,29.89,13630609,403770336.00
2023/08/14,29.65,30.49,28.85,29.55,11409260,331745056.00
2023/08/15,28.98,29.15,26.81,26.97,15001724,406483680.00
2023/08/16,26.17,28.21,26.15,27.61,13550039,365108224.00
2023/08/17,27.10,27.88,26.64,27.55,10997573,293176352.00
2023/08/18,27.55,27.55,26.36,26.43,8869791,232825024.00
2023/08/21,26.26,26.94,26.00,26.40,5550849,144050704.00
2023/08/22,26.45,26.65,25.23,25.83,8357758,209876176.00
2023/08/23,25.64,26.04,25.08,25.17,4600800,115116640.00
2023/08/24,25.00,25.71,25.00,25.48,5361875,133253632.00
2023/08/25,25.10,25.60,24.33,24.45,5783909,140417600.00
2023/08/28,25.79,26.05,24.61,24.61,5354420,132167040.00
2023/08/29,24.52,26.24,24.43,26.12,5854409,146087968.00
2023/08/30,25.88,27.40,25.65,26.67,8197165,214751552.00
2023/08/31,26.58,26.95,26.08,26.34,3886218,100362592.00
2023/09/01,27.42,29.86,26.73,27.64,17734069,490688224.00
2023/09/04,26.79,27.34,26.15,26.57,12425001,325184768.00
2023/09/05,26.57,26.65,25.66,25.68,7207841,183203392.00
2023/09/06,25.64,25.84,24.89,25.08,4568394,112559200.00
2023/09/07,24.96,25.20,24.62,24.62,3914543,95137656.00
2023/09/08,24.56,26.68,24.18,25.86,9020691,224481888.00
2023/09/11,25.35,26.75,24.73,26.16,9781610,246155440.00
2023/09/12,26.15,26.65,25.70,26.40,8297295,213620048.00
2023/09/13,26.16,27.33,26.11,26.40,10469300,273995296.00
2023/09/14,26.59,26.63,25.05,25.26,7700192,192645488.00
2023/09/15,25.44,25.98,24.98,25.05,5513241,137309280.00
2023/09/18,25.05,25.75,24.57,25.55,5326200,132633896.00
2023/09/19,25.42,25.55,24.76,24.82,4102700,100530224.00
2023/09/20,24.82,25.65,24.56,24.67,4561624,112087160.00
2023/09/21,24.59,24.74,24.04,24.07,3886321,92242808.00
2023/09/22,24.06,24.75,24.00,24.74,3433400,82276088.00
2023/09/25,24.70,24.70,24.06,24.23,3089600,73306880.00
2023/09/26,24.23,24.27,23.87,23.97,2484100,58315896.00
2023/09/27,23.97,24.42,23.83,23.95,2688439,63183016.00
2023/09/28,24.05,24.32,23.90,24.02,2382653,55962744.00
2023/10/09,23.85,23.99,23.40,23.50,3472801,80015816.00
2023/10/10,23.55,24.13,23.55,23.65,2997930,69657208.00
2023/10/11,23.65,24.17,23.61,23.92,3304000,77304944.00
2023/10/12,24.08,24.08,23.25,23.38,3054606,70031312.00
2023/10/13,23.08,23.45,23.05,23.23,2780300,63110384.00
2023/10/16,23.41,23.68,23.16,23.30,2306650,52606776.00
2023/10/17,23.35,23.41,23.01,23.30,1660887,37608920.00
2023/10/18,23.19,23.29,22.90,23.00,1581435,35628456.00
2023/10/19,23.13,23.51,22.61,23.02,2198900,49827764.00
2023/10/20,22.89,23.34,22.80,22.84,1530879,34348504.00
2023/10/23,22.62,22.97,22.30,22.42,2290192,50487748.00
2023/10/24,23.25,23.95,23.08,23.94,6193422,143065008.00
2023/10/25,24.23,24.35,23.71,23.77,4670700,109311256.00
2023/10/26,23.77,23.95,23.45,23.74,3232890,74763968.00
2023/10/27,23.73,24.57,23.51,24.46,5247851,124750616.00
2023/10/30,24.17,24.56,24.10,24.41,4036081,96070488.00
2023/10/31,24.40,24.73,24.23,24.47,2908192,69504856.00
2023/11/01,25.14,25.55,24.13,24.24,3680993,88180360.00
2023/11/02,24.02,24.44,23.75,23.76,2750102,64365136.00
2023/11/03,23.73,24.35,23.66,24.03,2042808,48161152.00
2023/11/06,24.13,24.45,23.95,24.38,2540999,60254128.00
2023/11/07,24.43,24.57,24.05,24.38,2086557,49602384.00
2023/11/08,24.38,24.69,24.20,24.46,2466128,59021576.00
2023/11/09,24.50,24.81,24.32,24.44,2293206,55022720.00
2023/11/10,24.33,24.50,24.09,24.41,1721149,40924020.00
2023/11/13,24.56,24.56,24.25,24.51,1745906,41655124.00
2023/11/14,24.51,24.75,24.36,24.65,2115900,50805076.00
2023/11/15,24.78,25.75,24.58,25.21,5764514,142313792.00
2023/11/16,25.20,25.47,25.03,25.26,4576341,113160784.00
2023/11/17,25.16,25.40,25.04,25.37,3116441,76952920.00
2023/11/20,25.40,26.03,25.21,25.84,4626044,116103856.00
2023/11/21,25.88,26.32,25.60,26.16,5514796,140488752.00
2023/11/22,25.95,26.31,25.50,25.50,4601396,116184888.00
2023/11/23,25.38,25.62,25.17,25.41,2770800,68678008.00
2023/11/24,25.32,26.30,25.18,25.57,6496910,163454320.00
2023/11/27,24.97,25.63,24.95,25.21,3734328,92201408.00
2023/11/28,25.23,25.61,24.90,25.26,2498000,61711660.00
2023/11/29,25.27,26.03,25.05,25.76,5507199,138264720.00
2023/11/30,25.50,26.96,25.35,26.55,11618378,299526208.00
2023/12/01,26.35,27.33,25.76,25.76,11260937,291978592.00
2023/12/04,25.61,25.74,25.04,25.27,6391822,158453040.00
2023/12/05,25.24,27.24,25.05,26.06,13844887,359818752.00
2023/12/06,25.43,26.69,25.43,25.57,10036592,254749152.00
2023/12/07,25.43,25.74,24.20,25.74,8056917,197146816.00
2023/12/08,25.73,26.33,24.85,24.87,7815103,195889488.00
2023/12/11,24.51,24.90,23.98,24.77,4859077,116498160.00
2023/12/12,24.65,25.42,24.64,25.33,3894681,96054896.00
2023/12/13,25.31,25.42,24.40,24.45,3859600,93355792.00
2023/12/14,24.45,24.81,24.03,24.18,2880481,68482984.00
2023/12/15,24.22,24.50,23.94,24.33,2382223,56510204.00
2023/12/18,24.21,24.21,23.85,23.93,1724800,40482900.00
2023/12/19,23.93,24.15,23.79,24.03,1577301,36985812.00
2023/12/20,24.08,24.30,23.69,23.73,1898081,44565492.00
2023/12/21,23.56,24.14,23.30,24.00,2270790,52655692.00
2023/12/22,23.98,24.23,23.07,23.49,2104600,48929860.00
2023/12/25,23.49,24.00,23.31,23.90,2136600,49496448.00
2023/12/26,23.90,23.99,23.30,23.35,1650184,37966188.00
2023/12/27,23.36,24.32,23.30,24.27,3232896,75644432.00
2023/12/28,24.16,24.64,23.89,24.37,3486711,82614648.00
2023/12/29,24.23,24.74,24.18,24.71,2684588,64577228.00
2024/01/02,24.72,25.24,24.50,24.83,3035300,73808520.00
2024/01/03,24.71,25.20,24.57,24.77,2255000,54585448.00
2024/01/04,24.75,24.76,24.45,24.65,1749696,42092488.00
2024/01/05,24.58,24.86,23.99,24.13,1702800,40583288.00
2024/01/08,24.28,24.33,23.67,23.68,1410588,33015222.00
2024/01/09,23.88,24.20,23.60,23.83,1415400,32975788.00
2024/01/10,23.95,25.67,23.50,25.19,6967700,167881088.00
2024/01/11,24.83,24.92,24.33,24.79,6242860,150155920.00
2024/01/12,24.74,25.27,24.48,24.50,5013878,121954056.00
2024/01/15,24.47,25.04,24.34,24.45,3645487,87765880.00
2024/01/16,24.28,25.04,24.05,25.04,6395587,153987888.00
2024/01/17,24.72,24.90,23.72,23.85,4649113,110293064.00
2024/01/18,23.43,23.43,21.95,22.55,6179205,134881472.00
2024/01/19,22.51,22.54,21.88,22.24,2810108,60943184.00
2024/01/22,22.24,22.30,20.56,20.69,3485687,72299192.00
2024/01/23,20.70,20.82,20.05,20.46,2732600,54111556.00
2024/01/24,20.53,21.93,20.18,21.70,4960270,101545064.00
2024/01/25,21.56,21.77,20.98,21.74,4322900,90102520.00
2024/01/26,21.43,22.13,21.37,21.76,3167087,67516208.00
2024/01/29,21.81,22.15,21.35,21.45,2528783,53327720.00
2024/01/30,20.94,21.34,20.37,20.39,2136700,43309928.00
2024/01/31,20.36,20.85,19.22,19.41,3079038,59961540.00
2024/02/01,19.36,19.70,18.75,19.04,2639414,49124716.00
2024/02/02,19.18,21.95,19.14,20.18,7976190,158895696.00
2024/02/05,20.00,20.00,16.95,17.35,6647876,115986904.00
2024/02/06,16.75,18.15,16.05,17.58,6250432,102762328.00
2024/02/07,17.64,17.72,16.15,16.32,6535264,106840784.00
2024/02/08,16.36,18.14,16.07,17.94,6372365,105760432.00
2024/02/19,17.95,18.73,17.95,18.28,3462034,61502508.00
数据来源:通达信
