300625 三雄极光 日线 后复权
      日期	    开盘	    最高	    最低	    收盘	    成交量	    成交额
2017/03/17,23.16,27.79,23.16,27.79,18811,522063.69
2017/03/20,30.57,30.57,30.57,30.57,6000,183420.00
2017/03/21,33.63,33.63,33.63,33.63,5900,198417.00
2017/03/22,36.99,36.99,36.99,36.99,5900,218241.00
2017/03/23,40.69,40.69,40.69,40.69,12800,520832.00
2017/03/24,44.76,44.76,44.76,44.76,18132,811588.31
2017/03/27,49.24,49.24,49.24,49.24,65200,3210448.00
2017/03/28,54.16,54.16,54.16,54.16,108234,5861953.50
2017/03/29,59.58,59.58,59.58,59.58,265890,15841726.00
2017/03/30,60.00,65.00,54.51,61.30,34943473,2042777088.00
2017/03/31,57.99,61.80,55.17,55.17,20122732,1163958528.00
2017/04/05,51.99,53.58,50.50,52.02,13855235,722699712.00
2017/04/06,52.02,55.00,52.00,53.80,13353922,718960768.00
2017/04/07,53.00,53.55,50.47,50.60,12106363,626916480.00
2017/04/10,49.51,49.98,45.80,46.01,11965871,567655104.00
2017/04/11,45.89,47.49,45.51,47.30,8120204,377851840.00
2017/04/12,46.90,47.66,46.01,46.10,6171292,288377728.00
2017/04/13,45.86,46.93,45.20,45.45,5507153,253586544.00
2017/04/14,44.88,45.24,44.00,44.00,5514002,245290928.00
2017/04/17,41.04,41.98,39.67,39.90,7330067,299404480.00
2017/04/18,40.49,40.65,39.60,39.94,3766232,151091952.00
2017/04/19,39.96,41.40,39.94,41.38,5503129,224985856.00
2017/04/20,41.30,41.78,39.80,40.27,4874689,198444704.00
2017/04/21,40.75,40.85,39.70,39.77,2899126,116411576.00
2017/04/24,39.75,39.80,37.50,37.82,4103130,156150576.00
2017/04/25,38.00,38.79,37.55,37.83,3685118,140782784.00
2017/04/26,37.86,38.78,37.86,38.43,3980695,152944256.00
2017/04/27,38.41,40.58,37.50,40.10,7109429,278182400.00
2017/04/28,39.75,40.50,39.46,39.90,4157788,166134512.00
2017/05/02,39.95,40.58,39.70,40.06,3317613,133186816.00
2017/05/03,40.13,40.57,38.90,39.78,4117474,163674976.00
2017/05/04,39.60,39.60,38.28,38.50,3739120,145253408.00
2017/05/05,38.68,39.55,38.38,38.70,4903592,191647200.00
2017/05/08,38.30,38.39,37.00,37.11,3321076,125717832.00
2017/05/09,36.55,37.84,36.55,37.44,2915431,108290560.00
2017/05/10,37.43,37.99,35.80,35.87,3844670,142538896.00
2017/05/11,35.90,36.19,33.90,35.73,4769848,167217696.00
2017/05/12,35.66,35.75,34.81,35.27,3187474,112589344.00
2017/05/15,35.40,35.66,35.06,35.08,2053895,72503928.00
2017/05/16,35.39,36.45,35.09,36.45,3970305,142202336.00
2017/05/17,36.55,37.20,36.22,36.39,4212767,154680368.00
2017/05/18,35.97,36.38,35.81,35.90,2338744,84324704.00
2017/05/19,36.09,36.36,35.28,35.38,2062994,73977560.00
2017/05/22,35.45,35.51,32.94,33.05,4051403,138237248.00
2017/05/23,33.11,33.30,30.78,31.05,4360253,139057200.00
2017/05/24,30.89,31.63,30.03,31.40,3204198,99438536.00
2017/05/25,31.43,31.60,30.24,31.31,3461019,107261608.00
2017/05/26,31.40,32.37,31.28,31.75,3545769,112764592.00
2017/05/31,33.01,33.33,31.67,31.69,3809725,124146360.00
2017/06/01,31.57,31.57,29.80,29.96,2915980,89622440.00
2017/06/02,29.96,30.96,29.70,30.78,2724324,82814408.00
2017/06/05,31.26,31.44,31.00,31.08,2578146,80474112.00
2017/06/06,30.84,31.10,30.68,31.07,1883955,58184540.00
2017/06/07,31.09,32.33,31.00,32.30,4160059,132637632.00
2017/06/08,32.33,32.49,31.78,31.90,3211480,103005760.00
2017/06/09,31.90,32.19,31.75,32.10,2066352,66065888.00
2017/06/12,31.75,31.75,30.55,30.62,2907200,90643344.00
2017/06/13,30.69,32.65,30.62,32.30,5373859,171877104.00
2017/06/14,32.44,32.44,31.90,32.08,3277604,105225208.00
2017/06/15,32.00,33.38,32.00,32.70,5970425,196073920.00
2017/06/16,32.79,32.96,32.33,32.60,2801234,91330256.00
2017/06/19,32.63,32.89,32.32,32.80,2211045,72256360.00
2017/06/20,32.94,32.95,32.40,32.40,2515546,82174480.00
2017/06/21,32.41,32.55,31.77,32.08,2282048,73249488.00
2017/06/22,31.99,32.16,31.00,31.08,2586129,81832624.00
2017/06/23,31.01,31.50,30.60,31.22,2249171,69778672.00
2017/06/26,31.22,31.53,30.83,31.47,1679934,52479968.00
2017/06/27,31.48,32.28,31.36,32.07,3034992,96603816.00
2017/06/28,31.89,31.89,31.32,31.45,2174528,68506768.00
2017/06/29,31.61,33.20,31.61,33.01,7706691,252791040.00
2017/06/30,32.67,33.05,32.34,32.80,4228926,138187280.00
2017/07/03,32.77,33.18,32.63,32.94,3010647,99142904.00
2017/07/04,32.94,32.99,32.20,32.48,2874930,93485336.00
2017/07/05,32.39,33.20,32.39,32.89,3200283,105178368.00
2017/07/06,33.04,33.04,32.34,33.04,3399991,111578576.00
2017/07/07,33.05,34.16,32.91,33.45,7175705,241036080.00
2017/07/10,33.10,33.15,32.16,32.26,4295149,139956608.00
2017/07/11,32.26,32.66,31.76,31.76,2801420,90335528.00
2017/07/12,31.66,31.92,31.02,31.89,2666986,83847672.00
2017/07/13,31.80,31.80,31.16,31.26,1955037,61319592.00
2017/07/14,31.26,31.62,31.06,31.13,1507247,47152992.00
2017/07/17,31.00,31.00,28.02,28.02,4490560,129776456.00
2017/07/18,28.03,28.55,27.33,28.27,2683591,75126120.00
2017/07/19,28.20,28.48,27.91,28.36,1790931,50641844.00
2017/07/20,28.21,28.76,28.09,28.09,2369260,67311264.00
2017/07/21,28.12,28.40,27.84,27.96,1590898,44662544.00
2017/07/24,27.93,28.31,27.45,28.31,2059482,57393096.00
2017/07/25,28.32,28.40,27.98,28.10,1203855,33880992.00
2017/07/26,28.25,28.25,27.83,28.00,1235234,34609892.00
2017/07/27,28.04,29.15,27.81,28.98,3489515,100159752.00
2017/07/28,28.79,29.00,28.66,28.66,1773158,51129148.00
2017/07/31,28.53,28.98,28.53,28.61,1296882,37306052.00
2017/08/01,28.83,28.84,28.32,28.62,1451196,41488100.00
2017/08/02,28.48,28.75,28.00,28.01,1749467,49403316.00
2017/08/03,28.02,28.62,27.87,28.22,1785628,50488288.00
2017/08/04,28.18,28.30,27.95,27.95,1515840,42508948.00
2017/08/07,28.10,28.57,28.06,28.25,1462097,41464384.00
2017/08/08,28.08,28.34,27.96,28.19,1289842,36315308.00
2017/08/09,28.17,28.34,28.04,28.19,1063964,30003878.00
2017/08/10,28.20,28.33,27.60,27.66,1789900,49900852.00
2017/08/11,27.55,27.69,27.22,27.25,1538051,42220272.00
2017/08/14,27.35,27.74,27.25,27.73,1243187,34314116.00
2017/08/15,27.79,27.95,27.64,27.86,1342197,37343280.00
2017/08/16,27.98,28.74,27.82,28.48,3109432,88196648.00
2017/08/17,28.43,28.71,28.34,28.52,2148786,61359920.00
2017/08/18,28.40,28.40,28.11,28.32,1618392,45746864.00
2017/08/21,28.33,28.84,28.33,28.76,1950754,55908932.00
2017/08/22,28.79,29.19,28.52,28.59,2338361,67443136.00
2017/08/23,28.71,28.72,28.20,28.50,1775146,50566184.00
2017/08/24,28.37,28.88,28.34,28.47,2055537,58754624.00
2017/08/25,28.41,29.18,28.33,29.11,3723356,107689616.00
2017/08/28,29.27,30.17,29.12,29.91,4726647,140282832.00
2017/08/29,30.08,30.48,29.50,29.89,5322540,160141408.00
2017/08/30,29.87,29.91,29.43,29.43,2748532,81424320.00
2017/08/31,29.50,31.17,29.40,30.92,6271474,190911760.00
2017/09/01,30.85,31.16,30.44,31.04,4652966,143465600.00
2017/09/04,31.03,31.05,30.63,30.71,2916212,89900536.00
2017/09/05,30.71,31.03,30.57,30.69,2298129,70718040.00
2017/09/06,30.40,30.65,30.02,30.65,2764487,83668624.00
2017/09/07,30.41,31.45,30.30,30.87,4642195,143828112.00
2017/09/08,30.88,31.10,30.43,30.71,2377252,73190256.00
2017/09/11,30.65,30.98,30.39,30.97,2539101,78190568.00
2017/09/12,30.95,31.00,29.89,30.00,3968564,120832872.00
2017/09/13,30.00,30.18,29.81,30.08,1758819,52686284.00
2017/09/14,30.14,30.14,29.58,29.67,2087566,62239700.00
2017/09/15,29.63,29.83,29.35,29.36,1606734,47509128.00
2017/09/18,29.30,29.72,29.25,29.69,1271263,37558912.00
2017/09/19,29.70,30.55,29.61,30.20,2996458,90465128.00
2017/09/20,30.17,30.48,29.92,30.40,2371017,71696776.00
2017/09/21,30.40,30.70,30.04,30.04,2080070,63310368.00
2017/09/22,30.03,30.23,29.60,30.08,1876248,56205732.00
2017/09/25,29.88,30.12,29.52,29.58,1835279,54760256.00
2017/09/26,29.57,29.72,28.70,28.86,2112079,61363320.00
2017/09/27,28.85,29.30,28.85,29.16,962318,28010624.00
2017/09/28,29.10,29.56,28.96,29.12,1679323,49296832.00
2017/09/29,29.20,29.53,29.15,29.42,1232106,36231520.00
2017/10/09,29.69,30.35,29.69,30.25,2371457,71351440.00
2017/10/10,30.20,30.56,30.05,30.56,2276445,69077056.00
2017/10/11,30.49,30.86,30.23,30.45,2740200,83660952.00
2017/10/12,30.41,30.41,29.96,30.19,2372123,71546704.00
2017/10/13,30.00,30.81,30.00,30.72,3802174,116139856.00
2017/10/16,30.81,30.89,29.70,29.70,2872991,86824456.00
2017/10/17,29.55,31.98,29.16,31.27,7064849,218357872.00
2017/10/18,31.07,31.39,30.50,30.77,4317925,133913112.00
2017/10/19,30.50,31.45,30.13,31.45,5382799,166835936.00
2017/10/20,31.41,31.88,31.01,31.58,5108391,160794272.00
2017/10/23,31.60,31.82,31.15,31.66,3889350,122468376.00
2017/10/24,31.50,31.51,30.35,30.71,3419641,105651968.00
2017/10/25,30.70,31.20,30.52,31.04,2549615,78927944.00
2017/10/26,31.00,31.06,30.60,30.73,2538962,78206896.00
2017/10/27,30.93,32.45,30.73,32.02,8716614,277248032.00
2017/10/30,31.62,32.01,30.60,30.71,5252526,163410304.00
2017/10/31,30.72,30.99,30.05,30.66,3733573,113756568.00
2017/11/01,30.75,32.20,30.43,32.08,6900545,217423248.00
2017/11/02,31.96,32.28,31.57,31.92,5564428,177437248.00
2017/11/03,32.02,32.02,31.42,31.53,3515160,111255720.00
2017/11/06,31.85,32.19,31.38,32.19,5037817,160983392.00
2017/11/07,32.20,32.38,31.51,31.88,3893056,123844128.00
2017/11/08,31.86,32.19,31.56,31.56,4520927,144078240.00
2017/11/09,31.40,31.40,30.53,30.79,5199394,160543296.00
2017/11/10,30.71,31.43,30.71,31.30,3948369,122948640.00
2017/11/13,31.29,31.29,30.40,30.51,3739607,115283184.00
2017/11/14,30.46,30.94,30.17,30.21,2801063,85416008.00
2017/11/15,30.09,30.25,29.10,29.23,3545821,104962480.00
2017/11/16,29.31,29.43,28.71,28.73,2493434,72404304.00
2017/11/17,28.86,28.87,27.31,27.35,3216564,89707688.00
2017/11/20,27.37,27.87,26.90,27.86,1683751,46124728.00
2017/11/21,27.87,27.87,27.14,27.36,1758415,48264312.00
2017/11/22,27.40,27.80,27.25,27.42,1321362,36361284.00
2017/11/23,27.43,27.70,27.21,27.36,1640864,45097928.00
2017/11/24,27.36,27.64,27.29,27.47,1069534,29386512.00
2017/11/27,27.32,27.54,27.16,27.18,1014964,27719712.00
2017/11/28,27.10,27.56,27.10,27.51,850541,23322580.00
2017/11/29,27.55,27.63,27.05,27.43,913106,24966724.00
2017/11/30,27.60,27.65,27.25,27.38,756998,20761850.00
2017/12/01,27.31,27.60,27.31,27.60,999256,27509790.00
2017/12/04,27.60,27.64,25.60,25.73,2835128,75015600.00
2017/12/05,25.56,26.09,24.44,24.55,2279048,57574064.00
2017/12/06,24.80,25.13,24.28,25.10,1330321,32983592.00
2017/12/07,25.10,25.35,24.90,25.00,1000685,25126180.00
2017/12/08,25.23,25.50,24.90,25.35,1096664,27790882.00
2017/12/11,25.31,25.54,25.22,25.39,1096126,27804830.00
2017/12/12,25.41,25.41,24.72,24.80,1221628,30535378.00
2017/12/13,24.74,25.23,24.70,25.20,849990,21332826.00
2017/12/14,25.19,25.28,25.05,25.18,665362,16741877.00
2017/12/15,25.30,25.30,24.85,25.01,976563,24380458.00
2017/12/18,24.90,25.25,24.82,24.90,701600,17490176.00
2017/12/19,24.90,25.29,24.90,25.19,850667,21391910.00
2017/12/20,25.05,25.18,24.61,24.62,995700,24743492.00
2017/12/21,24.76,24.98,24.60,24.66,997700,24756260.00
2017/12/22,24.92,24.92,24.58,24.58,777194,19260230.00
2017/12/25,24.77,24.77,24.02,24.15,1152251,27986280.00
2017/12/26,24.05,24.94,24.05,24.87,1555430,38359140.00
2017/12/27,24.86,24.88,24.48,24.58,1353237,33390990.00
2017/12/28,24.43,25.05,24.43,24.62,1529060,37922728.00
2017/12/29,24.87,25.05,24.65,24.96,1423206,35403332.00
2018/01/02,24.89,25.35,24.89,25.29,1555057,39108004.00
2018/01/03,25.21,25.76,25.10,25.67,2796667,71004656.00
2018/01/04,25.65,25.97,25.37,25.63,3026924,77394080.00
2018/01/05,26.44,26.51,25.66,25.66,3082084,80313568.00
2018/01/08,25.67,25.75,25.08,25.39,2033360,51471668.00
2018/01/09,25.34,25.44,25.22,25.28,1228100,31075408.00
2018/01/10,25.31,25.43,24.99,25.30,1462477,36853900.00
2018/01/11,25.12,25.73,25.12,25.65,1475887,37610040.00
2018/01/12,25.40,25.58,25.02,25.05,1563677,39426324.00
2018/01/15,24.98,24.99,23.91,23.96,1976100,48039068.00
2018/01/16,23.98,24.31,23.96,24.16,1122779,27117366.00
2018/01/17,24.10,24.67,24.00,24.47,1827168,44475024.00
2018/01/18,24.50,24.74,24.35,24.46,1174997,28743440.00
2018/01/19,24.52,24.55,24.26,24.28,1318000,32189754.00
2018/01/22,24.23,24.57,23.80,24.47,1415517,34254276.00
2018/01/23,24.35,24.55,24.28,24.43,1283323,31334046.00
2018/01/24,24.38,24.78,24.16,24.68,1790822,44023648.00
2018/01/25,24.70,25.40,24.51,24.72,2335819,58338176.00
2018/01/26,24.72,24.95,24.61,24.61,1032133,25545588.00
2018/01/29,24.63,24.88,24.10,24.17,1237534,30187998.00
2018/01/30,24.17,24.33,24.07,24.21,818119,19781218.00
2018/01/31,24.26,24.26,23.40,23.50,1652751,39076992.00
2018/02/01,23.59,23.59,22.16,22.16,1891830,43089412.00
2018/02/02,22.06,22.36,21.62,21.99,1125009,24711706.00
2018/02/05,21.74,21.95,21.51,21.75,976112,21214892.00
2018/02/06,21.40,21.40,20.00,20.01,1955100,40542664.00
2018/02/07,20.51,20.77,19.91,20.51,1386258,28363648.00
2018/02/08,20.52,21.29,20.51,21.29,1523371,32054352.00
2018/02/09,20.84,22.05,20.55,21.70,2639556,56787528.00
2018/02/12,21.90,22.74,21.81,22.74,1831041,40637208.00
2018/02/13,22.91,22.91,22.39,22.54,1380080,31137536.00
2018/02/14,22.50,22.78,22.18,22.72,783700,17574958.00
2018/02/22,22.87,22.94,22.65,22.75,846228,19275716.00
2018/02/23,22.78,22.80,22.07,22.20,1207673,26933394.00
2018/02/26,22.39,22.67,22.18,22.63,1347879,30356694.00
2018/02/27,22.63,22.95,22.50,22.75,1380206,31481820.00
2018/02/28,22.75,22.96,22.45,22.60,1126997,25619770.00
2018/03/01,22.60,22.98,22.40,22.92,1334968,30428512.00
2018/03/02,22.83,22.89,22.30,22.36,1308028,29546492.00
2018/03/05,22.36,22.66,22.20,22.65,925266,20815370.00
2018/03/06,22.72,23.38,22.72,23.36,2210838,51261264.00
2018/03/07,23.15,23.43,23.08,23.19,1230838,28591398.00
2018/03/08,23.02,23.46,22.94,23.46,1608138,37428568.00
2018/03/09,23.45,24.10,23.31,23.99,2990058,71053088.00
2018/03/12,23.95,24.56,23.95,24.10,2775083,67285688.00
2018/03/13,23.99,24.07,23.73,23.73,1654531,39458244.00
2018/03/14,23.53,23.73,23.36,23.45,1454632,34292684.00
2018/03/15,23.26,23.44,22.39,22.66,1993661,45549464.00
2018/03/16,22.79,23.09,22.70,22.78,1135573,26056262.00
2018/03/19,22.98,23.34,22.68,23.16,1351100,31268188.00
2018/03/20,22.81,23.61,22.80,23.61,1464322,34038372.00
2018/03/21,23.62,23.97,23.40,23.42,1990458,47046104.00
2018/03/22,23.43,23.68,23.19,23.30,1174828,27498564.00
2018/03/23,22.74,22.74,20.97,21.13,2658576,58178832.00
2018/03/26,20.90,21.40,20.59,21.36,1347915,28353220.00
2018/03/27,21.60,22.13,21.53,22.04,1546980,33848156.00
2018/03/28,23.01,24.16,22.72,22.82,3785308,88349240.00
2018/03/29,22.75,24.00,22.75,23.23,3004723,70396128.00
2018/03/30,23.18,23.64,23.03,23.44,2560146,59796940.00
2018/04/02,23.69,24.08,23.39,23.69,2904518,69078256.00
2018/04/03,23.10,24.80,23.01,24.53,5549049,134264464.00
2018/04/04,24.46,24.59,23.91,23.92,3261386,78963448.00
2018/04/09,23.26,23.78,23.12,23.61,2500998,58600840.00
2018/04/10,23.79,24.28,23.32,23.92,2481942,59183676.00
2018/04/11,24.17,24.43,23.90,24.35,3249756,78656568.00
2018/04/12,24.30,24.44,23.88,23.94,2505159,60594584.00
2018/04/13,23.96,24.37,23.96,24.37,2719616,65982696.00
2018/04/16,24.31,24.38,23.28,23.70,2537808,60648664.00
2018/04/17,23.70,23.88,22.73,22.83,2279742,52996372.00
2018/04/18,23.05,23.89,22.68,23.81,2512049,58486600.00
2018/04/19,23.80,24.15,23.60,23.71,2112252,50391672.00
2018/04/20,23.51,24.02,23.13,23.13,2070100,48888464.00
2018/04/23,23.15,23.46,22.52,23.26,1429158,33005388.00
2018/04/24,23.24,24.42,23.06,24.34,3764694,90094064.00
2018/04/25,24.18,24.35,23.94,24.33,2809896,67856072.00
2018/04/26,24.38,24.38,23.86,23.86,1974940,47482012.00
2018/04/27,24.10,24.17,23.63,23.91,1564640,37445596.00
2018/05/02,23.80,24.02,23.08,23.40,1770618,41642584.00
2018/05/03,23.21,23.72,22.80,23.64,1799800,41964488.00
2018/05/04,23.65,26.00,23.42,24.78,6661490,165200464.00
2018/05/07,24.74,25.65,24.43,25.46,6042310,152034208.00
2018/05/08,25.46,25.97,25.12,25.58,4301157,109854320.00
2018/05/09,25.50,25.76,25.20,25.31,3581992,91044320.00
2018/05/10,25.49,25.70,24.95,25.39,3362800,85262376.00
2018/05/11,25.45,25.55,24.91,24.95,2145583,53906560.00
2018/05/14,24.82,25.19,24.76,24.94,1314626,32822666.00
2018/05/15,25.15,26.22,24.95,26.20,6032722,155473888.00
2018/05/16,25.95,26.03,25.64,25.78,3944247,101897936.00
2018/05/17,25.79,26.40,25.59,25.73,3351753,87088880.00
2018/05/18,25.90,25.90,24.96,25.30,3393644,85872992.00
2018/05/21,25.45,25.83,25.31,25.60,3049900,78052312.00
2018/05/22,25.60,25.94,25.41,25.88,2885064,74228776.00
2018/05/23,25.88,26.07,25.63,25.64,2451364,63356936.00
2018/05/24,25.62,25.73,25.19,25.35,2183819,55429364.00
2018/05/25,25.32,25.58,25.23,25.41,1530728,38869452.00
2018/05/28,25.35,25.41,24.65,24.70,2026964,50585012.00
2018/05/29,24.62,25.30,24.62,24.91,1555164,38860412.00
2018/05/30,24.99,24.99,23.02,23.85,2584928,62896824.00
2018/05/31,24.14,24.63,24.00,24.51,1567400,38135612.00
2018/06/01,24.70,26.50,24.53,25.45,5619625,144146976.00
2018/06/04,25.33,26.12,25.31,26.00,3986841,102913760.00
2018/06/05,25.90,26.75,25.72,26.73,6579377,172947104.00
2018/06/06,26.45,26.47,25.56,25.70,5960397,146605536.00
2018/06/07,25.85,25.86,24.76,24.82,3744100,89867744.00
2018/06/08,24.65,24.85,24.16,24.66,3027119,70236824.00
2018/06/11,24.55,24.60,24.06,24.06,1960464,45245204.00
2018/06/12,24.00,24.34,23.75,24.23,1702250,38851928.00
2018/06/13,24.08,24.22,23.09,23.14,2264340,50649144.00
2018/06/14,23.09,23.46,23.00,23.03,1196940,26301698.00
2018/06/15,23.05,23.24,22.09,22.19,1693700,35968520.00
2018/06/19,21.31,22.13,20.10,20.13,2801220,55036220.00
2018/06/20,20.22,21.14,20.22,21.04,2127774,41365788.00
2018/06/21,21.03,21.35,20.47,20.47,1766264,34737120.00
2018/06/22,20.29,21.22,20.16,20.99,1105302,21706652.00
2018/06/25,21.10,21.52,20.89,21.02,1232100,24619218.00
2018/06/26,20.68,21.41,20.58,21.34,1195100,23834368.00
2018/06/27,21.35,21.48,21.02,21.11,960900,19154600.00
2018/06/28,21.19,21.34,20.87,21.00,809400,16097267.00
2018/06/29,21.17,21.67,20.98,21.60,1390112,28041966.00
2018/07/02,21.61,21.69,20.95,21.05,1140910,22871136.00
2018/07/03,21.15,21.67,20.96,21.60,1502085,30180270.00
2018/07/04,21.40,21.59,21.06,21.16,1346602,26883130.00
2018/07/05,21.11,21.18,20.31,20.33,1186648,23047784.00
2018/07/06,20.33,20.93,20.09,20.61,1325409,25686962.00
2018/07/09,20.84,21.16,20.63,21.12,948600,18723492.00
2018/07/10,20.88,21.10,20.71,21.06,1443805,28348624.00
2018/07/11,20.85,20.85,20.10,20.34,1584428,30320972.00
2018/07/12,20.26,20.99,20.26,20.88,1562066,30507032.00
2018/07/13,20.88,21.00,20.77,20.94,1089667,21397728.00
2018/07/16,21.10,21.17,20.90,21.05,1077664,21317460.00
2018/07/17,21.01,21.07,20.77,21.01,768802,15124064.00
2018/07/18,21.10,21.33,21.01,21.04,1466324,29196664.00
2018/07/19,21.00,21.01,20.60,20.60,907200,17684812.00
2018/07/20,20.79,20.90,20.53,20.87,657400,12851284.00
2018/07/23,20.76,21.03,20.69,20.98,810164,15944539.00
2018/07/24,21.01,21.50,20.97,21.39,1739627,34793048.00
2018/07/25,21.28,21.57,21.25,21.32,1166805,23485384.00
2018/07/26,21.45,21.45,21.04,21.13,1220300,24286806.00
2018/07/27,21.15,21.21,21.02,21.06,650802,12912532.00
2018/07/30,21.06,21.15,20.70,20.72,840564,16464299.00
2018/07/31,20.78,20.90,20.65,20.83,444700,8685190.00
2018/08/01,20.80,20.95,20.38,20.46,749800,14540010.00
2018/08/02,20.42,20.42,19.57,19.75,1175964,22000154.00
2018/08/03,19.93,20.05,19.76,19.80,498931,9290879.00
2018/08/06,19.91,20.13,19.43,19.45,465000,8545406.00
2018/08/07,19.49,19.81,19.31,19.81,652600,11989111.00
2018/08/08,19.72,19.83,19.34,19.35,654526,12011156.00
2018/08/09,19.30,19.84,19.25,19.73,673900,12416348.00
2018/08/10,19.68,19.88,19.61,19.79,556200,10286400.00
2018/08/13,19.47,19.80,19.27,19.80,676900,12437626.00
2018/08/14,19.83,20.20,19.83,19.93,895998,16794926.00
2018/08/15,19.95,20.00,19.46,19.54,644900,11926834.00
2018/08/16,19.42,19.62,19.30,19.37,633700,11522490.00
2018/08/17,19.44,19.55,18.99,18.99,632484,11425772.00
2018/08/20,18.97,19.11,18.81,19.05,675874,11965168.00
2018/08/21,19.04,19.25,18.97,19.18,544064,9727114.00
2018/08/22,19.20,19.28,18.88,18.89,601400,10711555.00
2018/08/23,19.04,19.09,18.86,19.01,516300,9162195.00
2018/08/24,18.96,19.01,18.83,18.86,600900,10603147.00
2018/08/27,18.93,19.25,18.93,19.18,791110,14157339.00
2018/08/28,19.19,20.74,19.19,19.94,2349048,44083056.00
2018/08/29,19.76,20.04,19.49,19.70,1042601,19188868.00
2018/08/30,19.60,19.69,19.26,19.26,849500,15468236.00
2018/08/31,19.41,19.41,18.65,18.78,1092301,19268562.00
2018/09/03,18.90,18.90,18.43,18.67,613128,10634875.00
2018/09/04,18.66,18.89,18.51,18.81,579328,10139646.00
2018/09/05,18.76,18.82,18.38,18.41,733264,12728270.00
2018/09/06,18.42,18.55,18.27,18.40,652400,11202861.00
2018/09/07,18.28,18.65,18.28,18.42,571111,9839304.00
2018/09/10,18.47,18.54,18.16,18.19,583300,9953068.00
2018/09/11,18.18,18.48,18.15,18.30,623439,10619508.00
2018/09/12,18.40,18.45,18.22,18.28,434400,7415823.00
2018/09/13,18.35,18.53,18.26,18.44,556100,9525733.00
2018/09/14,18.40,18.49,18.16,18.18,488200,8337998.00
2018/09/17,18.20,18.20,17.85,17.93,553300,9272254.00
2018/09/18,17.87,18.19,17.85,18.15,365950,6164076.00
2018/09/19,18.16,18.42,18.07,18.28,733024,12456430.00
2018/09/20,18.28,18.35,18.10,18.11,442900,7490037.00
2018/09/21,18.11,18.38,18.11,18.37,628200,10702993.00
2018/09/25,18.30,18.40,18.18,18.25,483564,8224104.00
2018/09/26,18.25,18.37,18.18,18.29,558500,9513398.00
2018/09/27,18.25,18.29,17.94,17.95,679064,11440041.00
2018/09/28,17.95,18.18,17.95,18.14,381000,6412665.00
2018/10/08,17.95,17.95,17.43,17.57,770400,12702772.00
2018/10/09,17.73,17.75,17.50,17.55,292000,4776175.00
2018/10/10,17.19,17.19,16.27,16.38,2359127,35995152.00
2018/10/11,15.95,15.95,14.87,14.98,1854510,26147160.00
2018/10/12,14.98,15.12,14.35,15.01,1156426,15693718.00
2018/10/15,14.97,15.16,14.45,14.45,969100,13152578.00
2018/10/16,14.46,14.67,14.18,14.27,1004367,13171459.00
2018/10/17,14.43,14.65,14.10,14.45,878567,11543486.00
2018/10/18,14.45,14.47,14.12,14.13,773400,10022579.00
2018/10/19,14.05,14.59,13.93,14.56,986721,12897102.00
2018/10/22,14.72,15.30,14.57,15.14,1722580,23684262.00
2018/10/23,15.18,15.18,14.58,14.67,1234503,16809622.00
2018/10/24,14.65,14.88,14.57,14.68,1015664,13685964.00
2018/10/25,14.26,14.60,14.10,14.57,1052155,13815824.00
2018/10/26,14.61,14.83,14.57,14.72,914052,12318453.00
2018/10/29,14.60,14.83,14.46,14.55,635420,8489118.00
2018/10/30,14.46,14.75,14.27,14.72,816743,10894377.00
2018/10/31,14.72,14.95,14.65,14.86,904225,12297732.00
2018/11/01,14.90,15.22,14.83,14.87,1491464,20572196.00
2018/11/02,14.97,15.23,14.97,15.19,1617031,22433084.00
2018/11/05,15.40,15.56,15.19,15.43,1920331,27160978.00
2018/11/06,15.35,15.35,15.07,15.22,1083555,15089598.00
2018/11/07,15.17,15.52,15.15,15.26,1325878,18659070.00
2018/11/08,15.36,15.45,15.11,15.13,894346,12527739.00
2018/11/09,15.07,15.35,15.05,15.18,798818,11169196.00
2018/11/12,15.16,15.74,15.13,15.73,1695516,24247238.00
2018/11/13,15.62,16.00,15.47,15.86,1537308,22343620.00
2018/11/14,15.85,16.10,15.72,15.76,1487802,21768304.00
2018/11/15,15.91,16.26,15.82,16.25,2004538,29686806.00
2018/11/16,16.26,16.49,16.13,16.45,1921584,28990380.00
2018/11/19,16.30,16.44,16.13,16.35,1263809,18940610.00
2018/11/20,16.17,16.30,15.80,15.80,1280476,18945374.00
2018/11/21,15.81,15.99,15.69,15.95,1294244,18881358.00
2018/11/22,16.02,16.11,15.93,15.95,961078,14174057.00
2018/11/23,15.97,16.04,15.13,15.17,1519051,21593568.00
2018/11/26,15.16,15.37,15.15,15.20,602037,8438704.00
2018/11/27,15.22,15.39,15.05,15.23,774687,10839247.00
2018/11/28,15.19,15.38,14.92,15.35,1011500,14096221.00
2018/11/29,15.38,15.55,14.95,14.95,1159900,16364493.00
2018/11/30,14.93,15.13,14.67,15.01,817132,11146880.00
2018/12/03,15.45,15.60,15.27,15.51,1213518,17271134.00
2018/12/04,15.40,15.70,15.40,15.70,1103626,15841741.00
2018/12/05,15.48,15.64,15.31,15.61,929263,13258080.00
2018/12/06,15.40,15.60,15.17,15.23,1046007,14728544.00
2018/12/07,15.13,15.37,15.13,15.22,562765,7885244.00
2018/12/10,15.14,15.42,15.01,15.27,945287,13202908.00
2018/12/11,15.37,15.41,15.25,15.36,466709,6566766.50
2018/12/12,15.37,15.48,15.31,15.39,640544,9071831.00
2018/12/13,15.42,15.59,15.31,15.51,890169,12675468.00
2018/12/14,15.52,15.52,15.07,15.17,841164,11778741.00
2018/12/17,15.15,15.15,14.90,15.04,695237,9565526.00
2018/12/18,14.96,15.10,14.75,14.86,597592,8137851.50
2018/12/19,15.07,15.07,14.67,14.70,529500,7186823.00
2018/12/20,14.71,14.80,14.58,14.73,595687,8009661.00
2018/12/21,14.66,14.77,14.57,14.64,609839,8167006.00
2018/12/24,14.63,15.75,14.63,15.27,2022991,28297662.00
2018/12/25,14.97,15.27,14.70,15.25,1482157,20330420.00
2018/12/26,15.21,15.50,15.05,15.41,1645900,23212636.00
2018/12/27,15.56,15.69,15.12,15.13,1189821,16792894.00
2018/12/28,15.08,15.35,15.00,15.32,714100,9951915.00
2019/01/02,15.32,15.62,15.26,15.61,1788400,25505756.00
2019/01/03,15.62,15.71,15.37,15.69,1481279,21179160.00
2019/01/04,15.60,16.19,15.43,16.09,2307978,33811752.00
2019/01/07,16.09,16.15,15.88,16.05,1828056,26983372.00
2019/01/08,16.04,16.04,15.70,15.80,1294993,18862448.00
2019/01/09,15.71,15.96,15.71,15.71,1264489,18455420.00
2019/01/10,15.73,15.84,15.55,15.64,1090527,15782338.00
2019/01/11,15.54,15.69,15.45,15.65,1228389,17603338.00
2019/01/14,15.65,15.77,15.46,15.53,749687,10754412.00
2019/01/15,15.47,15.84,15.46,15.84,1143911,16492532.00
2019/01/16,15.80,16.53,15.76,15.99,2060770,30427438.00
2019/01/17,16.11,16.11,15.57,15.72,1470388,21334288.00
2019/01/18,15.60,16.19,15.60,15.72,1181497,17155748.00
2019/01/21,15.69,15.79,15.62,15.73,750626,10846452.00
2019/01/22,15.87,15.87,15.61,15.62,792100,11472203.00
2019/01/23,15.62,15.79,15.51,15.64,573202,8236308.50
2019/01/24,15.64,16.07,15.52,15.88,1701727,24773448.00
2019/01/25,15.90,15.96,15.52,15.53,1243346,17997804.00
2019/01/28,15.55,15.72,14.99,15.04,1174370,16503451.00
2019/01/29,15.08,15.29,14.77,15.27,1138854,15814104.00
2019/01/30,15.17,15.23,14.87,14.91,383464,5302377.50
2019/01/31,14.92,15.15,14.76,14.82,764494,10507476.00
2019/02/01,14.94,15.19,14.90,15.11,619804,8559889.00
2019/02/11,15.14,15.42,15.13,15.40,782504,10997444.00
2019/02/12,15.43,15.55,15.36,15.53,959927,13650610.00
2019/02/13,15.55,15.92,15.47,15.85,2049130,29801392.00
2019/02/14,15.85,15.88,15.70,15.78,1395428,20286816.00
2019/02/15,15.84,16.14,15.71,15.94,2096524,30781864.00
2019/02/18,15.93,16.42,15.90,16.39,2915211,43710232.00
2019/02/19,16.40,16.81,16.08,16.23,3393508,51344656.00
2019/02/20,16.12,16.31,16.08,16.19,1462180,21860208.00
2019/02/21,16.34,16.50,16.13,16.14,2351887,35414616.00
2019/02/22,16.10,16.41,16.01,16.39,1876844,28173462.00
2019/02/25,16.47,17.08,16.47,17.05,4139517,64418700.00
2019/02/26,17.05,17.23,16.73,16.93,4081304,64144384.00
2019/02/27,17.04,17.18,16.76,16.84,2893797,45583628.00
2019/02/28,16.92,17.10,16.78,16.98,1640716,25765774.00
2019/03/01,17.00,17.09,16.91,17.09,1831455,28874670.00
2019/03/04,17.21,17.54,16.97,17.03,3443967,55320220.00
2019/03/05,17.00,17.43,16.91,17.42,2480264,39556388.00
2019/03/06,17.51,17.75,17.28,17.74,3403006,55468556.00
2019/03/07,17.82,18.10,17.54,17.89,3704309,61480032.00
2019/03/08,17.69,19.11,17.45,17.87,6502725,110755928.00
2019/03/11,17.89,18.52,17.89,18.52,3818989,64944616.00
2019/03/12,18.65,18.88,18.31,18.53,4342289,75558224.00
2019/03/13,18.53,18.67,17.85,17.95,3048323,52011656.00
2019/03/14,17.95,18.05,17.13,17.32,3337760,53974492.00
2019/03/15,17.38,17.68,17.35,17.45,1594702,25906332.00
2019/03/18,17.50,17.77,17.41,17.77,1518662,24902630.00
2019/03/19,17.77,18.06,17.76,17.88,1566354,26087760.00
2019/03/20,17.88,17.92,17.41,17.72,1616199,26533722.00
2019/03/21,17.73,18.06,17.67,17.97,1753300,29181950.00
2019/03/22,18.15,18.15,17.69,17.94,1700464,28319172.00
2019/03/25,17.72,17.92,17.61,17.73,1407700,23262960.00
2019/03/26,17.83,18.13,17.36,17.36,1609300,26409446.00
2019/03/27,17.37,17.55,17.16,17.36,1193800,19190228.00
2019/03/28,17.48,17.54,17.23,17.26,1115200,17990094.00
2019/03/29,17.26,17.68,17.16,17.65,1487684,24090244.00
2019/04/01,17.79,18.20,17.70,18.08,2362484,39660604.00
2019/04/02,17.95,18.05,17.81,17.95,3274144,54576124.00
2019/04/03,17.96,18.43,17.75,18.28,3127664,52697740.00
2019/04/04,18.25,18.49,18.12,18.26,2722984,46377132.00
2019/04/08,18.54,18.54,17.80,18.03,2693000,45516848.00
2019/04/09,18.01,18.95,17.95,18.16,2441807,41327668.00
2019/04/10,18.17,18.30,17.92,18.14,1668400,28099764.00
2019/04/11,18.14,18.23,17.79,17.91,1685600,28338948.00
2019/04/12,17.91,18.05,17.71,17.81,1265179,21011940.00
2019/04/15,17.98,18.10,17.75,17.81,1367607,22871048.00
2019/04/16,17.74,17.99,17.41,17.93,1984228,32676884.00
2019/04/17,17.94,18.18,17.85,17.94,1741648,29165870.00
2019/04/18,17.98,18.01,17.75,17.77,1127563,18738156.00
2019/04/19,17.65,17.83,17.45,17.71,1298400,21305996.00
2019/04/22,17.77,17.81,17.37,17.42,1245500,20329768.00
2019/04/23,17.42,17.47,17.17,17.18,1207100,19345238.00
2019/04/24,17.34,17.99,16.95,17.53,1938226,31091858.00
2019/04/25,17.40,17.68,16.50,16.54,2162423,34277196.00
2019/04/26,16.51,16.62,16.27,16.29,931759,14155748.00
2019/04/29,16.35,16.44,15.53,15.64,1289081,18891328.00
2019/04/30,15.68,16.12,15.67,15.75,760665,11099554.00
2019/05/06,15.63,15.63,14.63,14.69,1456834,20145344.00
2019/05/07,14.80,14.97,14.63,14.84,927281,12549225.00
2019/05/08,14.60,15.05,14.54,14.88,1280132,17476392.00
2019/05/09,14.89,15.09,14.83,14.99,843600,11612608.00
2019/05/10,15.16,15.39,14.95,15.28,1144495,15988258.00
2019/05/13,15.16,15.34,15.00,15.07,782943,10883957.00
2019/05/14,14.95,15.19,14.67,14.99,651068,8990911.00
2019/05/15,15.15,15.33,14.99,15.22,970500,13507036.00
2019/05/16,15.17,15.65,15.16,15.41,1106500,15555669.00
2019/05/17,15.36,15.59,14.78,14.85,1419800,19808988.00
2019/05/20,14.91,15.12,14.85,15.07,772003,10590954.00
2019/05/21,15.12,15.31,15.02,15.24,777600,10835879.00
2019/05/22,15.17,15.30,15.09,15.18,511047,7136482.50
2019/05/23,15.25,15.28,14.92,15.04,485464,6729407.50
2019/05/24,14.96,15.05,14.85,14.85,474705,6492726.00
2019/05/27,14.85,15.30,14.85,15.22,657571,9130570.00
2019/05/28,15.21,15.52,15.17,15.27,899048,12674935.00
2019/05/29,15.27,15.72,15.18,15.52,1590605,22710128.00
2019/05/30,15.47,15.57,15.12,15.34,1073117,15062084.00
2019/05/31,15.35,15.57,15.26,15.28,880817,12450875.00
2019/06/03,15.39,15.45,15.10,15.34,727000,10202042.00
2019/06/04,15.34,15.36,14.78,14.92,800722,11029379.00
2019/06/05,14.93,15.20,14.92,15.02,480100,6643175.00
2019/06/06,14.99,15.13,14.83,14.85,648800,8805485.00
2019/06/10,14.99,15.06,14.88,14.96,384586,5235632.00
2019/06/11,15.05,15.43,15.00,15.40,894450,12419132.00
2019/06/12,15.40,15.45,15.16,15.18,946900,13164132.00
2019/06/13,15.23,15.55,15.10,15.52,1220817,17045578.00
2019/06/14,15.49,15.49,15.14,15.27,866198,12056563.00
2019/06/17,15.46,15.46,15.13,15.17,521950,7231657.50
2019/06/18,15.17,15.27,15.09,15.11,391200,5389484.50
2019/06/19,15.28,15.44,15.28,15.35,954085,13325641.00
2019/06/20,15.42,15.53,15.29,15.48,887930,12471207.00
2019/06/21,15.58,15.76,15.57,15.66,1273026,18200164.00
2019/06/24,15.51,15.66,15.51,15.60,670848,9529070.00
2019/06/25,15.57,15.63,15.30,15.41,584900,8220213.00
2019/06/26,15.28,15.48,15.28,15.37,538900,7548421.50
2019/06/27,15.34,15.55,15.34,15.42,567564,7969865.00
2019/06/28,15.43,15.46,15.14,15.23,634500,8793839.00
2019/07/01,15.39,15.58,15.39,15.55,1072837,15162287.00
2019/07/02,15.58,15.67,15.49,15.61,1108693,15761291.00
2019/07/03,15.53,15.65,15.41,15.50,674300,9532078.00
2019/07/04,15.48,15.56,15.38,15.52,659500,9284947.00
2019/07/05,15.57,15.58,15.46,15.53,528400,7476817.00
2019/07/08,15.55,15.55,14.90,14.97,1018151,13951314.00
2019/07/09,14.89,15.17,14.89,15.10,503400,6879407.00
2019/07/10,15.10,15.18,14.98,15.08,327900,4483957.00
2019/07/11,15.09,15.16,15.00,15.04,419600,5755943.00
2019/07/12,15.04,15.18,15.03,15.10,322763,4431615.00
2019/07/15,15.06,15.24,14.93,15.11,633058,8671118.00
2019/07/16,15.11,15.28,15.11,15.27,558421,7701225.50
2019/07/17,15.27,15.61,15.15,15.59,969173,13549286.00
2019/07/18,15.40,15.49,15.17,15.19,970295,13474915.00
2019/07/19,15.19,15.31,15.18,15.21,663735,9199550.00
2019/07/22,15.14,15.22,14.70,14.74,689831,9287453.00
2019/07/23,14.84,15.22,14.75,15.06,779000,10579250.00
2019/07/24,14.94,15.16,14.94,15.07,658617,9013422.00
2019/07/25,15.03,15.35,15.03,15.28,857147,11874728.00
2019/07/26,15.18,15.34,15.06,15.24,632281,8744133.00
2019/07/29,15.16,15.43,15.16,15.40,971664,13571574.00
2019/07/30,15.44,15.46,15.23,15.32,726564,10129170.00
2019/07/31,15.21,15.28,15.10,15.13,660167,9124788.00
2019/08/01,15.04,15.16,15.04,15.07,554796,7605435.50
2019/08/02,14.91,14.99,14.78,14.78,747264,10081600.00
2019/08/05,14.78,14.97,14.75,14.77,391919,5276842.00
2019/08/06,14.65,14.68,14.18,14.40,1115587,14519613.00
2019/08/07,14.43,14.52,14.32,14.33,307000,3996963.00
2019/08/08,14.33,14.53,14.32,14.36,305424,3970587.50
2019/08/09,14.41,14.47,14.23,14.31,380800,4933845.00
2019/08/12,14.31,14.51,14.31,14.51,385080,5025894.50
2019/08/13,14.43,14.53,14.28,14.50,397938,5190830.50
2019/08/14,14.70,14.70,14.50,14.50,366371,4845103.50
2019/08/15,14.25,14.51,14.10,14.49,504031,6539373.00
2019/08/16,14.52,14.61,14.42,14.55,353500,4652910.00
2019/08/19,14.59,14.86,14.58,14.84,572966,7670495.50
2019/08/20,14.88,14.96,14.79,14.84,527856,7110411.50
2019/08/21,14.83,14.88,14.70,14.77,467700,6273021.00
2019/08/22,14.73,14.92,14.73,14.82,505600,6799249.00
2019/08/23,14.91,14.92,14.78,14.83,454657,6124587.50
2019/08/26,14.53,14.77,14.50,14.61,523854,6915666.50
2019/08/27,14.64,14.89,14.58,14.86,631913,8482232.00
2019/08/28,14.86,14.92,14.79,14.84,407302,5486887.00
2019/08/29,14.95,14.96,14.77,14.83,485600,6540853.00
2019/08/30,14.88,15.00,14.54,14.76,1015000,13715196.00
2019/09/02,14.76,14.99,14.56,14.97,765100,10355140.00
2019/09/03,15.06,15.23,15.01,15.23,978103,13454414.00
2019/09/04,15.14,15.46,15.11,15.24,1021670,14212205.00
2019/09/05,15.40,15.65,15.25,15.48,1951200,27588876.00
2019/09/06,15.60,15.60,15.41,15.51,870181,12273583.00
2019/09/09,15.57,15.86,15.57,15.79,1687670,24233812.00
2019/09/10,15.81,15.88,15.57,15.76,951270,13596918.00
2019/09/11,15.91,15.91,15.59,15.60,751693,10758065.00
2019/09/12,15.60,15.87,15.60,15.73,948473,13666195.00
2019/09/16,15.96,15.96,15.73,15.82,901171,13055116.00
2019/09/17,15.85,15.85,15.33,15.37,1003884,14220043.00
2019/09/18,15.41,15.56,15.34,15.40,665834,9368429.00
2019/09/19,15.76,15.76,15.43,15.60,660402,9343573.00
2019/09/20,15.46,15.84,15.46,15.77,1130134,16231504.00
2019/09/23,15.67,15.77,15.53,15.71,818700,11673160.00
2019/09/24,15.58,16.03,15.58,15.99,1977091,28696440.00
2019/09/25,15.92,15.99,15.68,15.74,1577934,22700614.00
2019/09/26,15.74,15.84,15.09,15.49,1679499,23566762.00
2019/09/27,15.41,15.55,15.16,15.30,1650501,22927816.00
2019/09/30,15.11,16.33,15.11,15.33,2649253,37280000.00
2019/10/08,15.35,15.48,15.16,15.27,1146994,15941829.00
2019/10/09,15.22,15.36,15.09,15.29,875544,12126206.00
2019/10/10,15.29,15.39,15.23,15.35,928329,12939422.00
2019/10/11,15.40,15.45,15.20,15.34,711024,9912639.00
2019/10/14,15.36,15.65,15.35,15.62,1444709,20473620.00
2019/10/15,15.97,16.53,15.77,16.38,6096312,90790584.00
2019/10/16,16.26,16.37,16.07,16.29,3359227,49834204.00
2019/10/17,16.33,16.79,16.20,16.68,4505353,68445080.00
2019/10/18,16.68,16.70,16.34,16.36,3304338,50001996.00
2019/10/21,16.26,16.70,16.09,16.70,3127276,47072500.00
2019/10/22,16.74,17.08,16.39,16.55,3297242,50353276.00
2019/10/23,16.49,16.58,16.30,16.31,1989090,29849376.00
2019/10/24,16.08,16.22,15.96,16.04,1863868,27382448.00
2019/10/25,16.06,16.21,15.93,16.11,1529135,22401768.00
2019/10/28,16.11,16.31,15.99,16.28,1443199,21393262.00
2019/10/29,16.28,16.39,15.94,15.94,1652100,24346784.00
2019/10/30,15.98,16.87,15.98,16.55,4544674,68716912.00
2019/10/31,16.41,16.70,16.38,16.59,3087653,46878712.00
2019/11/01,16.59,16.87,16.40,16.79,2982826,45626748.00
2019/11/04,16.78,16.83,16.54,16.65,2571100,39283972.00
2019/11/05,16.67,16.69,16.36,16.56,1958242,29553528.00
2019/11/06,16.41,16.73,16.41,16.54,1880242,28577278.00
2019/11/07,16.49,17.15,16.44,17.11,4543534,70609136.00
2019/11/08,17.18,17.18,16.83,17.04,3806701,59556068.00
2019/11/11,16.97,16.97,16.26,16.26,2709107,41207464.00
2019/11/12,16.38,16.53,16.20,16.53,1609571,24137926.00
2019/11/13,16.41,16.57,16.19,16.35,1225400,18384446.00
2019/11/14,16.29,16.86,16.26,16.83,2254900,34372792.00
2019/11/15,16.73,16.93,16.62,16.63,1863435,28702396.00
2019/11/18,16.65,16.83,16.39,16.45,1723699,26256806.00
2019/11/19,16.47,17.07,16.35,17.03,2730764,42365972.00
2019/11/20,17.11,17.11,16.69,16.80,2077700,32104082.00
2019/11/21,16.71,17.13,16.60,17.13,2294090,35683624.00
2019/11/22,17.13,17.18,16.56,16.64,2924628,45231288.00
2019/11/25,16.60,16.76,16.08,16.21,2195700,32875096.00
2019/11/26,16.26,16.32,16.03,16.18,994577,14669282.00
2019/11/27,16.17,16.34,16.06,16.23,947725,14059931.00
2019/11/28,16.14,16.26,15.83,15.88,1402812,20513096.00
2019/11/29,15.88,16.08,15.80,15.91,986100,14337945.00
2019/12/02,15.96,16.14,15.93,16.01,769499,11266313.00
2019/12/03,15.98,16.26,15.83,16.24,924274,13576987.00
2019/12/04,16.19,16.26,16.04,16.18,665500,9829198.00
2019/12/05,16.08,16.38,16.00,16.32,1202200,17940172.00
2019/12/06,16.32,16.53,16.22,16.49,1460835,21895026.00
2019/12/09,16.53,16.67,16.49,16.57,1560135,23706376.00
2019/12/10,16.57,16.65,16.30,16.62,1531200,23116852.00
2019/12/11,16.67,16.69,16.52,16.56,1223264,18629304.00
2019/12/12,16.53,16.87,16.49,16.86,1974206,30315996.00
2019/12/13,16.73,16.98,16.70,16.83,1582806,24356940.00
2019/12/16,16.96,17.72,16.78,17.41,4092267,64571976.00
2019/12/17,17.37,17.53,17.23,17.41,2883582,46041624.00
2019/12/18,17.33,17.69,17.28,17.67,3194805,51637704.00
2019/12/19,17.67,17.82,17.44,17.57,2414793,39126696.00
2019/12/20,17.53,17.83,17.34,17.73,3465779,56299848.00
2019/12/23,17.65,17.65,17.20,17.23,2204734,35305064.00
2019/12/24,17.30,17.61,17.26,17.48,2019868,32471022.00
2019/12/25,17.47,18.17,17.44,17.94,4015597,66545384.00
2019/12/26,17.92,18.04,17.73,18.04,2176380,35852960.00
2019/12/27,18.04,18.14,17.63,17.68,2173268,35709596.00
2019/12/30,17.47,17.66,17.29,17.61,1521470,24532484.00
2019/12/31,17.56,17.76,17.49,17.70,1063786,17292178.00
2020/01/02,17.73,17.99,17.64,17.72,2801332,46004948.00
2020/01/03,17.74,18.18,17.69,17.79,2723629,44931272.00
2020/01/06,17.59,18.03,17.50,17.81,2309000,38066268.00
2020/01/07,17.81,18.33,17.81,18.33,3886873,65383668.00
2020/01/08,18.24,18.24,17.62,17.69,3564848,59011248.00
2020/01/09,17.85,18.02,17.73,17.79,2099322,34557136.00
2020/01/10,18.48,19.43,18.39,19.43,5093600,89808872.00
2020/01/13,19.88,20.48,19.53,19.76,12788887,236299168.00
2020/01/14,19.64,20.23,19.51,19.84,8369122,154707536.00
2020/01/15,19.64,19.80,19.33,19.57,5072446,92141848.00
2020/01/16,19.63,19.63,18.99,19.20,4492958,80251760.00
2020/01/17,19.30,19.40,19.08,19.14,2459748,43858368.00
2020/01/20,19.14,19.75,19.02,19.71,4051398,73186968.00
2020/01/21,19.58,19.62,18.99,19.04,3499400,62429992.00
2020/01/22,18.93,19.23,18.57,19.10,2834025,49585960.00
2020/01/23,18.86,19.26,18.25,18.39,3314368,57452988.00
2020/02/03,16.69,16.69,16.69,16.69,370800,5676948.00
2020/02/04,15.16,16.42,15.16,16.12,4821025,70307384.00
2020/02/05,16.12,16.68,16.12,16.33,3990473,59834268.00
2020/02/06,16.39,16.76,16.20,16.61,3600349,54458740.00
2020/02/07,16.58,16.92,16.38,16.92,3557653,54327784.00
2020/02/10,16.78,17.10,16.68,17.09,2811018,43699908.00
2020/02/11,17.08,17.08,16.74,16.83,2770100,42915064.00
2020/02/12,16.94,17.33,16.83,17.28,3759621,59176624.00
2020/02/13,17.21,17.28,16.81,16.85,2997885,46890640.00
2020/02/14,16.85,17.38,16.75,16.96,3504645,55040864.00
2020/02/17,16.96,17.62,16.94,17.60,4296806,68701600.00
2020/02/18,17.74,18.35,17.60,18.17,5023689,83436712.00
2020/02/19,18.34,18.80,18.14,18.14,5847700,99695896.00
2020/02/20,18.18,18.55,18.11,18.51,3958725,67371360.00
2020/02/21,18.66,18.74,18.31,18.55,4306898,73930584.00
2020/02/24,18.44,18.93,18.33,18.77,4606109,79587352.00
2020/02/25,18.22,18.60,17.61,18.52,4872121,82234280.00
2020/02/26,18.29,18.44,17.89,18.04,3749221,62913212.00
2020/02/27,18.13,18.22,17.65,17.83,2547137,42054320.00
2020/02/28,17.40,17.58,16.86,16.88,3715494,58779376.00
2020/03/02,17.14,17.43,16.99,17.28,2977964,47170872.00
2020/03/03,17.48,17.89,17.25,17.35,3477364,56336904.00
2020/03/04,17.37,17.55,17.21,17.53,2343344,37630188.00
2020/03/05,17.70,17.82,17.54,17.81,2827164,46104156.00
2020/03/06,17.68,18.15,17.58,18.01,3099926,51329992.00
2020/03/09,17.72,17.97,17.39,17.44,2576200,42008704.00
2020/03/10,17.18,17.76,16.94,17.76,3108111,49846344.00
2020/03/11,17.75,18.11,17.68,17.89,3303304,54692188.00
2020/03/12,17.58,17.78,17.18,17.39,2325763,37431540.00
2020/03/13,16.58,17.16,16.54,16.98,2551500,39453120.00
2020/03/16,17.15,17.15,16.26,16.26,2397962,36776892.00
2020/03/17,16.58,16.58,15.76,16.47,1879723,27804788.00
2020/03/18,16.56,16.96,16.43,16.45,2049098,31455112.00
2020/03/19,16.34,16.77,16.03,16.77,1606001,24433630.00
2020/03/20,16.87,17.10,16.79,17.07,1864161,28987432.00
2020/03/23,16.74,16.98,16.58,16.66,1326900,20427416.00
2020/03/24,16.88,17.06,16.64,16.98,1598262,24774676.00
2020/03/25,17.23,17.32,17.00,17.12,1562000,24575386.00
2020/03/26,17.11,17.16,16.88,16.89,1120760,17572970.00
2020/03/27,17.00,17.09,16.83,16.88,997801,15561311.00
2020/03/30,16.78,16.78,16.19,16.38,1444272,21686402.00
2020/03/31,16.48,16.56,16.26,16.26,969980,14525184.00
2020/04/01,16.24,16.54,16.22,16.27,1053473,15816666.00
2020/04/02,16.20,16.68,16.20,16.68,1019760,15388748.00
2020/04/03,16.64,16.97,16.60,16.85,1239800,19127476.00
2020/04/07,17.08,17.15,16.87,17.06,1439471,22529384.00
2020/04/08,17.02,17.25,16.92,17.25,1356236,21376920.00
2020/04/09,17.28,17.31,17.13,17.16,1015622,16064117.00
2020/04/10,16.98,17.11,16.57,16.66,1688773,25977358.00
2020/04/13,16.53,16.64,16.30,16.54,1021350,15387384.00
2020/04/14,16.54,16.68,16.54,16.67,862250,13133136.00
2020/04/15,16.73,16.75,16.49,16.50,791400,12074622.00
2020/04/16,16.50,16.72,16.41,16.65,860682,13110350.00
2020/04/17,16.64,16.89,16.63,16.78,1056700,16282191.00
2020/04/20,16.79,17.07,16.70,17.04,1410300,21983644.00
2020/04/21,17.04,17.07,16.86,16.96,1096400,17072892.00
2020/04/22,16.91,17.12,16.85,17.10,854964,13395751.00
2020/04/23,17.15,17.21,16.81,16.86,1045682,16265559.00
2020/04/24,16.87,16.88,16.44,16.57,1082857,16529688.00
2020/04/27,16.37,16.75,15.58,15.66,2864063,41713836.00
2020/04/28,15.68,15.73,14.91,15.17,1768728,24440912.00
2020/04/29,15.14,15.37,15.01,15.11,1030743,14198696.00
2020/04/30,15.13,15.50,15.13,15.46,886273,12388166.00
2020/05/06,15.34,15.65,15.24,15.60,846443,11940122.00
2020/05/07,15.67,15.67,15.39,15.43,883143,12441505.00
2020/05/08,15.44,15.63,15.44,15.56,925873,13105957.00
2020/05/11,15.56,15.61,15.48,15.54,865500,12270075.00
2020/05/12,15.57,15.57,15.25,15.39,654700,9169654.00
2020/05/13,15.36,15.52,15.30,15.49,893966,12579219.00
2020/05/14,15.49,15.59,15.39,15.50,905815,12795704.00
2020/05/15,15.53,15.55,15.39,15.42,735600,10376890.00
2020/05/18,15.46,15.48,15.30,15.37,768100,10759387.00
2020/05/19,15.40,15.55,15.35,15.55,1062912,14960001.00
2020/05/20,15.55,15.62,15.38,15.50,850000,12013411.00
2020/05/21,15.50,15.63,15.35,15.39,1016866,14346832.00
2020/05/22,15.38,15.47,15.21,15.41,641600,8962205.00
2020/05/25,15.41,15.52,15.35,15.49,601200,8461690.00
2020/05/26,15.53,15.83,15.52,15.76,1823664,26091290.00
2020/05/27,15.75,16.02,15.68,15.78,1575234,22802258.00
2020/05/28,15.72,15.96,15.69,15.96,1297871,18747214.00
2020/05/29,15.93,15.93,15.69,15.79,1349643,19432630.00
2020/06/01,15.86,16.05,15.73,16.01,1676471,23920292.00
2020/06/02,16.04,16.24,16.01,16.13,1694764,24505962.00
2020/06/03,16.24,16.24,15.98,16.04,1356432,19530526.00
2020/06/04,16.08,16.11,15.90,15.99,1001630,14344142.00
2020/06/05,15.99,16.08,15.92,16.02,764000,10938906.00
2020/06/08,16.07,16.16,15.96,15.97,1017800,14635671.00
2020/06/09,15.98,16.06,15.84,15.92,793500,11280273.00
2020/06/10,15.85,15.88,15.75,15.80,648439,9160892.00
2020/06/11,15.89,16.14,15.80,15.92,1389239,19807522.00
2020/06/12,15.69,15.86,15.60,15.72,1203143,16857710.00
2020/06/15,15.79,15.93,15.66,15.76,1465982,20751254.00
2020/06/16,15.76,15.98,15.76,15.95,898700,12777201.00
2020/06/17,15.97,16.13,15.86,16.13,1663141,23850400.00
2020/06/18,16.08,16.17,15.91,15.94,1238449,17721254.00
2020/06/19,15.93,16.03,15.90,15.96,1003661,14334963.00
2020/06/22,15.96,16.06,15.93,16.03,1051733,15060147.00
2020/06/23,16.04,16.04,15.82,15.86,1069398,15202583.00
2020/06/24,15.93,15.95,15.73,15.77,1025600,14478771.00
2020/06/29,15.77,15.77,15.48,15.58,929585,12930006.00
2020/06/30,15.62,15.83,15.62,15.82,1010864,14227022.00
2020/07/01,15.80,15.86,15.63,15.76,1246000,17523106.00
2020/07/02,15.80,15.99,15.70,15.97,1410345,20079760.00
2020/07/03,16.13,16.23,16.01,16.19,2143921,30956234.00
2020/07/06,16.29,16.86,16.29,16.80,3342537,49968848.00
2020/07/07,17.07,17.07,16.68,16.81,3488070,52975352.00
2020/07/08,16.72,17.05,16.63,16.99,2301794,34969140.00
2020/07/09,17.14,17.88,17.14,17.81,4495176,71420272.00
2020/07/10,17.71,17.93,17.37,17.46,3387483,54193564.00
2020/07/13,17.52,18.14,17.51,17.98,3244542,52670536.00
2020/07/14,17.93,18.07,17.56,17.83,2535142,40814040.00
2020/07/15,17.83,17.98,17.31,17.47,2453052,38982332.00
2020/07/16,17.31,17.63,16.89,16.99,2204713,34476352.00
2020/07/17,17.21,17.25,16.81,17.13,1542902,23652882.00
2020/07/20,17.15,18.41,17.15,18.26,4552901,74305576.00
2020/07/21,18.18,18.78,18.15,18.30,4477405,75002392.00
2020/07/22,18.20,18.38,17.94,18.04,2727200,44928180.00
2020/07/23,18.00,18.18,17.74,18.04,2380225,38713808.00
2020/07/24,18.01,18.10,17.44,17.66,2330829,37497324.00
2020/07/27,17.59,17.66,17.18,17.44,1810500,28482976.00
2020/07/28,17.59,18.05,17.49,17.79,1914712,30892484.00
2020/07/29,17.77,18.07,17.61,18.07,1670115,27100836.00
2020/07/30,18.19,18.57,17.89,17.92,2872300,47501536.00
2020/07/31,18.08,18.38,17.90,18.24,2077272,34234260.00
2020/08/03,18.30,18.61,18.28,18.44,2092630,35116860.00
2020/08/04,18.51,18.57,18.07,18.11,1512180,24996728.00
2020/08/05,18.17,18.56,17.95,18.49,2591723,43284992.00
2020/08/06,18.49,18.56,18.01,18.31,2249000,37290800.00
2020/08/07,18.18,18.35,17.71,17.83,2523501,41025192.00
2020/08/10,18.03,18.85,18.00,18.33,4411891,73876152.00
2020/08/11,18.31,18.42,17.60,17.66,3581161,58263836.00
2020/08/12,17.67,17.76,17.18,17.58,2404928,37809016.00
2020/08/13,17.63,17.98,17.49,17.73,1615700,26009600.00
2020/08/14,17.82,17.93,17.55,17.88,1229568,19760968.00
2020/08/17,17.93,18.24,17.78,18.11,1770413,28969072.00
2020/08/18,18.32,18.32,17.96,18.08,1675349,27434632.00
2020/08/19,18.13,18.13,17.78,17.79,1972000,32020664.00
2020/08/20,17.76,18.05,17.64,17.79,1165900,18823260.00
2020/08/21,17.83,18.00,17.70,17.78,938286,15171130.00
2020/08/24,17.84,18.53,17.61,18.40,3983916,66114076.00
2020/08/25,18.41,18.84,18.28,18.55,3770178,63801584.00
2020/08/26,18.62,18.76,18.08,18.20,2739812,45802428.00
2020/08/27,18.10,18.93,18.10,18.72,3313730,56157328.00
2020/08/28,18.71,19.34,18.52,19.08,5232800,90533312.00
2020/08/31,19.12,19.43,18.61,18.61,5193750,89478752.00
2020/09/01,18.69,18.92,18.38,18.71,3518200,59716748.00
2020/09/02,18.88,19.95,18.88,19.57,8447499,149625152.00
2020/09/03,19.45,19.98,19.10,19.23,5731923,101656512.00
2020/09/04,18.90,19.89,18.86,19.67,5985700,106564512.00
2020/09/07,19.69,23.17,19.69,22.64,17689281,353522656.00
2020/09/08,21.88,22.34,21.21,22.09,12762099,256300352.00
2020/09/09,21.56,21.96,20.04,20.33,11058993,216127952.00
2020/09/10,20.43,20.51,17.99,18.40,9784564,172194272.00
2020/09/11,17.96,18.88,17.96,18.65,5045185,85169032.00
2020/09/14,18.77,20.16,18.66,19.83,7964583,142579552.00
2020/09/15,19.64,20.02,19.37,19.63,4630148,82823064.00
2020/09/16,19.43,19.58,18.96,19.05,3925449,68823104.00
2020/09/17,19.27,19.42,18.86,19.14,3881941,67688768.00
2020/09/18,19.18,19.33,18.61,19.10,3888757,67090192.00
2020/09/21,19.08,19.27,18.91,19.07,2833712,49438260.00
2020/09/22,18.87,18.92,18.50,18.60,2599964,44270768.00
2020/09/23,18.82,19.30,18.68,19.21,3311884,57446976.00
2020/09/24,19.18,19.18,18.26,18.27,3985077,67141168.00
2020/09/25,18.33,18.60,17.98,18.47,2851573,47598124.00
2020/09/28,18.37,18.55,18.12,18.16,1433140,23754836.00
2020/09/29,18.27,18.56,18.20,18.34,1519724,25397740.00
2020/09/30,18.31,18.62,18.24,18.39,1703210,28539642.00
2020/10/09,18.61,19.05,18.61,18.98,2338568,40230984.00
2020/10/12,19.03,19.80,18.99,19.69,4409604,78400648.00
2020/10/13,19.59,20.47,19.48,20.30,5205000,96095608.00
2020/10/14,20.26,20.61,20.04,20.15,5508540,102673416.00
2020/10/15,20.38,20.64,19.99,20.33,3698401,69272400.00
2020/10/16,20.37,20.83,20.09,20.58,3411938,64353704.00
2020/10/19,20.58,21.13,20.18,20.32,4105812,78210000.00
2020/10/20,20.46,20.83,20.18,20.78,3865853,73156808.00
2020/10/21,20.77,20.91,20.38,20.85,3145964,59746972.00
2020/10/22,20.94,21.33,20.26,21.10,4560800,87792248.00
2020/10/23,21.26,21.94,20.83,21.45,5881779,116537128.00
2020/10/26,21.57,21.86,20.88,21.16,4320432,84381976.00
2020/10/27,21.04,21.12,20.36,20.61,4380338,83117584.00
2020/10/28,20.59,21.85,20.54,21.48,5254715,102775480.00
2020/10/29,20.97,21.25,20.64,21.15,3962315,76354464.00
2020/10/30,21.17,21.65,20.28,20.36,4443023,85746376.00
2020/11/02,20.58,21.38,20.48,20.87,4133621,79252040.00
2020/11/03,21.18,22.22,20.79,21.76,7604600,151549808.00
2020/11/04,21.93,22.26,21.38,21.60,6393702,128028136.00
2020/11/05,21.98,22.18,21.23,21.72,5859881,116250440.00
2020/11/06,21.70,21.77,20.18,20.39,6293604,120185528.00
2020/11/09,20.53,24.13,20.48,22.78,17573200,367624288.00
2020/11/10,22.28,22.60,21.53,21.70,12079083,245542944.00
2020/11/11,21.51,22.16,21.23,21.91,8068938,161979680.00
2020/11/12,21.72,21.88,20.60,21.15,7573256,146797968.00
2020/11/13,21.14,21.15,20.53,20.89,4224802,80382400.00
2020/11/16,21.10,21.11,20.36,20.52,3607602,68117816.00
2020/11/17,20.39,20.40,19.59,19.80,4871964,88883488.00
2020/11/18,19.78,20.07,19.62,19.98,2669900,48519444.00
2020/11/19,19.96,20.25,19.70,20.08,2356500,43208276.00
2020/11/20,20.03,20.10,19.62,19.77,2406000,43597944.00
2020/11/23,19.74,20.00,19.28,19.95,3186107,57118404.00
2020/11/24,19.81,20.07,19.68,19.87,2310695,42168896.00
2020/11/25,19.88,20.02,19.36,19.37,1948800,34987964.00
2020/11/26,19.38,19.49,18.97,19.20,2095079,36785260.00
2020/11/27,19.21,19.35,18.68,18.98,2239994,38832656.00
2020/11/30,18.97,19.21,18.81,18.84,1775800,30841380.00
2020/12/01,18.83,19.18,18.78,19.16,1444900,25142768.00
2020/12/02,19.16,19.77,19.08,19.58,2977458,52787968.00
2020/12/03,19.63,19.70,19.29,19.34,1838600,32640700.00
2020/12/04,19.27,19.80,19.26,19.61,2097410,37613684.00
2020/12/07,19.78,19.79,19.35,19.35,1377700,24493460.00
2020/12/08,19.34,19.53,18.97,18.98,1746815,30498676.00
2020/12/09,18.98,19.23,18.50,18.55,1827400,31403960.00
2020/12/10,18.50,18.74,18.39,18.66,1024500,17337394.00
2020/12/11,18.61,18.79,17.90,18.08,2448964,40415048.00
2020/12/14,18.19,18.28,17.88,18.28,1197751,19735878.00
2020/12/15,18.28,18.36,18.07,18.17,885178,14590615.00
2020/12/16,18.26,18.26,17.58,17.63,1668400,26980212.00
2020/12/17,17.68,18.11,17.18,18.06,2339641,37470040.00
2020/12/18,18.08,18.08,17.68,17.77,1521342,24576464.00
2020/12/21,17.69,18.09,17.48,17.91,1477643,23958428.00
2020/12/22,17.75,18.04,17.53,17.58,1321800,21244054.00
2020/12/23,17.64,17.80,17.54,17.59,954264,15250857.00
2020/12/24,17.56,17.56,16.93,16.96,1812228,28021848.00
2020/12/25,16.90,17.32,16.77,17.25,1296000,20040148.00
2020/12/28,17.18,17.19,16.74,16.76,1389330,21109166.00
2020/12/29,16.98,17.13,16.59,16.94,1032041,15783869.00
2020/12/30,16.94,17.16,16.76,17.05,1002800,15347351.00
2020/12/31,17.03,17.46,16.98,17.43,1298417,20303106.00
2021/01/04,17.48,17.70,17.33,17.64,1516700,24116288.00
2021/01/05,17.49,17.83,17.46,17.73,1619640,25942748.00
2021/01/06,17.83,17.86,17.17,17.20,1567966,24578104.00
2021/01/07,17.20,17.24,16.18,16.31,2565447,38246700.00
2021/01/08,16.37,16.73,16.10,16.50,1386462,20535962.00
2021/01/11,16.50,16.61,16.02,16.05,1544337,22536588.00
2021/01/12,16.27,16.47,15.94,16.08,1406800,20367310.00
2021/01/13,16.09,16.39,15.47,16.12,2652919,37710452.00
2021/01/14,16.03,16.60,15.68,16.41,1529000,22505232.00
2021/01/15,16.27,16.78,16.27,16.77,1536566,22913114.00
2021/01/18,16.70,17.08,16.68,16.78,1462713,22232210.00
2021/01/19,16.78,17.03,16.66,16.92,1380400,20981582.00
2021/01/20,17.11,17.11,16.74,16.84,987900,14960697.00
2021/01/21,16.83,17.00,16.62,16.86,1104492,16762579.00
2021/01/22,16.70,16.84,16.40,16.51,1278973,18990648.00
2021/01/25,16.34,16.67,16.18,16.21,1131700,16568663.00
2021/01/26,16.20,16.60,16.10,16.25,859175,12625195.00
2021/01/27,16.18,16.44,16.00,16.40,812164,11826991.00
2021/01/28,16.23,16.48,16.12,16.15,861800,12606078.00
2021/01/29,16.38,16.38,15.55,15.74,1356930,19181268.00
2021/02/01,16.09,16.09,15.68,15.83,721351,10199982.00
2021/02/02,15.89,16.13,15.69,15.82,800600,11363101.00
2021/02/03,15.92,16.05,15.54,15.71,1239900,17513912.00
2021/02/04,15.73,15.73,15.33,15.47,967364,13346456.00
2021/02/05,15.42,15.89,15.41,15.75,1197800,16799776.00
2021/02/08,15.95,15.95,15.48,15.50,869300,12104938.00
2021/02/09,15.56,15.70,15.40,15.65,913700,12667276.00
2021/02/10,15.68,15.76,15.59,15.68,821464,11504278.00
2021/02/18,15.80,16.51,15.80,16.51,2051773,29776438.00
2021/02/19,16.37,16.76,16.31,16.68,1554122,23128422.00
2021/02/22,16.74,16.99,16.56,16.65,1928400,29150454.00
2021/02/23,16.68,16.88,16.44,16.75,1293400,19337476.00
2021/02/24,16.77,17.04,16.68,16.98,1900300,28906558.00
2021/02/25,17.13,17.13,16.50,16.54,1397800,21011356.00
2021/02/26,16.51,16.75,16.44,16.61,1368000,20515548.00
2021/03/01,16.97,16.97,16.63,16.89,1018628,15392367.00
2021/03/02,16.99,16.99,16.65,16.77,1026300,15494599.00
2021/03/03,16.78,16.93,16.60,16.86,1043642,15787270.00
2021/03/04,16.79,17.18,16.76,16.89,1587050,24264248.00
2021/03/05,17.01,17.39,16.85,17.21,2158704,33471130.00
2021/03/08,17.21,17.37,17.08,17.23,1829600,28411116.00
2021/03/09,17.23,17.26,16.40,16.64,1634591,24588904.00
2021/03/10,16.87,16.91,16.34,16.36,951404,14181095.00
2021/03/11,16.43,16.77,16.27,16.77,971664,14475822.00
2021/03/12,16.70,16.74,16.53,16.55,890802,13302016.00
2021/03/15,16.57,16.64,16.41,16.48,671200,9959178.00
2021/03/16,16.60,16.87,16.53,16.87,1091700,16402779.00
2021/03/17,16.86,17.33,16.78,17.15,2253932,34792200.00
2021/03/18,17.14,17.28,16.86,16.88,1510000,23104812.00
2021/03/19,16.82,17.08,16.74,16.90,895800,13670851.00
2021/03/22,16.82,17.23,16.82,17.14,1160044,17864950.00
2021/03/23,17.10,17.23,16.90,17.05,858800,13169593.00
2021/03/24,16.97,17.05,16.77,16.79,821400,12502836.00
2021/03/25,16.79,17.06,16.76,16.85,1020600,15557886.00
2021/03/26,17.14,17.14,16.88,16.96,907100,13882717.00
2021/03/29,16.98,17.11,16.89,16.99,783200,12010292.00
2021/03/30,16.94,16.94,16.48,16.49,1522700,22767908.00
2021/03/31,16.48,16.58,16.33,16.52,845164,12491780.00
2021/04/01,16.57,16.64,16.39,16.48,722800,10684936.00
2021/04/02,16.57,17.12,16.48,17.07,1832328,27719194.00
2021/04/06,17.02,17.02,16.70,16.95,1616628,24541200.00
2021/04/07,16.90,17.32,16.78,17.26,1972862,30431946.00
2021/04/08,17.28,17.61,17.13,17.14,2260100,35377248.00
2021/04/09,17.09,17.43,17.00,17.30,1537400,23913048.00
2021/04/12,17.19,17.46,17.01,17.21,1553623,24140288.00
2021/04/13,17.22,17.88,17.11,17.66,4072728,64886632.00
2021/04/14,17.72,17.96,17.41,17.77,2793634,44810472.00
2021/04/15,17.66,17.80,17.24,17.51,2469351,38847948.00
2021/04/16,17.46,17.87,17.41,17.82,2213100,35323580.00
2021/04/19,17.72,17.75,17.58,17.62,2630600,41968924.00
2021/04/20,17.60,17.60,17.26,17.26,2120100,33345950.00
2021/04/21,17.22,17.63,17.17,17.38,1484575,23308932.00
2021/04/22,17.41,17.48,17.18,17.21,1348000,21028976.00
2021/04/23,17.21,17.27,16.70,16.75,2398440,36421924.00
2021/04/26,16.77,16.98,16.74,16.75,843644,12800512.00
2021/04/27,16.81,16.81,16.43,16.59,1029550,15316206.00
2021/04/28,16.56,16.64,16.45,16.58,645100,9594112.00
2021/04/29,16.61,16.88,16.58,16.82,829534,12524409.00
2021/04/30,16.84,16.86,16.29,16.37,1408000,20886446.00
2021/05/06,16.37,16.56,16.31,16.49,556250,8219808.50
2021/05/07,16.52,16.62,16.42,16.47,614300,9111725.00
2021/05/10,16.44,16.56,16.39,16.50,531800,7865069.00
2021/05/11,16.53,16.81,16.38,16.77,825484,12373147.00
2021/05/12,16.81,16.83,16.64,16.83,655484,9874886.00
2021/05/13,16.83,16.87,16.66,16.75,625264,9438255.00
2021/05/14,16.75,16.97,16.75,16.93,779166,11855527.00
2021/05/17,16.98,17.06,16.73,16.97,831800,12657743.00
2021/05/18,16.96,17.23,16.79,17.17,1049000,16148998.00
2021/05/19,17.17,17.17,17.00,17.03,530343,8156059.50
2021/05/20,17.07,17.09,16.80,16.86,715150,10882282.00
2021/05/21,16.98,16.98,16.59,16.69,989684,14868257.00
2021/05/24,16.69,16.77,16.61,16.77,763300,11465383.00
2021/05/25,16.80,16.84,16.64,16.84,747539,11256504.00
2021/05/26,16.93,17.02,16.79,17.01,1128394,17176190.00
2021/05/27,17.00,17.24,16.94,17.16,1333992,20612074.00
2021/05/28,17.14,17.16,17.00,17.15,743399,11453936.00
2021/05/31,17.28,17.28,17.00,17.04,1306600,20156678.00
2021/06/01,16.90,17.26,16.89,17.24,1187979,18329144.00
2021/06/02,17.11,17.40,17.09,17.25,1089984,16978550.00
2021/06/03,17.46,17.52,17.27,17.28,1833900,28795368.00
2021/06/04,17.34,17.45,17.18,17.44,1249800,19586298.00
2021/06/07,17.48,17.68,17.36,17.56,1818764,28797602.00
2021/06/08,17.48,17.57,17.38,17.46,1249667,19698646.00
2021/06/09,17.46,17.62,17.34,17.55,2250343,35511760.00
2021/06/10,18.08,18.08,17.23,17.30,2997403,45534012.00
2021/06/11,17.20,17.40,17.19,17.19,1316382,19614914.00
2021/06/15,17.19,17.33,17.08,17.19,1241700,18411872.00
2021/06/16,17.19,17.49,17.14,17.25,1301000,19408278.00
2021/06/17,17.25,17.56,17.12,17.53,1972664,29628374.00
2021/06/18,17.53,17.58,17.31,17.54,1443000,21777468.00
2021/06/21,17.51,17.87,17.43,17.87,2333264,35767872.00
2021/06/22,17.87,18.00,17.71,17.89,1970064,30509856.00
2021/06/23,17.89,17.97,17.70,17.79,1721364,26546960.00
2021/06/24,17.72,17.84,17.61,17.65,1125536,17269326.00
2021/06/25,17.68,17.78,17.51,17.73,1097764,16750076.00
2021/06/28,17.73,18.48,17.70,18.28,4227200,66809044.00
2021/06/29,18.22,18.32,17.88,18.00,2022400,31725944.00
2021/06/30,18.00,18.40,18.00,18.25,2397128,37976064.00
2021/07/01,18.27,18.27,17.64,17.65,2477764,38291628.00
2021/07/02,17.59,17.90,17.57,17.78,1572600,24168296.00
2021/07/05,17.77,18.17,17.61,18.17,2068764,32336688.00
2021/07/06,18.19,18.28,17.96,18.16,1473100,23191540.00
2021/07/07,18.07,18.62,18.00,18.52,3311038,53201180.00
2021/07/08,18.52,18.62,18.26,18.38,2363700,37798144.00
2021/07/09,18.38,18.86,18.31,18.77,4140507,67276008.00
2021/07/12,18.83,18.87,18.53,18.71,3009703,48926776.00
2021/07/13,18.67,18.67,18.35,18.43,2754864,44262612.00
2021/07/14,18.58,18.64,18.29,18.40,2060300,33187070.00
2021/07/15,18.30,18.36,17.94,18.08,2686484,42130348.00
2021/07/16,18.01,18.16,17.98,17.99,1115871,17493054.00
2021/07/19,18.00,18.00,17.57,17.65,1933864,29607622.00
2021/07/20,17.52,17.88,17.43,17.86,1792371,27442840.00
2021/07/21,17.86,18.06,17.82,17.98,1657371,25804362.00
2021/07/22,17.97,18.48,17.88,18.40,3456864,54972528.00
2021/07/23,18.31,18.46,17.69,17.71,3373200,52663864.00
2021/07/26,17.75,17.95,17.48,17.94,2408164,36969920.00
2021/07/27,17.93,18.54,17.64,18.22,4768303,75536752.00
2021/07/28,18.12,18.12,16.76,17.13,3864500,57680144.00
2021/07/29,17.22,17.66,17.17,17.58,2237364,33669588.00
2021/07/30,17.63,18.73,17.44,18.58,6503543,103333840.00
2021/08/02,18.47,18.57,18.28,18.41,3765210,60329492.00
2021/08/03,18.30,18.75,18.21,18.33,2952511,47579764.00
2021/08/04,18.30,19.38,18.23,18.97,6367100,106110368.00
2021/08/05,18.82,19.04,18.63,18.87,3353500,55034368.00
2021/08/06,18.78,18.82,18.48,18.67,2005800,32591248.00
2021/08/09,18.63,18.80,18.38,18.80,2090800,33888508.00
2021/08/10,18.74,18.96,18.54,18.72,2720400,44548848.00
2021/08/11,18.68,19.20,18.55,19.18,4753502,79104592.00
2021/08/12,19.08,19.13,18.84,18.99,2782100,46187512.00
2021/08/13,18.89,18.98,18.60,18.71,2378600,38925920.00
2021/08/16,18.72,19.08,18.50,19.07,3260092,53765752.00
2021/08/17,18.98,19.06,18.20,18.26,3850158,62135448.00
2021/08/18,18.37,18.44,18.05,18.36,1934764,30741298.00
2021/08/19,18.18,18.58,18.09,18.25,1506400,23946166.00
2021/08/20,18.21,18.21,17.76,18.09,2042538,31844220.00
2021/08/23,18.09,18.86,18.09,18.82,3473600,56400596.00
2021/08/24,18.77,18.95,18.66,18.72,2092464,34336528.00
2021/08/25,18.74,18.88,18.65,18.83,1894000,31029602.00
2021/08/26,18.83,18.94,18.71,18.74,1980900,32585786.00
2021/08/27,18.68,18.69,18.07,18.22,2969628,47133028.00
2021/08/30,18.22,18.41,17.96,17.99,1730099,27335166.00
2021/08/31,18.11,18.19,17.77,17.96,1411764,21918578.00
2021/09/01,17.95,18.12,17.70,17.83,1450000,22421772.00
2021/09/02,17.83,18.00,17.72,18.00,1165912,18070826.00
2021/09/03,18.09,18.26,17.95,18.15,1270034,19988260.00
2021/09/06,18.14,18.44,17.97,18.41,1621000,25807246.00
2021/09/07,18.36,18.46,18.23,18.39,1039200,16592340.00
2021/09/08,18.39,18.63,18.33,18.50,1441379,23182578.00
2021/09/09,18.48,18.54,18.27,18.31,1087700,17393180.00
2021/09/10,18.33,18.84,18.22,18.67,2909943,47065180.00
2021/09/13,18.68,18.85,18.50,18.63,1753900,28495150.00
2021/09/14,18.62,19.03,18.53,18.68,3574200,58720344.00
2021/09/15,18.67,18.67,18.39,18.59,1838563,29647840.00
2021/09/16,18.54,18.92,18.38,18.44,2060200,33475876.00
2021/09/17,18.39,18.47,17.90,18.09,2345600,36848608.00
2021/09/22,17.93,18.03,17.76,17.82,1205100,18650714.00
2021/09/23,17.82,18.13,17.82,18.05,1257600,19656708.00
2021/09/24,18.00,18.08,17.33,17.39,2446649,37162136.00
2021/09/27,17.55,17.59,16.93,17.06,1636212,24203986.00
2021/09/28,16.95,17.19,16.95,17.17,676100,9958478.00
2021/09/29,17.07,17.14,16.79,16.81,789100,11481298.00
2021/09/30,17.07,17.07,16.84,16.92,701400,10226849.00
2021/10/08,17.01,17.36,16.97,17.29,744500,11042870.00
2021/10/11,17.31,17.35,17.16,17.24,550100,8179465.00
2021/10/12,17.24,17.36,16.88,16.93,737400,10780613.00
2021/10/13,16.95,17.10,16.83,17.09,563500,8220574.00
2021/10/14,17.09,17.14,16.95,17.11,662600,9715892.00
2021/10/15,16.99,17.21,16.99,17.06,603400,8889841.00
2021/10/18,16.92,17.02,16.88,17.01,396200,5779441.00
2021/10/19,17.01,17.12,16.93,17.05,493849,7250324.50
2021/10/20,17.08,17.09,16.47,16.48,1958324,28085196.00
2021/10/21,16.45,16.62,16.05,16.21,1733213,24054462.00
2021/10/22,16.22,16.43,16.13,16.26,700078,9745108.00
2021/10/25,16.18,16.48,16.13,16.36,507400,7103082.00
2021/10/26,16.37,16.46,16.12,16.13,731500,10147337.00
2021/10/27,16.13,16.13,15.70,15.77,829800,11173619.00
2021/10/28,15.83,15.88,15.55,15.66,681200,9070997.00
2021/10/29,15.91,16.23,15.68,16.15,1156800,15855265.00
2021/11/01,16.13,16.51,15.96,16.36,1114300,15477980.00
2021/11/02,16.36,16.43,15.95,16.10,791564,10944129.00
2021/11/03,16.09,16.34,16.08,16.30,407400,5652331.50
2021/11/04,16.31,16.56,16.25,16.43,714700,10064288.00
2021/11/05,16.53,16.56,16.38,16.45,827500,11660449.00
2021/11/08,16.54,16.54,16.31,16.38,460200,6439981.00
2021/11/09,16.53,16.76,16.38,16.69,776000,11055642.00
2021/11/10,16.69,16.83,16.56,16.78,663600,9506149.00
2021/11/11,16.77,16.93,16.68,16.85,916500,13254595.00
2021/11/12,16.89,16.93,16.79,16.91,823600,11925722.00
2021/11/15,16.86,17.27,16.78,17.16,1157600,17058808.00
2021/11/16,17.16,17.30,16.85,16.94,958200,14046968.00
2021/11/17,16.87,17.13,16.87,17.13,730400,10721207.00
2021/11/18,17.13,17.22,16.95,17.04,752535,11058769.00
2021/11/19,16.98,17.14,16.78,17.07,1120112,16361328.00
2021/11/22,17.06,17.13,16.90,17.04,694300,10150908.00
2021/11/23,17.04,17.22,16.91,17.21,1214800,17922530.00
2021/11/24,17.21,17.21,16.96,17.13,809000,11897826.00
2021/11/25,17.13,17.31,16.99,17.19,913671,13554098.00
2021/11/26,17.15,17.18,16.88,17.04,892700,13060690.00
2021/11/29,16.93,16.99,16.79,16.86,745400,10795805.00
2021/11/30,16.87,17.28,16.86,17.08,1162788,17133622.00
2021/12/01,17.08,17.37,17.08,17.36,1291900,19268572.00
2021/12/02,17.38,17.48,17.13,17.20,1275541,18981050.00
2021/12/03,17.36,17.36,17.16,17.35,823100,12263228.00
2021/12/06,17.27,17.31,16.75,16.77,1508700,21972072.00
2021/12/07,16.81,16.95,16.53,16.63,980934,13994634.00
2021/12/08,16.63,16.79,16.52,16.72,873900,12501913.00
2021/12/09,16.68,16.97,16.63,16.82,1097600,15858718.00
2021/12/10,16.77,17.04,16.77,16.97,938001,13655878.00
2021/12/13,16.88,17.23,16.88,17.12,991170,14581826.00
2021/12/14,17.14,17.25,17.02,17.18,913890,13503549.00
2021/12/15,17.19,17.33,17.16,17.23,932417,13845942.00
2021/12/16,17.21,17.40,17.16,17.37,1244584,18559316.00
2021/12/17,17.37,17.37,17.13,17.20,916601,13585429.00
2021/12/20,17.18,17.66,17.13,17.48,2830698,42785400.00
2021/12/21,17.39,17.62,17.33,17.52,1533398,23185404.00
2021/12/22,17.51,17.72,17.44,17.64,1494400,22764720.00
2021/12/23,17.66,17.66,17.23,17.25,1743500,26107910.00
2021/12/24,17.15,17.52,17.12,17.18,1276300,18984952.00
2021/12/27,17.19,17.42,17.00,17.32,1246900,18550872.00
2021/12/28,17.28,17.76,17.28,17.67,2012400,30672350.00
2021/12/29,17.68,17.68,17.46,17.55,1302200,19788952.00
2021/12/30,17.63,17.68,17.49,17.64,1254900,19113900.00
2021/12/31,17.55,17.68,17.49,17.57,1055100,16047319.00
2022/01/04,17.64,17.94,17.53,17.85,1858700,28700596.00
2022/01/05,17.80,17.88,17.51,17.72,1690900,25857160.00
2022/01/06,17.62,18.00,17.61,17.93,1521900,23564004.00
2022/01/07,17.84,18.01,17.60,17.67,1454309,22466082.00
2022/01/10,17.68,18.03,17.68,17.99,1405917,21851992.00
2022/01/11,17.92,18.31,17.84,17.89,1755000,27543592.00
2022/01/12,17.90,18.09,17.83,17.91,1442000,22413340.00
2022/01/13,17.90,18.11,17.87,17.93,1388102,21675946.00
2022/01/14,17.92,18.00,17.69,17.71,1369649,21142534.00
2022/01/17,17.68,18.03,17.68,18.02,1276000,19818048.00
2022/01/18,18.08,18.10,17.53,17.55,1759000,26908646.00
2022/01/19,17.49,18.36,17.49,18.20,4015537,63066924.00
2022/01/20,18.23,18.24,17.58,17.68,2491331,38437864.00
2022/01/21,17.74,17.87,17.50,17.59,1139000,17390668.00
2022/01/24,16.78,16.78,15.90,15.90,4644400,63761256.00
2022/01/25,15.90,15.91,15.43,15.49,2942100,38874600.00
2022/01/26,15.51,15.62,15.43,15.51,1546600,20329708.00
2022/01/27,15.51,15.55,15.20,15.20,1537100,19920688.00
2022/01/28,15.33,15.68,15.27,15.62,1644800,21564752.00
2022/02/07,15.71,15.95,15.60,15.84,1087100,14590512.00
2022/02/08,15.84,16.03,15.80,16.03,780400,10583551.00
2022/02/09,16.10,16.10,15.86,16.03,951200,12941910.00
2022/02/10,16.03,16.03,15.80,15.98,830400,11245039.00
2022/02/11,15.94,15.95,15.65,15.69,842938,11266445.00
2022/02/14,15.58,16.02,15.58,15.78,799200,10739910.00
2022/02/15,15.86,15.86,15.55,15.84,1071164,14280247.00
2022/02/16,15.70,15.95,15.66,15.91,973000,13108561.00
2022/02/17,15.94,16.03,15.82,15.88,885949,11988101.00
2022/02/18,15.84,15.88,15.61,15.87,772600,10345214.00
2022/02/21,15.77,16.12,15.77,16.09,1303600,17769628.00
2022/02/22,15.96,16.21,15.81,15.98,829400,11234183.00
2022/02/23,15.97,16.16,15.84,16.15,944400,12932531.00
2022/02/24,16.06,16.30,15.60,15.83,1587000,21554486.00
2022/02/25,15.84,16.05,15.82,15.83,1045100,14142929.00
2022/02/28,15.84,15.97,15.54,15.88,1258300,16843540.00
2022/03/01,15.94,16.06,15.81,15.94,784100,10624190.00
2022/03/02,15.86,16.02,15.83,15.98,709800,9629950.00
2022/03/03,16.05,16.05,15.87,15.98,716000,9740965.00
2022/03/04,15.99,16.01,15.70,15.74,811884,10897581.00
2022/03/07,15.65,15.77,15.54,15.54,785892,10401202.00
2022/03/08,15.54,15.66,15.09,15.22,1168100,15064744.00
2022/03/09,15.27,15.37,14.40,14.81,1168400,14595265.00
2022/03/10,15.04,15.22,14.98,14.99,961100,12205824.00
2022/03/11,14.90,15.18,14.72,15.15,498200,6255933.00
2022/03/14,15.09,15.14,14.74,14.76,606300,7598636.00
2022/03/15,14.69,14.86,14.38,14.38,1009922,12324727.00
2022/03/16,14.48,14.65,13.96,14.56,1407808,16799314.00
2022/03/17,14.68,14.91,14.52,14.63,1198600,14820531.00
2022/03/18,14.62,15.03,14.46,14.94,796900,9950697.00
2022/03/21,14.94,15.22,14.79,15.11,981676,12502689.00
2022/03/22,15.08,15.47,14.85,15.21,1689484,21616450.00
2022/03/23,15.09,15.28,14.94,14.98,1081000,13708582.00
2022/03/24,14.92,15.00,14.65,14.65,729600,9038763.00
2022/03/25,14.70,14.96,14.67,14.71,806200,10016285.00
2022/03/28,15.08,15.08,14.49,14.60,814700,10027039.00
2022/03/29,14.60,14.77,14.47,14.51,624900,7639228.00
2022/03/30,14.68,14.78,14.55,14.73,573900,7058916.00
2022/03/31,14.71,15.23,14.67,14.98,1322484,16721459.00
2022/04/01,14.98,15.07,14.82,14.84,846700,10594704.00
2022/04/06,14.93,15.12,14.84,15.07,621700,7861960.00
2022/04/07,15.11,15.18,14.79,14.79,622600,7805565.00
2022/04/08,14.83,14.99,14.68,14.89,774792,9657691.00
2022/04/11,14.76,15.11,14.65,14.70,1067400,13358354.00
2022/04/12,14.73,15.02,14.62,14.98,738600,9188710.00
2022/04/13,15.02,15.04,14.73,14.79,609192,7579282.50
2022/04/14,14.79,14.96,14.70,14.86,563200,7022770.00
2022/04/15,14.67,14.74,14.29,14.40,1198800,14502065.00
2022/04/18,14.40,14.64,14.14,14.60,728300,8801419.00
2022/04/19,14.58,14.73,14.50,14.66,476800,5844630.00
2022/04/20,14.71,14.71,14.47,14.52,661500,8077265.00
2022/04/21,14.52,14.78,14.34,14.38,866000,10512093.00
2022/04/22,14.33,14.33,14.01,14.15,861200,10158629.00
2022/04/25,14.15,14.19,13.15,13.31,1372884,15387948.00
2022/04/26,13.59,13.95,13.28,13.41,1682184,18996964.00
2022/04/27,13.34,13.62,12.92,13.57,1382400,15012559.00
2022/04/28,13.35,13.56,13.06,13.09,827500,8987979.00
2022/04/29,13.19,13.74,13.18,13.65,1230384,13750759.00
2022/05/05,13.84,13.93,13.52,13.86,799300,9109726.00
2022/05/06,13.69,14.23,13.59,13.90,1564900,18171954.00
2022/05/09,13.93,14.18,13.79,13.98,1049000,12132640.00
2022/05/10,13.93,14.17,13.79,14.11,871400,10165741.00
2022/05/11,14.20,14.45,13.98,14.14,1544600,18383598.00
2022/05/12,14.08,14.42,14.00,14.29,835400,9936142.00
2022/05/13,14.43,14.43,14.21,14.38,737600,8820228.00
2022/05/16,14.43,14.49,14.28,14.36,618396,7415254.00
2022/05/17,14.36,14.42,14.11,14.20,700004,8261631.00
2022/05/18,14.15,14.51,14.14,14.28,740400,8838391.00
2022/05/19,14.11,14.41,14.08,14.32,630089,7494855.50
2022/05/20,14.30,14.41,14.24,14.31,829689,9909820.00
2022/05/23,14.39,14.43,14.28,14.42,711678,8523177.00
2022/05/24,14.47,14.52,13.99,13.99,1093700,12925249.00
2022/05/25,13.89,14.35,13.89,14.35,1038496,12264949.00
2022/05/26,14.34,14.50,14.09,14.44,988096,11837559.00
2022/05/27,14.51,14.54,14.32,14.38,882089,10622422.00
2022/05/30,14.48,14.48,14.26,14.45,814700,9773249.00
2022/05/31,14.45,14.53,14.21,14.51,1193000,14364258.00
2022/06/01,14.49,14.81,14.47,14.65,1434373,17609842.00
2022/06/02,14.58,14.85,14.50,14.82,1325137,16355901.00
2022/06/06,14.85,14.90,14.68,14.85,1475700,18312764.00
2022/06/07,14.83,14.94,14.59,14.69,1016900,12528037.00
2022/06/08,14.68,14.78,14.43,14.57,894700,10941556.00
2022/06/09,14.53,14.66,14.25,14.34,1214800,14598228.00
2022/06/10,14.38,14.83,14.37,14.78,1859977,22892064.00
2022/06/13,14.70,14.89,14.62,14.78,1399400,17271700.00
2022/06/14,14.63,14.82,14.55,14.78,900500,11087306.00
2022/06/15,14.90,15.05,14.68,14.93,2333100,29119576.00
2022/06/16,14.88,14.92,14.66,14.74,1700489,19881886.00
2022/06/17,14.70,14.79,14.50,14.66,1128500,13084901.00
2022/06/20,14.67,14.86,14.67,14.86,976900,11447984.00
2022/06/21,14.87,14.91,14.68,14.85,1158800,13585925.00
2022/06/22,14.91,14.91,14.56,14.63,1157731,13444456.00
2022/06/23,14.68,14.88,14.63,14.88,1155400,13515546.00
2022/06/24,14.88,14.97,14.80,14.93,997900,11788310.00
2022/06/27,14.96,15.08,14.86,14.97,1222700,14543045.00
2022/06/28,14.97,15.36,14.89,15.27,1758800,21269592.00
2022/06/29,15.23,15.26,14.99,15.01,1398400,16844844.00
2022/06/30,15.03,15.29,14.95,15.10,1232100,14892613.00
2022/07/01,15.13,15.22,14.97,15.02,963899,11536473.00
2022/07/04,15.09,15.14,14.88,14.99,787873,9354907.00
2022/07/05,15.01,15.07,14.68,14.81,1040242,12238301.00
2022/07/06,14.80,14.94,14.61,14.69,648100,7540008.00
2022/07/07,14.70,14.92,14.70,14.77,497900,5845342.00
2022/07/08,14.80,14.95,14.78,14.86,799100,9431489.00
2022/07/11,14.85,15.15,14.85,15.11,1374928,16473360.00
2022/07/12,15.11,15.11,14.71,14.72,1022200,12015465.00
2022/07/13,14.69,14.96,14.66,14.93,754900,8897743.00
2022/07/14,14.96,15.15,14.95,15.03,797600,9556746.00
2022/07/15,15.08,15.14,14.84,14.97,1046900,12502670.00
2022/07/18,14.87,15.25,14.86,15.25,1018289,12331336.00
2022/07/19,15.19,15.34,15.16,15.33,885100,10790316.00
2022/07/20,15.33,15.41,15.25,15.39,734400,9007181.00
2022/07/21,15.39,15.56,15.34,15.42,1207100,14957398.00
2022/07/22,15.41,15.53,15.25,15.36,1162400,14317233.00
2022/07/25,15.35,15.50,15.26,15.27,653500,8021436.00
2022/07/26,15.28,15.48,15.23,15.44,1134364,13935710.00
2022/07/27,15.57,15.58,15.34,15.50,842000,10423947.00
2022/07/28,15.56,15.65,15.44,15.53,981700,12248880.00
2022/07/29,15.66,15.66,15.40,15.45,991400,12314689.00
2022/08/01,15.53,15.56,15.35,15.55,1171300,14529268.00
2022/08/02,15.46,15.46,14.88,15.09,1938300,23279712.00
2022/08/03,15.21,15.41,14.91,14.97,1152300,13979363.00
2022/08/04,14.98,15.21,14.90,15.17,843178,10105867.00
2022/08/05,15.17,15.28,15.03,15.28,901800,10900268.00
2022/08/08,15.21,15.43,15.14,15.43,850798,10402030.00
2022/08/09,15.48,15.57,15.34,15.45,784600,9695615.00
2022/08/10,15.45,15.57,15.38,15.55,1119913,13913360.00
2022/08/11,15.63,15.70,15.55,15.66,1085913,13650102.00
2022/08/12,15.70,15.81,15.56,15.64,1049978,13254163.00
2022/08/15,15.63,15.66,15.43,15.60,984300,12266377.00
2022/08/16,15.62,15.74,15.51,15.62,879271,11006850.00
2022/08/17,15.60,15.71,15.51,15.65,1053071,13194552.00
2022/08/18,15.67,15.67,15.52,15.64,1037700,13005344.00
2022/08/19,15.64,15.81,15.50,15.54,1218200,15291948.00
2022/08/22,15.44,15.82,15.39,15.67,1402300,17525620.00
2022/08/23,15.58,15.71,15.08,15.53,1637800,20349226.00
2022/08/24,15.52,15.57,15.13,15.14,1642513,20081764.00
2022/08/25,15.21,15.45,15.03,15.19,1437899,17376836.00
2022/08/26,15.18,15.33,15.05,15.07,823900,9954596.00
2022/08/29,15.00,15.23,14.81,15.19,920799,11070884.00
2022/08/30,15.25,15.36,15.12,15.18,1132800,13736343.00
2022/08/31,15.17,15.19,14.86,14.93,1307800,15543809.00
2022/09/01,15.82,16.58,15.70,16.23,12267513,160911120.00
2022/09/02,15.99,16.88,15.68,16.62,12602440,165400320.00
2022/09/05,16.43,16.51,16.10,16.26,6792099,89632600.00
2022/09/06,16.34,16.45,16.03,16.18,5540100,72495648.00
2022/09/07,16.09,16.09,15.79,15.89,4437821,56897688.00
2022/09/08,15.82,16.02,15.71,15.83,3572308,45598276.00
2022/09/09,15.78,16.51,15.38,16.43,9398902,122144568.00
2022/09/13,16.25,16.29,15.92,16.03,5109196,66445916.00
2022/09/14,15.76,15.95,15.63,15.80,2756469,35001188.00
2022/09/15,15.83,16.13,15.58,15.97,4646856,59750084.00
2022/09/16,15.84,15.90,15.08,15.08,5156299,63273060.00
2022/09/19,14.68,14.87,14.29,14.33,3737971,42789508.00
2022/09/20,14.47,14.71,14.34,14.43,2028900,23155462.00
2022/09/21,14.47,14.74,14.17,14.70,2231300,25494680.00
2022/09/22,14.66,14.81,14.49,14.49,1763500,20406524.00
2022/09/23,14.55,14.64,14.19,14.36,1511306,17066450.00
2022/09/26,14.28,14.30,13.99,13.99,1411600,15580700.00
2022/09/27,14.10,14.28,14.05,14.24,1179500,13081845.00
2022/09/28,14.23,14.41,14.05,14.07,1580228,17561402.00
2022/09/29,14.15,14.19,13.85,13.96,1412826,15447354.00
2022/09/30,13.93,14.09,13.78,13.94,1132400,12314058.00
2022/10/10,13.94,14.23,13.66,13.68,1415810,15210124.00
2022/10/11,13.67,13.77,13.49,13.65,954926,10058232.00
2022/10/12,13.73,13.95,13.54,13.95,1331113,14215728.00
2022/10/13,13.95,14.06,13.81,14.03,1284204,13983848.00
2022/10/14,14.06,14.31,13.96,14.28,1314000,14638043.00
2022/10/17,14.27,14.47,14.18,14.47,1405700,15874511.00
2022/10/18,14.46,14.55,14.33,14.40,1035700,11741489.00
2022/10/19,14.35,14.52,14.24,14.27,876700,9850371.00
2022/10/20,14.28,14.46,14.16,14.34,1096764,12337382.00
2022/10/21,14.37,14.38,14.21,14.21,840200,9418063.00
2022/10/24,14.24,14.37,13.95,14.00,1338700,14852531.00
2022/10/25,14.00,14.06,13.73,13.89,1091700,11772644.00
2022/10/26,13.98,14.20,13.89,14.13,1059100,11665150.00
2022/10/27,14.38,14.38,14.18,14.31,1017400,11379541.00
2022/10/28,14.26,14.26,13.67,13.68,1624400,17593358.00
2022/10/31,13.68,13.99,13.68,13.88,891100,9603082.00
2022/11/01,13.92,14.20,13.84,14.18,925640,10144561.00
2022/11/02,14.08,14.35,14.02,14.25,1556640,17340158.00
2022/11/03,14.25,14.32,14.08,14.11,1051139,11628587.00
2022/11/04,14.11,14.40,14.11,14.36,1529140,17102702.00
2022/11/07,14.20,14.43,14.20,14.42,1764100,19879908.00
2022/11/08,14.42,14.50,14.26,14.45,1472000,16627212.00
2022/11/09,14.37,14.45,14.32,14.36,958900,10841232.00
2022/11/10,14.28,14.39,14.28,14.35,903100,10173806.00
2022/11/11,14.48,14.53,14.35,14.35,1514809,17160350.00
2022/11/14,14.33,14.57,14.30,14.45,1590000,18060434.00
2022/11/15,14.45,14.66,14.36,14.64,1931200,22170312.00
2022/11/16,14.64,14.70,14.55,14.59,1062900,12251856.00
2022/11/17,14.59,14.64,14.48,14.64,870010,9994760.00
2022/11/18,14.64,14.67,14.49,14.51,892500,10276687.00
2022/11/21,14.49,14.61,14.39,14.50,752200,8566819.00
2022/11/22,14.55,14.62,14.36,14.43,958000,10928056.00
2022/11/23,14.42,14.43,14.17,14.30,936200,10488509.00
2022/11/24,14.41,14.44,14.31,14.35,606564,6847141.50
2022/11/25,14.35,14.41,14.29,14.33,640364,7224421.00
2022/11/28,14.32,14.32,13.97,14.14,689600,7613561.00
2022/11/29,14.16,14.46,14.16,14.44,836200,9437406.00
2022/11/30,14.44,14.54,14.33,14.38,558100,6325891.00
2022/12/01,14.48,14.61,14.40,14.57,1165500,13337184.00
2022/12/02,14.49,14.67,14.45,14.64,1142000,13163940.00
2022/12/05,14.67,14.79,14.62,14.70,1071400,12423610.00
2022/12/06,14.68,14.71,14.58,14.64,911400,10531922.00
2022/12/07,14.64,14.68,14.35,14.61,816789,9399650.00
2022/12/08,14.68,14.70,14.46,14.48,1028389,11769392.00
2022/12/09,14.50,14.61,14.44,14.57,1065100,12197869.00
2022/12/12,14.52,14.58,14.35,14.50,956000,10894495.00
2022/12/13,14.52,14.66,14.47,14.56,1014700,11675266.00
2022/12/14,14.53,14.73,14.51,14.55,862800,9969528.00
2022/12/15,14.51,14.69,14.41,14.68,1029664,11900482.00
2022/12/16,14.59,14.68,14.39,14.41,951200,10844182.00
2022/12/19,14.42,14.54,14.06,14.15,1282380,14270200.00
2022/12/20,14.02,14.26,14.02,14.13,669631,7389535.00
2022/12/21,14.26,14.26,13.90,13.95,785900,8594822.00
2022/12/22,14.05,14.07,13.68,13.75,839035,9035956.00
2022/12/23,13.75,13.86,13.62,13.71,576504,6139697.50
2022/12/26,13.71,13.83,13.63,13.79,719700,7696653.00
2022/12/27,13.86,13.86,13.70,13.72,855100,9112538.00
2022/12/28,13.74,13.74,13.56,13.59,776400,8175161.00
2022/12/29,13.63,13.70,13.52,13.57,519824,5467491.00
2022/12/30,13.57,13.80,13.51,13.55,1214600,12722040.00
2023/01/03,13.55,13.81,13.52,13.76,1413600,14988665.00
2023/01/04,13.77,13.90,13.71,13.82,1017100,10910665.00
2023/01/05,13.81,13.87,13.75,13.86,864500,9281251.00
2023/01/06,13.82,13.92,13.79,13.79,695000,7485287.00
2023/01/09,13.81,13.90,13.79,13.83,544898,5862614.50
2023/01/10,13.83,13.90,13.75,13.86,861900,9256243.00
2023/01/11,14.30,14.71,14.22,14.31,7430250,84259120.00
2023/01/12,14.24,14.55,14.04,14.32,5764200,64519540.00
2023/01/13,14.32,14.33,14.14,14.18,2829089,31445894.00
2023/01/16,14.19,14.37,14.19,14.33,2196353,24595714.00
2023/01/17,14.27,14.43,14.20,14.27,1561100,17484688.00
2023/01/18,14.23,14.39,14.20,14.34,1554100,17450236.00
2023/01/19,14.25,14.35,14.25,14.34,1323800,14869242.00
2023/01/20,14.43,14.43,14.27,14.38,1401000,15785982.00
2023/01/30,14.52,14.58,14.43,14.57,2307433,26398786.00
2023/01/31,14.58,14.69,14.52,14.66,1675600,19329892.00
2023/02/01,14.68,14.74,14.61,14.74,1757867,20393656.00
2023/02/02,14.73,14.79,14.62,14.68,1560350,18130200.00
2023/02/03,14.67,14.73,14.56,14.71,1434300,16597697.00
2023/02/06,14.70,14.80,14.61,14.75,1014500,11815856.00
2023/02/07,14.75,14.93,14.68,14.90,1761000,20693698.00
2023/02/08,14.91,14.96,14.78,14.79,1187800,13967118.00
2023/02/09,14.79,14.93,14.77,14.92,1358400,16039688.00
2023/02/10,14.97,15.00,14.87,14.99,1587100,18848198.00
2023/02/13,15.00,15.12,14.93,15.06,1608000,19248332.00
2023/02/14,15.10,15.14,14.99,15.12,1394210,16727114.00
2023/02/15,15.16,15.43,15.10,15.35,2127320,25989084.00
2023/02/16,15.38,15.38,14.83,14.93,2453130,29558224.00
2023/02/17,14.94,15.15,14.91,14.97,2013000,24031060.00
2023/02/20,14.97,15.09,14.91,15.07,1147700,13685733.00
2023/02/21,15.07,15.22,15.04,15.17,1011000,12187526.00
2023/02/22,15.15,15.22,15.08,15.21,1054300,12735659.00
2023/02/23,15.28,15.28,15.13,15.20,888200,10753614.00
2023/02/24,15.22,15.25,15.06,15.14,633300,7637207.00
2023/02/27,15.10,15.20,14.99,15.03,897300,10781163.00
2023/02/28,15.18,15.44,15.08,15.30,2629300,32188156.00
2023/03/01,15.33,15.34,15.22,15.33,1679500,20486550.00
2023/03/02,15.33,15.36,15.21,15.25,1217500,14847176.00
2023/03/03,15.31,15.31,15.15,15.19,884200,10723645.00
2023/03/06,15.24,15.25,15.09,15.18,866000,10451374.00
2023/03/07,15.20,15.25,14.93,14.93,1389534,16695656.00
2023/03/08,14.96,15.16,14.84,15.14,883600,10548325.00
2023/03/09,15.17,15.39,15.10,15.38,1679700,20506820.00
2023/03/10,15.38,15.42,15.12,15.15,1161000,14095987.00
2023/03/13,15.15,15.24,15.00,15.12,907600,10898141.00
2023/03/14,15.07,15.08,14.79,14.90,1313100,15539210.00
2023/03/15,15.01,15.14,14.95,15.01,734500,8774766.00
2023/03/16,15.01,15.23,14.91,14.95,1529251,18304392.00
2023/03/17,15.07,15.22,14.97,15.14,1198434,14457033.00
2023/03/20,15.11,15.20,14.96,15.16,1340800,16108886.00
2023/03/21,15.08,15.86,15.08,15.78,4410164,55231612.00
2023/03/22,15.89,15.97,15.62,15.81,2573900,32602328.00
2023/03/23,15.79,15.85,15.63,15.73,1987234,25121260.00
2023/03/24,15.73,16.23,15.66,16.04,2935200,37811572.00
2023/03/27,16.07,16.07,15.71,15.89,1702500,21796244.00
2023/03/28,16.06,16.06,15.63,15.66,1370400,17338832.00
2023/03/29,15.65,15.74,15.54,15.63,1048000,13150327.00
2023/03/30,15.66,15.66,15.42,15.51,989900,12321910.00
2023/03/31,15.57,15.75,15.48,15.75,1161700,14565981.00
2023/04/03,15.74,15.91,15.65,15.73,1468508,18557944.00
2023/04/04,15.73,15.75,15.50,15.58,1347600,16842460.00
2023/04/06,15.58,15.59,15.41,15.48,1069600,13260944.00
2023/04/07,15.48,15.78,15.44,15.74,1386700,17401532.00
2023/04/10,15.72,15.73,15.18,15.25,2237400,27533658.00
2023/04/11,15.28,15.40,15.14,15.25,1340700,16309402.00
2023/04/12,15.33,15.43,15.19,15.43,958700,11781462.00
2023/04/13,15.42,15.51,15.32,15.40,1032700,12732122.00
2023/04/14,15.40,15.45,15.25,15.32,791200,9695919.00
2023/04/17,15.44,15.58,15.34,15.48,1339608,16607386.00
2023/04/18,15.45,15.49,15.21,15.43,1484936,18239200.00
2023/04/19,15.46,15.47,15.29,15.42,694800,8556257.00
2023/04/20,15.41,15.72,15.21,15.67,1714100,21380026.00
2023/04/21,15.63,15.64,15.16,15.25,1967400,24163672.00
2023/04/24,15.11,15.21,14.48,14.67,2833553,33073838.00
2023/04/25,14.75,14.82,14.24,14.45,1616700,18377952.00
2023/04/26,14.50,14.67,14.43,14.59,987700,11341559.00
2023/04/27,14.65,14.70,14.51,14.60,815500,9394455.00
2023/04/28,14.63,14.89,14.60,14.87,1350600,15796286.00
2023/05/04,14.82,14.98,14.79,14.92,1325800,15664022.00
2023/05/05,14.83,14.99,14.79,14.89,1175500,13858364.00
2023/05/08,14.96,15.17,14.88,15.16,1065200,12715532.00
2023/05/09,15.75,17.58,15.75,17.58,21446362,303095136.00
2023/05/10,17.36,17.39,16.67,16.88,21944776,304340224.00
2023/05/11,16.64,16.90,16.34,16.47,12423186,167167616.00
2023/05/12,16.38,16.45,15.95,16.03,8027334,104467968.00
2023/05/15,16.06,16.30,15.84,16.24,9989070,129971056.00
2023/05/16,16.18,16.87,15.92,16.68,13572825,181627760.00
2023/05/17,16.48,16.54,16.15,16.49,8145387,108358520.00
2023/05/18,16.44,17.64,16.30,17.11,14730655,203822256.00
2023/05/19,16.89,17.06,16.39,16.39,9820064,133455272.00
2023/05/22,16.22,16.54,16.09,16.34,5326387,70438432.00
2023/05/23,16.44,16.73,16.19,16.35,5457671,72878816.00
2023/05/24,16.20,16.39,16.15,16.22,3828600,50497328.00
2023/05/25,16.22,16.44,16.08,16.37,3635276,47909340.00
2023/05/26,16.40,16.50,15.88,16.28,4654466,60916320.00
2023/05/29,16.29,16.44,16.20,16.37,3107210,41188732.00
2023/05/30,16.38,16.68,15.89,16.61,5049774,63809504.00
2023/05/31,16.56,16.75,16.42,16.62,3728100,48060564.00
2023/06/01,16.60,16.84,16.31,16.71,4027300,52254820.00
2023/06/02,16.78,17.04,16.43,16.44,3436100,44449952.00
2023/06/05,16.36,16.54,16.33,16.48,2624768,33565204.00
2023/06/06,16.44,17.08,16.25,16.65,6723964,87481968.00
2023/06/07,16.58,17.00,16.54,16.89,5469700,72069920.00
2023/06/08,16.99,17.01,16.69,16.74,3584900,47123884.00
2023/06/09,16.81,16.81,16.41,16.80,3397800,44053952.00
2023/06/12,16.71,16.75,16.56,16.63,2291969,29672294.00
2023/06/13,16.64,16.70,16.45,16.47,2592600,33324164.00
2023/06/14,16.55,16.55,16.19,16.44,2664000,33732376.00
2023/06/15,16.43,16.43,16.12,16.18,3064100,38424008.00
2023/06/16,16.17,16.33,16.09,16.24,2278864,28577616.00
2023/06/19,16.24,16.65,16.24,16.34,2612600,33246834.00
2023/06/20,16.36,16.45,16.07,16.13,2134344,26746178.00
2023/06/21,16.13,16.29,15.86,15.86,1822400,22465204.00
2023/06/26,15.78,15.90,15.59,15.59,1583400,19062950.00
2023/06/27,15.64,16.09,15.63,16.09,1997800,24545216.00
2023/06/28,16.03,16.03,15.65,15.99,1880900,22886066.00
2023/06/29,15.94,16.23,15.89,16.20,1968300,24535508.00
2023/06/30,16.26,16.28,16.07,16.18,1207900,15092914.00
2023/07/03,16.17,16.31,16.10,16.17,1289400,16118541.00
2023/07/04,16.22,16.36,16.15,16.27,1402700,17632564.00
2023/07/05,16.26,16.26,16.08,16.09,1053900,13153201.00
2023/07/06,16.13,16.32,16.08,16.18,1093000,13702770.00
2023/07/07,16.26,16.26,15.88,15.90,1612200,19830458.00
2023/07/10,16.03,16.03,15.83,15.87,907000,11088859.00
2023/07/11,15.87,16.06,15.83,16.05,1029264,12643016.00
2023/07/12,15.95,16.34,15.90,15.92,1364400,16878104.00
2023/07/13,15.86,16.17,15.86,16.10,1420000,17538908.00
2023/07/14,16.24,16.28,16.00,16.19,1393200,17421840.00
2023/07/17,16.10,16.33,16.04,16.33,1685800,21149760.00
2023/07/18,16.33,16.38,15.89,16.35,2477000,31048896.00
2023/07/19,16.53,16.61,16.22,16.26,3367610,42695444.00
2023/07/20,16.27,16.38,16.08,16.08,2227400,27838030.00
2023/07/21,16.06,16.19,15.91,15.97,1589700,19621476.00
2023/07/24,16.04,16.10,15.83,15.94,1361292,16736181.00
2023/07/25,16.03,16.39,16.02,16.36,3164500,39879372.00
2023/07/26,16.34,16.40,16.21,16.37,1656200,20917568.00
2023/07/27,16.51,16.53,16.03,16.04,1899692,23857084.00
2023/07/28,16.00,16.21,15.93,16.15,1591564,19701376.00
2023/07/31,16.15,16.41,16.08,16.38,2449100,30985160.00
2023/08/01,16.39,16.46,16.26,16.37,1408200,17851682.00
2023/08/02,16.37,16.53,16.24,16.52,1891056,24125322.00
2023/08/03,16.49,16.49,16.18,16.25,1839600,23143934.00
2023/08/04,16.32,16.32,16.15,16.19,1485092,18612740.00
2023/08/07,16.15,16.22,16.03,16.11,1411300,17524608.00
2023/08/08,16.14,16.16,15.93,15.97,1090400,13425201.00
2023/08/09,16.01,16.01,15.70,15.71,1682900,20380664.00
2023/08/10,15.73,15.78,15.69,15.77,843164,10168561.00
2023/08/11,15.80,15.80,15.32,15.40,1780500,21117670.00
2023/08/14,15.40,15.55,15.31,15.54,991500,11651456.00
2023/08/15,15.54,15.59,15.47,15.53,869100,10300655.00
2023/08/16,15.51,15.53,15.33,15.36,904064,10614713.00
2023/08/17,15.41,15.60,15.24,15.58,1064300,12533043.00
2023/08/18,15.59,15.82,15.51,15.53,1135900,13622957.00
2023/08/21,15.50,15.70,15.43,15.43,1125900,13387885.00
2023/08/22,15.54,15.55,15.17,15.43,1031700,12031349.00
2023/08/23,15.41,15.56,15.30,15.45,1101700,12949095.00
2023/08/24,15.48,15.48,15.30,15.39,989800,11597906.00
2023/08/25,15.35,15.38,15.00,15.05,1047600,12029712.00
2023/08/28,15.77,16.60,15.77,16.12,11002763,137782640.00
2023/08/29,16.16,16.50,16.02,16.45,5942292,75362064.00
2023/08/30,16.47,16.66,16.38,16.47,4449200,57080144.00
2023/08/31,16.48,16.60,16.34,16.50,2620600,33517982.00
2023/09/01,16.48,16.59,16.35,16.48,1842664,23484196.00
2023/09/04,16.46,16.80,16.45,16.60,3073100,39679408.00
2023/09/05,16.61,16.70,16.52,16.67,2123200,27492744.00
2023/09/06,16.56,16.75,16.54,16.67,1702400,22109872.00
2023/09/07,16.73,16.73,16.49,16.51,2227900,28815410.00
2023/09/08,16.50,16.64,16.40,16.53,1293100,16657070.00
2023/09/11,16.53,16.54,16.37,16.48,1833700,23455236.00
2023/09/12,16.51,16.64,16.39,16.60,2482400,31968436.00
2023/09/13,16.58,16.59,16.39,16.55,1920100,24599862.00
2023/09/14,16.49,16.53,16.34,16.42,1235300,15734453.00
2023/09/15,16.48,16.58,16.37,16.51,1133100,14499867.00
2023/09/18,16.52,16.67,16.28,16.66,2157200,27847216.00
2023/09/19,16.66,16.66,16.37,16.44,1376300,17577828.00
2023/09/20,16.52,16.56,16.31,16.37,1213100,15436031.00
2023/09/21,16.40,16.49,16.32,16.41,1256500,15995308.00
2023/09/22,16.33,16.75,16.33,16.74,2439300,31591924.00
2023/09/25,16.69,16.73,16.55,16.60,1758900,22762314.00
2023/09/26,16.62,16.63,16.37,16.43,1499200,19166288.00
2023/09/27,16.45,16.55,16.34,16.47,1352400,17288200.00
2023/09/28,16.54,16.88,16.49,16.80,2522800,32901792.00
2023/10/09,16.80,16.88,16.58,16.71,2356100,30650784.00
2023/10/10,16.73,16.76,16.42,16.60,2536900,32621022.00
2023/10/11,16.56,16.72,16.48,16.63,2549000,33026176.00
2023/10/12,16.98,17.23,16.64,16.81,6589120,86491840.00
2023/10/13,16.73,17.04,16.69,16.83,3915200,51608164.00
2023/10/16,16.78,16.93,16.69,16.78,3493664,45782744.00
2023/10/17,16.78,16.83,16.46,16.65,2305300,29874616.00
2023/10/18,16.60,16.66,16.35,16.36,1713915,21923674.00
2023/10/19,16.38,16.79,16.35,16.49,2295451,29634480.00
2023/10/20,16.49,16.93,16.49,16.73,4253300,55690060.00
2023/10/23,16.60,16.66,15.99,16.08,5388000,67612064.00
2023/10/24,16.12,16.69,15.99,16.69,3825100,48656360.00
2023/10/25,16.74,17.04,16.70,16.99,4913200,65081184.00
2023/10/26,16.97,17.34,16.84,17.30,5280998,71280928.00
2023/10/27,17.26,17.36,17.11,17.24,4460920,60360636.00
2023/10/30,17.23,17.62,17.18,17.60,6324300,87593280.00
2023/10/31,17.60,17.60,17.37,17.46,3639164,50173008.00
2023/11/01,17.45,17.55,17.34,17.39,2931749,40231592.00
2023/11/02,17.41,17.54,17.21,17.26,2438500,33291134.00
2023/11/03,17.27,17.72,17.26,17.53,4810000,66826864.00
2023/11/06,17.56,17.68,17.48,17.68,2763200,38450624.00
2023/11/07,17.66,17.84,17.56,17.82,2840900,39917736.00
2023/11/08,17.78,17.81,17.50,17.55,3165600,44046600.00
2023/11/09,17.55,17.62,17.41,17.47,2588797,35760984.00
2023/11/10,17.47,17.73,17.40,17.63,2286064,31832500.00
2023/11/13,17.65,17.99,17.58,17.84,3319000,46823452.00
2023/11/14,17.80,17.91,17.74,17.77,1828600,25826312.00
2023/11/15,17.83,17.87,17.68,17.82,2203699,31068124.00
2023/11/16,17.78,17.89,17.75,17.85,2387500,33763672.00
2023/11/17,17.76,19.20,17.72,18.72,11156786,166575360.00
2023/11/20,18.60,18.65,18.22,18.29,8161950,119552528.00
2023/11/21,18.28,18.65,18.24,18.38,6173664,91052880.00
2023/11/22,18.30,18.63,18.13,18.15,5277100,77349864.00
2023/11/23,18.15,18.39,18.15,18.36,3481100,50878192.00
2023/11/24,18.35,18.40,18.03,18.10,2526370,36552516.00
2023/11/27,18.01,18.56,18.00,18.42,3951133,57946056.00
2023/11/28,18.41,18.61,18.28,18.51,3163433,46751936.00
2023/11/29,18.53,18.66,18.38,18.47,2392100,35530360.00
2023/11/30,18.46,18.51,18.07,18.22,2890930,42053736.00
2023/12/01,18.32,18.35,18.15,18.22,1868300,27213176.00
2023/12/04,18.30,18.43,18.23,18.28,2551700,37425656.00
2023/12/05,18.15,18.31,18.03,18.03,2364900,34173700.00
2023/12/06,17.97,18.24,17.94,18.11,2190100,31681526.00
2023/12/07,18.16,18.21,17.99,18.04,1610429,23162586.00
2023/12/08,18.08,18.16,17.79,17.80,2379700,33874360.00
2023/12/11,17.77,18.08,17.66,18.04,2430100,34541664.00
2023/12/12,18.16,18.34,18.06,18.23,2151900,31276444.00
2023/12/13,18.24,18.37,18.03,18.15,1637400,23771762.00
2023/12/14,18.20,18.39,18.20,18.25,2223300,32502860.00
2023/12/15,18.25,18.34,18.04,18.09,1375700,19863204.00
2023/12/18,18.09,18.16,17.85,17.94,1899864,27125502.00
2023/12/19,18.06,18.18,17.82,18.15,1585151,22725894.00
2023/12/20,18.17,18.36,18.04,18.06,1698001,24671218.00
2023/12/21,17.98,18.16,17.68,18.14,2517800,35860464.00
2023/12/22,18.24,18.24,17.74,17.84,2076835,29607958.00
2023/12/25,17.79,17.93,17.68,17.83,1911007,26997578.00
2023/12/26,17.83,17.90,17.43,17.51,1883507,26157324.00
2023/12/27,17.51,17.75,17.38,17.74,1294805,18030818.00
2023/12/28,17.72,17.95,17.43,17.89,2045800,28839624.00
2023/12/29,17.87,18.50,17.82,18.50,2851700,41789672.00
2024/01/02,18.54,18.68,18.42,18.60,2405900,35771512.00
2024/01/03,18.51,18.73,18.42,18.61,1796900,26719226.00
2024/01/04,18.61,18.65,18.49,18.61,1608500,23931336.00
2024/01/05,18.58,18.75,18.31,18.41,2102600,31196556.00
2024/01/08,18.57,18.57,18.12,18.20,2144000,31359944.00
2024/01/09,18.20,18.43,18.19,18.33,1993335,29156844.00
2024/01/10,18.30,18.42,18.05,18.20,1622179,23584240.00
2024/01/11,18.20,18.40,18.14,18.28,1378400,20118644.00
2024/01/12,18.29,18.53,18.15,18.23,1589100,23306030.00
2024/01/15,18.28,18.52,18.17,18.33,1995700,29342476.00
2024/01/16,18.36,18.43,17.99,18.25,2076140,30036728.00
2024/01/17,18.16,18.25,17.86,17.87,1550300,22300864.00
2024/01/18,17.89,17.98,17.17,17.59,3706940,51270912.00
2024/01/19,17.58,17.67,17.31,17.34,2350640,32395750.00
2024/01/22,17.39,17.45,16.34,16.46,2971340,39112184.00
2024/01/23,16.55,16.59,16.03,16.30,3009259,37815924.00
2024/01/24,16.33,16.71,15.94,16.48,2726941,34583620.00
2024/01/25,16.67,17.21,16.48,17.18,3033500,39995124.00
2024/01/26,17.18,17.46,17.10,17.18,2417300,32843900.00
2024/01/29,17.17,17.33,16.84,16.91,2316400,30840168.00
2024/01/30,16.77,16.87,16.26,16.33,2854100,36771824.00
2024/01/31,16.31,16.36,15.50,15.58,3460700,42104536.00
2024/02/01,15.71,15.87,15.21,15.46,3576700,42212592.00
2024/02/02,15.47,15.63,14.32,14.70,4433541,49931032.00
2024/02/05,14.63,14.64,13.08,13.23,6468399,64048844.00
2024/02/06,12.98,13.87,12.56,13.53,6649275,62571840.00
2024/02/07,13.53,13.76,13.21,13.37,5640867,55240740.00
2024/02/08,13.33,14.37,13.18,14.27,5547546,56273444.00
2024/02/19,14.36,14.91,14.31,14.46,4525864,49469436.00
数据来源:通达信
