300740 水羊股份 日线 后复权
      日期	    开盘	    最高	    最低	    收盘	    成交量	    成交额
2018/02/08,25.48,30.57,25.48,30.57,34383,1048291.31
2018/02/09,33.63,33.63,33.63,33.63,18246,613613.00
2018/02/12,36.99,36.99,36.99,36.99,24213,895638.88
2018/02/13,40.69,40.69,40.69,40.69,129293,5260932.00
2018/02/14,43.00,44.76,41.50,44.76,8348087,364836640.00
2018/02/22,48.98,48.98,42.19,43.20,18732847,834450368.00
2018/02/23,43.28,47.52,43.28,46.92,22634563,1033500160.00
2018/02/26,47.40,50.00,46.17,48.10,21049879,1014678208.00
2018/02/27,46.52,48.09,45.93,46.84,13956474,656154688.00
2018/02/28,44.80,44.80,42.16,42.16,12288626,527386336.00
2018/03/01,41.20,43.98,41.12,42.71,9971814,425692576.00
2018/03/02,41.99,43.69,41.50,41.58,7979605,337343712.00
2018/03/05,42.27,45.74,42.24,45.74,9193824,401730784.00
2018/03/06,47.51,50.31,45.74,47.39,19817224,946349440.00
2018/03/07,47.00,49.19,45.63,48.09,14633022,694344704.00
2018/03/08,47.51,51.90,47.50,48.75,16158510,800004800.00
2018/03/09,50.00,52.05,49.35,49.99,13195783,666897600.00
2018/03/12,51.99,52.50,48.51,49.09,12839371,642264960.00
2018/03/13,48.05,48.44,46.67,46.82,9042725,429183360.00
2018/03/14,46.81,48.79,46.68,47.72,7680328,368365152.00
2018/03/15,46.60,52.49,45.01,52.49,14982794,745949504.00
2018/03/16,54.87,55.50,50.22,50.61,15719992,833538816.00
2018/03/19,50.15,52.40,49.52,50.47,9712833,494295776.00
2018/03/20,49.10,52.55,49.10,51.55,9464915,486561888.00
2018/03/21,51.55,55.38,50.33,52.79,11851075,620327040.00
2018/03/22,52.21,55.57,51.76,53.18,13438829,726297344.00
2018/03/23,54.99,58.48,53.00,53.25,16584270,925788288.00
2018/03/26,50.50,57.38,50.10,57.00,12796993,692078784.00
2018/03/27,56.52,60.88,56.01,57.66,14889744,865179904.00
2018/03/28,56.10,58.95,55.60,55.60,9332726,534642080.00
2018/03/29,56.37,56.98,54.01,56.61,8507668,474250176.00
2018/03/30,57.13,57.89,55.80,57.44,7553433,430571776.00
2018/04/02,57.39,59.75,56.52,56.52,9384761,547274432.00
2018/04/03,55.30,56.30,54.51,54.96,6327225,350079520.00
2018/04/04,55.70,57.48,54.88,55.88,6335019,355845504.00
2018/04/09,54.75,56.98,53.53,56.98,6235626,345141952.00
2018/04/10,57.00,58.30,53.53,56.01,6223735,347849568.00
2018/04/11,56.19,59.85,55.02,59.00,9844891,569621568.00
2018/04/12,58.26,59.14,56.88,57.20,6137125,355571360.00
2018/04/13,57.70,58.89,56.80,58.00,5051331,291802144.00
2018/04/16,57.89,59.38,57.22,58.67,5433497,317170912.00
2018/04/17,58.99,60.26,54.19,54.40,6488661,373914592.00
2018/04/18,54.11,54.46,50.00,52.78,6151477,322290176.00
2018/04/19,52.22,53.75,51.00,51.24,4511233,236057184.00
2018/04/20,50.90,50.95,46.60,47.30,6638592,323119008.00
2018/04/23,48.00,49.47,47.26,48.87,4175254,202066576.00
2018/04/24,49.80,52.05,48.24,51.88,5016064,253494864.00
2018/04/25,51.06,53.38,50.70,53.03,5926253,309964064.00
2018/04/26,52.77,54.00,51.51,51.70,3959177,207912560.00
2018/04/27,52.25,54.73,49.50,50.11,7686557,235463840.00
2018/05/02,50.24,55.07,50.24,52.81,9331473,289259456.00
2018/05/03,51.40,54.80,49.51,54.78,10563430,324247456.00
2018/05/04,54.53,55.16,53.10,53.44,7641213,241097328.00
2018/05/07,54.31,55.99,53.49,54.46,8886496,284593952.00
2018/05/08,54.46,56.28,53.78,55.41,9164234,295152000.00
2018/05/09,55.31,55.89,53.95,54.83,6282220,201143584.00
2018/05/10,54.66,56.50,54.24,55.40,7670806,248434256.00
2018/05/11,55.31,56.67,53.97,54.53,7608754,245314352.00
2018/05/14,54.29,54.94,49.12,49.70,11462183,345318240.00
2018/05/15,49.79,50.45,47.61,50.24,8765821,251365216.00
2018/05/16,49.68,51.55,49.19,50.55,7276035,214622080.00
2018/05/17,50.72,51.59,49.46,49.89,6565771,193044096.00
2018/05/18,49.50,51.01,49.12,50.69,4920313,144067696.00
2018/05/21,51.25,52.06,50.47,51.38,6732297,202083968.00
2018/05/22,51.71,56.48,51.18,56.48,11869016,372446496.00
2018/05/23,57.06,58.15,55.74,56.42,16530121,549362752.00
2018/05/24,55.65,57.50,54.80,56.33,8889019,291676160.00
2018/05/25,56.26,57.50,55.60,56.79,7694743,254178160.00
2018/05/28,57.61,57.95,54.82,56.16,6769160,222164096.00
2018/05/29,56.25,57.01,53.80,54.21,7978519,260091248.00
2018/05/30,53.15,53.71,49.50,52.66,9898065,296735136.00
2018/05/31,57.88,57.88,57.88,57.88,3223659,108991912.00
2018/06/01,63.62,63.62,61.86,63.62,28313935,1051843648.00
2018/06/04,61.92,64.78,57.30,57.30,28607760,1015191552.00
2018/06/05,54.82,59.22,54.22,57.44,21215850,700073344.00
2018/06/06,57.01,58.76,56.13,58.03,16535469,556340032.00
2018/06/07,57.86,57.86,54.32,54.32,14344022,467251424.00
2018/06/08,53.78,56.02,52.62,55.65,11801702,376042336.00
2018/06/11,54.48,55.87,54.04,54.89,8090507,259535920.00
2018/06/12,55.31,55.82,50.55,55.50,11182190,351346336.00
2018/06/13,54.78,54.78,52.25,52.49,7406238,232525344.00
2018/06/14,51.89,53.53,51.54,52.10,5019716,153973376.00
2018/06/15,52.30,53.05,51.15,51.25,6162494,186373840.00
2018/11/14,46.16,46.16,46.16,46.16,404800,10897216.00
2018/11/15,41.59,45.23,41.59,43.65,15465298,388649536.00
2018/11/16,42.90,43.53,42.10,42.82,10001843,249496704.00
2018/11/19,42.83,45.23,42.83,44.97,9687454,248689392.00
2018/11/20,44.11,44.65,43.73,43.89,6149646,157729904.00
2018/11/21,43.95,44.52,42.95,43.77,4760875,121268272.00
2018/11/22,44.14,44.57,43.24,43.27,4372867,111949896.00
2018/11/23,43.00,43.00,38.99,38.99,9043948,212370064.00
2018/11/26,38.23,38.23,35.83,36.93,7119760,152982080.00
2018/11/27,37.38,37.38,35.56,35.93,4635559,98184144.00
2018/11/28,36.30,37.77,36.10,37.36,6003500,129319384.00
2018/11/29,37.53,37.78,35.61,35.96,5010233,106752344.00
2018/11/30,35.47,36.08,34.06,35.25,5951502,120616600.00
2018/12/03,36.13,37.63,35.59,36.88,7422328,158386432.00
2018/12/04,36.87,36.98,36.13,36.78,4496292,95592552.00
2018/12/05,36.19,36.22,35.61,35.76,4134640,86263864.00
2018/12/06,35.40,37.26,35.40,36.54,7440894,158737840.00
2018/12/07,36.49,37.22,36.22,36.27,4267795,91043008.00
2018/12/10,35.93,36.07,35.05,35.06,3891741,80295736.00
2018/12/11,35.34,36.27,35.32,36.02,3763656,78383152.00
2018/12/12,36.10,37.07,35.83,36.59,4104227,87665480.00
2018/12/13,36.61,39.31,36.20,37.78,7300839,159634336.00
2018/12/14,37.49,38.94,37.15,38.24,6529916,145922464.00
2018/12/17,38.24,39.30,37.14,39.18,6554443,146305792.00
2018/12/18,38.67,39.67,38.16,39.52,5194435,117634496.00
2018/12/19,39.33,39.40,37.39,37.55,5423074,120757296.00
2018/12/20,36.95,37.80,36.61,37.53,3373794,73307976.00
2018/12/21,37.19,37.70,36.02,36.27,3314786,70886672.00
2018/12/24,36.27,37.70,36.27,37.66,3750471,81106704.00
2018/12/25,37.68,37.68,35.93,37.10,3546447,76037760.00
2018/12/26,36.78,38.11,33.43,33.43,7432636,154966656.00
2018/12/27,34.18,34.21,31.56,31.90,8238127,157370928.00
2018/12/28,31.70,32.28,30.83,31.17,4012469,73388488.00
2019/01/02,31.09,31.58,30.17,31.43,3583235,64989104.00
2019/01/03,31.51,31.51,28.93,29.20,5981775,104498984.00
2019/01/04,28.93,30.80,28.86,30.47,5237627,91061352.00
2019/01/07,30.97,31.29,30.00,30.69,3821646,68504648.00
2019/01/08,30.75,31.22,30.18,30.42,3432564,61064508.00
2019/01/09,30.68,31.00,29.93,30.08,4996895,88635792.00
2019/01/10,30.32,30.42,29.57,29.78,3616274,63053084.00
2019/01/11,30.00,31.34,29.78,31.03,6899423,122744120.00
2019/01/14,31.49,31.51,29.52,29.59,5419176,94963264.00
2019/01/15,29.56,30.25,29.56,29.98,3255363,56526260.00
2019/01/16,30.01,30.59,29.95,29.98,3188072,55969420.00
2019/01/17,30.13,30.49,28.89,29.10,3902915,66686160.00
2019/01/18,29.06,29.59,28.55,29.32,3386600,57355976.00
2019/01/21,29.78,29.81,29.30,29.47,2638370,45253264.00
2019/01/22,29.54,31.14,28.96,29.78,5399138,94235968.00
2019/01/23,29.61,30.46,29.10,29.91,4655322,80274832.00
2019/01/24,29.52,29.91,29.33,29.37,3270094,56290064.00
2019/01/25,29.37,29.54,28.28,28.31,3861822,64942892.00
2019/01/28,27.77,27.99,25.90,25.95,7427655,114368200.00
2019/01/29,25.27,26.90,25.27,26.50,4972320,75230024.00
2019/01/30,26.16,26.75,25.39,25.63,3036173,46148228.00
2019/01/31,25.56,26.24,24.47,24.71,3898188,57151372.00
2019/02/01,24.93,25.54,24.93,25.12,2823250,41302684.00
2019/02/11,25.59,26.05,25.17,26.05,2955998,44213524.00
2019/02/12,26.17,26.84,26.07,26.36,3983228,61073732.00
2019/02/13,26.41,26.89,26.29,26.75,4190286,64592064.00
2019/02/14,26.72,27.01,26.51,26.75,3566246,55233200.00
2019/02/15,26.65,27.58,26.65,26.80,4538929,71413944.00
2019/02/18,26.38,28.69,26.10,28.25,12200943,192075856.00
2019/02/19,28.16,28.28,27.41,27.74,8130565,131072456.00
2019/02/20,27.65,27.77,26.97,27.36,4738468,75145048.00
2019/02/21,27.36,28.62,27.29,28.25,8984835,145750560.00
2019/02/22,28.26,30.10,28.11,29.67,11894974,201328144.00
2019/02/25,29.59,31.07,28.98,30.69,12984326,226990240.00
2019/02/26,30.41,31.27,29.90,30.35,10472565,185631056.00
2019/02/27,30.35,30.66,29.35,29.59,7745474,134825840.00
2019/02/28,29.25,30.03,29.11,29.62,4481088,76953648.00
2019/03/01,29.62,29.81,29.11,29.49,4623520,78946264.00
2019/03/04,29.49,30.18,29.45,29.74,8331144,143833328.00
2019/03/05,29.49,30.13,29.47,30.13,7709580,133030720.00
2019/03/06,30.41,33.11,30.41,33.11,16661736,310839008.00
2019/03/07,34.20,35.91,33.72,34.42,22792540,460099040.00
2019/03/08,33.64,33.70,32.02,32.11,12319971,236170128.00
2019/03/11,32.19,33.55,31.43,33.38,11774685,223306640.00
2019/03/12,33.72,34.06,32.72,33.36,13443864,261330384.00
2019/03/13,33.48,33.64,31.85,32.07,8709090,165106656.00
2019/03/14,31.60,32.14,29.61,30.12,8757713,156093216.00
2019/03/15,30.51,31.26,30.10,30.90,6875942,122686680.00
2019/03/18,31.05,32.02,31.05,31.77,6858565,126084656.00
2019/03/19,31.78,32.02,31.19,31.39,5825623,106853192.00
2019/03/20,31.66,33.55,31.36,33.23,12467328,233767824.00
2019/03/21,32.96,33.41,32.41,32.70,9705853,184947488.00
2019/03/22,32.50,33.36,32.46,33.11,9024086,173290832.00
2019/03/25,32.55,32.96,31.85,31.85,6810353,128106656.00
2019/03/26,31.82,32.12,29.64,29.98,7978051,143504304.00
2019/03/27,30.30,30.75,30.00,30.63,4265433,75218376.00
2019/03/28,30.20,30.63,29.90,30.03,3960837,69581872.00
2019/03/29,30.07,31.32,29.91,30.98,4997918,88719512.00
2019/04/01,30.98,32.12,30.98,31.87,6355941,116885848.00
2019/04/02,31.88,34.89,31.88,33.40,17157567,334583424.00
2019/04/03,33.21,34.03,32.68,33.62,9911178,192926288.00
2019/04/04,33.67,34.03,32.80,33.16,8091477,156337904.00
2019/04/08,33.55,34.35,32.55,32.85,8838895,171878992.00
2019/04/09,32.79,33.30,32.19,32.85,5720808,108943280.00
2019/04/10,31.70,31.71,30.15,30.66,11488207,204634912.00
2019/04/11,30.49,30.58,30.18,30.20,4803095,84626664.00
2019/04/12,30.18,30.92,30.07,30.83,4686416,83126192.00
2019/04/15,30.83,31.29,30.22,30.29,4866019,87041312.00
2019/04/16,30.03,30.29,28.91,30.24,6643306,113914240.00
2019/04/17,30.25,30.78,30.01,30.66,5436681,96097256.00
2019/04/18,30.66,30.80,29.62,29.73,4976117,86942048.00
2019/04/19,29.73,29.96,29.01,29.56,4222203,72076264.00
2019/04/22,29.74,29.79,29.10,29.15,3300380,56294528.00
2019/04/23,29.22,29.28,27.65,27.97,5252616,86112840.00
2019/04/24,28.16,28.20,27.23,28.03,4165540,66876944.00
2019/04/25,27.79,28.35,26.41,26.55,4746885,75566104.00
2019/04/26,26.26,26.89,26.14,26.26,3587650,55130268.00
2019/04/29,26.33,26.44,24.49,24.73,5360683,78299424.00
2019/04/30,25.08,25.39,24.81,25.39,4234365,61393784.00
2019/05/06,24.20,24.86,22.93,23.13,4415281,61063616.00
2019/05/07,23.20,23.84,23.11,23.64,3746656,50954196.00
2019/05/08,23.18,24.03,23.06,23.66,3066793,41803164.00
2019/05/09,23.49,23.71,23.25,23.25,2978572,40392420.00
2019/05/10,23.89,24.03,22.70,23.98,4089195,55852368.00
2019/05/13,24.03,24.03,23.61,23.83,2375363,32734792.00
2019/05/14,23.35,23.76,23.28,23.30,2343428,31782948.00
2019/05/15,23.55,23.86,23.42,23.74,3043194,41679524.00
2019/05/16,23.91,23.91,23.61,23.88,2804045,38572080.00
2019/05/17,23.95,23.98,21.60,21.91,6040563,79005424.00
2019/05/20,22.02,22.02,20.90,21.74,3954037,48840820.00
2019/05/21,21.74,22.76,21.51,22.64,4371581,56487500.00
2019/05/22,23.86,23.95,22.93,23.06,6810705,91683832.00
2019/05/23,23.20,24.22,23.06,23.13,5352407,72567688.00
2019/05/24,23.10,23.55,21.84,22.30,3990200,51879636.00
2019/05/27,23.69,23.81,22.84,23.44,4326698,58196100.00
2019/05/28,23.13,25.22,23.13,24.22,7478806,104643440.00
2019/05/29,23.91,24.73,23.91,24.39,4746401,66796904.00
2019/05/30,24.46,25.82,23.95,25.24,8431706,122233760.00
2019/05/31,24.98,25.49,24.45,24.47,8529560,81692088.00
2019/06/03,24.52,24.70,22.59,22.94,9242680,83290496.00
2019/06/04,23.15,23.20,21.87,22.18,6269625,54614108.00
2019/06/05,22.59,24.04,22.46,23.58,9641957,86167568.00
2019/06/06,23.96,24.01,22.38,22.81,6878107,61057316.00
2019/06/10,22.97,23.15,22.38,22.71,4561940,40126424.00
2019/06/11,22.97,23.50,22.64,23.43,6283225,56091048.00
2019/06/12,23.32,24.06,23.12,23.86,7067345,64595692.00
2019/06/13,23.99,23.99,23.45,23.61,5069571,46314768.00
2019/06/14,23.71,23.94,22.99,23.07,4340775,39422588.00
2019/06/17,22.94,23.71,22.94,23.68,4155022,37472344.00
2019/06/18,23.68,23.71,23.30,23.38,2502917,22662366.00
2019/06/19,23.86,24.01,22.87,23.15,4920392,44492060.00
2019/06/20,23.12,23.73,22.94,23.55,7293186,65735908.00
2019/06/21,23.99,24.27,23.68,24.06,7140907,65998348.00
2019/06/24,24.06,24.12,23.53,23.71,3861090,35380624.00
2019/06/25,23.81,23.81,22.87,23.04,4607167,41048080.00
2019/06/26,21.97,22.33,21.57,22.15,6138221,52001488.00
2019/06/27,22.08,22.43,21.64,21.92,5698704,48153484.00
2019/06/28,21.97,21.97,20.90,21.08,4757418,38853196.00
2019/07/01,21.39,21.69,21.23,21.69,4576309,37916684.00
2019/07/02,21.79,21.87,21.44,21.57,4206634,34997148.00
2019/07/03,21.41,21.54,21.03,21.51,4192170,34299848.00
2019/07/04,21.46,21.57,20.98,21.21,3217226,26260968.00
2019/07/05,21.16,21.23,20.93,21.08,2814280,22833070.00
2019/07/08,20.72,21.59,19.37,21.18,12131162,94832144.00
2019/07/09,20.47,22.20,20.34,21.92,11325579,94197400.00
2019/07/10,21.74,23.43,21.74,22.99,13164795,115215440.00
2019/07/11,22.66,23.30,22.15,22.66,9020393,78914952.00
2019/07/12,22.30,22.84,22.13,22.15,5799024,50098292.00
2019/07/15,22.15,23.25,20.80,23.10,10444279,90462248.00
2019/07/16,23.02,23.50,22.69,22.87,6566735,58164748.00
2019/07/17,22.81,23.25,22.41,22.46,4438505,38819628.00
2019/07/18,22.53,22.59,21.77,21.77,3717909,31576070.00
2019/07/19,21.92,22.38,21.64,21.69,3000268,25398940.00
2019/07/22,21.69,21.87,20.55,20.95,3937008,32065728.00
2019/07/23,21.08,21.39,20.77,21.18,3371222,27293926.00
2019/07/24,21.26,21.49,21.13,21.31,2766959,22725744.00
2019/07/25,21.46,23.40,21.41,23.40,9694359,84415776.00
2019/07/26,24.04,24.96,23.35,23.40,24215014,224740688.00
2019/07/29,23.45,23.89,23.02,23.45,10780698,97518184.00
2019/07/30,23.45,23.58,22.99,23.02,8510510,76210160.00
2019/07/31,22.81,23.53,22.51,23.32,8210742,72831648.00
2019/08/01,22.84,24.32,22.71,24.12,13073486,119847360.00
2019/08/02,23.55,23.89,22.99,23.40,7836735,70830520.00
2019/08/05,23.35,23.91,22.76,23.73,8856615,80138144.00
2019/08/06,23.07,24.12,22.76,24.12,10308555,93453616.00
2019/08/07,24.06,24.70,23.30,23.32,10857369,100429936.00
2019/08/08,23.10,23.40,22.48,22.79,7372808,65255364.00
2019/08/09,22.79,22.97,21.11,21.39,8366593,70843824.00
2019/08/12,21.36,21.46,20.93,21.39,4331813,35300360.00
2019/08/13,21.23,22.30,21.11,21.51,4981780,41565256.00
2019/08/14,21.67,22.05,21.26,21.26,4540303,37798628.00
2019/08/15,20.62,21.21,20.32,21.08,4487805,35852120.00
2019/08/16,21.18,21.31,21.03,21.11,3702361,30075096.00
2019/08/19,21.31,21.74,21.11,21.67,4594011,37966000.00
2019/08/20,21.67,22.15,21.59,21.90,4693926,39583964.00
2019/08/21,21.95,22.15,21.54,21.85,3618165,30369926.00
2019/08/22,21.97,22.46,21.72,22.25,4467126,38003516.00
2019/08/23,22.20,22.74,22.02,22.33,4844515,41705092.00
2019/08/26,21.82,22.28,21.46,22.08,3247670,27496498.00
2019/08/27,22.36,23.02,22.10,22.69,5176638,45230660.00
2019/08/28,22.61,22.97,22.15,22.18,3694795,31880498.00
2019/08/29,22.23,22.53,22.00,22.02,3301891,28331310.00
2019/08/30,22.10,23.96,22.02,22.23,6621675,57980788.00
2019/09/02,21.87,22.84,21.87,22.64,4910764,42609344.00
2019/09/03,22.71,23.02,22.46,22.81,5808040,50935632.00
2019/09/04,22.89,22.92,22.43,22.76,3901523,34027880.00
2019/09/05,23.38,23.91,22.89,22.94,6632738,59354916.00
2019/09/06,22.84,23.07,22.51,22.76,4025894,35295260.00
2019/09/09,23.10,23.50,22.71,23.43,6458713,57684316.00
2019/09/10,23.43,23.45,22.99,23.35,4681028,41886620.00
2019/09/11,23.78,25.65,23.38,25.65,17945162,173376352.00
2019/09/12,25.14,27.63,25.01,26.64,28835830,293087872.00
2019/09/16,26.18,26.77,25.87,26.38,14158172,143222720.00
2019/09/17,26.16,28.27,26.00,27.58,20823629,218287184.00
2019/09/18,27.79,28.88,27.02,28.02,24587514,265281072.00
2019/09/19,27.63,27.94,27.02,27.30,12568798,132929824.00
2019/09/20,26.92,27.97,26.54,26.95,11775588,123233472.00
2019/09/23,26.74,27.81,26.54,27.00,9106997,95432296.00
2019/09/24,26.82,27.25,26.59,27.18,7730677,80463040.00
2019/09/25,27.30,27.63,25.67,25.87,9399461,95087912.00
2019/09/26,25.87,26.46,24.14,24.40,7729117,75358568.00
2019/09/27,24.68,25.57,24.47,25.03,6998116,67825720.00
2019/09/30,25.44,25.67,24.22,24.42,5025563,48027844.00
2019/10/08,24.14,24.78,23.96,24.12,4018663,37754660.00
2019/10/09,23.96,24.60,23.63,24.45,4028293,37602000.00
2019/10/10,24.45,24.91,24.45,24.52,5102720,48493568.00
2019/10/11,24.80,24.80,23.91,24.22,4310155,40188056.00
2019/10/14,24.24,24.50,23.99,24.45,4725515,44316104.00
2019/10/15,24.50,24.50,23.99,24.17,3478000,32395912.00
2019/10/16,24.22,24.22,23.35,23.78,4881340,44581040.00
2019/10/17,23.81,23.83,23.48,23.66,3048533,27782652.00
2019/10/18,23.66,24.09,23.55,24.09,4188511,38462156.00
2019/10/21,23.99,26.46,23.63,26.46,18978031,188576720.00
2019/10/22,26.95,29.06,26.21,29.06,34735362,376138912.00
2019/10/23,29.98,30.49,27.66,27.79,38669614,438722400.00
2019/10/24,27.15,29.55,27.15,28.32,29590385,327943488.00
2019/10/25,26.82,27.12,25.54,26.08,26257767,264389056.00
2019/10/28,25.90,27.76,25.19,27.15,23693517,244103792.00
2019/10/29,27.12,27.97,26.38,26.46,14967125,156067568.00
2019/10/30,26.05,26.67,24.32,25.11,12742965,125325944.00
2019/10/31,24.88,26.28,23.94,24.12,13378419,128523208.00
2019/11/01,23.66,24.06,23.50,23.68,8805860,80723576.00
2019/11/04,23.83,24.83,23.81,24.45,11531709,108321808.00
2019/11/05,24.52,24.65,23.99,24.17,5925749,55325952.00
2019/11/06,23.99,25.11,23.71,24.29,9499500,89126864.00
2019/11/07,24.14,24.14,23.53,23.86,6941254,63604084.00
2019/11/08,24.14,24.47,23.78,24.32,7733364,71955072.00
2019/11/11,24.12,24.12,22.92,22.94,6767047,61223492.00
2019/11/12,23.04,23.17,21.36,22.18,8075665,68444936.00
2019/11/13,22.08,22.08,21.18,21.41,6582804,54733692.00
2019/11/14,21.59,22.15,21.36,21.54,5652590,47324252.00
2019/11/15,21.46,22.18,21.46,21.69,4398952,37011652.00
2019/11/18,21.57,21.92,21.39,21.51,4363550,36254828.00
2019/11/19,21.79,21.92,21.54,21.82,4750708,39790040.00
2019/11/20,21.41,21.79,21.39,21.51,4766143,39475444.00
2019/11/21,21.31,21.64,21.21,21.49,3152715,25955934.00
2019/11/22,21.44,21.64,20.75,20.77,6030199,49029772.00
2019/11/25,20.75,21.18,20.60,20.85,3600215,28981020.00
2019/11/26,20.93,21.00,20.32,20.49,4515645,35584764.00
2019/11/27,20.11,20.67,20.11,20.34,3490417,27365912.00
2019/11/28,20.32,20.60,19.98,19.98,2750550,21378326.00
2019/11/29,20.11,20.34,19.86,20.24,2875365,22245298.00
2019/12/02,20.44,20.52,20.24,20.34,2138255,16725243.00
2019/12/03,20.39,20.60,20.01,20.57,2181050,17059026.00
2019/12/04,20.39,20.77,20.37,20.75,3079415,24412312.00
2019/12/05,20.67,21.44,20.67,21.16,5049260,40995052.00
2019/12/06,21.11,21.77,21.00,21.49,4841157,40045400.00
2019/12/09,21.49,21.69,21.31,21.41,2878035,23795646.00
2019/12/10,21.44,21.90,21.34,21.72,4098365,34080164.00
2019/12/11,21.62,21.72,21.31,21.36,2589300,21359440.00
2019/12/12,21.54,21.72,21.26,21.36,2674495,22135240.00
2019/12/13,21.44,21.77,21.44,21.69,2348032,19531724.00
2019/12/16,21.67,22.18,21.46,22.02,3189410,26922300.00
2019/12/17,22.05,22.46,21.92,22.15,3299585,28189152.00
2019/12/18,22.08,23.02,22.02,22.64,4359148,37904240.00
2019/12/19,22.59,24.50,22.59,24.06,9236929,84288912.00
2019/12/20,24.01,24.85,23.48,23.58,11282525,106144232.00
2019/12/23,23.89,24.06,22.84,22.89,5369966,48339552.00
2019/12/24,23.04,23.04,22.51,22.76,4047675,35430424.00
2019/12/25,22.76,22.97,22.08,22.33,5398865,46677680.00
2019/12/26,22.41,23.04,22.20,22.99,7536887,65489992.00
2019/12/27,23.15,25.26,22.84,25.26,7976786,75689328.00
2019/12/30,25.49,27.05,24.63,24.75,29175640,291790848.00
2019/12/31,23.99,25.36,23.61,24.60,14740259,138684848.00
2020/01/02,24.63,27.02,24.63,26.33,42532894,430251680.00
2020/01/03,26.31,26.36,24.75,25.65,31956242,316046400.00
2020/01/06,24.70,26.67,23.66,26.61,34244254,333322816.00
2020/01/07,26.41,27.63,26.03,26.54,28815732,298270144.00
2020/01/08,25.62,26.26,25.29,25.39,14081782,139692048.00
2020/01/09,25.85,27.89,25.75,27.89,13918620,147308880.00
2020/01/10,28.45,29.22,27.05,27.07,29432520,319002944.00
2020/01/13,26.72,28.20,26.51,27.69,18819992,198957632.00
2020/01/14,27.81,27.89,26.41,26.69,19481155,203574400.00
2020/01/15,26.41,26.79,25.42,25.90,14676219,146921184.00
2020/01/16,26.36,26.74,24.91,25.11,15842429,156980768.00
2020/01/17,25.52,26.21,24.55,25.19,17271928,169091024.00
2020/01/20,25.03,25.52,24.17,24.42,15700640,148781024.00
2020/01/21,24.45,24.63,23.48,23.48,10741400,99077328.00
2020/01/22,23.30,23.73,22.41,23.50,10544622,93624752.00
2020/01/23,23.15,23.48,21.57,22.02,8922001,77426176.00
2020/02/03,19.86,19.86,19.86,19.86,895200,6830376.00
2020/02/04,18.12,19.42,18.12,19.07,11662684,85080352.00
2020/02/05,19.32,19.75,19.07,19.53,9277503,69356392.00
2020/02/06,19.45,19.96,19.19,19.60,10151839,76610488.00
2020/02/07,19.65,20.19,19.53,19.93,8946125,68130984.00
2020/02/10,19.78,20.47,19.58,20.34,8648712,66968196.00
2020/02/11,20.55,20.55,19.86,20.06,6812030,52721240.00
2020/02/12,20.06,20.32,20.01,20.29,6939243,53766844.00
2020/02/13,20.34,20.65,19.58,19.78,10827935,83149504.00
2020/02/14,19.81,19.98,19.47,19.63,6574916,49705920.00
2020/02/17,19.70,20.90,19.63,20.65,13087382,102654144.00
2020/02/18,20.85,21.64,20.60,21.46,12721949,103937688.00
2020/02/19,21.67,22.20,21.13,21.57,13336781,111477296.00
2020/02/20,21.49,21.82,21.11,21.64,8874147,73348576.00
2020/02/21,21.64,22.33,21.57,21.79,9503339,79925320.00
2020/02/24,21.90,22.74,21.77,22.59,11648320,100167280.00
2020/02/25,21.82,22.59,21.08,22.46,12318235,104054488.00
2020/02/26,22.02,22.30,21.59,21.69,8092350,68193856.00
2020/02/27,21.69,22.51,21.36,21.87,6993320,58663208.00
2020/02/28,21.06,21.26,19.93,19.96,8774789,69746984.00
2020/03/02,20.11,21.72,20.11,21.44,9231078,75049904.00
2020/03/03,21.92,22.08,21.11,21.31,8414665,70167016.00
2020/03/04,21.28,23.40,21.18,23.40,17899127,156942768.00
2020/03/05,24.78,25.39,23.10,23.58,34280709,319234336.00
2020/03/06,23.15,23.32,22.43,22.48,19298755,169302672.00
2020/03/09,22.00,22.00,21.23,21.26,12815445,106562024.00
2020/03/10,20.80,21.74,20.55,21.67,9971669,81097040.00
2020/03/11,21.62,21.92,21.21,21.26,7592984,62939944.00
2020/03/12,21.00,21.00,20.42,20.52,6155938,48990048.00
2020/03/13,19.65,20.32,19.02,20.04,7931968,59919944.00
2020/03/16,20.09,20.67,19.22,19.22,6597253,50830776.00
2020/03/17,19.53,20.01,18.43,19.86,7355199,54422912.00
2020/03/18,19.83,20.34,19.30,19.30,6196221,47241952.00
2020/03/19,19.30,20.19,18.89,19.98,6480780,48799608.00
2020/03/20,20.01,20.26,19.60,20.11,4608130,35296784.00
2020/03/23,19.68,20.01,19.27,19.42,3463271,26146202.00
2020/03/24,19.86,19.96,19.42,19.86,3681760,27912672.00
2020/03/25,20.21,20.49,19.93,20.26,5431130,42196844.00
2020/03/26,20.09,20.26,19.88,19.96,3592010,27681218.00
2020/03/27,20.26,21.92,20.09,20.85,19741808,162068448.00
2020/03/30,20.32,20.39,19.30,19.70,12607269,95697712.00
2020/03/31,19.91,19.98,19.24,19.30,6425474,48156408.00
2020/04/01,19.40,19.45,18.94,19.07,4713900,34790848.00
2020/04/02,19.02,19.45,18.89,19.45,4229462,31155972.00
2020/04/03,19.45,19.60,19.22,19.24,3973710,29619880.00
2020/04/07,19.58,19.78,19.40,19.75,5318609,40068764.00
2020/04/08,19.78,20.26,19.63,20.04,5789828,44484648.00
2020/04/09,20.04,20.44,19.86,20.32,6932785,53705564.00
2020/04/10,20.21,20.29,19.40,19.45,5452907,41320224.00
2020/04/13,19.37,19.40,18.76,18.99,4884375,35741812.00
2020/04/14,19.12,19.32,19.02,19.27,3458230,25472676.00
2020/04/15,19.22,19.47,19.19,19.37,3682930,27299206.00
2020/04/16,19.22,19.32,19.09,19.30,2648638,19543256.00
2020/04/17,19.68,19.68,19.24,19.27,4249560,31755886.00
2020/04/20,19.24,19.68,19.19,19.65,4098107,30738744.00
2020/04/21,19.58,19.58,19.22,19.45,2796910,20787126.00
2020/04/22,19.75,21.36,19.75,21.36,18661006,149086928.00
2020/04/23,21.77,23.30,21.54,22.18,28997801,247898816.00
2020/04/24,22.10,23.81,21.85,22.99,21639158,189194496.00
2020/04/27,22.87,23.50,21.82,22.10,15719530,134512432.00
2020/04/28,22.28,22.28,20.62,21.28,11856980,97449320.00
2020/04/29,21.13,23.22,21.13,22.38,13534660,115890760.00
2020/04/30,22.28,22.84,21.92,22.13,10299905,88276616.00
2020/05/06,21.87,23.96,21.72,23.83,14081863,125189056.00
2020/05/07,23.55,26.18,23.55,24.88,26883294,259376608.00
2020/05/08,25.90,26.18,24.65,25.47,16561635,162812656.00
2020/05/11,25.01,27.40,25.01,26.10,16795200,170992480.00
2020/05/12,26.33,28.68,25.95,28.68,18676559,202102768.00
2020/05/13,29.83,31.51,28.93,31.51,13279989,157560624.00
2020/05/14,34.62,34.62,32.61,34.62,42089179,557906624.00
2020/05/15,36.00,38.04,35.41,38.04,57921157,836028416.00
2020/05/18,36.36,36.81,34.26,34.26,49606424,671454336.00
2020/05/19,35.74,37.66,34.93,37.66,50709065,710126912.00
2020/05/20,34.19,35.85,33.93,33.93,38659931,518816256.00
2020/05/21,34.62,35.18,33.04,33.50,32079036,424370528.00
2020/05/22,32.66,33.91,31.61,33.12,27981118,356938688.00
2020/05/25,32.71,34.95,31.87,33.35,27027204,350233952.00
2020/05/26,33.50,36.64,33.07,35.69,40396155,548916800.00
2020/05/27,35.03,36.02,33.27,34.06,27412070,370102528.00
2020/05/28,33.58,34.47,31.26,32.66,24757835,312493248.00
2020/05/29,32.61,35.90,32.33,35.90,24718943,339854848.00
2020/06/01,38.27,39.44,37.02,39.44,11488405,172516720.00
2020/06/02,42.45,43.29,36.43,36.94,43874682,675334080.00
2020/06/03,36.56,38.91,35.77,36.66,31447786,454698432.00
2020/06/04,35.87,36.69,34.90,35.18,21616233,298116224.00
2020/06/05,35.18,37.76,34.72,36.58,24308192,344601696.00
2020/06/08,36.58,37.58,35.21,37.07,18768635,265807088.00
2020/06/09,36.41,36.87,35.28,36.66,13231635,185362688.00
2020/06/10,36.15,36.36,34.06,36.07,14089589,193398544.00
2020/06/11,35.85,38.45,35.85,37.04,17766512,257178160.00
2020/06/12,36.07,39.62,36.05,38.37,19208868,287318976.00
2020/06/15,38.55,39.93,36.84,38.73,21054618,310723936.00
2020/06/16,38.96,39.39,38.14,39.11,15181411,228850096.00
2020/06/17,38.75,42.99,38.52,41.97,22600154,366025856.00
2020/06/18,41.56,43.72,38.01,38.55,21685113,338757696.00
2020/06/19,38.17,39.36,37.68,38.32,12827483,191923072.00
2020/06/22,38.57,38.96,36.87,38.34,12057836,176356544.00
2020/06/23,38.50,39.29,36.87,38.70,10586886,156943488.00
2020/06/24,37.71,38.42,37.09,37.20,8526965,123987448.00
2020/06/29,37.12,37.76,34.75,35.49,16783320,231734848.00
2020/06/30,36.00,36.02,34.19,35.49,15303730,208121344.00
2020/07/01,35.56,37.94,35.08,36.76,15677740,223252736.00
2020/07/02,37.35,40.41,36.46,40.41,16852799,259485984.00
2020/07/03,42.02,42.19,38.91,40.03,17759135,273834848.00
2020/07/06,42.22,43.98,41.20,43.98,7863615,131937112.00
2020/07/07,47.58,48.34,46.68,48.34,4985832,92919584.00
2020/07/08,53.01,53.13,47.32,53.13,30462440,608803520.00
2020/07/09,51.32,57.34,50.94,56.42,22933862,491077280.00
2020/07/10,56.17,56.17,51.09,52.04,21381586,443000640.00
2020/07/13,52.09,53.67,46.89,52.90,14769143,302195712.00
2020/07/14,53.19,54.66,50.38,52.09,13440526,271707264.00
2020/07/15,51.43,53.08,47.60,47.98,15370583,297027104.00
2020/07/16,48.60,49.23,43.98,44.16,11963677,216109104.00
2020/07/17,46.12,47.07,42.88,45.15,11050252,194390608.00
2020/07/20,45.59,49.64,45.43,47.09,12611874,232201856.00
2020/07/21,48.60,51.76,47.19,51.76,12676503,249462112.00
2020/07/22,52.11,54.18,50.00,51.02,19029433,386309408.00
2020/07/23,50.13,52.29,50.05,51.37,12602691,250892944.00
2020/07/24,51.15,52.39,46.81,47.75,14089118,273222496.00
2020/07/27,49.11,49.87,46.68,49.31,10709602,201926816.00
2020/07/28,50.00,50.38,47.86,50.28,8059280,153211232.00
2020/07/29,49.97,55.28,49.46,55.28,17396279,360967840.00
2020/07/30,56.50,59.02,54.72,57.32,15195476,336862496.00
2020/07/31,56.50,59.00,54.46,58.03,15520065,341800608.00
2020/08/03,57.47,61.09,56.17,59.31,14966357,338356096.00
2020/08/04,58.29,58.74,55.48,56.86,10623539,236878320.00
2020/08/05,56.50,58.95,54.74,57.27,12347929,274697184.00
2020/08/06,56.53,60.33,56.07,59.15,12703431,288817952.00
2020/08/07,59.43,64.12,58.51,61.04,13608972,327465536.00
2020/08/10,63.64,63.82,58.80,62.37,11192381,268812768.00
2020/08/11,66.70,66.70,56.45,56.78,21115646,497792928.00
2020/08/12,58.18,59.33,55.05,57.01,13453498,301874080.00
2020/08/13,57.19,57.95,54.94,55.71,8316008,181451088.00
2020/08/14,55.68,58.41,55.10,57.21,8403583,185989984.00
2020/08/17,56.86,62.47,56.50,61.88,14605285,346937120.00
2020/08/18,62.16,63.00,59.82,60.22,9402676,224043376.00
2020/08/19,60.27,61.88,59.00,59.84,8207348,192150832.00
2020/08/20,58.44,60.20,57.95,59.18,5570229,127608720.00
2020/08/21,58.67,61.60,58.29,60.07,8526739,199297024.00
2020/08/24,60.33,62.11,59.56,59.82,5890727,139135600.00
2020/08/25,59.89,61.06,58.03,58.49,6540816,151072016.00
2020/08/26,59.02,59.05,53.44,53.95,10187931,221007920.00
2020/08/27,54.46,56.12,52.55,54.77,8236824,174176192.00
2020/08/28,55.05,56.65,53.95,56.19,7020072,152647664.00
2020/08/31,56.19,56.91,51.40,52.93,15019179,311945728.00
2020/09/01,52.98,53.49,51.66,52.42,8042906,164202144.00
2020/09/02,51.96,53.21,51.09,52.37,9780892,198666176.00
2020/09/03,52.32,55.30,51.68,52.90,14935623,310315552.00
2020/09/04,51.35,52.85,50.33,51.91,9350351,188197728.00
2020/09/07,52.14,52.80,50.13,50.53,8691768,173926560.00
2020/09/08,50.07,50.66,47.58,49.16,10002445,191073936.00
2020/09/09,49.08,49.11,45.71,46.02,10807845,196492656.00
2020/09/10,46.17,47.07,42.86,43.44,11000128,190763520.00
2020/09/11,43.19,45.97,42.42,43.62,11949837,202902736.00
2020/09/14,44.46,46.50,43.52,44.97,13448649,233952384.00
2020/09/15,44.97,46.94,43.85,46.63,10623381,188082176.00
2020/09/16,46.10,46.76,45.03,45.51,8604152,152784784.00
2020/09/17,45.97,46.17,44.97,45.38,7068550,125138824.00
2020/09/18,44.72,47.17,44.54,46.71,10266212,183517344.00
2020/09/21,46.35,47.63,45.97,46.76,5420182,98722288.00
2020/09/22,46.20,47.91,45.99,46.45,7195715,131359952.00
2020/09/23,46.30,49.18,46.30,47.91,9433364,175149312.00
2020/09/24,47.47,48.06,46.68,46.99,6648117,122362736.00
2020/09/25,47.04,47.98,46.30,46.30,7253890,132425288.00
2020/09/28,46.45,49.00,46.45,48.52,12302416,229664352.00
2020/09/29,48.11,48.65,41.17,47.04,22566570,390440640.00
2020/09/30,46.56,48.57,45.20,45.82,12709542,230846336.00
2020/10/09,46.30,47.04,44.44,44.80,9915146,175706400.00
2020/10/12,44.54,51.63,44.54,51.15,18619685,354485248.00
2020/10/13,51.15,54.43,50.64,53.01,16833601,344521472.00
2020/10/14,53.95,54.15,51.58,52.24,9710050,199318224.00
2020/10/15,53.06,54.36,51.66,52.47,8742161,179108400.00
2020/10/16,52.47,53.67,51.43,53.19,8388685,172611472.00
2020/10/19,53.90,53.90,50.58,51.78,12694779,256829808.00
2020/10/20,51.78,53.16,49.97,52.80,10684386,215226288.00
2020/10/21,53.95,59.79,52.57,57.70,27578690,592204224.00
2020/10/22,59.05,61.29,56.25,57.90,29577761,679214464.00
2020/10/23,55.99,58.21,52.32,53.19,22593291,485170016.00
2020/10/26,52.42,53.01,48.34,52.17,15370618,306544512.00
2020/10/27,52.22,55.63,52.22,53.29,15479590,322797856.00
2020/10/28,53.95,54.74,51.02,51.43,14762362,299121568.00
2020/10/29,50.23,52.14,49.87,51.30,9573600,191555808.00
2020/10/30,51.40,51.50,47.58,47.93,13273176,255429776.00
2020/11/02,48.60,49.31,47.37,48.62,9605411,181725088.00
2020/11/03,49.36,49.44,48.09,48.93,8432971,159857152.00
2020/11/04,49.08,49.13,47.07,47.32,9266182,171784656.00
2020/11/05,48.21,49.62,47.80,48.93,9937944,188056208.00
2020/11/06,49.13,49.41,46.76,47.27,8967301,166275728.00
2020/11/09,47.60,48.85,47.52,48.11,8576853,160313808.00
2020/11/10,48.62,48.85,47.50,47.78,8103700,151173776.00
2020/11/11,47.86,47.93,43.67,44.85,16425391,289146784.00
2020/11/12,44.72,45.18,42.68,43.21,13056832,220178928.00
2020/11/13,42.81,43.24,41.58,42.45,9725556,159433664.00
2020/11/16,42.42,43.32,41.97,42.76,7992375,132495752.00
2020/11/17,43.01,44.54,41.84,42.73,11253672,188030560.00
2020/11/18,42.30,43.06,41.89,42.37,6521037,107098528.00
2020/11/19,42.17,42.48,41.46,42.14,5819980,95058496.00
2020/11/20,43.11,44.95,43.06,43.70,13821245,236413440.00
2020/11/23,43.75,44.64,42.73,43.09,9432351,160065888.00
2020/11/24,42.45,46.76,42.22,45.23,14890723,258821600.00
2020/11/25,45.43,45.43,43.75,43.75,8161946,140809248.00
2020/11/26,43.60,44.18,42.73,43.29,4511760,75907168.00
2020/11/27,42.88,43.29,41.46,43.11,6041370,99652000.00
2020/11/30,42.48,42.68,40.13,40.44,11796338,188620256.00
2020/12/01,40.28,41.10,39.64,40.92,6143333,97058728.00
2020/12/02,40.92,41.66,40.59,41.07,5033327,80218064.00
2020/12/03,40.46,41.48,40.46,40.92,5108325,81496960.00
2020/12/04,41.20,41.23,40.46,41.05,4941075,78293224.00
2020/12/07,41.20,41.20,40.38,40.72,4344107,68705800.00
2020/12/08,40.44,41.07,40.44,40.74,4833267,76450768.00
2020/12/09,40.77,41.20,39.98,40.33,5441589,85511336.00
2020/12/10,39.85,40.59,39.16,39.95,4922927,76359648.00
2020/12/11,39.82,40.00,37.58,39.16,6855835,102952312.00
2020/12/14,39.13,41.30,38.17,40.87,9507109,148625424.00
2020/12/15,41.61,44.85,41.61,43.37,19199132,323749120.00
2020/12/16,43.37,44.82,42.45,43.67,15450602,262625472.00
2020/12/17,44.03,44.29,42.68,44.06,10458782,176685280.00
2020/12/18,43.65,44.57,42.86,43.39,7937182,133991440.00
2020/12/21,43.01,45.41,42.70,45.25,11922728,205716848.00
2020/12/22,44.77,45.48,44.06,44.90,9659787,167771424.00
2020/12/23,45.10,45.66,43.24,44.95,8125685,140839952.00
2020/12/24,45.28,45.48,43.11,43.14,8390239,144404336.00
2020/12/25,43.16,44.97,43.14,44.13,9214888,158448896.00
2020/12/28,44.13,44.26,42.27,42.37,10589520,177175472.00
2020/12/29,43.27,44.21,42.42,42.48,9188218,154764096.00
2020/12/30,42.50,45.15,42.42,44.31,10445254,178293808.00
2020/12/31,44.52,46.78,43.90,46.56,12840330,229605264.00
2021/01/04,46.30,49.79,45.71,48.44,14755165,275013408.00
2021/01/05,48.09,48.75,46.48,47.47,10707041,197388400.00
2021/01/06,47.42,47.68,45.66,46.56,8561910,154647456.00
2021/01/07,46.22,47.19,44.77,46.61,9143243,163825984.00
2021/01/08,46.53,46.61,44.44,44.80,6885545,121049232.00
2021/01/11,49.13,49.62,46.48,47.78,19833664,373904032.00
2021/01/12,48.65,56.98,48.65,55.07,28383047,577072064.00
2021/01/13,53.70,55.68,51.73,54.21,18690810,389895072.00
2021/01/14,54.94,55.05,50.58,52.29,15270206,310363680.00
2021/01/15,52.01,52.24,49.36,50.53,12860300,252358160.00
2021/01/18,49.56,54.84,49.33,54.13,15533074,320880384.00
2021/01/19,53.54,55.10,52.88,53.11,8979459,187999584.00
2021/01/20,53.95,61.73,53.26,59.74,22915140,520171808.00
2021/01/21,59.74,60.53,58.54,58.95,12889503,297974080.00
2021/01/22,59.43,60.04,57.95,59.31,12100561,277714848.00
2021/01/25,59.05,59.89,56.76,58.34,12456188,283904256.00
2021/01/26,58.34,60.76,55.48,56.70,15004900,336966624.00
2021/01/27,55.43,56.19,52.57,54.21,12370490,262049984.00
2021/01/28,53.98,55.94,52.62,52.62,10130270,213475696.00
2021/01/29,53.11,53.77,50.28,51.25,10713318,216038352.00
2021/02/01,51.43,52.62,50.64,51.91,8221009,165867248.00
2021/02/02,51.81,55.99,49.90,55.02,16509294,343630560.00
2021/02/03,54.59,55.02,51.25,52.90,11473675,236622208.00
2021/02/04,53.11,54.41,51.12,52.09,9262244,189548384.00
2021/02/05,52.37,54.89,48.70,48.88,12149255,241753392.00
2021/02/08,47.83,51.02,47.83,50.53,10772771,208870976.00
2021/02/09,50.38,51.91,50.07,51.20,8137453,162099920.00
2021/02/10,51.68,51.88,49.41,50.76,6578507,128893216.00
2021/02/18,50.97,52.11,49.11,49.97,8381883,164658448.00
2021/02/19,49.67,51.09,49.03,49.95,7061607,137698512.00
2021/02/22,50.07,53.49,49.69,51.15,12829541,259882832.00
2021/02/23,50.84,52.14,49.39,51.02,9120442,181030448.00
2021/02/24,54.38,60.45,54.38,55.63,27946120,621662080.00
2021/02/25,56.47,60.33,54.97,59.56,24682887,556228224.00
2021/02/26,57.78,58.97,56.73,57.09,14965852,336835360.00
2021/03/01,57.44,61.80,57.09,61.40,15937797,370189856.00
2021/03/02,61.40,61.40,58.74,59.56,12245586,284189440.00
2021/03/03,59.99,62.44,59.46,60.61,13345040,315226464.00
2021/03/04,59.05,59.41,55.61,56.63,12602040,281491968.00
2021/03/05,57.14,60.02,55.63,57.52,12516674,282364800.00
2021/03/08,68.94,68.94,66.98,68.94,26951900,723480832.00
2021/03/09,68.69,71.67,63.79,67.90,37123934,984917568.00
2021/03/10,68.94,69.94,65.22,67.08,22403951,594436544.00
2021/03/11,67.13,73.28,67.13,70.17,22601051,620474112.00
2021/03/12,70.42,72.16,67.16,69.12,16589329,448544320.00
2021/03/15,68.13,68.28,63.59,64.56,18345297,467952768.00
2021/03/16,65.43,65.53,60.94,63.21,15980623,390749280.00
2021/03/17,64.15,64.97,61.04,64.30,12118656,299544704.00
2021/03/18,64.00,68.18,63.41,67.16,15509830,401546240.00
2021/03/19,64.99,66.42,62.67,62.88,12758151,319500736.00
2021/03/22,61.96,65.14,61.96,64.48,9851439,245014880.00
2021/03/23,64.28,65.55,62.21,62.42,10057119,248128624.00
2021/03/24,61.63,63.39,60.58,61.55,9956042,240140576.00
2021/03/25,60.38,61.80,59.61,60.07,8488289,200218256.00
2021/03/26,60.38,62.49,60.38,61.24,7679879,183451488.00
2021/03/29,59.99,61.86,59.36,60.84,7948247,188035456.00
2021/03/30,59.05,60.15,57.14,59.94,12127542,278257600.00
2021/03/31,59.43,60.10,58.57,59.51,5662347,130731496.00
2021/04/01,59.56,62.42,59.13,61.86,9449426,225494272.00
2021/04/02,62.11,64.51,58.74,61.35,14276148,340292544.00
2021/04/06,61.22,61.70,58.54,60.76,8584098,201003408.00
2021/04/07,60.33,60.50,59.05,59.43,6169289,143078768.00
2021/04/08,58.87,60.27,58.31,59.59,7405476,170862768.00
2021/04/09,59.41,62.11,58.95,60.40,10381892,244463024.00
2021/04/12,60.58,61.06,55.23,55.58,11955081,266791984.00
2021/04/13,54.82,56.91,54.33,55.71,7670444,166479872.00
2021/04/14,55.61,58.36,55.20,57.98,7165357,159790944.00
2021/04/15,57.95,59.25,56.78,58.95,7239902,164558768.00
2021/04/16,58.44,58.97,57.52,58.57,5042064,114594760.00
2021/04/19,58.23,60.78,57.34,60.45,6752190,156670496.00
2021/04/20,61.27,62.11,59.89,60.48,6438994,152653760.00
2021/04/21,60.33,63.72,59.92,62.34,8351421,201944480.00
2021/04/22,62.47,66.93,62.47,65.73,10715629,272220736.00
2021/04/23,65.83,68.46,64.92,67.18,13641677,354444352.00
2021/04/26,62.62,67.08,60.38,65.83,21855752,545191616.00
2021/04/27,65.60,67.80,63.51,64.71,15562153,394060960.00
2021/04/28,65.43,68.43,63.46,67.98,12408198,324188544.00
2021/04/29,68.43,68.92,66.47,66.55,8134846,213758112.00
2021/04/30,66.60,67.59,65.68,66.60,6178528,160699392.00
2021/05/06,66.16,66.88,62.42,62.62,11718831,290913376.00
2021/05/07,63.05,63.87,59.08,59.23,11085481,262490272.00
2021/05/10,59.25,60.15,55.86,56.42,9980450,223015968.00
2021/05/11,56.02,57.04,54.49,56.19,6179333,134592016.00
2021/05/12,56.35,57.90,55.00,57.34,7490610,165410000.00
2021/05/13,56.55,59.94,56.17,58.77,8222586,186981056.00
2021/05/14,58.97,60.02,57.67,59.08,5274929,120567912.00
2021/05/17,58.51,59.76,57.27,58.51,6439875,146951280.00
2021/05/18,57.90,64.05,57.83,62.90,12237938,291913792.00
2021/05/19,61.93,63.36,61.17,62.01,7870019,190562128.00
2021/05/20,61.57,62.44,60.35,61.37,5375330,128159936.00
2021/05/21,61.37,62.19,59.02,59.13,6462409,151252496.00
2021/05/24,59.53,61.65,59.10,59.41,5419834,126951840.00
2021/05/25,59.18,61.83,58.54,61.04,7985490,187389008.00
2021/05/26,60.30,61.57,59.13,61.04,7130346,167437376.00
2021/05/27,61.17,63.08,61.01,62.24,7570735,183490640.00
2021/05/28,62.11,62.24,58.64,58.82,8263407,194330832.00
2021/05/31,58.82,59.56,57.47,59.02,7171828,163682000.00
2021/06/01,59.18,61.47,58.54,59.84,7158376,167537088.00
2021/06/02,59.33,59.69,57.14,57.52,6770009,153607696.00
2021/06/03,57.24,57.75,55.99,56.12,6310769,139332288.00
2021/06/04,56.19,56.68,54.49,54.54,6757577,145463072.00
2021/06/07,54.05,55.56,54.05,55.05,5269316,112391272.00
2021/06/08,54.97,57.04,54.97,55.28,6963892,151954064.00
2021/06/09,55.48,55.71,54.05,54.97,4812828,102487296.00
2021/06/10,54.59,56.04,53.19,55.79,7435869,157819664.00
2021/06/11,55.48,56.19,54.54,55.53,5203556,112185696.00
2021/06/15,54.97,56.07,53.26,53.62,6677704,141668816.00
2021/06/16,54.21,54.21,52.27,52.75,5246415,108403704.00
2021/06/17,52.70,54.08,51.58,53.57,5160640,106165592.00
2021/06/18,53.59,55.35,52.68,55.12,6115561,129569072.00
2021/06/21,54.77,55.05,54.21,54.43,4803713,102081768.00
2021/06/22,54.61,54.92,52.65,53.41,5024197,104102384.00
2021/06/23,53.26,53.39,51.96,52.17,5332898,108840880.00
2021/06/24,51.76,52.45,50.25,52.17,8034958,160506352.00
2021/06/25,55.28,59.94,55.28,56.50,19066631,421399712.00
2021/06/28,55.23,56.98,53.62,53.87,11497149,244016368.00
2021/06/29,54.26,57.01,54.05,54.97,11321344,244904784.00
2021/06/30,54.23,55.23,53.08,53.64,6588231,138158304.00
2021/07/01,53.16,56.22,53.13,54.94,7198477,153926592.00
2021/07/02,54.26,55.23,53.13,53.75,5072168,106832720.00
2021/07/05,53.75,54.82,52.55,53.92,5715175,119344304.00
2021/07/06,53.57,53.67,49.13,51.25,12555606,249483440.00
2021/07/07,50.23,51.15,49.74,49.92,7010915,137007776.00
2021/07/08,49.62,51.15,49.23,50.00,6896353,134147960.00
2021/07/09,49.72,49.92,48.60,48.85,4043739,77173792.00
2021/07/12,48.60,51.09,48.09,50.53,7239907,140464832.00
2021/07/13,50.33,50.81,49.87,50.20,3754800,73438944.00
2021/07/14,50.00,50.51,49.11,49.26,3770802,72600984.00
2021/07/15,49.56,49.69,48.60,48.95,3662851,69987536.00
2021/07/16,49.08,49.51,47.32,47.83,5777307,108386560.00
2021/07/19,47.58,48.39,47.01,47.75,3500035,64985300.00
2021/07/20,47.27,47.45,46.17,46.76,4789420,86823968.00
2021/07/21,47.01,47.96,46.66,46.66,3891133,71386352.00
2021/07/22,47.12,47.29,46.17,46.76,3637300,65884124.00
2021/07/23,46.76,47.32,45.41,47.09,5989531,108313024.00
2021/07/26,46.76,48.47,45.13,45.25,6150477,110382424.00
2021/07/27,44.95,46.05,43.62,43.72,5518997,96645264.00
2021/07/28,44.16,44.23,42.42,42.81,4976724,83048456.00
2021/07/29,43.44,44.31,42.91,43.37,4633392,78246424.00
2021/07/30,43.44,44.52,43.11,44.26,5269264,90076520.00
2021/08/02,43.57,44.95,43.27,44.41,6602566,113133368.00
2021/08/03,44.41,45.97,43.90,45.20,5962277,105009144.00
2021/08/04,45.23,46.10,43.57,44.01,6212706,107178392.00
2021/08/05,43.75,44.26,43.14,43.52,4337227,73446584.00
2021/08/06,43.44,43.75,42.45,42.99,4338995,72041384.00
2021/08/09,42.48,44.85,42.48,44.36,7189252,122790488.00
2021/08/10,44.01,45.56,43.78,45.56,5891557,102765632.00
2021/08/11,45.61,45.79,44.01,44.39,5553631,96453784.00
2021/08/12,44.11,44.69,43.47,43.62,3938436,67265504.00
2021/08/13,43.62,44.01,42.88,43.39,3827674,64432968.00
2021/08/16,43.62,45.28,43.27,43.95,5512825,94642416.00
2021/08/17,43.75,44.08,42.60,42.68,4984770,83620664.00
2021/08/18,42.55,42.81,41.30,41.79,4739066,77040920.00
2021/08/19,41.71,41.94,40.56,40.69,4377259,70022536.00
2021/08/20,40.69,41.15,39.34,40.38,6401121,99664880.00
2021/08/23,40.31,43.65,40.05,43.42,11062641,183019680.00
2021/08/24,43.60,44.18,42.65,42.86,5060647,84902504.00
2021/08/25,43.14,43.57,42.60,43.09,3632590,60764048.00
2021/08/26,43.70,43.93,42.55,43.70,4845168,81847472.00
2021/08/27,43.44,46.53,42.73,43.50,12434056,214806784.00
2021/08/30,43.50,43.85,41.20,41.28,9752075,158977136.00
2021/08/31,41.94,43.95,41.40,41.71,10207448,168853744.00
2021/09/01,41.89,47.27,41.25,46.96,21036274,366741728.00
2021/09/02,46.94,46.94,44.80,45.10,13395690,236075008.00
2021/09/03,44.59,45.97,44.06,45.31,11725000,205074176.00
2021/09/06,45.00,47.40,44.74,46.48,12437368,224808368.00
2021/09/07,46.30,47.24,45.97,46.50,8800250,159624752.00
2021/09/08,46.56,48.26,46.10,46.66,7801734,142449824.00
2021/09/09,46.71,48.72,46.30,48.24,11045067,206374032.00
2021/09/10,48.31,48.72,46.45,46.58,8831617,162303584.00
2021/09/13,46.30,46.48,45.23,45.92,7492750,133422352.00
2021/09/14,45.97,46.71,44.67,44.82,6492811,114854848.00
2021/09/15,44.87,45.69,44.34,45.54,4924383,85898952.00
2021/09/16,45.66,47.27,44.39,44.57,7248179,128790472.00
2021/09/17,45.28,46.27,43.98,46.10,7318192,128693376.00
2021/09/22,45.23,45.76,44.44,45.43,5152293,90224680.00
2021/09/23,45.08,45.43,44.26,44.90,5553389,96645888.00
2021/09/24,44.95,47.70,44.69,46.99,12731998,231230800.00
2021/09/27,46.56,49.00,46.56,47.32,11448381,212625904.00
2021/09/28,46.86,47.27,45.00,45.36,7370106,130911688.00
2021/09/29,45.00,45.05,42.32,42.45,8131617,137799504.00
2021/09/30,42.91,44.85,42.35,44.01,6884453,116723320.00
2021/10/08,44.49,51.09,44.16,50.10,25555995,487922624.00
2021/10/11,49.82,50.38,48.09,48.57,12081578,230266688.00
2021/10/12,49.03,49.62,47.07,47.75,12618975,234518336.00
2021/10/13,47.73,50.00,47.55,49.59,14234027,269703424.00
2021/10/14,48.98,49.36,47.96,48.85,9016248,170237152.00
2021/10/15,48.09,49.62,47.70,47.88,7193750,134975520.00
2021/10/18,47.63,47.93,46.56,46.84,7585632,138590880.00
2021/10/19,46.94,47.68,46.48,46.89,5994607,109530392.00
2021/10/20,46.96,47.73,45.51,47.68,8656432,157093280.00
2021/10/21,47.12,49.51,46.66,48.26,11169355,207796208.00
2021/10/22,47.98,50.02,47.60,48.77,13589109,259229168.00
2021/10/25,48.29,49.54,48.09,48.93,8942202,169281120.00
2021/10/26,48.95,48.95,46.25,46.56,9693488,178792448.00
2021/10/27,46.30,46.73,43.95,44.62,10284215,179248592.00
2021/10/28,44.62,47.58,44.26,47.58,10603014,191185552.00
2021/10/29,47.83,49.11,46.45,48.54,14196283,266485328.00
2021/11/01,48.09,50.10,48.09,48.44,10334957,196451696.00
2021/11/02,48.82,50.10,46.81,47.12,11423062,213978160.00
2021/11/03,47.27,47.78,45.99,46.50,8345236,151220656.00
2021/11/04,46.68,47.29,45.87,46.86,7733195,139823424.00
2021/11/05,47.07,47.37,45.74,45.87,6419514,115934720.00
2021/11/08,45.54,45.89,44.52,45.00,7362171,128725688.00
2021/11/09,45.10,45.38,44.64,45.25,4330159,75741224.00
2021/11/10,45.03,45.10,43.24,44.18,8413211,143605072.00
2021/11/11,44.01,45.33,43.39,43.57,8061857,138227104.00
2021/11/12,43.85,43.90,42.48,42.91,7563446,126294336.00
2021/11/15,43.06,44.23,42.76,44.11,6507844,110381448.00
2021/11/16,44.08,44.62,43.04,43.42,5711673,97130832.00
2021/11/17,43.42,44.23,43.24,43.98,4418400,75302968.00
2021/11/18,43.80,44.13,43.21,43.32,4583833,77757720.00
2021/11/19,43.24,43.88,42.42,42.88,5637274,94052792.00
2021/11/22,43.01,43.44,41.89,42.22,9191244,150944544.00
2021/11/23,42.25,42.81,42.07,42.53,5880417,96993112.00
2021/11/24,42.37,43.85,41.97,43.27,7485653,124648712.00
2021/11/25,43.11,43.55,42.73,43.01,4413427,73895368.00
2021/11/26,42.63,42.88,42.17,42.40,4147442,68339056.00
2021/11/29,41.61,42.30,41.43,41.58,4475236,72636184.00
2021/11/30,41.74,42.73,41.58,41.99,5382740,88154560.00
2021/12/01,42.04,43.24,41.61,42.99,6201287,102694568.00
2021/12/02,42.78,42.83,41.86,41.97,4874960,79961040.00
2021/12/03,42.12,42.60,41.79,42.35,2986150,49012816.00
2021/12/06,42.48,43.14,42.04,42.76,4608783,76403888.00
2021/12/07,42.91,43.60,42.60,43.60,7514472,126169424.00
2021/12/08,43.50,43.67,42.88,43.21,5326032,89420360.00
2021/12/09,43.04,44.64,42.27,43.93,13118332,222389712.00
2021/12/10,43.37,43.95,42.96,43.34,5734158,96550840.00
2021/12/13,43.27,44.16,43.06,43.44,5609947,95025016.00
2021/12/14,43.19,44.06,42.91,43.04,5731300,96510848.00
2021/12/15,42.76,43.19,41.97,42.17,6118700,100916072.00
2021/12/16,42.12,42.63,41.99,42.30,4438745,72812304.00
2021/12/17,42.09,42.27,41.63,41.81,3936868,63926548.00
2021/12/20,41.61,41.79,40.13,40.33,5834505,92624288.00
2021/12/21,40.15,41.12,39.93,41.05,3200292,50645508.00
2021/12/22,41.07,41.33,40.64,40.89,2935774,46680784.00
2021/12/23,40.72,41.10,40.49,40.95,3178302,50365804.00
2021/12/24,41.10,41.63,40.33,40.41,3372647,53529244.00
2021/12/27,40.13,40.64,39.93,40.31,2834587,44339660.00
2021/12/28,40.38,41.12,40.36,40.95,3194079,50675092.00
2021/12/29,40.79,41.12,40.44,40.92,3224147,51124640.00
2021/12/30,40.87,41.53,40.69,41.12,3327707,53209208.00
2021/12/31,41.35,41.58,40.84,40.92,3728173,59570868.00
2022/01/04,41.10,42.27,40.77,41.94,6983391,113521328.00
2022/01/05,41.94,42.35,41.61,42.07,5686380,92935488.00
2022/01/06,42.07,43.04,41.74,42.53,6116019,100641680.00
2022/01/07,42.37,42.83,41.38,41.51,5872609,95984632.00
2022/01/10,41.51,42.45,40.64,42.19,4793945,77927504.00
2022/01/11,42.19,42.86,42.17,42.42,5239437,86636304.00
2022/01/12,46.33,47.42,44.64,45.23,24139681,428229920.00
2022/01/13,45.23,46.17,43.75,44.23,14849899,259076400.00
2022/01/14,44.39,45.89,44.21,45.41,9929926,174446464.00
2022/01/17,45.15,45.84,44.41,44.64,8000639,139510016.00
2022/01/18,45.18,45.51,43.24,43.42,8637327,147132064.00
2022/01/19,43.24,43.75,43.04,43.57,5334152,90011552.00
2022/01/20,43.70,44.08,42.70,42.83,4930364,82914192.00
2022/01/21,42.70,43.55,42.30,42.53,4813144,79927576.00
2022/01/24,42.25,42.63,41.05,42.27,5978348,97104176.00
2022/01/25,41.97,42.12,39.29,39.47,8753312,137458096.00
2022/01/26,39.29,40.05,38.29,38.34,7431056,112370408.00
2022/01/27,38.40,38.57,37.12,37.15,5248673,76954768.00
2022/01/28,37.38,38.73,37.15,38.04,5542308,81802312.00
2022/02/07,38.57,40.59,38.40,40.21,6865388,106410792.00
2022/02/08,40.05,40.64,39.72,40.64,4005099,62599544.00
2022/02/09,40.77,40.89,40.18,40.64,3256743,51329000.00
2022/02/10,40.61,41.35,40.33,41.00,3422453,54413416.00
2022/02/11,41.10,41.10,39.98,40.33,3121888,49003908.00
2022/02/14,40.49,42.63,40.41,42.09,6244980,101616048.00
2022/02/15,41.99,43.01,41.56,42.55,4127982,67921552.00
2022/02/16,42.60,44.64,42.27,44.11,6956298,118560496.00
2022/02/17,44.06,44.52,43.78,44.21,5198824,89131120.00
2022/02/18,43.88,44.77,43.80,44.26,3659637,62875960.00
2022/02/21,44.23,45.10,43.80,44.57,3126448,54173932.00
2022/02/22,44.26,44.92,43.72,44.16,5752730,98814184.00
2022/02/23,44.31,44.59,43.65,43.83,4623420,78939704.00
2022/02/24,43.57,44.08,41.86,42.68,7132313,118754032.00
2022/02/25,43.09,44.11,42.76,42.99,3860125,65048768.00
2022/02/28,42.99,43.29,42.27,42.88,3278835,54470000.00
2022/03/01,42.88,43.67,42.68,42.86,3010500,50364988.00
2022/03/02,42.81,43.04,42.30,42.73,2688450,44530008.00
2022/03/03,42.83,43.11,41.68,41.81,3633140,59435184.00
2022/03/04,41.94,42.27,41.12,41.33,2990700,48379872.00
2022/03/07,41.23,41.48,40.13,40.51,3465326,54688108.00
2022/03/08,40.51,40.89,37.83,37.99,6775900,102490656.00
2022/03/09,38.34,38.57,35.64,37.20,7390115,106718336.00
2022/03/10,38.19,39.16,37.91,38.11,5365965,79545240.00
2022/03/11,37.32,38.27,36.76,38.11,4936901,71814256.00
2022/03/14,37.66,38.01,36.28,36.38,5176240,74070128.00
2022/03/15,36.10,36.10,33.52,33.55,7881045,106366400.00
2022/03/16,34.21,34.60,32.66,34.32,6210793,81317112.00
2022/03/17,34.95,36.48,34.85,35.90,5769396,80082344.00
2022/03/18,35.90,36.36,35.36,35.74,3267946,45280944.00
2022/03/21,35.85,36.18,35.34,35.74,3914100,54320816.00
2022/03/22,36.00,36.41,35.11,35.85,3977326,55161456.00
2022/03/23,36.02,36.58,35.56,36.02,3782565,52977892.00
2022/03/24,36.00,36.20,35.44,35.72,3126378,43312064.00
2022/03/25,35.56,36.79,35.46,35.51,3922085,54886292.00
2022/03/28,35.08,35.95,35.03,35.56,3914275,53886056.00
2022/03/29,35.62,36.07,34.47,34.72,5309069,72064392.00
2022/03/30,34.98,36.05,34.85,35.87,4709743,64826684.00
2022/03/31,35.62,36.33,35.28,35.34,3891075,53850912.00
2022/04/01,35.08,35.79,34.93,35.72,2995200,41096488.00
2022/04/06,35.46,36.02,35.08,35.54,4491646,61789776.00
2022/04/07,35.21,35.44,33.88,33.88,5156985,68966184.00
2022/04/08,33.98,34.21,32.84,33.19,4951600,63917044.00
2022/04/11,32.89,33.17,31.00,31.48,6430029,79503856.00
2022/04/12,31.33,32.12,30.85,32.12,5077800,62118808.00
2022/04/13,31.97,32.12,31.26,31.61,3368875,41234380.00
2022/04/14,31.61,32.63,31.61,32.48,3929575,49099364.00
2022/04/15,32.38,32.71,31.61,32.10,4277895,53219264.00
2022/04/18,31.87,32.07,31.08,31.87,3127738,38316716.00
2022/04/19,31.87,32.28,31.43,31.79,2964557,36555972.00
2022/04/20,31.54,32.50,31.54,31.79,4289575,53200688.00
2022/04/21,31.56,33.73,31.51,31.94,10188538,128110912.00
2022/04/22,31.03,31.79,29.78,30.24,10912717,129158984.00
2022/04/25,29.37,29.60,27.38,27.46,9639202,105616264.00
2022/04/26,27.48,29.37,27.25,27.81,8888599,97348584.00
2022/04/27,27.69,28.96,27.10,28.81,8162556,88932208.00
2022/04/28,29.44,30.24,27.74,28.45,11523209,129168912.00
2022/04/29,28.32,30.16,28.20,30.06,13622926,154972880.00
2022/05/05,29.75,31.38,29.65,30.62,9223143,109400872.00
2022/05/06,29.75,30.54,29.57,30.11,5255776,61374252.00
2022/05/09,30.11,30.80,29.80,30.16,4840464,56710964.00
2022/05/10,29.67,30.62,29.47,30.52,5727298,66841576.00
2022/05/11,30.57,31.66,30.18,30.52,8538693,102492344.00
2022/05/12,30.26,31.13,30.26,30.82,5590623,66498968.00
2022/05/13,31.00,31.38,30.34,30.69,3724000,44272340.00
2022/05/16,30.69,31.89,30.69,31.20,7304469,88190184.00
2022/05/17,30.95,30.95,29.98,30.67,5596040,65901600.00
2022/05/18,30.57,31.18,30.46,30.69,4204240,50119148.00
2022/05/19,30.11,30.62,29.85,30.41,5009500,58452532.00
2022/05/20,30.44,32.28,30.39,31.99,12744782,155885920.00
2022/05/23,31.84,32.53,31.43,32.45,8917310,110700208.00
2022/05/24,32.79,32.81,30.46,30.52,8307195,101255664.00
2022/05/25,30.52,30.80,30.16,30.77,5206764,61471240.00
2022/05/26,30.64,31.77,29.98,31.64,8360548,100569896.00
2022/05/27,31.79,32.10,31.43,31.77,7438324,91572864.00
2022/05/30,32.30,32.38,31.38,31.92,5831885,71758704.00
2022/05/31,31.92,32.15,31.15,31.89,6928491,85482216.00
2022/06/01,31.89,33.01,31.61,32.02,8398202,104821144.00
2022/06/02,31.87,32.02,31.31,31.97,5615000,68993896.00
2022/06/06,31.71,33.01,31.61,32.79,7614519,95983112.00
2022/06/07,32.91,34.39,32.53,33.35,10972950,142617664.00
2022/06/08,33.12,33.60,31.84,32.40,10736163,135357296.00
2022/06/09,32.25,32.38,30.67,30.95,9762795,118069400.00
2022/06/10,31.05,31.79,30.75,31.46,8440142,102880984.00
2022/06/13,31.23,31.82,31.18,31.74,6038178,73693456.00
2022/06/14,31.64,32.35,30.75,32.33,9798215,120353352.00
2022/06/15,32.48,33.27,31.64,31.92,9838800,122976928.00
2022/06/16,31.89,33.81,31.87,32.84,14077858,180186592.00
2022/06/17,33.04,33.24,31.84,32.71,8607276,108358416.00
2022/06/20,32.58,34.83,32.33,33.86,14695155,191845568.00
2022/06/21,33.58,33.78,32.48,32.84,10770350,137810672.00
2022/06/22,32.86,32.91,31.71,31.87,7604000,94686728.00
2022/06/23,31.79,32.15,31.23,32.05,6230350,76499432.00
2022/06/24,32.17,32.99,31.97,32.50,6726608,84637480.00
2022/06/27,32.81,33.81,32.58,33.37,9780873,126316880.00
2022/06/28,33.37,33.47,32.79,33.35,4841190,62149792.00
2022/06/29,33.30,34.44,33.04,33.55,12916281,168965808.00
2022/06/30,33.96,35.74,33.58,35.44,16090506,216441440.00
2022/07/01,35.08,35.67,34.24,34.75,9733021,131397976.00
2022/07/04,34.47,35.11,34.09,34.90,8048166,108146600.00
2022/07/05,34.70,35.64,33.73,34.29,9989821,133547464.00
2022/07/06,34.11,34.49,33.37,33.68,6811118,89022704.00
2022/07/07,33.70,33.75,33.07,33.37,5080770,65641556.00
2022/07/08,33.37,33.98,33.19,33.40,5384345,69995720.00
2022/07/11,33.40,33.40,32.20,32.81,5323054,67324664.00
2022/07/12,32.99,33.04,31.61,31.64,5621859,69851784.00
2022/07/13,31.64,32.17,31.36,31.69,4197700,51475512.00
2022/07/14,31.66,32.22,30.92,31.84,4032470,49807372.00
2022/07/15,31.79,32.38,31.26,31.66,4632750,57157864.00
2022/07/18,34.24,37.91,34.19,37.91,36576861,521648064.00
2022/07/19,37.89,39.54,37.09,38.29,31698625,469900768.00
2022/07/20,38.62,42.93,38.22,41.17,32597841,518610656.00
2022/07/21,41.28,42.48,40.38,40.77,23127604,371228064.00
2022/07/22,40.79,41.20,38.98,39.36,18507351,287453184.00
2022/07/25,39.93,41.71,39.39,41.12,19796315,312504704.00
2022/07/26,40.46,45.54,40.46,43.78,27709022,468564224.00
2022/07/27,43.27,47.45,43.27,46.27,25503092,454459744.00
2022/07/28,46.05,47.22,44.69,45.97,20098486,358208192.00
2022/07/29,45.71,48.60,45.08,46.53,20224908,367659840.00
2022/08/01,45.28,46.30,44.64,44.92,17425796,306894560.00
2022/08/02,45.03,45.89,43.24,43.47,18342309,315371872.00
2022/08/03,43.93,45.00,42.22,42.63,15780761,266847024.00
2022/08/04,42.83,43.44,41.99,42.99,9100710,150906448.00
2022/08/05,42.96,44.16,42.42,43.47,12594148,211457024.00
2022/08/08,43.95,43.95,42.65,43.04,11203792,188384720.00
2022/08/09,43.75,44.67,42.78,43.72,12003484,203656112.00
2022/08/10,43.16,45.99,43.04,45.28,16013066,277984448.00
2022/08/11,45.56,51.45,45.41,49.77,27052481,512318048.00
2022/08/12,50.30,51.02,48.39,48.72,18153065,348615520.00
2022/08/15,46.35,47.19,44.01,45.00,26071967,461314176.00
2022/08/16,45.05,45.28,42.30,42.58,23601694,394220832.00
2022/08/17,42.48,42.73,41.15,41.40,14650400,236963328.00
2022/08/18,41.25,42.19,40.66,41.66,16371966,263724624.00
2022/08/19,41.81,42.14,39.36,39.44,17082392,268338608.00
2022/08/22,39.62,40.03,38.73,39.39,8745432,134114608.00
2022/08/23,39.34,39.64,38.62,38.91,8814415,133126480.00
2022/08/24,39.29,39.75,37.99,38.14,11528925,173530544.00
2022/08/25,38.14,38.73,36.99,37.48,11493321,168368080.00
2022/08/26,37.20,39.03,37.17,37.58,9730444,144244496.00
2022/08/29,37.07,37.68,36.48,37.50,6456446,93206056.00
2022/08/30,37.20,37.81,37.07,37.81,5346220,77675216.00
2022/08/31,37.60,37.73,35.85,36.41,11305633,160187344.00
2022/09/01,36.43,37.09,35.69,35.92,6572374,92319488.00
2022/09/02,36.10,36.58,35.79,36.36,5183874,72867872.00
2022/09/05,35.97,36.41,35.28,35.74,6181786,85465304.00
2022/09/06,35.59,35.74,34.93,35.39,6475332,88454864.00
2022/09/07,35.34,35.87,34.67,35.56,6265173,85667224.00
2022/09/08,35.46,35.56,34.67,34.72,5911283,80166400.00
2022/09/09,34.65,36.02,34.62,35.05,8782110,120078176.00
2022/09/13,35.05,36.20,34.90,35.69,8898847,122989760.00
2022/09/14,35.08,35.77,34.70,35.62,7235441,98842040.00
2022/09/15,35.85,36.48,34.37,35.11,11353837,156753440.00
2022/09/16,34.95,35.54,33.93,34.01,7063523,95009792.00
2022/09/19,33.93,34.32,32.71,33.04,8273618,106161632.00
2022/09/20,33.24,34.47,33.17,34.19,7397429,97396280.00
2022/09/21,33.96,34.95,33.78,34.21,5511100,73147336.00
2022/09/22,33.81,34.16,33.27,33.30,4787450,62422236.00
2022/09/23,33.30,33.47,32.25,32.76,5109100,65065524.00
2022/09/26,32.40,33.27,32.20,32.45,4153942,52605496.00
2022/09/27,32.48,34.57,32.48,34.57,8733779,114186776.00
2022/09/28,34.11,35.05,33.68,33.78,7934019,105497288.00
2022/09/29,34.11,34.90,33.27,33.50,6653135,87758952.00
2022/09/30,33.30,34.29,32.99,33.04,5538129,71866248.00
2022/10/10,32.56,33.01,31.46,31.59,5903103,73232256.00
2022/10/11,31.54,31.79,30.57,31.26,5729954,68901616.00
2022/10/12,31.08,32.02,30.44,32.02,6063552,73116992.00
2022/10/13,31.87,32.71,31.77,32.15,6010550,75045320.00
2022/10/14,32.56,34.39,32.25,33.98,9738175,126937832.00
2022/10/17,34.06,34.67,33.63,34.16,5921942,78213520.00
2022/10/18,34.44,34.80,33.96,34.29,5762905,76748768.00
2022/10/19,34.19,34.21,33.37,33.55,4892886,63820688.00
2022/10/20,33.32,35.13,33.27,34.14,11183105,148851872.00
2022/10/21,33.83,34.06,32.79,32.89,8767158,112996496.00
2022/10/24,32.96,33.37,31.26,31.61,7600324,94591544.00
2022/10/25,31.61,31.71,29.80,30.44,8218384,97159992.00
2022/10/26,30.18,32.12,30.16,31.74,9363595,114353560.00
2022/10/27,31.13,31.28,29.98,30.11,13167013,155200144.00
2022/10/28,30.13,30.67,28.63,28.86,9033333,103337536.00
2022/10/31,28.42,29.47,28.25,28.99,6140714,68665384.00
2022/11/01,29.22,30.64,28.86,30.64,9720140,112170984.00
2022/11/02,30.57,31.23,30.31,30.72,7488134,89119576.00
2022/11/03,30.36,31.08,30.31,30.92,5938121,70661992.00
2022/11/04,30.87,32.28,30.75,32.20,8394084,103316128.00
2022/11/07,31.94,32.38,31.56,32.07,5786693,71701344.00
2022/11/08,31.92,32.12,31.41,31.69,5025653,61567536.00
2022/11/09,31.69,31.94,31.43,31.64,3565765,43729444.00
2022/11/10,31.51,32.40,31.43,32.22,7069403,87618016.00
2022/11/11,32.94,33.04,31.71,31.77,9502315,119067512.00
2022/11/14,31.71,32.25,31.43,31.92,6764983,83650224.00
2022/11/15,32.05,32.53,31.87,32.50,5642495,70534744.00
2022/11/16,32.53,33.70,32.38,33.17,9007758,115978136.00
2022/11/17,32.99,33.58,32.40,32.68,6165033,78347808.00
2022/11/18,32.66,33.73,32.53,32.94,6809531,87116968.00
2022/11/21,32.71,32.71,31.66,32.38,5773100,71782064.00
2022/11/22,32.17,33.52,31.84,32.05,7469934,94899744.00
2022/11/23,32.02,32.07,30.54,31.28,8775150,105517208.00
2022/11/24,31.31,31.64,30.69,30.92,5178400,62378700.00
2022/11/25,30.97,31.26,30.29,30.46,3963418,46930876.00
2022/11/28,30.11,30.36,29.57,30.06,5913989,68307632.00
2022/11/29,30.08,32.20,29.78,32.17,10506024,127634160.00
2022/11/30,32.05,32.22,31.43,31.54,5132905,63118632.00
2022/12/01,32.40,33.96,32.30,32.38,11238020,143598416.00
2022/12/02,32.40,33.60,32.35,33.27,8662181,111200016.00
2022/12/05,33.70,34.29,33.35,33.96,10602043,139221664.00
2022/12/06,33.83,35.56,33.63,35.18,17885617,242516224.00
2022/12/07,34.77,35.77,34.49,35.39,14014775,190685616.00
2022/12/08,35.08,35.18,34.32,34.95,9907466,133491560.00
2022/12/09,34.47,35.16,34.24,34.62,7780312,104487024.00
2022/12/12,34.14,35.13,34.09,34.32,6481917,86852816.00
2022/12/13,34.21,34.93,33.86,34.32,6971489,93161056.00
2022/12/14,34.34,37.38,34.09,37.07,20828229,291038720.00
2022/12/15,36.41,38.27,36.38,36.74,19667271,283375968.00
2022/12/16,36.87,38.50,36.48,36.84,18505803,268370640.00
2022/12/19,36.64,37.27,35.28,35.54,13479353,187687824.00
2022/12/20,35.36,35.44,34.14,34.70,9282161,124467048.00
2022/12/21,34.67,35.59,34.34,35.18,7925014,107988296.00
2022/12/22,35.13,38.14,35.13,36.99,21924103,315949824.00
2022/12/23,37.35,37.40,35.82,36.28,16104359,228397456.00
2022/12/26,36.48,37.07,35.59,36.46,14537929,204852176.00
2022/12/27,36.71,39.44,36.00,39.11,31955744,474283200.00
2022/12/28,38.29,38.98,37.83,38.75,21347279,318235328.00
2022/12/29,38.09,40.18,37.76,38.47,23088158,349179392.00
2022/12/30,38.24,38.98,37.32,38.96,17906009,265245872.00
2023/01/03,38.62,39.29,37.45,38.19,20528188,305308096.00
2023/01/04,37.68,38.78,37.45,37.91,13757701,202866480.00
2023/01/05,37.81,39.39,36.74,38.11,17974402,267217360.00
2023/01/06,37.63,37.63,36.05,36.07,18201390,259388928.00
2023/01/09,36.07,36.94,35.46,36.74,15244225,214567376.00
2023/01/10,36.71,38.01,36.30,37.04,15140878,218907728.00
2023/01/11,37.40,37.66,36.23,36.30,10241888,146310624.00
2023/01/12,36.25,36.51,35.28,35.62,10328347,143455968.00
2023/01/13,36.02,36.97,35.64,36.46,8896673,125336880.00
2023/01/16,36.56,37.50,36.36,37.50,12367217,177777056.00
2023/01/17,37.68,37.89,35.87,35.97,11961850,169407168.00
2023/01/18,34.70,35.54,34.11,34.37,14511578,194779936.00
2023/01/19,34.14,34.29,33.14,33.68,9949607,129624576.00
2023/01/20,33.65,33.93,33.47,33.75,5578068,72891384.00
2023/01/30,34.32,34.72,33.83,34.03,9514293,126256432.00
2023/01/31,33.83,34.57,33.63,34.21,6680113,88376584.00
2023/02/01,34.39,35.23,34.19,35.11,9019973,121430472.00
2023/02/02,34.98,35.64,34.72,35.39,8411532,115064304.00
2023/02/03,35.31,35.82,34.60,34.93,7425305,100964208.00
2023/02/06,34.83,34.83,34.09,34.24,6085211,81121968.00
2023/02/07,34.32,34.93,34.06,34.93,7038099,94050152.00
2023/02/08,34.83,35.21,34.57,34.62,5247878,70905696.00
2023/02/09,34.62,35.39,34.29,35.03,5998579,81374312.00
2023/02/10,34.95,36.20,34.85,35.92,11048561,152863904.00
2023/02/13,35.85,37.09,35.77,36.97,12305831,175492384.00
2023/02/14,36.87,37.17,36.48,37.12,8433259,120505984.00
2023/02/15,36.87,37.58,36.61,36.74,8580713,122835560.00
2023/02/16,36.99,37.48,35.34,35.87,11026456,156212064.00
2023/02/17,36.00,37.89,35.87,37.38,19445112,280695776.00
2023/02/20,37.45,38.47,36.81,38.45,20551633,301974624.00
2023/02/21,38.52,38.52,37.53,38.01,13024965,191379104.00
2023/02/22,37.71,38.04,37.30,37.83,7956063,116227848.00
2023/02/23,37.53,37.91,36.76,37.09,8088314,116904528.00
2023/02/24,36.99,37.09,36.48,36.94,4739031,67734144.00
2023/02/27,36.61,36.99,36.36,36.79,5098622,72523424.00
2023/02/28,36.87,38.32,36.84,37.89,12180974,178143536.00
2023/03/01,37.63,38.06,37.27,38.04,9374833,136766016.00
2023/03/02,38.14,38.37,36.94,37.43,10103743,146782736.00
2023/03/03,37.32,37.45,36.36,36.76,7878524,112549680.00
2023/03/06,36.79,37.04,36.10,36.28,7865950,111615264.00
2023/03/07,36.25,36.28,34.83,34.85,9831375,134604608.00
2023/03/08,34.70,35.08,34.60,34.95,3852205,52089632.00
2023/03/09,35.13,35.23,34.54,34.77,3981328,53789744.00
2023/03/10,34.34,34.67,33.75,33.93,5571032,73675328.00
2023/03/13,33.81,34.11,33.32,33.58,4382718,57177452.00
2023/03/14,33.37,33.78,32.66,33.12,5177430,66500252.00
2023/03/15,33.24,33.75,32.99,33.24,4026500,52113304.00
2023/03/16,33.04,33.98,32.96,33.32,5096954,66187888.00
2023/03/17,33.58,34.90,33.55,34.57,9498259,125956312.00
2023/03/20,34.70,35.51,34.11,34.85,9163969,123612160.00
2023/03/21,34.83,37.66,34.42,36.94,16893879,236801296.00
2023/03/22,36.87,37.04,36.02,36.23,9096032,128212944.00
2023/03/23,36.10,36.56,35.77,36.10,6397668,89523336.00
2023/03/24,36.10,36.41,35.56,35.64,6523309,90724576.00
2023/03/27,35.74,36.43,35.54,36.10,5758561,80401032.00
2023/03/28,36.18,36.25,35.03,35.28,5422221,74648304.00
2023/03/29,35.28,35.56,34.72,34.93,4212532,57266564.00
2023/03/30,34.83,35.85,34.83,35.85,6114162,83767736.00
2023/03/31,35.97,36.81,35.41,36.61,15260216,214072336.00
2023/04/03,36.20,36.99,36.10,36.74,12007956,170769552.00
2023/04/04,35.56,35.74,34.72,35.41,10815066,147934944.00
2023/04/06,35.49,36.25,35.49,35.72,8667123,120761568.00
2023/04/07,35.59,37.50,35.28,37.07,12672848,180427920.00
2023/04/10,36.84,37.22,36.25,36.38,7839114,111636136.00
2023/04/11,36.41,37.78,36.15,37.78,12255362,176851760.00
2023/04/12,37.55,38.52,36.92,37.25,11439081,166243392.00
2023/04/13,37.07,38.17,36.71,37.50,9439640,137523440.00
2023/04/14,37.30,37.38,36.36,36.58,7857224,111920096.00
2023/04/17,36.51,36.51,35.69,36.05,5848729,81466672.00
2023/04/18,35.97,36.33,35.64,35.82,4107571,57307836.00
2023/04/19,35.85,36.43,35.18,35.39,4946010,68675200.00
2023/04/20,35.39,36.07,35.03,35.95,4671820,64513596.00
2023/04/21,35.87,36.10,34.75,35.95,6690858,92127976.00
2023/04/24,35.85,36.43,35.11,36.43,5371762,74730680.00
2023/04/25,36.13,37.04,35.08,35.08,6577244,91369440.00
2023/04/26,35.03,36.43,34.72,36.33,6856134,95511624.00
2023/04/27,36.10,37.68,36.02,37.48,12021268,173286160.00
2023/04/28,36.87,38.09,36.71,37.48,11629151,169087184.00
2023/05/04,37.63,40.26,37.15,39.70,19830869,298599712.00
2023/05/05,39.44,41.46,38.93,39.98,21522368,335676704.00
2023/05/08,40.18,40.54,39.11,39.52,11313271,173688032.00
2023/05/09,39.39,39.90,37.76,37.86,14681579,219503744.00
2023/05/10,37.83,38.45,37.30,38.17,9124721,134273808.00
2023/05/11,38.06,39.21,37.96,39.08,10386104,156508656.00
2023/05/12,38.80,40.13,38.29,38.68,10587052,160966192.00
2023/05/15,38.57,39.19,37.63,39.16,9522196,141674160.00
2023/05/16,38.91,39.75,38.09,39.52,11994970,181667328.00
2023/05/17,38.83,39.24,38.14,38.27,10043160,150231264.00
2023/05/18,38.50,38.96,37.76,38.78,9699867,144535152.00
2023/05/19,38.62,38.62,36.92,38.06,11190482,164270976.00
2023/05/22,37.89,40.64,37.40,40.64,19562696,298874400.00
2023/05/23,40.23,42.48,39.82,41.33,25185618,403862080.00
2023/05/24,41.02,42.07,40.44,40.61,15857468,252879152.00
2023/05/25,40.51,40.69,39.54,40.64,13268525,206695056.00
2023/05/26,40.38,42.99,39.67,42.99,21556169,348520576.00
2023/05/29,42.78,44.39,41.28,41.33,20058742,330024512.00
2023/05/30,40.97,42.42,40.38,42.40,13630454,219752144.00
2023/05/31,41.97,42.68,40.89,41.12,11813795,191312880.00
2023/06/01,41.02,41.86,40.44,41.33,9363651,149750192.00
2023/06/02,41.46,41.74,40.56,41.23,8422558,134963968.00
2023/06/05,40.95,43.24,40.59,42.65,12688480,207997296.00
2023/06/06,42.37,44.01,42.12,43.14,15859460,265935760.00
2023/06/07,42.99,43.83,42.60,43.11,10117732,170087232.00
2023/06/08,42.99,42.99,41.00,41.35,12751311,206053296.00
2023/06/09,41.38,41.61,39.80,40.18,13398213,210474160.00
2023/06/12,40.00,40.74,38.96,40.33,8794602,136746560.00
2023/06/13,39.80,40.95,39.62,40.77,7145728,112628864.00
2023/06/14,40.77,44.26,40.51,43.72,20106891,335582720.00
2023/06/15,43.85,44.13,42.86,43.32,11426613,192370992.00
2023/06/16,43.70,44.52,42.99,43.44,11071934,188061712.00
2023/06/19,43.37,43.44,41.63,41.84,13039384,214334208.00
2023/06/20,41.89,42.48,41.15,41.86,8903459,144135744.00
2023/06/21,41.84,42.22,40.95,40.95,6955025,112172688.00
2023/06/26,40.61,40.87,39.29,39.47,9304499,144406208.00
2023/06/27,39.47,41.56,39.47,41.38,8144377,129496016.00
2023/06/28,41.23,41.23,39.36,40.28,8159290,126864808.00
2023/06/29,40.08,40.44,39.70,40.21,5081193,79002384.00
2023/06/30,40.13,41.02,39.70,40.18,7710878,119583144.00
2023/07/03,40.23,41.51,40.00,41.48,9535967,150520080.00
2023/07/04,41.12,41.35,40.21,40.72,8351866,131085272.00
2023/07/05,40.64,40.79,37.96,38.14,14974958,224964448.00
2023/07/06,38.11,38.62,37.63,38.09,6237253,91419632.00
2023/07/07,37.73,38.42,37.73,38.24,3661185,53852696.00
2023/07/10,38.45,38.75,38.14,38.29,4159895,61627568.00
2023/07/11,38.34,39.06,37.89,38.93,4284879,63568884.00
2023/07/12,38.75,39.08,38.04,38.09,3979520,58943288.00
2023/07/13,38.47,39.06,38.27,38.96,7336940,109858488.00
2023/07/14,38.75,39.06,38.34,38.80,4146994,61864256.00
2023/07/17,38.80,39.29,38.01,39.24,4459439,66757220.00
2023/07/18,39.03,39.54,38.85,38.98,3657358,55121972.00
2023/07/19,39.08,40.00,38.91,39.90,7898431,120709568.00
2023/07/20,39.93,41.25,39.90,40.56,10435047,164169792.00
2023/07/21,40.44,41.43,40.15,40.87,7088017,111850560.00
2023/07/24,40.84,41.35,40.05,40.36,5424453,84658360.00
2023/07/25,40.74,41.15,40.36,40.97,5437847,85766336.00
2023/07/26,40.92,41.20,40.05,40.36,5739055,89711240.00
2023/07/27,40.33,41.30,39.95,40.97,6997710,110155200.00
2023/07/28,46.56,49.03,45.54,49.03,56263346,1027649344.00
2023/07/31,49.36,56.37,49.03,55.00,64988177,1310145024.00
2023/08/01,55.58,57.57,54.33,56.14,47746643,1036857792.00
2023/08/02,56.14,56.68,53.34,54.84,37544034,800917504.00
2023/08/03,54.84,57.90,54.56,56.81,31829051,699297536.00
2023/08/04,57.88,58.41,55.99,56.25,27476664,605076544.00
2023/08/07,55.66,57.49,55.23,55.61,17565079,381086208.00
2023/08/08,55.51,56.25,54.33,54.59,13572710,289059328.00
2023/08/09,55.10,55.43,53.85,54.21,13634570,287842784.00
2023/08/10,53.75,54.08,52.62,53.47,13971751,288285312.00
2023/08/11,53.31,53.70,51.78,51.96,11213911,227468416.00
2023/08/14,51.40,52.60,51.17,52.34,10792029,217027872.00
2023/08/15,52.17,52.93,51.45,52.17,8683398,175035760.00
2023/08/16,51.68,53.11,51.37,51.99,9668817,195463360.00
2023/08/17,51.27,52.85,51.27,52.37,9351955,189198448.00
2023/08/18,51.81,52.85,51.60,51.60,8590818,173128928.00
2023/08/21,51.15,52.01,50.58,50.81,7780023,154533088.00
2023/08/22,51.09,51.30,49.39,50.33,9444163,183309824.00
2023/08/23,50.13,50.33,49.11,49.11,8622333,165413520.00
2023/08/24,49.11,50.33,48.88,49.72,7473648,143509584.00
2023/08/25,49.39,50.41,48.29,48.62,8808020,167041360.00
2023/08/28,50.69,51.63,47.60,48.60,14193546,269573568.00
2023/08/29,47.58,50.33,47.35,49.97,9605400,183448208.00
2023/08/30,49.46,51.15,48.88,50.25,10690836,207771616.00
2023/08/31,50.28,51.02,49.82,49.97,7498190,145987648.00
2023/09/01,51.25,53.06,50.15,50.23,17497191,349668256.00
2023/09/04,49.87,51.20,49.16,50.84,13329585,259482544.00
2023/09/05,50.81,50.94,49.59,49.84,9596700,185791552.00
2023/09/06,49.87,49.92,48.72,48.95,8393721,159863808.00
2023/09/07,48.95,49.18,48.16,48.31,6225248,117146808.00
2023/09/08,47.86,48.44,47.65,48.19,3974003,73871072.00
2023/09/11,48.09,49.84,47.88,49.31,6351291,120457336.00
2023/09/12,49.56,49.56,48.21,48.29,6205410,116621992.00
2023/09/13,48.39,48.85,47.45,47.83,4648409,86324064.00
2023/09/14,47.63,48.19,47.17,47.40,3514100,64522072.00
2023/09/15,47.29,48.54,47.29,47.88,4968300,92198968.00
2023/09/18,47.88,49.31,47.07,48.65,6804600,127652088.00
2023/09/19,48.65,50.00,47.86,48.90,11700069,221224736.00
2023/09/20,48.47,49.92,48.21,48.72,9980200,189985184.00
2023/09/21,48.98,48.98,47.37,47.96,6728312,124709504.00
2023/09/22,47.63,49.16,47.32,49.00,7082821,132892472.00
2023/09/25,48.85,48.88,48.06,48.65,5420400,101653848.00
2023/09/26,48.54,48.93,48.16,48.21,4217534,78965584.00
2023/09/27,48.47,50.84,47.96,50.41,10562530,203948480.00
2023/09/28,50.81,51.20,49.59,50.28,8579633,166639888.00
2023/10/09,50.07,50.25,42.83,44.29,25207284,435177024.00
2023/10/10,44.39,45.31,43.80,44.44,15973589,275335232.00
2023/10/11,44.49,46.02,44.29,45.08,8841015,154694336.00
2023/10/12,45.10,45.82,44.67,44.69,6125349,106487232.00
2023/10/13,44.80,44.80,43.95,44.36,5611450,96041168.00
2023/10/16,44.64,45.64,44.16,44.41,6771922,117143360.00
2023/10/17,44.41,44.72,43.78,44.54,5747931,98410552.00
2023/10/18,44.26,44.46,42.86,43.04,7835669,131124560.00
2023/10/19,42.76,43.67,42.40,43.14,5575456,92884080.00
2023/10/20,42.60,43.60,42.48,43.06,4809671,80250720.00
2023/10/23,42.50,43.32,41.97,42.19,5180641,84879624.00
2023/10/24,42.37,43.90,41.99,43.80,6658226,111224048.00
2023/10/25,43.88,44.13,43.09,43.57,6541311,110221288.00
2023/10/26,43.19,43.67,42.22,43.19,6231666,102996768.00
2023/10/27,37.68,40.92,37.09,40.18,28924636,429751872.00
2023/10/30,39.93,40.82,38.73,38.91,23428548,358085952.00
2023/10/31,38.91,39.13,37.76,38.17,12087153,178181200.00
2023/11/01,38.09,38.68,37.91,38.27,8806228,129880312.00
2023/11/02,38.27,38.75,37.73,37.76,7909312,116206416.00
2023/11/03,37.81,38.55,37.68,38.09,8460343,124240704.00
2023/11/06,38.27,39.59,38.14,39.06,12304290,184135856.00
2023/11/07,39.06,39.34,38.65,39.19,8105963,122051544.00
2023/11/08,38.98,39.80,38.98,39.62,9491955,144473168.00
2023/11/09,39.70,39.70,38.70,39.16,7782724,117409088.00
2023/11/10,39.01,39.24,38.62,38.75,5208333,77967456.00
2023/11/13,38.91,39.11,38.29,38.62,6871427,102062408.00
2023/11/14,38.62,39.57,38.50,39.49,9687997,146420864.00
2023/11/15,39.67,40.10,39.52,40.00,8787148,135144272.00
2023/11/16,39.80,41.07,39.62,40.66,13778980,216114880.00
2023/11/17,40.38,41.28,39.82,41.20,11688781,183422848.00
2023/11/20,41.17,42.35,40.33,42.22,13964920,223957216.00
2023/11/21,42.32,44.64,42.32,42.88,18970111,317727008.00
2023/11/22,42.86,43.01,42.14,42.14,9222648,151212736.00
2023/11/23,42.14,43.32,41.71,43.06,9209200,151519824.00
2023/11/24,43.09,43.62,42.50,43.62,10069231,167495024.00
2023/11/27,43.24,43.24,42.02,42.58,9837987,161268384.00
2023/11/28,42.42,43.21,42.14,42.60,6145295,101113264.00
2023/11/29,42.76,43.75,42.50,43.32,8411076,140444080.00
2023/11/30,43.04,43.44,42.09,42.45,6571542,107696048.00
2023/12/01,42.45,42.93,42.14,42.70,5570484,91577760.00
2023/12/04,42.48,42.70,41.46,41.86,7645356,124036272.00
2023/12/05,41.38,41.81,41.00,41.00,5964731,95321528.00
2023/12/06,40.87,41.97,40.87,41.46,4992468,79827064.00
2023/12/07,41.30,42.42,41.02,42.07,6106537,98483672.00
2023/12/08,41.94,42.07,41.23,41.33,5640464,90636304.00
2023/12/11,41.07,42.09,40.92,41.68,8489278,135819824.00
2023/12/12,41.63,42.91,41.48,42.70,9630174,157767840.00
2023/12/13,42.73,44.49,42.63,42.70,13610349,228870720.00
2023/12/14,43.11,44.18,42.99,43.19,9679218,162508960.00
2023/12/15,43.24,43.47,42.22,42.50,7138177,117646896.00
2023/12/18,42.45,42.58,41.76,42.09,7341555,119238240.00
2023/12/19,42.25,43.14,41.61,42.58,8426866,137994656.00
2023/12/20,42.53,42.96,41.99,42.19,6186652,101593528.00
2023/12/21,41.74,43.65,41.35,43.32,7786913,128165240.00
2023/12/22,43.50,43.50,40.97,41.38,8606082,139390992.00
2023/12/25,41.38,42.58,40.51,42.17,6446335,103773752.00
2023/12/26,41.97,42.88,41.56,42.40,6511668,106168144.00
2023/12/27,42.17,42.76,41.58,42.63,6820517,111253616.00
2023/12/28,42.32,43.57,42.14,42.65,7505711,124642120.00
2023/12/29,42.73,43.57,42.09,43.16,8453928,140019136.00
2024/01/02,42.99,43.52,42.37,42.70,6112424,101223320.00
2024/01/03,42.58,43.72,42.30,43.55,9306984,155033712.00
2024/01/04,43.57,44.21,42.99,43.37,7736907,130254016.00
2024/01/05,43.29,43.39,41.86,41.97,7402370,121468904.00
2024/01/08,41.71,42.88,41.46,41.66,5775614,94039632.00
2024/01/09,41.63,42.48,41.30,42.14,5451809,88238040.00
2024/01/10,41.86,44.46,41.46,44.16,14932815,251296096.00
2024/01/11,43.65,44.59,43.21,44.31,10401966,176996384.00
2024/01/12,44.21,45.10,43.90,45.00,11239634,192960800.00
2024/01/15,44.52,46.56,44.26,46.15,19443855,343947392.00
2024/01/16,45.76,46.96,44.52,46.96,16973173,298038880.00
2024/01/17,46.27,47.01,44.82,45.25,10915111,194252704.00
2024/01/18,44.69,47.42,44.23,47.42,15883778,282209952.00
2024/01/19,48.34,48.37,44.03,44.03,21537399,387285600.00
2024/01/22,43.19,43.55,39.44,39.80,19569307,313930752.00
2024/01/23,39.80,40.92,38.78,40.74,10102086,156569552.00
2024/01/24,41.89,42.68,40.05,41.46,10880810,174486256.00
2024/01/25,41.07,42.32,40.31,42.02,12236643,195011120.00
2024/01/26,41.58,42.17,40.72,40.97,6879573,110002704.00
2024/01/29,40.97,40.97,38.47,38.55,7904267,120446608.00
2024/01/30,38.27,39.03,37.89,38.04,5643280,83664376.00
2024/01/31,37.86,39.39,37.86,38.40,6870920,102340392.00
2024/02/01,37.66,39.03,36.13,38.01,8570707,124280128.00
2024/02/02,37.89,38.52,34.62,38.27,11309174,160367440.00
2024/02/05,36.87,38.06,35.08,36.18,7750609,109194464.00
2024/02/06,35.82,38.98,34.93,38.42,7238228,104105408.00
2024/02/07,38.34,39.80,37.89,38.47,7454553,111641568.00
2024/02/08,38.65,40.64,38.40,40.18,7909787,121216240.00
2024/02/19,40.36,40.54,39.16,39.95,5223640,80417064.00
数据来源:通达信
