301050 雷电微力 日线 后复权
      日期	    开盘	    最高	    最低	    收盘	    成交量	    成交额
2021/08/24,270.00,292.80,255.00,282.09,13794027,3745148672.00
2021/08/25,287.99,298.80,277.50,287.90,7616499,2194427904.00
2021/08/26,286.89,292.74,259.50,264.97,6104488,1668652800.00
2021/08/27,260.00,283.00,258.50,271.30,4594464,1251092480.00
2021/08/30,264.00,296.99,257.50,292.59,4335828,1223512448.00
2021/08/31,288.82,295.40,272.12,276.60,3068119,867866432.00
2021/09/01,279.90,290.97,264.11,279.00,3005575,833938496.00
2021/09/02,279.18,307.50,275.00,296.40,2750818,798325184.00
2021/09/03,294.80,303.08,275.15,280.98,2196681,631687552.00
2021/09/06,275.88,285.78,274.01,281.20,1390908,389711040.00
2021/09/07,278.18,282.88,270.10,272.81,1579276,434104384.00
2021/09/08,269.05,274.00,263.00,272.70,1442278,388131360.00
2021/09/09,270.18,271.86,250.00,257.00,2176412,564442048.00
2021/09/10,255.02,259.59,249.00,255.02,1305688,332773568.00
2021/09/13,252.13,254.79,242.50,244.03,1210316,298355360.00
2021/09/14,244.52,254.00,241.01,246.89,1161130,288900192.00
2021/09/15,244.90,253.98,240.51,253.28,950854,237084544.00
2021/09/16,252.52,253.00,241.00,241.27,787275,194169680.00
2021/09/17,240.52,255.74,240.52,243.24,1379827,342968064.00
2021/09/22,241.98,244.96,228.19,240.00,1181685,279082912.00
2021/09/23,237.66,240.99,231.65,231.70,799727,187960192.00
2021/09/24,231.76,236.88,229.23,229.34,599308,139595792.00
2021/09/27,225.01,229.34,203.00,214.66,1295878,280299168.00
2021/09/28,213.91,238.00,208.39,233.01,1461453,326270432.00
2021/09/29,229.00,234.76,221.70,223.58,897725,204967744.00
2021/09/30,222.04,228.00,222.04,224.35,652332,146340560.00
2021/10/08,224.35,225.97,210.88,216.72,697741,151364112.00
2021/10/11,215.38,234.50,215.05,229.35,935472,211794848.00
2021/10/12,225.04,231.67,217.30,221.00,745947,166229920.00
2021/10/13,220.00,230.50,218.01,226.91,538653,121236376.00
2021/10/14,224.99,242.86,224.50,238.56,837692,198279296.00
2021/10/15,238.00,243.00,233.42,241.78,679876,162641376.00
2021/10/18,242.00,244.00,232.68,236.00,859179,203737792.00
2021/10/19,233.00,236.95,231.00,233.05,480997,111938296.00
2021/10/20,231.01,243.10,231.01,239.62,663658,158874640.00
2021/10/21,238.00,241.41,232.00,237.68,735992,174251520.00
2021/10/22,236.98,250.00,236.97,244.64,769111,188854496.00
2021/10/25,244.95,253.48,242.10,246.81,518252,128342304.00
2021/10/26,246.50,247.32,233.35,237.70,817456,195970400.00
2021/10/27,245.00,264.00,244.29,244.29,1238173,313947712.00
2021/10/28,241.11,262.49,241.11,250.69,1195441,303111616.00
2021/10/29,250.12,265.00,247.01,261.00,1019001,263677104.00
2021/11/01,263.21,268.72,258.05,259.80,691545,181403680.00
2021/11/02,262.98,269.00,254.81,258.00,1026539,269442752.00
2021/11/03,256.06,259.90,247.16,252.49,1016376,256405248.00
2021/11/04,254.00,260.20,252.52,255.00,784638,200772928.00
2021/11/05,260.00,260.00,248.50,250.80,772975,195746384.00
2021/11/08,248.00,252.00,246.90,248.00,496632,123737768.00
2021/11/09,247.51,265.00,245.05,262.20,1133295,289956032.00
2021/11/10,265.00,271.99,258.80,264.99,1015045,269967328.00
2021/11/11,262.90,264.90,258.50,260.75,701820,182676784.00
2021/11/12,259.38,268.71,259.07,267.25,665253,176530320.00
2021/11/15,267.58,274.43,263.56,263.90,829767,222583136.00
2021/11/16,261.04,267.37,256.75,257.00,640988,167643728.00
2021/11/17,256.02,262.32,254.06,262.32,525710,135719616.00
2021/11/18,262.32,269.50,257.49,267.80,623697,165222944.00
2021/11/19,265.00,294.82,264.00,288.00,1598749,450841120.00
2021/11/22,288.08,289.97,284.00,287.30,1027856,295100832.00
2021/11/23,288.00,289.90,277.60,278.62,949174,266670752.00
2021/11/24,278.11,283.97,274.88,279.19,590930,164606928.00
2021/11/25,279.10,281.83,275.68,278.63,419069,116406624.00
2021/11/26,279.15,284.68,275.90,277.98,542393,151753184.00
2021/11/29,274.60,285.00,274.18,283.00,574456,161287968.00
2021/11/30,281.57,293.60,269.00,270.29,1398288,390644288.00
2021/12/01,271.01,273.00,265.07,266.71,819746,219574288.00
2021/12/02,266.17,269.23,253.90,254.87,1041490,270372416.00
2021/12/03,255.01,260.50,255.00,258.37,457480,118083704.00
2021/12/06,258.09,259.00,247.08,248.14,1018559,256432400.00
2021/12/07,249.88,252.26,234.80,237.88,1151685,276433152.00
2021/12/08,240.00,245.49,238.85,242.89,621176,150787136.00
2021/12/09,243.43,246.48,240.28,245.20,514027,125359760.00
2021/12/10,244.50,246.20,241.28,244.33,366733,89595264.00
2021/12/13,245.88,250.58,239.02,247.72,560949,137556432.00
2021/12/14,246.10,252.77,245.28,248.85,414417,103295512.00
2021/12/15,248.55,248.63,236.20,236.38,886040,213454096.00
2021/12/16,237.01,239.28,233.81,238.50,596490,141362032.00
2021/12/17,238.37,238.37,228.67,230.93,832491,191787456.00
2021/12/20,230.00,234.60,227.60,230.93,443028,102980280.00
2021/12/21,233.30,235.33,229.63,233.68,282452,65744876.00
2021/12/22,233.00,233.98,229.86,229.90,399257,92199288.00
2021/12/23,229.00,235.96,228.62,235.80,441427,103051976.00
2021/12/24,235.30,235.88,231.54,231.96,373812,86901256.00
2021/12/27,230.20,235.38,230.20,233.21,271976,63495356.00
2021/12/28,233.21,237.72,230.21,234.00,455984,107006872.00
2021/12/29,234.87,235.91,229.86,229.94,397129,92067920.00
2021/12/30,229.50,236.78,224.14,235.18,1127417,260501392.00
2021/12/31,236.95,247.55,235.01,243.81,795461,193470096.00
2022/01/04,243.01,248.00,238.56,243.39,776735,189350144.00
2022/01/05,243.51,245.00,228.02,232.00,716653,167733760.00
2022/01/06,229.79,236.53,227.47,235.00,428056,99757032.00
2022/01/07,233.06,235.94,222.50,222.53,752858,170626752.00
2022/01/10,222.57,226.00,218.18,224.01,304419,67903416.00
2022/01/11,224.98,226.80,214.90,216.35,553856,121446424.00
2022/01/12,217.29,221.48,215.13,220.94,382472,83355888.00
2022/01/13,219.62,220.89,211.55,211.90,549883,118064072.00
2022/01/14,210.94,214.98,208.95,210.37,474837,100375192.00
2022/01/17,210.41,221.38,210.39,221.00,574656,124712016.00
2022/01/18,221.08,222.58,217.48,218.76,285245,62656320.00
2022/01/19,218.70,218.91,208.99,210.51,406043,86131312.00
2022/01/20,210.56,211.00,197.59,197.59,1030867,210026848.00
2022/01/21,197.66,199.00,188.90,190.00,831813,159816960.00
2022/01/24,190.10,202.00,189.18,197.43,493444,96957544.00
2022/01/25,197.50,204.48,196.00,197.60,546753,109466472.00
2022/01/26,196.60,199.53,193.80,198.71,323308,63798664.00
2022/01/27,199.93,199.93,190.91,192.16,462500,90593856.00
2022/01/28,175.34,180.13,166.06,179.96,1497402,261634832.00
2022/02/07,180.00,186.38,176.95,181.27,674181,123063616.00
2022/02/08,179.45,183.86,173.53,179.06,686094,122032288.00
2022/02/09,178.96,180.83,174.88,176.00,570714,101090608.00
2022/02/10,211.20,211.20,202.80,211.20,2317608,488100192.00
2022/02/11,209.00,209.00,191.58,198.55,2925754,575803072.00
2022/02/14,193.17,206.79,193.17,196.89,1443924,287661760.00
2022/02/15,196.00,205.25,194.62,201.40,1279760,255532176.00
2022/02/16,198.00,200.99,193.88,194.99,1206381,238521168.00
2022/02/17,194.49,201.27,191.40,201.08,1303353,256626096.00
2022/02/18,197.20,197.20,191.96,192.90,1001603,193790800.00
2022/02/21,190.00,192.90,184.14,185.19,1148309,215111760.00
2022/02/22,187.88,187.88,180.03,181.00,949587,173458880.00
2022/02/23,180.00,191.00,179.00,188.03,1389913,259061152.00
2022/02/24,183.44,197.95,182.41,194.00,2703705,515968256.00
2022/02/25,191.98,197.50,188.00,194.00,1473848,284173408.00
2022/02/28,195.95,202.26,193.00,198.61,1523683,301694592.00
2022/03/01,197.00,201.88,195.22,196.99,1025606,203079520.00
2022/03/02,195.87,199.21,193.33,198.06,913137,179564640.00
2022/03/03,199.81,201.00,195.10,196.38,901797,178664768.00
2022/03/04,195.68,203.99,193.05,194.09,971200,192316784.00
2022/03/07,195.94,197.94,183.10,184.96,937633,177485408.00
2022/03/08,185.75,187.46,177.01,180.00,805725,146712256.00
2022/03/09,181.01,181.91,163.37,169.75,1099089,189063424.00
2022/03/10,174.85,183.33,174.85,178.72,1263901,226701488.00
2022/03/11,176.00,180.46,171.02,179.19,678478,119485336.00
2022/03/14,177.11,183.38,173.06,176.87,732634,130326256.00
2022/03/15,172.05,177.98,169.04,169.94,622316,108141472.00
2022/03/16,173.39,173.97,162.20,172.20,977933,165372944.00
2022/03/17,173.99,178.53,172.51,175.38,876452,154581600.00
2022/03/18,174.47,174.48,165.60,166.33,1102710,186258160.00
2022/03/21,168.86,173.73,167.00,169.98,735621,125336912.00
2022/03/22,173.68,173.74,164.47,164.96,735773,122532920.00
2022/03/23,164.33,174.97,161.86,170.58,1056801,178419584.00
2022/03/24,169.00,169.00,165.51,166.90,476208,79551600.00
2022/03/25,168.50,169.80,163.28,163.33,566806,94082768.00
2022/03/28,161.41,161.61,155.80,159.68,489822,77742424.00
2022/03/29,159.68,162.91,151.50,152.84,931159,144872496.00
2022/03/30,153.50,157.35,152.18,157.00,738422,114760512.00
2022/03/31,155.77,156.66,150.00,150.77,753823,114957808.00
2022/04/01,150.02,151.98,147.46,150.22,516681,77433888.00
2022/04/06,149.69,149.73,146.80,148.98,559171,82750488.00
2022/04/07,148.80,151.42,147.50,150.11,600778,90021584.00
2022/04/08,151.00,151.00,146.26,150.00,544011,81105632.00
2022/04/11,148.12,149.50,139.99,141.27,658978,94453584.00
2022/04/12,140.88,143.91,139.23,143.30,394911,56062660.00
2022/04/13,142.00,144.68,139.11,139.35,479122,67665576.00
2022/04/14,139.80,140.85,137.02,139.30,505011,70317272.00
2022/04/15,139.30,139.30,133.50,136.00,628858,85330896.00
2022/04/18,137.01,149.50,136.00,147.10,1022877,148293696.00
2022/04/19,146.00,151.40,145.05,149.13,774566,114941952.00
2022/04/20,149.00,151.48,146.80,147.15,419637,62265284.00
2022/04/21,147.13,152.99,144.01,144.65,578700,85683336.00
2022/04/22,144.31,146.65,137.18,138.40,678617,95524792.00
2022/04/25,143.00,147.99,137.79,139.15,1314796,187314544.00
2022/04/26,137.60,139.89,128.88,128.90,1022657,137536096.00
2022/04/27,125.78,137.62,125.10,136.23,953912,126536336.00
2022/04/28,134.93,141.60,133.51,140.58,821738,113577416.00
2022/04/29,140.89,152.50,139.03,150.51,1057800,155633632.00
2022/05/05,150.51,158.00,150.51,153.03,1008030,155788672.00
2022/05/06,149.34,153.57,149.00,150.51,725357,109505896.00
2022/05/09,148.99,158.50,146.10,158.50,936441,145613472.00
2022/05/10,157.06,164.98,154.48,159.51,1237952,198479520.00
2022/05/11,159.56,163.66,156.00,156.71,853264,136738656.00
2022/05/12,157.01,164.89,155.20,163.92,982018,158647776.00
2022/05/13,163.92,165.00,158.84,159.66,677132,108776304.00
2022/05/16,160.51,163.56,158.10,159.91,447508,71752528.00
2022/05/17,160.02,161.99,156.43,161.99,494232,79295032.00
2022/05/18,161.31,167.80,160.58,165.12,638675,105196664.00
2022/05/19,162.40,168.90,161.90,167.58,606108,100714512.00
2022/05/20,168.61,170.46,165.67,169.42,527247,88550472.00
2022/05/23,172.00,173.00,167.11,169.86,596988,101189384.00
2022/05/24,169.80,175.75,164.44,164.92,854740,145820448.00
2022/05/25,164.91,176.98,164.66,176.20,995867,170769744.00
2022/05/26,176.76,179.40,171.74,174.33,819022,143659888.00
2022/05/27,173.89,175.93,155.53,161.83,3098066,281480896.00
2022/05/30,160.39,165.16,155.53,164.89,1312774,117057408.00
2022/05/31,163.15,165.63,160.56,164.53,1015938,92289648.00
2022/06/01,164.53,174.60,163.18,170.33,1467193,138703328.00
2022/06/02,171.16,174.63,169.61,172.99,1432815,136953840.00
2022/06/06,173.35,177.67,172.60,176.05,1418382,138301904.00
2022/06/07,175.98,176.05,168.96,170.02,1514369,143962992.00
2022/06/08,169.18,174.61,163.51,172.94,1884008,176887184.00
2022/06/09,169.70,171.07,166.84,168.69,974744,91193648.00
2022/06/10,167.99,174.70,166.73,173.89,1168133,111854936.00
2022/06/13,173.23,186.78,172.80,186.78,2515353,251523904.00
2022/06/14,182.19,185.63,179.62,184.33,1595300,161174992.00
2022/06/15,184.86,190.62,180.59,186.67,1701024,176214016.00
2022/06/16,186.67,190.60,185.74,189.46,1114967,116329544.00
2022/06/17,187.43,189.91,183.94,188.67,848850,88200528.00
2022/06/20,188.83,193.62,185.34,185.86,1068267,112537960.00
2022/06/21,187.45,189.68,181.74,183.24,828253,84988312.00
2022/06/22,183.79,186.28,177.69,177.94,974400,97352616.00
2022/06/23,180.16,183.43,176.70,183.34,981239,98694976.00
2022/06/24,183.34,192.11,182.93,185.47,1350512,141202112.00
2022/06/27,188.58,188.58,182.01,183.52,873906,89222944.00
2022/06/28,184.62,192.29,182.19,190.27,1351683,141428464.00
2022/06/29,188.56,190.27,178.59,178.77,1566032,159471408.00
2022/06/30,178.84,189.52,178.84,183.00,1215813,124477824.00
2022/07/01,183.15,186.58,180.75,183.43,715072,72749576.00
2022/07/04,184.33,190.08,179.83,189.36,1228060,127582648.00
2022/07/05,191.08,191.08,183.56,186.08,863387,89390032.00
2022/07/06,189.03,198.88,184.87,195.15,2441261,260091968.00
2022/07/07,198.18,208.42,194.79,204.58,2373592,268471392.00
2022/07/08,203.59,204.30,198.19,199.29,1402412,155766336.00
2022/07/11,198.55,198.95,190.63,195.13,1156894,124360240.00
2022/07/12,194.59,196.48,190.85,194.40,861131,92559344.00
2022/07/13,196.00,196.00,187.03,189.55,992661,104543000.00
2022/07/14,189.55,194.56,187.48,190.08,897842,95516688.00
2022/07/15,188.69,191.64,183.00,183.18,1097310,113551576.00
2022/07/18,183.06,183.13,172.99,175.86,1938808,189632928.00
2022/07/19,175.51,179.83,174.79,175.89,1352041,133004384.00
2022/07/20,176.68,180.37,174.90,179.11,1849339,182288256.00
2022/07/21,179.78,179.83,171.82,171.99,1967462,190662192.00
2022/07/22,171.19,174.09,165.18,167.65,1455777,136385056.00
2022/07/25,168.13,173.93,166.30,173.86,1558129,147132224.00
2022/07/26,172.98,176.95,171.73,174.49,1442117,139685792.00
2022/07/27,174.51,180.72,173.08,180.55,1747854,172469280.00
2022/07/28,180.75,181.74,177.80,179.22,1060659,105489040.00
2022/07/29,179.26,179.65,171.61,178.57,1597812,155855168.00
2022/08/01,178.39,192.43,176.79,187.34,2655864,275604352.00
2022/08/02,185.59,199.83,185.58,196.70,4021973,435856512.00
2022/08/03,192.09,208.42,185.74,205.03,3859731,429529440.00
2022/08/04,205.02,205.02,194.59,196.39,2448595,269060544.00
2022/08/05,195.40,200.80,190.89,196.39,2193328,237331376.00
2022/08/08,195.80,204.37,194.59,198.25,1654804,183173056.00
2022/08/09,197.29,199.80,191.35,194.04,1828261,197106288.00
2022/08/10,194.59,204.49,192.18,201.16,1955065,215639536.00
2022/08/11,202.33,203.56,195.42,197.28,1558857,171479888.00
2022/08/12,197.28,197.28,186.10,186.10,1762717,186076416.00
2022/08/15,187.12,188.78,183.49,188.62,1154389,119061384.00
2022/08/16,189.68,190.58,184.84,185.14,817773,84897336.00
2022/08/17,184.68,184.68,177.53,179.01,1583838,157655008.00
2022/08/18,178.38,181.58,176.81,180.19,1158666,115433368.00
2022/08/19,179.29,183.38,177.60,177.96,1047579,104327152.00
2022/08/22,176.40,189.91,173.59,184.55,1665170,169481328.00
2022/08/23,182.71,186.91,177.87,179.55,1232884,124684632.00
2022/08/24,180.36,181.98,167.79,168.58,2359735,225088464.00
2022/08/25,168.76,168.76,156.31,160.30,2753945,244787424.00
2022/08/26,164.68,165.07,157.82,162.23,4819637,433229024.00
2022/08/29,161.82,161.82,155.89,158.16,3699900,325235872.00
2022/08/30,157.57,159.24,155.32,155.55,2752480,239937232.00
2022/08/31,155.68,156.00,147.45,147.58,3139243,261199696.00
2022/09/01,144.46,147.88,143.83,145.72,2655515,215236688.00
2022/09/02,145.72,148.86,142.39,146.37,2211861,178211536.00
2022/09/05,146.32,151.32,144.52,149.16,2932153,241589680.00
2022/09/06,149.20,151.27,147.42,150.76,2722952,226219152.00
2022/09/07,150.42,152.85,148.71,151.75,2538828,213820160.00
2022/09/08,151.30,157.39,149.59,156.74,3707656,319465856.00
2022/09/09,157.15,157.15,151.59,153.77,2213280,188475776.00
2022/09/13,153.55,157.82,151.57,154.33,1837431,157352704.00
2022/09/14,151.39,158.14,150.64,155.21,2710165,234154784.00
2022/09/15,156.74,156.74,147.78,151.48,2823520,237071184.00
2022/09/16,151.81,154.74,149.90,151.77,4745530,402042720.00
2022/09/19,151.18,154.40,143.20,143.56,3277134,266676464.00
2022/09/20,145.09,147.61,140.58,141.60,2929360,233894528.00
2022/09/21,141.49,142.95,136.20,137.88,2577030,197795168.00
2022/09/22,138.24,149.16,136.63,145.76,4080430,329246720.00
2022/09/23,145.99,149.23,139.06,139.68,3113532,246489184.00
2022/09/26,139.51,139.87,134.76,135.05,2264693,171704064.00
2022/09/27,135.50,141.46,134.11,137.86,4075859,310431424.00
2022/09/28,136.99,138.18,129.79,130.21,2728276,201441536.00
2022/09/29,131.94,136.51,130.71,133.99,3141825,234010576.00
2022/09/30,132.71,133.18,128.23,129.79,2225872,160573808.00
2022/10/10,128.01,129.69,124.50,125.26,2278585,159767360.00
2022/10/11,126.01,128.68,122.18,127.38,2393442,167142368.00
2022/10/12,128.66,132.84,124.75,132.57,2649548,190239216.00
2022/10/13,133.07,138.79,131.25,134.64,3779217,284534752.00
2022/10/14,135.01,138.78,133.84,137.01,2679563,202851360.00
2022/10/17,136.81,145.71,135.61,141.13,3426319,269232608.00
2022/10/18,141.98,143.15,139.32,140.59,2316090,181240512.00
2022/10/19,139.42,141.64,138.09,139.71,2139620,166530912.00
2022/10/20,139.44,145.36,137.03,143.15,3179239,250595184.00
2022/10/21,143.10,143.78,138.88,140.94,1795393,140381872.00
2022/10/24,142.36,150.39,141.85,147.72,4153351,339171072.00
2022/10/25,147.49,152.29,145.00,149.58,4863392,402707296.00
2022/10/26,143.98,146.46,138.97,144.79,4978591,397006784.00
2022/10/27,144.19,151.21,143.31,147.06,3505761,286398400.00
2022/10/28,146.21,149.92,140.95,141.49,2877948,232847856.00
2022/10/31,142.03,154.71,138.79,150.78,4402558,363658624.00
2022/11/01,151.30,155.53,149.70,152.02,3866343,327195008.00
2022/11/02,151.72,161.46,150.31,156.13,4773524,417015616.00
2022/11/03,155.89,161.44,154.63,161.44,4515959,398510816.00
2022/11/04,162.14,162.14,157.93,160.03,3927897,347679456.00
2022/11/07,158.47,160.20,152.19,154.17,5037328,432799392.00
2022/11/08,153.19,156.38,149.02,154.90,3178095,269054592.00
2022/11/09,155.88,155.88,150.35,150.60,2864018,241974864.00
2022/11/10,149.50,152.47,147.02,148.33,2655535,220577104.00
2022/11/11,151.75,151.92,144.64,145.11,3993581,326178400.00
2022/11/14,145.09,147.22,141.98,144.00,2752936,220721232.00
2022/11/15,143.96,152.06,142.77,151.81,3967715,330142784.00
2022/11/16,151.75,155.19,148.98,149.54,3116432,262305808.00
2022/11/17,148.12,151.38,145.38,151.25,2351558,193346832.00
2022/11/18,150.33,152.91,147.22,147.29,2123926,176891568.00
2022/11/21,145.72,152.11,145.67,151.48,2351458,195971952.00
2022/11/22,151.48,157.82,150.80,152.83,4031473,345967840.00
2022/11/23,152.04,154.81,147.11,150.46,2494546,207648944.00
2022/11/24,149.74,151.09,145.63,146.17,2407247,197053280.00
2022/11/25,146.26,146.75,141.40,141.40,2319574,184357136.00
2022/11/28,140.76,142.75,137.19,137.89,2926503,226332528.00
2022/11/29,138.06,145.56,138.06,142.72,4119351,326117568.00
2022/11/30,142.72,143.24,140.23,141.53,1590329,124884336.00
2022/12/01,142.74,145.76,142.70,142.90,2191312,175089248.00
2022/12/02,143.29,145.27,140.85,142.21,2111476,167378448.00
2022/12/05,142.00,142.79,140.50,142.72,1795479,141251648.00
2022/12/06,142.30,145.06,141.89,144.48,2151064,171560560.00
2022/12/07,143.62,145.27,141.49,142.05,2191203,174117056.00
2022/12/08,141.30,141.53,137.39,137.75,3286883,253291232.00
2022/12/09,137.79,142.14,136.54,138.02,5225883,404703680.00
2022/12/12,138.02,145.33,138.02,143.20,3995564,316921088.00
2022/12/13,143.26,145.08,138.97,139.12,2311392,180649248.00
2022/12/14,142.48,144.16,135.91,136.24,2790362,215292912.00
2022/12/15,135.23,138.42,134.85,136.44,1606257,122030480.00
2022/12/16,135.48,136.74,130.89,131.65,2818868,207192400.00
2022/12/19,130.95,133.81,128.66,129.29,1783054,129375368.00
2022/12/20,129.92,131.23,128.35,129.79,1292935,93174920.00
2022/12/21,129.81,130.42,126.19,127.00,1424124,101003496.00
2022/12/22,128.70,128.70,124.93,125.83,1311920,92027592.00
2022/12/23,124.93,126.57,124.18,125.62,1128367,78425192.00
2022/12/26,126.01,130.08,126.01,129.11,1369032,97604320.00
2022/12/27,129.07,130.46,126.55,129.27,1745922,124514080.00
2022/12/28,129.60,131.20,127.31,127.94,1412087,100898520.00
2022/12/29,128.26,134.11,127.76,131.76,2882886,209719136.00
2022/12/30,131.61,139.68,130.80,139.10,4644104,352413440.00
2023/01/03,139.95,147.42,139.69,146.14,4892489,392087360.00
2023/01/04,146.48,148.89,144.90,146.21,3178796,258266480.00
2023/01/05,146.21,148.64,145.67,146.17,2114727,172339968.00
2023/01/06,146.39,148.44,144.84,146.10,2091013,169851584.00
2023/01/09,146.26,152.37,145.62,146.37,2997625,247322896.00
2023/01/10,147.27,147.40,144.23,145.38,1680142,135526832.00
2023/01/11,145.44,147.58,141.78,142.21,2126000,170124048.00
2023/01/12,145.99,146.66,141.49,142.54,2267065,179901456.00
2023/01/13,143.15,145.56,141.49,142.14,2247286,178094096.00
2023/01/16,142.16,146.50,141.15,144.23,2578578,206302624.00
2023/01/17,144.21,151.39,143.92,148.14,3026129,248986720.00
2023/01/18,147.87,148.66,145.29,145.99,1710723,138988432.00
2023/01/19,145.45,148.15,144.88,147.54,2163344,176080208.00
2023/01/20,147.27,148.98,145.09,146.50,2075324,168980320.00
2023/01/30,148.39,152.83,147.97,150.48,3880486,324862368.00
2023/01/31,149.65,151.00,147.24,149.76,2402664,198880656.00
2023/02/01,149.77,154.40,148.98,152.67,4251695,358999296.00
2023/02/02,153.61,154.08,149.59,149.94,4028153,338087648.00
2023/02/03,149.23,153.90,148.86,152.92,3835769,323323264.00
2023/02/06,153.46,153.95,148.08,149.04,3140564,263012880.00
2023/02/07,149.34,150.42,147.70,150.21,2166707,179302048.00
2023/02/08,149.67,150.58,145.13,145.65,3470714,282039104.00
2023/02/09,145.54,156.18,145.36,155.07,7295669,617240576.00
2023/02/10,154.96,155.53,150.76,152.35,3941214,334560640.00
2023/02/13,152.29,154.83,151.32,152.80,4269315,362411904.00
2023/02/14,152.67,154.09,150.53,153.79,3567253,301708800.00
2023/02/15,154.02,159.64,152.91,157.51,5994615,520303200.00
2023/02/16,157.33,158.76,150.84,152.62,4852988,417536480.00
2023/02/17,152.31,153.82,147.34,149.36,3685577,307208000.00
2023/02/20,149.05,151.14,146.89,151.09,2507213,207823504.00
2023/02/21,151.38,154.81,150.39,152.94,2928044,247406880.00
2023/02/22,154.35,159.12,153.86,157.24,6093016,529281792.00
2023/02/23,157.24,161.98,156.83,158.45,7484089,661197248.00
2023/02/24,157.32,161.44,156.52,156.54,5575683,490772832.00
2023/02/27,158.61,159.76,152.85,153.59,4235827,367185280.00
2023/02/28,153.19,154.56,149.41,151.38,4064912,341840416.00
2023/03/01,151.39,152.83,150.53,152.83,3037891,256153984.00
2023/03/02,152.46,157.15,152.26,154.29,4061249,349422272.00
2023/03/03,154.72,155.86,151.43,155.10,3931650,336670368.00
2023/03/06,156.72,157.48,150.82,150.82,4788079,408302656.00
2023/03/07,150.49,150.49,145.81,145.99,4965312,405439616.00
2023/03/08,145.81,148.48,145.47,147.33,2151047,175458528.00
2023/03/09,147.33,148.51,145.38,145.67,2910042,237133280.00
2023/03/10,145.00,146.61,142.41,146.43,2794781,224673888.00
2023/03/13,144.88,147.07,141.28,142.83,3006577,239126736.00
2023/03/14,142.39,143.29,139.10,141.31,2852985,223212192.00
2023/03/15,141.93,143.56,141.35,142.29,1868515,147536384.00
2023/03/16,140.59,141.85,137.30,137.53,2298995,177615808.00
2023/03/17,138.74,140.79,137.43,138.92,2171479,167572512.00
2023/03/20,138.94,141.31,137.71,140.83,2162722,168039536.00
2023/03/21,142.02,145.20,141.71,142.18,3371291,268537312.00
2023/03/22,142.00,143.08,141.28,142.65,1857586,146463168.00
2023/03/23,142.72,145.24,141.82,145.00,2486374,198660912.00
2023/03/24,144.91,144.91,138.79,139.14,5157809,402730656.00
2023/03/27,138.76,138.94,135.30,135.37,3970741,300908384.00
2023/03/28,135.45,136.00,132.78,133.32,2527007,187801760.00
2023/03/29,132.94,134.56,132.94,134.20,2005847,149031552.00
2023/03/30,133.99,138.04,133.21,136.11,2485696,187582672.00
2023/03/31,135.93,137.44,135.03,136.20,1511377,114144704.00
2023/04/03,137.62,139.53,136.90,138.52,2277926,174957824.00
2023/04/04,138.06,138.54,135.79,136.99,2622119,198847744.00
2023/04/06,136.99,141.67,136.63,141.57,3605476,280245056.00
2023/04/07,141.13,142.18,140.16,141.51,2350721,184013200.00
2023/04/10,140.99,143.20,139.32,139.33,2200916,172366944.00
2023/04/11,138.79,141.04,138.61,140.61,1944674,151277456.00
2023/04/12,140.34,140.56,138.07,139.28,1708926,132051768.00
2023/04/13,138.76,139.26,135.19,135.82,2382218,180369472.00
2023/04/14,135.21,137.84,135.00,137.16,1720140,130566048.00
2023/04/17,137.16,138.38,135.03,136.24,2178332,164900768.00
2023/04/18,135.23,136.20,133.90,135.09,1574397,117740784.00
2023/04/19,135.07,135.91,133.12,134.10,1750171,130432864.00
2023/04/20,134.28,135.82,132.24,132.82,1807250,133685392.00
2023/04/21,131.59,136.81,131.59,134.15,3309255,247970720.00
2023/04/24,133.74,133.81,128.10,128.71,2593747,186822640.00
2023/04/25,128.73,130.19,128.17,129.24,1752602,125633360.00
2023/04/26,126.18,127.81,124.39,124.41,3871186,269618208.00
2023/04/27,125.08,126.12,123.53,125.17,2586787,179002272.00
2023/04/28,126.05,128.64,125.28,128.01,1883329,133051968.00
2023/05/04,127.60,129.02,126.86,127.15,1637828,115999280.00
2023/05/05,127.99,128.14,123.94,124.66,1804290,125508544.00
2023/05/08,124.66,127.69,124.63,126.91,1789669,125496824.00
2023/05/09,126.91,126.91,122.38,122.47,2485980,171313024.00
2023/05/10,121.69,123.01,120.07,122.92,1925195,129448080.00
2023/05/11,122.90,124.12,121.82,123.24,1156013,78796064.00
2023/05/12,123.17,124.09,120.81,121.41,1008225,68235968.00
2023/05/15,121.15,124.00,120.33,123.82,1277904,86794904.00
2023/05/16,123.85,124.81,122.99,123.53,1090645,74876536.00
2023/05/17,122.77,125.47,122.77,124.86,2148145,148258960.00
2023/05/18,124.88,125.08,122.23,122.41,2203446,150590864.00
2023/05/19,122.40,125.11,121.62,125.08,2105380,144471392.00
2023/05/22,124.32,125.28,123.21,123.91,1411534,96936080.00
2023/05/23,123.94,124.77,122.25,122.25,1177285,80688912.00
2023/05/24,122.34,128.89,122.16,126.68,3463404,243033648.00
2023/05/25,126.52,127.35,124.84,126.50,2362284,165029488.00
2023/05/26,126.32,126.55,124.00,125.62,1716940,119048440.00
2023/05/29,125.92,127.09,124.21,124.65,1547727,107645368.00
2023/05/30,124.21,124.21,120.25,122.74,2402511,162635008.00
2023/05/31,122.77,123.58,121.80,123.40,1339799,91329376.00
2023/06/01,122.70,126.41,121.69,125.31,2159883,149298512.00
2023/06/02,125.65,126.54,124.30,125.89,1654709,115175728.00
2023/06/05,125.92,126.68,124.61,124.95,1409460,98257000.00
2023/06/06,124.41,124.47,120.58,120.97,2004580,135900256.00
2023/06/07,120.52,121.71,120.18,120.72,1272526,85252880.00
2023/06/08,120.61,120.61,106.56,107.26,7889255,486976288.00
2023/06/09,107.83,109.96,107.02,109.56,3342413,201564272.00
2023/06/12,108.88,110.37,108.41,108.46,2181089,131911248.00
2023/06/13,108.77,109.06,107.38,107.92,1895970,113853512.00
2023/06/14,108.01,108.50,106.93,107.29,1849907,110323384.00
2023/06/15,107.04,109.96,106.77,109.11,2571424,154273584.00
2023/06/16,109.11,111.15,108.91,110.44,2152429,131691144.00
2023/06/19,109.90,112.19,109.72,111.43,2354945,145528800.00
2023/06/20,111.45,119.26,111.18,118.45,5277399,340030176.00
2023/06/21,118.09,118.58,115.18,116.51,3157188,203885744.00
2023/06/26,116.26,116.83,113.95,115.00,2048277,130596768.00
2023/06/27,114.85,115.11,112.91,114.19,1698900,107439856.00
2023/06/28,114.49,115.16,111.94,114.84,1594730,100604992.00
2023/06/29,113.95,118.27,113.95,115.39,2132340,137690672.00
2023/06/30,115.39,118.96,115.39,117.07,2769697,180396576.00
2023/07/03,116.83,118.63,116.04,117.12,2343069,152162832.00
2023/07/04,117.55,117.82,116.42,117.01,1847729,120026352.00
2023/07/05,116.58,119.59,116.19,116.24,2380193,155664432.00
2023/07/06,115.77,117.54,114.67,115.66,1470210,94614584.00
2023/07/07,115.30,115.66,113.58,113.63,1819310,115209848.00
2023/07/10,113.94,118.45,113.56,117.43,2306555,149463760.00
2023/07/11,117.19,121.12,116.83,119.50,2903585,192916176.00
2023/07/12,119.53,121.14,118.24,118.36,2609698,173173440.00
2023/07/13,118.09,121.33,117.57,119.05,2066217,136998400.00
2023/07/14,118.63,118.94,116.60,116.80,1968715,128115072.00
2023/07/17,116.33,117.32,115.18,116.10,1387040,89163664.00
2023/07/18,116.10,117.32,115.39,116.26,1118472,72158424.00
2023/07/19,115.72,116.19,113.16,113.34,1907901,120777384.00
2023/07/20,113.58,114.33,111.40,111.42,1459059,91078240.00
2023/07/21,111.43,113.88,111.15,112.19,1140867,71147392.00
2023/07/24,112.19,115.97,111.79,113.50,1378232,87285472.00
2023/07/25,114.57,115.36,113.61,115.00,1242810,78935648.00
2023/07/26,115.00,115.27,113.50,113.86,839520,52941116.00
2023/07/27,113.97,115.38,112.96,113.36,1131319,71470472.00
2023/07/28,113.07,113.40,110.80,112.66,1596567,99035624.00
2023/07/31,112.66,116.11,112.66,114.91,1752944,111265376.00
2023/08/01,114.76,115.65,113.72,114.04,1152981,73056656.00
2023/08/02,114.51,114.75,112.39,112.87,1103725,69089912.00
2023/08/03,112.10,113.14,107.02,107.92,4007211,241042144.00
2023/08/04,108.37,109.49,108.03,108.52,2218332,133353208.00
2023/08/07,108.46,109.56,108.07,109.06,1095320,66013604.00
2023/08/08,108.81,110.53,108.10,109.94,1323443,80022040.00
2023/08/09,109.45,110.26,108.52,108.93,1153420,69652136.00
2023/08/10,108.84,110.01,108.50,109.20,803152,48619496.00
2023/08/11,109.20,109.60,107.37,107.42,1072876,64337568.00
2023/08/14,106.63,107.17,104.86,106.50,1759547,103057872.00
2023/08/15,106.25,107.17,103.96,105.21,1438240,83557088.00
2023/08/16,104.63,105.87,104.23,104.29,913615,52963560.00
2023/08/17,104.14,109.62,102.85,108.43,3053783,181157600.00
2023/08/18,107.89,109.51,106.02,106.05,1864877,111230464.00
2023/08/21,106.56,107.55,103.06,104.18,1619100,94745376.00
2023/08/22,104.34,105.31,100.87,103.71,2717309,154485360.00
2023/08/23,102.96,103.37,100.62,100.76,1569093,88086728.00
2023/08/24,101.59,102.45,100.45,100.54,1410140,79114176.00
2023/08/25,99.82,100.63,95.68,96.06,2632139,142230368.00
2023/08/28,103.60,104.85,98.29,98.74,5004061,283693952.00
2023/08/29,100.65,108.09,99.46,107.02,5551998,322679072.00
2023/08/30,106.38,110.16,106.38,109.40,3675967,221138800.00
2023/08/31,108.64,109.33,107.56,107.92,2207897,132196728.00
2023/09/01,108.09,108.37,105.80,106.88,1704400,100736816.00
2023/09/04,107.47,108.19,106.45,108.19,1905128,113173992.00
2023/09/05,107.98,110.62,107.76,108.41,2365722,142819424.00
2023/09/06,107.87,111.74,106.86,111.34,3301144,201548816.00
2023/09/07,111.56,111.70,108.10,108.27,2555993,155302272.00
2023/09/08,108.27,112.89,107.80,111.83,3717594,228696240.00
2023/09/11,112.06,113.52,109.78,110.30,3113099,190329200.00
2023/09/12,109.71,111.04,109.13,109.45,2109012,128308296.00
2023/09/13,109.54,109.65,107.04,108.01,1946022,116226280.00
2023/09/14,107.91,108.79,107.24,108.55,1822970,108901464.00
2023/09/15,108.59,109.40,106.81,108.07,1968637,117566208.00
2023/09/18,107.56,108.68,106.07,107.89,2047176,121685440.00
2023/09/19,107.89,108.05,104.92,105.33,2489802,145666240.00
2023/09/20,105.49,106.70,103.64,104.29,1429877,83112216.00
2023/09/21,104.00,104.90,102.67,103.10,1299221,74388464.00
2023/09/22,103.06,106.05,102.83,105.76,1558039,90236728.00
2023/09/25,105.64,105.76,103.96,105.04,1391340,80511840.00
2023/09/26,104.52,105.06,103.64,103.89,1090169,62827784.00
2023/09/27,103.96,106.54,103.96,105.71,1516874,88638552.00
2023/09/28,105.91,108.14,105.91,107.73,1454802,86381648.00
2023/10/09,107.89,111.85,107.80,110.37,2929172,178775472.00
2023/10/10,110.35,110.93,109.00,109.45,1436561,87183456.00
2023/10/11,109.54,110.53,108.46,109.02,1815342,109996456.00
2023/10/12,109.18,110.25,108.52,109.65,1480661,89600448.00
2023/10/13,108.77,109.22,107.11,108.28,1736464,103957360.00
2023/10/16,108.21,111.88,107.26,108.75,3004263,182060160.00
2023/10/17,108.12,109.96,106.30,109.85,2427226,145568368.00
2023/10/18,108.91,109.35,105.75,105.76,2398715,141461552.00
2023/10/19,106.03,110.62,105.53,107.20,3126880,187778048.00
2023/10/20,105.55,107.15,103.62,103.78,2800223,162430416.00
2023/10/23,103.51,107.55,102.18,103.77,2922825,168653536.00
2023/10/24,104.13,108.41,101.91,106.18,3236613,188452928.00
2023/10/25,105.82,108.55,105.22,106.95,2812500,166811776.00
2023/10/26,106.30,114.67,105.51,113.86,6877265,420899520.00
2023/10/27,115.20,116.55,112.60,115.66,6391084,406033824.00
2023/10/30,114.24,117.73,113.88,115.12,5426574,347669632.00
2023/10/31,115.52,118.90,114.93,116.60,5687043,367828416.00
2023/11/01,116.89,123.46,115.99,121.37,8278531,552955584.00
2023/11/02,121.60,121.95,115.32,115.32,6045991,395105952.00
2023/11/03,116.53,121.93,116.53,118.98,5762292,379355424.00
2023/11/06,118.27,120.09,117.10,119.73,6050547,398126624.00
2023/11/07,119.03,119.73,117.52,118.98,3499599,229567792.00
2023/11/08,120.00,120.16,117.63,119.48,3545231,233605056.00
2023/11/09,119.05,119.71,115.83,115.93,4433419,287679008.00
2023/11/10,115.48,119.75,115.09,119.43,4532380,296145056.00
2023/11/13,119.77,123.51,119.64,122.41,6328431,428031168.00
2023/11/14,122.50,123.76,120.43,121.75,3518027,237099488.00
2023/11/15,122.50,122.50,120.15,120.54,2766902,184921696.00
2023/11/16,121.05,121.60,118.72,118.80,2514863,166940016.00
2023/11/17,118.54,119.62,117.50,119.34,2009624,132075080.00
2023/11/20,119.08,122.50,118.13,122.32,4306832,288322400.00
2023/11/21,122.97,123.01,119.66,120.43,3056932,205105392.00
2023/11/22,119.55,120.43,116.31,116.40,3182430,207636064.00
2023/11/23,116.06,118.00,115.66,117.27,1808622,117178112.00
2023/11/24,117.50,117.64,112.93,114.49,2497588,159019904.00
2023/11/27,114.26,115.93,114.13,114.76,1963951,125024304.00
2023/11/28,114.40,115.90,113.50,114.73,2161595,136965824.00
2023/11/29,114.89,115.07,112.80,113.05,2264171,142718416.00
2023/11/30,113.07,113.18,109.36,110.62,2784960,171120208.00
2023/12/01,110.62,110.97,107.87,109.47,4146099,249971744.00
2023/12/04,109.49,110.66,108.10,109.76,2354515,142593136.00
2023/12/05,109.18,109.20,106.18,106.25,2636282,156417296.00
2023/12/06,106.23,107.38,105.80,106.12,1797110,105936392.00
2023/12/07,105.76,107.20,105.04,106.34,1941540,114262968.00
2023/12/08,106.34,107.38,105.58,105.67,2447296,143969968.00
2023/12/11,105.73,108.45,103.80,108.28,3177820,186178960.00
2023/12/12,108.10,108.81,107.40,107.92,1975284,118085728.00
2023/12/13,108.12,109.09,105.78,105.82,1973006,117098272.00
2023/12/14,106.59,107.26,104.99,105.13,1566720,91946640.00
2023/12/15,105.24,106.41,103.86,104.47,1684579,97679168.00
2023/12/18,104.29,104.29,101.05,101.35,2391680,135106896.00
2023/12/19,101.80,101.95,100.67,101.71,1502032,84125808.00
2023/12/20,102.04,102.45,99.46,99.50,1866356,103963112.00
2023/12/21,99.25,100.99,98.04,100.44,1511769,83330912.00
2023/12/22,100.42,102.27,99.57,100.63,2164357,120682376.00
2023/12/25,100.45,103.96,99.37,102.25,2258709,128144296.00
2023/12/26,102.25,102.61,99.66,101.26,1766818,98497520.00
2023/12/27,101.08,102.38,100.80,101.91,1298040,72913304.00
2023/12/28,101.57,104.68,100.92,103.93,2261601,129192320.00
2023/12/29,103.62,105.91,103.48,105.33,1931938,112314656.00
2024/01/02,105.21,107.17,104.16,104.23,2645776,154946512.00
2024/01/03,103.60,104.59,102.18,102.97,1753640,99870800.00
2024/01/04,102.79,103.98,101.95,102.97,1215070,69181200.00
2024/01/05,102.36,103.03,99.75,100.36,1728052,96930624.00
2024/01/08,100.85,100.87,98.42,98.42,1490560,81595736.00
2024/01/09,98.42,99.57,97.30,97.45,1963196,106614528.00
2024/01/10,96.89,97.99,95.23,97.65,1572034,84155952.00
2024/01/11,96.89,99.64,96.76,99.09,1419557,77345984.00
2024/01/12,98.56,99.68,98.24,99.19,1481565,81082360.00
2024/01/15,98.98,99.01,96.37,97.61,1661423,89459816.00
2024/01/16,97.65,97.92,94.08,95.76,2219492,117390200.00
2024/01/17,95.45,95.50,92.52,92.52,1731403,89996072.00
2024/01/18,92.25,92.66,89.40,92.05,2295551,115090760.00
2024/01/19,92.26,93.47,91.06,91.36,1625935,82894784.00
2024/01/22,90.46,91.36,84.69,85.12,2520704,122298112.00
2024/01/23,85.05,86.77,84.16,86.32,1774587,83976616.00
2024/01/24,86.43,89.47,83.73,89.19,2615684,124519368.00
2024/01/25,88.66,91.26,87.94,90.79,2358749,117404544.00
2024/01/26,90.64,92.39,89.40,89.40,1801338,90203976.00
2024/01/29,90.46,91.31,86.77,86.77,1770607,86527992.00
2024/01/30,86.18,88.43,84.52,84.61,1712555,81881544.00
2024/01/31,84.61,84.96,80.58,80.74,2397633,108899448.00
2024/02/01,80.76,83.08,79.45,80.53,1698595,75952288.00
2024/02/02,80.15,81.16,74.05,76.03,2999526,128226392.00
2024/02/05,75.70,76.01,70.07,71.58,3261720,131280384.00
2024/02/06,70.16,80.83,70.03,80.62,3913414,165190384.00
2024/02/07,80.51,85.55,80.51,83.91,4091912,189330000.00
2024/02/08,83.26,89.37,83.21,86.45,3971102,191512000.00
2024/02/19,88.09,88.18,85.15,85.53,1943528,92479696.00
数据来源:通达信
