301488 豪恩汽电 日线 后复权
      日期	    开盘	    最高	    最低	    收盘	    成交量	    成交额
2023/07/04,65.01,101.30,64.00,90.01,17390661,1279737344.00
2023/07/05,82.00,87.99,79.06,79.61,14692926,1209877248.00
2023/07/06,79.00,96.35,79.00,94.68,14602396,1266356480.00
2023/07/07,94.00,108.88,89.00,89.90,14257206,1402681088.00
2023/07/10,93.00,113.00,93.00,113.00,13872970,1405131520.00
2023/07/11,109.65,113.88,101.66,111.36,12030079,1292407424.00
2023/07/12,108.00,110.00,97.70,100.99,11975716,1247813504.00
2023/07/13,99.50,103.30,93.52,98.30,9470122,926804224.00
2023/07/14,98.18,101.46,92.00,92.72,9460044,915866112.00
2023/07/17,90.15,93.25,88.15,89.14,6952582,627535616.00
2023/07/18,89.69,91.73,84.83,90.72,7749570,690108096.00
2023/07/19,90.47,90.47,85.72,87.49,6150330,540644864.00
2023/07/20,89.04,91.70,85.16,85.40,5786188,512927520.00
2023/07/21,85.02,88.27,83.11,86.07,5312653,456447744.00
2023/07/24,84.96,88.60,82.00,87.07,5190780,446029504.00
2023/07/25,90.00,92.89,87.10,89.30,7655222,689581120.00
2023/07/26,86.89,92.34,86.01,86.44,6140945,547071936.00
2023/07/27,98.00,99.96,90.00,90.45,9661282,918378624.00
2023/07/28,90.45,97.73,86.88,93.26,8911623,818943040.00
2023/07/31,94.00,107.20,94.00,98.00,9210397,924320448.00
2023/08/01,92.99,97.36,90.06,90.06,6984304,653049280.00
2023/08/02,87.10,88.28,82.15,87.30,7476926,638990592.00
2023/08/03,84.25,86.18,82.45,82.82,4830767,406249792.00
2023/08/04,83.03,85.40,82.16,84.12,4740544,397813664.00
2023/08/07,82.00,84.80,81.11,82.37,2951115,243897904.00
2023/08/08,82.01,84.35,81.31,82.45,3184483,263630432.00
2023/08/09,81.11,81.64,77.15,79.17,4336996,342892896.00
2023/08/10,78.00,82.28,78.00,81.55,3698593,297623968.00
2023/08/11,81.40,81.48,79.34,79.38,2621475,210519568.00
2023/08/14,78.00,79.91,77.52,79.00,2219397,174708032.00
2023/08/15,78.73,81.45,75.46,78.20,3522695,274906944.00
2023/08/16,76.74,77.14,74.31,75.00,3506926,263972016.00
2023/08/17,75.30,82.84,74.55,80.58,6254929,494168672.00
2023/08/18,78.90,82.82,78.11,81.31,7045255,567773184.00
2023/08/21,78.88,80.00,75.59,76.02,4870588,375527776.00
2023/08/22,78.00,78.48,72.30,75.27,4010690,301577536.00
2023/08/23,74.48,78.98,73.51,76.23,4503666,346604704.00
2023/08/24,75.20,76.97,72.30,72.30,3070973,227774336.00
2023/08/25,71.49,73.00,67.00,67.86,2749860,191748976.00
2023/08/28,73.75,73.75,68.80,69.20,2754749,195590016.00
2023/08/29,69.35,75.49,69.21,74.86,3137846,230473856.00
2023/08/30,74.00,76.75,73.63,76.00,2918809,220905040.00
2023/08/31,75.50,77.60,74.20,75.15,1808986,136953696.00
2023/09/01,74.77,79.80,74.51,75.66,2582700,199560336.00
2023/09/04,75.11,76.48,74.22,75.07,1857050,139793616.00
2023/09/05,75.07,76.99,74.50,75.52,1454173,109842080.00
2023/09/06,75.99,79.29,75.99,77.72,2454197,190433136.00
2023/09/07,75.55,76.16,73.00,73.70,2171519,162055456.00
2023/09/08,73.70,81.80,71.89,78.89,3571160,277207232.00
2023/09/11,77.35,81.99,76.80,80.03,4480967,357487776.00
2023/09/12,86.00,88.00,81.00,82.12,5879581,488527520.00
2023/09/13,80.83,81.89,75.50,76.34,3441019,267582208.00
2023/09/14,76.10,77.86,72.36,72.43,2505029,187109536.00
2023/09/15,72.11,72.70,69.14,69.34,2275584,160164208.00
2023/09/18,68.61,78.90,68.61,73.96,4299062,319053984.00
2023/09/19,74.00,74.77,70.53,71.23,2272462,162864832.00
2023/09/20,71.19,72.83,70.25,71.20,1871049,133848328.00
2023/09/21,72.00,73.33,70.06,70.60,1659274,118621488.00
2023/09/22,69.30,72.85,69.20,71.75,2015204,143394000.00
2023/09/25,72.00,72.35,69.82,70.01,1393631,98400760.00
2023/09/26,69.75,71.23,68.51,68.70,1496349,103087720.00
2023/09/27,68.75,69.07,66.32,67.03,1997963,133931368.00
2023/09/28,67.00,69.56,67.00,69.13,1616789,110323816.00
2023/10/09,69.11,72.42,69.10,70.81,1679340,118600544.00
2023/10/10,70.31,71.50,68.21,69.21,1917154,132407968.00
2023/10/11,72.16,73.37,70.00,70.50,2534500,179039392.00
2023/10/12,71.50,76.03,70.55,72.41,3814493,276185024.00
2023/10/13,71.10,76.61,71.10,75.66,4359370,321993216.00
2023/10/16,76.00,80.16,73.55,77.86,5355816,408850400.00
2023/10/17,75.39,75.40,72.66,73.35,3832919,280621696.00
2023/10/18,72.30,77.71,71.63,74.71,4177519,312667040.00
2023/10/19,73.30,73.74,68.98,69.44,4067744,286859072.00
2023/10/20,68.80,71.87,68.00,68.40,2101384,145278848.00
2023/10/23,68.03,70.38,67.72,68.69,1688190,115451552.00
2023/10/24,69.97,77.49,69.97,74.40,5062710,373687776.00
2023/10/25,73.73,77.49,73.40,75.96,3659712,274862592.00
2023/10/26,74.61,79.10,73.96,78.50,4531493,347738144.00
2023/10/27,82.50,87.50,77.19,77.28,8444325,688476928.00
2023/10/30,78.15,81.20,77.51,78.21,5140032,403363072.00
2023/10/31,76.60,77.80,74.06,74.07,3853513,289635616.00
2023/11/01,73.63,76.50,73.00,74.90,2936825,218480128.00
2023/11/02,75.37,79.73,75.37,75.88,4360239,335109248.00
2023/11/03,75.69,80.36,75.50,78.52,3934916,305241536.00
2023/11/06,83.50,85.46,80.50,81.57,5434993,443947040.00
2023/11/07,81.89,83.70,79.20,80.15,5178850,417183392.00
2023/11/08,82.94,85.50,81.50,84.82,5965041,495210272.00
2023/11/09,83.35,83.35,79.38,79.80,4375981,350904864.00
2023/11/10,79.00,80.82,76.64,78.32,3041221,236626208.00
2023/11/13,77.70,78.89,77.40,78.89,2079935,161530528.00
2023/11/14,78.50,80.92,77.75,80.65,2831413,223740112.00
2023/11/15,80.48,81.00,78.05,79.50,2577958,203436496.00
2023/11/16,78.81,80.38,77.76,77.76,1887344,147527696.00
2023/11/17,78.20,82.05,77.80,81.06,3856763,308764384.00
2023/11/20,81.94,83.42,80.30,81.05,3385338,275047744.00
2023/11/21,80.01,82.50,79.38,81.71,3165667,254715984.00
2023/11/22,80.80,83.04,77.97,77.97,3268085,263291648.00
2023/11/23,77.88,81.30,76.05,80.16,2873435,225980992.00
2023/11/24,82.00,84.06,77.50,83.83,5030993,409114688.00
2023/11/27,86.50,90.30,83.61,86.15,6750592,583705856.00
2023/11/28,84.16,89.85,84.09,85.61,4996655,430789792.00
2023/11/29,86.50,87.78,82.10,82.62,4313335,362941152.00
2023/11/30,81.51,82.97,79.39,80.83,2885568,232964128.00
2023/12/01,80.68,82.40,78.62,81.64,2023204,162996656.00
2023/12/04,80.94,81.38,79.52,79.57,1837218,146507040.00
2023/12/05,78.71,80.70,77.32,78.38,1952390,152825712.00
2023/12/06,77.52,78.82,77.40,77.89,1581984,122441568.00
2023/12/07,77.48,78.48,76.30,77.40,1372953,105662808.00
2023/12/08,76.77,77.93,76.50,76.86,1041757,79713752.00
2023/12/11,76.79,79.12,75.92,78.90,1510894,117061680.00
2023/12/12,78.23,78.90,77.12,77.59,1157446,89671536.00
2023/12/13,77.49,78.00,75.77,75.80,1036316,79015456.00
2023/12/14,76.39,76.80,72.00,72.00,2047939,148720864.00
2023/12/15,72.00,72.40,70.96,71.41,1081071,76965728.00
2023/12/18,71.08,72.06,70.39,70.70,824055,58120644.00
2023/12/19,70.70,71.65,70.20,71.55,764380,54018780.00
2023/12/20,72.00,72.70,71.10,71.35,905103,64707148.00
2023/12/21,71.70,71.92,69.67,71.35,1096902,77215456.00
2023/12/22,71.00,71.18,68.96,69.10,1265727,87901832.00
2023/12/25,68.92,69.82,68.76,69.60,517657,35622332.00
2023/12/26,69.30,70.10,67.62,67.93,681908,46158116.00
2023/12/27,68.00,68.33,67.30,67.81,633176,42576564.00
2023/12/28,67.40,70.05,67.10,69.44,1112656,76034128.00
2023/12/29,69.29,70.59,69.00,70.14,922852,64156756.00
2024/01/02,70.14,70.48,68.50,68.76,663673,45720872.00
2024/01/03,68.60,68.60,67.08,67.30,748114,50261528.00
2024/01/04,68.04,68.88,66.30,68.30,1551070,104206880.00
2024/01/05,67.68,69.77,67.31,67.56,1147640,77944344.00
2024/01/08,67.42,68.21,66.25,66.25,1054479,70001888.00
2024/01/09,66.12,67.48,65.27,65.75,1002293,66090488.00
2024/01/10,65.75,65.75,63.36,63.82,1257310,80075000.00
2024/01/11,63.80,65.62,63.80,65.29,1012348,65258388.00
2024/01/12,65.00,65.66,64.00,64.20,797517,51291380.00
2024/01/15,64.02,64.15,62.44,62.60,1152224,72080112.00
2024/01/16,62.64,62.90,61.46,62.42,856480,52666408.00
2024/01/17,62.30,62.38,60.33,60.33,646485,39240276.00
2024/01/18,59.62,60.61,57.37,59.05,1306890,76029824.00
2024/01/19,59.01,59.43,56.82,56.85,1465452,83791896.00
2024/01/22,56.59,57.37,53.04,53.51,1335648,73302976.00
2024/01/23,53.51,54.40,52.60,53.63,1175276,62372960.00
2024/01/24,53.83,54.23,51.58,53.55,937560,49250028.00
2024/01/25,53.38,55.40,52.94,54.56,1359465,73216144.00
2024/01/26,54.56,54.95,53.00,53.18,1037376,55590060.00
2024/01/29,54.70,55.00,52.10,52.22,1102767,58170896.00
2024/01/30,51.60,52.37,49.88,50.25,925741,46743104.00
2024/01/31,50.50,50.76,47.11,47.29,1151580,55549308.00
2024/02/01,47.29,47.82,45.61,46.64,1003032,46446180.00
2024/02/02,46.64,48.14,42.81,44.22,1272423,57093580.00
2024/02/05,42.83,43.89,38.30,38.50,1784842,70582240.00
2024/02/06,38.05,40.51,35.63,39.40,2807425,106211744.00
2024/02/07,40.48,41.06,37.77,38.73,3066014,120434432.00
2024/02/08,38.60,42.98,31.08,42.39,3867968,146742064.00
2024/02/19,41.83,44.25,41.50,42.85,1896428,80291536.00
数据来源:通达信
