300765 新诺威 日线 后复权
      日期	    开盘	    最高	    最低	    收盘	    成交量	    成交额
2019/03/22,29.36,35.24,29.36,35.24,40922,1437133.25
2019/03/25,38.76,38.76,38.76,38.76,11300,437988.00
2019/03/26,42.64,42.64,42.64,42.64,23242,991038.88
2019/03/27,46.90,46.90,46.90,46.90,80215,3762083.50
2019/03/28,51.59,51.59,51.59,51.59,147132,7590540.00
2019/03/29,56.75,56.75,51.70,52.99,25008188,1336483840.00
2019/04/01,53.79,55.58,52.36,54.49,18656191,1010300800.00
2019/04/02,54.00,54.90,52.80,53.20,13744812,736446208.00
2019/04/03,52.08,52.40,50.80,50.93,12692852,652651712.00
2019/04/04,50.91,51.98,50.70,51.25,10625376,545374912.00
2019/04/08,51.42,53.98,51.00,53.20,14108608,745014016.00
2019/04/09,51.94,51.97,48.50,48.81,12566205,622442816.00
2019/04/10,48.36,49.12,48.02,48.36,5356907,260237248.00
2019/04/11,48.38,49.50,48.38,48.44,4441632,216728512.00
2019/04/12,48.00,48.38,46.67,46.78,5991323,282733888.00
2019/04/15,47.35,47.58,46.40,46.48,4270394,200812528.00
2019/04/16,46.10,46.88,46.01,46.76,3744684,174192000.00
2019/04/17,46.70,47.28,46.55,46.77,3719788,174820704.00
2019/04/18,46.53,46.59,45.27,45.81,5497078,252405344.00
2019/04/19,45.80,46.27,45.56,45.90,2938615,134947664.00
2019/04/22,46.04,46.04,44.70,45.29,4399673,199112224.00
2019/04/23,45.20,46.26,44.80,45.90,4797694,219204976.00
2019/04/24,45.32,45.48,44.06,44.50,4423237,197432960.00
2019/04/25,44.26,44.77,42.24,42.26,4291385,187172336.00
2019/04/26,42.26,42.47,41.51,41.74,2810979,117958256.00
2019/04/29,41.50,42.50,40.77,40.82,3318904,138975424.00
2019/04/30,40.98,41.60,40.40,41.21,2425645,99621064.00
2019/05/06,39.87,40.98,37.85,38.34,3963382,155894864.00
2019/05/07,38.58,42.02,38.38,41.72,4974216,198868400.00
2019/05/08,40.29,41.43,40.08,40.43,3479961,142125488.00
2019/05/09,39.56,40.90,39.56,39.73,2210855,88839960.00
2019/05/10,40.00,40.77,38.01,40.28,3391797,135713696.00
2019/05/13,39.98,41.36,39.67,41.28,3356294,137213280.00
2019/05/14,40.72,41.27,40.25,40.42,2380191,96751056.00
2019/05/15,40.97,41.43,40.53,41.16,2571600,105627624.00
2019/05/16,41.19,41.19,40.59,40.76,2022058,82594232.00
2019/05/17,40.85,40.96,38.30,38.38,3072488,121427248.00
2019/05/20,38.49,38.64,36.50,37.05,2393551,88668352.00
2019/05/21,37.05,37.87,37.05,37.53,1676492,62926224.00
2019/05/22,37.50,37.65,36.86,36.97,1440892,53607640.00
2019/05/23,36.90,37.44,36.54,36.56,1573046,58113524.00
2019/05/24,36.45,37.18,36.45,36.99,1416403,52185044.00
2019/05/27,36.60,37.82,36.60,37.65,1940313,72546560.00
2019/05/28,37.70,37.98,37.08,37.15,1815415,68214184.00
2019/05/29,37.15,38.50,36.92,37.62,2219797,84120400.00
2019/05/30,37.25,38.48,37.14,38.48,2674306,101255576.00
2019/05/31,38.05,40.91,38.01,40.29,5676482,226847776.00
2019/06/03,39.88,40.15,38.50,38.76,3289147,128613504.00
2019/06/04,38.71,38.71,37.30,37.33,2382527,89950344.00
2019/06/05,37.75,37.88,36.80,36.98,1694064,63107500.00
2019/06/06,36.98,37.40,35.88,36.02,1719387,63009304.00
2019/06/10,36.28,36.78,36.00,36.42,1042176,37972256.00
2019/06/11,36.40,37.60,36.40,37.57,1912029,71263160.00
2019/06/12,37.35,37.75,37.11,37.12,1563672,58430564.00
2019/06/13,37.39,37.60,37.10,37.38,1376310,51459624.00
2019/06/14,37.75,37.75,35.78,35.89,2078964,76137296.00
2019/06/17,36.20,36.22,35.45,35.88,1057296,37982392.00
2019/06/18,35.98,37.13,35.90,36.91,1984889,72851640.00
2019/06/19,37.48,37.80,37.00,37.04,1907669,71115864.00
2019/06/20,37.00,37.36,36.53,37.20,1846431,68404656.00
2019/06/21,37.46,37.96,37.37,37.65,2450629,92362536.00
2019/06/24,37.63,38.83,37.55,38.40,3002878,114842312.00
2019/06/25,38.15,38.15,36.92,37.15,2376201,89096344.00
2019/06/26,37.00,37.84,36.80,37.51,1485770,55778608.00
2019/06/27,37.58,37.94,37.52,37.66,1569590,59174196.00
2019/06/28,37.70,37.78,36.62,36.67,1729677,63927060.00
2019/07/01,37.43,40.12,37.19,39.30,4233936,162789888.00
2019/07/02,38.90,38.90,38.02,38.40,3003536,115511392.00
2019/07/03,38.44,39.93,38.16,38.91,4617260,180956800.00
2019/07/04,38.58,39.68,38.50,38.92,2976799,116773568.00
2019/07/05,38.77,41.50,38.77,40.91,7024803,283617696.00
2019/07/08,40.29,40.52,38.42,38.50,4835270,189856464.00
2019/07/09,38.30,38.77,37.82,38.56,2311332,88413928.00
2019/07/10,38.55,38.55,37.26,37.36,2384742,90237080.00
2019/07/11,37.65,37.83,36.60,36.81,1743369,64903780.00
2019/07/12,36.79,37.42,36.70,36.95,1134473,42103704.00
2019/07/15,37.01,37.99,36.87,37.77,1699913,63910944.00
2019/07/16,37.75,39.26,37.75,38.84,2737341,105939520.00
2019/07/17,38.57,38.89,38.17,38.30,2093360,80541584.00
2019/07/18,38.05,38.11,36.96,37.01,1897738,70910728.00
2019/07/19,37.01,37.51,37.01,37.07,1156800,43076604.00
2019/07/22,37.11,37.19,35.20,35.52,2306552,82515568.00
2019/07/23,35.67,35.99,35.67,35.93,1054563,37824572.00
2019/07/24,36.18,36.55,35.98,36.02,1628678,59009324.00
2019/07/25,36.00,36.50,35.79,36.48,1702890,61551844.00
2019/07/26,36.29,36.61,36.12,36.34,990446,35991020.00
2019/07/29,36.50,36.50,35.85,36.01,1251740,45147256.00
2019/07/30,36.01,36.41,35.82,36.03,1114059,40286324.00
2019/07/31,35.90,36.20,35.80,36.03,964473,34668108.00
2019/08/01,35.82,35.96,35.60,35.69,1026410,36690340.00
2019/08/02,35.00,35.00,34.11,34.59,1889192,65467196.00
2019/08/05,34.57,35.11,34.35,34.39,1115580,38720728.00
2019/08/06,33.80,33.80,32.59,33.40,2028727,67366120.00
2019/08/07,33.52,33.69,33.10,33.10,944433,31548784.00
2019/08/08,33.39,33.39,33.11,33.21,843235,28045586.00
2019/08/09,33.35,35.15,33.35,33.82,2320591,78954464.00
2019/08/12,33.94,34.37,33.70,34.19,1192559,40674792.00
2019/08/13,33.89,34.07,33.55,33.66,989823,33451084.00
2019/08/14,34.00,34.24,33.75,33.85,1234742,41981144.00
2019/08/15,33.40,33.78,32.92,33.76,1269140,42265580.00
2019/08/16,33.79,34.70,33.65,34.40,1668240,57155264.00
2019/08/19,34.55,35.15,34.20,35.11,2225219,77295968.00
2019/08/20,35.26,35.26,34.76,34.95,1580488,55312628.00
2019/08/21,34.95,35.08,34.75,34.95,1066793,37265916.00
2019/08/22,35.00,35.10,34.42,34.65,1100037,38187036.00
2019/08/23,34.65,35.33,34.60,35.08,1795462,62910164.00
2019/08/26,34.23,34.74,34.12,34.35,1226709,42118480.00
2019/08/27,34.54,35.54,34.48,35.50,2812177,99216848.00
2019/08/28,35.40,35.41,34.97,35.26,1710722,60178140.00
2019/08/29,35.29,35.65,35.09,35.12,1563346,55227596.00
2019/08/30,35.30,35.40,33.63,33.66,2365774,81404632.00
2019/09/02,33.87,34.35,33.61,34.24,1218918,41551648.00
2019/09/03,34.25,34.70,34.25,34.55,1156482,39832296.00
2019/09/04,34.49,34.77,34.35,34.66,1165632,40272336.00
2019/09/05,34.83,35.38,34.83,34.97,2455161,86401352.00
2019/09/06,35.25,35.54,35.08,35.48,1778507,62813072.00
2019/09/09,35.65,35.87,35.30,35.77,2265408,80596464.00
2019/09/10,35.70,35.97,35.38,35.78,2062910,73591232.00
2019/09/11,36.00,36.35,35.56,35.59,1949813,70029384.00
2019/09/12,35.85,35.98,35.26,35.76,1585437,56417464.00
2019/09/16,35.90,36.31,35.76,36.10,1892632,68143600.00
2019/09/17,35.90,36.00,34.86,35.10,2088037,73824760.00
2019/09/18,35.07,37.31,34.98,36.84,5134947,187846864.00
2019/09/19,36.80,37.51,36.41,37.39,4084309,151320032.00
2019/09/20,37.41,37.95,36.86,36.90,3430416,128042928.00
2019/09/23,36.90,37.50,36.72,37.10,2752575,102223896.00
2019/09/24,37.30,37.30,36.35,36.43,2461953,90396600.00
2019/09/25,36.32,36.43,35.68,35.81,1951639,70151400.00
2019/09/26,36.05,36.81,35.51,36.40,2958548,107110888.00
2019/09/27,36.20,37.55,36.19,37.03,3186262,117941384.00
2019/09/30,36.90,37.10,35.91,35.92,2107020,76761816.00
2019/10/08,36.13,36.22,34.82,34.95,2127795,75260368.00
2019/10/09,34.75,35.10,34.36,35.00,1247166,43275840.00
2019/10/10,35.00,35.38,34.88,35.19,1142653,40216364.00
2019/10/11,35.03,35.55,35.01,35.18,1261912,44603948.00
2019/10/14,35.41,35.84,35.29,35.71,1785364,63506376.00
2019/10/15,35.85,39.11,35.63,37.63,5581648,208856160.00
2019/10/16,37.50,38.99,37.28,38.21,5970231,228605360.00
2019/10/17,38.13,38.41,37.05,37.33,4050861,152125472.00
2019/10/18,37.66,38.48,37.40,37.78,4363086,165575424.00
2019/10/21,37.71,37.71,36.66,37.30,2563100,95070536.00
2019/10/22,37.49,38.12,36.72,38.08,2707912,101506304.00
2019/10/23,37.89,38.36,37.23,37.65,2876027,108916328.00
2019/10/24,37.39,37.55,36.88,37.29,1871870,69527136.00
2019/10/25,37.28,38.25,36.90,38.05,2284732,85978504.00
2019/10/28,37.87,38.00,37.26,37.95,2525967,95124920.00
2019/10/29,38.00,38.25,37.36,37.36,2779837,105499104.00
2019/10/30,37.30,37.30,35.81,35.88,2873722,104778400.00
2019/10/31,36.18,36.30,35.65,35.81,1198076,43073328.00
2019/11/01,35.81,36.36,35.68,36.16,1132431,40894384.00
2019/11/04,36.37,36.90,36.28,36.42,1230818,45027596.00
2019/11/05,36.60,36.60,35.90,36.00,1245042,45082124.00
2019/11/06,35.80,36.68,35.78,36.18,1115200,40398860.00
2019/11/07,36.19,36.44,36.08,36.44,1015294,36815620.00
2019/11/08,36.50,36.65,36.00,36.00,1247212,45365144.00
2019/11/11,35.98,35.98,34.20,34.20,2155098,74891616.00
2019/11/12,34.12,34.34,33.71,34.24,1115760,38067032.00
2019/11/13,34.25,34.32,33.91,33.93,632905,21582106.00
2019/11/14,33.90,34.06,33.51,33.91,951972,32186910.00
2019/11/15,33.88,33.95,33.59,33.64,728149,24561778.00
2019/11/18,33.74,34.29,33.72,34.09,725001,24720790.00
2019/11/19,34.00,34.66,33.98,34.61,908558,31305394.00
2019/11/20,34.50,34.67,34.20,34.20,818165,28194116.00
2019/11/21,34.06,34.37,33.93,34.29,622059,21282882.00
2019/11/22,34.28,34.78,34.10,34.47,861559,29680980.00
2019/11/25,34.55,34.55,33.84,34.08,590365,20105442.00
2019/11/26,34.16,34.16,33.79,33.92,452612,15373281.00
2019/11/27,33.92,34.08,33.77,33.85,372772,12641896.00
2019/11/28,33.95,33.95,33.45,33.46,626991,21108530.00
2019/11/29,33.50,33.72,33.36,33.68,521502,17496120.00
2019/12/02,33.68,33.81,33.48,33.52,449037,15104425.00
2019/12/03,33.40,33.47,32.78,33.23,788600,26084512.00
2019/12/04,33.12,33.33,33.05,33.25,468797,15580515.00
2019/12/05,33.25,33.64,33.25,33.61,550700,18466024.00
2019/12/06,33.61,33.85,33.61,33.78,463560,15639651.00
2019/12/09,33.80,33.85,33.50,33.54,604571,20340882.00
2019/12/10,33.51,34.28,33.37,34.00,1087066,36918256.00
2019/12/11,34.09,34.27,33.90,34.03,690994,23569984.00
2019/12/12,34.10,34.10,33.66,33.67,706811,23902230.00
2019/12/13,33.93,34.17,33.83,34.10,795500,27064506.00
2019/12/16,34.29,34.96,34.27,34.78,1475772,51259244.00
2019/12/17,34.80,35.09,34.57,34.89,1295473,45188908.00
2019/12/18,34.98,35.24,34.73,34.99,1044012,36499320.00
2019/12/19,34.82,35.10,34.71,34.86,858541,29936020.00
2019/12/20,34.88,35.14,34.82,34.89,739200,25851900.00
2019/12/23,35.00,35.01,34.28,34.28,869500,30061844.00
2019/12/24,34.40,34.56,34.17,34.51,688975,23685436.00
2019/12/25,34.48,34.68,34.23,34.50,713560,24594782.00
2019/12/26,34.55,34.71,34.34,34.55,741200,25540274.00
2019/12/27,34.55,35.44,34.51,35.05,1907148,66761144.00
2019/12/30,34.87,35.98,34.76,35.97,2390455,85307040.00
2019/12/31,35.96,35.98,35.51,35.70,1248235,44603036.00
2020/01/02,36.02,36.05,35.73,36.02,1465020,52592192.00
2020/01/03,35.98,36.10,35.79,35.82,1210553,43448736.00
2020/01/06,35.60,35.95,35.52,35.58,1309198,46735084.00
2020/01/07,35.69,36.39,35.55,36.00,1439655,51875908.00
2020/01/08,36.04,36.04,35.19,35.22,1540945,54795252.00
2020/01/09,35.47,35.92,35.40,35.69,985642,35150636.00
2020/01/10,35.90,36.67,35.81,36.29,1890418,68712408.00
2020/01/13,36.30,36.44,36.01,36.39,1184305,42944720.00
2020/01/14,36.44,36.78,36.27,36.31,1120260,40857468.00
2020/01/15,36.20,36.29,35.82,36.11,1112841,40057928.00
2020/01/16,36.18,36.61,36.02,36.38,1387769,50447756.00
2020/01/17,36.50,36.54,36.04,36.11,903047,32703790.00
2020/01/20,36.12,36.38,35.71,35.93,1346110,48409308.00
2020/01/21,36.04,37.30,35.97,36.89,3573763,131800656.00
2020/01/22,37.39,37.58,36.00,36.70,2024702,74136800.00
2020/01/23,36.78,37.28,35.36,35.62,2150230,78044912.00
2020/02/03,32.06,33.05,32.06,32.06,3079860,99281504.00
2020/02/04,32.05,33.25,32.05,33.11,2125369,69646120.00
2020/02/05,35.59,36.42,34.42,36.42,3404635,122408896.00
2020/02/06,38.00,40.06,37.48,39.60,14207645,557349568.00
2020/02/07,38.40,39.20,36.50,37.09,9568054,361771648.00
2020/02/10,36.69,36.99,36.03,36.68,4169269,152048176.00
2020/02/11,36.59,36.63,35.68,36.20,3491514,125978592.00
2020/02/12,36.05,36.42,35.78,36.25,2905455,105033256.00
2020/02/13,36.49,36.49,35.33,35.35,2752189,98460696.00
2020/02/14,35.50,36.69,35.50,36.01,3283457,119102304.00
2020/02/17,36.17,36.58,35.70,36.51,2884945,104601856.00
2020/02/18,36.60,36.87,36.12,36.46,2676297,97573640.00
2020/02/19,36.32,36.34,35.72,35.75,2532833,91147432.00
2020/02/20,35.85,36.24,35.77,36.18,2138896,77068696.00
2020/02/21,36.12,36.92,35.87,36.76,3982729,144891344.00
2020/02/24,37.05,37.98,37.04,37.29,3758146,140812528.00
2020/02/25,36.56,37.40,36.36,36.88,3472960,127677864.00
2020/02/26,36.49,36.88,35.72,35.81,2902136,105098312.00
2020/02/27,35.92,37.50,35.56,37.14,3742934,137229280.00
2020/02/28,36.40,37.03,35.76,35.85,2756069,100080208.00
2020/03/02,36.01,37.16,35.80,37.16,2924623,107364616.00
2020/03/03,37.74,37.75,36.64,36.84,3491396,129593280.00
2020/03/04,36.62,38.68,36.61,38.54,5443441,206188240.00
2020/03/05,38.98,38.98,37.90,38.26,3676953,140746928.00
2020/03/06,37.96,38.60,37.80,37.86,2213235,84350224.00
2020/03/09,37.25,37.66,36.36,36.38,2703781,100098760.00
2020/03/10,36.30,36.94,35.88,36.80,2501976,91267816.00
2020/03/11,36.87,37.26,36.26,36.30,1874328,68984824.00
2020/03/12,35.99,36.17,35.26,35.48,2031766,72608424.00
2020/03/13,32.55,34.87,32.55,34.50,2120930,72071456.00
2020/03/16,34.77,35.17,33.87,34.15,1736283,59913248.00
2020/03/17,34.00,34.56,32.74,34.44,1758130,59390444.00
2020/03/18,34.60,35.27,34.07,34.24,1903756,66424548.00
2020/03/19,34.48,35.27,33.99,35.27,1973494,68703008.00
2020/03/20,35.35,37.27,35.34,37.20,3541860,130043120.00
2020/03/23,40.92,40.92,40.92,40.92,2082619,85220768.00
2020/03/24,42.00,43.88,39.10,40.21,13348060,554878976.00
2020/03/25,41.01,42.88,40.17,40.72,9516859,394532224.00
2020/03/26,40.71,43.56,40.71,42.28,10294172,435670784.00
2020/03/27,42.08,46.51,42.04,44.94,16410856,739196800.00
2020/03/30,46.11,49.43,45.31,49.43,14108608,672799744.00
2020/03/31,51.04,53.70,47.80,49.94,15678476,789074176.00
2020/04/01,49.05,52.50,47.95,51.68,13131967,660993920.00
2020/04/02,52.81,56.85,51.87,56.85,9686315,529472800.00
2020/04/03,59.73,62.54,56.00,57.70,19767262,1181484544.00
2020/04/07,59.00,63.47,58.41,63.47,16781085,1022800768.00
2020/04/08,62.51,63.30,57.12,57.12,12117503,717088064.00
2020/04/09,56.03,57.38,54.92,55.80,11896680,666173632.00
2020/04/10,54.50,57.29,50.72,53.31,13960164,755423744.00
2020/04/13,52.20,53.20,51.00,52.70,8486048,442443744.00
2020/04/14,52.99,53.58,51.50,52.40,10152630,532779168.00
2020/04/15,52.70,53.50,51.52,52.43,8132323,426473696.00
2020/04/16,52.50,54.68,52.18,52.30,9033886,480910432.00
2020/04/17,51.62,53.66,51.05,52.96,9331086,489040736.00
2020/04/20,52.50,53.16,51.66,52.89,5915100,310080288.00
2020/04/21,52.30,55.39,52.01,55.00,9449861,509523136.00
2020/04/22,55.95,56.60,49.50,50.00,15087699,778686656.00
2020/04/23,49.00,50.44,48.21,48.61,7728177,379125376.00
2020/04/24,49.00,49.79,46.56,48.80,8855776,426621344.00
2020/04/27,48.65,49.76,47.23,48.84,5762326,279212640.00
2020/04/28,48.38,48.98,45.00,47.01,5703441,268508032.00
2020/04/29,46.36,48.97,45.71,47.05,11711377,264926624.00
2020/04/30,47.45,47.45,43.82,45.46,17003157,369063008.00
2020/05/06,44.68,49.11,44.45,48.15,16378278,368172640.00
2020/05/07,47.39,49.03,46.36,47.68,15171785,343245184.00
2020/05/08,47.92,48.10,46.53,46.87,12621324,282691712.00
2020/05/11,46.87,47.35,45.65,46.13,8480625,186656768.00
2020/05/12,46.42,47.56,46.03,46.66,10216572,226355680.00
2020/05/13,45.71,51.32,45.54,51.32,27800965,654246528.00
2020/05/14,51.34,52.87,50.23,50.60,28623386,700321920.00
2020/05/15,50.60,50.60,48.46,48.50,18829861,439986144.00
2020/05/18,48.02,49.47,47.10,47.31,11662627,265486176.00
2020/05/19,47.81,47.89,46.59,47.60,9026577,202048976.00
2020/05/20,47.24,49.01,46.76,48.94,11298543,255943888.00
2020/05/21,48.84,49.66,47.10,48.02,9662679,221109744.00
2020/05/22,47.66,47.85,44.45,44.56,9751339,212464304.00
2020/05/25,44.41,44.56,41.97,42.10,10992632,223616576.00
2020/05/26,42.25,45.23,41.97,44.49,10420820,215667600.00
2020/05/27,44.14,44.87,42.62,43.02,10023335,207553680.00
2020/05/28,42.96,43.53,41.51,42.25,8229408,165365616.00
2020/05/29,42.20,42.83,41.95,42.43,5229700,105260016.00
2020/06/01,42.56,43.95,42.56,43.30,8051461,165633440.00
2020/06/02,43.32,43.72,42.60,43.32,7708976,157728368.00
2020/06/03,43.23,43.80,42.27,42.46,10174080,207836752.00
2020/06/04,42.71,43.38,41.93,43.21,9376670,190292992.00
2020/06/05,43.17,43.51,42.27,42.50,6009820,121822720.00
2020/06/08,42.69,43.88,42.56,42.96,7178630,147250992.00
2020/06/09,43.19,43.84,42.56,43.67,8580978,176424960.00
2020/06/10,43.38,44.64,42.98,44.39,9076060,188948016.00
2020/06/11,44.66,46.19,43.88,46.07,14411319,308733952.00
2020/06/12,44.87,47.10,44.77,45.69,13814059,302203712.00
2020/06/15,45.29,46.66,44.98,45.14,9834323,214376016.00
2020/06/16,45.44,47.16,45.31,47.03,10557714,232911568.00
2020/06/17,46.72,49.49,46.42,49.18,15358145,353994912.00
2020/06/18,49.34,50.33,48.08,48.23,12283863,285366272.00
2020/06/19,48.19,48.82,47.62,47.79,8794347,201185216.00
2020/06/22,47.66,48.17,46.78,46.99,8842370,198444976.00
2020/06/23,47.22,47.56,46.45,47.18,6314780,141202688.00
2020/06/24,47.24,47.71,45.92,46.30,7185472,158693360.00
2020/06/29,46.03,47.16,45.92,46.66,5804700,128284272.00
2020/06/30,46.87,48.65,46.68,47.47,9031037,204813872.00
2020/07/01,47.26,47.56,45.82,46.57,8438350,186312592.00
2020/07/02,46.34,48.65,46.34,47.47,11495180,260344432.00
2020/07/03,47.41,47.77,46.55,46.97,8733216,195595920.00
2020/07/06,47.10,48.57,46.78,48.44,12733698,289878400.00
2020/07/07,48.69,50.12,48.02,49.20,14202589,332461504.00
2020/07/08,48.97,50.33,48.90,49.47,11211700,263427360.00
2020/07/09,49.39,54.40,49.18,54.40,17958685,446822592.00
2020/07/10,55.27,56.17,53.90,54.95,21275963,557669440.00
2020/07/13,54.87,57.45,53.90,56.65,15951972,421366400.00
2020/07/14,56.17,56.48,51.40,52.35,20953046,533993376.00
2020/07/15,52.62,53.42,50.65,51.59,12320726,305202848.00
2020/07/16,51.59,52.03,47.29,48.02,11391769,270887712.00
2020/07/17,48.36,49.45,47.75,48.88,6649299,153374032.00
2020/07/20,49.18,50.48,48.27,49.95,6361669,149062800.00
2020/07/21,50.04,50.94,49.51,50.67,6472134,154638480.00
2020/07/22,50.69,51.93,50.06,51.40,7726317,187615952.00
2020/07/23,50.56,51.30,49.03,50.54,7200655,171347104.00
2020/07/24,50.23,50.31,45.73,46.34,9606969,219292224.00
2020/07/27,46.26,47.14,45.29,45.61,4117590,89628448.00
2020/07/28,45.88,46.34,45.48,46.34,3378870,73838672.00
2020/07/29,46.34,47.56,45.86,47.37,4171857,92956224.00
2020/07/30,47.29,48.78,47.14,47.60,5413571,122902368.00
2020/07/31,47.50,48.27,46.87,47.89,5356142,121293488.00
2020/08/03,48.25,49.28,48.23,49.11,6360503,147505968.00
2020/08/04,49.32,49.49,47.52,47.71,6550988,150176320.00
2020/08/05,48.21,48.21,46.99,47.73,4103738,92589520.00
2020/08/06,47.43,47.92,46.91,47.29,4360300,97910088.00
2020/08/07,47.29,47.71,45.58,46.00,4820638,105957768.00
2020/08/10,45.82,47.79,45.71,47.60,4280281,95298160.00
2020/08/11,47.43,48.34,47.18,47.47,4701313,106443464.00
2020/08/12,47.18,47.39,45.79,46.36,3474807,76246256.00
2020/08/13,46.38,47.22,46.28,46.89,2333386,51938484.00
2020/08/14,47.05,48.10,46.95,47.79,3236677,73220400.00
2020/08/17,48.29,48.97,47.96,48.55,4229826,97319240.00
2020/08/18,48.61,49.18,48.25,48.46,3665946,84596072.00
2020/08/19,48.34,51.80,47.98,50.69,13074315,313047200.00
2020/08/20,50.67,50.69,49.03,49.39,6565957,154835024.00
2020/08/21,50.29,52.33,49.51,51.86,13440451,328095424.00
2020/08/24,52.45,55.73,51.28,53.02,15883611,404462528.00
2020/08/25,53.08,55.54,52.24,55.48,15273562,394020416.00
2020/08/26,55.37,55.37,48.90,50.71,18263310,452100576.00
2020/08/27,49.91,51.93,49.24,51.07,8475609,204462480.00
2020/08/28,51.11,51.21,49.68,50.81,6393154,153462608.00
2020/08/31,51.32,54.26,50.92,52.39,9765870,244269184.00
2020/09/01,52.58,53.75,51.91,52.79,7398681,185132960.00
2020/09/02,52.60,53.14,51.91,52.98,7414332,184855696.00
2020/09/03,53.25,55.94,52.98,53.98,12335020,319713024.00
2020/09/04,52.45,53.44,50.90,53.21,7422512,185545184.00
2020/09/07,52.87,53.69,50.96,51.40,7606256,188591952.00
2020/09/08,51.42,51.84,49.81,50.75,5781910,138892976.00
2020/09/09,50.04,50.92,47.50,47.54,7875779,182846992.00
2020/09/10,48.27,49.05,46.74,46.87,4800970,109113624.00
2020/09/11,46.07,48.13,46.00,47.79,3308038,74417304.00
2020/09/14,48.23,49.24,47.50,49.22,3748110,86359320.00
2020/09/15,49.22,49.53,48.50,49.07,3181690,74058848.00
2020/09/16,49.07,49.26,47.79,48.19,3181249,72976232.00
2020/09/17,48.19,48.38,46.99,47.83,3442388,78004624.00
2020/09/18,47.81,48.80,47.58,48.44,3230593,74031736.00
2020/09/21,48.50,48.61,47.60,47.92,2459940,56178812.00
2020/09/22,47.75,48.21,46.87,47.05,2922010,65990244.00
2020/09/23,47.08,48.31,46.76,47.89,2839880,64262124.00
2020/09/24,47.56,47.79,45.92,46.15,3679890,81447280.00
2020/09/25,46.32,46.76,45.63,45.96,2029636,44475308.00
2020/09/28,45.96,46.34,43.93,43.99,3556755,75302944.00
2020/09/29,44.24,45.25,43.74,44.95,2237651,47542720.00
2020/09/30,45.08,45.58,44.56,45.10,1616930,34605596.00
2020/10/09,46.30,46.76,45.61,46.68,2161020,47669076.00
2020/10/12,47.12,47.75,46.84,47.60,2937710,66104728.00
2020/10/13,47.39,47.98,47.12,47.60,2631390,59440876.00
2020/10/14,47.60,48.36,47.24,47.71,2819613,64028888.00
2020/10/15,47.73,47.73,46.70,46.80,2550850,57004844.00
2020/10/16,46.95,47.71,46.68,47.60,2216623,49738004.00
2020/10/19,47.47,48.02,46.99,47.18,2035437,45856700.00
2020/10/20,47.33,50.75,46.99,49.95,9234346,217418848.00
2020/10/21,50.10,51.02,49.49,50.67,7464223,178290176.00
2020/10/22,50.44,50.50,49.09,49.83,4946119,117095424.00
2020/10/23,49.20,50.02,47.03,47.39,6718209,153773008.00
2020/10/26,46.47,47.94,45.84,47.79,3540010,79123456.00
2020/10/27,47.29,53.90,46.97,51.00,15510276,375770816.00
2020/10/28,51.00,51.97,48.92,50.48,9443317,223902400.00
2020/10/29,50.48,50.79,49.30,49.93,6932240,164902768.00
2020/10/30,50.33,50.90,48.15,48.19,6473837,152578816.00
2020/11/02,48.38,49.30,47.18,47.94,4141340,94172256.00
2020/11/03,48.19,49.70,47.81,49.66,4924648,114466456.00
2020/11/04,49.49,49.89,48.71,49.18,3781674,88299840.00
2020/11/05,49.70,49.78,48.46,49.45,3948142,92132304.00
2020/11/06,49.47,49.76,47.92,47.94,3753185,86458952.00
2020/11/09,47.98,49.20,47.98,48.69,4016741,92733776.00
2020/11/10,48.88,51.36,48.67,50.65,9816316,234076128.00
2020/11/11,50.25,50.35,48.34,48.50,5564348,130739976.00
2020/11/12,48.92,49.24,46.40,46.91,5342666,121002712.00
2020/11/13,46.76,47.56,46.40,47.08,2602851,57999900.00
2020/11/16,47.24,47.50,46.80,47.39,2280167,51131236.00
2020/11/17,47.39,47.39,46.05,46.24,3265690,71880816.00
2020/11/18,46.30,46.78,46.11,46.30,1733797,38139328.00
2020/11/19,46.26,46.38,45.73,46.36,1967823,43110280.00
2020/11/20,46.26,46.47,45.94,46.24,1630200,35692812.00
2020/11/23,46.13,46.89,45.96,46.63,2185920,48262812.00
2020/11/24,46.63,47.22,46.40,46.68,1862535,41362840.00
2020/11/25,46.68,47.18,46.00,46.03,2103440,46205856.00
2020/11/26,45.98,46.13,44.93,45.16,2160866,46579268.00
2020/11/27,45.21,45.42,44.87,45.19,1285400,27526942.00
2020/11/30,45.14,45.88,45.10,45.46,1359092,29391498.00
2020/12/01,45.46,46.45,45.40,46.30,1742828,38190912.00
2020/12/02,46.24,46.42,45.77,45.92,1704097,37250172.00
2020/12/03,45.92,46.70,45.77,46.34,1833632,40328844.00
2020/12/04,46.49,46.66,45.94,46.53,1468540,32231750.00
2020/12/07,46.38,46.55,45.16,45.16,2706460,58595896.00
2020/12/08,44.98,45.48,44.98,45.19,1109960,23803146.00
2020/12/09,45.27,45.27,43.80,44.01,2307146,48707528.00
2020/12/10,44.01,45.12,43.27,44.64,1542384,32316482.00
2020/12/11,44.53,44.58,42.56,42.92,2284230,46817388.00
2020/12/14,42.64,44.22,42.35,43.48,1197482,24712956.00
2020/12/15,43.53,44.16,43.23,43.67,1194070,24777226.00
2020/12/16,43.76,44.98,43.34,44.53,2196590,46150144.00
2020/12/17,44.41,44.62,43.42,44.01,1630367,33966208.00
2020/12/18,43.74,43.86,43.00,43.17,1401642,28861436.00
2020/12/21,43.17,44.14,42.62,43.93,1539017,31714386.00
2020/12/22,43.93,44.20,42.98,43.40,1810837,37568272.00
2020/12/23,43.04,43.36,42.31,42.39,2074153,41874384.00
2020/12/24,41.99,42.25,39.20,39.75,4162908,80122536.00
2020/12/25,39.39,40.38,38.99,39.45,2337650,43968248.00
2020/12/28,39.41,39.68,37.71,37.73,2429031,44110788.00
2020/12/29,38.11,39.20,37.25,38.26,2040201,36945736.00
2020/12/30,38.26,38.78,37.77,38.36,1247030,22664796.00
2020/12/31,38.57,39.58,38.47,39.43,1726138,32158698.00
2021/01/04,39.43,40.02,39.20,39.68,1787830,33652028.00
2021/01/05,39.28,41.62,39.28,40.86,3075921,59366008.00
2021/01/06,40.86,40.86,39.56,39.62,2285000,43291996.00
2021/01/07,39.62,39.62,37.29,37.71,3250883,58619252.00
2021/01/08,37.39,38.40,36.72,37.58,2245629,39984724.00
2021/01/11,37.71,37.77,35.82,36.03,2900810,50281332.00
2021/01/12,35.95,36.66,35.63,35.90,1792216,30616666.00
2021/01/13,35.86,36.62,34.81,35.53,2189599,36825656.00
2021/01/14,35.53,37.37,35.00,36.89,3065350,53217108.00
2021/01/15,36.89,37.39,36.32,36.89,1836085,32067110.00
2021/01/18,36.89,37.29,36.72,37.02,1539772,27041026.00
2021/01/19,37.08,38.11,36.60,37.65,2261236,40148588.00
2021/01/20,37.63,38.21,37.18,37.86,2344976,42000796.00
2021/01/21,37.44,38.05,37.29,37.69,1743440,31182180.00
2021/01/22,37.79,38.65,37.31,38.34,2494130,45130836.00
2021/01/25,38.15,38.15,36.05,36.55,2304700,40484444.00
2021/01/26,36.97,37.14,35.92,36.28,1373690,23749738.00
2021/01/27,36.09,36.79,36.07,36.11,1273385,21915724.00
2021/01/28,35.86,36.91,35.65,35.99,1265890,21776300.00
2021/01/29,35.92,36.20,34.39,34.77,1965790,32648798.00
2021/02/01,34.54,35.76,34.39,35.59,1087543,18237642.00
2021/02/02,35.38,37.04,35.19,36.47,1820830,31396070.00
2021/02/03,36.41,36.58,35.50,35.50,1428780,24324540.00
2021/02/04,35.44,35.57,34.43,34.83,1139390,18849946.00
2021/02/05,34.87,37.06,34.87,36.18,2668190,45999724.00
2021/02/08,35.99,36.81,35.42,36.18,1583090,27170504.00
2021/02/09,36.47,37.06,35.90,36.70,1638297,28533264.00
2021/02/10,37.06,37.33,36.51,36.95,1718001,30008282.00
2021/02/18,37.60,37.63,36.85,36.91,1927421,34035560.00
2021/02/19,36.91,38.86,36.91,38.78,3341765,60624488.00
2021/02/22,38.80,39.70,38.49,38.82,3026797,56072132.00
2021/02/23,38.80,39.20,38.17,39.10,2184176,40043196.00
2021/02/24,38.91,39.41,38.30,38.51,2012530,37136148.00
2021/02/25,38.74,39.18,37.60,37.65,1565755,28310790.00
2021/02/26,37.37,38.23,37.21,37.98,1243290,22369900.00
2021/03/01,37.98,39.62,37.96,39.20,2001227,37040532.00
2021/03/02,39.37,40.71,38.99,39.94,2930236,55658356.00
2021/03/03,39.98,40.29,39.43,40.08,1923117,36318788.00
2021/03/04,39.96,40.04,38.95,39.18,1817440,33971228.00
2021/03/05,39.41,40.84,39.20,39.24,3025350,57306300.00
2021/03/08,39.33,41.30,39.33,40.50,4223230,81314576.00
2021/03/09,40.78,41.05,37.94,38.68,3192720,59622412.00
2021/03/10,38.86,38.89,36.89,37.00,2406563,42985592.00
2021/03/11,37.23,37.73,36.58,37.60,1192724,21080656.00
2021/03/12,37.60,37.60,36.62,36.72,1485798,25971756.00
2021/03/15,37.04,37.35,36.22,36.55,981056,17076024.00
2021/03/16,36.37,37.04,36.37,36.87,926332,16170818.00
2021/03/17,37.10,39.58,36.51,39.45,3587446,65671300.00
2021/03/18,39.49,39.87,38.84,38.97,2665678,49703244.00
2021/03/19,38.78,39.31,38.53,38.82,1674626,30924168.00
2021/03/22,39.05,39.91,38.63,38.76,2011545,37387764.00
2021/03/23,39.05,39.05,38.38,38.89,1483406,27237110.00
2021/03/24,38.82,38.89,37.86,37.88,1487041,26983266.00
2021/03/25,37.88,38.36,37.23,37.60,948086,16998732.00
2021/03/26,37.94,38.44,37.39,38.19,1214431,21846954.00
2021/03/29,38.55,38.55,37.94,38.09,880618,15945286.00
2021/03/30,37.88,37.88,37.27,37.44,1078698,19178372.00
2021/03/31,37.23,37.65,37.23,37.33,751575,13336061.00
2021/04/01,37.31,37.48,37.10,37.33,755220,13371427.00
2021/04/02,37.35,37.63,37.02,37.46,851251,15073762.00
2021/04/06,37.35,38.44,37.31,38.17,1104852,19870436.00
2021/04/07,38.91,38.95,38.17,38.26,1423910,25970002.00
2021/04/08,38.26,38.68,37.79,38.21,1364800,24740726.00
2021/04/09,38.00,38.36,37.69,37.84,922300,16615443.00
2021/04/12,37.84,37.84,36.89,36.91,1097102,19364248.00
2021/04/13,37.08,37.21,36.09,36.20,1152770,19977882.00
2021/04/14,36.22,36.74,36.05,36.58,685900,11856390.00
2021/04/15,36.41,36.70,36.24,36.26,678922,11715119.00
2021/04/16,36.37,37.16,36.20,37.00,883900,15424777.00
2021/04/19,37.00,37.37,36.83,37.27,791427,13973652.00
2021/04/20,37.37,37.50,37.00,37.33,1068080,18872262.00
2021/04/21,37.42,37.63,37.06,37.46,961188,17041646.00
2021/04/22,37.48,37.86,37.31,37.69,1055596,18836384.00
2021/04/23,38.11,39.49,38.11,38.40,3419767,62891184.00
2021/04/26,38.97,39.62,37.94,38.21,2404305,44217664.00
2021/04/27,37.94,38.17,36.91,37.69,1957605,34779416.00
2021/04/28,38.00,38.00,36.96,37.70,1681525,22779434.00
2021/04/29,37.70,38.43,37.29,37.72,1847363,25486396.00
2021/04/30,37.64,38.35,37.40,37.83,1557135,21407726.00
2021/05/06,38.02,38.08,36.60,36.66,1780925,24095960.00
2021/05/07,36.69,37.10,35.92,36.03,1795462,23571070.00
2021/05/10,36.00,37.15,35.87,36.22,1420590,18810098.00
2021/05/11,36.22,36.47,35.62,36.25,1198061,15627905.00
2021/05/12,36.22,36.33,35.73,36.19,1007131,13155784.00
2021/05/13,36.17,37.42,35.92,36.82,2104326,28166944.00
2021/05/14,37.10,41.85,36.44,40.92,10101434,146359488.00
2021/05/17,42.53,44.03,39.83,41.82,11792696,179909616.00
2021/05/18,41.87,43.87,41.79,42.12,8706921,135014960.00
2021/05/19,42.31,43.48,41.41,43.13,9362263,144693888.00
2021/05/20,43.37,45.83,42.69,45.23,14121442,229753024.00
2021/05/21,45.67,45.67,43.37,43.65,8811333,141143632.00
2021/05/24,43.32,43.48,42.15,42.64,7044298,109238056.00
2021/05/25,42.39,42.94,42.04,42.50,5230241,80691296.00
2021/05/26,42.34,44.58,41.57,43.10,9330928,146286432.00
2021/05/27,42.67,43.76,40.54,41.03,10340593,155813440.00
2021/05/28,40.75,41.52,40.02,40.37,6954411,102365024.00
2021/05/31,40.34,41.16,40.04,41.03,4730576,69986472.00
2021/06/01,41.05,41.05,40.24,40.84,4160357,61269880.00
2021/06/02,40.95,40.95,39.31,39.47,5711379,82508640.00
2021/06/03,39.33,39.94,39.14,39.47,2473481,35628312.00
2021/06/04,39.44,40.10,39.20,39.63,3906427,56131184.00
2021/06/07,39.63,39.63,38.87,39.12,3178881,45108884.00
2021/06/08,39.14,39.66,39.01,39.53,2499142,35665752.00
2021/06/09,39.55,40.18,39.20,39.74,2835445,40884916.00
2021/06/10,39.74,39.83,38.90,39.36,3086854,43879368.00
2021/06/11,39.12,39.20,38.76,38.82,2136295,30207144.00
2021/06/15,38.60,38.65,37.59,37.67,2340238,32213338.00
2021/06/16,37.75,38.27,37.34,38.19,1752912,24046552.00
2021/06/17,38.16,38.16,37.64,38.02,1194417,16429534.00
2021/06/18,38.19,38.76,37.97,38.65,1516018,21143842.00
2021/06/21,38.60,38.60,38.02,38.35,1586111,22037062.00
2021/06/22,38.38,38.52,37.89,38.35,1386894,19199786.00
2021/06/23,38.30,38.35,37.78,38.05,2041088,28182298.00
2021/06/24,38.00,38.11,37.53,37.53,1575220,21580600.00
2021/06/25,37.51,37.81,37.26,37.56,1935931,26374748.00
2021/06/28,37.56,39.20,37.48,38.82,3631142,50660840.00
2021/06/29,38.82,39.06,38.05,38.08,2072283,28897556.00
2021/06/30,38.02,38.16,37.67,38.00,1561781,21486296.00
2021/07/01,37.89,39.28,37.89,38.60,3497263,49259520.00
2021/07/02,38.95,39.53,38.60,39.31,3682832,52276812.00
2021/07/05,39.42,39.61,38.30,38.84,2957803,41623900.00
2021/07/06,38.98,38.98,38.05,38.35,2066161,28785918.00
2021/07/07,38.13,38.49,37.78,38.41,1470968,20377040.00
2021/07/08,38.57,38.57,37.51,37.53,2833787,38903064.00
2021/07/09,37.70,38.16,37.56,38.11,1680905,23141686.00
2021/07/12,38.16,38.79,37.97,38.52,1772860,24732100.00
2021/07/27,39.91,41.82,39.03,39.12,10207109,149673200.00
2021/07/28,36.14,37.23,34.17,34.56,7565257,97624792.00
2021/07/29,34.61,35.70,33.79,35.18,3247765,40984280.00
2021/07/30,34.78,34.91,34.01,34.72,3230081,40251092.00
2021/08/02,34.56,35.59,34.17,35.43,3463534,43894800.00
2021/08/03,35.46,36.39,35.02,35.70,3414928,44435388.00
2021/08/04,35.87,35.89,35.02,35.29,2398383,30754600.00
2021/08/05,35.29,35.43,34.23,34.39,3103474,39069996.00
2021/08/06,34.39,34.91,34.07,34.86,1769065,22128580.00
2021/08/09,35.02,36.36,34.80,35.65,3030225,39276892.00
2021/08/10,35.51,36.03,35.27,35.87,2402841,31097410.00
2021/08/11,35.73,35.95,35.35,35.43,2179815,28112860.00
2021/08/12,35.32,35.73,35.27,35.49,1501002,19314020.00
2021/08/13,35.35,35.51,34.83,35.02,2140528,27236384.00
2021/08/16,35.16,35.70,34.88,35.57,2018668,25896556.00
2021/08/17,35.57,35.57,34.53,34.61,2369212,30036336.00
2021/08/18,34.61,34.94,34.42,34.88,1503046,18891014.00
2021/08/19,34.88,35.32,34.72,34.91,1207293,15298495.00
2021/08/20,34.99,34.99,33.44,33.52,3486419,42734036.00
2021/08/23,33.66,33.98,33.44,33.96,1590864,19518428.00
2021/08/24,33.98,34.20,33.77,34.09,1564059,19288240.00
2021/08/25,34.17,34.31,33.77,33.93,1546529,19044240.00
2021/08/26,34.04,34.04,33.44,33.52,2081773,25332620.00
2021/08/27,33.52,33.57,32.67,32.81,2686206,32119096.00
2021/08/30,32.84,32.89,32.15,32.24,2058673,24106524.00
2021/08/31,32.21,32.97,31.96,32.95,1961857,23015058.00
2021/09/01,33.08,33.79,32.67,33.66,2805924,34032068.00
2021/09/02,33.41,33.74,33.16,33.57,1524785,18437344.00
2021/09/03,33.71,33.82,33.46,33.55,1559623,19021236.00
2021/09/06,33.60,33.96,33.60,33.90,1660379,20355838.00
2021/09/07,33.90,34.01,33.66,33.93,1702351,20885830.00
2021/09/08,33.93,34.39,33.82,34.37,2147019,26610442.00
2021/09/09,34.20,34.42,34.01,34.15,1370326,16960640.00
2021/09/10,34.15,34.39,33.87,34.04,1602035,19804528.00
2021/09/13,34.09,34.53,33.82,34.42,1909965,23693400.00
2021/09/14,34.23,35.29,33.90,33.93,2783191,34956632.00
2021/09/15,33.90,34.20,33.36,33.44,1848445,22479970.00
2021/09/16,33.46,34.97,33.46,34.26,3852536,47999944.00
2021/09/17,34.09,37.07,33.79,36.11,7829049,101764840.00
2021/09/22,35.46,35.81,35.02,35.40,3620245,46404332.00
2021/09/23,35.46,36.25,35.18,36.11,3119855,40467824.00
2021/09/24,36.19,38.16,35.35,36.66,5649194,75562016.00
2021/09/27,36.71,38.11,36.19,37.31,5338053,72072600.00
2021/09/28,36.93,36.99,35.38,35.62,3452126,44840348.00
2021/09/29,35.49,35.59,34.12,34.23,3023147,38110848.00
2021/09/30,34.31,34.91,34.31,34.64,1209552,15188461.00
2021/10/08,34.97,36.60,34.61,36.09,3442284,44733420.00
2021/10/11,36.09,36.63,35.57,35.70,2097116,27313732.00
2021/10/12,36.39,36.47,34.94,35.43,2129549,27447436.00
2021/10/13,35.29,36.17,35.24,36.11,1827384,23721664.00
2021/10/14,36.11,36.30,35.62,36.03,1625884,21170416.00
2021/10/15,35.92,35.92,34.28,34.45,3604962,45617984.00
2021/10/18,34.20,34.64,33.52,34.58,1772255,21873668.00
2021/10/19,34.56,34.72,34.20,34.20,1303316,16269112.00
2021/10/20,34.23,34.39,33.82,34.07,1167812,14377751.00
2021/10/21,34.09,34.15,33.52,33.66,1173741,14392712.00
2021/10/22,33.87,34.34,33.55,33.96,1151237,14135113.00
2021/10/25,33.87,34.58,33.68,34.50,1377183,17101526.00
2021/10/26,34.48,34.56,33.77,33.79,1272730,15704888.00
2021/10/27,33.79,33.82,32.78,33.06,1867831,22446456.00
2021/10/28,33.33,33.49,32.76,32.81,1027460,12264884.00
2021/10/29,33.06,33.90,32.73,33.71,1383442,16675449.00
2021/11/01,33.79,34.45,33.55,34.04,1427822,17623720.00
2021/11/02,34.04,34.34,33.08,33.55,1835282,22404026.00
2021/11/03,33.55,34.04,33.55,33.77,1041816,12751230.00
2021/11/04,33.93,34.83,33.82,34.67,2161787,27029830.00
2021/11/05,34.88,35.05,34.37,34.45,1532794,19259294.00
2021/11/08,34.39,34.50,33.79,34.31,1082110,13411267.00
2021/11/09,34.26,34.58,34.01,34.56,1073096,13398770.00
2021/11/10,34.37,35.27,34.37,35.10,2295673,28993560.00
2021/11/11,34.83,35.57,34.78,35.54,2212301,28377274.00
2021/11/12,35.08,35.57,34.99,35.46,1736009,22203932.00
2021/11/15,35.57,36.09,35.29,36.06,2531680,32936650.00
2021/11/16,36.06,36.52,35.57,35.57,2306919,29974994.00
2021/11/17,35.59,36.60,35.57,36.33,2608233,34282516.00
2021/11/18,36.11,36.52,35.43,35.57,2317823,30162614.00
2021/11/19,35.57,36.85,35.54,36.36,3512968,46168168.00
2021/11/22,37.07,37.07,35.68,35.87,2364026,30785038.00
2021/11/23,35.73,36.36,35.35,36.17,3454634,44964124.00
2021/11/24,36.25,36.71,36.03,36.22,1989387,26183738.00
2021/11/25,36.14,37.42,36.14,37.18,5307399,71295408.00
2021/11/26,37.01,37.21,36.41,36.55,2106632,28033594.00
2021/11/29,36.39,36.88,35.89,36.28,2249052,29581642.00
2021/11/30,36.39,36.69,36.06,36.33,1801059,23737106.00
2021/12/01,36.06,40.13,36.06,40.13,11520912,160363376.00
2021/12/02,43.87,48.07,43.87,48.07,41691361,716547648.00
2021/12/03,44.28,49.11,43.21,47.20,42990107,716814656.00
2021/12/06,47.03,50.34,46.35,47.61,36153686,636780160.00
2021/12/07,45.83,49.49,45.15,49.38,28242928,490052704.00
2021/12/08,47.91,49.30,46.13,48.67,26886059,465434336.00
2021/12/09,47.72,47.85,44.85,44.93,23594759,394452736.00
2021/12/10,45.07,46.30,44.49,45.53,13842685,228033872.00
2021/12/13,44.55,44.74,41.35,41.74,22742476,348533760.00
2021/12/14,41.82,42.72,41.05,42.47,13889391,211698800.00
2021/12/15,42.06,44.03,41.74,43.21,15533365,242275056.00
2021/12/16,43.10,43.48,42.12,43.32,10746878,167007136.00
2021/12/17,43.16,43.92,41.82,41.93,9462405,146239360.00
2021/12/20,42.53,44.58,41.98,44.17,17252873,273785952.00
2021/12/21,43.24,45.91,42.77,43.84,14275737,230352944.00
2021/12/22,43.24,45.56,43.24,44.99,12566203,203093648.00
2021/12/23,45.75,46.13,42.69,42.86,12839359,204491280.00
2021/12/24,42.15,42.53,40.07,40.26,12506875,186780400.00
2021/12/27,40.24,41.87,40.07,41.11,6259123,93473944.00
2021/12/28,41.30,41.52,40.26,40.70,5304630,78289912.00
2021/12/29,40.92,41.55,40.10,41.49,8683641,128526384.00
2021/12/30,41.46,42.42,39.23,42.04,13742258,203141776.00
2021/12/31,41.03,43.59,40.89,42.23,10542291,162944016.00
2022/01/04,42.91,45.48,42.67,44.60,13838166,223912128.00
2022/01/05,44.25,44.49,42.97,43.48,8446012,133848760.00
2022/01/06,43.07,44.36,42.80,43.89,5879265,93334584.00
2022/01/07,43.48,45.89,43.40,45.45,12363417,203249024.00
2022/01/10,46.76,52.93,45.48,51.51,27766563,496912928.00
2022/01/11,49.76,50.58,47.17,47.91,17993741,318442688.00
2022/01/12,47.91,48.51,46.16,47.17,14468625,247840128.00
2022/01/13,46.95,47.85,45.29,45.75,12588791,210784320.00
2022/01/14,45.83,50.15,45.83,48.13,19048620,335784928.00
2022/01/17,46.79,48.37,44.63,47.99,14643026,248657728.00
2022/01/18,47.66,48.40,44.38,44.52,12519180,206282400.00
2022/01/19,44.52,44.82,43.37,44.19,6648024,106326320.00
2022/01/20,44.19,47.74,43.65,46.81,12799525,213307552.00
2022/01/21,46.87,46.87,42.67,42.99,11564823,186797008.00
2022/01/24,42.67,44.33,41.93,43.21,5993908,94162800.00
2022/01/25,43.46,43.59,41.08,41.30,5502246,83468424.00
2022/01/26,41.08,42.47,41.08,41.90,4168442,63473620.00
2022/01/27,41.93,42.12,40.18,40.24,4112936,61109616.00
2022/01/28,40.21,42.47,40.02,41.46,3799327,57120860.00
2022/02/07,42.17,42.61,41.19,41.41,2862855,43161376.00
2022/02/08,41.46,42.09,40.34,41.82,2900655,43691796.00
2022/02/09,41.96,49.41,41.90,48.10,15344914,255612928.00
2022/02/10,47.03,48.02,45.67,45.97,8614382,145449760.00
2022/02/11,45.59,46.84,44.52,44.77,6665509,109970384.00
2022/02/14,44.08,45.61,43.70,44.28,5206588,84444968.00
2022/02/15,44.49,46.76,44.03,45.23,6986736,116088296.00
2022/02/16,45.53,47.80,44.30,47.03,9506764,160060464.00
2022/02/17,46.98,46.98,43.81,44.22,9309053,152287968.00
2022/02/18,43.76,44.69,42.80,44.49,5069103,80390200.00
2022/02/21,44.74,46.65,43.87,46.51,7781625,128829400.00
2022/02/22,46.05,46.41,44.96,45.34,4631203,76507784.00
2022/02/23,45.42,46.98,44.60,46.24,5933064,98935720.00
2022/02/24,46.08,48.13,45.15,46.51,10621816,180672544.00
2022/02/25,47.31,47.39,45.42,45.94,4855237,81740552.00
2022/02/28,45.97,47.11,44.58,46.90,5296059,89099000.00
2022/03/01,46.79,47.80,46.02,46.60,4418435,74970456.00
2022/03/02,46.13,47.03,45.29,46.68,3844487,64732608.00
2022/03/03,47.20,47.20,45.89,46.13,3789747,63926864.00
2022/03/04,46.21,48.07,45.72,46.38,7445587,127583296.00
2022/03/07,46.38,46.43,41.98,42.47,10792024,171069808.00
2022/03/08,42.99,43.10,39.85,40.21,7836794,117009448.00
2022/03/09,40.48,41.63,38.87,40.56,5057236,74044152.00
2022/03/10,41.52,42.06,40.21,41.74,4093609,61763084.00
2022/03/11,41.30,42.67,41.16,42.36,4697473,71699144.00
2022/03/14,42.39,42.69,40.78,40.86,3660582,55342380.00
2022/03/15,40.51,40.84,39.06,39.06,3890232,56411520.00
2022/03/16,39.88,40.70,37.75,40.13,5063313,71933568.00
2022/03/17,40.62,42.34,39.99,41.44,4867490,73391488.00
2022/03/18,40.70,41.90,40.48,41.55,4047154,60797148.00
2022/03/21,41.05,43.40,41.05,42.91,6735081,104820032.00
2022/03/22,43.05,43.24,42.01,42.42,3817886,58978164.00
2022/03/23,42.23,43.16,42.09,42.72,3288144,51016796.00
2022/03/24,42.61,43.98,42.61,42.99,4203077,65891196.00
2022/03/25,42.94,43.27,42.20,42.31,3710359,57405380.00
2022/03/28,42.36,42.50,40.45,40.84,3891881,57885436.00
2022/03/29,41.05,41.52,40.59,40.97,3143640,46831144.00
2022/03/30,40.97,41.74,40.21,41.60,2288844,34181264.00
2022/03/31,41.41,43.62,41.22,41.98,4103159,63422828.00
2022/04/01,41.76,41.76,40.84,41.30,2554748,38205612.00
2022/04/06,41.30,42.12,40.81,41.11,2392154,35959492.00
2022/04/07,41.08,41.16,39.12,39.44,3061244,44485124.00
2022/04/08,39.47,39.69,37.94,38.05,3471674,48327844.00
2022/04/11,38.05,38.08,36.00,36.39,2543132,33964924.00
2022/04/12,36.03,37.29,36.03,37.12,2341830,31100512.00
2022/04/13,36.99,37.04,36.19,36.28,2378544,31535122.00
2022/04/14,36.47,36.93,36.14,36.52,2044243,27093650.00
2022/04/15,36.39,39.99,35.87,38.24,4803231,66542916.00
2022/04/18,37.48,38.24,36.85,37.34,3735015,50557844.00
2022/04/19,36.71,37.75,36.66,37.31,3124310,42149156.00
2022/04/20,37.07,38.98,36.96,38.54,5072428,70359776.00
2022/04/21,38.54,39.17,36.60,36.82,4549890,62352208.00
2022/04/22,36.30,36.39,35.29,35.29,3031865,39196896.00
2022/04/25,34.97,35.05,32.73,32.84,3950976,48313036.00
2022/04/26,32.81,34.12,32.26,33.14,2500314,30130316.00
2022/04/27,32.56,34.37,32.32,34.28,2733349,33260782.00
2022/04/28,33.68,35.02,33.33,34.94,2288811,28541768.00
2022/04/29,35.02,35.49,33.87,35.08,4865278,61198072.00
2022/05/05,34.97,36.28,34.53,35.51,3631662,46994820.00
2022/05/06,34.69,36.58,34.20,35.32,3523028,45194684.00
2022/05/09,35.51,36.19,34.75,36.09,3118353,40534808.00
2022/05/10,35.81,37.01,35.46,36.80,3091009,40878516.00
2022/05/11,36.93,37.75,36.44,36.44,3593664,48528448.00
2022/05/12,36.50,37.34,36.41,37.10,2608918,35008940.00
2022/05/13,37.29,37.81,36.69,37.45,2479352,33509312.00
2022/05/16,37.51,37.78,36.90,37.34,2188116,29655148.00
2022/05/17,37.51,37.51,36.30,36.66,1737010,23105516.00
2022/05/18,36.66,37.21,36.52,36.82,1755477,23514018.00
2022/05/19,36.41,36.80,36.28,36.50,1761083,23315048.00
2022/05/20,36.66,38.84,36.66,37.56,4195846,57261996.00
2022/05/23,37.51,37.89,36.99,37.67,2455953,33303296.00
2022/05/24,37.53,37.78,35.89,35.92,2708338,36054676.00
2022/05/25,35.92,36.28,35.35,36.19,4104957,53218804.00
2022/05/26,36.52,36.58,35.38,36.17,2085446,27245918.00
2022/05/27,36.06,36.52,35.73,35.98,2091741,27392908.00
2022/05/30,36.11,36.63,35.57,36.03,2211392,28834228.00
2022/05/31,36.22,36.77,35.38,36.71,2794072,36617676.00
2022/06/01,36.66,37.48,36.28,37.07,3405917,45644856.00
2022/06/02,37.01,37.26,36.33,36.90,2218373,29675544.00
2022/06/06,37.07,37.67,36.71,37.31,3873350,52305372.00
2022/06/07,37.59,37.97,37.15,37.53,3082543,41493152.00
2022/06/08,37.56,38.11,37.04,37.89,3257264,44010500.00
2022/06/09,37.75,38.08,36.71,37.10,2753640,36764636.00
2022/06/10,37.37,37.89,36.93,37.78,2596608,34942784.00
2022/06/13,37.29,38.43,37.23,38.11,4407131,60131352.00
2022/06/14,38.08,38.11,36.55,37.53,4253456,56738236.00
2022/06/15,37.48,37.78,37.01,37.12,3641292,48813196.00
2022/06/16,37.01,37.75,37.01,37.29,3543911,47553268.00
2022/06/17,37.23,37.29,36.22,37.18,4621793,61032032.00
2022/06/20,37.48,38.62,37.45,38.35,5434914,74297864.00
2022/06/21,38.43,40.02,38.19,38.65,6605527,92840832.00
2022/06/22,38.68,39.58,38.22,38.52,4957215,69210808.00
2022/06/23,38.68,38.68,37.45,38.24,3870073,52747012.00
2022/06/24,38.19,38.46,37.83,38.27,3637092,49746044.00
2022/06/27,38.49,39.01,38.19,38.62,3436908,47445392.00
2022/06/28,38.65,38.71,37.78,38.62,3293108,45214104.00
2022/06/29,38.24,39.66,38.16,38.41,4769863,66935828.00
2022/06/30,39.23,40.95,38.90,39.72,6567492,94085104.00
2022/07/01,40.21,40.21,38.95,39.09,3454533,48695204.00
2022/07/04,39.44,39.63,39.01,39.50,3664573,51725988.00
2022/07/05,39.99,40.10,38.92,39.66,3601994,51074304.00
2022/07/06,39.63,39.85,39.09,39.44,2620132,37067704.00
2022/07/07,39.44,42.58,39.44,41.98,8566134,127255208.00
2022/07/08,42.77,48.53,42.77,45.18,21210258,351785344.00
2022/07/11,45.26,46.98,44.55,45.80,10970715,180460720.00
2022/07/12,46.00,46.73,44.28,44.74,8098217,132315128.00
2022/07/13,44.55,47.17,43.35,46.84,11946992,196292192.00
2022/07/14,47.85,50.45,46.02,48.40,16095872,281072224.00
2022/07/15,47.72,49.19,46.19,47.01,10399209,176449360.00
2022/07/18,47.25,47.99,45.42,46.46,7875696,131124240.00
2022/07/19,46.46,47.44,45.50,46.65,6238288,104493152.00
2022/07/20,46.27,46.49,45.42,45.97,4591131,75899176.00
2022/07/21,46.08,46.46,45.53,46.00,4190052,69526904.00
2022/07/22,46.62,47.39,45.64,46.46,6632578,110862056.00
2022/07/25,46.21,46.21,44.00,44.19,7672776,123610272.00
2022/07/26,44.55,45.15,43.89,44.93,3817100,61252220.00
2022/07/27,44.69,45.07,43.73,44.08,3946953,62793028.00
2022/07/28,44.08,44.30,43.21,43.37,3763232,59154576.00
2022/07/29,43.40,43.70,42.86,43.07,3044425,47402128.00
2022/08/01,42.88,43.68,42.58,43.13,3166065,49240816.00
2022/08/02,42.69,42.69,40.37,40.75,6718664,99569760.00
2022/08/03,40.81,41.87,40.81,41.11,3774852,56254928.00
2022/08/04,41.14,41.71,40.62,41.35,2662468,39484920.00
2022/08/05,41.27,42.15,41.03,41.87,2879036,43076108.00
2022/08/08,41.71,42.23,41.60,41.74,2638064,39715476.00
2022/08/09,41.74,42.12,41.16,42.01,2960086,44366660.00
2022/08/10,41.74,42.26,41.52,41.74,3055651,45966524.00
2022/08/11,41.96,43.89,41.96,43.57,5257465,81850784.00
2022/08/12,43.59,43.62,42.64,42.91,3088352,47807384.00
2022/08/15,43.43,45.40,43.18,45.18,7000731,111684168.00
2022/08/16,45.12,45.75,44.74,45.09,4063342,66010328.00
2022/08/17,45.26,46.05,44.85,45.80,3917844,64348484.00
2022/08/18,46.21,46.62,45.34,46.57,5845948,97226200.00
2022/08/19,46.24,47.31,45.75,45.97,5870959,98061376.00
2022/08/22,47.72,48.62,44.14,44.71,21091689,349319936.00
2022/08/23,44.33,45.94,43.62,45.31,9923340,161369744.00
2022/08/24,45.67,45.94,43.02,43.16,8847551,140206736.00
2022/08/25,43.35,44.03,42.94,43.78,4814642,75581528.00
2022/08/26,43.78,46.76,43.43,45.75,9196401,151623424.00
2022/08/29,45.56,45.75,44.14,44.52,6655969,107128944.00
2022/08/30,44.66,45.40,44.11,45.23,5176744,83524984.00
2022/08/31,45.20,45.23,43.43,43.89,5405399,85963240.00
2022/09/01,43.89,45.94,43.54,45.04,5883875,95533976.00
2022/09/02,45.01,46.13,44.93,45.34,4742290,77509224.00
2022/09/05,45.31,46.43,45.09,45.72,5542574,91364712.00
2022/09/06,45.70,46.79,45.04,46.43,6025078,100469792.00
2022/09/07,45.94,46.46,45.26,45.40,5109412,84200152.00
2022/09/08,45.40,46.00,44.88,45.64,3762194,61703204.00
2022/09/09,45.70,45.97,44.58,44.90,2990695,48479096.00
2022/09/13,45.09,45.45,44.22,44.36,3684600,59129916.00
2022/09/14,35.68,43.73,35.68,42.20,9653511,145718736.00
2022/09/15,42.86,43.98,41.14,41.82,7363009,112565424.00
2022/09/16,41.60,42.12,40.48,40.48,4673126,69373888.00
2022/09/19,40.73,40.81,39.85,40.32,3488281,50493780.00
2022/09/20,40.32,40.70,39.96,40.07,2209676,31971700.00
2022/09/21,40.21,40.70,39.58,40.29,2326420,33638440.00
2022/09/22,40.15,40.73,39.09,39.88,2433587,35146872.00
2022/09/23,40.04,40.04,38.60,39.06,3224535,45432796.00
2022/09/26,38.71,39.31,38.16,38.54,2783997,38742616.00
2022/09/27,38.71,39.36,38.43,39.23,3699517,51755596.00
2022/09/28,39.23,40.15,38.65,38.71,3931971,55478696.00
2022/09/29,39.42,40.02,39.03,39.58,3503436,49837792.00
2022/09/30,39.25,40.21,39.06,39.80,3280441,46823244.00
2022/10/10,39.96,40.43,38.54,38.71,3402647,48127832.00
2022/10/11,38.65,39.58,38.16,39.47,3026098,42315332.00
2022/10/12,39.09,39.96,38.49,39.88,2619037,36873640.00
2022/10/13,39.83,41.38,39.55,40.89,3330852,48808980.00
2022/10/14,41.27,42.83,40.89,42.72,4012724,61061324.00
2022/10/17,42.67,44.06,42.45,43.62,4185977,65388544.00
2022/10/18,44.11,44.63,42.80,44.17,4233194,66948364.00
2022/10/19,44.03,44.77,43.62,43.87,3229840,51090224.00
2022/10/20,43.48,44.44,43.21,43.62,4246200,67072848.00
2022/10/21,43.98,45.59,43.62,44.69,4529692,72777648.00
2022/10/24,44.71,45.34,43.21,43.59,4549800,72090056.00
2022/10/25,43.21,43.78,41.41,41.90,7399580,112402024.00
2022/10/26,42.31,43.98,41.96,43.57,4984035,77609000.00
2022/10/27,44.03,44.71,43.16,44.38,4319800,68327648.00
2022/10/28,44.30,44.71,43.43,43.46,4925690,78042768.00
2022/10/31,43.51,44.19,42.53,43.43,3866998,60260612.00
2022/11/01,43.73,44.93,43.16,44.58,5162307,81829944.00
2022/11/02,44.58,45.42,44.44,44.77,5202901,84304944.00
2022/11/03,44.44,45.12,43.89,44.99,3370328,54224940.00
2022/11/04,45.26,45.75,44.71,45.50,4480501,73178528.00
2022/11/07,45.53,45.83,45.04,45.45,4897806,80096152.00
2022/11/08,45.42,45.59,44.71,45.12,2848169,46278748.00
2022/11/09,45.12,46.49,44.90,46.27,5350152,88319040.00
2022/11/10,45.67,46.21,45.01,45.18,4161723,68373104.00
2022/11/11,45.75,46.41,44.58,44.71,4655608,76506920.00
2022/11/14,44.71,46.27,44.30,46.05,5331522,87535368.00
2022/11/15,46.24,47.50,45.67,47.17,7018765,118148072.00
2022/11/16,47.03,48.10,46.60,47.39,5763854,98655616.00
2022/11/17,47.44,48.07,46.84,47.58,4292279,73545488.00
2022/11/18,47.58,48.21,47.20,47.36,4310280,74090800.00
2022/11/21,47.33,47.99,46.49,47.61,3970102,67754536.00
2022/11/22,47.22,48.53,45.89,46.10,5792495,98130232.00
2022/11/23,46.13,46.38,44.17,45.31,4649433,75416776.00
2022/11/24,45.34,45.89,44.85,45.72,3264212,53443304.00
2022/11/25,45.59,45.83,44.55,44.77,2645125,42798584.00
2022/11/28,44.69,45.50,43.65,44.08,3944372,63059048.00
2022/11/29,43.89,45.09,43.68,44.74,2828110,45555968.00
2022/11/30,44.74,45.12,43.70,43.76,3511814,55794632.00
2022/12/01,44.49,45.20,43.92,44.41,3669195,58768656.00
2022/12/02,44.36,46.49,44.11,45.78,5121899,83904680.00
2022/12/05,47.25,48.18,45.86,48.15,11053998,189291760.00
2022/12/06,47.63,49.90,47.20,48.13,12662120,222915488.00
2022/12/07,48.15,50.39,47.50,49.84,9243150,163906736.00
2022/12/08,49.60,51.35,49.49,51.05,11153737,202993024.00
2022/12/09,50.83,50.94,49.33,50.45,8569815,154095904.00
2022/12/12,50.15,50.88,49.38,49.84,7868955,142489168.00
2022/12/13,50.80,51.78,49.63,50.77,10264003,187843776.00
2022/12/14,51.46,51.46,49.03,49.35,7526683,134883552.00
2022/12/15,49.54,50.34,49.03,49.24,5219570,93034160.00
2022/12/16,49.30,50.55,49.03,49.98,6256247,112784488.00
2022/12/19,50.45,50.86,47.50,47.66,6285955,109782328.00
2022/12/20,47.66,48.23,46.65,47.31,5091955,87201136.00
2022/12/21,47.66,48.26,46.35,46.62,4126430,70022520.00
2022/12/22,47.14,47.39,45.34,45.48,4122293,68737504.00
2022/12/23,45.75,46.13,44.55,44.82,3551726,57851132.00
2022/12/26,44.93,45.50,44.14,44.38,3807262,61203596.00
2022/12/27,44.38,44.55,42.67,43.51,5410092,84380160.00
2022/12/28,43.51,44.00,42.94,43.07,3673199,57376776.00
2022/12/29,43.35,45.15,42.99,44.99,6412758,102611144.00
2022/12/30,44.71,44.88,43.48,43.84,6175838,97524536.00
2023/01/03,43.98,45.07,43.89,44.85,5159377,82834392.00
2023/01/04,44.71,44.90,44.06,44.77,4006336,64196284.00
2023/01/05,44.77,45.31,44.28,45.18,4070831,65926196.00
2023/01/06,45.18,45.48,44.60,44.88,3819549,61813416.00
2023/01/09,45.67,46.13,44.93,45.53,6224351,101802168.00
2023/01/10,48.26,49.49,46.08,48.67,21425425,368174688.00
2023/01/11,48.37,48.40,46.51,46.84,12340726,209561472.00
2023/01/12,46.73,47.28,46.24,46.76,6288383,105878168.00
2023/01/13,46.76,47.36,46.27,47.14,4888056,82760896.00
2023/01/16,47.36,48.23,46.76,46.84,7989087,136853088.00
2023/01/17,47.14,47.44,46.24,46.49,5687830,95547984.00
2023/01/18,46.84,47.03,46.19,46.43,4187473,70156424.00
2023/01/19,46.21,47.22,46.10,47.03,3723813,62864596.00
2023/01/20,47.22,47.42,46.57,46.95,3930287,66480996.00
2023/01/30,47.22,47.77,46.54,47.06,8089993,137375728.00
2023/01/31,47.17,47.28,46.38,47.20,4239544,71674744.00
2023/02/01,47.22,47.69,46.90,47.66,4606850,78463456.00
2023/02/02,47.55,48.37,47.44,47.77,6646168,114708344.00
2023/02/03,47.61,48.02,46.84,47.42,3757027,64230664.00
2023/02/06,47.14,48.32,46.95,47.17,5041516,86540880.00
2023/02/07,47.20,47.58,46.57,46.81,4114480,69518000.00
2023/02/08,47.01,47.11,45.80,46.05,4195748,70261816.00
2023/02/09,45.97,46.95,45.80,46.90,3249551,54516888.00
2023/02/10,47.01,47.09,46.10,46.46,3559884,59708352.00
2023/02/13,46.41,48.02,46.38,47.93,7061407,120865400.00
2023/02/14,48.15,49.08,47.74,48.81,7081580,123616232.00
2023/02/15,49.08,49.11,48.29,48.73,5017237,88059904.00
2023/02/16,48.89,49.71,47.80,48.02,6118353,107640384.00
2023/02/17,48.13,49.41,47.88,49.05,7663110,134972320.00
2023/02/20,49.11,49.19,47.55,48.73,5932461,103251296.00
2023/02/21,48.73,49.87,48.48,49.19,5531847,98082608.00
2023/02/22,48.81,49.82,48.81,49.27,4171014,74200288.00
2023/02/23,49.27,50.09,48.94,49.35,5634752,100753624.00
2023/02/24,49.60,49.95,48.89,49.33,3765306,67014204.00
2023/02/27,49.08,49.52,48.34,48.75,3560898,62631796.00
2023/02/28,49.03,51.21,49.00,50.91,8559081,155748496.00
2023/03/01,50.99,51.26,50.34,51.07,6407926,117273320.00
2023/03/02,51.10,51.70,50.28,50.94,5535260,101643376.00
2023/03/03,51.02,51.59,49.90,50.31,5015748,91343800.00
2023/03/06,50.31,52.19,49.98,51.81,6408384,118795728.00
2023/03/07,51.73,51.76,49.27,49.33,6546495,118554360.00
2023/03/08,49.33,49.79,49.11,49.65,3105266,55426912.00
2023/03/09,49.68,49.95,49.08,49.54,2343201,41845128.00
2023/03/10,49.54,49.63,48.81,48.86,2638728,46822832.00
2023/03/13,48.53,49.22,48.18,48.86,3532471,61977576.00
2023/03/14,48.62,49.90,48.53,48.78,4051405,71876760.00
2023/03/15,49.14,50.45,48.94,49.82,3840552,68946400.00
2023/03/16,49.68,50.42,49.30,49.60,4218445,75703320.00
2023/03/17,51.24,51.95,49.24,49.68,12965376,235059040.00
2023/03/20,49.76,50.42,48.97,49.03,9208438,165061008.00
2023/03/21,49.22,51.54,48.97,51.43,9848759,180718560.00
2023/03/22,51.73,54.19,51.70,53.67,12346715,236934688.00
2023/03/23,53.83,53.91,52.71,53.23,7399033,142096048.00
2023/03/24,53.34,54.87,52.71,53.01,10343035,199385360.00
2023/03/27,53.69,55.09,52.90,54.73,11628735,228061360.00
2023/03/28,54.60,57.13,54.21,56.18,11324700,229297264.00
2023/03/29,56.04,56.89,55.61,56.62,7945172,161861328.00
2023/03/30,55.93,56.37,55.25,55.88,5550763,111759760.00
2023/03/31,56.15,57.54,55.28,56.64,6080924,124293456.00
2023/04/03,55.69,57.16,55.39,56.29,6104926,124376464.00
2023/04/04,56.40,62.68,56.18,62.38,12796622,279147008.00
2023/04/06,62.18,65.71,60.71,64.15,15229259,347102592.00
2023/04/07,63.82,65.13,63.14,63.30,8592816,198280880.00
2023/04/10,62.89,63.52,60.55,60.79,8499591,189488368.00
2023/04/11,60.57,61.53,60.11,61.20,6822524,150395184.00
2023/04/12,62.16,62.46,61.04,61.45,6490205,144831920.00
2023/04/13,61.39,63.52,60.30,62.32,7075228,158494976.00
2023/04/14,61.78,62.24,60.27,61.47,5671347,125615064.00
2023/04/17,62.27,67.62,62.21,67.07,12577691,297339552.00
2023/04/18,67.32,67.92,62.51,62.65,14004194,325610432.00
2023/04/19,62.81,64.31,62.18,62.79,8036959,183814912.00
2023/04/20,63.55,63.99,61.86,62.79,5353160,121321520.00
2023/04/21,62.65,63.55,61.31,62.18,6035968,136043872.00
2023/04/24,62.46,64.78,62.32,63.30,6914313,158701904.00
2023/04/25,62.38,63.49,60.68,62.98,8102959,182078416.00
2023/04/26,62.18,65.13,62.13,63.25,10284745,237700032.00
2023/04/27,62.94,62.94,60.19,62.30,11367188,139913248.00
2023/04/28,62.45,63.38,61.66,62.50,7845151,97720752.00
2023/05/04,62.15,67.56,60.68,67.02,20000689,261680256.00
2023/05/05,67.26,67.70,62.59,62.84,16512962,213036064.00
2023/05/08,64.22,70.51,63.18,69.77,21829098,298682912.00
2023/05/09,69.03,76.21,68.98,71.14,35378145,511864672.00
2023/05/10,70.70,71.88,68.00,69.97,18940523,264627952.00
2023/05/11,69.82,69.97,64.85,65.25,18899545,250791344.00
2023/05/12,65.05,66.48,64.46,64.51,10529235,137582256.00
2023/05/15,64.07,65.69,60.33,62.40,15835088,196238752.00
2023/05/16,63.23,63.82,60.87,61.32,10247506,126145760.00
2023/05/17,61.07,68.93,59.20,67.36,23036434,297500992.00
2023/05/18,67.56,70.16,67.21,67.61,15329487,209425328.00
2023/05/19,67.56,70.46,66.03,69.23,17764047,245390848.00
2023/05/22,69.08,70.60,67.80,69.87,10340404,144061232.00
2023/05/23,69.38,71.05,69.23,69.28,8330776,116665376.00
2023/05/24,69.28,70.11,67.16,68.59,9908284,135468928.00
2023/05/25,68.25,68.88,65.98,67.51,11597814,156323728.00
2023/05/26,68.05,69.82,66.38,68.69,8230485,112430080.00
2023/05/29,67.26,68.25,65.20,65.74,10284867,136182688.00
2023/05/30,65.05,66.87,64.41,66.53,7279037,95454360.00
2023/05/31,65.89,69.42,65.64,66.72,9810450,132009760.00
2023/06/01,66.13,69.92,65.74,67.61,8822732,120307480.00
2023/06/02,67.26,69.72,67.16,67.51,7642494,104118272.00
2023/06/05,67.26,69.62,66.62,68.88,8601917,118240776.00
2023/06/06,68.39,69.47,63.58,63.72,16319488,214232464.00
2023/06/07,64.07,65.15,63.58,63.87,8085680,103942016.00
2023/06/08,63.68,66.13,62.45,65.05,9108349,117433288.00
2023/06/09,64.95,69.13,64.26,66.97,11408983,153080288.00
2023/06/12,67.02,67.61,65.40,65.44,6512256,86148856.00
2023/06/13,65.25,65.89,63.72,64.26,7390032,95172952.00
2023/06/14,64.07,64.81,63.33,63.38,5794293,73961752.00
2023/06/15,63.58,63.92,62.10,63.33,8663189,108758776.00
2023/06/16,63.48,63.87,62.15,62.35,6561915,82225520.00
2023/06/19,62.59,65.25,62.54,64.76,11059231,141389424.00
2023/06/20,64.51,66.53,63.72,64.22,9004469,116488488.00
2023/06/21,63.82,64.26,62.15,62.20,6122551,76909752.00
2023/06/26,61.91,63.04,60.82,61.61,5719859,70737888.00
2023/06/27,61.56,62.69,61.12,61.76,3894435,47973684.00
2023/06/28,61.61,63.33,61.02,61.71,5868418,72467704.00
2023/06/29,61.71,65.54,61.61,64.95,11346153,145340144.00
2023/06/30,65.20,66.72,64.36,64.51,6468813,84660816.00
2023/07/03,64.12,66.33,63.38,65.49,7717986,100241856.00
2023/07/04,65.15,65.25,63.09,63.68,6831881,87084808.00
2023/07/05,63.38,64.95,63.33,64.95,5787886,74142880.00
2023/07/06,65.30,65.49,62.64,62.89,6844877,86783864.00
2023/07/07,62.74,63.38,62.30,63.23,3449932,43303508.00
2023/07/10,63.09,63.38,60.78,61.22,7234107,88638152.00
2023/07/11,61.22,63.38,60.87,62.94,6586437,81808912.00
2023/07/12,62.79,67.41,62.59,65.30,15521010,205088736.00
2023/07/13,65.05,67.75,64.66,66.97,8987006,119696760.00
2023/07/14,66.77,69.47,66.77,68.74,9049246,123864008.00
2023/07/17,68.59,68.74,66.53,67.21,5987503,80448216.00
2023/07/18,67.07,67.61,65.69,65.98,4502352,59758676.00
2023/07/19,65.69,66.82,65.54,66.57,4286958,56839156.00
2023/07/20,66.43,67.41,65.89,66.38,4216776,56099120.00
2023/07/21,66.03,67.36,65.59,66.38,3464961,46141808.00
2023/07/24,66.33,68.00,65.89,66.77,3975129,53270388.00
2023/07/25,66.97,67.41,65.05,65.30,6228912,81772544.00
2023/07/26,65.30,65.74,64.85,65.35,2880615,37580208.00
2023/07/27,65.05,65.49,64.26,64.76,3327532,43049168.00
2023/07/28,64.36,65.10,63.58,64.85,3706640,47736864.00
2023/07/31,65.05,66.28,65.05,65.54,4547053,59557372.00
2023/08/01,65.10,65.64,63.77,65.54,4925763,63526092.00
2023/08/02,65.00,65.05,62.00,62.74,8071359,101295984.00
2023/08/03,63.04,63.48,62.54,63.18,3825268,48163940.00
2023/08/04,63.09,63.68,61.81,61.96,6773717,84251864.00
2023/08/07,61.66,62.05,60.87,61.17,4277650,52204180.00
2023/08/08,61.17,62.15,60.58,61.71,3439080,42096540.00
2023/08/09,61.71,62.35,61.17,62.10,2837201,35074640.00
2023/08/10,62.10,62.15,61.02,62.05,2732180,33591696.00
2023/08/11,61.91,62.40,61.37,61.71,3709686,45773624.00
2023/08/14,61.46,64.76,61.17,64.66,8091166,102589992.00
2023/08/15,65.10,68.54,64.66,67.95,13828497,185593008.00
2023/08/16,67.26,67.75,65.79,66.48,7304663,97123568.00
2023/08/17,65.59,66.43,62.94,63.63,8672505,110668392.00
2023/08/18,64.90,67.51,61.86,61.86,9861075,125357800.00
2023/08/21,61.12,62.84,58.66,59.06,13421287,163442320.00
2023/08/22,59.55,59.79,56.21,57.88,13774684,158411152.00
2023/08/23,57.68,57.93,55.27,56.01,6120944,69002608.00
2023/08/24,55.86,56.55,54.78,56.06,5249096,58286384.00
2023/08/25,55.71,56.21,55.03,55.27,3173583,35131408.00
2023/08/28,57.97,59.11,56.70,58.56,13219375,153060464.00
2023/08/29,58.17,62.35,57.93,62.05,10799982,130857608.00
2023/08/30,62.84,64.26,62.40,63.97,8418303,106710024.00
2023/08/31,72.42,76.55,68.05,76.55,56877738,840291584.00
2023/09/01,77.04,78.76,73.40,74.24,47624944,729176064.00
2023/09/04,72.96,73.90,67.56,69.52,42411581,598671104.00
2023/09/05,69.82,70.41,66.43,66.72,17660618,239993616.00
2023/09/06,66.48,66.92,64.61,65.64,15884758,208581152.00
2023/09/07,65.74,66.48,64.56,64.90,12565431,164274656.00
2023/09/08,65.20,69.77,64.81,68.05,20487455,278659904.00
2023/09/11,66.03,68.25,59.79,67.07,53794738,696459008.00
2023/09/12,67.07,70.55,65.94,68.83,35371204,487125312.00
2023/09/13,69.33,71.14,68.59,70.70,20434174,285389440.00
2023/09/14,71.39,77.29,70.95,75.67,43244577,647017024.00
2023/09/15,75.37,84.07,74.88,79.65,40280712,639123968.00
2023/09/18,81.07,83.97,79.89,83.48,29891564,492310016.00
2023/09/19,82.30,84.07,79.30,80.58,30532491,496163936.00
2023/09/20,80.92,90.01,79.60,87.51,38512783,655514688.00
2023/09/21,87.26,90.51,86.03,89.18,27249662,482654688.00
2023/09/22,89.13,93.31,86.62,89.62,39944234,716870720.00
2023/09/25,88.54,98.02,87.56,95.47,31223377,591809536.00
2023/09/26,95.17,96.35,93.06,95.03,17260919,328233120.00
2023/09/27,95.42,95.86,93.55,95.52,15766647,299738816.00
2023/09/28,96.50,98.86,94.04,96.99,14021846,269688320.00
2023/10/09,96.50,96.80,91.44,95.08,12743646,242805632.00
2023/10/10,94.88,95.03,92.57,93.65,14186128,267191968.00
2023/10/11,93.45,106.08,93.06,102.35,29410289,587066816.00
2023/10/12,102.30,106.08,100.78,102.74,17909397,372203968.00
2023/10/13,103.33,116.80,103.18,116.40,29145971,644984640.00
2023/10/16,116.16,118.71,111.34,115.67,19567755,448203104.00
2023/10/17,112.37,115.67,110.90,114.34,14079883,322969888.00
2023/10/18,116.50,118.96,113.21,114.93,14238906,330347808.00
2023/10/19,112.23,114.93,110.26,112.72,16667982,378570784.00
2023/10/20,112.72,120.24,111.78,119.11,23620992,549761920.00
2023/10/23,114.68,119.11,105.59,106.57,27012769,597678336.00
2023/10/24,106.62,112.72,105.74,111.83,20052799,443271200.00
2023/10/25,116.65,120.82,112.03,116.89,18327093,429505248.00
2023/10/26,116.65,117.88,112.13,116.94,14401859,333775008.00
2023/10/27,115.76,140.09,115.27,136.45,32416948,850124928.00
2023/10/30,138.71,155.27,136.80,146.92,31623008,924074560.00
2023/10/31,146.87,157.83,142.54,149.67,26162990,791445120.00
2023/11/01,148.54,150.95,144.66,145.49,17703764,525343616.00
2023/11/02,146.23,149.08,142.00,143.33,13694416,400396384.00
2023/11/03,143.18,146.82,139.94,144.31,15755288,455773664.00
2023/11/06,148.59,156.21,143.77,156.01,24079336,735115904.00
2023/11/07,152.47,152.91,143.68,147.90,20871878,623789056.00
2023/11/08,143.68,162.59,143.68,160.28,21559768,680991104.00
2023/11/09,158.42,163.33,156.16,158.56,12309034,396202880.00
2023/11/10,156.06,163.23,155.12,159.15,12134959,391698688.00
2023/11/13,156.75,167.26,155.67,164.85,14547660,474557280.00
2023/11/14,161.17,163.77,156.84,159.65,13120606,421820928.00
2023/11/15,161.76,175.62,161.76,172.52,19264401,662047616.00
2023/11/16,172.03,176.94,170.21,176.01,11441959,402465824.00
2023/11/17,176.11,189.72,171.49,187.75,18612810,688331008.00
2023/11/20,189.72,202.64,171.19,178.56,38258578,1419612928.00
2023/11/21,174.88,186.92,170.21,186.92,26439150,954330304.00
2023/11/22,183.04,186.53,171.73,173.16,20529225,740893056.00
2023/11/23,167.36,179.84,166.77,177.97,19120288,670034304.00
2023/11/24,178.86,186.28,175.12,182.99,16363888,599423808.00
2023/11/27,180.63,187.80,178.81,182.15,11257153,416790464.00
2023/11/28,183.63,197.73,180.97,197.68,18128290,697555456.00
2023/11/29,197.63,200.19,193.95,199.94,12737045,509305088.00
2023/11/30,199.69,209.03,193.16,209.03,19000512,773476096.00
2023/12/01,206.57,222.25,205.35,217.63,19627244,854847296.00
2023/12/04,217.88,225.30,205.05,210.75,22295285,972956864.00
2023/12/05,208.15,227.21,206.08,223.23,19610804,864200320.00
2023/12/06,222.25,240.68,219.25,235.32,23618003,1101057664.00
2023/12/07,233.55,238.47,188.49,188.49,53511958,2273605376.00
2023/12/08,181.02,190.65,172.82,188.10,55839490,2061561984.00
2023/12/11,185.69,195.27,183.28,188.93,29982957,1147557120.00
2023/12/12,194.29,212.32,194.29,207.75,35424706,1470369664.00
2023/12/13,207.95,211.00,200.92,204.02,19612232,815206016.00
2023/12/14,204.46,205.84,183.87,189.13,26798918,1038031872.00
2023/12/15,190.06,192.82,178.42,179.20,25859930,961000512.00
2023/12/18,179.30,182.99,176.94,181.17,18587396,675199040.00
2023/12/19,182.74,182.94,173.16,180.73,13947416,502120256.00
2023/12/20,180.53,183.92,176.21,179.94,12995935,473508160.00
2023/12/21,179.55,181.32,170.70,174.58,18417031,648420416.00
2023/12/22,176.06,178.86,167.66,168.83,20283501,707896576.00
2023/12/25,168.69,180.53,168.69,177.83,15741923,559868928.00
2023/12/26,176.35,179.79,170.46,174.63,9880653,348212256.00
2023/12/27,177.34,185.44,173.70,179.65,20944874,763908928.00
2023/12/28,178.71,180.97,173.70,175.96,14617813,520876256.00
2023/12/29,175.08,181.12,174.68,181.12,12282027,444167040.00
2024/01/02,181.02,183.58,177.24,180.92,10595391,386659552.00
2024/01/03,181.17,184.56,172.32,176.99,13547447,483725760.00
2024/01/04,177.58,179.30,174.14,178.56,9590376,342885216.00
2024/01/05,178.07,185.44,176.11,177.39,18214086,662306112.00
2024/01/08,178.66,180.28,172.57,174.14,13399038,476975008.00
2024/01/09,175.03,178.56,167.75,177.58,17097525,600461120.00
2024/01/10,177.58,178.07,171.68,172.27,10734970,376053472.00
2024/01/25,163.33,168.69,141.22,161.41,35362743,1145498880.00
2024/01/26,158.91,171.00,154.19,161.71,25144796,834666752.00
2024/01/29,161.66,162.64,138.32,139.11,38109679,1141598592.00
2024/01/30,136.50,146.23,132.37,139.60,27570264,790339648.00
2024/01/31,140.73,142.79,131.59,133.26,22931972,630768640.00
2024/02/01,135.27,143.23,130.31,135.76,24854795,686463360.00
2024/02/02,136.84,138.37,124.90,128.88,23541264,622166272.00
2024/02/05,126.03,133.85,117.29,123.04,33199165,820082688.00
2024/02/06,126.18,147.36,123.04,144.41,36504539,1005116736.00
2024/02/07,144.46,149.82,133.31,137.88,38803228,1111441280.00
2024/02/08,138.76,141.71,132.03,140.28,31233219,866044416.00
2024/02/19,142.45,148.79,139.25,145.94,20270620,592686016.00
数据来源:通达信
