301192 泰祥股份 日线 后复权
      日期	    开盘	    最高	    最低	    收盘	    成交量	    成交额
2022/08/11,28.88,39.80,28.88,35.40,17719164,626381376.00
2022/08/12,31.00,40.00,30.60,35.25,16251822,577149376.00
2022/08/15,33.03,33.90,31.00,31.15,11334598,364892320.00
2022/08/16,30.39,32.45,30.39,30.62,8770373,274179456.00
2022/08/17,29.55,29.90,28.38,28.52,9342188,270524480.00
2022/08/18,30.33,34.22,30.33,34.22,14473189,469574592.00
2022/08/19,32.85,33.85,30.70,30.70,11198763,359733600.00
2022/08/22,30.51,32.64,29.68,32.59,9756391,305355808.00
2022/08/23,32.26,33.77,31.00,31.48,9259323,299811040.00
2022/08/24,30.78,34.82,30.70,34.30,12549337,418232576.00
2022/08/25,33.33,34.06,31.80,33.37,9087266,298560800.00
2022/08/26,32.60,33.27,30.32,31.10,7298346,230641792.00
2022/08/29,30.00,30.00,28.71,29.08,5983097,174954736.00
2022/08/30,28.81,29.39,26.95,27.52,7269659,201878992.00
2022/08/31,28.68,29.39,27.26,27.28,6413685,180463792.00
2022/09/01,26.30,26.98,26.07,26.44,5500467,145515232.00
2022/09/02,26.44,26.95,26.39,26.60,3964874,105678496.00
2022/09/05,26.65,26.90,25.51,26.00,4276660,111685664.00
2022/09/06,26.43,26.49,25.60,26.23,3250516,84661480.00
2022/09/07,26.00,26.70,26.00,26.31,3687335,96975992.00
2022/09/08,26.72,26.78,25.28,25.41,4773818,125099760.00
2022/09/09,25.30,25.92,24.60,24.65,4035244,101017128.00
2022/09/13,24.48,24.88,24.40,24.88,2601483,64062248.00
2022/09/14,24.36,24.78,24.16,24.76,2464298,60280228.00
2022/09/15,24.83,24.89,23.26,23.42,3477629,83014288.00
2022/09/16,23.50,23.67,22.61,22.64,2331080,54106120.00
2022/09/19,22.71,23.18,22.50,22.82,2054350,47002740.00
2022/09/20,22.93,24.14,22.93,23.59,2712000,63939104.00
2022/09/21,23.13,23.59,22.91,23.41,1980224,46003680.00
2022/09/22,23.40,23.65,23.20,23.36,1632984,38230636.00
2022/09/23,23.30,23.50,22.00,22.22,2383905,53853900.00
2022/09/26,21.77,22.15,21.40,21.44,2006651,43677328.00
2022/09/27,21.60,21.98,21.36,21.89,1704619,37060948.00
2022/09/28,21.95,21.95,20.70,20.70,2038784,43303160.00
2022/09/29,20.90,21.19,20.63,20.71,1868624,38978244.00
2022/09/30,20.75,20.94,19.82,19.88,1716050,34737120.00
2022/10/10,19.90,20.32,19.75,19.91,1292257,25833286.00
2022/10/11,20.10,20.13,19.64,20.02,1079700,21490328.00
2022/10/12,19.88,20.47,19.63,20.47,1552500,31183604.00
2022/10/13,20.28,20.85,20.27,20.46,1890000,38957380.00
2022/10/14,21.00,21.25,20.67,20.77,2061500,43126104.00
2022/10/17,20.77,21.36,20.58,21.31,1512700,31923012.00
2022/10/18,21.70,22.17,21.15,21.55,1763462,37995360.00
2022/10/19,21.40,21.55,20.87,20.87,1327952,28114908.00
2022/10/20,20.87,21.06,20.39,20.70,1404207,29061336.00
2022/10/21,21.11,21.26,20.70,20.71,1419050,29726522.00
2022/10/24,21.00,21.99,20.95,21.68,2853031,61538424.00
2022/10/25,21.47,22.74,20.56,22.33,4394655,95742440.00
2022/10/26,22.11,22.19,21.57,21.85,3242650,70783768.00
2022/10/27,21.73,22.17,20.98,20.98,2511403,53868412.00
2022/10/28,20.98,21.05,19.63,19.95,2545754,51352132.00
2022/10/31,20.14,20.84,19.95,20.52,1893149,38779684.00
2022/11/01,20.60,21.32,20.51,21.29,1810755,38040768.00
2022/11/02,21.48,21.85,21.38,21.76,2199606,47595744.00
2022/11/03,22.01,23.39,21.77,22.40,5088211,114716032.00
2022/11/04,22.37,25.77,22.20,24.82,8706430,211123520.00
2022/11/07,24.10,24.11,23.30,23.96,6813362,161333664.00
2022/11/08,23.70,23.70,22.92,23.12,4019174,93251152.00
2022/11/09,23.01,23.27,22.70,23.18,2780741,63909060.00
2022/11/10,23.00,23.00,22.19,22.34,3498032,78972552.00
2022/11/11,22.65,22.75,22.06,22.10,3132790,70426000.00
2022/11/14,22.08,22.47,21.88,22.46,2345349,52129324.00
2022/11/15,22.40,22.75,22.18,22.75,2554520,57673748.00
2022/11/16,22.76,22.81,22.22,22.27,2128850,47840224.00
2022/11/17,22.00,22.39,21.80,22.39,1935944,42744512.00
2022/11/18,22.19,22.37,21.45,21.49,2541700,55710908.00
2022/11/21,21.35,21.82,21.32,21.78,1483653,32042452.00
2022/11/22,21.87,22.27,21.45,21.56,2237950,49003540.00
2022/11/23,21.49,21.49,20.49,20.88,1989080,41592688.00
2022/11/24,20.97,21.20,20.97,21.06,1127850,23765890.00
2022/11/25,21.40,21.40,20.53,20.57,1417900,29560498.00
2022/11/28,20.33,20.75,20.05,20.70,998450,20421964.00
2022/11/29,20.88,20.96,20.65,20.83,1135900,23651662.00
2022/11/30,20.88,21.48,20.70,21.48,2556117,54290404.00
2022/12/01,21.67,21.88,21.32,21.34,2069708,44568628.00
2022/12/02,21.34,21.56,21.16,21.47,1220996,26129058.00
2022/12/05,21.55,21.66,21.30,21.31,1273840,27235600.00
2022/12/06,21.25,21.46,21.00,21.10,1384787,29362432.00
2022/12/07,20.97,21.32,20.96,21.04,1005103,21233570.00
2022/12/08,21.02,21.17,20.80,20.99,962485,20208374.00
2022/12/09,21.10,21.14,20.65,20.66,1131867,23544798.00
2022/12/12,20.65,20.80,20.42,20.66,779047,16031433.00
2022/12/13,20.57,20.74,20.38,20.41,716650,14751748.00
2022/12/14,20.55,20.61,20.21,20.31,687750,14052590.00
2022/12/15,20.20,20.79,20.14,20.75,1100806,22654776.00
2022/12/16,20.51,20.82,19.90,19.92,1567300,31653644.00
2022/12/19,19.84,20.45,19.77,19.79,1186880,23872152.00
2022/12/20,19.56,20.36,19.46,20.09,1425715,28475826.00
2022/12/21,20.05,20.05,19.02,19.24,1499800,29157202.00
2022/12/22,19.23,19.48,18.70,18.79,1287409,24392282.00
2022/12/23,18.70,18.78,18.36,18.59,952400,17672192.00
2022/12/26,18.58,19.09,18.58,19.08,896300,16999492.00
2022/12/27,19.09,19.30,18.81,19.18,713787,13580638.00
2022/12/28,19.35,19.35,18.60,18.62,821800,15464013.00
2022/12/29,18.55,18.83,18.38,18.38,585000,10888720.00
2022/12/30,18.59,18.75,18.52,18.57,577856,10758463.00
2023/01/03,18.52,18.94,18.40,18.90,782950,14706460.00
2023/01/04,18.91,19.06,18.78,18.82,706400,13367810.00
2023/01/05,18.93,19.13,18.76,19.04,770850,14613251.00
2023/01/06,19.08,19.26,18.91,18.95,882950,16845992.00
2023/01/09,19.05,19.25,18.95,19.14,965150,18468532.00
2023/01/10,19.28,19.28,18.83,19.02,866103,16434354.00
2023/01/11,18.97,19.01,18.56,18.57,1029700,19303620.00
2023/01/12,18.50,18.95,18.50,18.79,826424,15535707.00
2023/01/13,18.94,18.95,18.58,18.68,684950,12831779.00
2023/01/16,18.74,19.12,18.61,19.06,800200,15126524.00
2023/01/17,19.05,19.13,18.93,18.98,657750,12506806.00
2023/01/18,19.06,19.19,18.97,19.16,682850,13040365.00
2023/01/19,19.27,19.43,19.18,19.28,963450,18579410.00
2023/01/20,19.44,19.44,19.21,19.35,877150,16949884.00
2023/01/30,19.67,20.09,19.52,19.89,1726708,34335936.00
2023/01/31,19.88,20.08,19.63,20.01,970900,19350378.00
2023/02/01,20.01,20.25,20.00,20.24,1290932,25988118.00
2023/02/02,20.50,20.50,20.02,20.05,1222032,24626730.00
2023/02/03,20.01,20.16,19.80,19.98,995850,19855606.00
2023/02/06,19.89,20.14,19.83,20.11,865250,17351552.00
2023/02/07,20.12,20.32,19.99,20.29,859600,17323422.00
2023/02/08,20.30,20.46,20.15,20.34,1063250,21628052.00
2023/02/09,20.34,20.87,20.22,20.87,1950113,40271600.00
2023/02/10,20.92,21.03,20.50,20.55,1607394,33216092.00
2023/02/13,20.51,20.95,20.50,20.90,1411744,29332554.00
2023/02/14,20.90,21.37,20.80,21.23,1893530,40029472.00
2023/02/15,21.35,21.35,21.03,21.15,1256014,26571142.00
2023/02/16,21.12,21.26,20.27,20.42,1883700,39197872.00
2023/02/17,20.48,20.75,20.29,20.32,969400,19875700.00
2023/02/20,20.49,20.61,20.17,20.60,917130,18773034.00
2023/02/21,20.74,20.79,20.44,20.75,923750,19057762.00
2023/02/22,20.30,20.98,20.30,20.81,958250,19848586.00
2023/02/23,20.77,21.61,20.77,21.61,3265946,69832944.00
2023/02/24,21.64,21.72,21.03,21.20,2625415,55761364.00
2023/02/27,21.16,21.16,20.80,20.86,1300779,27213922.00
2023/02/28,20.99,21.13,20.67,20.99,1064467,22253482.00
2023/03/01,21.02,21.10,20.75,21.10,1229900,25730992.00
2023/03/02,21.02,21.08,20.72,20.78,1344777,28037978.00
2023/03/03,20.83,20.85,20.23,20.39,1295732,26588744.00
2023/03/06,20.41,20.60,20.33,20.59,925747,18953018.00
2023/03/07,20.58,20.65,20.04,20.05,778600,15793018.00
2023/03/08,20.03,20.37,20.03,20.31,633650,12807618.00
2023/03/09,20.40,20.78,20.20,20.51,984297,20212952.00
2023/03/10,20.42,21.80,20.40,21.02,4059885,86409656.00
2023/03/13,20.73,20.80,19.77,20.18,3722389,74891056.00
2023/03/14,19.98,20.03,19.26,19.86,2623097,51422160.00
2023/03/15,19.86,20.24,19.81,19.94,1487950,29793424.00
2023/03/16,19.99,19.99,19.36,19.40,1105750,21624204.00
2023/03/17,19.20,19.69,19.06,19.28,1890200,36490448.00
2023/03/20,19.31,19.47,18.89,19.34,1549951,29767872.00
2023/03/21,19.37,19.54,19.20,19.53,1331708,25832168.00
2023/03/22,19.60,20.07,19.49,20.02,1808450,36000144.00
2023/03/23,20.06,20.06,19.65,19.80,1087750,21536558.00
2023/03/24,19.83,19.98,19.61,19.72,874288,17316782.00
2023/03/27,19.71,19.75,19.45,19.57,843279,16482576.00
2023/03/28,19.60,19.68,19.33,19.37,1024410,19951288.00
2023/03/29,19.37,19.67,19.29,19.49,1237155,24147418.00
2023/03/30,19.49,19.57,19.06,19.06,1049650,20125240.00
2023/03/31,19.06,19.50,19.06,19.30,804800,15539666.00
2023/04/03,19.13,19.37,19.13,19.33,663250,12775012.00
2023/04/04,19.33,19.35,18.68,18.79,1151050,21718052.00
2023/04/06,18.82,18.90,18.41,18.87,596750,11204248.00
2023/04/07,18.95,18.95,18.68,18.80,745004,13991193.00
2023/04/10,18.80,18.87,18.43,18.54,800854,14911517.00
2023/04/11,18.54,18.54,18.20,18.40,854475,15652175.00
2023/04/12,18.39,18.49,18.27,18.49,634761,11695870.00
2023/04/13,18.45,18.50,18.26,18.31,660450,12121898.00
2023/04/14,18.37,18.98,18.28,18.87,1483111,27504154.00
2023/04/17,18.68,18.99,18.65,18.95,1237000,23262806.00
2023/04/18,18.82,18.90,18.55,18.56,961800,17985080.00
2023/04/19,18.69,18.70,18.31,18.32,742650,13709496.00
2023/04/20,18.33,18.33,17.78,17.83,958361,17184102.00
2023/04/21,17.84,18.02,17.26,17.28,904934,15915325.00
2023/04/24,17.20,17.43,16.92,17.39,736496,12650649.00
2023/04/25,17.39,17.42,16.62,16.95,777700,13191886.00
2023/04/26,16.92,17.34,16.78,17.22,594300,10227184.00
2023/04/27,16.91,17.49,16.91,17.34,556350,9630846.00
2023/04/28,17.41,17.69,17.37,17.62,717888,12609891.00
2023/05/04,17.66,17.93,17.28,17.80,464600,8279149.00
2023/05/05,17.90,17.95,17.55,17.80,491979,8707446.00
2023/05/08,17.83,17.98,17.62,17.70,546450,9714876.00
2023/05/09,17.92,17.92,17.16,17.20,629950,10934840.00
2023/05/10,17.18,17.79,17.02,17.74,819950,14389386.00
2023/05/11,17.70,17.97,17.58,17.92,556050,9883960.00
2023/05/12,17.81,17.97,17.67,17.78,463321,8238833.50
2023/05/15,17.78,17.98,17.71,17.98,499300,8909498.00
2023/05/16,18.49,18.49,17.74,17.77,1323339,24060888.00
2023/05/17,17.62,18.09,17.62,18.09,1018900,18248692.00
2023/05/18,18.04,18.51,17.98,18.35,1148854,21029562.00
2023/05/19,18.27,18.46,18.22,18.35,585950,10756224.00
2023/05/22,18.39,18.88,18.30,18.74,899221,16790036.00
2023/05/23,18.76,19.07,18.64,18.79,1170630,22140194.00
2023/05/24,18.72,19.25,18.70,19.16,1431350,27360710.00
2023/05/25,19.11,19.94,19.05,19.88,2645217,51863548.00
2023/05/26,19.80,19.80,18.92,19.29,2557841,49397836.00
2023/05/29,19.35,19.35,18.90,19.08,1162750,21897200.00
2023/05/30,18.90,20.10,18.90,19.38,2417339,46810960.00
2023/05/31,19.12,19.89,19.00,19.48,2213857,42450976.00
2023/06/01,19.79,20.05,18.83,19.10,1879229,35813236.00
2023/06/02,18.95,19.23,18.95,19.16,1169861,22085068.00
2023/06/05,19.16,19.22,18.86,18.98,1130855,21237624.00
2023/06/06,18.95,18.96,18.30,18.51,1659061,30430526.00
2023/06/07,18.85,18.85,18.15,18.27,983349,17812842.00
2023/06/08,18.40,18.75,18.23,18.34,898184,16418623.00
2023/06/09,20.01,21.97,20.01,21.97,3886172,84152064.00
2023/06/12,24.18,26.32,22.95,26.32,13106622,316800448.00
2023/06/13,28.98,31.54,28.61,29.67,18856382,570859200.00
2023/06/14,29.80,31.69,26.70,26.73,16399223,463724608.00
2023/06/15,25.44,26.36,24.33,24.33,12455231,311716064.00
2023/06/16,24.81,25.05,24.00,24.16,8604616,208210112.00
2023/06/19,24.00,24.56,24.00,24.18,6659556,160129232.00
2023/06/20,24.18,24.29,23.33,23.95,6195121,146380080.00
2023/06/21,23.95,24.50,23.53,24.45,7155983,170482496.00
2023/06/26,24.41,25.67,24.25,24.75,9155308,226630544.00
2023/06/27,23.80,23.80,20.32,22.31,7038682,155386320.00
2023/06/28,22.38,22.74,21.76,22.62,5288783,116656776.00
2023/06/29,22.17,23.00,22.13,22.70,4199101,94587808.00
2023/06/30,22.51,23.31,22.31,22.69,3768842,85259608.00
2023/07/03,22.90,23.74,22.78,22.80,4644047,106596200.00
2023/07/04,22.51,24.56,22.50,23.83,7904466,186377232.00
2023/07/05,23.76,25.68,23.17,25.35,10186892,246819680.00
2023/07/06,25.06,30.38,24.08,30.38,13797888,379176576.00
2023/07/07,31.60,36.42,31.20,36.42,19991676,682459456.00
2023/07/10,35.20,36.00,29.90,30.22,17464838,573938304.00
2023/07/11,31.11,32.70,30.20,32.47,16194850,508407360.00
2023/07/12,31.40,34.65,30.16,31.11,15228097,491029312.00
2023/07/13,29.95,32.16,28.62,31.16,11472843,348410592.00
2023/07/14,31.16,31.19,28.71,29.33,8650103,255864144.00
2023/07/17,29.90,29.90,28.00,28.62,5597640,158609472.00
2023/07/18,28.76,29.50,28.10,28.66,4310084,123039416.00
2023/07/19,28.29,29.10,27.86,28.49,3737800,105489280.00
2023/07/20,28.42,31.08,28.23,29.10,8720062,257965696.00
2023/07/21,29.23,32.00,29.19,30.14,11583439,352239904.00
2023/07/24,26.80,28.89,24.20,28.67,8375608,226604976.00
2023/07/25,29.80,31.51,28.24,29.00,8903063,261102832.00
2023/07/26,28.42,29.60,25.82,26.00,8347542,228707184.00
2023/07/27,27.20,28.82,26.50,26.70,8669738,236503056.00
2023/07/28,26.57,27.85,25.60,27.29,8070035,214249184.00
2023/07/31,27.50,27.98,26.16,26.63,6169102,165180016.00
2023/08/01,26.97,27.00,24.95,25.42,5588179,141168016.00
2023/08/02,25.00,25.76,24.75,25.50,4555750,114356976.00
2023/08/03,25.38,25.38,24.50,24.71,3745650,91982488.00
2023/08/04,24.70,24.86,24.24,24.45,3338612,81138048.00
2023/08/07,24.44,24.81,24.16,24.50,2448096,59254920.00
2023/08/08,24.45,26.50,24.28,25.89,9183449,233771824.00
2023/08/09,25.01,27.40,24.68,26.18,9649605,248742976.00
2023/08/10,25.41,27.40,25.41,26.90,8139471,213496464.00
2023/08/11,26.77,27.13,25.65,25.67,6051433,158141344.00
2023/08/14,25.04,26.35,24.94,25.55,4354871,110105984.00
2023/08/15,25.80,25.80,24.30,24.68,4266559,104796448.00
2023/08/16,24.88,25.53,24.51,24.52,3913826,96924576.00
2023/08/17,24.32,25.30,23.43,25.20,4904763,119235568.00
2023/08/18,25.01,25.59,24.30,24.32,3655258,90253824.00
2023/08/21,24.39,25.08,24.32,24.47,2564520,62626096.00
2023/08/22,24.54,24.94,23.88,24.50,2573533,62206044.00
2023/08/23,24.31,24.85,23.80,24.12,2240466,53856528.00
2023/08/24,24.00,24.24,23.44,23.44,2411300,56593040.00
2023/08/25,23.25,23.44,22.40,22.68,2758829,62268644.00
2023/08/28,24.41,24.41,22.11,22.31,2375500,53571528.00
2023/08/29,22.02,24.40,22.00,24.10,4015415,94319176.00
2023/08/30,23.79,25.10,23.79,25.03,2556100,62882480.00
2023/08/31,24.83,25.69,24.59,25.18,2368550,59224540.00
2023/09/01,25.07,25.79,24.88,25.55,2372400,59911252.00
2023/09/04,25.33,25.75,25.11,25.51,2120850,53492240.00
2023/09/05,25.50,25.76,24.99,25.16,1727878,43259252.00
2023/09/06,25.21,25.45,24.90,25.40,1379911,34609584.00
2023/09/07,25.31,25.31,24.48,24.57,1390750,34110916.00
2023/09/08,24.82,24.92,24.23,24.26,1099400,26718806.00
2023/09/11,24.60,25.17,24.18,25.01,2108311,51874088.00
2023/09/12,24.97,25.45,24.69,25.18,1611100,40012280.00
2023/09/13,25.05,25.05,24.00,24.48,1668201,40275532.00
2023/09/14,24.48,24.57,23.50,23.61,1234801,29178762.00
2023/09/15,23.61,23.84,23.22,23.33,1117051,25979088.00
2023/09/18,23.51,25.39,22.85,24.63,2848450,69595144.00
2023/09/19,24.45,24.70,23.67,24.20,1849350,44215568.00
2023/09/20,24.04,24.82,23.83,23.88,1545250,37294180.00
2023/09/21,23.52,24.09,23.05,23.32,1463150,33988996.00
2023/09/22,23.11,23.92,23.11,23.62,1120850,26151250.00
2023/09/25,23.61,24.27,23.53,23.79,1010900,23889430.00
2023/09/26,23.80,23.92,22.91,23.50,1413100,32951500.00
2023/09/27,23.59,23.66,22.86,22.86,1217400,27989008.00
2023/09/28,22.88,24.15,22.88,23.52,1705600,39930196.00
2023/10/09,23.58,24.88,23.58,24.37,2130600,51518216.00
2023/10/10,24.37,24.68,23.80,23.97,1374200,32737360.00
2023/10/11,23.79,24.17,23.51,23.84,1373710,32435678.00
2023/10/12,23.55,24.15,23.55,23.82,1096700,25972764.00
2023/10/13,23.60,24.16,23.55,23.97,1315550,31138920.00
2023/10/16,24.07,24.70,23.40,23.53,1288350,30603634.00
2023/10/17,23.65,23.65,22.62,22.75,1121300,25434036.00
2023/10/18,22.64,22.80,22.34,22.55,922201,20592778.00
2023/10/19,22.75,22.75,22.06,22.13,779176,17210664.00
2023/10/20,22.03,23.99,22.03,22.24,2426526,54874964.00
2023/10/23,22.13,22.96,21.33,21.73,1852000,40637484.00
2023/10/24,21.89,22.96,21.73,22.60,1680650,37408928.00
2023/10/25,22.60,23.29,22.50,23.01,1081750,24617142.00
2023/10/26,22.76,23.50,22.51,23.44,1428650,32635630.00
2023/10/27,23.40,24.24,23.14,23.75,1675050,39727916.00
2023/10/30,23.78,23.78,22.63,23.02,1848800,42121620.00
2023/10/31,23.05,23.33,22.61,22.76,1059500,24041548.00
2023/11/01,22.90,23.58,22.43,23.34,1435453,33038616.00
2023/11/02,23.55,23.60,22.88,22.92,843550,19428212.00
2023/11/03,22.93,23.60,22.93,23.30,819900,18968650.00
2023/11/06,23.33,24.11,23.30,24.11,1142650,26933300.00
2023/11/07,24.11,24.49,23.90,24.20,1232600,29592424.00
2023/11/08,24.44,24.94,24.01,24.69,1916850,46685764.00
2023/11/09,24.92,25.04,24.31,24.66,1604250,39169736.00
2023/11/10,24.56,24.71,24.19,24.40,868000,21002106.00
2023/11/13,24.53,24.77,24.25,24.62,1081200,26338132.00
2023/11/14,24.62,24.89,24.26,24.40,1124000,27303222.00
2023/11/15,24.56,25.08,24.20,24.92,1662250,40684772.00
2023/11/16,24.91,25.34,24.80,24.93,1639350,40862416.00
2023/11/17,24.93,25.71,24.82,25.49,1798210,45400404.00
2023/11/20,25.49,25.86,24.98,25.21,1590400,39760992.00
2023/11/21,25.17,25.53,24.96,25.04,1161400,28967962.00
2023/11/22,24.90,25.20,24.50,24.50,1076500,26445944.00
2023/11/23,24.70,25.48,24.26,25.26,1350800,33635168.00
2023/11/24,25.49,25.49,24.47,24.65,1382050,34128560.00
2023/11/27,24.86,25.05,24.36,24.95,1087850,26781080.00
2023/11/28,24.94,25.58,24.70,25.43,1461672,36685160.00
2023/11/29,25.42,27.63,25.27,26.11,4790362,124562464.00
2023/11/30,25.79,26.03,24.74,25.11,3615102,90750488.00
2023/12/01,25.10,25.37,22.97,24.60,2381802,58041644.00
2023/12/04,24.90,25.18,24.52,24.81,1767611,43684096.00
2023/12/05,24.60,25.00,24.12,24.12,1367168,33024532.00
2023/12/06,24.12,25.19,23.83,24.28,1678465,41012336.00
2023/12/07,24.35,24.35,23.45,23.49,1389465,32617428.00
2023/12/08,23.47,23.91,22.92,22.94,1431650,33039750.00
2023/12/11,22.94,23.69,22.60,23.52,1849750,42759128.00
2023/12/12,23.53,23.75,23.20,23.58,1011512,23599942.00
2023/12/13,23.67,23.78,23.15,23.27,974050,22608922.00
2023/12/14,23.59,23.77,23.15,23.26,887850,20570136.00
2023/12/15,23.29,23.50,23.04,23.08,633550,14547526.00
2023/12/18,23.42,23.46,22.65,23.01,1192800,27396816.00
2023/12/19,22.97,23.35,22.82,23.22,770263,17630208.00
2023/12/20,23.30,23.59,22.98,22.98,604600,13957044.00
2023/12/21,23.03,23.22,22.38,23.16,722803,16377115.00
2023/12/22,23.09,23.22,22.61,22.63,748713,16979460.00
2023/12/25,22.70,22.86,22.15,22.39,837550,18576766.00
2023/12/26,22.78,22.78,21.80,21.98,761050,16624028.00
2023/12/27,22.28,22.28,21.76,22.15,835450,18187192.00
2023/12/28,22.24,22.70,21.87,22.62,787800,17488278.00
2023/12/29,22.56,23.18,22.42,23.16,822350,18660404.00
2024/01/02,23.21,23.54,22.89,23.24,742500,17192032.00
2024/01/03,23.28,23.29,22.76,22.86,643900,14636159.00
2024/01/04,23.02,23.25,22.66,23.01,745213,16993484.00
2024/01/05,23.04,23.36,22.50,22.64,595950,13511482.00
2024/01/08,22.71,22.76,22.15,22.16,762063,16911022.00
2024/01/09,22.56,22.75,22.11,22.21,851350,18884368.00
2024/01/10,22.32,22.35,21.85,21.98,701750,15337723.00
2024/01/11,22.23,22.44,21.79,22.35,503450,11024756.00
2024/01/12,22.44,22.69,22.15,22.16,774512,17199072.00
2024/01/15,22.16,22.39,21.75,21.84,582900,12644304.00
2024/01/16,21.71,22.04,21.50,21.78,744700,16011768.00
2024/01/17,21.88,21.92,20.98,21.21,639500,13636409.00
2024/01/18,21.37,21.37,20.41,20.97,1013100,20839680.00
2024/01/19,21.06,21.07,20.54,20.62,934400,19191128.00
2024/01/22,20.58,20.72,19.17,19.42,1224500,24199538.00
2024/01/23,19.32,19.41,18.49,18.84,1389650,25929910.00
2024/01/24,19.03,19.36,18.32,19.10,1118250,20932256.00
2024/01/25,19.40,20.10,18.58,20.08,1202400,23208716.00
2024/01/26,20.18,20.39,19.65,19.75,818050,16200820.00
2024/01/29,20.14,20.14,18.77,18.80,956250,18082752.00
2024/01/30,19.20,19.20,18.04,18.04,983800,17979450.00
2024/01/31,18.48,18.58,16.70,17.03,1078650,18601742.00
2024/02/01,17.02,17.40,16.22,16.61,1256400,20621398.00
2024/02/02,16.71,17.20,14.76,15.45,1360890,21397808.00
2024/02/05,15.61,15.61,12.45,12.95,2618200,34230808.00
2024/02/06,12.70,13.59,10.89,12.44,3267493,38210108.00
2024/02/07,12.48,12.67,10.42,10.97,4514285,49608852.00
2024/02/08,11.17,12.20,9.43,12.00,6023731,64218932.00
2024/02/19,12.24,13.19,12.04,12.83,4521703,55983168.00
数据来源:通达信
