301041 金百泽 日线 后复权
      日期	    开盘	    最高	    最低	    收盘	    成交量	    成交额
2021/08/11,32.00,39.55,31.89,38.27,18195340,650225280.00
2021/08/12,33.67,36.50,33.67,34.40,13969371,485628512.00
2021/08/13,33.50,37.99,33.00,34.47,12334886,437156640.00
2021/08/16,33.50,33.50,31.00,31.60,10214885,326543360.00
2021/08/17,31.12,34.50,31.10,34.18,10465811,340725600.00
2021/08/18,33.12,33.50,31.50,32.38,7822062,252535168.00
2021/08/19,32.33,33.40,31.52,31.54,7273873,236398528.00
2021/08/20,30.00,30.50,28.73,29.20,7197555,212571376.00
2021/08/23,29.20,35.04,29.06,35.04,14304665,471543040.00
2021/08/24,37.90,41.25,34.90,36.22,14286693,532847200.00
2021/08/25,35.50,36.47,31.99,32.00,12340980,415733664.00
2021/08/26,33.30,34.13,32.23,32.88,7677490,254387616.00
2021/08/27,31.78,33.21,30.55,32.13,6421612,205514112.00
2021/08/30,31.98,33.07,30.87,31.01,6782260,216353392.00
2021/08/31,31.01,31.57,30.18,30.31,4897420,151008784.00
2021/09/01,30.26,31.31,29.94,31.13,4699185,144218320.00
2021/09/02,30.81,32.70,30.41,32.64,6439394,205232800.00
2021/09/03,32.50,33.88,31.35,32.11,7262755,236252528.00
2021/09/06,32.52,33.60,32.18,32.50,5618414,184546624.00
2021/09/07,32.25,34.56,32.23,33.75,6673630,223149376.00
2021/09/08,33.77,33.77,32.05,32.25,6013117,195454784.00
2021/09/09,31.76,31.76,30.65,31.25,4763605,148409488.00
2021/09/10,30.99,33.55,30.93,32.65,7249284,237304688.00
2021/09/13,32.11,32.12,30.80,31.20,5305576,165688064.00
2021/09/14,31.24,31.78,30.69,31.39,4043796,125883336.00
2021/09/15,31.84,31.90,31.02,31.55,3371935,106029344.00
2021/09/16,31.10,31.26,30.33,30.50,3494443,107322840.00
2021/09/17,30.21,30.79,29.42,29.80,2882595,86408608.00
2021/09/22,29.30,30.24,29.03,30.03,2006879,59741244.00
2021/09/23,30.65,31.49,30.25,30.41,3648052,112705504.00
2021/09/24,29.99,30.00,29.05,29.27,3139325,92301672.00
2021/09/27,29.45,30.35,28.58,29.44,2482691,73123216.00
2021/09/28,29.03,29.55,28.85,29.24,1572381,45866736.00
2021/09/29,28.89,29.14,27.20,27.40,2598520,72949600.00
2021/09/30,27.66,28.60,27.40,28.29,1869777,52542208.00
2021/10/08,28.70,29.22,28.11,28.49,1878615,53741364.00
2021/10/11,28.49,28.66,27.64,27.90,1585680,44322884.00
2021/10/12,27.94,28.14,26.83,27.03,1783743,48724136.00
2021/10/13,29.04,32.44,29.04,32.44,7037587,221131632.00
2021/10/14,32.00,32.17,30.37,30.65,9383019,291356896.00
2021/10/15,30.64,31.63,29.66,30.21,6795036,208222704.00
2021/10/18,30.00,31.47,29.48,30.81,5273724,161207056.00
2021/10/19,30.32,30.78,29.76,29.97,3865327,116028272.00
2021/10/20,29.61,30.60,29.05,30.58,4633129,138266096.00
2021/10/21,30.00,30.07,28.74,29.05,4330115,126415920.00
2021/10/22,28.95,29.27,28.42,28.45,2681769,77366096.00
2021/10/25,28.10,28.80,27.81,28.78,2046899,58303456.00
2021/10/26,28.69,29.28,28.31,29.03,2301616,66449364.00
2021/10/27,27.96,27.96,25.66,26.28,4928560,130781064.00
2021/10/28,26.19,26.43,25.10,25.25,2605567,66729512.00
2021/10/29,25.45,25.89,25.30,25.50,1631275,41741824.00
2021/11/01,25.34,26.90,25.21,26.45,2430595,63703316.00
2021/11/02,26.52,27.38,26.20,26.38,3181124,85230464.00
2021/11/03,26.33,27.10,26.05,26.55,1984571,52664472.00
2021/11/04,26.51,26.98,26.40,26.70,1784107,47766212.00
2021/11/05,27.26,28.70,27.19,27.27,4634778,129439400.00
2021/11/08,26.55,27.20,26.26,27.20,2558056,68416856.00
2021/11/09,27.22,28.28,27.19,27.78,2839274,78783224.00
2021/11/10,28.17,29.18,27.82,28.28,4240389,120561936.00
2021/11/11,27.80,29.28,27.73,29.19,4867607,140072848.00
2021/11/12,28.97,29.89,28.66,29.62,4288987,126478616.00
2021/11/15,29.63,30.88,29.55,30.49,4700824,142286256.00
2021/11/16,30.20,30.43,29.14,29.19,4023379,119185432.00
2021/11/17,28.89,30.77,28.89,30.56,3532965,106474584.00
2021/11/18,30.48,30.80,29.70,30.06,2861367,86210520.00
2021/11/19,30.01,30.88,29.70,30.08,3347157,101429592.00
2021/11/22,29.99,31.23,29.80,30.85,3255882,100255392.00
2021/11/23,30.69,31.75,30.13,30.48,2630640,80646736.00
2021/11/24,30.34,31.16,30.26,30.66,2548512,78224816.00
2021/11/25,31.00,32.75,30.40,32.00,7181272,228070672.00
2021/11/26,31.60,38.40,30.91,38.40,16353419,605384704.00
2021/11/29,35.50,38.40,35.20,37.10,11127130,408109344.00
2021/11/30,36.65,36.98,35.03,36.01,6699272,240369968.00
2021/12/01,35.50,40.00,34.50,34.95,15149329,558608704.00
2021/12/02,34.39,34.80,31.90,32.12,10481202,343676096.00
2021/12/03,31.31,32.20,31.06,31.20,5436551,171188960.00
2021/12/06,31.02,31.37,30.42,30.66,3349419,103304464.00
2021/12/07,30.80,30.88,29.86,30.25,3042666,91982104.00
2021/12/08,30.15,30.85,30.15,30.57,2654619,81173400.00
2021/12/09,31.01,31.64,30.59,30.59,3589507,111188048.00
2021/12/10,30.30,30.98,29.95,30.77,2773129,84799616.00
2021/12/13,30.58,31.30,30.18,30.99,2423700,74389136.00
2021/12/14,30.63,31.68,30.50,31.64,3530260,110367904.00
2021/12/15,31.66,33.42,31.31,32.20,5838901,188736320.00
2021/12/16,32.35,32.98,31.73,32.39,4228521,136270560.00
2021/12/17,32.34,34.78,31.42,33.28,7938747,266956016.00
2021/12/20,34.94,35.40,31.90,32.21,6038802,200718032.00
2021/12/21,31.00,31.86,30.35,31.10,4673339,144551552.00
2021/12/22,31.43,31.60,30.68,31.00,2840457,88193664.00
2021/12/23,31.00,31.59,30.35,30.81,2891990,89236576.00
2021/12/24,31.09,31.45,28.78,28.85,3560416,107370344.00
2021/12/27,29.23,29.50,28.23,29.04,1636513,47388428.00
2021/12/28,29.57,29.57,28.88,29.20,1255014,36570740.00
2021/12/29,29.30,29.42,28.65,29.05,1167716,33924156.00
2021/12/30,29.06,29.89,29.06,29.41,1352566,39834276.00
2021/12/31,29.30,30.49,29.02,29.77,1844125,54968524.00
2022/01/04,29.44,29.78,29.40,29.73,1632288,48290780.00
2022/01/05,29.64,29.66,27.39,27.71,3119752,87930552.00
2022/01/06,27.58,28.52,27.54,28.25,1515943,42647956.00
2022/01/07,28.11,28.66,27.58,27.62,1449235,40589352.00
2022/01/10,27.65,28.10,27.14,27.90,1053906,29323286.00
2022/01/11,27.90,28.48,27.71,27.96,1058389,29751268.00
2022/01/12,29.07,29.80,28.63,29.27,3167900,92360408.00
2022/01/13,29.17,29.27,28.22,28.30,2204921,63032088.00
2022/01/14,28.23,28.63,27.80,27.80,1391283,39240196.00
2022/01/17,27.76,28.52,27.68,28.46,1337205,37844204.00
2022/01/18,28.35,29.09,27.75,28.66,2385298,67610264.00
2022/01/19,28.45,28.64,27.90,28.13,1425358,40232176.00
2022/01/20,28.20,28.20,27.00,27.21,1648604,45228320.00
2022/01/21,27.15,27.30,26.10,26.48,1143100,30350092.00
2022/01/24,26.46,26.80,26.11,26.66,591684,15733517.00
2022/01/25,26.45,26.83,25.10,25.15,1119043,28862304.00
2022/01/26,25.34,26.20,25.34,25.56,1230840,31776842.00
2022/01/27,25.93,25.93,24.38,24.45,1312845,32508510.00
2022/01/28,24.53,25.38,24.53,24.96,986596,24650854.00
2022/02/07,25.65,25.85,25.00,25.40,750607,18987166.00
2022/02/08,25.30,25.71,25.11,25.59,588900,14975891.00
2022/02/09,25.29,28.88,25.29,27.20,2660800,71209624.00
2022/02/10,26.92,27.00,26.10,26.30,2095283,55335244.00
2022/02/11,25.80,27.50,25.25,26.51,3370122,88141160.00
2022/02/14,25.99,26.79,25.66,26.56,1903881,50255444.00
2022/02/15,26.41,27.20,26.30,26.85,1996340,53596192.00
2022/02/16,27.02,27.19,26.55,27.08,1904420,51202052.00
2022/02/17,27.08,27.47,26.60,26.90,2079105,56288520.00
2022/02/18,26.51,26.85,26.28,26.69,1496974,39776400.00
2022/02/21,26.50,27.34,26.50,27.23,1682264,45613564.00
2022/02/22,27.30,27.80,26.70,27.47,2762784,75519936.00
2022/02/23,27.47,28.80,27.47,28.20,4047221,114450904.00
2022/02/24,27.98,28.55,27.18,27.58,3616556,101095800.00
2022/02/25,27.87,28.18,27.58,27.74,2089856,58265068.00
2022/02/28,27.42,27.95,27.05,27.24,1578678,43150576.00
2022/03/01,27.55,27.55,27.10,27.55,1264547,34590940.00
2022/03/02,27.22,27.66,27.01,27.66,1235165,33811876.00
2022/03/03,27.67,27.81,26.40,26.54,2121133,57074624.00
2022/03/04,26.79,26.91,25.84,25.94,1631224,43014708.00
2022/03/07,25.85,26.05,25.40,25.58,1135754,29139948.00
2022/03/08,25.07,25.69,24.41,24.63,1550310,38717476.00
2022/03/09,24.63,24.96,22.94,23.75,1755583,42080660.00
2022/03/10,24.28,24.72,24.06,24.30,1274485,31098060.00
2022/03/11,23.99,24.37,23.39,24.27,1089575,26018064.00
2022/03/14,24.27,24.27,23.25,23.25,1038855,24576492.00
2022/03/15,23.13,23.35,22.00,22.00,1337399,30359744.00
2022/03/16,22.23,22.87,21.62,22.66,1158947,25818652.00
2022/03/17,22.86,23.66,22.76,23.30,1499386,34946260.00
2022/03/18,23.56,23.87,23.07,23.67,1295387,30604664.00
2022/03/21,23.67,24.46,23.67,24.27,1253985,30335212.00
2022/03/22,24.11,24.19,23.74,23.90,954145,22851544.00
2022/03/23,24.05,25.03,23.71,24.36,1735985,42308652.00
2022/03/24,24.15,24.37,23.70,23.88,1048601,25125426.00
2022/03/25,24.00,24.24,23.59,23.61,824425,19761098.00
2022/03/28,23.80,23.82,23.09,23.41,688810,16079135.00
2022/03/29,23.68,23.68,22.64,22.78,823379,18945082.00
2022/03/30,22.85,23.33,22.80,22.96,739982,17038072.00
2022/03/31,22.96,23.80,22.65,23.55,1384920,32333436.00
2022/04/01,23.25,23.40,22.40,22.40,1652605,37742908.00
2022/04/06,22.40,23.22,22.38,22.63,963905,21947686.00
2022/04/07,22.57,22.59,22.07,22.38,846592,18867196.00
2022/04/08,22.99,23.35,21.80,21.91,1491447,33453360.00
2022/04/11,21.69,21.70,20.49,20.66,1178863,24715214.00
2022/04/12,20.61,21.05,20.43,21.02,527345,10937950.00
2022/04/13,21.00,21.01,20.22,20.66,623685,12856036.00
2022/04/14,20.68,21.08,20.63,20.72,532500,11092050.00
2022/04/15,20.69,20.69,19.95,20.45,654880,13274980.00
2022/04/18,20.40,20.96,20.05,20.74,564045,11609160.00
2022/04/19,20.73,21.02,20.63,20.89,502470,10459064.00
2022/04/20,20.89,21.20,20.56,20.86,637229,13348419.00
2022/04/21,20.86,21.10,20.06,20.07,822745,16971138.00
2022/04/22,19.81,20.24,19.64,19.90,637416,12722409.00
2022/04/25,19.53,19.69,17.92,17.95,1193173,22359308.00
2022/04/26,18.00,18.36,17.00,17.05,738753,13057524.00
2022/04/27,16.95,17.66,16.30,17.53,1189881,20181470.00
2022/04/28,16.90,17.17,15.68,16.10,1975427,32367396.00
2022/04/29,16.24,17.14,16.24,17.05,1400175,23532110.00
2022/05/05,17.09,17.59,16.90,17.37,940522,16293964.00
2022/05/06,17.00,17.68,16.89,17.34,905005,15686622.00
2022/05/09,17.43,17.87,17.23,17.75,713702,12614818.00
2022/05/10,17.61,18.50,17.50,18.30,1138897,20678484.00
2022/05/11,18.30,19.09,18.16,18.39,1438852,26906532.00
2022/05/12,18.09,18.80,18.08,18.75,991406,18424340.00
2022/05/13,18.59,19.10,18.50,18.73,752630,14091001.00
2022/05/16,18.74,19.18,18.39,18.54,548885,10258169.00
2022/05/17,18.66,18.67,18.08,18.49,731194,13435159.00
2022/05/18,18.55,18.98,18.45,18.61,716666,13439487.00
2022/05/19,18.42,19.12,18.30,19.12,957577,17999224.00
2022/05/20,20.10,20.15,18.44,18.59,3043884,57566992.00
2022/05/23,18.40,19.26,18.35,18.83,1526748,28469350.00
2022/05/24,18.85,18.97,17.31,17.31,1867598,33841136.00
2022/05/25,17.33,18.12,17.33,18.10,1318778,23562192.00
2022/05/26,18.15,18.30,17.50,18.12,1093615,19615154.00
2022/05/27,18.28,19.60,18.01,18.82,2384618,44599712.00
2022/05/30,18.58,18.95,18.30,18.66,1822302,33757632.00
2022/05/31,18.70,18.98,18.12,18.88,1968475,36676932.00
2022/06/01,18.69,19.28,18.69,19.07,1462825,27862324.00
2022/06/02,19.00,19.55,18.91,19.44,1590574,30696586.00
2022/06/06,19.41,20.33,19.40,19.75,1564924,31063960.00
2022/06/07,19.81,19.98,19.28,19.46,1160204,22696642.00
2022/06/08,19.50,19.65,18.90,19.25,1010950,19439184.00
2022/06/09,19.00,19.23,18.27,18.35,1137200,21133166.00
2022/06/10,18.68,18.68,18.35,18.57,686960,12726846.00
2022/06/13,18.38,19.40,18.31,19.25,1683465,32040230.00
2022/06/14,18.96,19.10,18.13,18.61,1752461,32422254.00
2022/06/15,18.61,19.09,18.61,18.83,1526160,28831966.00
2022/06/16,19.00,19.45,18.80,19.29,1782605,34345132.00
2022/06/17,19.18,19.56,18.67,19.21,1369260,26137022.00
2022/06/20,19.35,19.63,18.93,19.48,1229047,23793258.00
2022/06/21,19.35,19.77,19.15,19.55,1170795,22780594.00
2022/06/22,19.60,20.61,19.10,19.30,2873235,56400360.00
2022/06/23,19.07,20.12,19.07,19.87,2454300,48368104.00
2022/06/24,19.87,20.37,19.75,20.30,2086729,41880964.00
2022/06/27,20.26,20.49,20.00,20.07,1401909,28246818.00
2022/06/28,20.23,20.50,19.88,20.49,1638378,33242118.00
2022/06/29,20.46,20.74,19.80,19.90,1462535,29546180.00
2022/06/30,19.90,20.20,19.60,19.71,1157732,22924348.00
2022/07/01,19.85,19.85,19.40,19.50,760553,14885190.00
2022/07/04,19.62,19.62,19.03,19.46,1039510,19950704.00
2022/07/05,19.58,19.58,18.65,18.90,1114439,21132574.00
2022/07/06,18.80,19.16,18.65,18.85,672395,12720109.00
2022/07/07,18.85,19.05,18.73,18.80,555802,10471417.00
2022/07/08,18.79,19.49,18.79,19.02,1108547,21271072.00
2022/07/11,19.12,19.12,18.44,18.61,671165,12515652.00
2022/07/12,18.67,18.69,17.82,17.85,1025100,18519474.00
2022/07/13,17.90,18.24,17.83,18.20,627377,11359127.00
2022/07/14,18.00,18.64,18.00,18.39,810186,14920652.00
2022/07/15,18.50,18.51,17.98,18.20,808390,14767476.00
2022/07/18,18.04,18.67,18.00,18.65,1063730,19675870.00
2022/07/19,18.57,18.91,18.56,18.81,851010,15960468.00
2022/07/20,18.82,19.20,18.76,19.20,785140,14886112.00
2022/07/21,19.88,23.04,19.45,23.04,6792895,150463520.00
2022/07/22,23.22,25.08,22.19,24.02,11915629,281857760.00
2022/07/25,22.16,23.20,22.16,22.55,6221467,140453808.00
2022/07/26,22.61,22.79,21.52,22.35,4795510,105544520.00
2022/07/27,22.11,22.30,21.63,22.30,3844057,84441768.00
2022/07/28,22.35,23.78,21.99,23.21,6641570,153088448.00
2022/07/29,23.00,23.32,22.17,22.17,4666720,105591768.00
2022/08/01,22.19,23.45,21.95,23.33,5455354,125667368.00
2022/08/02,22.66,23.35,21.56,21.99,4634278,103883184.00
2022/08/03,22.59,23.43,21.47,22.26,3752303,83937952.00
2022/08/04,21.80,24.79,21.80,24.76,8443127,200630048.00
2022/08/05,24.55,24.56,23.26,23.49,6616921,157235408.00
2022/08/08,23.49,23.72,22.10,23.62,4495450,102938720.00
2022/08/09,23.02,23.11,22.52,22.87,4160987,94654784.00
2022/08/10,22.70,22.94,22.10,22.70,3748400,84295464.00
2022/08/11,22.33,23.24,22.31,22.59,4571749,104946352.00
2022/08/12,22.65,22.70,21.23,21.24,5298712,116066080.00
2022/08/15,21.88,22.12,21.41,21.64,3175620,69005536.00
2022/08/16,21.59,21.93,21.12,21.53,3230772,69681392.00
2022/08/17,21.51,22.93,21.35,22.59,5783795,129316016.00
2022/08/18,22.29,22.38,21.80,22.14,3528434,78073696.00
2022/08/19,22.00,22.49,20.86,21.04,4213744,90365456.00
2022/08/22,20.53,20.80,20.07,20.20,2721092,55117496.00
2022/08/23,20.25,20.49,19.83,20.34,2159893,43327464.00
2022/08/24,20.37,20.46,19.20,19.34,2356644,46036684.00
2022/08/25,19.27,19.62,18.65,18.92,1694591,32023900.00
2022/08/26,19.05,19.24,18.48,18.52,1270458,23803758.00
2022/08/29,18.56,19.06,18.41,18.94,1304955,24527698.00
2022/08/30,19.00,19.27,18.69,18.93,1459510,27540616.00
2022/08/31,18.97,19.14,18.14,18.30,1623300,29804956.00
2022/09/01,18.17,18.54,17.93,18.02,1215645,21984062.00
2022/09/02,18.02,18.44,17.98,18.27,1382078,25201684.00
2022/09/05,18.49,18.49,17.94,18.15,1312414,23803710.00
2022/09/06,18.16,18.23,17.79,18.00,2278618,40770476.00
2022/09/07,18.06,18.33,17.79,17.95,2579273,46332632.00
2022/09/08,18.04,18.30,17.55,17.58,2438243,43283820.00
2022/09/09,17.62,17.74,17.25,17.31,2287811,39527504.00
2022/09/13,17.32,17.59,17.28,17.42,2076302,35965232.00
2022/09/14,17.22,17.46,17.02,17.42,1443129,24754330.00
2022/09/15,17.48,17.48,16.75,17.06,1915543,32570864.00
2022/09/16,16.93,17.05,16.36,16.36,1730500,28762902.00
2022/09/19,16.37,16.50,15.95,16.08,1585020,25492232.00
2022/09/20,16.10,16.51,16.10,16.33,1269250,20602656.00
2022/09/21,16.46,16.51,15.90,16.47,1401595,22689166.00
2022/09/22,16.39,16.66,16.27,16.53,1382759,22701578.00
2022/09/23,16.46,16.63,15.93,16.11,1491321,24035114.00
2022/09/26,15.93,16.02,15.55,15.59,1433781,22488172.00
2022/09/27,15.62,16.10,15.62,16.07,1432837,22691624.00
2022/09/28,16.05,16.08,15.43,15.43,1309514,20497050.00
2022/09/29,15.64,15.75,15.37,15.45,1285367,19906548.00
2022/09/30,15.61,15.61,15.13,15.14,960000,14629442.00
2022/10/10,15.23,15.25,14.70,14.74,1288614,19116468.00
2022/10/11,14.85,14.85,14.51,14.77,990215,14478495.00
2022/10/12,14.80,15.41,14.68,15.41,1235057,18476704.00
2022/10/13,15.33,15.84,15.30,15.67,1376356,21421312.00
2022/10/14,15.84,16.09,15.81,16.02,1305500,20768924.00
2022/10/17,16.02,16.47,15.91,16.44,1786584,29030622.00
2022/10/18,16.62,19.71,16.62,19.71,8907336,172478816.00
2022/10/19,19.65,19.71,18.16,18.32,13574753,249890336.00
2022/10/20,17.87,18.71,17.76,17.98,8547665,154547936.00
2022/10/21,17.98,18.33,17.21,18.13,7622999,135071296.00
2022/10/24,18.12,18.42,17.66,17.66,5845025,105316000.00
2022/10/25,17.54,17.95,17.21,17.32,4554157,79453472.00
2022/10/26,17.23,18.02,17.23,18.02,5164203,91178936.00
2022/10/27,18.02,18.12,17.59,17.66,4759798,84638120.00
2022/10/28,17.39,18.00,16.87,16.92,4030385,69533024.00
2022/10/31,17.05,17.87,16.95,17.69,4181494,73312344.00
2022/11/01,17.69,17.97,17.47,17.97,4048374,71560264.00
2022/11/02,17.88,18.35,17.80,18.27,5175864,93455704.00
2022/11/03,18.47,18.53,17.89,18.18,4255251,76853264.00
2022/11/04,18.12,18.29,17.87,18.14,3973886,71695696.00
2022/11/07,18.12,18.41,17.98,18.22,3142092,56976172.00
2022/11/08,18.23,19.07,17.77,18.97,7254156,134376400.00
2022/11/09,18.77,18.95,18.48,18.70,4466308,83211424.00
2022/11/10,18.47,18.73,18.17,18.21,3989774,73063008.00
2022/11/11,18.69,18.69,17.95,17.95,3647384,66427012.00
2022/11/14,17.92,18.02,17.36,18.00,2361245,41893280.00
2022/11/15,17.99,18.65,17.87,18.64,4352113,80016112.00
2022/11/16,18.66,19.10,18.57,19.10,6072998,114469464.00
2022/11/17,19.07,19.39,18.68,19.26,4599963,87329032.00
2022/11/18,19.13,19.26,18.55,18.64,3778772,70884192.00
2022/11/21,18.75,18.76,18.39,18.54,2154161,39776908.00
2022/11/22,18.52,19.06,18.43,18.78,3891920,72940312.00
2022/11/23,18.61,18.65,17.65,17.92,3686881,66322296.00
2022/11/24,18.05,18.60,17.94,18.11,2124129,38647300.00
2022/11/25,18.04,18.35,17.53,17.55,2063465,36683504.00
2022/11/28,17.38,17.64,17.23,17.25,1292365,22345480.00
2022/11/29,17.15,17.88,17.15,17.83,1730895,30456912.00
2022/11/30,17.83,17.96,17.44,17.52,1125975,19721488.00
2022/12/01,17.87,18.07,17.56,18.06,1900715,33868240.00
2022/12/02,18.17,18.61,18.06,18.41,3187835,58352680.00
2022/12/05,18.39,18.39,17.99,18.08,2143330,38659588.00
2022/12/06,17.99,18.23,17.88,17.89,1540970,27667604.00
2022/12/07,17.82,17.96,17.57,17.70,1591445,28091044.00
2022/12/08,17.70,18.02,17.38,17.92,1906235,33696896.00
2022/12/09,17.93,17.95,17.45,17.52,2090018,36667960.00
2022/12/12,17.50,18.05,17.40,17.93,1993095,35393256.00
2022/12/13,17.87,17.95,17.46,17.53,1360820,23902976.00
2022/12/14,17.78,18.91,17.77,18.24,5699015,104504696.00
2022/12/15,17.98,19.11,17.97,19.04,6386005,119645024.00
2022/12/16,19.01,19.01,18.28,18.40,3827664,70494560.00
2022/12/19,18.23,19.76,17.87,19.31,8578288,163393056.00
2022/12/20,19.37,20.57,18.65,18.97,8417864,164312016.00
2022/12/21,18.58,18.85,18.10,18.45,5045832,92772816.00
2022/12/22,18.57,18.65,17.16,17.39,5915192,104303560.00
2022/12/23,17.37,18.02,16.38,17.59,5017160,85898960.00
2022/12/26,17.51,20.66,17.49,19.37,11167505,218459392.00
2022/12/27,19.15,20.07,18.94,19.10,7972116,153252688.00
2022/12/28,19.06,19.41,18.59,18.89,5043649,95422264.00
2022/12/29,18.44,18.88,18.27,18.40,4145054,76485200.00
2022/12/30,18.51,19.20,17.84,19.20,6246110,115985392.00
2023/01/03,18.98,19.56,18.65,19.54,5950310,113915760.00
2023/01/04,19.37,19.83,19.12,19.27,5385572,104101064.00
2023/01/05,19.39,19.45,18.90,19.44,4158804,79498256.00
2023/01/06,19.40,19.69,18.83,18.83,4992658,95591784.00
2023/01/09,18.95,19.27,18.74,18.96,2921586,55232380.00
2023/01/10,18.96,19.17,18.57,18.60,2981215,55891240.00
2023/01/11,18.56,18.74,18.01,18.01,3027958,55295108.00
2023/01/12,18.01,18.17,17.77,18.07,2027700,36341588.00
2023/01/13,18.08,18.13,17.67,17.68,1826706,32357074.00
2023/01/16,17.59,18.13,17.58,17.88,1649680,29507894.00
2023/01/17,18.06,18.27,17.89,18.04,1417454,25533148.00
2023/01/18,18.06,18.16,17.90,18.04,1236048,22223018.00
2023/01/19,18.07,18.82,17.97,18.80,3488266,64433044.00
2023/01/20,18.87,18.96,18.59,18.93,2432411,45503516.00
2023/01/30,19.18,19.40,19.00,19.23,3267152,62521728.00
2023/01/31,19.26,19.32,19.01,19.06,2027443,38600700.00
2023/02/01,19.14,19.68,19.06,19.63,3268205,63368668.00
2023/02/02,19.66,20.35,19.55,19.66,3994445,78595112.00
2023/02/03,19.78,19.88,19.38,19.80,2644899,51745676.00
2023/02/06,19.75,20.03,19.67,19.87,2210965,43692484.00
2023/02/07,19.87,20.33,19.76,20.28,3842604,77113792.00
2023/02/08,20.11,20.39,19.75,19.75,3109023,61839472.00
2023/02/09,19.71,20.31,19.67,20.28,3252485,65143304.00
2023/02/10,20.25,20.80,20.21,20.32,3694370,75389024.00
2023/02/13,20.23,20.47,20.06,20.25,2684948,54112784.00
2023/02/14,20.29,20.43,19.86,20.00,2939885,58790708.00
2023/02/15,20.21,20.64,19.97,20.63,4580979,93249448.00
2023/02/16,20.67,20.78,19.57,19.72,4559578,91594096.00
2023/02/17,19.78,20.11,19.39,19.42,2581024,50551112.00
2023/02/20,19.43,19.57,19.03,19.57,2197814,42261800.00
2023/02/21,19.56,19.85,19.28,19.47,1941257,37811496.00
2023/02/22,19.47,20.95,19.32,20.60,8052777,164101792.00
2023/02/23,20.57,20.66,20.10,20.36,4130015,83656488.00
2023/02/24,21.28,22.94,21.27,21.67,13392823,292451328.00
2023/02/27,21.75,21.89,20.30,20.38,9472780,196938608.00
2023/02/28,20.55,20.83,20.01,20.29,5648265,114594296.00
2023/03/01,20.30,20.57,20.00,20.57,4972251,100750832.00
2023/03/02,20.85,21.74,20.75,21.42,9629961,205101728.00
2023/03/03,21.24,21.62,20.67,21.01,6240412,131085848.00
2023/03/06,21.08,21.15,20.54,20.72,4252000,87881760.00
2023/03/07,20.61,20.67,19.60,19.67,4753666,94854488.00
2023/03/08,19.76,21.87,19.65,21.41,10480642,219624576.00
2023/03/09,21.33,21.89,21.08,21.76,9118116,196373744.00
2023/03/10,22.01,24.67,22.01,22.49,13301992,306244608.00
2023/03/13,22.49,22.58,21.53,21.77,8980746,195597472.00
2023/03/14,21.57,21.73,20.99,21.27,5835346,123804984.00
2023/03/15,21.43,23.67,21.29,22.89,12723700,288375776.00
2023/03/16,22.37,22.79,22.13,22.21,8190716,182899872.00
2023/03/17,22.42,22.68,21.83,22.67,7960971,177481536.00
2023/03/20,22.49,22.95,21.97,22.95,6405208,143057632.00
2023/03/21,22.65,24.30,22.37,23.80,9967068,232042656.00
2023/03/22,23.53,24.01,23.17,23.46,7640499,179319472.00
2023/03/23,23.17,25.27,23.15,24.59,11206180,270547648.00
2023/03/24,24.25,25.05,24.02,24.57,9289725,226797264.00
2023/03/27,24.15,24.50,23.37,23.59,7552774,179144384.00
2023/03/28,23.54,23.56,22.52,22.52,6153388,140567712.00
2023/03/29,22.48,22.97,22.41,22.43,4239040,95966368.00
2023/03/30,22.47,22.96,22.17,22.61,4241418,95552808.00
2023/03/31,22.49,22.59,21.52,22.07,4907116,107286352.00
2023/04/03,22.07,22.49,21.98,22.33,3612866,80157304.00
2023/04/04,22.28,24.57,21.97,23.82,10473688,244001984.00
2023/04/06,23.40,26.56,23.40,25.46,12985404,322367040.00
2023/04/07,25.74,26.25,24.68,25.45,10999485,277471904.00
2023/04/10,25.17,25.24,23.83,24.02,6650005,162389088.00
2023/04/11,24.14,24.37,23.61,24.09,4501844,107781216.00
2023/04/12,24.37,24.68,23.99,24.55,6511121,158231280.00
2023/04/13,24.19,24.24,23.23,23.32,5446515,128989200.00
2023/04/14,23.65,23.80,22.98,23.79,3735346,87655616.00
2023/04/17,23.73,23.83,22.87,23.13,3237106,75132536.00
2023/04/18,23.11,23.21,22.07,23.00,3744784,84407632.00
2023/04/19,22.86,23.99,22.73,23.75,4390969,102937936.00
2023/04/20,23.58,24.39,23.58,24.08,4930604,118271504.00
2023/04/21,24.07,24.07,21.99,21.99,5137134,117172928.00
2023/04/24,21.87,22.05,20.62,20.88,4088250,85739664.00
2023/04/25,21.05,21.30,19.52,19.88,4217053,84358496.00
2023/04/26,19.77,20.19,19.22,19.42,3204209,62702116.00
2023/04/27,19.73,20.87,19.73,20.17,4579682,93117536.00
2023/04/28,19.94,21.24,19.87,21.01,3679140,76495416.00
2023/05/04,20.82,21.17,20.34,20.87,2992217,61564536.00
2023/05/05,20.73,21.30,20.64,20.80,2865979,59808600.00
2023/05/08,20.66,21.42,20.66,21.05,2613293,54798184.00
2023/05/09,20.79,21.13,20.38,20.38,2336600,48062028.00
2023/05/10,20.28,20.64,20.02,20.29,1752100,35365540.00
2023/05/11,20.28,21.05,20.28,20.95,2402109,49747232.00
2023/05/12,20.77,21.19,20.51,20.51,2789258,58109856.00
2023/05/15,20.45,21.09,20.45,21.05,2097058,43628888.00
2023/05/16,21.18,21.28,20.67,20.80,2098446,43730708.00
2023/05/17,20.80,21.27,20.80,21.04,1715512,35942320.00
2023/05/18,21.23,21.93,21.03,21.72,3507282,75534896.00
2023/05/19,21.72,22.16,21.64,21.87,2985329,65059032.00
2023/05/22,21.86,22.07,21.73,21.84,2500041,54546344.00
2023/05/23,21.67,21.94,21.38,21.54,1756312,37943928.00
2023/05/24,21.49,22.26,21.38,22.05,2552207,55898372.00
2023/05/25,26.45,26.45,26.45,26.45,9820099,259054208.00
2023/05/26,31.73,31.73,31.73,31.73,1920228,60794420.00
2023/05/29,36.77,38.06,35.93,38.06,15604913,578993152.00
2023/05/30,41.25,45.66,38.97,45.66,34772697,1475578112.00
2023/05/31,45.47,45.47,38.73,39.07,31165483,1297732992.00
2023/06/01,36.07,36.87,34.23,34.24,24426530,860887808.00
2023/06/02,34.57,35.17,33.63,34.24,16609670,572602944.00
2023/06/05,33.60,35.57,33.35,35.06,14715241,512027040.00
2023/06/06,35.07,35.07,31.90,31.97,14960372,492000928.00
2023/06/07,32.23,33.82,31.60,33.28,13213370,434203584.00
2023/06/08,33.33,39.57,33.10,35.99,26511998,966935552.00
2023/06/09,34.07,35.97,33.07,35.06,18123344,616278528.00
2023/06/12,34.76,37.57,34.27,35.45,17198461,622615808.00
2023/06/13,35.47,35.57,33.10,34.75,12745472,433939872.00
2023/06/14,34.55,34.59,33.07,33.71,12172763,410956672.00
2023/06/15,33.95,35.00,33.41,33.75,10690796,363216864.00
2023/06/16,34.17,36.14,32.87,36.08,15641877,540462912.00
2023/06/19,36.17,38.63,35.30,36.69,18908029,695733184.00
2023/06/20,36.07,38.07,35.23,38.01,16202209,597506432.00
2023/06/21,37.25,38.15,35.07,35.07,11882467,434707712.00
2023/06/26,33.09,33.09,30.08,30.66,11533839,365515648.00
2023/06/27,31.13,32.37,31.07,32.24,7813805,246662960.00
2023/06/28,32.25,32.37,29.47,31.13,7655324,234967936.00
2023/06/29,31.06,32.25,30.93,32.17,6748842,214062704.00
2023/06/30,32.28,34.72,31.93,33.19,9296597,309666208.00
2023/07/03,33.46,33.93,32.53,32.87,7214642,238167344.00
2023/07/04,32.22,33.83,32.22,33.39,6462706,214682096.00
2023/07/05,32.88,33.85,32.34,32.47,5759593,190081456.00
2023/07/06,32.20,34.03,32.17,33.50,7983935,266700352.00
2023/07/07,33.18,33.37,31.64,32.22,7431592,239793216.00
2023/07/10,32.71,32.82,31.67,31.95,4964656,158435728.00
2023/07/11,32.30,32.40,31.50,32.27,3904001,124374504.00
2023/07/12,32.08,32.28,30.81,30.84,5668366,177977552.00
2023/07/13,31.31,33.63,31.11,32.95,10465792,341575424.00
2023/07/14,33.13,33.95,32.23,33.57,11786366,388158432.00
2023/07/17,33.23,34.12,32.11,33.60,9872820,327086048.00
2023/07/18,33.62,34.92,32.97,33.05,11159141,377146784.00
2023/07/19,33.48,33.88,31.88,32.12,7312397,237365216.00
2023/07/20,31.78,32.35,30.70,30.87,6460172,201372416.00
2023/07/21,30.99,31.70,29.92,30.02,4511959,137639232.00
2023/07/24,29.99,31.66,29.75,30.99,4591620,141576704.00
2023/07/25,31.17,31.60,30.46,30.86,4891800,150814464.00
2023/07/26,30.62,30.67,29.60,29.65,3880436,115909072.00
2023/07/27,29.35,30.07,28.97,29.07,3053600,89154256.00
2023/07/28,28.82,29.47,28.20,28.24,3646222,103535128.00
2023/07/31,28.32,28.75,27.92,28.37,2605795,73797112.00
2023/08/01,29.65,30.50,26.64,27.58,8610897,238540416.00
2023/08/02,26.62,27.65,26.62,27.56,5007751,136047392.00
2023/08/03,26.97,27.77,26.97,27.20,2984730,81074608.00
2023/08/04,27.22,27.89,27.10,27.52,3617450,99073736.00
2023/08/07,27.53,28.26,27.40,27.96,4436171,123325160.00
2023/08/08,27.96,28.22,27.42,27.62,3499243,96674984.00
2023/08/09,27.43,27.77,27.00,27.11,2895315,78680080.00
2023/08/10,27.28,27.55,26.80,26.92,2335800,63026076.00
2023/08/11,26.95,27.29,26.70,26.72,2235786,60127504.00
2023/08/14,26.60,27.35,26.46,27.35,2902400,77789056.00
2023/08/15,27.87,28.00,26.56,26.95,5188418,140256720.00
2023/08/16,26.65,26.95,26.15,26.31,3678777,97202808.00
2023/08/17,26.42,27.23,26.17,27.14,4446205,118915744.00
2023/08/18,26.96,27.40,26.67,26.68,2994101,80354128.00
2023/08/21,26.52,27.73,26.49,26.92,3926200,106446952.00
2023/08/22,28.00,28.24,26.27,27.28,5142122,138341088.00
2023/08/23,26.90,27.26,26.57,26.90,3481695,93321992.00
2023/08/24,28.22,28.90,26.76,26.83,8262400,225413632.00
2023/08/25,25.58,26.38,24.41,25.22,7433155,188696496.00
2023/08/28,26.43,26.65,24.94,24.97,4525395,116029800.00
2023/08/29,25.01,26.94,25.00,26.92,6537102,171432128.00
2023/08/30,26.90,28.09,26.90,27.58,6156935,168623568.00
2023/08/31,27.36,28.67,27.12,28.04,8329377,233583120.00
2023/09/01,28.44,29.03,27.64,28.08,6557812,184820176.00
2023/09/04,27.80,28.46,27.70,28.43,4932085,138185776.00
2023/09/05,28.20,28.73,27.96,28.04,4374872,123114504.00
2023/09/06,28.04,28.88,27.82,28.80,5252697,148929104.00
2023/09/07,28.43,28.65,27.88,27.91,3561008,100170976.00
2023/09/08,27.85,28.31,27.84,28.04,2917532,81682560.00
2023/09/11,28.03,28.39,27.67,28.16,2709600,75542184.00
2023/09/12,28.27,29.22,27.82,28.67,6025999,171402608.00
2023/09/13,28.19,28.62,27.08,27.59,5695665,156256432.00
2023/09/14,27.50,28.43,27.18,27.35,4137888,114278112.00
2023/09/15,27.54,27.63,26.83,26.90,3342593,90189296.00
2023/09/18,27.08,27.52,26.48,26.52,3022015,81286352.00
2023/09/19,26.77,26.77,25.76,26.02,2910153,75554792.00
2023/09/20,26.27,26.50,25.80,26.02,2191800,57113840.00
2023/09/21,26.38,26.38,25.69,25.88,2024715,52428500.00
2023/09/22,25.71,27.50,25.62,27.50,4047157,107915232.00
2023/09/25,27.25,27.70,26.82,27.45,3804600,103178208.00
2023/09/26,27.69,29.40,27.50,29.32,12404604,353410464.00
2023/09/27,28.58,29.00,27.39,27.67,13113349,363490432.00
2023/09/28,27.62,28.38,27.40,28.06,9702081,270058784.00
2023/10/09,28.87,31.76,28.43,30.28,16613942,504434080.00
2023/10/10,30.32,32.23,30.29,30.44,14521635,450245056.00
2023/10/11,30.52,31.02,29.73,29.99,10085528,302620320.00
2023/10/12,29.64,30.11,29.25,29.40,6211491,182571504.00
2023/10/13,29.60,29.83,29.15,29.52,6789270,199485424.00
2023/10/16,29.75,29.97,28.65,28.87,5590164,161972048.00
2023/10/17,28.57,28.79,27.74,28.62,4377419,123458640.00
2023/10/18,28.44,28.44,25.70,26.56,6402342,168959824.00
2023/10/19,25.98,27.52,25.98,26.77,4768886,128443944.00
2023/10/20,26.77,27.36,25.57,25.63,4103452,106634336.00
2023/10/23,25.27,25.99,24.17,24.38,4190404,103436032.00
2023/10/24,24.80,25.60,24.34,25.50,4229342,105798952.00
2023/10/25,25.77,26.40,25.50,26.18,3396178,87996960.00
2023/10/26,25.88,26.82,25.78,26.71,3879500,102003608.00
2023/10/27,26.50,27.17,26.03,26.48,4060261,107071392.00
2023/10/30,26.04,27.23,26.04,27.22,4085443,108962192.00
2023/10/31,27.22,27.57,26.63,26.80,2746488,74114528.00
2023/11/01,26.68,27.25,26.57,26.78,2354292,62957552.00
2023/11/02,26.71,27.25,26.19,26.26,2132683,56490260.00
2023/11/03,26.25,27.62,26.24,27.60,4182300,113278088.00
2023/11/06,27.78,28.35,27.62,28.16,3388425,94424696.00
2023/11/07,28.17,28.98,28.08,28.96,4083900,116515016.00
2023/11/08,29.02,29.46,28.50,28.79,4066601,116917376.00
2023/11/09,28.79,29.69,28.15,29.53,5755375,165898496.00
2023/11/10,28.81,28.82,27.39,28.23,7972178,224531360.00
2023/11/13,28.42,28.75,28.13,28.42,4793799,135638128.00
2023/11/14,28.33,28.91,28.32,28.84,3389563,96807496.00
2023/11/15,29.12,29.22,28.52,28.73,3076600,88237592.00
2023/11/16,28.73,29.07,28.35,28.48,2368224,67620224.00
2023/11/17,28.38,29.23,28.31,29.19,3782078,108660696.00
2023/11/20,29.12,29.90,28.88,29.70,5123103,150870768.00
2023/11/21,29.57,29.59,28.57,28.68,4224417,121904704.00
2023/11/22,28.47,28.91,28.00,28.19,2725008,76885040.00
2023/11/23,28.20,28.87,28.12,28.52,2197015,62377968.00
2023/11/24,28.62,28.62,27.35,27.40,2634000,72846376.00
2023/11/27,27.42,28.37,27.29,28.13,3289060,91796368.00
2023/11/28,28.22,28.97,27.93,28.45,2782579,78869112.00
2023/11/29,28.44,29.61,28.30,28.50,2714897,77835936.00
2023/11/30,28.47,28.47,27.41,27.95,2399400,66437852.00
2023/12/01,27.91,28.29,27.52,28.12,1714125,47629436.00
2023/12/04,28.12,28.31,27.81,27.81,1909150,53253080.00
2023/12/05,27.70,28.02,26.95,26.99,2185299,59494312.00
2023/12/06,26.99,27.58,26.84,27.05,2017300,54675200.00
2023/12/07,27.17,27.49,26.87,27.20,1765200,47700872.00
2023/12/08,27.12,27.86,27.00,27.61,3084910,84732680.00
2023/12/11,27.47,27.65,26.97,27.46,2501495,67967848.00
2023/12/12,27.46,27.87,27.32,27.55,1878400,51596632.00
2023/12/13,27.71,27.78,27.10,27.37,1526226,41675464.00
2023/12/14,27.53,27.80,27.04,27.06,1349296,36736392.00
2023/12/15,27.06,27.41,26.75,26.81,1325815,35567112.00
2023/12/18,26.83,26.95,26.37,26.42,1323196,35104568.00
2023/12/19,26.95,26.97,26.21,26.80,1527188,40536188.00
2023/12/20,27.02,27.10,26.43,26.50,1651716,44014356.00
2023/12/21,26.42,26.95,25.88,26.80,1780150,46944924.00
2023/12/22,26.75,26.88,26.07,26.20,1573100,41418084.00
2023/12/25,26.07,26.48,25.86,26.14,1587626,41269516.00
2023/12/26,26.38,26.38,25.32,25.48,1314459,33424780.00
2023/12/27,25.55,26.06,25.49,25.98,1183921,30474874.00
2023/12/28,26.02,26.48,25.56,26.17,1644906,42815244.00
2023/12/29,26.27,27.19,26.14,27.14,2082069,55887364.00
2024/01/02,27.32,27.32,26.95,27.12,1514906,40870232.00
2024/01/03,26.98,27.16,26.33,26.54,1383139,36690092.00
2024/01/04,26.90,26.90,26.32,26.52,1249790,32969648.00
2024/01/05,26.59,26.63,25.58,25.80,1140200,29555920.00
2024/01/08,25.68,25.84,25.13,25.13,1303400,32914296.00
2024/01/09,25.38,25.87,25.20,25.37,1436440,36498672.00
2024/01/10,25.36,25.36,24.62,24.84,1363200,33868340.00
2024/01/11,24.90,25.68,24.72,25.54,1558416,39323532.00
2024/01/12,25.52,25.64,24.98,25.06,1211946,30544806.00
2024/01/15,25.15,25.19,24.52,24.86,1297451,32085924.00
2024/01/16,24.91,25.07,24.23,24.63,1380900,33705728.00
2024/01/17,24.82,24.82,23.85,23.85,1304769,31570232.00
2024/01/18,24.17,24.17,23.04,23.65,2205600,51604980.00
2024/01/19,23.74,24.02,23.26,23.35,1296200,30401404.00
2024/01/22,23.43,23.87,21.62,21.90,2061108,46576588.00
2024/01/23,21.92,22.10,21.47,21.72,2141705,46239392.00
2024/01/24,21.81,22.25,20.70,21.74,2308206,49232772.00
2024/01/25,21.69,22.94,21.49,22.92,2275900,50512616.00
2024/01/26,22.76,23.08,22.28,22.39,1723569,38954548.00
2024/01/29,22.38,22.51,21.22,21.28,1878890,40479252.00
2024/01/30,21.22,21.34,20.33,20.40,1820463,37765260.00
2024/01/31,20.72,20.72,18.84,18.87,2439900,47286992.00
2024/02/01,18.87,19.01,17.96,18.53,2891126,52976900.00
2024/02/02,18.89,19.19,16.59,17.28,3233200,56959952.00
2024/02/05,17.27,17.28,14.09,14.37,5711619,84785592.00
2024/02/06,13.72,14.85,12.46,14.36,6830030,92567064.00
2024/02/07,14.46,14.48,13.12,13.28,7248271,97581168.00
2024/02/08,13.10,15.05,13.03,14.85,5640424,77993824.00
2024/02/19,15.62,17.12,15.61,16.33,5357192,87394440.00
数据来源:通达信
