301328 维峰电子 日线 后复权
      日期	    开盘	    最高	    最低	    收盘	    成交量	    成交额
2022/09/08,78.50,99.80,77.00,87.75,10537039,922771264.00
2022/09/09,90.00,95.55,83.02,85.00,7998446,720995136.00
2022/09/13,82.01,82.88,78.70,79.42,5895276,473407264.00
2022/09/14,77.16,82.44,77.06,82.38,4458644,357771488.00
2022/09/15,84.00,87.65,80.29,80.29,5492358,464663648.00
2022/09/16,78.80,84.88,78.20,81.80,4209945,344215904.00
2022/09/19,80.20,80.66,68.80,69.00,5166794,376227648.00
2022/09/20,68.68,72.34,68.65,69.78,3551526,250475424.00
2022/09/21,70.00,73.65,69.11,70.17,2568418,183226736.00
2022/09/22,69.00,72.00,68.97,70.75,2237763,157770384.00
2022/09/23,71.10,73.49,66.89,67.11,2842763,197696592.00
2022/09/26,66.01,67.65,65.17,65.45,2242955,148947184.00
2022/09/27,66.18,67.38,64.33,67.20,2181212,143897632.00
2022/09/28,66.60,67.18,63.50,63.50,1825793,118834984.00
2022/09/29,64.04,65.94,62.77,63.48,1856313,119344904.00
2022/09/30,64.00,65.53,62.33,62.41,1614130,102915600.00
2022/10/10,61.61,62.80,58.58,58.62,1712894,103297792.00
2022/10/11,58.99,59.67,58.62,59.45,949854,56205256.00
2022/10/12,59.29,60.95,56.42,60.95,1897749,112358928.00
2022/10/13,60.00,62.70,59.87,60.12,1676212,102806768.00
2022/10/14,60.87,64.68,60.70,64.45,1967340,123141208.00
2022/10/17,64.00,65.00,62.58,64.01,1599484,101862048.00
2022/10/18,64.20,65.49,62.50,64.88,1746540,111472520.00
2022/10/19,65.08,70.88,65.08,66.70,3374750,228501344.00
2022/10/20,67.13,67.85,63.23,63.36,2616001,168900512.00
2022/10/21,63.03,65.61,62.03,64.05,1810742,115639056.00
2022/10/24,62.22,64.60,62.18,62.81,2050152,129895808.00
2022/10/25,63.00,68.36,61.22,67.56,2810768,183657264.00
2022/10/26,67.90,73.68,67.58,70.83,3428667,244080960.00
2022/10/27,72.18,72.99,69.50,69.59,2016394,143294320.00
2022/10/28,69.21,72.78,68.70,69.45,1768008,125096528.00
2022/10/31,68.00,71.55,67.80,70.55,1575864,110331080.00
2022/11/01,71.00,72.36,68.92,71.60,1696706,120426944.00
2022/11/02,70.98,72.49,70.50,71.60,1815787,130007448.00
2022/11/03,71.35,75.36,71.07,74.48,1959613,145096704.00
2022/11/04,74.31,77.50,73.07,76.34,2134810,161918720.00
2022/11/07,76.24,80.00,75.83,78.56,1785824,139472544.00
2022/11/08,78.00,78.55,76.25,77.28,1230311,95174360.00
2022/11/09,76.88,78.50,75.02,76.60,1098350,84390264.00
2022/11/10,75.80,77.30,74.13,74.60,1158214,87225064.00
2022/11/11,77.00,77.49,71.50,71.95,1767308,130922128.00
2022/11/14,71.03,73.37,71.03,72.80,1051343,76139448.00
2022/11/15,72.81,79.80,72.60,78.72,1794440,138480736.00
2022/11/16,78.80,79.58,76.93,78.50,928591,72576816.00
2022/11/17,79.00,79.00,76.01,78.00,747600,57689180.00
2022/11/18,77.22,78.13,73.88,74.40,1107100,83666536.00
2022/11/21,75.45,75.91,72.57,75.29,753032,55773432.00
2022/11/22,74.50,75.44,71.45,71.46,1100252,80400512.00
2022/11/23,71.60,72.43,68.01,72.06,1188566,83194384.00
2022/11/24,71.98,72.97,71.00,71.50,561765,40342588.00
2022/11/25,71.51,72.11,69.01,69.01,549668,38450636.00
2022/11/28,68.01,70.28,67.20,69.01,692871,47980724.00
2022/11/29,68.23,72.68,68.23,71.15,724825,51756800.00
2022/11/30,71.24,71.99,68.90,69.09,537308,37576116.00
2022/12/01,70.80,74.68,69.00,71.25,1082489,78473376.00
2022/12/02,71.14,77.20,71.00,75.42,1414783,105802104.00
2022/12/05,74.90,76.88,73.88,74.98,723000,54024088.00
2022/12/06,74.20,78.98,74.20,77.03,1071919,82780704.00
2022/12/07,77.16,83.48,77.16,82.10,2204801,178650912.00
2022/12/08,82.02,85.50,80.20,82.88,1645243,136416368.00
2022/12/09,82.60,86.30,82.30,83.28,1658398,139412448.00
2022/12/12,82.04,86.59,81.61,85.06,1773895,150325952.00
2022/12/13,85.45,86.70,84.10,84.78,765703,65127700.00
2022/12/14,86.00,87.39,84.30,84.99,854092,73141280.00
2022/12/15,83.00,87.22,83.00,84.55,969673,82212296.00
2022/12/16,83.81,86.92,83.63,85.28,1010400,86582296.00
2022/12/19,84.20,85.89,83.32,84.27,491342,41544372.00
2022/12/20,84.80,84.80,80.91,81.12,965330,79435768.00
2022/12/21,81.68,82.50,79.00,79.99,816600,65702552.00
2022/12/22,79.92,84.01,78.58,81.91,822818,67280296.00
2022/12/23,81.43,83.29,79.73,82.35,705341,57693012.00
2022/12/26,83.00,83.80,80.00,83.71,857220,70006848.00
2022/12/27,83.00,84.69,81.00,83.34,810090,67135928.00
2022/12/28,82.97,84.49,81.66,83.76,663997,55552028.00
2022/12/29,83.61,86.23,83.36,84.50,702937,59450456.00
2022/12/30,84.29,85.50,80.20,80.60,1366457,111914240.00
2023/01/03,81.60,83.90,79.19,83.62,771714,62992080.00
2023/01/04,83.62,86.36,80.85,81.04,609532,50752604.00
2023/01/05,82.00,82.80,78.94,79.38,1246213,99886960.00
2023/01/06,79.38,83.57,78.38,81.75,896789,73000576.00
2023/01/09,83.00,87.00,79.00,80.70,1042669,85385720.00
2023/01/10,81.09,84.20,79.00,83.92,859473,70923312.00
2023/01/11,83.05,83.92,78.78,78.97,1297866,104123712.00
2023/01/12,78.90,80.20,77.40,80.11,755643,59913276.00
2023/01/13,80.01,87.19,79.40,84.76,1575631,133024184.00
2023/01/16,84.28,88.43,84.00,86.76,992665,85836392.00
2023/01/17,86.76,95.28,85.75,93.87,1899526,173102720.00
2023/01/18,93.88,94.00,87.88,89.00,1365854,122918536.00
2023/01/19,88.98,91.99,87.59,89.65,1089851,97938448.00
2023/01/20,89.65,90.68,87.00,87.66,616100,54101364.00
2023/01/30,88.30,91.88,88.02,91.80,794063,71402720.00
2023/01/31,90.53,90.98,87.44,90.67,602926,53854620.00
2023/02/01,90.49,92.83,88.51,92.40,701262,63881588.00
2023/02/02,91.46,93.16,88.88,89.07,721001,65370376.00
2023/02/03,89.08,90.00,87.70,89.00,656100,58196272.00
2023/02/06,89.00,90.38,86.70,87.90,695649,61000656.00
2023/02/07,87.90,92.88,87.39,89.80,895063,81251216.00
2023/02/08,91.00,93.91,88.60,92.96,848000,77885128.00
2023/02/09,92.95,94.49,91.26,93.44,453830,42255024.00
2023/02/10,93.46,95.10,92.20,92.93,399057,37262200.00
2023/02/13,92.89,94.58,90.75,92.58,607468,56451792.00
2023/02/14,92.12,98.81,92.01,98.70,1252767,121038336.00
2023/02/15,96.78,101.90,96.00,100.29,721078,71438944.00
2023/02/16,99.50,101.53,96.80,96.80,538952,53422276.00
2023/02/17,96.80,98.39,93.60,97.00,603183,57889668.00
2023/02/20,96.28,98.43,94.50,97.60,350600,33855048.00
2023/02/21,97.60,103.00,96.32,101.50,799740,80642056.00
2023/02/22,100.97,102.33,99.19,100.50,403612,40570816.00
2023/02/23,101.00,101.00,94.68,98.48,1259717,122616384.00
2023/02/24,96.61,98.37,95.41,97.31,272793,26479220.00
2023/02/27,97.14,98.09,95.05,95.25,429000,41216456.00
2023/02/28,96.00,96.62,92.62,93.57,448462,42035256.00
2023/03/01,93.71,93.71,91.00,92.02,399993,36804544.00
2023/03/02,91.69,92.91,90.72,91.14,286000,26137456.00
2023/03/03,91.93,92.91,89.65,91.23,477162,43478084.00
2023/03/06,91.00,92.88,89.98,92.40,382733,35070484.00
2023/03/07,92.38,95.90,89.20,95.30,979777,91701624.00
2023/03/08,94.10,94.57,89.99,93.08,1100794,100940368.00
2023/03/09,92.77,93.52,91.00,91.09,540036,49643648.00
2023/03/10,91.37,93.41,90.01,91.04,442979,40521048.00
2023/03/13,90.21,91.91,88.00,88.87,525556,47379484.00
2023/03/14,88.43,89.45,86.89,88.29,595403,52347392.00
2023/03/15,88.39,92.00,87.80,90.94,569038,51338648.00
2023/03/16,90.07,90.87,85.68,87.80,723451,63357664.00
2023/03/17,88.66,88.66,83.31,83.35,837596,71221072.00
2023/03/20,83.87,85.28,80.18,83.59,778783,64763264.00
2023/03/21,83.59,84.58,81.80,83.28,637270,53042088.00
2023/03/22,83.80,84.49,82.80,83.94,523465,43817560.00
2023/03/23,83.65,85.80,83.12,84.19,472834,39919004.00
2023/03/24,84.22,85.45,81.88,82.16,513437,42677620.00
2023/03/27,82.16,83.03,81.45,82.00,314075,25807758.00
2023/03/28,81.90,83.44,81.30,82.73,434888,35929828.00
2023/03/29,82.95,84.80,81.26,81.26,530872,43865696.00
2023/03/30,81.26,82.50,81.00,81.77,359954,29451310.00
2023/03/31,81.91,83.57,81.70,83.49,271664,22553456.00
2023/04/03,84.60,84.60,81.71,82.10,451077,37084620.00
2023/04/04,81.71,82.08,78.74,79.10,668126,53195696.00
2023/04/06,79.09,79.45,77.00,78.87,432782,33851104.00
2023/04/07,78.87,82.36,78.86,82.00,763895,62025316.00
2023/04/10,82.06,84.76,81.30,82.48,686875,57012548.00
2023/04/11,83.00,84.78,81.95,82.70,586585,48819544.00
2023/04/12,82.55,84.19,82.46,83.21,476759,39693176.00
2023/04/13,83.97,83.99,82.51,82.75,432688,35927204.00
2023/04/14,83.50,86.29,82.80,85.95,647344,55038952.00
2023/04/17,86.49,91.20,86.01,88.40,949200,84340752.00
2023/04/18,88.40,89.96,87.02,87.88,398809,35319108.00
2023/04/19,87.59,88.23,85.39,86.11,455400,39398868.00
2023/04/20,85.86,86.35,85.00,85.32,279548,23891864.00
2023/04/21,84.87,85.55,82.03,83.88,430980,36189140.00
2023/04/24,82.58,83.50,80.55,81.51,391527,31964434.00
2023/04/25,82.00,83.81,73.58,75.57,1018112,79198216.00
2023/04/26,77.56,81.76,74.16,81.42,1190084,93166968.00
2023/04/27,81.00,85.00,76.76,84.55,1161776,93634584.00
2023/04/28,84.48,84.92,82.02,83.13,600947,49914048.00
2023/05/04,83.00,85.00,82.14,83.41,455038,38078136.00
2023/05/05,83.70,83.88,81.58,82.83,444838,36702616.00
2023/05/08,82.82,85.01,81.88,82.80,332562,27738564.00
2023/05/09,83.27,83.27,77.70,78.26,634162,50244148.00
2023/05/10,78.83,78.83,74.40,76.46,515297,39139596.00
2023/05/11,76.35,76.80,75.17,75.75,268966,20463378.00
2023/05/12,75.68,76.12,73.30,73.41,401829,29866448.00
2023/05/15,73.22,74.94,73.01,74.79,211279,15693179.00
2023/05/16,74.84,80.80,74.51,79.97,815381,63945220.00
2023/05/17,78.81,80.50,78.29,79.84,383685,30449640.00
2023/05/18,79.85,80.46,78.90,79.80,264618,21039320.00
2023/05/19,79.10,81.99,79.05,80.37,492645,39725176.00
2023/05/22,81.37,81.81,79.50,80.30,485057,38998496.00
2023/05/23,80.23,81.00,79.12,79.15,457559,36524700.00
2023/05/24,79.00,82.67,78.48,81.98,630734,51308776.00
2023/05/25,81.50,83.25,80.62,81.85,587391,48145820.00
2023/05/26,81.50,81.71,79.73,80.87,617896,33017100.00
2023/05/29,81.49,81.49,77.42,77.86,1167067,60671812.00
2023/05/30,77.86,78.50,75.86,76.88,1064709,54299540.00
2023/05/31,77.63,77.99,75.65,77.18,742702,37618784.00
2023/06/01,76.99,76.99,75.17,76.18,833687,41918292.00
2023/06/02,76.18,78.23,75.50,77.50,786746,40223260.00
2023/06/05,77.36,79.85,77.05,78.74,739603,38562976.00
2023/06/06,78.77,79.30,75.65,75.65,609826,31086090.00
2023/06/07,75.74,77.00,74.75,77.00,541271,27231284.00
2023/06/08,76.67,77.09,75.17,75.20,501252,25236082.00
2023/06/09,74.86,75.91,73.94,75.16,508915,25211270.00
2023/06/12,75.17,77.66,74.87,76.78,520660,26386312.00
2023/06/13,76.10,77.90,75.79,77.90,491309,25078574.00
2023/06/14,77.54,78.22,76.60,76.78,449246,22942328.00
2023/06/15,77.03,80.68,76.54,79.55,1147655,60130144.00
2023/06/16,80.89,80.95,78.85,80.53,750902,39850768.00
2023/06/19,80.53,84.65,80.03,84.22,1443791,79774824.00
2023/06/20,84.25,87.14,82.18,86.77,1503944,84521440.00
2023/06/21,86.30,87.58,84.11,85.07,1001230,56688184.00
2023/06/26,84.10,85.22,83.08,84.02,916279,50971284.00
2023/06/27,84.04,84.07,80.15,80.44,1233302,66721816.00
2023/06/28,80.36,81.73,77.75,80.69,1110761,58508828.00
2023/06/29,83.47,95.00,83.47,87.07,4345621,255839792.00
2023/06/30,85.36,88.45,85.36,85.91,2543169,145480560.00
2023/07/03,85.25,89.41,83.68,84.13,2444946,139305520.00
2023/07/04,84.52,85.73,83.17,85.18,1391357,78084520.00
2023/07/05,85.06,92.60,84.34,88.27,3553704,209961168.00
2023/07/06,88.42,99.19,85.43,94.72,4364191,265305168.00
2023/07/07,94.97,95.00,90.26,90.74,3286004,200534992.00
2023/07/10,93.83,95.18,89.54,90.95,3191077,194850480.00
2023/07/11,91.10,91.93,89.00,90.76,2240223,134257136.00
2023/07/12,90.50,94.75,89.32,93.52,3128294,191899648.00
2023/07/13,92.18,93.41,90.20,90.85,2000755,120777384.00
2023/07/14,92.00,92.05,89.45,90.62,1285662,77185368.00
2023/07/17,93.20,93.20,85.07,85.07,1841554,107153384.00
2023/07/18,85.55,85.97,82.94,83.75,1335198,74413880.00
2023/07/19,84.17,84.28,81.68,82.40,1056419,57847340.00
2023/07/20,82.10,82.64,77.75,78.28,1830565,96308720.00
2023/07/21,78.50,78.50,75.20,75.68,1347100,68341200.00
2023/07/24,75.50,77.60,74.15,77.00,972221,49173392.00
2023/07/25,77.35,79.55,77.35,78.37,945720,49051408.00
2023/07/26,77.87,80.87,77.87,79.42,995510,52539500.00
2023/07/27,79.82,79.82,78.10,78.43,506574,26431684.00
2023/07/28,79.00,82.00,76.72,81.80,1186429,62665764.00
2023/07/31,80.63,81.95,79.48,80.12,1070590,57118184.00
2023/08/01,79.72,80.33,77.92,78.38,457886,23908512.00
2023/08/02,77.95,81.04,77.75,79.00,929349,48966084.00
2023/08/03,78.50,79.55,77.99,78.73,337863,17642470.00
2023/08/04,79.25,80.00,77.30,78.68,994524,51813884.00
2023/08/07,79.46,79.46,77.27,77.56,674011,34714188.00
2023/08/08,77.75,78.76,77.27,77.56,349701,18039262.00
2023/08/09,77.17,77.83,75.46,75.55,601607,30337624.00
2023/08/10,76.55,76.55,75.17,75.50,408344,20451328.00
2023/08/11,75.35,76.01,74.45,74.45,448077,22354352.00
2023/08/14,74.30,75.44,72.50,75.35,628590,30769916.00
2023/08/15,75.31,75.31,72.98,73.57,527384,25796362.00
2023/08/16,73.54,74.54,70.63,70.70,638150,30464410.00
2023/08/17,70.69,73.79,69.88,73.40,866056,41471892.00
2023/08/18,73.40,74.36,72.64,72.74,552695,26968528.00
2023/08/21,72.76,73.40,72.23,72.67,440503,21240860.00
2023/08/22,72.68,74.56,70.51,72.35,561779,26765808.00
2023/08/23,71.68,72.16,69.85,71.27,368900,17383612.00
2023/08/24,71.41,72.95,69.95,71.98,496763,23546650.00
2023/08/25,72.32,72.32,68.72,69.13,976808,45036016.00
2023/08/28,72.55,73.82,69.58,69.88,901387,42832272.00
2023/08/29,70.06,77.18,69.07,75.82,1631878,80614256.00
2023/08/30,75.34,79.24,75.29,78.67,1231202,63651052.00
2023/08/31,78.28,79.21,77.05,78.31,935027,48373100.00
2023/09/01,78.32,79.99,77.09,78.32,684903,35410756.00
2023/09/04,78.23,78.61,76.25,77.38,630577,32245608.00
2023/09/05,77.18,78.65,77.03,77.47,452531,23313284.00
2023/09/06,77.14,79.78,76.67,79.67,761451,39730764.00
2023/09/07,79.30,79.30,76.42,76.70,618224,31781112.00
2023/09/08,76.70,77.24,75.52,77.00,437962,22205432.00
2023/09/11,76.70,79.25,75.59,78.14,651322,33591480.00
2023/09/12,78.68,78.92,76.73,78.26,434690,22449528.00
2023/09/13,78.61,78.74,75.67,77.02,644077,33020638.00
2023/09/14,77.03,77.17,75.20,75.85,395850,19889232.00
2023/09/15,76.27,76.93,74.93,75.49,343933,17228998.00
2023/09/18,75.13,80.00,74.35,77.41,769085,39721764.00
2023/09/19,77.41,77.41,74.36,74.54,551568,27433994.00
2023/09/20,72.58,74.92,72.58,72.80,477668,23206104.00
2023/09/21,72.74,74.15,71.99,73.25,577418,27922304.00
2023/09/22,71.18,76.33,71.18,76.22,613400,30467108.00
2023/09/25,77.24,77.54,74.05,74.47,607364,30141652.00
2023/09/26,74.87,74.87,72.98,73.09,547062,26715016.00
2023/09/27,73.18,74.54,72.64,72.97,366150,17823492.00
2023/09/28,72.88,74.11,72.38,73.60,474887,23043198.00
2023/10/09,73.46,74.35,72.37,73.16,396732,19241796.00
2023/10/10,73.27,73.82,72.34,72.53,410886,19840472.00
2023/10/11,72.56,74.30,72.22,73.60,524836,25505292.00
2023/10/12,73.69,75.01,73.10,74.98,609200,29943576.00
2023/10/13,74.60,74.62,71.75,73.07,598000,28935926.00
2023/10/16,72.92,73.06,70.33,71.06,726750,34169644.00
2023/10/17,71.17,71.53,70.19,70.49,340075,15887758.00
2023/10/18,70.67,70.78,68.80,69.08,386926,17754326.00
2023/10/19,67.16,70.60,67.16,68.75,501005,22976236.00
2023/10/20,68.75,69.79,67.54,67.57,401190,18122792.00
2023/10/23,67.21,67.96,65.42,66.04,324250,14238979.00
2023/10/24,66.04,68.20,65.44,67.45,360150,16004792.00
2023/10/25,68.35,68.44,64.27,65.69,1028387,44717208.00
2023/10/26,65.06,66.95,64.39,66.70,616278,26767214.00
2023/10/27,66.19,69.26,65.60,68.65,641263,28712366.00
2023/10/30,68.87,71.99,67.72,71.21,1082422,50356720.00
2023/10/31,71.71,71.71,69.02,69.76,533183,24706416.00
2023/11/01,69.77,70.48,67.49,68.11,731700,33144814.00
2023/11/02,68.75,68.75,66.56,66.64,576950,25688890.00
2023/11/03,68.45,72.16,67.90,71.03,1389428,64661112.00
2023/11/06,70.78,73.97,70.27,73.78,1226237,58793292.00
2023/11/07,74.48,75.65,72.79,75.04,921252,45379816.00
2023/11/08,74.93,76.52,74.20,75.89,1006800,50375780.00
2023/11/09,75.53,78.97,75.05,77.42,1269190,64867624.00
2023/11/10,76.94,79.24,76.40,78.50,1068982,55352472.00
2023/11/13,79.07,79.28,77.15,78.77,850150,43948744.00
2023/11/14,79.25,79.25,77.45,78.28,445662,23117364.00
2023/11/15,80.80,80.80,77.45,77.81,717791,37225816.00
2023/11/16,77.81,78.59,76.85,77.15,586308,30155592.00
2023/11/17,77.02,80.18,76.85,79.63,870919,45562308.00
2023/11/20,80.35,82.48,79.30,81.20,1001235,53768592.00
2023/11/21,81.25,81.31,78.88,79.63,612374,32433476.00
2023/11/22,79.63,79.84,78.29,78.29,441097,23037964.00
2023/11/23,78.71,79.34,77.78,78.83,435650,22703118.00
2023/11/24,78.83,78.88,76.33,77.11,480022,24528524.00
2023/11/27,77.09,78.20,75.58,77.48,392391,20108756.00
2023/11/28,78.71,78.74,76.36,78.10,250142,12914844.00
2023/11/29,78.08,92.00,77.75,89.00,3668721,209012496.00
2023/11/30,93.50,96.50,86.68,90.80,5270866,322545600.00
2023/12/01,89.66,91.72,84.50,87.50,4284252,248936688.00
2023/12/04,86.86,86.90,81.82,82.43,2893827,159537168.00
2023/12/05,82.46,82.93,77.77,77.86,2337857,124205984.00
2023/12/06,77.30,81.34,76.01,76.84,2161001,111648536.00
2023/12/07,75.71,78.17,75.71,77.98,1362466,69558784.00
2023/12/08,77.83,80.23,77.00,78.95,1359700,71193680.00
2023/12/11,78.34,78.50,74.92,77.90,2069300,104725144.00
2023/12/12,77.60,80.15,77.00,77.38,1060886,54965328.00
2023/12/13,77.39,81.50,75.50,78.37,1764317,92453320.00
2023/12/14,78.59,79.64,76.82,77.15,1069483,55305532.00
2023/12/15,77.90,77.90,73.88,74.45,1303300,64896984.00
2023/12/18,74.33,75.76,73.22,74.86,1095299,53705052.00
2023/12/19,75.28,75.98,73.13,75.32,939693,46417704.00
2023/12/20,75.52,77.57,74.95,75.82,934120,47291480.00
2023/12/21,75.50,75.86,73.37,74.80,716610,35336660.00
2023/12/22,74.65,76.66,73.57,74.48,933757,46541304.00
2023/12/25,74.02,75.65,72.98,73.22,832556,40698884.00
2023/12/26,73.66,73.84,70.66,71.08,782906,37195836.00
2023/12/27,70.97,73.28,70.97,72.77,880608,42335184.00
2023/12/28,72.50,74.72,72.19,73.36,1043376,50882240.00
2023/12/29,73.60,75.20,72.67,73.94,1700054,83006504.00
2024/01/02,74.00,74.42,72.22,73.69,1445545,70054320.00
2024/01/03,73.40,73.54,71.60,72.46,1170970,56136680.00
2024/01/04,72.50,72.88,71.44,71.45,737322,35212256.00
2024/01/05,71.90,73.00,69.28,69.94,1170589,55076992.00
2024/01/08,69.91,70.36,67.72,67.78,845743,38473128.00
2024/01/09,68.00,69.65,67.45,68.35,713722,32384156.00
2024/01/10,68.53,68.53,66.20,66.79,532500,23672098.00
2024/01/11,67.22,68.24,66.22,67.96,728072,32440732.00
2024/01/12,67.96,68.75,66.65,66.67,698100,31186022.00
2024/01/15,66.59,68.30,65.75,67.64,723550,32232714.00
2024/01/16,67.84,69.25,65.84,66.50,771469,34338764.00
2024/01/17,66.92,67.16,65.00,65.00,426981,18600056.00
2024/01/18,64.36,65.51,62.02,64.03,1076700,45105492.00
2024/01/19,63.89,64.43,62.24,62.24,569590,23738210.00
2024/01/22,62.30,62.74,56.84,57.31,814150,32109848.00
2024/01/23,57.91,57.91,56.00,56.89,798110,29924942.00
2024/01/24,57.04,58.81,55.06,58.55,1034936,38991204.00
2024/01/25,58.55,61.45,57.35,60.80,1074550,42340016.00
2024/01/26,60.80,61.07,58.63,58.93,550400,21698870.00
2024/01/29,59.12,59.65,56.80,57.05,802000,30578778.00
2024/01/30,57.05,57.29,54.80,54.94,597213,22112322.00
2024/01/31,55.70,55.70,51.50,51.53,689609,24177422.00
2024/02/01,51.29,53.26,50.29,52.19,918117,31473806.00
2024/02/02,52.25,52.85,46.57,48.07,1125309,36591480.00
2024/02/05,47.11,48.44,41.29,44.05,1343373,38980396.00
2024/02/06,43.54,47.68,40.12,45.53,1649301,47234480.00
2024/02/07,45.68,47.18,43.91,45.22,1875480,56075880.00
2024/02/08,45.17,54.14,44.44,54.07,2054038,67759024.00
2024/02/19,53.80,56.86,53.29,54.10,913792,33242950.00
数据来源:通达信
