300857 协创数据 日线 后复权
      日期	    开盘	    最高	    最低	    收盘	    成交量	    成交额
2020/07/27,12.28,13.39,12.28,13.39,109800,1469667.00
2020/07/28,14.73,14.73,14.73,14.73,15878,233882.94
2020/07/29,16.20,16.20,16.20,16.20,21065,341253.00
2020/07/30,17.82,17.82,17.82,17.82,32200,573804.00
2020/07/31,19.60,19.60,19.60,19.60,75029,1470568.38
2020/08/03,21.56,21.56,21.56,21.56,36400,784784.00
2020/08/04,23.72,23.72,23.72,23.72,149215,3539379.75
2020/08/05,26.09,26.09,26.09,26.09,298462,7786873.50
2020/08/06,28.70,28.70,28.70,28.70,48200,1383340.00
2020/08/07,31.57,31.57,31.57,31.57,297812,9401925.00
2020/08/10,34.73,34.73,34.73,34.73,565934,19654888.00
2020/08/11,38.20,38.20,38.20,38.20,312546,11939257.00
2020/08/12,42.02,42.02,42.02,42.02,1372059,57653920.00
2020/08/13,46.22,46.22,46.22,46.22,989455,45732612.00
2020/08/14,43.99,43.99,41.60,41.60,24616011,1045868672.00
2020/08/17,38.21,39.67,37.50,38.92,20564972,792173504.00
2020/08/18,38.51,39.95,37.82,38.17,14705984,570279808.00
2020/08/19,37.68,38.69,37.20,37.40,10537859,398809792.00
2020/08/20,36.68,36.95,34.91,35.75,11898071,425786144.00
2020/08/21,36.10,39.33,36.08,39.33,18349587,699472000.00
2020/08/24,37.00,39.15,36.05,37.98,14727224,555012800.00
2020/08/25,37.24,45.58,37.24,45.58,28568302,1224157824.00
2020/08/26,47.00,50.50,44.03,44.40,30841180,1472626048.00
2020/08/27,45.01,47.95,41.60,42.32,26448599,1180526080.00
2020/08/28,42.03,43.52,38.33,41.18,20586779,834355200.00
2020/08/31,40.32,42.59,39.52,42.40,17391944,715254272.00
2020/09/01,41.28,41.87,39.80,40.50,12598119,513616992.00
2020/09/02,40.32,41.98,39.33,41.22,13414417,545137472.00
2020/09/03,40.71,40.71,37.20,37.22,13808703,535563680.00
2020/09/04,35.60,37.89,35.36,37.11,6734754,246909344.00
2020/09/07,37.20,38.12,36.56,37.11,6307664,236129888.00
2020/09/08,37.18,37.85,36.02,37.49,6193828,230174272.00
2020/09/09,36.85,39.59,36.44,37.42,9635469,369433696.00
2020/09/10,37.80,39.49,33.32,34.40,10742440,397130400.00
2020/09/11,32.50,34.86,32.01,34.29,7811189,260064080.00
2020/09/14,34.21,35.60,34.13,34.91,6932384,242041552.00
2020/09/15,34.60,36.66,34.30,35.60,6862777,244802544.00
2020/09/16,35.03,37.45,34.44,37.08,9519897,345581120.00
2020/09/17,36.66,40.49,36.28,37.54,13943676,534083136.00
2020/09/18,36.53,39.50,36.53,37.93,9530759,362843680.00
2020/09/21,37.62,38.32,36.61,36.69,6720498,250928128.00
2020/09/22,36.60,37.88,36.20,36.50,5580716,206274240.00
2020/09/23,36.16,37.70,36.16,37.07,5674428,210349312.00
2020/09/24,36.60,37.15,35.22,35.57,6103121,220429216.00
2020/09/25,35.95,36.27,34.88,35.06,4104140,145238912.00
2020/09/28,35.01,35.60,34.76,34.89,2718179,95566464.00
2020/09/29,35.00,35.49,33.90,35.41,3980722,139245392.00
2020/09/30,35.29,35.60,34.52,34.65,2894279,101488888.00
2020/10/09,35.60,36.29,35.33,35.90,3471425,124155216.00
2020/10/12,36.63,37.89,36.36,37.74,7687278,286381216.00
2020/10/13,37.60,37.60,36.71,37.35,5267120,195762736.00
2020/10/14,37.50,40.79,37.01,38.94,12309141,478459264.00
2020/10/15,38.44,38.94,36.86,36.89,7802535,292917376.00
2020/10/16,36.70,37.87,36.64,37.56,5169816,193053360.00
2020/10/19,37.57,38.51,36.82,37.03,4669063,175813376.00
2020/10/20,37.86,44.07,37.86,41.64,19326781,797121856.00
2020/10/21,40.09,41.14,38.75,39.63,13754242,546543296.00
2020/10/22,39.20,40.29,38.55,39.78,9122493,361655744.00
2020/10/23,39.65,40.35,36.89,37.14,10706244,410990976.00
2020/10/26,36.50,38.50,35.00,38.37,8387012,312962368.00
2020/10/27,38.00,38.85,37.42,38.38,5275941,201664832.00
2020/10/28,37.41,38.36,36.67,37.88,5796372,217316176.00
2020/10/29,36.96,37.65,36.03,36.11,5702246,209821744.00
2020/10/30,36.22,37.37,35.15,35.15,4903330,178288080.00
2020/11/02,35.04,36.35,35.00,36.15,3447587,122893040.00
2020/11/03,36.01,38.77,36.00,38.40,7270770,274128704.00
2020/11/04,40.21,42.20,37.80,38.95,12713652,504476896.00
2020/11/05,39.31,41.88,39.31,41.06,14022242,567844736.00
2020/11/06,40.44,40.74,38.63,39.60,9593968,378760352.00
2020/11/09,39.99,41.73,39.37,40.82,11225660,457420672.00
2020/11/10,40.00,43.52,39.00,42.40,15062150,628737728.00
2020/11/11,41.56,42.02,39.80,41.62,10520325,429105344.00
2020/11/12,41.00,41.60,38.69,39.22,7913513,315111040.00
2020/11/13,38.20,39.69,38.01,38.65,4735822,183564912.00
2020/11/16,39.00,39.70,38.17,38.85,4320199,167595056.00
2020/11/17,38.60,38.94,36.36,37.16,5855534,217688016.00
2020/11/18,36.70,37.81,36.63,37.33,3333310,124635280.00
2020/11/19,37.15,37.82,36.81,37.71,3163600,118767416.00
2020/11/20,37.65,38.27,37.20,37.50,3546898,133571024.00
2020/11/23,37.61,37.87,36.91,37.10,3389132,126229088.00
2020/11/24,37.37,38.06,37.03,37.67,3237478,121519496.00
2020/11/25,37.78,37.96,36.00,36.15,3953598,145679072.00
2020/11/26,35.90,36.58,35.63,36.19,2276003,82162416.00
2020/11/27,36.61,36.62,35.31,35.67,2505619,89675488.00
2020/11/30,35.90,36.42,35.40,36.05,2404516,86637504.00
2020/12/01,36.39,37.57,36.39,37.19,3297462,122525544.00
2020/12/02,37.20,37.48,36.90,37.26,2755589,102501808.00
2020/12/03,37.06,37.17,36.45,36.55,2456627,90320096.00
2020/12/04,36.55,36.95,35.90,36.00,2250016,81643048.00
2020/12/07,36.15,36.83,35.88,36.40,2054168,74802928.00
2020/12/08,36.26,36.50,35.60,35.62,1910592,68773576.00
2020/12/09,35.64,35.84,33.66,33.72,4222607,145672384.00
2020/12/10,33.34,34.21,33.30,33.70,1602204,54238288.00
2020/12/11,33.98,33.98,32.03,32.52,2860809,93458464.00
2020/12/14,32.61,33.17,32.40,32.79,1380227,45248012.00
2020/12/15,32.80,33.03,32.50,32.55,1235450,40351812.00
2020/12/16,32.72,32.82,30.81,31.02,2577593,81439824.00
2020/12/17,31.07,31.45,29.58,31.28,3163902,96586928.00
2020/12/18,31.21,31.43,30.58,30.63,1699420,52628932.00
2020/12/21,30.63,31.07,30.19,30.31,1777044,54277724.00
2020/12/22,30.19,31.15,29.60,29.81,2667206,80781744.00
2020/12/23,29.89,30.24,29.30,29.48,2016689,59730116.00
2020/12/24,29.39,29.46,27.86,28.07,2856649,81415448.00
2020/12/25,27.95,28.93,27.95,28.82,1823199,52235136.00
2020/12/28,28.79,28.85,28.02,28.28,1762381,49779060.00
2020/12/29,28.29,29.50,28.16,28.50,2020202,58160464.00
2020/12/30,28.53,28.92,28.18,28.68,1477333,42232188.00
2020/12/31,28.67,29.85,28.51,29.53,2227996,65477904.00
2021/01/04,29.40,30.30,29.30,29.93,2363818,70333136.00
2021/01/05,29.81,29.84,28.92,29.42,2011147,59084600.00
2021/01/06,29.22,29.52,28.10,28.13,2453163,69936552.00
2021/01/07,28.15,28.23,26.10,26.27,3387284,90916152.00
2021/01/08,26.27,27.06,25.68,25.97,2151559,56687452.00
2021/01/11,26.16,26.47,25.00,25.00,2498221,63816736.00
2021/01/12,25.09,26.00,24.90,25.33,1687654,42802028.00
2021/01/13,25.25,25.72,24.00,24.19,2773320,67921240.00
2021/01/14,24.28,25.48,23.70,25.18,3009009,74411336.00
2021/01/15,24.93,26.68,24.80,26.46,3673370,95950680.00
2021/01/18,26.22,26.88,26.04,26.25,2291839,60406828.00
2021/01/19,25.98,27.15,25.93,26.58,2444252,65367760.00
2021/01/20,26.55,26.87,26.25,26.60,1501945,39824000.00
2021/01/21,26.51,26.69,25.94,26.27,1671354,43984280.00
2021/01/22,26.37,26.37,25.50,25.81,1792396,46348388.00
2021/01/25,25.79,26.35,25.13,26.33,2124295,54821612.00
2021/01/26,26.29,28.34,25.90,27.33,3236177,88424736.00
2021/01/27,27.19,29.47,26.38,28.93,4933570,139989888.00
2021/01/28,28.50,29.29,27.41,27.45,2903925,82309976.00
2021/01/29,27.66,28.56,27.24,28.06,2562275,71535128.00
2021/02/01,27.51,28.96,27.51,28.30,2931975,83188160.00
2021/02/02,28.00,28.69,26.75,26.82,2827975,77429744.00
2021/02/03,26.65,26.77,25.33,25.46,2500450,64883128.00
2021/02/04,25.46,26.09,24.35,24.62,2093362,52528164.00
2021/02/05,24.62,25.25,23.75,23.81,1547749,37871968.00
2021/02/08,24.00,24.19,23.10,23.68,1352243,31809704.00
2021/02/09,23.71,24.20,23.30,24.08,1105021,26349618.00
2021/02/10,23.83,24.35,23.83,24.01,1025097,24651628.00
2021/02/18,24.44,25.79,24.28,25.68,2282159,57390396.00
2021/02/19,25.55,26.98,25.17,26.77,2081400,54461448.00
2021/02/22,26.80,27.35,26.17,26.21,1963750,52556468.00
2021/02/23,26.02,26.36,25.84,26.06,1064187,27745468.00
2021/02/24,26.11,26.81,25.74,26.24,1508300,39694700.00
2021/02/25,26.85,27.50,26.51,26.91,2255496,60944988.00
2021/02/26,26.46,27.26,26.43,26.60,1403000,37735272.00
2021/03/01,26.47,27.12,26.47,27.06,1333146,35855728.00
2021/03/02,27.40,27.48,26.28,26.70,1570268,41773596.00
2021/03/03,26.52,27.12,26.27,26.79,1459277,38927896.00
2021/03/04,26.70,26.94,25.60,25.66,1591821,41586076.00
2021/03/05,25.74,27.38,25.55,26.98,2352334,63178244.00
2021/03/08,27.03,28.09,27.00,27.10,2642575,72802256.00
2021/03/09,27.07,27.37,25.81,26.05,1533304,40498268.00
2021/03/10,26.31,26.45,25.28,25.53,1153484,29609194.00
2021/03/11,28.00,28.36,26.22,26.34,1979214,53159900.00
2021/03/12,26.39,26.85,25.88,26.67,1318611,34793312.00
2021/03/15,26.36,26.59,25.95,26.10,1001021,26209442.00
2021/03/16,26.20,27.16,26.20,26.94,1410577,37815452.00
2021/03/17,27.55,29.41,27.16,28.71,4388615,124544264.00
2021/03/18,28.42,29.38,27.89,28.18,3013922,85756440.00
2021/03/19,27.79,28.40,27.42,27.69,1831069,51083528.00
2021/03/22,27.65,28.09,27.55,27.80,1395868,38736540.00
2021/03/23,27.70,27.93,27.02,27.09,1529846,41802300.00
2021/03/24,26.95,27.07,25.69,25.72,2086186,54760396.00
2021/03/25,25.45,26.35,25.08,25.73,1301631,33564884.00
2021/03/26,25.75,25.85,25.35,25.62,1028149,26350684.00
2021/03/29,25.78,26.08,25.50,25.75,843206,21728568.00
2021/03/30,25.75,25.75,24.78,25.10,1662270,41708176.00
2021/03/31,25.50,26.11,25.20,25.95,1383509,35710468.00
2021/04/01,25.75,26.23,25.30,25.36,1185434,30460478.00
2021/04/02,25.48,26.20,25.32,25.94,1196100,30932352.00
2021/04/06,26.11,27.16,25.94,26.96,2286009,61216200.00
2021/04/07,26.79,27.76,26.79,27.09,1957300,53396120.00
2021/04/08,27.24,27.48,26.90,27.38,1617300,44040288.00
2021/04/09,27.38,27.47,26.60,27.07,1003200,27044724.00
2021/04/12,27.26,27.26,26.15,26.32,1011200,26967722.00
2021/04/13,26.40,26.56,25.70,25.84,1244710,32350162.00
2021/04/14,25.84,26.10,25.55,25.94,715110,18470682.00
2021/04/15,25.76,25.80,25.46,25.51,633100,16210564.00
2021/04/16,25.71,26.33,25.38,26.30,794010,20664576.00
2021/04/19,27.33,28.80,27.05,27.79,3134258,86715712.00
2021/04/20,27.28,29.89,27.07,27.95,6252734,177807280.00
2021/04/21,27.85,29.39,27.85,28.21,4584734,131180112.00
2021/04/22,28.50,28.73,27.77,27.95,3169858,88964952.00
2021/04/23,27.58,27.86,27.02,27.58,2869721,78461896.00
2021/04/26,27.48,27.50,26.71,26.80,1748793,47389696.00
2021/04/27,27.00,27.03,25.45,25.66,2237390,57870824.00
2021/04/28,25.52,25.89,25.40,25.79,1027459,26326352.00
2021/04/29,25.79,25.99,25.21,25.25,889447,22744012.00
2021/04/30,25.20,25.41,24.10,24.35,1560751,38157940.00
2021/05/06,24.35,24.64,24.10,24.27,582238,14159666.00
2021/05/07,24.36,25.67,24.20,25.45,1799321,45120108.00
2021/05/10,25.50,25.90,24.80,25.02,863500,21662434.00
2021/05/11,24.80,26.15,24.80,26.13,1157324,29414926.00
2021/05/12,25.80,26.13,25.51,25.68,1165085,29954590.00
2021/05/13,25.55,25.60,24.94,25.01,932310,23465048.00
2021/05/14,24.79,25.44,24.79,25.01,832075,20843204.00
2021/05/17,25.01,25.20,24.51,24.53,1004900,24913400.00
2021/05/18,24.54,25.79,24.50,25.12,1312103,32996024.00
2021/05/19,25.00,26.90,24.78,25.67,1827912,47355500.00
2021/05/20,25.00,25.36,24.80,24.98,1195329,29817284.00
2021/05/21,24.90,25.23,24.86,24.95,641166,16019035.00
2021/05/24,24.83,25.08,24.50,25.05,659316,16341413.00
2021/05/25,24.94,25.18,24.85,24.98,1027622,25610398.00
2021/05/26,24.97,25.55,24.86,25.25,1079264,27254496.00
2021/05/27,25.30,25.85,25.25,25.66,1745930,44586092.00
2021/05/28,25.31,25.66,24.81,24.88,1713600,43114800.00
2021/05/31,24.85,25.14,24.74,25.00,853032,21285258.00
2021/06/01,24.81,25.58,24.81,25.44,1754635,44419500.00
2021/06/02,25.40,25.98,25.16,25.58,1746406,44674576.00
2021/06/03,25.74,26.08,25.22,25.43,1898089,48744756.00
2021/06/04,25.24,25.65,24.91,25.03,1366900,34356980.00
2021/06/07,25.10,26.80,25.10,26.78,3792597,99059976.00
2021/06/08,26.80,27.57,26.20,27.48,4992334,134621216.00
2021/06/09,27.88,28.43,26.76,27.20,5438685,150278064.00
2021/06/10,27.17,28.52,26.76,27.93,4770539,132100592.00
2021/06/11,27.80,28.48,27.35,27.35,3842740,107205496.00
2021/06/15,27.10,27.86,26.50,27.86,4483972,121449000.00
2021/06/16,27.92,29.75,27.21,28.58,7591041,218132192.00
2021/06/17,28.45,28.70,27.43,28.10,4360044,121451032.00
2021/06/18,27.93,27.93,27.06,27.48,3121056,85545920.00
2021/06/21,27.44,27.85,27.15,27.63,2307831,63293824.00
2021/06/22,27.55,27.63,26.65,27.31,2839419,76708392.00
2021/06/23,27.15,27.50,26.94,27.26,1829362,49872568.00
2021/06/24,26.98,27.33,26.38,26.43,2381675,63605980.00
2021/06/25,26.35,26.76,26.25,26.61,1240100,32848718.00
2021/06/28,26.65,26.85,26.34,26.41,1435400,37867072.00
2021/06/29,26.41,29.15,26.40,28.28,6466905,179719856.00
2021/06/30,28.25,28.60,27.81,27.97,3261310,91535496.00
2021/07/01,28.01,28.13,26.71,26.71,2386232,65396528.00
2021/07/02,26.70,27.33,26.45,26.84,1547093,41453084.00
2021/07/05,27.05,27.43,26.38,27.17,1469724,39387404.00
2021/07/06,26.97,27.55,26.64,26.90,1478575,39778636.00
2021/07/07,26.66,28.30,26.51,28.10,4147733,114924248.00
2021/07/08,28.55,28.55,27.65,27.97,2629951,73459672.00
2021/07/09,28.52,28.94,27.90,28.46,3455209,98224016.00
2021/07/12,28.39,29.45,28.15,29.03,3878972,112103656.00
2021/07/13,29.05,29.11,27.95,28.34,2923995,83066040.00
2021/07/14,28.71,29.71,28.37,29.17,5575308,163038640.00
2021/07/15,29.31,34.04,28.21,32.00,8683937,263738000.00
2021/07/16,31.34,33.01,30.71,31.45,5919862,186961728.00
2021/07/19,31.35,31.35,28.46,28.60,6330341,185914128.00
2021/07/20,28.19,28.53,27.00,27.69,3706508,101954064.00
2021/07/21,27.35,28.04,27.30,27.86,2388084,66108932.00
2021/07/22,27.88,28.52,27.17,28.23,3062882,85045624.00
2021/07/23,28.03,28.15,27.05,27.05,3008796,82183808.00
2021/07/26,27.05,28.70,26.65,28.56,5264534,146916720.00
2021/07/27,28.41,29.54,27.58,27.95,4447600,126443608.00
2021/07/28,27.55,27.71,25.85,27.56,3234713,87340200.00
2021/07/29,27.09,28.20,27.09,27.57,2331919,64584416.00
2021/07/30,27.13,28.34,26.76,27.98,3172344,87194048.00
2021/08/02,27.84,29.97,27.60,29.40,4347158,126963760.00
2021/08/03,29.30,29.93,28.99,29.26,2832850,83219408.00
2021/08/04,29.25,29.93,28.85,29.93,3281166,96345552.00
2021/08/05,29.54,30.90,29.35,30.51,4592515,139190384.00
2021/08/06,30.26,30.49,28.92,29.54,2681726,79102168.00
2021/08/09,29.21,29.85,28.63,29.32,1981456,57730216.00
2021/08/10,29.40,30.03,29.07,29.62,2243680,66265520.00
2021/08/11,29.36,29.63,28.54,28.58,2237947,64628764.00
2021/08/12,28.53,29.55,28.46,29.25,3169524,91950824.00
2021/08/13,28.93,29.23,27.67,27.86,3095802,87630760.00
2021/08/16,27.96,28.49,27.75,28.48,1724381,48528380.00
2021/08/17,28.33,28.47,27.06,27.30,1754293,48329404.00
2021/08/18,27.51,27.95,27.11,27.60,1111300,30427694.00
2021/08/19,27.25,28.00,27.25,27.67,1320970,36590588.00
2021/08/20,27.71,27.77,26.35,26.79,1764836,47242784.00
2021/08/23,26.80,27.74,26.80,27.65,1670800,45713636.00
2021/08/24,27.79,28.23,27.48,28.03,1364900,38056204.00
2021/08/25,28.25,28.26,27.55,27.75,1116435,30951798.00
2021/08/26,27.70,27.83,26.93,26.96,1387604,37737484.00
2021/08/27,26.83,27.23,26.35,26.75,1253200,33235724.00
2021/08/30,27.14,28.00,26.83,27.27,1490770,40658404.00
2021/08/31,27.23,27.23,25.10,25.35,2444776,62720424.00
2021/09/01,25.35,26.13,25.25,25.71,1419000,36282740.00
2021/09/02,25.73,26.25,25.39,25.91,932065,23899554.00
2021/09/03,25.83,26.05,25.67,25.95,786500,20324674.00
2021/09/06,26.40,26.40,25.75,26.25,856175,22365208.00
2021/09/07,26.07,26.33,26.00,26.12,832400,21706144.00
2021/09/08,26.00,28.25,25.97,27.45,2728689,73867032.00
2021/09/09,27.06,27.06,22.06,26.12,2560014,66629476.00
2021/09/10,26.15,26.15,25.43,25.57,1292100,33104594.00
2021/09/13,25.60,25.78,24.57,25.05,1484000,37196160.00
2021/09/14,25.05,25.34,24.92,25.31,856700,21489354.00
2021/09/15,25.22,25.22,24.35,24.37,1383956,34001216.00
2021/09/16,24.40,24.80,24.15,24.52,897500,21843306.00
2021/09/17,24.59,24.75,24.19,24.74,613134,14993878.00
2021/09/22,24.72,24.72,24.28,24.39,497414,12149716.00
2021/09/23,24.55,24.99,24.35,24.41,809575,19892440.00
2021/09/24,24.48,24.55,24.24,24.33,567900,13813214.00
2021/09/27,24.52,24.52,23.65,23.74,733285,17593946.00
2021/09/28,23.82,24.01,23.60,23.81,350514,8325253.00
2021/09/29,23.81,23.97,23.23,23.23,511789,12025589.00
2021/09/30,23.45,23.70,23.21,23.42,474705,11098019.00
2021/10/08,23.63,25.05,23.51,24.38,1090600,26464562.00
2021/10/11,24.62,24.66,23.78,24.13,771375,18483562.00
2021/10/12,23.80,24.35,23.61,23.80,587600,13963423.00
2021/10/13,23.80,24.42,23.73,24.16,601800,14407997.00
2021/10/14,24.16,24.76,23.87,24.49,620000,15134814.00
2021/10/15,24.49,25.45,24.20,25.01,1354900,33696656.00
2021/10/18,24.75,25.00,24.59,24.84,602189,14906271.00
2021/10/19,24.84,25.02,24.58,24.93,782800,19393444.00
2021/10/20,25.35,25.93,24.78,24.78,984800,24849154.00
2021/10/21,24.35,24.35,23.72,23.77,1116675,26712712.00
2021/10/22,23.77,24.40,23.65,24.26,587100,14125183.00
2021/10/25,24.37,24.37,23.75,23.99,418300,9997381.00
2021/10/26,23.99,24.36,23.78,24.16,457300,10972541.00
2021/10/27,24.18,24.18,23.66,23.68,467775,11103256.00
2021/10/28,23.60,23.82,23.28,23.29,409909,9571628.00
2021/10/29,23.75,24.03,23.11,23.92,744970,17573036.00
2021/11/01,23.90,24.53,23.78,24.31,746566,18078578.00
2021/11/02,24.34,24.90,24.14,24.40,927200,22725980.00
2021/11/03,24.25,24.93,24.16,24.71,885389,21783374.00
2021/11/04,24.55,25.03,24.55,24.99,874900,21766470.00
2021/11/05,25.05,25.71,25.05,25.57,1898891,48268152.00
2021/11/08,25.75,25.75,24.91,25.15,1248725,31315792.00
2021/11/09,25.17,25.78,25.05,25.76,1341800,34188976.00
2021/11/10,25.65,26.26,25.47,26.18,1755300,45466668.00
2021/11/11,26.14,27.35,25.90,27.05,3245875,86702184.00
2021/11/12,26.75,27.32,26.07,27.19,2869161,76621112.00
2021/11/15,27.19,27.58,26.81,27.20,2091277,56634932.00
2021/11/16,27.22,27.46,26.70,26.71,1968500,53135488.00
2021/11/17,26.71,26.95,26.55,26.88,1559506,41692412.00
2021/11/18,26.92,27.38,26.08,26.16,1879200,49882580.00
2021/11/19,26.22,27.13,26.21,26.95,1620700,43442928.00
2021/11/22,26.95,27.32,26.93,26.95,1354900,36644472.00
2021/11/23,27.01,27.71,26.85,27.48,1667575,45524824.00
2021/11/24,27.44,28.71,26.85,28.09,3546800,98774296.00
2021/11/25,28.25,28.98,27.61,27.86,2394533,66956760.00
2021/11/26,27.78,28.29,27.55,27.74,1819343,50530124.00
2021/11/29,27.46,27.81,27.03,27.63,2008523,54908300.00
2021/11/30,27.62,27.98,27.15,27.49,1402099,38581108.00
2021/12/01,27.30,27.92,27.25,27.61,1433383,39425372.00
2021/12/02,27.81,29.84,27.73,28.85,7419367,212907712.00
2021/12/03,32.05,34.61,31.85,32.71,27055428,918962496.00
2021/12/06,32.71,38.93,32.05,34.81,32231577,1138815104.00
2021/12/07,33.38,38.55,33.38,36.85,29210285,1053910848.00
2021/12/08,34.94,35.99,32.25,35.03,23391191,800556544.00
2021/12/09,34.17,37.13,33.63,35.10,21324997,755892608.00
2021/12/10,34.37,36.85,33.73,34.05,20626075,726857152.00
2021/12/13,33.56,35.31,32.87,35.31,17194534,587723200.00
2021/12/14,34.95,34.99,33.05,33.05,17444849,587248640.00
2021/12/15,32.23,32.93,31.44,31.60,13395144,430069952.00
2021/12/16,31.08,32.48,31.08,32.22,11644828,370770688.00
2021/12/17,31.87,32.09,30.33,30.52,11914755,368477024.00
2021/12/20,30.56,30.86,29.85,29.87,6871826,207764480.00
2021/12/21,30.04,30.58,29.88,30.36,4928342,149171792.00
2021/12/22,30.47,31.23,30.25,30.93,8020626,246851872.00
2021/12/23,31.43,31.43,29.97,29.99,7245129,219943984.00
2021/12/24,30.05,30.40,28.70,28.76,7523500,219650656.00
2021/12/27,27.37,28.53,27.08,28.30,5879440,164770688.00
2021/12/28,28.38,28.89,28.30,28.66,3737300,106568488.00
2021/12/29,28.55,29.12,28.06,28.87,4904038,140101200.00
2021/12/30,28.71,29.08,28.61,28.85,3979533,114600784.00
2021/12/31,28.89,29.14,28.69,29.01,3586600,103520240.00
2022/01/04,29.14,29.78,28.92,29.71,4957680,145637616.00
2022/01/05,29.71,29.71,28.44,28.56,4731534,136241312.00
2022/01/06,28.33,28.90,28.21,28.65,2805851,80308328.00
2022/01/07,28.87,28.88,27.42,27.55,4436260,124254016.00
2022/01/10,27.55,28.15,27.17,27.91,2903851,80590680.00
2022/01/11,28.13,28.65,27.45,27.73,4076200,113564312.00
2022/01/12,27.80,28.86,27.80,28.69,4681808,132888448.00
2022/01/13,28.73,28.97,28.00,28.01,2839200,80370992.00
2022/01/14,27.98,29.17,27.85,29.13,5173600,149239312.00
2022/01/17,29.50,31.05,28.70,30.43,8186106,246244048.00
2022/01/18,30.72,30.94,29.65,29.73,4535791,135878800.00
2022/01/19,29.55,32.03,29.45,31.75,11750163,361618048.00
2022/01/20,31.79,31.79,30.56,31.13,7265347,225328960.00
2022/01/21,30.84,32.03,30.49,31.07,6590510,207269600.00
2022/01/24,30.74,31.81,30.07,31.39,5337716,166885120.00
2022/01/25,31.08,33.70,30.50,32.35,8197649,261326880.00
2022/01/26,31.85,34.22,31.60,33.90,9195413,304072736.00
2022/01/27,33.13,33.63,30.55,30.76,7807539,248407792.00
2022/01/28,31.31,35.65,31.31,34.17,9440578,314429632.00
2022/02/07,34.40,36.32,33.26,35.63,9654162,335340416.00
2022/02/08,35.05,35.05,33.66,34.69,5596848,191258112.00
2022/02/09,34.71,36.71,33.17,33.29,8562734,297996160.00
2022/02/10,33.12,33.75,32.08,33.72,6628844,216385824.00
2022/02/11,33.54,33.54,31.57,31.98,5482730,175935472.00
2022/02/14,30.75,32.02,30.62,31.06,3383575,105409248.00
2022/02/15,31.13,31.42,28.86,29.15,6192005,183635296.00
2022/02/16,29.16,29.55,28.75,29.40,3409700,99568320.00
2022/02/17,29.08,29.60,28.63,28.85,3156400,91555704.00
2022/02/18,29.10,30.22,29.09,29.84,4139800,122803512.00
2022/02/21,29.64,31.57,29.34,30.85,5348039,164217744.00
2022/02/22,30.10,30.47,28.69,29.00,5226067,153001216.00
2022/02/23,29.01,29.93,29.01,29.23,2765800,81304376.00
2022/02/24,29.23,29.58,27.54,28.12,4275866,121617904.00
2022/02/25,28.43,28.91,28.04,28.21,2006998,56926136.00
2022/02/28,28.45,28.48,27.63,28.31,1698666,47659912.00
2022/03/01,28.23,28.63,28.00,28.03,2263500,63775176.00
2022/03/02,27.77,28.24,27.64,28.15,2039073,56780032.00
2022/03/03,28.15,28.32,26.79,26.86,4085700,111433040.00
2022/03/04,26.64,27.42,26.43,26.94,2147400,57965516.00
2022/03/07,27.00,27.00,25.98,26.13,2089417,54858788.00
2022/03/08,26.12,26.28,25.05,25.31,3267625,83292408.00
2022/03/09,25.31,25.83,24.04,25.05,2483200,61918364.00
2022/03/10,25.61,25.83,24.85,24.91,2015300,50918316.00
2022/03/11,24.55,25.13,24.30,25.00,1755214,43166124.00
2022/03/14,25.00,25.34,24.35,24.36,1774000,44094336.00
2022/03/15,24.30,24.53,23.28,23.30,2011100,48165640.00
2022/03/16,24.05,24.13,22.97,24.04,2096902,49524480.00
2022/03/17,24.05,25.00,24.05,24.66,2189600,53955748.00
2022/03/18,24.06,24.96,24.06,24.73,1250200,30824700.00
2022/03/21,24.70,25.45,24.70,25.05,1451000,36407088.00
2022/03/22,25.91,25.94,24.90,25.20,1359100,34079960.00
2022/03/23,25.23,25.24,24.78,25.05,1079886,26963054.00
2022/03/24,24.93,24.97,24.52,24.59,1120374,27603114.00
2022/03/25,24.59,25.26,24.59,24.90,989800,24553100.00
2022/03/28,24.60,24.73,24.11,24.40,1074894,26062346.00
2022/03/29,24.42,24.52,23.55,23.69,1154094,27527916.00
2022/03/30,23.84,23.84,23.35,23.72,1083600,25569374.00
2022/03/31,23.75,23.78,23.37,23.39,769000,18064400.00
2022/04/01,23.23,23.34,22.86,22.94,1255000,28827624.00
2022/04/06,22.94,23.81,22.90,23.49,1311600,30750460.00
2022/04/07,23.49,23.50,22.35,22.39,1620050,36628044.00
2022/04/08,22.43,22.62,21.60,22.08,1384282,30440636.00
2022/04/11,22.12,22.12,20.95,21.13,1302200,27824372.00
2022/04/12,21.13,21.50,20.85,21.38,923474,19505006.00
2022/04/13,21.36,21.36,20.41,20.41,1242500,25712590.00
2022/04/14,20.46,20.93,20.11,20.13,1608100,32598588.00
2022/04/15,20.06,20.16,19.68,19.87,1193200,23645080.00
2022/04/18,20.15,20.43,19.42,20.25,1074559,21516606.00
2022/04/19,20.13,20.53,20.05,20.35,1028550,20816852.00
2022/04/20,20.35,20.67,19.86,19.88,1075475,21743288.00
2022/04/21,19.88,20.10,19.02,19.05,1161507,22593320.00
2022/04/22,19.04,19.26,18.69,18.90,1000400,18950412.00
2022/04/25,18.65,18.71,17.10,17.10,1800588,32059296.00
2022/04/26,17.05,17.61,16.56,16.65,1193534,20299526.00
2022/04/27,16.56,17.36,16.05,17.28,1656000,27614864.00
2022/04/28,17.23,17.73,17.06,17.24,1500500,25968342.00
2022/04/29,17.53,18.18,17.24,18.12,1376409,24436788.00
2022/05/05,18.12,18.80,17.79,18.54,1307600,24134524.00
2022/05/06,18.08,19.24,18.05,18.91,1766410,33250712.00
2022/05/09,19.09,19.15,18.78,18.88,1341400,25356186.00
2022/05/10,18.87,19.10,18.59,18.94,1020975,19296554.00
2022/05/11,18.94,19.47,18.80,18.83,1560600,29866096.00
2022/05/12,18.72,19.38,18.72,19.09,1003543,19096420.00
2022/05/13,19.09,19.35,18.90,19.05,866400,16471960.00
2022/05/16,19.08,19.48,18.86,18.97,902100,17218212.00
2022/05/17,19.05,19.38,18.82,19.15,999700,19086700.00
2022/05/18,19.33,20.05,19.20,19.91,2183644,43149752.00
2022/05/19,19.43,19.75,19.33,19.70,1309493,25556206.00
2022/05/20,19.84,20.10,19.66,19.96,1360650,27025284.00
2022/05/23,20.19,20.19,19.76,20.12,1416900,28215260.00
2022/05/24,20.12,20.15,19.05,19.06,1594300,31110540.00
2022/05/25,19.11,19.42,19.03,19.24,799600,15301267.00
2022/05/26,19.40,19.49,18.74,19.37,923956,17669536.00
2022/05/27,19.37,19.63,19.10,19.33,758500,14633514.00
2022/05/30,19.32,19.32,18.86,19.26,716100,13647694.00
2022/05/31,19.50,19.65,18.86,19.60,1400300,26991268.00
2022/06/01,19.85,20.35,19.61,20.30,1956100,39269280.00
2022/06/02,20.30,21.19,20.09,21.02,1963400,40445992.00
2022/06/06,21.10,22.20,21.10,21.52,2296500,49935700.00
2022/06/07,21.47,21.97,21.05,21.23,1463700,31277428.00
2022/06/08,21.23,21.45,20.67,21.05,1343600,28210786.00
2022/06/09,21.00,21.00,20.12,20.28,1083834,22125364.00
2022/06/10,20.23,20.93,20.03,20.62,1183400,24131982.00
2022/06/13,20.17,20.70,20.03,20.21,1649034,33320446.00
2022/06/14,20.14,20.14,19.14,19.64,1547300,30112844.00
2022/06/15,19.73,20.02,19.60,19.66,1428100,28129948.00
2022/06/16,19.82,20.00,19.45,19.90,1359100,26835608.00
2022/06/17,19.83,20.07,19.43,19.72,1008400,19777180.00
2022/06/20,19.84,20.12,19.72,20.05,993704,19724172.00
2022/06/21,19.93,21.02,19.86,21.00,2707300,55497184.00
2022/06/22,20.92,20.94,20.01,20.02,3105300,62736252.00
2022/06/23,19.85,20.70,19.84,20.54,1965155,39930292.00
2022/06/24,20.53,21.30,20.53,20.85,3061700,63742824.00
2022/06/27,21.03,21.27,20.59,20.67,1564000,32347304.00
2022/06/28,20.55,21.37,20.34,21.28,1867300,38909432.00
2022/06/29,21.40,21.59,20.73,20.79,1691345,35581932.00
2022/06/30,20.79,20.98,20.54,20.61,1334375,27492696.00
2022/07/01,20.62,20.86,20.23,20.48,1044892,21289670.00
2022/07/04,20.48,20.54,19.83,20.28,1342882,26846310.00
2022/07/05,20.28,20.48,19.57,19.77,1172775,23214836.00
2022/07/06,19.76,20.16,19.56,19.76,894042,17646600.00
2022/07/07,19.85,19.97,19.59,19.88,848001,16707636.00
2022/07/08,19.87,20.49,19.80,20.31,1588400,32025056.00
2022/07/11,20.32,20.35,19.30,19.51,1623033,31767374.00
2022/07/12,19.62,19.62,18.72,18.72,1177308,22246894.00
2022/07/13,18.72,19.11,18.72,19.04,567900,10713689.00
2022/07/14,18.94,19.56,18.91,19.41,847155,16302060.00
2022/07/15,19.44,19.49,18.97,19.00,766350,14567798.00
2022/07/18,18.98,19.38,18.92,19.37,837000,16032558.00
2022/07/19,19.44,19.61,19.26,19.52,1375210,26604330.00
2022/07/20,19.50,19.87,19.45,19.76,986900,19351784.00
2022/07/21,19.80,20.82,19.56,20.51,2494900,50438952.00
2022/07/22,20.57,20.62,19.87,20.13,1605275,32248058.00
2022/07/25,20.14,20.36,19.63,19.70,1063900,21034108.00
2022/07/26,19.63,19.94,19.43,19.90,988275,19388542.00
2022/07/27,19.90,20.04,19.62,19.92,1470500,29057274.00
2022/07/28,20.12,20.67,20.09,20.51,2130900,43385304.00
2022/07/29,20.46,20.81,20.13,20.15,1428311,28893600.00
2022/08/01,20.18,20.52,19.77,20.45,1495908,30124696.00
2022/08/02,20.22,20.50,19.33,19.52,1988592,39065216.00
2022/08/03,19.64,20.34,19.64,19.79,1951853,38996280.00
2022/08/04,19.79,20.70,19.79,20.49,2460400,49639212.00
2022/08/05,20.52,21.00,20.41,21.00,3365468,69584320.00
2022/08/08,21.55,21.58,20.62,21.12,3340792,70134240.00
2022/08/09,21.12,21.41,20.92,21.19,2423949,50923624.00
2022/08/10,21.30,21.77,21.16,21.48,2458645,52514260.00
2022/08/11,21.58,22.01,21.44,22.00,2889710,62808864.00
2022/08/12,22.66,23.23,21.65,21.70,4702157,103780376.00
2022/08/15,21.16,21.70,21.06,21.34,2594558,54978772.00
2022/08/16,21.42,21.71,21.19,21.26,1998357,42537764.00
2022/08/17,21.46,21.62,21.07,21.47,2089800,44444864.00
2022/08/18,21.81,21.97,21.14,21.86,2071700,44503148.00
2022/08/19,21.96,22.40,21.43,21.48,2112404,46087260.00
2022/08/22,21.48,21.81,21.18,21.28,1846700,39330080.00
2022/08/23,21.37,21.57,21.07,21.54,1564409,33260766.00
2022/08/24,21.53,21.72,20.25,20.25,2560100,52586184.00
2022/08/25,20.37,20.53,19.70,20.04,1611300,31987776.00
2022/08/26,20.05,20.15,19.58,19.73,1307100,25779550.00
2022/08/29,19.33,19.57,19.12,19.44,1363333,26292808.00
2022/08/30,19.44,19.84,19.27,19.47,1243108,24131986.00
2022/08/31,19.58,22.51,19.22,21.52,9790270,208451648.00
2022/09/01,20.79,21.78,20.15,20.49,8225186,170878128.00
2022/09/02,20.32,21.26,19.93,21.09,6768902,139970016.00
2022/09/05,21.12,21.24,20.22,20.51,3846339,78706552.00
2022/09/06,20.62,20.71,19.63,20.22,3462000,68808224.00
2022/09/07,20.11,20.27,19.47,19.49,4116215,80509488.00
2022/09/08,19.46,19.47,18.67,18.69,3428847,64511628.00
2022/09/09,18.71,18.76,18.33,18.42,1886000,34607904.00
2022/09/13,18.53,18.65,18.41,18.56,1377800,25352956.00
2022/09/14,18.17,18.27,17.68,17.84,1860813,33075128.00
2022/09/15,17.75,17.92,17.22,17.49,1585313,27632592.00
2022/09/16,17.49,17.77,17.14,17.14,1234000,21435344.00
2022/09/19,17.12,17.33,16.82,17.31,1101926,18686886.00
2022/09/20,17.49,17.58,17.22,17.30,768847,13226499.00
2022/09/21,17.30,17.42,16.94,17.40,863992,14806087.00
2022/09/22,17.26,17.53,17.20,17.31,788371,13570732.00
2022/09/23,17.23,17.36,16.63,16.76,1010170,16974192.00
2022/09/26,16.76,16.92,16.61,16.62,755674,12572156.00
2022/09/27,16.62,17.00,16.60,16.94,746937,12494584.00
2022/09/28,16.94,16.94,16.54,16.61,686219,11399344.00
2022/09/29,16.66,16.87,16.38,16.38,558292,9212671.00
2022/09/30,16.40,16.50,16.20,16.26,609793,9888982.00
2022/10/10,16.47,16.49,15.62,15.65,872100,13709935.00
2022/10/11,15.12,16.12,15.12,15.98,1216174,19084036.00
2022/10/12,15.96,16.44,15.73,16.42,1060037,16976286.00
2022/10/13,16.47,16.89,16.30,16.68,1103800,18248780.00
2022/10/14,16.73,17.07,16.65,16.93,872600,14651961.00
2022/10/17,16.92,17.45,16.89,17.40,1116975,19157748.00
2022/10/18,17.38,17.58,17.15,17.51,1163892,20123088.00
2022/10/19,17.57,17.57,17.30,17.35,619700,10713031.00
2022/10/20,17.37,17.88,17.15,17.62,1146500,20064688.00
2022/10/21,17.80,17.89,17.34,17.53,681500,11838479.00
2022/10/24,17.39,17.98,17.27,17.39,1040266,18190806.00
2022/10/25,17.39,17.51,17.00,17.11,865392,14781338.00
2022/10/26,17.08,18.53,16.95,18.02,2569178,45538620.00
2022/10/27,17.74,18.44,17.62,18.08,2478367,44513632.00
2022/10/28,18.08,18.98,17.98,18.04,3111978,57260356.00
2022/10/31,18.18,18.85,18.00,18.56,2406737,44289368.00
2022/11/01,18.70,18.79,18.42,18.70,1771637,32760200.00
2022/11/02,18.72,19.02,18.67,18.77,1718337,32186754.00
2022/11/03,18.61,18.91,18.46,18.74,1541700,28591638.00
2022/11/04,18.69,19.02,18.62,18.72,1640035,30572454.00
2022/11/07,18.77,18.90,18.53,18.61,1265892,23491420.00
2022/11/08,18.79,18.79,18.34,18.76,1136809,21011040.00
2022/11/09,18.66,18.84,18.48,18.54,812400,15054439.00
2022/11/10,18.43,18.79,18.42,18.72,1264100,23398036.00
2022/11/11,18.99,19.27,18.42,18.46,1800500,33556988.00
2022/11/14,18.53,18.77,18.34,18.40,1152349,21226138.00
2022/11/15,18.41,18.97,18.39,18.97,2341292,43769720.00
2022/11/16,19.16,19.97,18.97,19.50,3398384,65969828.00
2022/11/17,19.65,19.90,19.35,19.65,2428917,47209156.00
2022/11/18,19.67,20.61,19.67,20.01,4062700,81744592.00
2022/11/21,20.16,20.16,19.52,19.73,1676570,32954524.00
2022/11/22,19.73,20.04,19.21,19.40,2030400,39592268.00
2022/11/23,19.32,19.36,18.50,18.89,2049570,38494228.00
2022/11/24,19.09,19.19,18.62,18.69,999700,18665234.00
2022/11/25,18.69,18.78,18.34,18.34,1012455,18616572.00
2022/11/28,18.32,18.37,17.88,18.10,1143974,20517788.00
2022/11/29,18.10,18.55,18.09,18.55,1213800,22115892.00
2022/11/30,18.56,21.91,18.42,20.19,10133547,207194896.00
2022/12/01,20.08,20.48,19.63,20.32,7054618,141058096.00
2022/12/02,20.06,20.34,19.64,19.72,4437001,87963848.00
2022/12/05,19.72,20.10,19.63,19.83,3386900,66756208.00
2022/12/06,19.75,19.83,19.31,19.43,2480495,48140392.00
2022/12/07,19.27,19.38,18.97,19.05,2254695,42890808.00
2022/12/08,19.00,19.15,18.66,18.82,1825700,34270140.00
2022/12/09,18.82,18.97,18.57,18.82,2148850,40067024.00
2022/12/12,18.82,19.37,18.65,19.36,2825600,53644700.00
2022/12/13,19.32,19.42,18.57,18.64,2425769,45581328.00
2022/12/14,18.64,19.09,18.50,18.52,1661444,31021380.00
2022/12/15,18.52,19.14,18.40,18.93,1720158,32362978.00
2022/12/16,18.80,18.89,18.32,18.54,1329200,24495514.00
2022/12/19,18.53,18.69,17.90,17.99,1623000,29233842.00
2022/12/20,18.11,18.27,17.92,18.06,813800,14612556.00
2022/12/21,18.07,18.18,17.49,17.62,1063000,18766096.00
2022/12/22,17.90,17.92,17.30,17.30,1013015,17615706.00
2022/12/23,17.34,17.57,17.02,17.37,980400,16865628.00
2022/12/26,17.49,17.68,17.28,17.45,1126308,19523926.00
2022/12/27,17.48,17.57,17.23,17.50,842900,14555564.00
2022/12/28,17.47,18.18,17.20,17.82,2520800,44316132.00
2022/12/29,17.64,18.88,17.62,18.24,3561200,65084936.00
2022/12/30,18.14,19.62,17.82,19.35,6577800,124536224.00
2023/01/03,19.35,19.98,19.35,19.87,4805005,94236384.00
2023/01/04,19.68,20.44,19.68,20.09,4063500,81212088.00
2023/01/05,20.02,20.17,19.78,19.85,2140600,42358732.00
2023/01/06,19.85,19.98,19.57,19.86,2321223,45558660.00
2023/01/09,19.79,19.92,19.57,19.60,1921200,37667044.00
2023/01/10,19.74,19.90,19.46,19.77,1189700,23310244.00
2023/01/11,19.65,19.95,19.40,19.45,1469100,28743364.00
2023/01/12,19.48,19.77,19.32,19.73,1102278,21414594.00
2023/01/13,19.77,19.81,19.29,19.51,1136475,21971304.00
2023/01/16,19.51,20.00,19.44,19.57,1891775,37009704.00
2023/01/17,19.50,19.73,19.33,19.47,1057000,20508324.00
2023/01/18,19.47,19.95,19.30,19.85,1452750,28539386.00
2023/01/19,19.75,20.25,19.68,19.91,1672100,33159658.00
2023/01/20,19.86,20.22,19.79,19.98,1584000,31485538.00
2023/01/30,20.24,20.90,20.04,20.47,3528300,71642720.00
2023/01/31,20.47,20.47,19.90,20.12,2466800,49158360.00
2023/02/01,20.12,20.73,20.01,20.69,3146308,64125592.00
2023/02/02,20.62,21.07,20.56,20.82,3603800,74648152.00
2023/02/03,20.67,21.20,20.64,21.16,3258800,67892512.00
2023/02/06,21.10,21.61,20.87,21.28,3139475,66278108.00
2023/02/07,21.15,21.47,20.81,21.43,3432100,72129184.00
2023/02/08,21.37,21.52,20.92,21.25,2411300,50895796.00
2023/02/09,21.19,22.42,21.00,22.28,5274400,114526360.00
2023/02/10,22.20,23.71,21.96,22.25,8420872,189831648.00
2023/02/13,22.25,22.29,21.82,22.00,3712000,81161392.00
2023/02/14,22.00,22.08,21.50,21.69,3258797,70366464.00
2023/02/15,21.72,21.92,21.52,21.92,3356900,72707408.00
2023/02/16,22.02,22.04,20.60,20.86,4691069,99562704.00
2023/02/17,20.94,21.12,20.42,20.44,3020400,62167232.00
2023/02/20,20.55,21.52,20.30,21.37,3273155,68214672.00
2023/02/21,21.32,21.53,20.87,21.08,2781900,58539440.00
2023/02/22,21.10,21.19,20.85,21.08,1471700,30808322.00
2023/02/23,21.13,21.16,20.63,21.00,2051160,42729824.00
2023/02/24,21.00,21.77,20.94,21.48,3057600,65060896.00
2023/02/27,21.46,22.67,21.42,21.93,6912850,151897072.00
2023/02/28,22.10,22.45,21.79,22.44,5110561,112600248.00
2023/03/01,22.17,23.08,22.17,22.93,5551000,125668480.00
2023/03/02,22.93,23.05,22.58,22.69,4462635,101051344.00
2023/03/03,22.82,23.11,22.12,22.79,3916053,87983512.00
2023/03/06,22.79,22.86,22.28,22.46,2117648,47482328.00
2023/03/07,22.46,22.54,21.83,21.93,2522100,55437832.00
2023/03/08,21.93,23.34,21.88,23.32,5177316,117413040.00
2023/03/09,23.33,23.57,22.87,23.41,4818900,111487432.00
2023/03/10,23.23,24.48,22.93,23.86,6347367,152119536.00
2023/03/13,23.90,23.90,23.03,23.52,4212200,98189824.00
2023/03/14,23.43,23.53,22.62,23.17,3865616,88507608.00
2023/03/15,23.25,23.86,23.25,23.39,3570616,83674008.00
2023/03/16,23.18,23.36,22.78,22.96,2638800,60416880.00
2023/03/17,22.98,23.56,22.98,23.23,2780400,64444648.00
2023/03/20,23.15,23.37,22.68,22.75,3107875,70738296.00
2023/03/21,22.91,23.27,22.67,23.04,2854000,65382964.00
2023/03/22,23.20,23.61,22.88,23.60,4050900,94474632.00
2023/03/23,23.52,23.65,23.03,23.56,3683800,85797616.00
2023/03/24,23.53,24.62,23.31,23.81,6422000,152927888.00
2023/03/27,23.94,24.31,23.48,24.01,6073516,144597824.00
2023/03/28,23.92,23.92,23.02,23.37,5279465,122792312.00
2023/03/29,23.43,23.79,23.14,23.60,3805300,88962576.00
2023/03/30,23.50,25.98,23.46,25.76,14582516,362669600.00
2023/03/31,25.27,25.30,24.42,24.85,10198916,251542624.00
2023/04/03,25.52,26.62,25.12,26.42,11494032,296649120.00
2023/04/04,26.74,28.97,25.96,28.23,17397967,467547744.00
2023/04/06,27.24,28.23,26.73,27.56,13670300,373703648.00
2023/04/07,27.22,27.27,26.12,26.54,8338184,220237536.00
2023/04/10,26.54,27.07,25.92,26.81,6419500,169893920.00
2023/04/11,26.54,27.94,25.90,27.94,10706192,290653440.00
2023/04/12,28.22,28.96,27.44,28.35,11605300,325905088.00
2023/04/13,28.01,28.16,26.48,26.48,7834600,213029600.00
2023/04/14,26.50,26.87,25.40,26.12,5826200,151210272.00
2023/04/17,25.92,26.30,25.35,25.53,4526400,115983784.00
2023/04/18,25.53,25.53,24.64,24.88,4677544,116397056.00
2023/04/19,25.02,25.57,24.86,25.17,4058591,101797696.00
2023/04/20,24.95,26.19,24.95,26.17,4499900,114966408.00
2023/04/21,26.02,26.03,23.93,24.00,5186950,128104128.00
2023/04/24,24.22,24.52,23.87,24.15,2507525,60384664.00
2023/04/25,26.66,28.41,26.03,27.70,16457525,449699968.00
2023/04/26,27.47,28.80,26.23,26.83,11217359,306984544.00
2023/04/27,26.59,27.68,25.79,26.35,8261700,219458976.00
2023/04/28,25.91,28.04,25.82,27.76,10872900,296109728.00
2023/05/04,27.59,27.59,26.43,26.75,7340134,195876576.00
2023/05/05,26.56,30.90,25.92,30.08,19098489,541092672.00
2023/05/08,29.97,29.97,28.42,29.40,12615101,365284192.00
2023/05/09,29.12,30.26,28.58,29.12,10796196,315511104.00
2023/05/10,28.82,30.24,27.81,29.84,10576671,305293248.00
2023/05/11,29.62,31.67,29.12,30.86,13976880,427253152.00
2023/05/12,30.87,31.60,28.49,28.73,13679011,408016384.00
2023/05/15,28.31,28.59,26.71,27.52,7992510,218585344.00
2023/05/16,27.55,28.65,26.48,28.13,8235477,225810288.00
2023/05/17,27.78,28.68,27.51,28.36,5281956,148445264.00
2023/05/18,28.25,29.67,27.80,29.48,8743022,252133888.00
2023/05/19,29.35,29.64,28.69,28.75,5724751,165898720.00
2023/05/22,29.23,31.18,28.68,28.80,10863975,322993568.00
2023/05/23,28.34,28.43,26.59,26.78,9123036,245849072.00
2023/05/24,26.58,27.47,26.58,26.78,4769192,127874632.00
2023/05/25,27.08,27.78,26.30,27.20,5354067,143480816.00
2023/05/26,27.01,28.68,26.85,28.38,7787575,217278752.00
2023/05/29,28.87,29.18,28.11,28.33,7437361,211219392.00
2023/05/30,29.16,30.38,28.96,29.90,13731860,406897856.00
2023/05/31,29.55,30.07,28.93,29.73,8090500,237615488.00
2023/06/01,29.74,30.68,29.42,29.54,7174100,212981360.00
2023/06/02,29.63,29.86,28.73,28.73,6702456,193727328.00
2023/06/05,28.88,29.65,28.76,28.98,4729544,136993808.00
2023/06/06,28.98,28.98,27.84,27.98,5404621,152346912.00
2023/06/07,28.09,28.58,27.70,28.21,3454900,97108120.00
2023/06/08,27.99,28.68,27.58,27.90,3792700,105521704.00
2023/06/09,27.98,28.54,27.53,28.16,4961784,138258640.00
2023/06/12,28.21,28.38,27.78,28.11,3480600,96988144.00
2023/06/13,28.00,29.09,27.62,28.80,6421644,182153312.00
2023/06/14,28.58,28.62,27.42,27.98,6107200,169875664.00
2023/06/15,27.98,28.13,26.83,26.88,7253992,196851840.00
2023/06/16,26.80,27.28,26.59,27.03,4943599,132739544.00
2023/06/19,26.96,28.33,26.79,27.95,7177400,197479728.00
2023/06/20,27.93,27.93,27.30,27.71,4339175,119010872.00
2023/06/21,27.69,27.70,26.17,26.45,5551400,146931312.00
2023/06/26,26.18,26.59,25.58,25.63,4269100,110080768.00
2023/06/27,25.66,26.04,25.58,25.94,2834600,72875424.00
2023/06/28,25.89,25.91,24.93,25.64,3278648,82715944.00
2023/06/29,25.71,26.06,25.41,25.85,4395901,112378784.00
2023/06/30,25.83,26.66,25.35,26.46,4202400,109024312.00
2023/07/03,26.67,27.10,26.29,26.64,4167800,110655848.00
2023/07/04,26.57,27.03,26.43,26.95,2688300,71508576.00
2023/07/05,26.95,27.38,26.67,26.96,3701400,99478912.00
2023/07/06,26.88,27.84,26.78,27.39,5938500,161950512.00
2023/07/07,27.18,27.34,26.37,26.52,3945100,104776608.00
2023/07/10,26.88,26.91,25.81,26.01,3553652,92147696.00
2023/07/11,26.01,26.77,25.84,26.45,2970348,78061976.00
2023/07/12,26.35,26.62,25.58,25.64,3319548,85489376.00
2023/07/13,25.61,27.78,25.61,27.33,8743822,235017600.00
2023/07/14,27.50,29.17,27.48,28.14,11500496,324038560.00
2023/07/17,27.75,28.98,27.57,27.91,8167000,227888992.00
2023/07/18,27.93,28.48,27.09,27.13,6782555,186145888.00
2023/07/19,27.00,27.35,26.06,26.11,4809400,126864176.00
2023/07/20,26.18,26.37,25.18,25.22,4554215,115659360.00
2023/07/21,24.96,25.63,24.56,24.71,3805700,94246136.00
2023/07/24,24.34,25.07,24.34,24.54,2641648,64815936.00
2023/07/25,24.74,25.06,24.29,24.52,3098000,75545664.00
2023/07/26,24.48,24.54,23.89,24.04,3004400,71846248.00
2023/07/27,24.17,24.35,23.90,24.03,2454228,58780720.00
2023/07/28,23.95,24.64,23.68,24.37,3389100,81626960.00
2023/07/31,23.68,24.38,22.88,24.11,4609500,109140784.00
2023/08/01,24.19,24.60,23.98,24.43,3611115,87253920.00
2023/08/02,24.21,25.15,24.21,24.96,2837800,69993160.00
2023/08/03,24.80,25.13,24.62,25.03,2346000,58009164.00
2023/08/04,25.04,25.67,25.02,25.28,2996141,75426104.00
2023/08/07,25.43,25.56,25.01,25.07,2126700,53181636.00
2023/08/08,24.97,25.38,24.81,25.31,2183500,54534836.00
2023/08/09,25.00,25.19,24.58,24.72,1722900,42399000.00
2023/08/10,24.93,25.14,24.43,25.14,1796330,44370400.00
2023/08/11,25.77,25.88,24.61,24.74,2736500,67857752.00
2023/08/14,24.77,25.46,24.39,25.43,3753300,93048320.00
2023/08/15,25.37,25.56,24.81,25.03,2771900,69045184.00
2023/08/16,24.88,25.01,24.10,24.15,2229900,54352976.00
2023/08/17,24.35,24.73,24.02,24.52,2923883,70986760.00
2023/08/18,24.65,24.72,23.71,23.75,2375100,56750600.00
2023/08/21,23.61,24.32,23.61,23.98,2067748,49151508.00
2023/08/22,24.56,25.43,24.20,25.38,6308683,155802640.00
2023/08/23,25.28,25.93,25.18,25.48,5666630,144343472.00
2023/08/24,25.43,25.93,25.10,25.69,4663500,118471544.00
2023/08/25,25.43,25.50,23.61,23.85,5141300,124128920.00
2023/08/28,25.18,25.48,22.70,23.18,5443600,128368920.00
2023/08/29,23.00,24.64,22.98,24.51,5275709,126192952.00
2023/08/30,24.58,25.49,24.52,25.23,5207709,129418328.00
2023/08/31,25.05,25.31,24.83,24.99,3460200,86105840.00
2023/09/01,25.00,25.25,24.68,24.77,3009400,74605768.00
2023/09/04,24.83,25.18,24.51,25.18,3441500,84717248.00
2023/09/05,25.08,25.55,25.01,25.13,2859200,71740528.00
2023/09/06,25.01,25.48,24.87,25.47,3120900,78286520.00
2023/09/07,25.75,25.88,25.22,25.45,3778528,95910056.00
2023/09/08,25.36,25.54,24.84,25.24,3306800,82629928.00
2023/09/11,25.17,25.36,24.60,25.20,3750300,93201336.00
2023/09/12,25.12,25.32,24.78,24.81,2807500,69608680.00
2023/09/13,24.69,24.92,23.98,24.21,3137300,75892304.00
2023/09/14,24.23,24.43,23.48,23.64,2493800,58988744.00
2023/09/15,23.69,23.83,23.08,23.18,3091000,71595544.00
2023/09/18,23.20,23.49,23.00,23.11,3186275,73272744.00
2023/09/19,22.94,22.95,22.36,22.66,2490168,55813752.00
2023/09/20,22.50,23.02,22.38,22.41,2762270,62038596.00
2023/09/21,22.54,22.63,22.10,22.18,3887700,86041656.00
2023/09/22,22.02,22.90,21.88,22.85,3632100,81024176.00
2023/09/25,22.51,22.93,21.86,22.66,8685990,194122912.00
2023/09/26,22.44,22.62,21.94,22.32,4962957,109700672.00
2023/09/27,22.40,24.18,22.11,23.78,9080874,210868320.00
2023/09/28,23.58,27.45,23.23,26.17,19782767,505703552.00
2023/10/09,25.76,26.68,25.55,26.33,12683847,329241024.00
2023/10/10,26.68,27.39,26.44,27.07,11740061,315243744.00
2023/10/11,26.86,28.20,26.50,27.68,15100740,413119360.00
2023/10/12,27.78,29.68,27.59,28.10,22910936,647291968.00
2023/10/13,27.73,28.26,27.38,27.68,15892244,438748992.00
2023/10/16,27.72,27.72,26.64,27.19,9464400,255943168.00
2023/10/17,27.48,28.68,27.38,27.58,9578700,265516560.00
2023/10/18,27.72,28.14,26.98,27.04,7928014,215457072.00
2023/10/19,26.85,27.42,26.33,26.44,8548086,227214400.00
2023/10/20,26.28,26.95,25.85,25.99,11502400,301001056.00
2023/10/23,25.75,26.08,24.28,24.63,9158627,227295776.00
2023/10/24,24.93,26.32,24.22,26.24,11582364,292903552.00
2023/10/25,26.18,27.43,25.92,27.20,8919902,238079968.00
2023/10/26,26.89,27.54,26.78,27.33,7409400,200273344.00
2023/10/27,27.21,27.63,26.86,26.92,5294960,142616560.00
2023/10/30,28.52,29.18,27.58,28.63,17913900,504865216.00
2023/10/31,28.78,29.18,27.53,27.80,10261432,287112224.00
2023/11/01,27.78,28.34,27.48,27.58,6146059,169835792.00
2023/11/02,28.48,29.96,27.91,27.98,19883217,571648384.00
2023/11/03,27.68,29.57,27.68,28.90,18446130,531944128.00
2023/11/06,29.33,31.06,29.18,30.62,20631735,618665408.00
2023/11/07,30.16,30.57,29.65,30.04,13806609,412449120.00
2023/11/08,30.22,31.41,29.88,30.70,14320345,436987584.00
2023/11/09,30.44,31.43,29.94,30.05,10963345,332744288.00
2023/11/10,29.98,30.95,29.65,30.18,8003980,241415872.00
2023/11/13,30.18,30.66,29.93,30.48,7523365,226449408.00
2023/11/14,30.20,31.03,30.00,30.55,8712130,265184624.00
2023/11/15,30.97,34.64,30.67,34.63,27635873,903155712.00
2023/11/16,33.73,41.52,33.68,41.52,47903641,1836401920.00
2023/11/17,39.18,44.43,37.52,41.96,40331447,1625983616.00
2023/11/20,41.42,45.88,40.73,45.88,30130326,1284676224.00
2023/11/21,45.07,50.12,42.98,46.77,24724531,1124383872.00
2023/11/22,46.98,47.75,42.86,43.16,21540376,969216960.00
2023/11/23,43.62,47.83,42.70,47.08,21395253,958685440.00
2023/11/24,46.96,48.94,45.46,47.68,16812842,785664768.00
2023/11/27,47.18,56.68,46.70,52.64,21752410,1124771584.00
2023/11/28,53.53,57.68,51.84,53.43,19276548,1042601088.00
2023/11/29,52.78,53.53,50.98,52.94,15328395,794252480.00
2023/11/30,51.79,56.33,51.19,55.60,16034594,854900096.00
2023/12/01,54.93,56.05,52.85,54.17,10808581,585144384.00
2023/12/04,54.18,59.40,52.43,57.98,12309612,696156928.00
2023/12/05,57.94,60.68,55.63,58.18,12145069,698795456.00
2023/12/06,57.41,63.89,56.79,59.45,17756118,1063610240.00
2023/12/07,58.66,60.77,51.68,54.22,23416275,1305730816.00
2023/12/08,54.18,57.48,53.40,54.48,19385948,1068114176.00
2023/12/11,54.68,56.38,53.78,54.77,11007400,602646912.00
2023/12/12,54.47,55.73,53.78,54.68,8967177,487539552.00
2023/12/13,54.88,57.39,54.19,54.25,9103289,503800064.00
2023/12/14,55.00,55.38,53.22,53.98,7679700,414153984.00
2023/12/15,54.09,54.24,51.28,51.76,15713000,817524992.00
2023/12/18,50.13,52.22,49.81,50.38,11396686,574881728.00
2023/12/19,50.29,52.28,50.29,51.16,5639990,288016256.00
2023/12/20,51.08,51.77,49.19,49.35,7226318,360628320.00
2023/12/21,49.18,49.78,47.52,49.12,7719798,373728416.00
2023/12/22,49.48,50.75,48.77,49.72,7807859,387384576.00
2023/12/25,49.54,49.57,48.30,48.59,6457146,314083232.00
2023/12/26,48.63,48.75,46.57,47.18,6546746,308533024.00
2023/12/27,47.19,52.61,46.29,51.92,15656600,784622656.00
2023/12/28,51.74,52.48,50.05,50.26,11473539,582891392.00
2023/12/29,50.26,54.48,49.98,53.17,13976363,735952576.00
2024/01/02,52.68,53.18,50.76,51.18,9126789,469266080.00
2024/01/03,51.43,51.67,49.00,50.03,6622977,329733344.00
2024/01/04,49.99,51.96,49.29,50.70,7205784,363518560.00
2024/01/05,51.06,52.61,49.54,50.33,6286300,317208960.00
2024/01/08,50.50,50.56,47.06,47.33,7592873,364657024.00
2024/01/09,47.68,48.60,44.93,46.63,13141000,606193472.00
2024/01/10,46.32,47.18,45.36,46.17,5727168,263756416.00
2024/01/11,46.08,48.53,45.59,48.01,5618749,265887936.00
2024/01/12,48.68,51.54,48.68,49.13,10294219,514546016.00
2024/01/15,48.40,51.83,48.02,51.34,10840603,544112384.00
2024/01/16,51.50,51.57,49.39,50.61,7569184,378148576.00
2024/01/17,50.47,51.66,49.05,49.37,5342292,266030544.00
2024/01/18,48.18,50.77,46.95,50.56,9895954,479029440.00
2024/01/19,50.47,50.48,47.78,48.12,6554132,318279072.00
2024/01/22,48.18,48.51,43.28,44.08,9519258,430994656.00
2024/01/23,45.18,45.94,43.48,45.28,8244461,366778720.00
2024/01/24,45.88,46.35,43.52,44.55,5256297,233438192.00
2024/01/25,44.51,47.86,43.51,47.48,8428348,389211200.00
2024/01/26,47.59,47.59,43.54,43.97,7873776,352001472.00
2024/01/29,43.88,43.88,41.81,43.08,8740471,371360064.00
2024/01/30,43.48,44.68,41.39,41.78,6930951,294583200.00
2024/01/31,42.27,42.43,39.06,39.42,8592272,346526976.00
2024/02/01,39.70,42.96,38.74,41.16,10169324,413680160.00
2024/02/02,40.68,41.18,36.36,38.62,9141007,356625120.00
2024/02/05,37.98,38.58,32.58,34.56,13303730,464968480.00
2024/02/06,34.03,37.76,32.20,36.41,18074734,631028480.00
2024/02/07,36.98,39.77,35.30,35.76,17926722,671352064.00
2024/02/08,37.60,42.06,36.26,41.38,20839540,812918080.00
2024/02/19,44.58,44.58,41.27,41.62,12686700,540761536.00
数据来源:通达信
