301262 海看股份 日线 后复权
      日期	    开盘	    最高	    最低	    收盘	    成交量	    成交额
2023/06/20,36.00,41.38,35.95,37.55,27362935,1043145152.00
2023/06/21,35.00,35.80,31.88,31.90,19443411,652908416.00
2023/06/26,30.70,31.77,29.68,30.00,12660913,385854496.00
2023/06/27,30.00,30.20,29.05,29.29,9517475,280503072.00
2023/06/28,28.87,28.87,26.92,27.48,10174966,282491680.00
2023/06/29,27.22,27.80,27.16,27.28,7014899,192491792.00
2023/06/30,27.28,28.09,27.10,27.75,6912838,190889568.00
2023/07/03,27.57,27.65,26.91,27.21,6090766,165884144.00
2023/07/04,27.10,28.15,27.02,28.00,6809748,188407936.00
2023/07/05,28.00,28.36,27.80,28.06,5610662,157488960.00
2023/07/06,28.01,28.18,27.50,27.86,4095051,113803776.00
2023/07/07,28.07,29.05,28.06,28.09,6621947,188952992.00
2023/07/10,28.09,28.54,27.42,28.45,4843978,136171824.00
2023/07/11,28.18,28.25,27.76,27.90,4498473,125751112.00
2023/07/12,27.82,27.92,27.18,27.26,4990084,136979856.00
2023/07/13,27.29,29.99,27.15,29.83,13460729,388009248.00
2023/07/14,29.36,31.58,29.36,30.52,14811579,452570880.00
2023/07/17,29.95,32.00,29.95,30.73,11153740,343652160.00
2023/07/18,30.05,30.59,28.84,29.07,7305650,213772784.00
2023/07/19,29.00,33.25,28.92,31.51,12621442,394235264.00
2023/07/20,30.87,31.84,30.15,30.22,8639864,266162368.00
2023/07/21,29.92,31.61,29.32,31.18,10548416,323246080.00
2023/07/24,30.22,30.86,29.38,29.65,7935698,237443008.00
2023/07/25,30.12,31.40,29.60,30.72,9416370,287175680.00
2023/07/26,30.16,31.18,29.71,30.03,8681148,263349424.00
2023/07/27,29.68,31.69,29.42,31.42,12407169,382382848.00
2023/07/28,30.95,31.35,29.91,31.13,11358307,348164672.00
2023/07/31,30.61,33.33,30.20,31.87,14237759,452920000.00
2023/08/01,31.50,31.97,30.69,31.95,9453287,296648320.00
2023/08/02,31.50,31.93,30.90,31.30,6615300,207193072.00
2023/08/03,30.83,31.28,29.50,29.51,8298922,250230304.00
2023/08/04,29.51,29.90,28.50,28.67,7258656,210694704.00
2023/08/07,28.52,30.24,28.50,30.04,8326910,246028320.00
2023/08/08,29.70,36.05,29.70,36.05,18123559,617774592.00
2023/08/09,34.01,35.07,33.56,34.49,21227620,725544128.00
2023/08/10,33.45,36.66,33.45,34.81,19208267,678339072.00
2023/08/11,34.91,35.90,33.56,33.58,13273468,456389824.00
2023/08/14,32.39,35.65,32.39,35.28,15871104,550362176.00
2023/08/15,34.00,34.80,33.28,34.08,11041081,375519360.00
2023/08/16,33.82,34.41,32.28,33.53,9844838,327814656.00
2023/08/17,32.62,34.08,32.32,33.21,8677895,288998912.00
2023/08/18,32.75,35.56,32.75,33.56,11482807,393869152.00
2023/08/21,33.04,35.45,32.94,34.45,11571579,397976672.00
2023/08/22,34.98,38.00,32.88,34.75,17159072,604888000.00
2023/08/23,33.66,34.07,30.50,30.95,12372521,399476800.00
2023/08/24,30.51,32.89,30.40,31.61,10438074,333260480.00
2023/08/25,30.85,31.17,28.81,29.29,9130704,272847776.00
2023/08/28,31.10,31.15,28.15,28.73,7507336,221617696.00
2023/08/29,28.47,30.86,28.47,30.69,9071627,273933024.00
2023/08/30,30.53,31.60,30.37,31.26,7722960,239528048.00
2023/08/31,31.02,31.26,30.51,30.80,4123999,127231848.00
2023/09/01,30.80,31.56,30.41,30.70,4932525,152926624.00
2023/09/04,30.58,30.91,29.70,30.14,4536519,136762272.00
2023/09/05,29.94,30.05,29.10,29.38,4300604,126784264.00
2023/09/06,29.17,30.05,28.90,30.04,3729475,110344624.00
2023/09/07,29.80,30.30,28.72,28.91,4186639,123019120.00
2023/09/08,28.90,29.70,28.50,29.09,3269936,94689560.00
2023/09/11,28.92,29.65,28.88,29.32,3146437,91966248.00
2023/09/12,29.18,29.30,28.58,29.05,2983679,86158672.00
2023/09/13,28.93,29.49,28.70,29.03,3806838,110887800.00
2023/09/14,28.90,29.10,27.90,28.26,4110677,116915608.00
2023/09/15,28.31,28.65,27.85,28.06,2493828,70302608.00
2023/09/18,28.10,28.77,27.68,28.51,2652493,75189864.00
2023/09/19,28.39,28.89,28.18,28.27,2249323,63920204.00
2023/09/20,28.13,28.60,28.00,28.28,1744966,49496592.00
2023/09/21,28.34,28.44,27.79,27.81,2025327,56707236.00
2023/09/22,27.71,28.84,27.50,28.66,3437252,97461240.00
2023/09/25,28.67,28.91,27.80,28.05,2760836,77560064.00
2023/09/26,27.96,28.32,27.62,27.96,2278616,63828892.00
2023/09/27,27.96,28.28,27.66,27.68,2705158,75264840.00
2023/09/28,27.79,28.33,27.68,28.07,2913529,81625040.00
2023/10/09,27.75,27.88,27.25,27.27,3159617,87015648.00
2023/10/10,27.45,27.86,27.35,27.41,1982936,54692492.00
2023/10/11,27.42,28.23,27.01,27.99,3278397,91248264.00
2023/10/12,27.91,27.99,27.38,27.66,2461043,67921168.00
2023/10/13,27.46,27.61,27.09,27.12,1695000,46204032.00
2023/10/16,27.20,27.20,26.30,26.45,2225368,59237112.00
2023/10/17,26.45,26.61,26.09,26.46,1369152,36098204.00
2023/10/18,26.45,26.45,25.54,25.63,2035297,52423400.00
2023/10/19,25.66,26.15,25.55,25.55,1291325,33369936.00
2023/10/20,25.57,25.75,25.09,25.16,1263600,32064212.00
2023/10/23,25.36,25.39,24.03,24.25,1714000,41865768.00
2023/10/24,24.40,25.83,24.30,25.55,2528651,63535820.00
2023/10/25,25.21,25.46,24.90,25.19,2430276,61182148.00
2023/10/26,24.85,25.31,24.65,25.20,1762300,43964996.00
2023/10/27,25.06,25.68,24.89,25.58,2149311,54607044.00
2023/10/30,25.57,25.98,25.41,25.96,2497427,64336604.00
2023/10/31,26.16,27.84,26.16,26.57,5124857,133194696.00
2023/11/01,26.20,27.06,26.02,26.42,3510758,90351504.00
2023/11/02,26.27,28.75,26.20,28.02,10255566,275860288.00
2023/11/03,28.57,29.10,27.42,27.86,8170672,221603712.00
2023/11/06,29.10,31.53,28.19,31.05,15684461,456961440.00
2023/11/07,32.01,34.07,31.28,32.85,22452886,711987968.00
2023/11/08,31.57,39.25,31.57,37.64,21767957,768195456.00
2023/11/09,35.09,35.85,32.68,32.76,16367492,543034368.00
2023/11/10,33.09,36.25,33.09,34.03,15482586,519440096.00
2023/11/13,35.73,37.04,32.84,33.15,17444976,599186368.00
2023/11/14,31.79,33.10,31.79,32.95,12004887,379825440.00
2023/11/15,32.22,33.45,31.78,31.85,11483171,362826816.00
2023/11/16,30.95,32.31,30.65,31.61,8565898,262537680.00
2023/11/17,31.67,32.25,30.93,30.99,7462740,228401904.00
2023/11/20,30.57,32.55,30.55,31.93,9090501,281062688.00
2023/11/21,31.93,38.15,31.70,36.51,21722902,749521664.00
2023/11/22,35.37,43.64,35.36,43.64,24303929,929748864.00
2023/11/23,40.85,41.35,37.73,38.85,20500404,786654912.00
2023/11/24,37.65,42.65,37.23,39.35,19485199,758616576.00
2023/11/27,36.35,38.00,35.75,36.15,14673816,527541952.00
2023/11/28,37.35,40.25,37.19,37.45,13509423,505514304.00
2023/11/29,37.35,38.19,35.86,35.93,12469458,448001792.00
2023/11/30,35.33,37.70,35.33,36.93,13101278,469723200.00
2023/12/01,36.07,39.03,36.00,37.87,13967604,517106176.00
2023/12/04,36.82,39.85,36.82,38.79,14231525,539640384.00
2023/12/05,37.85,37.88,35.85,37.00,10633793,384091200.00
2023/12/06,36.31,37.49,32.35,35.43,10481482,365693312.00
2023/12/07,35.70,36.34,35.21,36.00,8357861,292474528.00
2023/12/08,35.37,35.65,34.64,34.86,8303988,284294880.00
2023/12/11,34.94,36.63,34.77,36.63,8122489,284710848.00
2023/12/12,36.17,37.24,36.05,36.31,7139829,254539744.00
2023/12/13,36.06,36.65,35.35,35.38,4900964,170878944.00
2023/12/14,35.45,36.45,34.65,34.81,5189112,179613728.00
2023/12/15,35.03,37.45,34.70,36.39,9334445,330121120.00
2023/12/18,35.65,36.70,34.55,34.71,6391369,220006528.00
2023/12/19,34.62,36.84,34.38,35.55,5643274,197585504.00
2023/12/20,35.66,35.99,34.48,34.55,5028396,171391888.00
2023/12/21,33.85,35.63,33.85,34.54,4545153,153181936.00
2023/12/22,34.39,34.52,32.23,32.36,6810230,219180880.00
2023/12/25,32.35,32.95,31.83,32.31,3207704,101139048.00
2023/12/26,32.37,32.97,31.65,31.81,3077614,96736328.00
2023/12/27,31.75,32.24,30.97,31.18,4756791,144829392.00
2023/12/28,31.19,31.93,30.67,31.44,3900108,119581048.00
2023/12/29,31.25,32.49,31.25,32.00,4862597,151487392.00
2024/01/02,31.88,32.74,31.41,31.48,4986673,155405200.00
2024/01/03,31.26,31.78,30.73,31.25,3677062,111702448.00
2024/01/04,31.16,31.65,30.58,31.45,3294863,100111904.00
2024/01/05,31.48,31.62,30.69,30.84,3026871,91731864.00
2024/01/08,30.89,31.20,30.57,30.61,2016970,60637708.00
2024/01/09,30.67,31.10,30.15,30.65,2422778,71924096.00
2024/01/10,30.33,30.43,29.65,29.79,2139862,62145264.00
2024/01/11,29.82,30.57,29.66,30.42,2477866,72865768.00
2024/01/12,30.35,30.61,29.85,29.89,1483928,43498400.00
2024/01/15,29.84,30.59,29.79,30.04,2165064,63524812.00
2024/01/16,30.06,30.50,29.27,29.68,1939390,55806376.00
2024/01/17,29.61,29.70,28.76,28.81,1730877,49183332.00
2024/01/18,29.00,29.00,27.87,28.76,1954850,53949400.00
2024/01/19,29.55,29.89,28.76,28.76,3367951,95419080.00
2024/01/22,28.17,28.93,26.68,26.78,3328983,90031808.00
2024/01/23,26.88,27.61,26.78,27.50,2431874,64329632.00
2024/01/24,27.54,28.08,26.83,28.04,2853038,76159672.00
2024/01/25,28.02,28.98,27.45,28.86,3416239,94169760.00
2024/01/26,28.73,29.14,28.31,28.54,3017068,84049608.00
2024/01/29,28.65,29.67,27.95,27.95,3408600,94614728.00
2024/01/30,27.80,27.92,26.75,26.79,2311129,61099988.00
2024/01/31,27.00,28.82,26.35,26.39,5698565,151910112.00
2024/02/01,24.96,26.45,24.73,25.77,4472982,110797328.00
2024/02/02,25.62,26.74,23.85,25.02,3964026,97599448.00
2024/02/05,24.45,24.62,21.74,21.85,4629736,101465056.00
2024/02/06,21.93,23.48,20.75,22.89,4072894,86878512.00
2024/02/07,23.03,24.90,22.46,22.75,6266856,142522368.00
2024/02/08,22.85,24.30,22.20,24.25,7382828,167023808.00
2024/02/19,25.25,26.13,24.75,25.88,8137045,201149936.00
数据来源:通达信
