301550 斯菱股份 日线 后复权
      日期	    开盘	    最高	    最低	    收盘	    成交量	    成交额
2023/09/15,55.00,62.88,54.97,55.08,19608696,1119802112.00
2023/09/18,49.78,53.95,48.36,49.03,13394745,678418560.00
2023/09/19,49.00,52.98,48.00,50.94,12922341,656713088.00
2023/09/20,46.03,49.08,46.03,47.21,11815411,558071744.00
2023/09/21,46.11,47.80,43.51,43.57,11137225,503152320.00
2023/09/22,43.48,44.00,41.23,42.06,9322457,395210176.00
2023/09/25,43.05,44.81,42.50,42.82,10099233,439328128.00
2023/09/26,43.00,45.01,41.43,44.58,11351816,496161920.00
2023/09/27,43.10,46.95,42.73,45.54,12772832,570936000.00
2023/09/28,46.27,48.88,45.62,46.57,11566981,544446528.00
2023/10/09,47.50,49.88,46.38,48.96,9220854,442396224.00
2023/10/10,48.00,55.55,48.00,50.04,9168723,467040512.00
2023/10/11,50.00,53.50,46.73,51.82,8165973,407555008.00
2023/10/12,50.19,51.77,48.58,50.30,4931757,247844576.00
2023/10/13,49.67,53.29,49.29,50.49,4510239,229572896.00
2023/10/16,49.71,50.69,48.29,49.26,3093159,152474304.00
2023/10/17,49.50,49.99,46.72,49.70,4096189,198158816.00
2023/10/18,48.99,49.18,47.67,47.92,2490425,120431944.00
2023/10/19,48.02,48.50,46.01,46.32,2059367,96695424.00
2023/10/20,46.46,49.80,46.32,47.02,2632446,126652672.00
2023/10/23,45.50,47.51,44.51,44.86,2080598,95015008.00
2023/10/24,44.45,46.39,44.18,45.76,1787430,81591944.00
2023/10/25,46.15,49.00,46.08,47.40,2737564,130210368.00
2023/10/26,48.35,55.83,46.82,51.62,6641901,336718848.00
2023/10/27,52.00,53.48,49.00,52.61,6427782,329500352.00
2023/10/30,51.15,53.90,50.00,52.32,4324551,223711744.00
2023/10/31,51.57,53.50,50.55,50.91,2872311,148846272.00
2023/11/01,50.72,54.37,50.31,52.56,3912156,205016528.00
2023/11/02,52.21,52.58,49.80,49.80,2868651,145330784.00
2023/11/03,51.70,57.98,51.68,54.80,7230723,392485024.00
2023/11/06,55.00,56.17,52.54,54.30,5684978,305742528.00
2023/11/07,53.00,53.95,52.00,53.10,4382771,232146432.00
2023/11/08,52.66,52.82,50.13,51.32,3762713,193191136.00
2023/11/09,51.15,51.22,48.75,49.05,3436135,169972512.00
2023/11/10,48.38,50.70,48.15,49.96,3118642,154330320.00
2023/11/13,49.61,53.45,49.61,52.59,4793746,249509472.00
2023/11/14,52.50,53.79,51.61,53.20,2943953,155471696.00
2023/11/15,56.20,62.19,55.00,60.12,8747540,506363264.00
2023/11/16,58.60,59.20,56.48,56.77,5388076,310225760.00
2023/11/17,56.60,58.38,55.55,56.60,3664204,206947648.00
2023/11/20,55.80,59.50,55.23,59.28,5345133,309181120.00
2023/11/21,58.50,58.91,55.71,56.12,4120689,236070208.00
2023/11/22,55.99,56.27,53.77,53.95,3685360,200846560.00
2023/11/23,53.95,55.23,53.24,54.58,2428700,131919600.00
2023/11/24,54.49,54.50,51.48,53.15,2913963,153447424.00
2023/11/27,53.01,55.20,52.80,55.03,2876302,156985792.00
2023/11/28,54.52,55.38,52.85,53.32,2443257,133049392.00
2023/11/29,53.30,54.74,52.14,52.39,3205140,171037088.00
2023/11/30,52.60,54.28,50.90,52.31,3743715,195432608.00
2023/12/01,52.00,52.55,50.58,52.25,2385897,122856880.00
2023/12/04,51.99,52.49,49.92,50.45,2342431,119259008.00
2023/12/05,50.00,50.15,48.50,48.53,2589623,127379536.00
2023/12/06,48.54,49.77,48.28,49.33,1995580,98145144.00
2023/12/07,49.38,49.58,47.90,47.90,1606830,77778648.00
2023/12/08,48.13,48.40,47.17,47.92,1382165,66010900.00
2023/12/11,48.00,50.31,47.22,50.13,2388380,117528128.00
2023/12/12,50.60,50.80,49.20,49.60,1490438,74116904.00
2023/12/13,49.55,52.30,48.33,50.82,3419047,173087424.00
2023/12/14,50.40,51.78,48.17,48.39,2409200,118709800.00
2023/12/15,48.03,49.10,47.21,48.05,1053340,50744912.00
2023/12/18,48.01,48.65,47.20,47.63,990280,47319308.00
2023/12/19,47.13,48.38,47.11,47.79,849500,40538768.00
2023/12/20,48.12,49.13,47.11,47.33,1266822,61165536.00
2023/12/21,47.18,48.23,46.08,47.29,1425143,67214000.00
2023/12/22,47.01,47.97,46.00,46.50,1142520,53675400.00
2023/12/25,46.19,47.47,46.19,46.58,650939,30450812.00
2023/12/26,46.49,46.49,44.94,45.30,962518,43660928.00
2023/12/27,45.35,46.20,44.80,45.76,954539,43349784.00
2023/12/28,45.76,46.67,45.27,45.60,1563280,71878896.00
2023/12/29,46.00,46.79,45.38,46.38,1822117,84049912.00
2024/01/02,46.35,49.85,46.23,49.07,3077523,149099600.00
2024/01/03,48.53,48.99,46.88,47.10,2331408,110856256.00
2024/01/04,46.99,47.10,45.40,46.28,1265493,58454192.00
2024/01/05,45.92,47.52,45.37,45.65,1031544,47875616.00
2024/01/08,45.89,46.00,43.50,43.93,1115882,49659704.00
2024/01/09,44.03,46.43,43.62,44.17,1051540,47022024.00
2024/01/10,44.00,44.57,42.50,43.72,777676,33993172.00
2024/01/11,43.60,44.86,43.18,44.81,766100,34090544.00
2024/01/12,44.89,45.20,43.25,43.55,816026,36003788.00
2024/01/15,43.32,43.90,42.33,42.74,756760,32484816.00
2024/01/16,42.98,42.99,42.01,42.48,547500,23236296.00
2024/01/17,42.33,42.47,39.60,40.00,1155966,47543020.00
2024/01/18,40.00,40.80,37.80,40.17,1635052,64624732.00
2024/01/19,39.95,40.52,38.53,38.61,1047904,41121560.00
2024/01/22,38.25,39.00,35.99,36.29,1538581,57474772.00
2024/01/23,36.00,37.30,36.00,36.78,1304000,47765160.00
2024/01/24,36.85,37.79,35.03,36.90,1897838,69600432.00
2024/01/25,36.76,37.80,36.09,37.55,1734565,64705496.00
2024/01/26,37.80,37.80,36.13,36.35,1251540,45995968.00
2024/01/29,36.90,37.29,35.51,35.69,1295269,46976036.00
2024/01/30,35.59,36.21,34.00,34.56,1160096,40838188.00
2024/01/31,34.45,35.20,33.10,33.20,1083238,36829324.00
2024/02/01,32.94,33.38,31.88,32.45,1197300,39061272.00
2024/02/02,32.60,33.18,29.02,30.20,1802784,56086016.00
2024/02/05,29.64,30.30,25.51,25.53,2686655,72789264.00
2024/02/06,25.08,28.50,24.44,27.38,2910477,76569584.00
2024/02/07,28.20,28.72,25.26,25.99,3394136,92538176.00
2024/02/08,25.22,29.07,25.16,28.92,3366287,91892536.00
2024/02/19,29.40,29.99,28.73,28.77,2550902,74526088.00
数据来源:通达信
