301360 荣旗科技 日线 后复权
      日期	    开盘	    最高	    最低	    收盘	    成交量	    成交额
2023/04/25,60.00,69.97,55.00,65.31,5273824,315633536.00
2023/04/26,60.50,71.55,59.21,68.23,4503036,298772320.00
2023/04/27,65.99,71.55,63.18,66.90,3001609,202988976.00
2023/04/28,67.50,72.54,67.50,70.42,2969128,209872832.00
2023/05/04,71.78,72.00,64.62,65.70,2783820,188532496.00
2023/05/05,62.87,62.87,58.01,59.00,2082676,125670480.00
2023/05/08,58.30,67.00,57.50,65.34,1875245,116985032.00
2023/05/09,65.33,70.50,64.30,68.00,1905118,128841176.00
2023/05/10,68.00,69.88,66.40,67.56,1651272,112176136.00
2023/05/11,67.22,73.00,67.22,69.97,1678708,119149832.00
2023/05/12,70.11,71.97,68.22,68.86,1351632,94186352.00
2023/05/15,68.15,68.73,66.00,66.95,887010,59647640.00
2023/05/16,67.50,80.34,67.23,80.34,4947262,385478816.00
2023/05/17,75.80,83.88,75.20,82.93,4966495,391871712.00
2023/05/18,78.80,99.48,77.16,94.06,4918649,424463680.00
2023/05/19,94.62,112.87,94.62,112.87,4603920,485934112.00
2023/05/22,113.00,122.99,107.25,118.16,5453770,618255424.00
2023/05/23,112.00,113.16,102.00,104.00,5640123,596772992.00
2023/05/24,100.80,102.15,96.88,100.70,5196588,517202656.00
2023/05/25,98.35,104.73,94.22,104.18,5333054,527326976.00
2023/05/26,98.55,98.60,90.01,95.85,4495841,424385344.00
2023/05/29,93.00,97.90,92.31,95.44,3124822,297397152.00
2023/05/30,93.61,100.98,93.61,97.01,4148039,407210144.00
2023/05/31,95.51,113.50,95.42,108.36,5088010,528841088.00
2023/06/01,108.01,118.88,103.30,118.00,5557681,615721280.00
2023/06/02,123.00,125.99,106.18,111.00,4855510,569045056.00
2023/06/05,105.56,107.90,100.00,104.05,3341086,348889920.00
2023/06/06,95.00,97.90,88.00,88.81,4783347,438635520.00
2023/06/07,87.50,95.80,87.50,92.84,4033995,375421568.00
2023/06/08,92.00,94.66,88.01,89.20,2662322,241030848.00
2023/06/09,89.40,89.48,84.73,86.20,2292761,197074896.00
2023/06/12,85.50,89.55,83.66,88.08,2516689,218564336.00
2023/06/13,88.80,93.98,85.28,93.35,3200152,287553952.00
2023/06/14,92.00,92.99,89.31,89.60,1826240,165281136.00
2023/06/15,88.88,90.63,85.80,86.51,2101146,184539504.00
2023/06/16,87.51,88.37,85.23,86.75,1891793,163981232.00
2023/06/19,86.99,88.83,86.18,88.07,1603614,140787104.00
2023/06/20,89.98,105.00,89.72,100.99,4193847,398762848.00
2023/06/21,99.00,105.98,96.60,97.72,2216058,222464384.00
2023/06/26,97.00,105.58,93.50,100.31,2526588,254543008.00
2023/06/27,98.27,104.88,96.01,104.00,2594343,260554592.00
2023/06/28,104.00,111.00,100.86,101.20,2622040,277084224.00
2023/06/29,98.40,109.42,96.80,106.99,2474622,256315360.00
2023/06/30,108.70,111.28,102.45,104.28,1857470,196657728.00
2023/07/03,101.72,106.89,99.66,102.00,1651607,169838448.00
2023/07/04,101.01,102.66,97.91,98.10,1744913,173858064.00
2023/07/05,98.52,100.70,95.50,98.00,1552624,151285648.00
2023/07/06,97.00,98.77,95.69,98.08,953436,92939384.00
2023/07/07,97.02,98.08,93.00,93.03,1154022,109171920.00
2023/07/10,92.02,94.51,91.50,92.46,630021,58535436.00
2023/07/11,93.15,97.00,91.00,95.64,1093557,102968728.00
2023/07/12,94.80,96.30,92.50,92.83,717923,67749168.00
2023/07/13,93.39,97.37,93.01,96.08,745312,71221992.00
2023/07/14,97.20,97.77,93.78,94.00,874735,83506320.00
2023/07/17,92.78,95.46,92.69,93.38,424197,39742440.00
2023/07/18,93.00,98.19,92.36,94.25,1195081,114281712.00
2023/07/19,93.12,96.80,92.01,95.47,864527,81805816.00
2023/07/20,95.48,99.80,94.77,97.72,1533545,148964816.00
2023/07/21,96.62,96.62,89.66,90.20,1407800,130818152.00
2023/07/24,87.02,88.82,85.70,87.29,557518,48689232.00
2023/07/25,87.98,89.85,86.69,89.00,538977,47523216.00
2023/07/26,88.99,92.00,87.58,89.00,652206,58477324.00
2023/07/27,88.21,89.79,86.60,87.08,568111,49716200.00
2023/07/28,87.09,87.50,80.00,81.29,1232419,102050896.00
2023/07/31,80.70,82.18,79.50,80.01,690767,55691388.00
2023/08/01,80.24,86.89,79.00,85.81,1145494,95348768.00
2023/08/02,85.81,92.41,84.53,88.96,1168537,104434656.00
2023/08/03,88.09,91.46,87.00,90.00,821698,73784752.00
2023/08/04,89.03,91.58,87.59,89.79,682512,61169804.00
2023/08/07,88.35,92.48,88.35,91.04,564392,51513252.00
2023/08/08,94.18,98.87,91.51,91.59,1562208,148488480.00
2023/08/09,90.15,93.60,89.01,90.28,819332,74369304.00
2023/08/10,88.00,91.00,87.65,87.97,823143,72983752.00
2023/08/11,87.95,88.90,86.50,87.52,553235,48693688.00
2023/08/14,87.50,88.23,83.50,84.96,586224,49812788.00
2023/08/15,83.80,85.88,82.01,82.73,546924,45581656.00
2023/08/16,82.60,82.76,80.35,80.95,477306,38827092.00
2023/08/17,80.10,83.33,79.35,81.22,698692,56580304.00
2023/08/18,80.80,81.73,79.15,79.19,857294,68971776.00
2023/08/21,79.19,80.77,78.86,79.50,548186,43730648.00
2023/08/22,79.51,80.75,75.91,78.84,758300,59053784.00
2023/08/23,77.15,78.95,75.21,75.31,462373,35307860.00
2023/08/24,75.02,76.98,74.25,74.49,469006,35226484.00
2023/08/25,74.40,74.43,71.60,72.22,416327,30205474.00
2023/08/28,75.55,77.43,71.34,72.01,594594,44381156.00
2023/08/29,72.07,76.36,72.07,75.80,654963,49140596.00
2023/08/30,76.50,81.70,76.50,81.20,1150063,91775272.00
2023/08/31,83.01,88.36,80.69,84.00,2272192,191036576.00
2023/09/01,82.50,83.33,79.80,80.59,1236242,100244808.00
2023/09/04,80.59,81.50,78.80,80.00,692792,55167296.00
2023/09/05,81.49,83.09,80.31,82.00,976100,79829936.00
2023/09/06,80.60,83.91,80.45,83.00,868500,71355928.00
2023/09/07,81.94,83.00,80.68,81.08,540884,44115336.00
2023/09/08,90.05,95.67,81.61,83.30,2482342,215073520.00
2023/09/11,78.30,80.00,73.50,77.30,2156095,164175072.00
2023/09/12,76.00,79.79,75.74,78.99,1300000,101616384.00
2023/09/13,77.22,77.96,73.15,75.00,1200339,90241424.00
2023/09/14,75.05,75.60,71.51,71.90,801401,58231000.00
2023/09/15,71.90,72.31,69.33,70.22,744024,52209468.00
2023/09/18,70.22,71.15,68.44,70.81,572602,40200036.00
2023/09/19,71.03,71.13,67.95,68.44,491154,33883524.00
2023/09/20,68.40,68.88,67.00,67.06,390208,26453504.00
2023/09/21,67.06,67.60,65.52,66.88,286845,19247628.00
2023/09/22,66.99,69.00,66.27,68.30,500945,34012344.00
2023/09/25,68.30,69.60,67.00,68.59,355646,24220236.00
2023/09/26,68.80,70.25,67.54,69.18,519698,35946220.00
2023/09/27,69.50,69.80,68.03,68.04,402558,27649590.00
2023/09/28,68.41,71.55,67.61,68.82,562695,39008492.00
2023/10/09,68.68,69.90,68.01,68.72,429478,29655224.00
2023/10/10,68.77,70.58,68.20,69.96,488124,33960284.00
2023/10/11,70.28,74.50,69.24,74.07,1294312,93888448.00
2023/10/12,73.79,74.36,71.61,72.27,725605,52729744.00
2023/10/13,73.15,73.15,70.00,70.16,546100,38604200.00
2023/10/16,70.76,70.95,67.78,68.23,539906,37074956.00
2023/10/17,68.25,68.75,67.10,68.24,332118,22535928.00
2023/10/18,68.24,68.38,66.06,66.60,353945,23649472.00
2023/10/19,66.00,68.59,65.90,66.24,286476,19302316.00
2023/10/20,66.00,67.00,64.53,64.81,311982,20402212.00
2023/10/23,63.73,65.00,62.76,63.53,365666,23260264.00
2023/10/24,62.00,66.13,62.00,65.16,409902,26629196.00
2023/10/25,64.70,64.70,62.28,63.39,833707,52716372.00
2023/10/26,63.09,64.39,61.52,64.22,542532,34235040.00
2023/10/27,63.52,65.29,62.18,64.85,497597,31709528.00
2023/10/30,66.00,66.88,63.03,66.56,587520,38512988.00
2023/10/31,66.88,70.99,65.00,68.73,1341900,91459040.00
2023/11/01,68.73,69.60,67.01,67.80,636673,43274784.00
2023/11/02,68.00,70.89,67.23,67.83,821848,56615084.00
2023/11/03,67.56,71.88,67.56,70.26,1105175,76824704.00
2023/11/06,70.84,76.32,70.26,73.70,1493885,110536776.00
2023/11/07,74.31,80.50,74.31,79.00,2400017,188121888.00
2023/11/08,77.53,77.94,73.26,73.87,1815671,136261776.00
2023/11/09,74.30,75.50,73.31,74.50,1063387,78977272.00
2023/11/10,73.47,86.80,72.67,80.55,2283562,180993488.00
2023/11/13,80.00,80.30,77.15,78.55,1781144,139621392.00
2023/11/14,78.32,79.39,77.15,78.42,922429,72175744.00
2023/11/15,78.80,81.20,77.53,80.11,1221030,97421880.00
2023/11/16,79.20,79.32,78.00,78.57,600406,47194704.00
2023/11/17,76.51,80.16,76.51,78.69,576509,45325456.00
2023/11/20,80.21,90.88,79.07,88.12,2742966,235533328.00
2023/11/21,87.00,87.00,82.03,83.01,1680964,140645408.00
2023/11/22,82.61,82.61,77.62,77.68,1303210,103438608.00
2023/11/23,78.35,79.28,75.41,78.63,1009946,78097984.00
2023/11/24,78.40,78.40,76.51,76.98,584873,45057944.00
2023/11/27,77.10,79.78,76.20,77.96,700517,54760204.00
2023/11/28,79.69,86.60,78.21,81.30,1593222,131343672.00
2023/11/29,81.18,82.19,79.45,80.55,1119242,90257984.00
2023/11/30,81.13,81.13,76.05,77.11,851950,65972936.00
2023/12/01,76.98,76.99,75.00,76.74,670523,50937196.00
2023/12/04,76.02,78.87,76.02,78.45,673786,52243764.00
2023/12/05,78.46,80.30,77.04,78.15,615921,48403808.00
2023/12/06,78.16,78.88,75.85,76.47,482565,37221196.00
2023/12/07,76.47,83.00,75.66,79.92,1890751,152284480.00
2023/12/08,79.93,83.30,79.93,81.30,1516877,124306496.00
2023/12/11,81.00,88.00,79.12,83.45,2124023,179359824.00
2023/12/12,82.20,83.47,80.52,83.02,1280669,104696744.00
2023/12/13,82.59,84.40,80.59,80.59,1144869,94683984.00
2023/12/14,80.94,82.60,79.02,79.17,806113,64579244.00
2023/12/15,79.74,82.85,77.63,79.61,945238,75827400.00
2023/12/18,79.60,79.60,76.12,76.68,702768,54526076.00
2023/12/19,76.68,81.27,75.20,80.92,945894,75173936.00
2023/12/20,81.91,96.59,81.75,89.00,3760027,334197536.00
2023/12/21,87.21,87.66,81.16,85.89,2582462,217049760.00
2023/12/22,85.00,89.00,79.64,81.61,1956247,164940096.00
2023/12/25,81.62,91.69,81.62,88.79,2472598,216421616.00
2023/12/26,86.99,87.80,83.11,85.77,1900454,161733680.00
2023/12/27,86.00,90.00,83.01,89.06,2031024,177177632.00
2023/12/28,88.95,93.80,87.30,89.07,2236380,202626048.00
2023/12/29,89.36,98.74,88.39,93.60,2892121,271877920.00
2024/01/02,92.05,94.99,89.46,90.79,1874378,171706576.00
2024/01/03,89.38,89.40,83.28,84.77,1835737,156666128.00
2024/01/04,85.00,85.27,81.01,81.30,1110861,91436936.00
2024/01/05,81.46,82.89,78.55,79.39,880877,70649880.00
2024/01/08,79.04,80.68,77.56,77.94,601518,47618176.00
2024/01/09,77.37,81.57,76.50,78.79,879601,70059336.00
2024/01/10,76.91,77.43,68.80,68.92,1641650,118522272.00
2024/01/11,67.54,71.13,66.66,69.86,1368685,94140320.00
2024/01/12,69.80,69.80,66.20,66.98,1187040,80000424.00
2024/01/15,66.75,67.68,65.00,66.25,716487,47389004.00
2024/01/16,65.98,66.73,64.58,66.26,592103,38780092.00
2024/01/17,65.79,66.50,62.50,63.45,807769,52094800.00
2024/01/18,63.20,65.92,61.30,65.85,1214394,77412368.00
2024/01/19,64.99,66.00,62.12,62.15,753996,48093336.00
2024/01/22,63.40,67.05,61.50,63.19,1646854,106467416.00
2024/01/23,62.00,63.49,60.25,61.57,1309062,80827464.00
2024/01/24,61.15,62.00,58.05,60.90,1064903,63784132.00
2024/01/25,60.66,62.80,59.44,62.18,923499,56714196.00
2024/01/26,62.01,62.01,59.06,59.11,1289530,77231136.00
2024/01/29,59.29,60.39,56.57,57.25,806450,46733240.00
2024/01/30,56.95,58.02,53.84,53.99,920486,51030112.00
2024/01/31,54.03,54.48,49.50,49.94,1134756,58383536.00
2024/02/01,49.77,51.50,48.95,49.85,959644,48221860.00
2024/02/02,50.00,51.36,44.72,46.80,1260032,59890260.00
2024/02/05,46.08,46.78,40.57,40.89,1194971,51065112.00
2024/02/06,39.90,43.87,38.20,42.45,1205005,49162144.00
2024/02/07,42.51,43.20,37.55,38.68,1558483,63362900.00
2024/02/08,37.88,46.42,37.20,46.42,2092426,87360872.00
2024/02/19,47.00,51.58,46.54,47.62,1876654,91146696.00
数据来源:通达信
