300968 格林精密 日线 后复权
      日期	    开盘	    最高	    最低	    收盘	    成交量	    成交额
2021/04/15,25.00,26.31,21.60,21.81,69032107,1681231360.00
2021/04/16,20.80,26.00,20.80,23.69,55713843,1339723392.00
2021/04/19,22.50,22.78,20.91,21.61,42859790,931136960.00
2021/04/20,21.17,22.17,20.08,20.35,36661138,765270016.00
2021/04/21,19.88,20.10,18.68,19.52,34015767,659281600.00
2021/04/22,19.34,19.65,18.91,19.16,18369919,353286528.00
2021/04/23,19.15,19.79,19.01,19.27,19169447,372935584.00
2021/04/26,19.20,19.38,18.50,18.52,17268946,323350912.00
2021/04/27,18.37,18.52,17.09,17.23,18114592,319096992.00
2021/04/28,17.23,18.28,17.10,17.81,17382676,309956832.00
2021/04/29,17.55,19.58,17.37,18.77,28896469,530761248.00
2021/04/30,18.33,18.53,17.51,17.51,15758982,284048128.00
2021/05/06,17.60,18.27,17.42,17.85,9986084,178491472.00
2021/05/07,18.00,18.52,17.80,18.03,13081597,237672032.00
2021/05/10,18.00,18.00,17.20,17.40,11178266,194872448.00
2021/05/11,17.35,17.97,17.12,17.61,8714255,153705472.00
2021/05/12,17.40,17.74,17.15,17.62,10014413,174334256.00
2021/05/13,17.64,18.51,17.49,18.08,13742680,248185232.00
2021/05/14,18.10,18.35,17.85,17.91,11129491,200895648.00
2021/05/17,18.13,18.18,17.46,18.05,9646728,172080304.00
2021/05/18,17.88,18.22,17.76,17.84,8060840,144622736.00
2021/05/19,17.63,18.00,17.44,17.80,7153907,127268032.00
2021/05/20,17.66,17.91,17.27,17.29,8570493,150274576.00
2021/05/21,17.25,17.42,17.14,17.17,6194685,106814472.00
2021/05/24,17.20,17.25,16.62,16.65,8934606,150163648.00
2021/05/25,16.69,17.27,16.31,17.24,12972732,218531984.00
2021/05/26,17.03,17.32,16.93,17.12,8024101,137355536.00
2021/05/27,17.11,17.41,17.01,17.16,7524173,129686232.00
2021/05/28,17.34,17.34,16.58,16.65,8725066,147071296.00
2021/05/31,16.80,16.85,16.54,16.72,5321899,88812296.00
2021/06/01,16.80,16.95,16.65,16.90,5549345,93595200.00
2021/06/02,17.00,17.18,16.89,17.08,6931559,118135776.00
2021/06/03,17.18,17.68,16.90,17.28,11452613,197645984.00
2021/06/04,17.06,17.23,16.82,16.83,7080706,120639800.00
2021/06/07,16.85,16.96,16.64,16.65,5248632,87921600.00
2021/06/08,16.68,16.93,16.61,16.69,4703678,78746512.00
2021/06/09,16.71,16.94,16.67,16.81,4084090,68675760.00
2021/06/10,16.75,16.80,16.52,16.68,5138879,85541624.00
2021/06/11,16.60,16.80,16.54,16.60,4346602,72510376.00
2021/06/15,16.66,16.66,16.04,16.06,6269423,101937208.00
2021/06/16,16.01,16.13,15.47,15.55,6188461,97449984.00
2021/06/17,15.53,15.75,15.46,15.57,3761180,58657524.00
2021/06/18,15.53,16.20,15.53,16.06,5871440,94025136.00
2021/06/21,16.07,16.23,15.88,16.12,4269422,68750000.00
2021/06/22,16.06,16.35,16.06,16.26,4864765,78871712.00
2021/06/23,16.26,16.32,16.06,16.16,4374496,70789040.00
2021/06/24,16.09,16.13,15.74,15.80,5313763,84217272.00
2021/06/25,15.85,16.07,15.73,15.94,4619826,73393272.00
2021/06/28,15.84,16.18,15.84,16.14,4723524,75804656.00
2021/06/29,16.19,16.19,15.73,15.77,4128964,65578840.00
2021/06/30,15.75,15.90,15.71,15.80,3026510,47766504.00
2021/07/01,15.80,15.88,15.44,15.45,4165328,64836028.00
2021/07/02,15.44,15.55,15.18,15.20,3452709,52939732.00
2021/07/05,15.29,15.29,15.06,15.27,3057264,46431704.00
2021/07/06,15.28,15.65,15.18,15.61,4604325,71054296.00
2021/07/07,15.50,16.95,15.37,16.50,12615857,204659376.00
2021/07/08,16.30,16.65,16.06,16.07,8423152,137560736.00
2021/07/09,16.00,16.27,15.79,16.15,5867320,93892976.00
2021/07/12,16.13,16.56,16.01,16.42,6531052,106413024.00
2021/07/13,16.48,16.54,16.18,16.26,5405925,88251280.00
2021/07/14,16.22,16.24,15.87,15.87,4814089,77118136.00
2021/07/15,15.82,15.95,15.42,15.55,3876607,60655360.00
2021/07/16,15.56,15.76,15.53,15.55,2991088,46698708.00
2021/07/19,15.40,15.54,15.25,15.46,2867741,44100080.00
2021/07/20,15.34,15.57,15.34,15.55,2376386,36797516.00
2021/07/21,15.50,15.63,15.50,15.54,2853105,44430168.00
2021/07/22,15.50,15.54,15.23,15.30,4248409,65067220.00
2021/07/23,15.29,15.36,14.71,14.71,5525411,82866200.00
2021/07/26,14.68,14.80,14.02,14.29,4650685,66640952.00
2021/07/27,14.30,14.69,14.19,14.37,3414534,49264740.00
2021/07/28,14.31,14.37,13.50,13.70,3674580,50806668.00
2021/07/29,13.80,13.99,13.77,13.90,3136311,43563868.00
2021/07/30,13.90,14.34,13.82,14.22,3525581,49913388.00
2021/08/02,14.22,14.54,14.07,14.46,3390209,48536688.00
2021/08/03,14.48,14.73,14.36,14.36,3794300,55076108.00
2021/08/04,14.32,14.57,14.25,14.51,3430765,49536532.00
2021/08/05,14.43,14.63,14.36,14.44,3240407,46969636.00
2021/08/06,14.41,14.51,13.92,13.99,4586318,64981044.00
2021/08/09,13.90,14.83,13.86,14.72,7070438,102976752.00
2021/08/10,14.62,14.75,14.54,14.67,3629837,53126192.00
2021/08/11,14.73,14.97,14.57,14.90,4911444,72764880.00
2021/08/12,14.81,14.98,14.63,14.67,3933817,58068044.00
2021/08/13,14.70,15.24,14.60,15.13,7649607,114863600.00
2021/08/16,15.11,15.59,14.86,15.41,7534100,115131840.00
2021/08/17,15.27,15.51,14.77,14.88,6069225,91716384.00
2021/08/18,14.75,15.00,14.57,14.76,4110453,60625108.00
2021/08/19,14.77,14.93,14.51,14.51,3138296,46139568.00
2021/08/20,14.44,14.45,14.07,14.14,3490455,49475316.00
2021/08/23,14.27,16.09,14.27,15.67,14030853,216548736.00
2021/08/24,15.66,15.89,15.33,15.41,7500153,116510888.00
2021/08/25,15.41,15.55,15.26,15.37,4387739,67589904.00
2021/08/26,14.86,14.86,14.10,14.36,12421707,177824704.00
2021/08/27,14.26,14.40,14.16,14.26,4530991,64579252.00
2021/08/30,14.29,14.36,14.01,14.05,4253737,60275988.00
2021/08/31,14.05,14.25,13.83,14.20,3158530,44456796.00
2021/09/01,14.29,14.39,13.95,14.19,3267434,46145572.00
2021/09/02,14.19,14.37,14.16,14.28,3187718,45454448.00
2021/09/03,14.24,14.45,14.19,14.40,3568626,51219152.00
2021/09/06,14.40,14.54,14.30,14.48,3387490,48965912.00
2021/09/07,14.46,14.61,14.40,14.56,3410585,49453212.00
2021/09/08,14.55,14.60,14.42,14.51,3559864,51599396.00
2021/09/09,14.49,14.49,14.26,14.30,3680256,52830024.00
2021/09/10,14.30,14.39,14.23,14.23,2407832,34421064.00
2021/09/13,14.17,14.28,14.11,14.13,1966073,27821680.00
2021/09/14,14.12,14.35,14.11,14.11,2101496,29845852.00
2021/09/15,14.11,14.18,13.96,14.17,1791503,25218266.00
2021/09/16,14.15,14.32,14.10,14.19,2408011,34229364.00
2021/09/17,14.18,14.30,14.12,14.22,2191000,31145774.00
2021/09/22,14.13,14.20,13.93,13.93,2203805,30918324.00
2021/09/23,13.93,14.11,13.90,14.02,1726620,24216224.00
2021/09/24,14.02,14.04,13.71,13.71,2587203,35845116.00
2021/09/27,13.80,13.98,13.53,13.56,1977810,27097156.00
2021/09/28,13.56,13.75,13.53,13.63,1020410,13894155.00
2021/09/29,13.60,13.60,13.03,13.05,2444500,32478580.00
2021/09/30,13.15,13.25,13.04,13.08,1363600,17896944.00
2021/10/08,13.20,13.57,13.20,13.38,1459158,19544378.00
2021/10/11,13.38,13.53,13.35,13.49,1243668,16737620.00
2021/10/12,13.51,13.51,13.11,13.17,1580370,20926030.00
2021/10/13,13.13,13.52,13.11,13.45,1941646,25964280.00
2021/10/14,13.39,13.48,13.31,13.38,1494946,19997014.00
2021/10/15,13.05,13.18,12.90,13.05,5600335,72719448.00
2021/10/18,13.11,13.11,12.85,12.89,2637972,34123692.00
2021/10/19,12.80,12.93,12.80,12.89,1974331,25442402.00
2021/10/20,12.85,12.97,12.80,12.96,1975461,25483476.00
2021/10/21,12.95,12.95,12.66,12.67,2236858,28634980.00
2021/10/22,12.68,12.81,12.61,12.62,1474978,18736668.00
2021/10/25,12.63,12.70,12.39,12.42,2358154,29398694.00
2021/10/26,12.43,13.34,12.38,12.87,4829040,62262824.00
2021/10/27,12.96,13.49,12.83,13.03,7205261,95214136.00
2021/10/28,12.89,12.89,12.30,12.32,4074636,50904200.00
2021/10/29,11.89,12.08,11.72,11.95,3840377,45657108.00
2021/11/01,12.05,12.54,12.04,12.29,3240300,39770556.00
2021/11/02,12.25,12.50,11.92,11.93,3303634,40170744.00
2021/11/03,12.01,13.84,12.01,12.74,7547226,97388520.00
2021/11/04,12.79,12.79,12.47,12.68,4666540,58705532.00
2021/11/05,12.55,13.18,12.55,12.92,5617585,72526264.00
2021/11/08,12.86,13.88,12.80,13.52,9004053,120727392.00
2021/11/09,13.46,13.75,13.14,13.21,6305907,84043736.00
2021/11/10,13.21,14.08,13.16,13.90,11572838,158920528.00
2021/11/11,13.76,14.77,13.70,13.86,14328186,202155760.00
2021/11/12,13.50,13.88,13.41,13.72,8931728,121947480.00
2021/11/15,13.78,14.75,13.61,14.75,16735020,239489008.00
2021/11/16,14.60,14.79,14.20,14.29,12187821,175614320.00
2021/11/17,14.29,14.37,14.05,14.20,6380947,90437592.00
2021/11/18,14.20,14.28,13.65,13.72,7743911,107174088.00
2021/11/19,13.72,14.10,13.63,13.84,5809995,80667096.00
2021/11/22,13.85,14.23,13.77,14.08,5616792,78517856.00
2021/11/23,14.02,14.07,13.76,13.88,4338594,60280968.00
2021/11/24,13.89,14.48,13.78,14.32,9493337,134880944.00
2021/11/25,14.53,14.53,13.88,13.89,7130516,100616360.00
2021/11/26,13.85,14.08,13.60,14.00,5724851,79422448.00
2021/11/29,13.70,13.89,13.63,13.71,3822654,52536400.00
2021/11/30,13.72,14.06,13.72,13.79,4413477,61249764.00
2021/12/01,13.77,14.30,13.60,14.19,8018657,113165152.00
2021/12/02,14.29,14.29,13.61,13.64,6679021,92485576.00
2021/12/03,13.65,13.82,13.56,13.64,3179844,43458648.00
2021/12/06,13.65,13.66,12.82,12.84,6459352,84311288.00
2021/12/07,12.89,12.96,12.60,12.83,2436277,31165970.00
2021/12/08,12.76,13.04,12.76,12.93,1927610,24941600.00
2021/12/09,12.88,13.16,12.87,13.00,2702017,35279936.00
2021/12/10,13.00,13.13,12.94,13.04,2272659,29640284.00
2021/12/13,13.08,13.29,12.99,13.21,2663403,34994564.00
2021/12/14,13.10,15.25,13.08,14.66,22967726,329719264.00
2021/12/15,14.40,14.84,14.20,14.36,16285415,235157376.00
2021/12/16,14.47,14.63,14.10,14.38,10430713,149819376.00
2021/12/17,14.33,14.42,14.12,14.12,5902464,83872120.00
2021/12/20,13.98,14.53,13.98,14.02,6942799,99210360.00
2021/12/21,13.97,14.23,13.83,14.15,3956110,55886520.00
2021/12/22,14.15,14.40,14.05,14.27,5474654,78104272.00
2021/12/23,14.18,14.25,13.80,13.88,5701827,79664544.00
2021/12/24,13.99,14.04,13.45,13.45,4750339,64721240.00
2021/12/27,13.41,13.57,13.20,13.45,2196499,29464914.00
2021/12/28,13.51,13.61,13.39,13.48,2562704,34536452.00
2021/12/29,13.43,13.59,13.23,13.55,2839092,38130804.00
2021/12/30,13.48,13.70,13.47,13.64,3174997,43294360.00
2021/12/31,13.64,13.80,13.56,13.75,3114223,42683952.00
2022/01/04,13.75,14.00,13.71,13.96,3468331,48233764.00
2022/01/05,13.94,14.03,13.47,13.60,4425059,60512712.00
2022/01/06,13.54,13.77,13.48,13.69,2478720,33854460.00
2022/01/07,13.73,13.80,13.18,13.20,4482936,60255912.00
2022/01/10,13.22,13.44,13.07,13.40,2375879,31639466.00
2022/01/11,13.40,13.58,13.31,13.40,2348762,31583506.00
2022/01/12,13.42,13.62,13.42,13.60,2424562,32866996.00
2022/01/13,13.60,13.66,13.45,13.45,2092088,28310642.00
2022/01/14,13.64,13.64,13.27,13.27,2498033,33569060.00
2022/01/17,13.21,13.51,13.20,13.49,2283162,30683066.00
2022/01/18,13.57,13.58,13.13,13.13,3024733,40226224.00
2022/01/19,13.12,13.27,13.05,13.20,1828518,24046778.00
2022/01/20,13.23,13.23,12.63,12.64,3528205,45180752.00
2022/01/21,12.68,12.72,12.21,12.22,2533496,31332576.00
2022/01/24,12.24,12.32,12.16,12.25,1220672,14952762.00
2022/01/25,12.21,12.32,11.63,11.65,2624062,31192514.00
2022/01/26,11.65,11.80,11.60,11.70,1215107,14219350.00
2022/01/27,11.69,11.74,11.00,11.03,2732730,30824746.00
2022/01/28,11.13,11.37,11.07,11.31,1824650,20598176.00
2022/02/07,11.50,11.56,11.32,11.48,1305268,14998514.00
2022/02/08,11.50,11.68,11.44,11.67,1185146,13720893.00
2022/02/09,11.67,11.84,11.61,11.82,1456511,17151784.00
2022/02/10,11.83,11.84,11.63,11.71,1149857,13448218.00
2022/02/11,11.74,11.74,11.33,11.35,1643942,18823968.00
2022/02/14,11.34,11.60,11.20,11.38,1069098,12240543.00
2022/02/15,11.43,11.50,11.31,11.45,883829,10088589.00
2022/02/16,11.48,11.79,11.48,11.68,1770783,20648744.00
2022/02/17,11.68,11.75,11.55,11.56,1471800,17140704.00
2022/02/18,11.36,11.63,11.34,11.63,1424091,16386335.00
2022/02/21,11.66,11.81,11.62,11.79,1730157,20301834.00
2022/02/22,11.71,11.72,11.46,11.61,1560636,18079620.00
2022/02/23,11.65,11.84,11.64,11.82,1912531,22506594.00
2022/02/24,11.77,11.88,11.35,11.46,2699614,31260084.00
2022/02/25,11.55,11.84,11.55,11.62,1779721,20795450.00
2022/02/28,11.60,11.90,11.42,11.52,1311500,15159271.00
2022/03/01,11.55,11.63,11.54,11.60,911376,10547641.00
2022/03/02,11.58,11.74,11.41,11.66,1253820,14553334.00
2022/03/03,11.66,11.74,11.60,11.65,1329771,15514871.00
2022/03/04,11.62,11.75,11.54,11.71,1918854,22399816.00
2022/03/07,11.58,11.62,11.26,11.32,2230000,25430336.00
2022/03/08,11.34,11.35,10.77,10.83,1977434,21795194.00
2022/03/09,10.84,10.98,9.88,10.48,2561587,26738988.00
2022/03/10,10.62,10.82,10.55,10.58,1620868,17335704.00
2022/03/11,10.47,10.71,10.24,10.67,1406008,14739289.00
2022/03/14,10.62,11.48,10.52,11.06,5158221,57231120.00
2022/03/15,10.89,11.17,10.32,10.33,3075817,33241526.00
2022/03/16,10.45,10.64,10.03,10.57,2408857,25007826.00
2022/03/17,10.65,10.96,10.60,10.71,2527446,27319862.00
2022/03/18,10.67,10.89,10.54,10.82,1402286,15155674.00
2022/03/21,10.82,11.19,10.76,11.13,2901748,32141966.00
2022/03/22,11.13,11.15,10.91,10.93,1602052,17602194.00
2022/03/23,10.95,11.00,10.82,10.88,1209938,13187691.00
2022/03/24,10.88,10.88,10.58,10.60,1322167,14094187.00
2022/03/25,10.64,10.85,10.56,10.57,1247696,13345932.00
2022/03/28,10.55,10.61,10.28,10.51,911700,9548983.00
2022/03/29,10.51,10.58,10.13,10.18,1761210,18166784.00
2022/03/30,10.19,10.33,10.18,10.27,931879,9555066.00
2022/03/31,10.26,10.45,10.19,10.33,1330833,13787039.00
2022/04/01,10.27,10.27,10.12,10.19,1232929,12554283.00
2022/04/06,10.15,10.42,10.14,10.36,1148358,11861378.00
2022/04/07,10.22,10.34,10.09,10.09,1347862,13744386.00
2022/04/08,10.10,10.23,9.82,9.91,1486200,14788614.00
2022/04/11,9.92,9.95,9.40,9.53,1584342,15286186.00
2022/04/12,9.55,9.66,9.41,9.66,893391,8526091.00
2022/04/13,9.63,9.63,9.42,9.48,820396,7821187.50
2022/04/14,9.48,9.60,9.46,9.50,829600,7903072.00
2022/04/15,9.56,9.56,9.23,9.31,1080700,10107088.00
2022/04/18,9.33,9.49,9.12,9.49,976825,9147099.00
2022/04/19,9.45,9.59,9.43,9.54,607004,5779202.00
2022/04/20,9.54,9.67,9.40,9.45,970247,9270364.00
2022/04/21,9.40,9.58,9.15,9.15,1273262,11945748.00
2022/04/22,9.16,9.26,8.95,9.08,1603800,14558896.00
2022/04/25,9.01,9.04,8.12,8.17,2083587,17709954.00
2022/04/26,8.17,8.35,7.83,7.84,1937365,15726227.00
2022/04/27,7.80,8.09,7.65,8.08,1883900,14892874.00
2022/04/28,8.02,8.15,7.71,7.80,1518000,11979629.00
2022/04/29,7.96,8.19,7.84,8.11,1719700,13846701.00
2022/05/05,8.11,8.39,8.05,8.27,1575745,13022737.00
2022/05/06,8.15,8.25,8.09,8.19,1604186,13090977.00
2022/05/09,8.22,8.45,8.19,8.37,1422703,11899442.00
2022/05/10,8.11,8.49,8.02,8.44,1462100,12302661.00
2022/05/11,8.44,8.67,8.40,8.43,2292866,19644892.00
2022/05/12,8.35,8.55,8.32,8.50,1447759,12251157.00
2022/05/13,8.50,8.59,8.41,8.48,1176558,9991222.00
2022/05/16,8.53,8.64,8.39,8.45,935800,7932817.00
2022/05/17,8.40,8.40,8.11,8.27,2750889,22662192.00
2022/05/18,8.26,8.47,8.20,8.39,1987399,16667452.00
2022/05/19,8.21,8.51,8.21,8.41,1566079,13123481.00
2022/05/20,8.48,8.59,8.42,8.46,1820603,15433552.00
2022/05/23,8.52,8.63,8.48,8.59,1865208,15964763.00
2022/05/24,8.58,8.68,8.13,8.16,2201132,18412684.00
2022/05/25,8.16,8.35,8.11,8.32,2026879,16693685.00
2022/05/26,8.45,8.49,8.12,8.33,1897462,15714141.00
2022/05/27,8.34,8.55,8.30,8.40,2305083,19397352.00
2022/05/30,8.44,8.44,8.29,8.41,2166748,18105070.00
2022/05/31,8.37,9.07,8.27,8.87,6917461,60280420.00
2022/06/01,8.97,9.05,8.71,8.80,7547612,67175744.00
2022/06/02,8.81,8.92,8.66,8.88,3884062,34173524.00
2022/06/06,8.85,9.03,8.85,9.02,4059008,36455024.00
2022/06/07,9.11,9.13,8.89,8.93,2711065,24252338.00
2022/06/08,8.92,9.00,8.70,8.84,3019224,26744948.00
2022/06/09,8.84,8.84,8.59,8.64,2315067,20094186.00
2022/06/10,8.56,8.77,8.56,8.72,1698494,14791132.00
2022/06/13,8.62,8.89,8.62,8.84,2327779,20467018.00
2022/06/14,8.78,8.78,8.55,8.78,2020217,17518954.00
2022/06/15,8.82,8.90,8.76,8.78,2382900,21043746.00
2022/06/16,8.76,8.93,8.76,8.84,2207362,19564852.00
2022/06/17,8.81,8.93,8.72,8.91,2566700,22747736.00
2022/06/20,8.91,9.01,8.88,8.92,2225462,19914820.00
2022/06/21,8.88,8.99,8.76,8.90,2432100,21616004.00
2022/06/22,8.92,8.96,8.66,8.75,2341579,20531698.00
2022/06/23,8.65,8.86,8.62,8.86,1793784,15757658.00
2022/06/24,8.86,8.98,8.78,8.94,2093038,18702782.00
2022/06/27,9.04,9.04,8.89,8.98,1962685,17583012.00
2022/06/28,9.03,9.24,8.92,9.17,4546983,41353800.00
2022/06/29,9.17,9.36,9.06,9.07,3615232,33234952.00
2022/06/30,9.17,9.18,9.02,9.06,2102200,19101664.00
2022/07/01,9.02,9.12,8.95,9.05,2021182,18270850.00
2022/07/04,9.06,9.09,8.91,8.96,2021148,18091636.00
2022/07/05,9.01,9.04,8.71,8.81,2179306,19298402.00
2022/07/06,8.78,8.88,8.70,8.80,1789228,15732383.00
2022/07/07,8.82,8.98,8.80,8.97,2386979,21241588.00
2022/07/08,9.05,9.23,8.86,8.90,5039796,44531384.00
2022/07/11,8.92,8.98,8.68,8.75,2412600,20740896.00
2022/07/12,8.78,8.78,8.51,8.51,2262807,18983052.00
2022/07/13,8.59,8.62,8.43,8.58,1386716,11591733.00
2022/07/14,8.56,8.71,8.51,8.70,1746465,14775096.00
2022/07/15,8.68,8.71,8.53,8.54,1770400,14892834.00
2022/07/18,8.53,8.84,8.53,8.84,2763400,23625836.00
2022/07/19,8.76,8.96,8.76,8.96,1824115,15873736.00
2022/07/20,8.96,9.06,8.96,9.04,1785662,15757088.00
2022/07/21,8.96,9.15,8.96,9.10,2409273,21445742.00
2022/07/22,9.06,9.17,8.94,9.07,2135125,18899552.00
2022/07/25,9.07,9.13,8.90,8.92,1218862,10709096.00
2022/07/26,8.93,9.03,8.81,9.02,1706779,14884454.00
2022/07/27,8.96,9.14,8.93,9.13,2161079,19217088.00
2022/07/28,9.15,9.43,9.13,9.38,4904362,44785128.00
2022/07/29,9.55,9.82,9.33,9.34,8878720,82876000.00
2022/08/01,9.40,9.45,9.21,9.40,3801642,34771128.00
2022/08/02,9.32,9.33,9.00,9.07,3549726,31680014.00
2022/08/03,9.07,9.34,9.02,9.02,2502000,22516404.00
2022/08/04,9.10,9.27,9.03,9.26,2595759,23328116.00
2022/08/05,9.30,9.38,9.19,9.38,2953364,26973842.00
2022/08/08,9.42,9.46,9.33,9.42,1991962,18320754.00
2022/08/09,9.40,9.46,9.29,9.46,2265182,20800976.00
2022/08/10,9.47,9.68,9.43,9.58,3245780,30428886.00
2022/08/11,9.57,10.65,9.57,10.28,14200568,141647328.00
2022/08/12,10.21,10.46,10.10,10.14,9794251,98544168.00
2022/08/15,10.11,10.19,9.90,9.93,5382782,52587048.00
2022/08/16,9.97,10.03,9.88,9.97,3278158,31930624.00
2022/08/17,10.09,10.12,9.81,9.97,3624300,35342260.00
2022/08/18,10.02,10.48,9.87,10.37,8410180,84426056.00
2022/08/19,10.34,10.45,10.02,10.06,5164442,51717072.00
2022/08/22,9.93,10.25,9.86,10.06,3346300,33018684.00
2022/08/23,10.01,10.29,9.95,10.25,3924761,39231648.00
2022/08/24,10.25,10.25,9.79,9.80,4610932,44868012.00
2022/08/25,9.79,9.92,9.51,9.64,3263124,30746692.00
2022/08/26,10.06,10.56,10.00,10.05,11404949,114701744.00
2022/08/29,10.03,10.45,9.92,10.19,8322860,83296552.00
2022/08/30,10.16,10.29,10.00,10.05,4485499,44557908.00
2022/08/31,10.07,10.10,9.69,9.70,3935162,37792300.00
2022/09/01,9.73,10.11,9.68,9.87,4039737,39065764.00
2022/09/02,9.95,9.97,9.84,9.92,2576126,24988828.00
2022/09/05,9.92,9.97,9.65,9.74,2269096,21704480.00
2022/09/06,9.75,9.83,9.61,9.69,2431005,23015792.00
2022/09/07,9.71,9.76,9.55,9.61,2657400,25118460.00
2022/09/08,9.62,9.65,9.40,9.41,2460931,22840156.00
2022/09/09,9.44,9.47,9.33,9.44,1348600,12423160.00
2022/09/13,9.44,9.57,9.33,9.34,1678924,15489591.00
2022/09/14,9.30,9.30,9.15,9.26,1525982,13783195.00
2022/09/15,9.30,9.30,8.90,9.00,1814927,16107640.00
2022/09/16,9.01,9.09,8.76,8.78,1782539,15550708.00
2022/09/19,8.78,8.90,8.57,8.62,947444,8027481.00
2022/09/20,8.68,8.77,8.63,8.72,883907,7538549.00
2022/09/21,8.79,8.94,8.56,8.89,1303312,11192361.00
2022/09/22,8.81,8.94,8.80,8.80,767692,6649244.50
2022/09/23,8.83,8.83,8.57,8.64,1090701,9261031.00
2022/09/26,8.64,8.66,8.37,8.42,1218667,10099920.00
2022/09/27,8.42,8.63,8.39,8.56,1263200,10530973.00
2022/09/28,8.54,8.63,8.39,8.40,1223100,10156782.00
2022/09/29,8.43,8.56,8.33,8.36,1364099,11228083.00
2022/09/30,8.36,8.54,8.30,8.41,1181000,9686742.00
2022/10/10,8.48,8.49,8.17,8.19,1839511,14810078.00
2022/10/11,8.13,8.30,8.09,8.14,1024300,8160742.00
2022/10/12,8.23,8.42,8.11,8.40,1330277,10717470.00
2022/10/13,8.32,8.64,8.32,8.57,1480139,12340335.00
2022/10/14,8.55,8.74,8.55,8.73,1409082,11969213.00
2022/10/17,8.75,8.95,8.73,8.93,1537400,13342195.00
2022/10/18,8.96,9.05,8.88,8.96,1557400,13627088.00
2022/10/19,8.90,9.18,8.90,9.06,2509043,22272074.00
2022/10/20,9.00,9.25,8.94,9.11,2194569,19577132.00
2022/10/21,9.20,9.21,9.06,9.11,1048815,9362285.00
2022/10/24,9.09,9.26,8.94,8.96,1535179,13664757.00
2022/10/25,8.96,9.09,8.89,9.01,1731700,15216953.00
2022/10/26,9.01,9.22,8.99,9.17,2223800,19901974.00
2022/10/27,9.30,9.48,9.18,9.18,3859500,35058360.00
2022/10/28,9.14,9.33,8.82,8.86,3010649,26680014.00
2022/10/31,8.90,9.11,8.80,8.98,2258927,19889484.00
2022/11/01,9.07,9.17,8.99,9.16,3385300,30188112.00
2022/11/02,9.26,9.68,9.26,9.50,9482155,88071568.00
2022/11/03,9.37,9.65,9.23,9.34,7198218,66078964.00
2022/11/04,9.30,9.49,9.22,9.45,5519634,50556292.00
2022/11/07,9.47,9.51,9.32,9.39,3752100,34528744.00
2022/11/08,9.38,9.44,9.27,9.38,2570930,23500504.00
2022/11/09,9.36,9.40,9.28,9.34,2484336,22709342.00
2022/11/10,9.26,9.38,9.26,9.30,2268200,20708604.00
2022/11/11,9.49,9.55,9.27,9.27,3834328,35175748.00
2022/11/14,9.32,9.38,9.20,9.28,2278708,20708664.00
2022/11/15,9.27,9.43,9.22,9.43,4284669,39345444.00
2022/11/16,9.44,9.50,9.38,9.46,3399100,31373188.00
2022/11/17,9.42,9.48,9.35,9.48,2149600,19771932.00
2022/11/18,9.45,9.58,9.37,9.40,3812099,35460480.00
2022/11/21,9.37,9.43,9.12,9.24,5825704,52533116.00
2022/11/22,9.29,9.38,9.13,9.16,3479699,31545568.00
2022/11/23,9.19,9.19,8.89,9.01,2840500,25003472.00
2022/11/24,9.05,9.08,8.98,9.00,1526019,13460108.00
2022/11/25,9.01,9.07,8.89,8.89,1807866,15853782.00
2022/11/28,8.83,8.89,8.70,8.78,2654428,22712904.00
2022/11/29,8.76,8.93,8.73,8.89,2293900,19918920.00
2022/11/30,8.88,8.92,8.82,8.83,2015601,17470028.00
2022/12/01,8.96,8.99,8.85,8.87,2065745,18028774.00
2022/12/02,8.95,8.97,8.85,8.94,2208481,19287744.00
2022/12/05,8.98,9.08,8.96,8.99,2762821,24336328.00
2022/12/06,9.00,9.11,8.96,9.03,2473979,21853852.00
2022/12/07,9.01,9.05,8.92,8.93,1958700,17202094.00
2022/12/08,9.01,9.03,8.84,8.85,1958900,17025000.00
2022/12/09,8.85,8.91,8.71,8.77,2551379,21920614.00
2022/12/12,8.75,8.83,8.64,8.79,2657449,22719204.00
2022/12/13,8.82,8.84,8.66,8.69,2027872,17324436.00
2022/12/14,8.67,8.89,8.66,8.68,2632700,22533200.00
2022/12/15,8.68,8.86,8.60,8.74,2394800,20519840.00
2022/12/16,8.81,8.81,8.57,8.59,2853600,24073024.00
2022/12/19,8.61,8.62,8.36,8.37,2575800,21272844.00
2022/12/20,8.37,8.50,8.36,8.44,2091787,17219892.00
2022/12/21,8.48,8.51,8.29,8.37,1786284,14628935.00
2022/12/22,8.32,8.54,8.23,8.24,2296513,18709966.00
2022/12/23,8.24,8.30,8.15,8.23,1755600,14065984.00
2022/12/26,8.18,8.32,8.17,8.30,1859487,15001257.00
2022/12/27,8.32,8.34,8.24,8.31,1563700,12636445.00
2022/12/28,8.33,8.33,8.19,8.22,1590276,12784106.00
2022/12/29,8.25,8.32,8.17,8.20,1800000,14495148.00
2022/12/30,8.25,8.29,8.20,8.22,1018762,8182862.50
2023/01/03,8.22,8.46,8.21,8.44,2654562,21685156.00
2023/01/04,8.44,8.50,8.40,8.47,2331500,19256604.00
2023/01/05,8.42,8.55,8.41,8.53,1977900,16420291.00
2023/01/06,8.53,8.60,8.45,8.54,2292409,19141390.00
2023/01/09,8.60,8.60,8.50,8.53,1867100,15594915.00
2023/01/10,8.53,8.62,8.50,8.53,1505434,12551575.00
2023/01/11,8.57,8.69,8.51,8.59,3261821,27511592.00
2023/01/12,8.56,8.63,8.50,8.51,2404300,20089550.00
2023/01/13,8.56,8.61,8.45,8.52,1987319,16529798.00
2023/01/16,8.53,8.65,8.49,8.64,2489000,20898086.00
2023/01/17,8.64,8.72,8.58,8.62,1807800,15260244.00
2023/01/18,8.63,8.79,8.63,8.75,2863779,24418700.00
2023/01/19,8.73,8.83,8.69,8.82,2161900,18561176.00
2023/01/20,8.84,8.87,8.75,8.83,2316362,19936178.00
2023/01/30,8.91,8.95,8.86,8.94,3830782,33405704.00
2023/01/31,8.95,8.99,8.87,8.98,2523104,22041398.00
2023/02/01,8.99,9.06,8.96,9.06,3486200,30738168.00
2023/02/02,9.04,9.15,9.04,9.05,3120500,27734482.00
2023/02/03,9.10,9.14,8.95,9.08,3867000,34175360.00
2023/02/06,9.09,9.16,9.04,9.10,2623400,23355348.00
2023/02/07,9.12,9.20,9.05,9.19,2659448,23792978.00
2023/02/08,9.24,9.34,9.13,9.16,3766075,33940696.00
2023/02/09,9.15,9.28,9.10,9.27,4332275,39082796.00
2023/02/10,9.28,9.34,9.20,9.25,3519100,31911292.00
2023/02/13,9.23,9.29,9.22,9.26,3564500,32280290.00
2023/02/14,9.29,9.34,9.23,9.28,2949578,26775130.00
2023/02/15,9.31,9.44,9.25,9.40,4151900,38047144.00
2023/02/16,9.43,9.51,9.16,9.22,5933362,54499760.00
2023/02/17,9.27,9.29,9.08,9.12,3934239,35360524.00
2023/02/20,9.13,9.31,9.13,9.25,2761100,24919100.00
2023/02/21,9.26,9.39,9.19,9.38,4209540,38355168.00
2023/02/22,9.34,9.78,9.33,9.69,12206391,114962656.00
2023/02/23,9.62,9.81,9.57,9.79,13611325,129263664.00
2023/02/24,9.90,10.00,9.56,9.58,10866240,102875880.00
2023/02/27,9.67,9.69,9.34,9.40,7598840,70405112.00
2023/02/28,9.44,9.49,9.32,9.45,4209558,38781492.00
2023/03/01,9.46,9.55,9.40,9.55,4125466,38307336.00
2023/03/02,9.55,9.58,9.45,9.49,3685800,34324720.00
2023/03/03,9.50,9.58,9.36,9.40,3459629,31935614.00
2023/03/06,9.45,9.49,9.31,9.34,3162204,29008678.00
2023/03/07,9.32,9.36,9.05,9.06,4822464,43264652.00
2023/03/08,9.06,9.29,9.04,9.28,3367300,30267092.00
2023/03/09,9.35,9.53,9.28,9.49,5089400,47090976.00
2023/03/10,9.49,9.51,9.37,9.42,3510500,32446548.00
2023/03/13,9.39,9.42,9.26,9.38,3201300,29233400.00
2023/03/14,9.40,9.40,9.14,9.27,2987800,26990588.00
2023/03/15,9.27,9.44,9.27,9.31,2805762,25723606.00
2023/03/16,9.29,9.38,9.19,9.20,2611700,23732794.00
2023/03/17,9.23,9.34,9.22,9.28,2360900,21465952.00
2023/03/20,9.32,9.36,9.25,9.35,2713300,24735952.00
2023/03/21,9.35,9.50,9.29,9.50,3377746,31152050.00
2023/03/22,9.50,9.75,9.49,9.69,6167000,58160532.00
2023/03/23,9.70,9.94,9.68,9.86,7992711,76848640.00
2023/03/24,9.85,10.04,9.80,9.96,7359224,71492312.00
2023/03/27,9.95,10.06,9.72,9.83,5627300,54316076.00
2023/03/28,9.82,9.88,9.63,9.65,3673552,34949592.00
2023/03/29,9.65,9.80,9.58,9.69,4589357,43535492.00
2023/03/30,9.72,9.82,9.60,9.67,3402100,32349808.00
2023/03/31,9.68,9.74,9.56,9.72,3207300,30355744.00
2023/04/03,9.71,9.87,9.67,9.77,3748281,35856836.00
2023/04/04,9.76,9.84,9.63,9.68,3953600,37624428.00
2023/04/06,9.68,9.93,9.68,9.83,6808764,65518484.00
2023/04/07,9.76,9.85,9.69,9.84,4807654,45983348.00
2023/04/10,9.80,9.98,9.68,9.73,4142300,39917492.00
2023/04/11,9.74,9.77,9.57,9.66,3511100,33185524.00
2023/04/12,9.70,10.03,9.68,9.98,6776684,65746632.00
2023/04/13,9.98,10.10,9.76,9.82,5859112,56786044.00
2023/04/14,9.85,9.89,9.61,9.75,4335639,41336604.00
2023/04/17,9.74,9.82,9.56,9.63,4765800,45146760.00
2023/04/18,9.61,9.67,9.47,9.55,3501200,32665184.00
2023/04/19,9.51,9.82,9.51,9.70,4319954,41041352.00
2023/04/20,9.71,9.74,9.56,9.65,2839800,26828716.00
2023/04/21,9.25,9.25,8.16,8.20,23468326,190280704.00
2023/04/24,7.98,8.05,7.70,7.93,12786182,98239192.00
2023/04/25,7.91,7.97,7.59,7.69,7695482,58185060.00
2023/04/26,7.63,7.82,7.61,7.75,4482843,33842040.00
2023/04/27,7.68,7.82,7.67,7.71,3326482,25116044.00
2023/04/28,7.77,7.99,7.72,7.98,5078825,39143572.00
2023/05/04,7.99,8.05,7.90,7.96,3152710,24464112.00
2023/05/05,8.02,8.02,7.87,7.87,2280662,17581928.00
2023/05/08,7.97,7.97,7.84,7.90,2616110,20107294.00
2023/05/09,7.90,7.97,7.74,7.79,3839400,29330104.00
2023/05/10,7.82,7.85,7.72,7.84,2827599,21451494.00
2023/05/11,7.80,7.97,7.80,7.93,2197700,16951416.00
2023/05/12,7.90,8.02,7.84,7.87,2604607,20089830.00
2023/05/15,7.90,7.94,7.80,7.94,2037000,15628472.00
2023/05/16,7.95,7.97,7.86,7.91,2280436,17601170.00
2023/05/17,7.91,8.04,7.87,8.04,2457172,19135630.00
2023/05/18,8.04,8.17,8.02,8.14,3221741,25499396.00
2023/05/19,8.14,8.29,8.12,8.25,3150276,25251434.00
2023/05/22,8.25,8.32,8.23,8.31,2568403,20746044.00
2023/05/23,8.35,8.35,8.18,8.23,2074666,16721898.00
2023/05/24,8.23,8.31,8.20,8.26,2207500,17803420.00
2023/05/25,8.24,8.32,8.14,8.23,3254600,26080010.00
2023/05/26,8.26,8.38,8.21,8.36,3050346,24736666.00
2023/05/29,8.38,8.43,8.34,8.35,2026200,16570430.00
2023/05/30,8.35,8.46,8.34,8.44,2643100,21704516.00
2023/05/31,8.45,8.55,8.41,8.51,2937000,24347178.00
2023/06/01,8.47,8.52,8.42,8.44,2988936,24700188.00
2023/06/02,8.43,8.55,8.42,8.44,2456386,20296594.00
2023/06/05,8.44,8.59,8.41,8.55,3665700,30527688.00
2023/06/06,8.55,8.57,8.30,8.32,3109096,25507330.00
2023/06/07,8.35,8.49,8.30,8.45,2713000,21764548.00
2023/06/08,8.45,8.45,8.28,8.35,2458154,19570722.00
2023/06/09,8.36,8.40,8.25,8.35,2330720,18445782.00
2023/06/12,8.32,8.50,8.31,8.45,2193800,17567000.00
2023/06/13,8.46,8.52,8.37,8.49,1836720,14812686.00
2023/06/14,8.52,8.55,8.46,8.55,2156200,17492234.00
2023/06/15,8.50,8.56,8.45,8.49,1949771,15765560.00
2023/06/16,8.48,8.54,8.41,8.50,2129271,17212316.00
2023/06/19,8.50,8.54,8.47,8.49,1539700,12472896.00
2023/06/20,8.48,8.51,8.41,8.43,1720900,13844320.00
2023/06/21,8.41,8.42,8.25,8.27,2947400,23379424.00
2023/06/26,8.27,8.34,8.11,8.12,3736200,29156164.00
2023/06/27,8.17,8.31,8.10,8.30,2274100,17826930.00
2023/06/28,8.30,8.38,8.10,8.36,3476772,27272256.00
2023/06/29,8.35,9.22,8.31,9.11,17845076,151704128.00
2023/06/30,8.91,9.53,8.77,9.29,20438665,178700240.00
2023/07/03,9.25,9.50,9.05,9.08,13880939,122243560.00
2023/07/04,9.09,9.34,9.06,9.15,6254007,54775276.00
2023/07/05,9.19,9.28,9.04,9.07,5049034,44135568.00
2023/07/06,9.05,9.19,9.01,9.06,3855100,33575820.00
2023/07/07,9.06,9.22,8.91,9.12,6956832,60335228.00
2023/07/10,9.26,9.38,8.82,8.87,11235600,97141176.00
2023/07/11,8.84,9.18,8.83,9.08,8278734,71629408.00
2023/07/12,9.10,9.22,8.97,9.00,4372932,37990940.00
2023/07/13,8.99,9.30,8.99,9.26,7153589,63006408.00
2023/07/14,9.24,9.36,9.22,9.25,6170134,54768700.00
2023/07/17,9.20,9.35,9.20,9.28,3943800,34982280.00
2023/07/18,9.27,9.43,9.23,9.32,4612277,41207268.00
2023/07/19,9.28,9.34,9.18,9.22,3018500,26652732.00
2023/07/20,9.25,9.25,8.99,9.00,3346278,29054010.00
2023/07/21,9.00,9.09,8.90,8.91,2487471,21314054.00
2023/07/24,8.95,9.08,8.80,8.97,2784804,23864256.00
2023/07/25,9.05,9.08,8.93,9.07,3046400,26253780.00
2023/07/26,9.08,9.08,8.92,8.97,1937700,16596857.00
2023/07/27,8.95,9.02,8.79,8.84,2126700,18087996.00
2023/07/28,8.83,8.88,8.70,8.83,2285162,19191956.00
2023/07/31,8.85,8.90,8.77,8.82,3458300,29178126.00
2023/08/01,8.83,8.84,8.73,8.79,2597000,21758252.00
2023/08/02,8.78,8.80,8.71,8.77,1714000,14327922.00
2023/08/03,8.74,8.81,8.66,8.69,2433538,20176850.00
2023/08/04,8.69,8.77,8.68,8.71,1839133,15321860.00
2023/08/07,8.75,8.75,8.64,8.67,2408983,19923502.00
2023/08/08,8.70,8.75,8.57,8.58,2485200,20442912.00
2023/08/09,8.63,8.63,8.49,8.50,1754600,14278395.00
2023/08/10,8.55,8.60,8.48,8.56,1473600,12004478.00
2023/08/11,8.60,8.60,8.40,8.42,2350600,19019504.00
2023/08/14,8.40,8.46,8.31,8.45,2085150,16632998.00
2023/08/15,8.47,8.48,8.29,8.36,1932500,15387736.00
2023/08/16,8.33,8.40,8.24,8.26,1633300,12918585.00
2023/08/17,8.26,8.44,8.19,8.41,1712800,13591163.00
2023/08/18,8.43,8.53,8.35,8.37,1801200,14509988.00
2023/08/21,8.35,8.45,8.28,8.29,1569688,12465530.00
2023/08/22,8.29,8.41,8.16,8.36,2288687,18014048.00
2023/08/23,8.36,8.38,8.20,8.20,1528600,11993584.00
2023/08/24,8.44,8.97,8.44,8.68,18414043,153625504.00
2023/08/25,8.72,8.74,8.07,8.09,12751846,100492792.00
2023/08/28,8.39,8.79,8.37,8.64,14350838,117946944.00
2023/08/29,8.51,9.34,8.48,9.25,18630322,159682400.00
2023/08/30,9.34,9.60,9.16,9.30,16228372,145158384.00
2023/08/31,9.33,9.51,9.32,9.39,11236488,101291624.00
2023/09/01,9.35,9.47,9.28,9.36,9215700,82550728.00
2023/09/04,9.58,11.05,9.54,10.03,32292895,311741152.00
2023/09/05,10.20,10.88,10.04,10.11,35028410,348431328.00
2023/09/06,9.86,10.08,9.76,9.92,24871215,235776512.00
2023/09/07,9.82,10.01,9.58,9.64,15802713,147372560.00
2023/09/08,9.63,9.77,9.58,9.61,9057600,83834096.00
2023/09/11,9.50,9.66,9.42,9.53,8429600,77106824.00
2023/09/12,9.53,9.55,9.43,9.48,5807900,52680452.00
2023/09/13,9.47,9.48,9.25,9.38,6249692,55803388.00
2023/09/14,9.38,9.47,9.27,9.37,5741700,51537664.00
2023/09/15,9.45,9.57,9.30,9.44,6957200,62978224.00
2023/09/18,9.43,9.62,9.37,9.50,6120267,55827280.00
2023/09/19,9.43,9.60,9.28,9.53,8379683,75919416.00
2023/09/20,9.60,9.85,9.53,9.68,15115086,139882448.00
2023/09/21,9.67,10.60,9.60,10.42,36809627,359740960.00
2023/09/22,10.12,10.23,9.75,10.13,29969446,287153984.00
2023/09/25,10.26,10.58,10.20,10.41,31929525,318513952.00
2023/09/26,10.16,10.16,9.80,10.00,20997980,200269264.00
2023/09/27,9.88,9.92,9.39,9.39,20595179,188550960.00
2023/09/28,9.48,11.19,9.47,11.19,40296511,417596160.00
2023/10/09,12.40,13.35,12.40,13.35,32872018,413882880.00
2023/10/10,14.90,15.15,13.40,13.64,93004537,1282893184.00
2023/10/11,13.19,13.45,12.73,12.97,64628885,813557312.00
2023/10/12,12.91,13.54,12.23,12.96,54713897,680929408.00
2023/10/13,12.68,15.22,12.44,14.32,77008726,1034049088.00
2023/10/16,13.96,14.20,12.96,13.11,50949481,661889856.00
2023/10/17,12.58,12.92,12.13,12.34,38618438,468391584.00
2023/10/18,12.28,12.31,11.73,11.98,30135455,349140992.00
2023/10/19,11.89,12.01,11.52,11.54,26187916,296283424.00
2023/10/20,11.60,11.72,11.16,11.21,19527856,214419856.00
2023/10/23,11.18,11.60,11.10,11.29,23851552,260734880.00
2023/10/24,11.29,11.45,11.02,11.34,20016664,217296336.00
2023/10/25,11.34,11.51,11.21,11.47,20168038,221634128.00
2023/10/26,11.27,11.62,11.20,11.43,20311062,223448176.00
2023/10/27,11.20,11.36,10.93,11.27,21634272,232926448.00
2023/10/30,11.11,11.70,11.10,11.60,21476811,238178848.00
2023/10/31,11.75,11.80,11.20,11.32,19746708,218338352.00
2023/11/01,11.20,11.43,11.17,11.22,11183809,121808296.00
2023/11/02,11.20,11.37,10.87,10.88,13818126,147279584.00
2023/11/03,10.88,11.35,10.88,11.27,14139050,153190064.00
2023/11/06,11.35,11.60,11.30,11.54,14799716,164037984.00
2023/11/07,11.56,12.05,11.50,11.79,28188610,321181344.00
2023/11/08,11.85,11.93,11.56,11.85,20508920,232505904.00
2023/11/09,11.86,11.93,11.55,11.70,16098320,181534176.00
2023/11/10,11.65,11.68,11.47,11.52,10049400,112219792.00
2023/11/13,11.58,11.76,11.48,11.76,13109900,146878256.00
2023/11/14,11.76,12.14,11.61,11.92,23789213,275099296.00
2023/11/15,12.04,12.11,11.77,11.91,13295359,152581312.00
2023/11/16,11.95,12.48,11.77,12.13,31046789,366343232.00
2023/11/17,12.09,12.09,11.79,11.93,18770857,215615920.00
2023/11/20,11.94,11.94,11.72,11.94,14124427,161477456.00
2023/11/21,12.45,13.74,12.28,12.65,52651737,656672000.00
2023/11/22,12.43,13.20,12.20,12.87,42418107,523002944.00
2023/11/23,12.49,12.58,12.12,12.40,23742553,284488832.00
2023/11/24,12.30,12.46,11.65,11.67,22339634,258394208.00
2023/11/27,11.45,11.70,11.32,11.49,14055058,155077376.00
2023/11/28,11.43,11.70,11.36,11.50,10682561,118625104.00
2023/11/29,11.43,11.82,11.37,11.57,12097777,135979728.00
2023/11/30,11.49,11.56,10.96,11.08,14502469,156434112.00
2023/12/01,11.10,11.13,10.88,11.12,8708131,92429664.00
2023/12/04,11.15,11.22,11.06,11.08,6713300,71994336.00
2023/12/05,11.02,11.10,10.74,10.75,9089348,95225192.00
2023/12/06,10.64,10.81,10.54,10.59,7995900,81952432.00
2023/12/07,10.52,10.97,10.52,10.78,10465828,108558048.00
2023/12/08,11.29,11.75,10.93,10.99,19693575,214239280.00
2023/12/11,11.20,11.68,11.20,11.38,21214250,233185616.00
2023/12/12,11.46,11.90,11.29,11.47,22084595,248215952.00
2023/12/13,11.41,11.50,11.05,11.10,14527441,157074208.00
2023/12/14,11.17,11.25,10.83,10.85,10426726,109904368.00
2023/12/15,10.85,11.53,10.85,11.21,18359843,199371808.00
2023/12/18,11.18,11.26,10.70,10.73,11812035,124281936.00
2023/12/19,10.90,11.15,10.79,11.05,8806802,93182240.00
2023/12/20,11.07,11.83,11.01,11.56,26253644,292420320.00
2023/12/21,11.32,11.70,11.20,11.69,20651028,228919856.00
2023/12/22,11.56,12.06,11.47,11.58,26983508,307618656.00
2023/12/25,11.51,12.26,11.50,12.09,27297614,314433152.00
2023/12/26,12.29,12.32,11.62,11.75,23285751,267015888.00
2023/12/27,11.47,11.96,10.60,11.94,25104993,277790272.00
2023/12/28,11.77,12.08,11.56,11.89,22054858,252835568.00
2023/12/29,11.96,12.90,11.96,12.48,35982239,435686560.00
2024/01/02,12.34,12.96,12.12,12.72,32368791,391522240.00
2024/01/03,12.39,12.57,12.06,12.14,22028030,260961920.00
2024/01/04,11.93,11.96,11.60,11.62,16105010,182610832.00
2024/01/05,11.60,13.40,11.57,12.47,41744295,509999104.00
2024/01/08,12.51,12.91,11.99,12.06,32366021,392054112.00
2024/01/09,12.17,12.73,11.66,11.95,26851462,315872224.00
2024/01/10,11.70,11.75,10.98,10.99,23352108,251548096.00
2024/01/11,10.88,13.11,10.81,13.11,40055686,472223808.00
2024/01/12,13.19,13.40,12.40,12.73,44986562,559741376.00
2024/01/15,12.65,12.89,12.35,12.45,23326420,282281632.00
2024/01/16,12.39,12.75,12.26,12.74,32710921,396279072.00
2024/01/17,12.58,12.58,11.89,11.94,23734883,279383296.00
2024/01/18,12.08,12.48,11.73,12.48,26520364,310937888.00
2024/01/19,12.22,12.31,11.30,11.30,24024854,273407808.00
2024/01/22,11.28,12.39,11.04,11.54,22373529,254696304.00
2024/01/23,11.20,11.47,10.76,11.32,19148579,205821152.00
2024/01/24,11.14,11.78,11.10,11.72,19657444,218561680.00
2024/01/25,11.70,12.00,11.20,11.78,20668212,231983952.00
2024/01/26,11.58,11.73,11.24,11.24,16550939,183202512.00
2024/01/29,11.24,11.53,10.93,11.00,12086906,130324432.00
2024/01/30,9.91,10.30,9.00,9.23,21364066,195514496.00
2024/01/31,9.20,9.38,8.39,8.41,19023194,158797696.00
2024/02/01,8.34,8.67,8.26,8.49,13678144,110038280.00
2024/02/02,8.37,8.62,7.71,7.99,15278367,118549952.00
2024/02/05,7.98,7.98,6.97,7.03,15921134,110246776.00
2024/02/06,7.09,7.66,6.48,7.32,17608897,115966200.00
2024/02/07,7.31,7.50,6.88,6.94,14526077,98410664.00
2024/02/08,6.83,7.95,6.83,7.78,17500182,122639536.00
2024/02/19,7.81,8.23,7.81,8.07,10631855,81184544.00
数据来源:通达信
