301377 鼎泰高科 日线 后复权
      日期	    开盘	    最高	    最低	    收盘	    成交量	    成交额
2022/11/22,26.00,33.80,26.00,33.78,28045080,784973696.00
2022/11/23,29.25,32.71,28.44,29.27,22208265,672447104.00
2022/11/24,28.01,29.20,27.07,27.61,17684282,492034784.00
2022/11/25,27.09,27.44,25.30,25.45,14861436,390315232.00
2022/11/28,24.73,24.88,24.10,24.45,10307931,251798848.00
2022/11/29,24.51,24.88,24.30,24.55,8874021,218040144.00
2022/11/30,24.49,24.49,23.53,23.60,10001551,238008800.00
2022/12/01,23.80,24.27,23.60,23.87,7764470,185960832.00
2022/12/02,23.65,24.10,23.65,23.97,5620696,134300976.00
2022/12/05,23.97,24.55,23.72,24.32,7575735,183369664.00
2022/12/06,24.33,24.33,23.69,23.82,7111885,169861856.00
2022/12/07,23.68,24.20,23.52,24.20,6863342,163815728.00
2022/12/08,24.08,24.49,23.97,24.38,7384677,179404048.00
2022/12/09,24.48,24.49,23.69,23.74,6846266,163649088.00
2022/12/12,23.60,23.63,22.86,23.10,6085047,140955632.00
2022/12/13,23.24,23.24,22.72,22.82,3967840,90986104.00
2022/12/14,22.95,23.35,22.90,22.98,3735381,86081056.00
2022/12/15,22.92,23.49,22.73,23.29,4028210,93406840.00
2022/12/16,23.10,23.10,22.01,22.04,5783274,129688752.00
2022/12/19,22.08,22.16,21.12,21.30,3931815,84928352.00
2022/12/20,21.39,21.52,21.08,21.51,2152415,45933484.00
2022/12/21,21.65,21.77,20.80,20.97,2923864,61806772.00
2022/12/22,20.85,21.06,20.04,20.09,3232313,66055216.00
2022/12/23,20.00,20.11,19.50,19.74,2927087,57903304.00
2022/12/26,19.74,20.42,19.74,20.22,2629986,52781512.00
2022/12/27,20.28,20.38,19.87,20.10,2497630,50114328.00
2022/12/28,20.03,20.03,19.59,19.60,2023982,40012608.00
2022/12/29,19.73,20.09,19.50,19.78,2120772,42001684.00
2022/12/30,19.98,19.98,19.58,19.67,1916346,37774596.00
2023/01/03,19.67,20.31,19.60,20.22,2558864,51307872.00
2023/01/04,20.10,20.47,20.00,20.20,2570517,51948080.00
2023/01/05,20.20,20.34,19.98,20.30,2175816,43902200.00
2023/01/06,20.36,21.49,20.21,21.45,7741174,162041232.00
2023/01/09,21.56,23.37,21.56,22.64,9971802,225682608.00
2023/01/10,22.35,22.93,21.89,22.38,6241488,139173552.00
2023/01/11,22.37,23.30,22.06,22.60,6560103,150093968.00
2023/01/12,22.62,22.95,21.70,21.85,4699541,103757600.00
2023/01/13,21.80,22.99,21.76,22.18,4979276,111446672.00
2023/01/16,22.38,23.18,22.00,22.83,5005939,113327688.00
2023/01/17,23.05,24.18,22.90,24.00,8676148,205447952.00
2023/01/18,23.91,24.06,23.02,23.13,6364552,148769760.00
2023/01/19,23.00,23.60,22.89,23.19,3542976,82561808.00
2023/01/20,23.19,23.80,22.91,23.01,3188969,74187608.00
2023/01/30,23.31,23.49,22.84,22.91,3199543,73847768.00
2023/01/31,22.93,23.88,22.71,23.59,5088391,119461384.00
2023/02/01,23.55,23.79,23.30,23.77,3305790,78031656.00
2023/02/02,23.76,24.08,23.38,24.00,4521597,107122792.00
2023/02/03,23.87,23.95,22.95,23.35,4876045,113784520.00
2023/02/06,23.11,23.50,23.00,23.35,2237712,51981160.00
2023/02/07,23.55,24.30,23.55,24.04,5803456,139193984.00
2023/02/08,23.80,23.97,23.45,23.57,3103452,73310712.00
2023/02/09,23.27,23.71,23.27,23.70,2517090,59247632.00
2023/02/10,23.80,24.10,23.61,24.00,4022739,96143600.00
2023/02/13,24.04,25.35,24.04,25.06,8665872,215860528.00
2023/02/14,25.30,26.38,24.61,26.04,8420921,214847520.00
2023/02/15,25.82,26.28,25.35,25.52,4884918,125491344.00
2023/02/16,25.47,25.50,23.80,24.08,6021198,148621168.00
2023/02/17,24.27,24.39,23.24,23.24,3337050,79173984.00
2023/02/20,23.12,23.57,22.96,23.38,2285871,53187276.00
2023/02/21,23.31,23.65,22.86,23.09,2425005,56365852.00
2023/02/22,23.03,23.48,23.02,23.48,2065918,48201312.00
2023/02/23,23.70,23.80,22.86,22.95,3338625,77217000.00
2023/02/24,23.08,23.11,22.37,22.55,2790810,63050672.00
2023/02/27,22.45,22.48,22.05,22.11,1970426,43782124.00
2023/02/28,22.05,22.54,22.05,22.42,1668800,37314644.00
2023/03/01,22.50,22.63,22.08,22.54,1739721,38976884.00
2023/03/02,22.58,22.72,22.26,22.33,2000590,44969656.00
2023/03/03,22.40,22.61,22.20,22.48,1315689,29480142.00
2023/03/06,22.46,22.48,22.15,22.31,1051083,23419376.00
2023/03/07,22.39,22.39,21.25,21.26,3035600,65850280.00
2023/03/08,21.15,21.68,21.15,21.66,1531074,32739836.00
2023/03/09,21.76,22.70,21.41,22.39,3572088,79390736.00
2023/03/10,22.15,22.90,21.88,22.37,3202472,71501144.00
2023/03/13,22.31,22.44,21.81,21.89,1882243,41468944.00
2023/03/14,21.99,21.99,21.20,21.56,1972643,42351464.00
2023/03/15,21.70,22.09,21.51,21.59,1274200,27741482.00
2023/03/16,21.50,21.65,21.21,21.26,1050020,22470902.00
2023/03/17,21.59,21.59,21.28,21.39,1078890,23123600.00
2023/03/20,21.42,21.97,21.15,21.74,1697415,36704504.00
2023/03/21,21.72,21.95,21.62,21.90,1153209,25195600.00
2023/03/22,21.84,22.47,21.84,22.39,2364219,52678428.00
2023/03/23,22.40,22.82,22.26,22.56,2912536,65684448.00
2023/03/24,22.60,22.74,22.18,22.27,2046279,45729172.00
2023/03/27,22.27,22.38,21.94,22.08,1355517,29997942.00
2023/03/28,22.50,22.66,21.73,21.76,1494900,32965854.00
2023/03/29,21.66,22.00,21.63,21.65,1296844,28233374.00
2023/03/30,21.68,21.71,21.15,21.22,1958502,41704764.00
2023/03/31,21.30,21.43,21.16,21.27,1294500,27531314.00
2023/04/03,21.29,21.55,21.25,21.43,1394682,29835586.00
2023/04/04,21.43,21.43,20.40,20.60,3433056,71377048.00
2023/04/06,20.57,21.26,20.33,21.25,1980575,41584416.00
2023/04/07,21.35,23.13,21.33,22.78,7708271,173917456.00
2023/04/10,22.58,22.80,22.24,22.40,3546397,79594056.00
2023/04/11,22.28,22.59,21.85,22.05,2065325,45783600.00
2023/04/12,22.10,22.78,22.05,22.66,2858082,64170708.00
2023/04/13,22.65,22.68,21.98,22.01,2483233,55153440.00
2023/04/14,22.35,22.94,21.88,22.87,4252046,96124392.00
2023/04/17,22.48,22.80,22.12,22.35,2752800,61576908.00
2023/04/18,22.25,22.30,21.50,21.85,2520749,55103328.00
2023/04/19,21.73,22.20,21.72,21.92,1435000,31484812.00
2023/04/20,21.86,21.97,21.31,21.46,1858419,39968680.00
2023/04/21,21.55,21.56,20.50,20.57,2059303,42979840.00
2023/04/24,20.72,20.89,19.86,19.94,1848547,37133040.00
2023/04/25,20.06,20.06,17.11,17.73,5857051,106145680.00
2023/04/26,17.72,18.35,17.59,17.97,2291702,41404416.00
2023/04/27,18.17,19.19,18.13,18.55,2888875,54085480.00
2023/04/28,18.50,18.97,18.50,18.97,1536068,28914396.00
2023/05/04,18.97,19.23,18.63,18.75,1309900,24699898.00
2023/05/05,18.89,18.89,18.35,18.41,995625,18413320.00
2023/05/08,18.43,18.76,18.35,18.39,1214231,22395788.00
2023/05/09,18.40,18.49,17.87,17.87,1809624,32625586.00
2023/05/10,17.81,18.10,17.76,18.00,819057,14686422.00
2023/05/11,17.98,18.24,17.88,18.12,849525,15377630.00
2023/05/12,18.15,18.78,18.15,18.61,2032857,37673832.00
2023/05/15,18.50,18.59,18.04,18.43,1277454,23364840.00
2023/05/16,18.33,18.57,18.23,18.32,871663,16036317.00
2023/05/17,18.37,18.76,18.33,18.68,1162400,21632192.00
2023/05/18,18.81,19.28,18.60,19.28,2304905,43811152.00
2023/05/19,19.11,19.97,19.04,19.74,3177640,62508688.00
2023/05/22,19.59,19.71,18.90,19.63,4001129,77245104.00
2023/05/23,19.63,20.15,19.43,19.80,3134680,62299540.00
2023/05/24,19.70,20.51,19.52,20.45,3980554,80759248.00
2023/05/25,20.80,21.45,20.33,20.66,6013759,124883184.00
2023/05/26,20.77,21.15,19.92,21.08,5700300,117832856.00
2023/05/29,21.07,21.50,20.60,20.69,3376423,70743288.00
2023/05/30,20.53,20.84,20.18,20.40,3344460,68344624.00
2023/05/31,20.48,21.28,20.32,21.15,5111446,107404784.00
2023/06/01,22.55,25.38,22.49,25.38,19310840,476008704.00
2023/06/02,24.18,24.68,22.60,22.69,22068920,520690848.00
2023/06/05,22.24,22.50,21.81,21.84,10628771,233787040.00
2023/06/06,22.04,22.28,21.56,21.57,8723593,191273248.00
2023/06/07,21.41,22.17,21.21,22.12,6878631,149899248.00
2023/06/08,21.87,21.88,21.15,21.60,6128974,131873744.00
2023/06/09,21.37,22.36,21.01,22.35,8250145,179687600.00
2023/06/12,22.22,23.94,22.20,23.08,14243479,328101152.00
2023/06/13,23.10,23.67,22.86,23.47,10015466,233012992.00
2023/06/14,23.01,23.48,22.77,23.40,6474164,149956304.00
2023/06/15,23.32,23.61,22.67,22.73,5836256,133732776.00
2023/06/16,22.67,23.22,22.47,23.17,4897674,112018928.00
2023/06/19,23.05,24.13,22.88,23.66,8020941,188789344.00
2023/06/20,23.67,23.67,22.93,23.21,5711227,131792768.00
2023/06/21,23.02,23.17,22.49,22.58,3906045,88383776.00
2023/06/26,22.17,22.73,21.69,21.80,3501388,76609248.00
2023/06/27,21.80,22.18,21.75,22.09,2008173,44047984.00
2023/06/28,21.98,22.08,21.01,21.92,3975641,85257152.00
2023/06/29,21.70,23.22,21.69,23.01,4499731,102020064.00
2023/06/30,22.83,23.36,22.59,23.07,3318572,76092664.00
2023/07/03,22.92,23.27,22.07,22.50,3117089,70517080.00
2023/07/04,22.48,23.25,22.42,22.96,3178624,72729416.00
2023/07/05,22.72,22.93,22.39,22.43,2103151,47381180.00
2023/07/06,22.44,23.16,22.28,23.12,4979484,113962528.00
2023/07/07,23.07,24.19,22.57,23.98,11151065,261989488.00
2023/07/10,23.78,24.22,23.36,24.20,7831877,185002144.00
2023/07/11,24.06,24.62,23.59,23.66,6942380,165802624.00
2023/07/12,23.48,23.69,22.86,22.95,5458028,126406336.00
2023/07/13,23.13,24.55,22.90,24.55,10118072,242108496.00
2023/07/14,24.86,27.93,24.44,26.26,19387519,505612832.00
2023/07/17,25.98,27.34,25.09,25.23,14139044,366910144.00
2023/07/18,25.13,26.91,24.49,24.93,11792012,300273088.00
2023/07/19,24.81,25.06,23.82,24.01,9335331,225100336.00
2023/07/20,23.94,23.99,22.22,22.23,8245000,187933728.00
2023/07/21,22.23,22.45,21.27,21.27,5100213,110674528.00
2023/07/24,21.27,21.43,20.72,20.84,3702650,77434456.00
2023/07/25,21.02,21.23,20.75,21.15,3282340,68726832.00
2023/07/26,21.07,21.07,20.37,20.44,3627053,74379392.00
2023/07/27,20.38,20.56,20.29,20.37,2013670,40960400.00
2023/07/28,20.27,20.58,20.14,20.47,1938079,39342648.00
2023/07/31,20.39,20.62,20.29,20.44,1792641,36549056.00
2023/08/01,20.45,20.54,20.00,20.28,1965394,39554644.00
2023/08/02,20.35,20.58,20.18,20.56,1916345,39034784.00
2023/08/03,20.47,20.72,20.37,20.69,2011972,41222868.00
2023/08/04,20.73,20.77,20.40,20.47,2392868,48935940.00
2023/08/07,20.35,20.51,20.12,20.32,1736350,35092824.00
2023/08/08,20.36,20.75,20.20,20.53,1714300,35018160.00
2023/08/09,20.51,20.53,20.23,20.44,1431255,29022534.00
2023/08/10,20.39,20.87,20.33,20.74,2247090,46314392.00
2023/08/11,20.82,21.55,20.61,21.15,4768618,100429120.00
2023/08/14,20.95,21.81,20.87,21.81,4572031,97554016.00
2023/08/15,21.76,21.77,21.18,21.48,3424149,73000304.00
2023/08/16,21.49,21.50,20.17,20.20,3863759,79985608.00
2023/08/17,20.06,20.43,19.46,20.32,2741548,54483712.00
2023/08/18,20.28,21.51,20.23,21.17,5421602,114044816.00
2023/08/21,21.07,21.19,20.85,20.93,2126989,44418700.00
2023/08/22,21.24,21.25,19.82,20.45,3991210,80630240.00
2023/08/23,20.23,20.61,19.87,20.27,2290447,46173652.00
2023/08/24,20.26,20.37,19.60,19.77,1943500,38585912.00
2023/08/25,19.62,19.62,18.75,18.82,3075447,58608860.00
2023/08/28,19.98,20.30,18.76,18.81,2426080,47171740.00
2023/08/29,18.77,20.22,18.77,20.13,3324999,65739592.00
2023/08/30,20.15,21.20,20.15,20.68,3455500,71447192.00
2023/08/31,20.67,21.25,20.42,21.12,2719795,56874416.00
2023/09/01,21.11,21.11,20.73,20.80,1783915,37177492.00
2023/09/04,20.88,21.05,20.53,20.92,1649500,34088116.00
2023/09/05,20.92,21.25,20.73,20.83,2048410,42853496.00
2023/09/06,20.75,21.18,20.75,21.17,1863428,39080236.00
2023/09/07,21.17,21.22,20.63,20.66,1408100,29282384.00
2023/09/08,20.92,21.07,20.66,20.84,1599445,33258548.00
2023/09/11,20.84,20.95,20.55,20.59,1772383,36568760.00
2023/09/12,20.65,20.75,20.27,20.45,1600000,32621894.00
2023/09/13,20.57,20.57,19.72,20.02,2149657,42811904.00
2023/09/14,20.03,20.19,19.49,19.62,1269631,24940754.00
2023/09/15,19.77,19.91,19.38,19.39,1552885,30315268.00
2023/09/18,19.40,20.06,19.29,19.58,1336618,26240852.00
2023/09/19,19.64,19.64,19.04,19.04,1433172,27430924.00
2023/09/20,19.04,19.25,18.87,18.87,1164551,22063518.00
2023/09/21,19.08,19.08,18.78,18.81,898195,16904104.00
2023/09/22,18.78,19.44,18.69,19.37,1492759,28510114.00
2023/09/25,19.57,19.76,19.28,19.32,1078500,20934064.00
2023/09/26,19.24,19.65,19.20,19.44,1320590,25575268.00
2023/09/27,19.39,19.96,19.38,19.70,1879940,37051928.00
2023/09/28,19.70,20.00,19.56,19.76,1445508,28406714.00
2023/10/09,19.73,19.77,19.52,19.59,1019106,19920122.00
2023/10/10,19.63,19.79,19.42,19.43,989966,19297652.00
2023/10/11,19.64,22.27,19.36,21.43,8515625,178074576.00
2023/10/12,21.18,21.51,20.76,21.09,4852570,102129624.00
2023/10/13,20.99,21.25,20.69,20.98,3108789,64975584.00
2023/10/16,20.89,20.91,20.17,20.55,3088956,62976704.00
2023/10/17,20.55,20.74,20.09,20.70,2890791,58827168.00
2023/10/18,20.64,20.64,19.41,19.47,3235601,63545968.00
2023/10/19,19.37,19.87,19.31,19.53,1991147,38891652.00
2023/10/20,19.47,19.62,18.78,18.82,1954070,37090864.00
2023/10/23,18.84,18.84,17.59,17.77,2130225,38295828.00
2023/10/24,17.79,18.61,17.77,18.46,1819800,33179280.00
2023/10/25,18.79,18.97,18.48,18.69,1365300,25431312.00
2023/10/26,18.57,19.07,18.27,18.77,1377800,25501254.00
2023/10/27,18.78,21.05,18.78,20.53,6329671,127717432.00
2023/10/30,20.53,21.13,20.30,20.94,3889237,80475576.00
2023/10/31,20.96,21.92,20.96,21.67,6072823,130674120.00
2023/11/01,21.57,21.71,21.18,21.57,2900019,62033428.00
2023/11/02,21.63,22.03,20.70,20.93,2956980,62505692.00
2023/11/03,21.14,21.57,20.83,21.20,2751698,58292728.00
2023/11/06,21.36,23.37,21.36,22.87,9106116,208608128.00
2023/11/07,22.87,23.77,22.56,22.78,5308300,121991000.00
2023/11/08,22.65,23.05,22.45,22.66,2793294,63270888.00
2023/11/09,22.57,22.87,22.20,22.32,2345782,52611704.00
2023/11/10,22.14,22.44,21.77,22.00,1527598,33544592.00
2023/11/13,21.85,22.73,21.85,22.51,2526095,56431364.00
2023/11/14,22.37,22.90,22.28,22.87,2186765,49497460.00
2023/11/15,23.39,24.05,22.91,23.24,4226580,98616672.00
2023/11/16,23.12,23.32,22.41,22.46,2362370,53553856.00
2023/11/17,22.26,22.56,22.09,22.37,2404710,53531408.00
2023/11/20,22.37,22.85,22.14,22.76,2194561,49231668.00
2023/11/21,22.59,22.86,22.19,22.30,1928900,42992728.00
2023/11/22,22.47,22.47,21.37,21.42,2509774,54542764.00
2023/11/23,21.24,21.64,21.07,21.32,2887705,61447176.00
2023/11/24,21.25,21.25,20.46,20.52,3093113,63880368.00
2023/11/27,20.47,20.72,20.21,20.27,2265159,45961404.00
2023/11/28,20.39,20.75,20.11,20.63,1978031,40471028.00
2023/11/29,20.72,20.85,20.49,20.62,1679666,34498624.00
2023/11/30,20.69,20.83,20.22,20.67,2433853,49348400.00
2023/12/01,20.63,20.79,20.30,20.71,2077565,42260740.00
2023/12/04,20.74,21.61,20.74,21.17,5014634,105275112.00
2023/12/05,21.00,21.06,20.47,20.72,3471000,71191448.00
2023/12/06,20.85,21.28,20.42,21.10,2753200,56986460.00
2023/12/07,20.94,21.27,20.59,20.94,1930941,39913704.00
2023/12/08,20.89,21.19,20.54,20.54,2027904,41660296.00
2023/12/11,20.41,21.37,20.32,21.30,3312119,68913040.00
2023/12/12,21.34,21.38,20.84,21.16,1960831,40922540.00
2023/12/13,21.11,21.40,20.92,21.01,2298695,48176320.00
2023/12/14,20.99,21.37,20.41,20.53,3307695,67796496.00
2023/12/15,20.53,20.75,20.24,20.42,1798866,36308320.00
2023/12/18,20.37,20.55,20.15,20.18,1602505,32181126.00
2023/12/19,20.37,20.77,20.03,20.65,2222908,45071616.00
2023/12/20,20.62,21.61,20.59,21.17,4786346,100942760.00
2023/12/21,21.16,22.01,21.16,21.80,5255662,112637736.00
2023/12/22,21.80,23.14,21.43,21.97,7469534,164602544.00
2023/12/25,21.76,22.85,21.76,22.58,4943833,109939744.00
2023/12/26,22.31,23.58,21.76,22.02,9279634,208117504.00
2023/12/27,21.86,22.69,21.72,22.65,6280383,139014096.00
2023/12/28,22.42,23.69,22.37,23.22,6450204,148422848.00
2023/12/29,22.97,24.60,22.90,23.87,7663810,181513552.00
2024/01/02,23.80,24.46,23.52,23.91,5417231,128604944.00
2024/01/03,23.89,23.89,22.63,22.73,6296152,143721376.00
2024/01/04,22.79,23.42,22.30,22.58,5603430,126386512.00
2024/01/05,22.61,23.77,22.35,22.71,7467154,170616560.00
2024/01/08,22.80,22.90,21.46,21.67,5480370,119427032.00
2024/01/09,21.73,22.50,21.48,21.73,3540140,76883680.00
2024/01/10,21.79,21.79,20.72,20.80,3971586,83339880.00
2024/01/11,20.74,21.34,20.57,21.12,2926500,60837604.00
2024/01/12,21.06,21.20,20.60,20.74,2783300,57325952.00
2024/01/15,20.71,20.82,20.33,20.60,1861154,37843160.00
2024/01/16,20.59,20.72,20.17,20.47,1842843,37162772.00
2024/01/17,20.42,20.42,19.81,19.81,1633719,32563764.00
2024/01/18,19.53,20.03,19.18,19.72,2810836,54456224.00
2024/01/19,19.76,19.98,19.05,19.05,2774536,53346680.00
2024/01/22,19.12,19.13,17.72,17.77,3854203,70104160.00
2024/01/23,17.68,18.09,17.29,17.62,3547154,61772340.00
2024/01/24,17.79,17.99,17.04,17.87,2995571,51879980.00
2024/01/25,17.80,18.55,17.65,18.51,2968822,53459592.00
2024/01/26,18.45,18.64,17.84,17.88,2763446,49572612.00
2024/01/29,17.90,18.15,17.33,17.33,2241258,38749536.00
2024/01/30,17.17,17.24,16.54,16.58,2334549,38923276.00
2024/01/31,16.77,16.82,15.76,15.78,2416400,38610988.00
2024/02/01,15.78,16.09,15.43,15.61,1934596,30046196.00
2024/02/02,15.64,15.82,13.83,14.76,3849726,56693944.00
2024/02/05,14.37,14.59,12.72,13.00,4221170,56052164.00
2024/02/06,12.77,14.14,12.03,13.84,4897599,62941392.00
2024/02/07,14.02,14.79,13.39,13.79,5010069,69857840.00
2024/02/08,13.60,15.79,13.60,15.68,6649956,96010824.00
2024/02/19,15.68,16.40,15.68,15.90,3622823,57558788.00
数据来源:通达信
