301161 唯万密封 日线 后复权
      日期	    开盘	    最高	    最低	    收盘	    成交量	    成交额
2022/09/14,27.00,29.87,25.12,28.05,18964998,522975904.00
2022/09/15,29.50,32.90,27.58,28.93,19523865,582597888.00
2022/09/16,27.00,28.26,24.86,25.02,16096300,420406336.00
2022/09/19,24.27,24.27,21.68,21.81,12938133,295655104.00
2022/09/20,21.60,22.76,21.60,22.06,9563887,212786656.00
2022/09/21,21.64,22.86,21.09,22.35,8906818,196205056.00
2022/09/22,21.87,23.96,21.72,23.83,11609826,268282608.00
2022/09/23,24.14,24.68,22.18,22.42,8931611,207439696.00
2022/09/26,21.77,22.89,20.87,21.18,6877575,149670736.00
2022/09/27,21.30,21.64,20.63,21.18,5004685,105562312.00
2022/09/28,20.97,21.30,19.77,19.80,5330346,108525264.00
2022/09/29,20.00,20.28,19.13,19.26,4559373,89279832.00
2022/09/30,19.60,20.15,19.13,19.60,4876774,95917496.00
2022/10/10,19.29,19.92,18.42,18.60,4023901,76550080.00
2022/10/11,18.75,19.32,18.41,19.08,2606750,49074128.00
2022/10/12,18.92,19.45,18.45,19.38,3310505,62894956.00
2022/10/13,19.20,19.55,18.87,18.89,3548920,68259416.00
2022/10/14,19.11,19.51,19.11,19.31,3651658,70585760.00
2022/10/17,19.50,20.58,19.14,20.58,5794532,115784672.00
2022/10/18,20.46,20.46,19.81,20.09,4625054,92670264.00
2022/10/19,20.14,20.14,19.25,19.53,4369909,85338472.00
2022/10/20,19.53,19.83,18.93,19.15,3814393,73845840.00
2022/10/21,19.15,19.67,19.10,19.39,3622816,70009240.00
2022/10/24,19.39,19.84,19.15,19.58,3885291,75835304.00
2022/10/25,19.38,19.38,17.89,18.47,4490947,82987024.00
2022/10/26,18.54,18.85,18.32,18.73,2861347,53408164.00
2022/10/27,18.76,19.09,18.28,18.28,2789753,52045440.00
2022/10/28,18.16,18.36,17.46,17.52,2824830,50476968.00
2022/10/31,17.35,18.27,17.35,18.15,2498448,44976444.00
2022/11/01,18.23,18.81,18.04,18.81,2525560,46612836.00
2022/11/02,18.60,21.64,18.60,21.07,9770116,197735856.00
2022/11/03,20.98,25.28,20.70,25.28,15451668,362909408.00
2022/11/04,25.75,30.10,25.65,27.76,15842985,440389024.00
2022/11/07,28.00,28.84,26.81,27.30,9754162,267772640.00
2022/11/08,27.31,28.76,26.87,27.68,7783477,215951664.00
2022/11/09,27.60,28.45,26.84,28.05,5605057,155270320.00
2022/11/10,27.81,28.76,27.53,28.45,3986631,112246024.00
2022/11/11,28.65,29.05,26.10,26.47,6779500,187005456.00
2022/11/14,26.60,26.95,24.60,25.16,5861213,150196096.00
2022/11/15,25.16,26.60,24.56,26.05,3717901,96010288.00
2022/11/16,26.05,26.60,25.10,26.16,2858898,74065968.00
2022/11/17,26.16,26.33,25.00,25.68,2197528,56318260.00
2022/11/18,25.78,25.80,25.00,25.25,1747142,44145660.00
2022/11/21,25.30,25.59,24.56,25.34,1703635,42704200.00
2022/11/22,25.18,25.58,24.01,24.25,2309709,56666708.00
2022/11/23,24.40,25.29,23.54,24.74,3209895,78664112.00
2022/11/24,24.50,25.19,23.84,24.48,2751043,67662952.00
2022/11/25,24.05,24.30,22.40,22.65,3893626,89467176.00
2022/11/28,22.37,23.22,22.12,22.80,2373381,53941808.00
2022/11/29,22.73,23.01,22.20,22.45,2002210,44958380.00
2022/11/30,22.30,22.52,21.80,21.96,1652922,36397452.00
2022/12/01,22.18,23.09,22.02,22.75,2879909,65221916.00
2022/12/02,22.85,23.71,22.20,23.25,2638618,61214508.00
2022/12/05,23.30,23.64,22.68,22.88,2351941,54437200.00
2022/12/06,22.85,22.92,22.00,22.58,2268500,50784064.00
2022/12/07,22.42,22.86,22.23,22.56,1301314,29383870.00
2022/12/08,22.70,24.10,22.16,23.73,3781891,88606448.00
2022/12/09,23.73,23.95,22.30,22.99,4726194,108319032.00
2022/12/12,23.50,24.80,22.28,24.05,5764257,138136656.00
2022/12/13,23.99,24.68,23.30,24.50,5389508,129871104.00
2022/12/14,24.22,25.13,23.61,25.10,7141177,174702704.00
2022/12/15,24.88,25.44,24.20,24.51,6006440,149192304.00
2022/12/16,24.21,24.60,22.30,22.61,4631090,108035992.00
2022/12/19,22.70,24.74,22.31,23.12,4381833,102700008.00
2022/12/20,23.02,23.77,22.68,23.15,2745464,63760360.00
2022/12/21,22.72,23.35,22.40,22.66,2108276,48114704.00
2022/12/22,23.10,23.10,20.90,21.03,4025760,86694224.00
2022/12/23,21.00,21.65,20.35,21.14,1961194,41353184.00
2022/12/26,21.45,21.66,20.77,21.15,1708528,36413032.00
2022/12/27,21.01,21.36,20.50,20.90,1789478,37316748.00
2022/12/28,21.36,23.00,20.95,23.00,6301681,138617072.00
2022/12/29,22.35,23.18,22.03,22.68,3722058,84206344.00
2022/12/30,22.95,24.19,22.51,23.50,4333132,101872040.00
2023/01/03,23.41,24.19,22.94,23.90,4088164,96633808.00
2023/01/04,23.60,24.70,23.40,24.34,3519790,84797328.00
2023/01/05,24.05,24.33,23.50,23.62,3176474,75834440.00
2023/01/06,23.63,24.49,23.12,23.49,3119448,73904672.00
2023/01/09,23.74,23.80,23.00,23.24,2108762,49168528.00
2023/01/10,23.55,25.20,23.46,24.55,5465014,133253552.00
2023/01/11,24.17,25.13,23.88,24.11,4445736,108870272.00
2023/01/12,23.91,24.37,23.15,23.37,2909200,68664288.00
2023/01/13,23.70,23.70,22.13,22.30,4087686,92971256.00
2023/01/16,22.37,22.75,21.93,22.61,2222208,49766600.00
2023/01/17,22.44,22.80,22.01,22.18,1660108,37186068.00
2023/01/18,22.15,23.05,21.88,22.95,2548442,57885360.00
2023/01/19,22.84,23.08,22.00,22.90,2051577,46352664.00
2023/01/20,22.99,24.71,22.77,24.49,4182113,100586336.00
2023/01/30,24.61,24.89,24.10,24.40,3413444,83421784.00
2023/01/31,24.30,24.67,23.63,24.35,2773614,66896512.00
2023/02/01,24.35,24.52,23.90,24.37,2374834,57478568.00
2023/02/02,24.28,25.30,24.13,24.51,4599873,114059152.00
2023/02/03,24.50,24.75,23.85,24.03,2240244,54149312.00
2023/02/06,24.28,26.00,24.05,25.28,5035917,126531688.00
2023/02/07,25.12,25.18,24.24,24.56,3751014,92222792.00
2023/02/08,24.20,24.54,23.84,24.06,2175957,52398516.00
2023/02/09,24.18,24.73,23.66,24.40,2542214,61750732.00
2023/02/10,24.53,24.53,23.68,23.90,2426014,58086228.00
2023/02/13,23.96,28.68,23.74,28.68,8020016,211879280.00
2023/02/14,30.93,32.49,30.30,32.29,13288185,414049440.00
2023/02/15,31.44,31.69,29.16,29.68,11404075,341689312.00
2023/02/16,29.75,29.83,27.85,28.11,7767014,224989552.00
2023/02/17,28.67,29.24,27.43,28.85,8373488,238188304.00
2023/02/20,28.60,31.29,28.13,30.40,8999800,272362400.00
2023/02/21,30.02,30.79,29.10,29.50,6264521,186151168.00
2023/02/22,29.50,29.86,28.78,29.20,3436526,100704408.00
2023/02/23,29.58,29.58,27.70,28.66,4645825,131436208.00
2023/02/24,28.09,28.68,27.52,28.10,2557136,71380360.00
2023/02/27,27.95,28.10,26.86,26.96,3285711,89668744.00
2023/02/28,26.96,27.47,26.36,26.90,2759214,73980464.00
2023/03/01,27.03,28.50,26.84,28.20,4496056,124292376.00
2023/03/02,28.03,28.07,27.31,27.60,2442458,67523728.00
2023/03/03,27.10,27.89,26.90,27.70,1998704,54690508.00
2023/03/06,28.07,28.90,27.42,28.64,4550109,129388528.00
2023/03/07,28.21,28.45,27.13,27.43,3364612,93457296.00
2023/03/08,26.95,27.55,26.88,27.46,1300200,35391584.00
2023/03/09,27.22,28.00,26.95,27.47,1612000,44321304.00
2023/03/10,27.15,27.58,25.89,26.05,2937416,77736312.00
2023/03/13,25.89,27.00,25.54,26.45,1876414,49785784.00
2023/03/14,26.02,27.58,26.02,26.51,3235002,86390760.00
2023/03/15,26.24,27.44,26.21,26.79,1726626,46270496.00
2023/03/16,26.50,27.44,26.20,27.36,2478315,66356384.00
2023/03/17,28.44,29.75,27.70,28.10,5996439,171964384.00
2023/03/20,27.81,27.87,25.50,25.65,4850902,128121536.00
2023/03/21,25.66,26.22,24.75,25.68,3905043,99066496.00
2023/03/22,25.57,25.99,24.85,25.22,2982225,75400464.00
2023/03/23,25.18,25.18,24.60,24.68,2106974,52223536.00
2023/03/24,24.70,25.25,24.43,25.24,2388273,59520952.00
2023/03/27,25.85,25.89,24.54,24.80,2910740,73028896.00
2023/03/28,24.70,24.70,23.70,23.95,2467580,59469816.00
2023/03/29,24.12,24.12,23.56,23.63,1299082,30939594.00
2023/03/30,23.60,23.99,23.58,23.78,1180968,28031210.00
2023/03/31,23.86,25.30,23.66,24.76,2832574,69879352.00
2023/04/03,24.50,25.46,24.36,24.86,2041315,50704088.00
2023/04/04,24.88,25.00,23.80,23.90,2126018,51286524.00
2023/04/06,23.88,24.10,21.86,22.61,6203825,140270496.00
2023/04/07,22.30,23.38,22.17,22.74,3092993,71096736.00
2023/04/10,22.85,22.95,22.20,22.43,2716859,60999468.00
2023/04/11,22.38,22.69,22.21,22.41,1502718,33676144.00
2023/04/12,22.44,22.67,22.26,22.60,1379107,31007464.00
2023/04/13,22.60,22.60,22.10,22.29,1308160,29250292.00
2023/04/14,22.27,23.04,22.10,22.62,2190659,49315288.00
2023/04/17,22.50,23.17,22.50,22.81,1639016,37338204.00
2023/04/18,22.89,22.94,22.30,22.63,1331581,29968394.00
2023/04/19,22.74,23.09,22.37,22.92,2014302,45906340.00
2023/04/20,22.85,22.87,21.80,21.90,2684312,59241248.00
2023/04/21,21.82,22.06,21.10,21.17,1613196,34742892.00
2023/04/24,21.17,21.95,20.87,21.53,1673611,35855352.00
2023/04/25,21.53,21.53,20.46,20.77,1444163,30077898.00
2023/04/26,20.66,21.99,20.66,21.55,1874257,40219040.00
2023/04/27,21.30,21.82,21.12,21.51,981861,21117588.00
2023/04/28,21.52,22.17,21.15,22.10,1493347,32714812.00
2023/05/04,22.10,22.33,21.70,22.00,1027000,22575190.00
2023/05/05,21.94,22.18,21.75,21.80,858589,18833082.00
2023/05/08,21.91,22.15,21.39,21.60,1074708,23334682.00
2023/05/09,21.60,21.70,20.91,20.95,1384896,29352868.00
2023/05/10,21.02,21.37,20.84,21.14,907562,19181446.00
2023/05/11,21.33,21.35,20.86,21.05,983348,20720656.00
2023/05/12,21.00,21.13,20.31,20.37,1117637,23019388.00
2023/05/15,20.30,20.83,20.30,20.81,789725,16308327.00
2023/05/16,20.69,20.79,20.40,20.53,897563,18439258.00
2023/05/17,20.53,23.05,20.46,22.60,4979319,110611120.00
2023/05/18,22.39,22.43,21.87,22.22,2597029,57430580.00
2023/05/19,22.23,22.41,21.77,22.17,1717901,37900732.00
2023/05/22,22.04,22.77,22.04,22.58,2222204,49999496.00
2023/05/23,22.73,23.66,22.49,23.06,4009474,92751160.00
2023/05/24,22.83,23.23,22.75,22.91,2117326,48567860.00
2023/05/25,22.97,23.30,22.77,23.18,1849629,42533960.00
2023/05/26,23.20,23.28,22.25,22.36,2365746,53226936.00
2023/05/29,22.40,22.61,22.02,22.16,1220539,27160640.00
2023/05/30,22.44,22.44,21.88,22.23,1188975,26343172.00
2023/05/31,22.18,22.18,21.55,21.80,1352225,29444542.00
2023/06/01,22.18,23.11,21.90,22.60,3818046,86385496.00
2023/06/02,22.45,23.11,22.11,22.68,2587235,58768628.00
2023/06/05,22.67,22.94,22.46,22.80,1701402,38547028.00
2023/06/06,22.95,22.95,22.05,22.08,1543747,34516040.00
2023/06/07,22.26,22.35,21.82,22.02,1094660,23956596.00
2023/06/08,22.16,22.33,21.74,21.93,1045540,22815848.00
2023/06/09,22.10,22.73,21.71,22.61,1911683,42659700.00
2023/06/12,22.61,22.95,22.03,22.71,1889400,42200784.00
2023/06/13,22.71,23.58,22.47,23.28,3318168,76656432.00
2023/06/14,23.18,23.52,22.82,22.95,1770057,40456636.00
2023/06/15,22.95,23.65,22.79,23.53,3305076,76645240.00
2023/06/16,23.37,23.58,22.89,23.09,2832966,65066132.00
2023/06/19,22.99,23.11,22.59,22.66,2135292,48300624.00
2023/06/20,22.65,23.28,22.45,23.07,2450239,55879360.00
2023/06/21,23.07,23.43,22.79,22.88,2188516,50199844.00
2023/06/26,22.63,23.27,22.17,22.18,1722236,38670520.00
2023/06/27,22.27,23.24,22.27,23.11,2160704,49207732.00
2023/06/28,22.99,23.37,22.64,23.37,2793440,64126384.00
2023/06/29,23.36,23.97,23.13,23.57,3494998,82152856.00
2023/06/30,23.55,23.55,23.06,23.28,2682465,61872508.00
2023/07/03,23.51,26.83,23.48,25.10,7869168,195513104.00
2023/07/04,24.67,24.72,24.29,24.49,5062614,123085920.00
2023/07/05,24.27,24.76,24.08,24.62,3828968,93040800.00
2023/07/06,24.61,24.62,23.78,24.03,2664319,63567644.00
2023/07/07,23.87,24.35,23.77,23.98,2057499,49030848.00
2023/07/10,23.98,24.13,23.20,23.24,2976063,69582256.00
2023/07/11,23.21,23.71,23.04,23.53,1726127,40055508.00
2023/07/12,23.47,23.89,23.12,23.27,2028180,47394608.00
2023/07/13,23.30,23.42,22.89,23.33,1863537,42886980.00
2023/07/14,23.39,23.42,22.99,23.01,1678513,38602828.00
2023/07/17,22.91,23.22,22.73,23.13,1076763,24628224.00
2023/07/18,23.16,23.25,22.76,22.93,998123,22717690.00
2023/07/19,22.91,23.22,22.59,23.01,1143120,26037664.00
2023/07/20,23.13,23.20,22.70,22.74,1051597,23943882.00
2023/07/21,22.74,22.83,22.04,22.08,1488389,33071826.00
2023/07/24,22.17,22.17,21.75,21.93,860646,18694660.00
2023/07/25,22.44,23.10,21.94,22.87,1842967,41440364.00
2023/07/26,22.89,23.47,22.57,23.10,1995700,45819196.00
2023/07/27,23.01,23.10,22.39,22.54,1357244,30598716.00
2023/07/28,22.46,22.46,21.94,22.25,1001146,22047016.00
2023/07/31,23.67,25.86,23.29,24.07,8200608,200658016.00
2023/08/01,24.09,24.57,23.25,23.67,4486668,105133072.00
2023/08/02,23.28,28.37,23.06,26.27,14361736,377316416.00
2023/08/03,25.18,26.80,25.06,25.48,9768554,249349264.00
2023/08/04,25.46,25.58,24.97,25.15,5932392,148452032.00
2023/08/07,25.27,25.27,24.23,24.66,4674467,113785944.00
2023/08/08,24.58,26.83,23.80,26.17,10518070,266574704.00
2023/08/09,25.53,25.64,25.04,25.33,5016746,126108424.00
2023/08/10,25.13,25.73,24.86,25.05,3679309,91831536.00
2023/08/11,24.81,25.07,23.78,24.16,3329700,80680240.00
2023/08/14,23.97,24.35,23.67,24.32,2712033,64692408.00
2023/08/15,24.17,24.22,23.22,23.47,3105187,72411640.00
2023/08/16,23.47,23.47,22.61,22.69,2543992,57862220.00
2023/08/17,22.59,23.05,22.38,22.85,1805129,40743964.00
2023/08/18,22.77,23.62,22.76,23.12,2674063,61665352.00
2023/08/21,23.07,23.50,22.97,23.07,1493400,34424928.00
2023/08/22,23.07,23.31,22.02,22.37,2312042,51730172.00
2023/08/23,22.36,22.80,21.77,22.31,1691746,37493880.00
2023/08/24,22.21,22.35,21.64,21.64,1785579,38678996.00
2023/08/25,21.72,21.72,20.64,20.73,1773846,37103644.00
2023/08/28,23.05,23.05,20.67,20.77,1979607,41907696.00
2023/08/29,20.74,22.06,20.53,21.76,2599684,55745216.00
2023/08/30,21.63,22.27,21.63,22.11,1661020,36428396.00
2023/08/31,21.96,22.62,21.93,22.35,1402846,31035010.00
2023/09/01,22.36,23.02,22.17,22.66,1506246,33887920.00
2023/09/04,22.76,24.53,22.48,24.07,4724141,111179112.00
2023/09/05,23.77,24.02,23.60,23.72,2561124,60288236.00
2023/09/06,23.33,24.13,23.33,23.82,1734035,40946232.00
2023/09/07,23.84,24.14,23.42,23.43,1522024,35919508.00
2023/09/08,23.43,23.67,22.82,22.85,1549242,35661128.00
2023/09/11,22.86,23.05,22.34,22.40,1242178,27779880.00
2023/09/12,22.50,22.50,21.90,22.02,1108985,24276334.00
2023/09/13,22.22,22.22,21.24,21.52,1328346,28273206.00
2023/09/14,20.86,21.73,19.77,19.99,4177657,84308504.00
2023/09/15,20.00,20.21,19.74,19.82,1799311,35463648.00
2023/09/18,19.88,21.22,19.79,20.68,2879971,59114764.00
2023/09/19,20.82,20.83,20.13,20.22,1188200,23916828.00
2023/09/20,20.33,20.42,20.07,20.31,715231,14359879.00
2023/09/21,20.29,20.37,19.98,20.24,688892,13787306.00
2023/09/22,20.30,20.67,20.07,20.61,1158400,23515884.00
2023/09/25,20.59,20.59,20.06,20.16,1172600,23547514.00
2023/09/26,20.16,21.02,20.04,20.61,1487200,30297174.00
2023/09/27,20.59,21.50,20.59,21.05,1457957,30594296.00
2023/09/28,21.08,21.47,20.67,20.67,1188608,24652766.00
2023/10/09,20.96,20.97,20.31,20.42,1301154,26504288.00
2023/10/10,20.42,20.77,20.39,20.44,687217,14018232.00
2023/10/11,20.44,20.73,20.36,20.62,719517,14694578.00
2023/10/12,20.62,20.85,20.47,20.82,737697,15146346.00
2023/10/13,20.66,20.77,20.40,20.57,713817,14552357.00
2023/10/16,20.57,20.67,20.24,20.37,630700,12731998.00
2023/10/17,20.36,20.45,20.11,20.30,557113,11184906.00
2023/10/18,20.27,20.27,19.85,20.03,681000,13525091.00
2023/10/19,20.03,20.59,19.85,20.11,868900,17448128.00
2023/10/20,20.19,20.53,20.01,20.21,656000,13160938.00
2023/10/23,20.07,20.31,19.22,19.32,1075600,20815384.00
2023/10/24,19.37,20.25,19.37,20.15,1020161,20213448.00
2023/10/25,20.57,20.98,20.53,20.79,1189328,24452316.00
2023/10/26,20.77,20.77,20.23,20.61,801928,16255160.00
2023/10/27,20.53,20.89,20.35,20.76,812163,16646936.00
2023/10/30,20.49,20.85,20.37,20.75,1091240,22257568.00
2023/10/31,20.75,21.07,20.54,21.01,1111389,23037708.00
2023/11/01,20.93,21.31,20.87,20.97,949243,19856142.00
2023/11/02,20.89,21.11,20.59,20.68,801046,16525173.00
2023/11/03,20.91,21.37,20.68,21.10,936400,19674574.00
2023/11/06,21.27,21.43,21.07,21.43,1025856,21640446.00
2023/11/07,21.37,21.55,21.12,21.47,875542,18511830.00
2023/11/08,21.44,21.44,21.18,21.36,1101258,23303474.00
2023/11/09,21.25,21.43,21.19,21.27,712883,15064736.00
2023/11/10,21.27,21.33,20.97,21.09,839354,17601156.00
2023/11/13,21.22,21.65,21.12,21.47,1231846,26146480.00
2023/11/14,21.48,21.56,21.25,21.42,660400,13997907.00
2023/11/15,21.62,21.88,21.32,21.54,1554000,33240926.00
2023/11/16,21.43,21.72,21.28,21.28,819872,17403008.00
2023/11/17,21.38,21.47,21.17,21.32,702546,14869676.00
2023/11/20,21.41,21.52,21.17,21.43,1024715,21748744.00
2023/11/21,21.52,21.52,20.93,21.06,1273779,26781040.00
2023/11/22,21.08,21.31,20.57,20.80,941760,19575584.00
2023/11/23,20.79,21.00,20.40,20.90,994500,20575100.00
2023/11/24,20.83,20.95,20.31,20.57,966891,19677546.00
2023/11/27,20.48,20.72,20.29,20.39,876291,17821576.00
2023/11/28,20.47,20.89,20.29,20.84,802621,16489001.00
2023/11/29,20.87,21.01,20.59,20.67,546655,11263137.00
2023/11/30,20.74,20.75,20.25,20.45,723143,14659948.00
2023/12/01,20.50,20.61,20.20,20.40,608700,12309950.00
2023/12/04,20.45,20.64,20.33,20.35,768537,15600349.00
2023/12/05,20.42,20.42,20.06,20.11,682152,13675904.00
2023/12/06,20.00,20.52,19.99,20.17,864900,17448232.00
2023/12/07,20.17,20.26,19.84,20.02,809000,16047329.00
2023/12/08,20.00,20.20,19.51,19.53,1016033,19913808.00
2023/12/11,19.50,19.77,19.19,19.70,896183,17365010.00
2023/12/12,19.79,19.88,19.57,19.82,681287,13318724.00
2023/12/13,19.47,19.99,19.29,19.85,1171730,22863392.00
2023/12/14,19.74,19.88,19.49,19.49,890188,17342026.00
2023/12/15,19.49,19.70,19.43,19.46,450400,8712899.00
2023/12/18,19.37,19.56,19.19,19.22,583800,11193049.00
2023/12/19,19.18,19.81,19.14,19.64,971306,18788822.00
2023/12/20,19.75,20.56,19.68,19.86,1236746,24642288.00
2023/12/21,19.85,20.10,19.13,19.94,1244702,24205498.00
2023/12/22,19.96,20.16,19.65,19.72,877191,17280004.00
2023/12/25,19.76,20.07,19.08,19.25,1034446,19759740.00
2023/12/26,19.14,19.19,18.72,18.78,740600,13861528.00
2023/12/27,18.79,19.22,18.56,19.09,812273,15199083.00
2023/12/28,19.22,20.00,19.06,19.95,1088154,21285030.00
2023/12/29,19.96,20.43,19.95,20.39,1073181,21589492.00
2024/01/02,20.50,20.77,20.35,20.41,715235,14523534.00
2024/01/03,20.42,20.42,19.98,20.16,898346,17969086.00
2024/01/04,20.16,20.37,20.07,20.14,560500,11202090.00
2024/01/05,20.14,20.36,19.79,19.84,691209,13703746.00
2024/01/08,19.85,20.09,19.61,19.62,749400,14718204.00
2024/01/09,19.63,20.35,19.63,20.13,1072800,21411038.00
2024/01/10,20.06,20.34,19.88,20.07,713737,14200510.00
2024/01/11,19.97,20.46,19.97,20.38,932400,18739802.00
2024/01/12,20.36,20.91,20.27,20.28,1037200,21125908.00
2024/01/15,20.16,20.65,20.02,20.62,1249101,25321696.00
2024/01/16,20.72,22.04,20.48,20.92,3292927,69179904.00
2024/01/17,21.17,21.17,20.03,20.12,2351498,47963424.00
2024/01/18,19.91,20.02,19.22,19.67,1611646,31274310.00
2024/01/19,20.05,20.05,19.11,19.19,929522,17782700.00
2024/01/22,19.19,19.36,17.63,17.87,1239736,22527556.00
2024/01/23,17.97,18.03,17.04,17.50,1061234,18310724.00
2024/01/24,17.56,18.25,17.16,17.95,992630,17443978.00
2024/01/25,18.21,21.31,18.00,21.22,4860368,96302536.00
2024/01/26,20.56,21.46,19.90,21.16,4602666,94673224.00
2024/01/29,20.68,20.78,18.35,18.83,4259645,81784680.00
2024/01/30,18.17,18.43,17.27,17.63,2264826,39917920.00
2024/01/31,17.32,17.41,15.62,15.69,2153183,35104928.00
2024/02/01,15.61,17.73,15.61,16.39,2160102,35437652.00
2024/02/02,16.51,16.72,14.54,15.90,1980000,30935126.00
2024/02/05,15.91,15.94,13.33,13.42,2159664,30334114.00
2024/02/06,11.94,14.12,11.94,13.56,1609304,20969314.00
2024/02/07,13.77,13.85,12.35,12.86,1889474,24260172.00
2024/02/08,12.95,14.70,12.42,14.46,1914526,25568334.00
2024/02/19,14.51,15.13,14.32,14.50,1132423,16472651.00
数据来源:通达信
