300771 智莱科技 日线 后复权
      日期	    开盘	    最高	    最低	    收盘	    成交量	    成交额
2019/04/22,36.29,43.55,36.29,43.55,17280,751381.00
2019/04/23,47.91,47.91,47.91,47.91,5806,278165.47
2019/04/24,52.70,52.70,52.70,52.70,10448,550609.63
2019/04/25,57.97,57.97,57.97,57.97,15926,923230.25
2019/04/26,63.77,63.77,63.77,63.77,74742,4766297.50
2019/04/29,70.15,70.15,62.30,66.15,13666428,903667072.00
2019/04/30,64.50,65.90,61.80,64.60,7895183,505996448.00
2019/05/06,63.80,68.78,63.63,66.68,9093642,602317056.00
2019/05/07,65.23,66.50,62.80,64.50,6671255,427351680.00
2019/05/08,62.11,65.66,61.80,64.38,5194562,331459712.00
2019/05/09,63.84,67.52,63.55,63.79,5835874,382468640.00
2019/05/10,64.60,66.29,61.51,65.22,6259446,404423808.00
2019/05/13,64.00,69.20,63.30,67.02,6430541,427242336.00
2019/05/14,65.80,66.88,62.30,63.45,5379955,345101824.00
2019/05/15,63.66,69.69,63.00,66.97,7189944,480136896.00
2019/05/16,66.77,69.26,64.27,68.68,5645433,375764384.00
2019/05/17,68.18,70.74,66.00,66.07,7639181,523049824.00
2019/05/20,63.90,64.30,59.46,59.46,6204745,376469504.00
2019/05/21,57.90,59.38,57.59,58.29,3536476,206736928.00
2019/05/22,58.49,58.84,55.93,56.33,3335453,190963856.00
2019/05/23,56.19,56.33,54.59,55.78,3159126,175138688.00
2019/05/24,55.10,57.08,55.01,55.53,2599872,145967888.00
2019/05/27,55.94,57.20,55.01,56.68,2683978,150515024.00
2019/05/28,56.48,57.16,55.50,55.70,2733462,154195696.00
2019/05/29,55.50,57.40,55.05,56.70,2613621,147960576.00
2019/05/30,56.45,57.50,55.40,57.37,2590399,145726912.00
2019/05/31,57.19,61.10,57.19,59.92,5238165,312650496.00
2019/06/03,60.27,60.84,56.48,56.60,3609406,210911600.00
2019/06/04,56.74,56.79,53.75,53.98,2827688,155177168.00
2019/06/05,54.41,54.59,52.30,52.80,2241511,119273488.00
2019/06/06,52.68,52.68,50.24,50.84,1881775,96910264.00
2019/06/10,51.15,52.25,50.68,51.62,1326638,68434360.00
2019/06/11,51.88,53.82,51.50,53.76,2099901,111383160.00
2019/06/12,53.52,54.59,52.70,53.45,2012098,107940088.00
2019/06/13,52.85,53.93,52.70,53.60,1417173,75577560.00
2019/06/14,53.43,54.20,50.69,50.78,2129358,111380432.00
2019/06/17,50.80,51.18,50.31,50.80,836574,42432796.00
2019/06/18,51.00,53.45,50.84,52.30,1798406,94089424.00
2019/06/19,54.00,54.28,52.85,53.70,2404197,128794872.00
2019/06/20,53.70,54.17,52.78,53.86,2087611,111744192.00
2019/06/21,53.83,56.10,53.83,54.56,2453542,134964640.00
2019/06/24,54.79,55.57,54.06,55.15,1895613,104089344.00
2019/06/25,54.60,54.95,52.70,53.52,1729720,92847672.00
2019/06/26,52.88,55.95,52.88,55.09,2236624,122057824.00
2019/06/27,54.95,56.18,54.51,55.26,1893882,104813528.00
2019/06/28,55.26,56.60,54.63,55.85,2275607,126707608.00
2019/07/01,56.94,58.44,56.13,58.03,2953893,169253328.00
2019/07/02,57.53,57.57,56.66,57.06,1811420,103524632.00
2019/07/03,56.79,57.05,54.61,54.83,2215098,122590320.00
2019/07/04,54.84,55.85,54.41,55.02,1314927,72543880.00
2019/07/05,55.05,58.69,54.90,58.49,3648644,209741904.00
2019/07/08,57.71,57.84,54.79,55.06,2935298,164295168.00
2019/07/09,55.50,59.29,55.01,58.79,3846499,221358016.00
2019/07/10,58.09,59.80,57.75,59.51,3624970,213273792.00
2019/07/11,59.00,59.92,58.21,59.50,2316749,136977040.00
2019/07/12,59.40,59.40,56.87,57.08,2311163,133811336.00
2019/07/15,57.16,62.50,57.16,60.76,4134887,249539344.00
2019/07/16,60.48,61.89,59.52,61.00,3373026,204956112.00
2019/07/17,60.46,61.10,59.80,60.05,2120344,127804816.00
2019/07/18,59.23,61.78,59.21,60.36,2778193,168490032.00
2019/07/19,60.40,61.17,59.50,59.61,2208904,132938408.00
2019/07/22,59.39,59.50,56.01,57.25,2330414,133063504.00
2019/07/23,56.97,59.20,56.97,58.60,1699758,99287864.00
2019/07/24,57.93,60.88,57.93,59.71,2417586,144888288.00
2019/07/25,59.50,60.65,59.20,59.77,1904731,114231840.00
2019/07/26,59.51,60.78,58.70,60.60,1844403,110375952.00
2019/07/29,60.62,61.50,60.15,60.80,1541066,93629040.00
2019/07/30,60.35,61.54,60.35,60.86,1606403,97884208.00
2019/07/31,60.63,60.72,59.38,59.63,1455091,87227704.00
2019/08/01,59.38,60.16,59.15,59.99,1189921,71178824.00
2019/08/02,58.29,58.95,57.06,58.03,2164529,125898992.00
2019/08/05,58.22,58.85,57.20,57.40,1361978,79167280.00
2019/08/06,55.39,55.71,53.50,55.14,2142325,117335696.00
2019/08/07,55.50,55.92,54.31,54.40,1194391,65895392.00
2019/08/08,54.85,55.00,54.18,54.93,957929,52390844.00
2019/08/09,55.50,55.50,53.30,53.31,1373352,74657496.00
2019/08/12,53.80,55.23,53.00,55.15,1459273,79386208.00
2019/08/13,54.70,54.97,54.17,54.88,1132617,61904632.00
2019/08/14,55.35,56.78,55.35,55.82,1601145,89777120.00
2019/08/15,53.80,56.04,53.78,55.94,997699,54876648.00
2019/08/16,55.55,57.45,55.55,57.08,1293463,73633832.00
2019/08/19,58.67,59.95,57.62,59.40,2778723,163764672.00
2019/08/20,59.98,62.49,59.21,60.22,3792903,230787088.00
2019/08/21,59.75,60.94,59.11,59.97,2314378,139057152.00
2019/08/22,60.40,61.36,59.46,60.26,1757389,106030224.00
2019/08/23,59.85,60.33,58.56,59.20,1501977,88915912.00
2019/08/26,58.00,58.48,57.26,58.46,1281814,74239880.00
2019/08/27,58.80,59.30,58.42,58.72,1464319,86139872.00
2019/08/28,58.96,60.56,58.66,59.92,1932749,115359536.00
2019/08/29,60.00,60.00,58.46,58.64,1653206,97532984.00
2019/08/30,59.10,59.15,57.32,57.39,1539435,89754720.00
2019/09/02,57.46,58.67,57.43,58.53,1250277,72573368.00
2019/09/03,58.30,59.50,58.23,59.25,1535657,90509608.00
2019/09/04,58.97,59.55,58.61,59.55,1413096,83394256.00
2019/09/05,59.94,61.96,59.90,59.93,2756161,167615376.00
2019/09/06,60.44,63.50,60.15,63.02,3806209,235994080.00
2019/09/09,62.50,64.34,62.32,63.68,2807073,177844288.00
2019/09/10,63.28,63.98,62.30,63.98,2078295,130991952.00
2019/09/11,63.87,63.87,61.72,61.84,1907375,119474040.00
2019/09/12,61.87,63.80,61.84,63.41,1763652,110975744.00
2019/09/16,63.80,63.90,62.00,62.95,1539666,96955432.00
2019/09/17,63.18,65.20,62.85,63.18,2844990,181816768.00
2019/09/18,62.87,64.55,61.83,63.80,2321151,146755536.00
2019/09/19,63.80,66.19,63.10,65.87,2906704,188345024.00
2019/09/20,65.31,66.88,64.51,65.10,2579637,168786912.00
2019/09/23,64.71,64.92,62.77,62.95,2284603,144793888.00
2019/09/24,63.30,64.15,62.61,62.78,1877517,119097240.00
2019/09/25,62.60,63.45,61.88,62.15,1547968,97089592.00
2019/09/26,62.50,62.60,60.01,60.40,1527561,92525272.00
2019/09/27,60.15,61.26,60.15,60.71,1110520,67153232.00
2019/09/30,60.48,61.07,59.21,59.28,1035991,61735028.00
2019/10/08,59.30,59.51,57.48,57.66,1091477,63547356.00
2019/10/09,57.28,58.57,57.22,58.45,679445,39179544.00
2019/10/10,58.40,59.30,58.30,59.16,893470,52352928.00
2019/10/11,59.25,59.89,58.21,59.37,1019517,59958616.00
2019/10/14,60.10,60.99,59.45,60.45,1056902,63411528.00
2019/10/15,60.30,60.32,58.80,59.85,1308493,77383280.00
2019/10/16,60.10,61.56,60.09,60.63,1351788,81716096.00
2019/10/17,60.72,62.14,60.30,62.10,1332535,81267984.00
2019/10/18,61.79,62.48,60.50,61.08,1339794,82081208.00
2019/10/21,60.54,61.30,59.74,61.22,972370,58552512.00
2019/10/22,61.19,62.42,60.85,62.30,1551377,95749912.00
2019/10/23,62.30,62.30,60.30,60.59,1271438,77762968.00
2019/10/24,60.55,63.45,60.55,62.62,2340041,145675520.00
2019/10/25,62.79,63.57,61.93,62.82,1904905,119336384.00
2019/10/28,62.38,63.90,62.30,63.44,1728158,108760632.00
2019/10/29,62.50,62.50,58.63,58.72,3190990,192098576.00
2019/10/30,58.62,59.00,57.92,58.19,1449640,84193968.00
2019/10/31,58.30,58.64,56.23,56.36,1616758,92084888.00
2019/11/01,56.20,57.18,56.08,56.82,1287862,72530624.00
2019/11/04,56.97,57.41,56.52,56.97,847610,48066632.00
2019/11/05,57.00,57.17,56.15,56.60,1065117,60047352.00
2019/11/06,56.61,57.16,55.48,55.78,1185054,66355860.00
2019/11/07,55.68,56.55,55.55,56.46,693872,38752240.00
2019/11/08,56.82,58.20,56.50,57.62,1440842,82470184.00
2019/11/11,57.20,57.20,55.66,56.01,900026,50428264.00
2019/11/12,56.01,57.75,55.98,57.50,1005000,57019248.00
2019/11/13,57.80,58.20,57.12,57.67,1143177,65631940.00
2019/11/14,57.66,58.57,57.54,58.10,946017,54667672.00
2019/11/15,58.06,58.10,57.10,57.48,824900,47132016.00
2019/11/18,57.40,58.45,57.15,58.45,853985,49201272.00
2019/11/19,58.45,58.92,57.96,58.76,948777,55235732.00
2019/11/20,58.67,58.86,56.86,57.16,1175154,67643016.00
2019/11/21,56.59,57.77,56.48,56.91,759705,43137316.00
2019/11/22,57.04,57.70,55.61,55.78,1074873,60245444.00
2019/11/25,55.83,56.00,53.20,53.44,1426303,76838328.00
2019/11/26,53.28,53.80,53.20,53.53,540401,28744448.00
2019/11/27,53.53,53.95,52.84,53.81,608399,32362326.00
2019/11/28,53.79,54.09,53.41,54.09,497570,26663674.00
2019/11/29,53.85,54.28,53.53,54.20,430446,23026312.00
2019/12/02,54.26,54.40,53.95,54.24,388645,20940802.00
2019/12/03,53.83,54.50,53.65,54.48,570635,30683942.00
2019/12/04,54.28,54.93,54.10,54.73,474426,25772114.00
2019/12/05,54.57,55.40,54.57,55.23,915902,50200256.00
2019/12/06,55.23,55.30,54.29,55.08,715540,39011908.00
2019/12/09,55.10,55.25,54.50,54.85,466575,25419300.00
2019/12/10,54.78,55.07,54.22,54.84,640048,34709260.00
2019/12/11,54.73,54.80,53.83,53.86,736557,39659608.00
2019/12/12,53.69,53.85,53.28,53.30,707312,37609600.00
2019/12/13,53.47,54.40,53.45,54.34,730148,39177532.00
2019/12/16,54.70,57.98,54.70,57.70,2137488,120626256.00
2019/12/17,57.70,57.94,57.10,57.49,1644981,93923864.00
2019/12/18,57.49,58.43,57.23,57.67,1246882,71690832.00
2019/12/19,57.46,58.45,57.24,58.34,1046143,60124868.00
2019/12/20,58.15,60.27,58.15,59.48,1953193,115213784.00
2019/12/23,58.90,60.80,58.07,58.11,1716354,101267192.00
2019/12/24,58.39,59.56,58.00,59.40,1235577,72285840.00
2019/12/25,59.28,59.80,58.85,59.49,1116477,65767408.00
2019/12/26,59.53,59.81,59.10,59.62,1211983,71659384.00
2019/12/27,59.62,62.80,59.16,61.30,2352187,143342080.00
2019/12/30,61.20,66.88,60.90,65.25,3625064,230370544.00
2019/12/31,64.10,64.38,63.06,64.03,1978998,125444128.00
2020/01/02,64.00,65.16,62.98,64.50,1870779,119734992.00
2020/01/03,64.44,66.82,63.96,65.23,2570097,167812768.00
2020/01/06,64.50,64.50,63.01,63.88,2165674,137348976.00
2020/01/07,63.72,64.15,63.08,63.80,1446767,91397040.00
2020/01/08,63.26,65.80,63.10,63.58,1729162,110760736.00
2020/01/09,65.30,65.31,64.14,64.68,1145634,73666296.00
2020/01/10,64.68,69.18,64.36,67.48,2823324,188774032.00
2020/01/13,67.80,70.46,66.66,69.40,2501466,171571232.00
2020/01/14,69.33,71.15,68.54,69.40,2202400,153033904.00
2020/01/15,68.60,69.78,68.10,69.47,1677156,114977736.00
2020/01/16,69.25,69.80,67.90,68.74,1293422,88256984.00
2020/01/17,69.10,69.68,68.10,68.90,1332500,91236792.00
2020/01/20,66.88,66.88,62.04,62.64,3776606,238074064.00
2020/01/21,62.81,63.42,61.65,61.93,1523226,94687416.00
2020/01/22,61.76,62.80,60.31,62.60,1596822,97929448.00
2020/01/23,62.16,62.22,58.66,59.38,2022493,121818544.00
2020/02/03,53.48,55.28,53.47,53.47,1853077,98999032.00
2020/02/04,53.48,57.28,53.48,56.50,2061714,113971096.00
2020/02/05,56.15,58.03,56.15,56.75,1979621,112354024.00
2020/02/06,56.34,59.10,56.34,58.31,2133359,123260824.00
2020/02/07,58.98,64.11,58.90,64.11,4674196,292355840.00
2020/02/10,70.49,70.49,70.49,70.49,1007736,70732992.00
2020/02/11,73.30,77.51,72.50,77.50,11766895,888194624.00
2020/02/12,74.30,81.18,74.30,80.30,6730133,522132480.00
2020/02/13,78.71,79.29,75.96,76.75,4199551,326318592.00
2020/02/14,76.66,80.94,76.18,78.84,3622725,282936416.00
2020/02/17,78.30,83.68,78.00,81.76,3833019,306942560.00
2020/02/18,80.70,80.70,76.96,78.83,3295527,259035792.00
2020/02/19,79.24,80.20,77.30,77.30,2449217,191583552.00
2020/02/20,77.30,78.00,75.60,77.10,2415070,185085776.00
2020/02/21,76.30,78.35,75.90,76.55,2728700,209264192.00
2020/02/24,76.60,77.98,74.66,76.33,2990671,226294256.00
2020/02/25,75.13,75.43,72.10,74.80,3048249,225188048.00
2020/02/26,74.60,78.49,73.37,73.90,3085368,233748352.00
2020/02/27,74.62,75.88,72.50,74.17,1660378,122923296.00
2020/02/28,71.98,76.10,71.78,72.31,2938791,217405808.00
2020/03/02,73.59,75.66,73.29,75.25,2442944,181768912.00
2020/03/03,76.49,78.40,75.16,75.36,3357319,256764624.00
2020/03/04,74.80,76.45,74.18,75.35,1670336,125290640.00
2020/03/05,76.30,77.22,74.50,75.90,1709057,129293728.00
2020/03/06,75.56,75.56,71.15,71.52,2948422,213033104.00
2020/03/09,70.30,71.03,67.97,67.99,1874405,130065392.00
2020/03/10,66.38,70.82,66.38,70.82,1650327,113302704.00
2020/03/11,70.92,71.74,69.37,69.56,1110200,78265824.00
2020/03/12,68.52,70.64,68.30,69.88,996037,68815784.00
2020/03/13,66.88,71.20,66.31,70.93,1362934,93278800.00
2020/03/16,71.51,71.80,66.90,67.08,1315341,91105024.00
2020/03/17,67.95,68.80,65.54,67.47,1037786,69332936.00
2020/03/18,67.98,70.64,67.67,68.04,1249064,85900952.00
2020/03/19,68.01,72.68,68.01,72.43,2002914,141094464.00
2020/03/20,73.10,75.96,72.70,75.14,2014487,149664736.00
2020/03/23,74.30,76.48,70.37,71.14,2914444,213600032.00
2020/03/24,69.69,70.20,64.06,64.06,4377791,283252512.00
2020/03/25,64.10,64.80,60.42,62.07,2590986,161500848.00
2020/03/26,61.85,62.68,60.15,60.35,1573975,95895424.00
2020/03/27,60.90,62.04,60.43,60.72,1193670,72886864.00
2020/03/30,59.73,59.73,56.80,57.81,1660461,95554424.00
2020/03/31,58.47,58.68,57.79,58.05,876211,50644024.00
2020/04/01,57.74,58.65,57.10,57.28,694099,39972148.00
2020/04/02,56.80,59.48,56.60,59.43,1159442,67245816.00
2020/04/03,58.71,60.82,58.51,60.66,1512959,90349840.00
2020/04/07,61.62,62.85,61.11,62.05,1546867,95290160.00
2020/04/08,61.55,63.08,61.40,62.12,1058327,65440208.00
2020/04/09,62.29,62.41,60.61,61.10,1273951,77666448.00
2020/04/10,61.10,61.59,58.69,59.08,1272700,75908776.00
2020/04/13,58.61,59.06,57.42,57.83,783027,45058796.00
2020/04/14,58.20,59.24,57.86,59.24,853178,49717592.00
2020/04/15,60.30,60.53,58.83,59.79,890677,52886904.00
2020/04/16,58.83,59.87,58.83,59.33,731577,43100496.00
2020/04/17,59.44,62.30,59.07,60.17,1513477,90659392.00
2020/04/20,61.01,61.68,60.21,61.30,1253900,76146944.00
2020/04/21,61.29,61.29,59.63,60.07,1017299,61038628.00
2020/04/22,59.32,61.31,59.00,61.20,949900,57114572.00
2020/04/23,61.29,62.63,60.72,61.90,1309542,80425776.00
2020/04/24,61.30,61.68,59.80,60.10,889500,53509568.00
2020/04/27,60.32,61.08,59.61,59.88,725478,43438280.00
2020/04/28,59.60,59.87,55.95,58.10,803464,46287908.00
2020/04/29,57.86,59.02,57.42,58.46,470457,27339748.00
2020/04/30,59.30,60.97,58.81,60.88,1158947,69739608.00
2020/05/06,60.80,62.81,59.92,62.54,1254866,77050864.00
2020/05/07,62.58,62.58,61.35,61.58,1225088,75237128.00
2020/05/08,62.20,62.26,61.42,61.81,1261600,77694008.00
2020/05/11,61.86,61.86,60.70,61.21,1277593,77760056.00
2020/05/12,60.91,62.89,60.70,62.80,1742468,107683912.00
2020/05/13,63.43,67.81,63.08,66.30,3409234,223847296.00
2020/05/14,66.10,66.98,65.36,65.73,1821847,120163216.00
2020/05/15,65.73,66.16,64.67,64.82,1193177,77335904.00
2020/05/18,64.45,64.45,62.74,63.00,1432698,90423856.00
2020/05/19,64.00,64.22,62.85,64.16,1164877,73536320.00
2020/05/20,64.16,64.18,61.90,62.35,1297234,81067472.00
2020/05/21,62.78,62.78,59.18,60.00,1974945,73795272.00
2020/05/22,59.71,59.90,57.10,57.12,1565612,56274456.00
2020/05/25,57.36,59.74,57.36,58.36,2158340,78272984.00
2020/05/26,57.77,59.80,57.77,59.79,1597221,58174372.00
2020/05/27,59.58,59.90,57.84,58.40,1514196,55020700.00
2020/05/28,58.73,58.92,55.74,57.53,1309420,46319384.00
2020/05/29,56.78,57.74,56.06,57.05,896140,31646682.00
2020/06/01,57.64,59.66,57.26,59.10,1527783,55481020.00
2020/06/02,59.10,60.67,59.10,60.44,1510566,56029792.00
2020/06/03,60.54,60.72,59.58,59.61,1063860,39501236.00
2020/06/04,60.14,60.14,59.08,59.82,736052,27078862.00
2020/06/05,60.12,60.38,59.21,59.95,685603,25248684.00
2020/06/08,59.93,60.70,59.37,59.56,1196360,44327524.00
2020/06/09,60.38,60.38,59.02,59.37,926110,33987568.00
2020/06/10,59.26,60.51,58.08,59.96,1916398,70368336.00
2020/06/11,59.98,63.90,59.74,61.24,3418803,130860408.00
2020/06/12,60.27,62.54,59.92,62.17,2139199,81748184.00
2020/06/15,61.82,63.61,61.23,62.06,2138759,82551040.00
2020/06/16,62.35,63.90,62.35,63.61,2551304,99520008.00
2020/06/17,63.12,64.14,62.62,62.99,1756202,68432480.00
2020/06/18,62.36,64.68,62.35,63.04,1923143,75396928.00
2020/06/19,63.10,63.50,62.08,62.83,1614321,62716828.00
2020/06/22,62.84,63.40,61.44,61.98,2335626,89697728.00
2020/06/23,61.76,62.22,61.02,61.12,1438813,54492320.00
2020/06/24,61.72,61.80,60.97,61.26,1385016,52482232.00
2020/06/29,61.45,61.45,58.91,59.55,2475414,91631752.00
2020/06/30,59.82,61.82,59.82,61.18,2306223,87199040.00
2020/07/01,61.52,62.27,60.56,61.52,1891081,71689160.00
2020/07/02,61.79,63.56,61.44,62.76,2212729,85771792.00
2020/07/03,62.62,63.36,61.98,62.96,2144580,83197560.00
2020/07/06,63.00,64.67,62.96,64.56,4019638,159514256.00
2020/07/07,64.96,66.56,64.19,65.37,4221992,171048240.00
2020/07/08,65.39,66.44,64.72,66.06,3039130,123495584.00
2020/07/09,66.22,68.76,66.22,68.70,4544563,189940144.00
2020/07/10,68.68,69.45,66.81,67.44,3246300,136632352.00
2020/07/13,66.72,68.83,66.56,68.54,3518759,148140560.00
2020/07/14,68.46,70.56,67.90,70.33,4586448,196280048.00
2020/07/15,70.89,71.31,66.14,66.40,4021479,169864256.00
2020/07/16,66.73,67.39,63.10,63.32,3159424,128096360.00
2020/07/17,63.44,64.67,61.66,62.89,2601829,101214376.00
2020/07/20,63.26,64.96,62.76,64.96,1764385,69660880.00
2020/07/21,65.02,66.14,64.38,65.05,1617702,65232300.00
2020/07/22,65.13,68.89,64.54,67.00,3868786,160798816.00
2020/07/23,66.30,67.23,64.22,67.18,2602432,106208992.00
2020/07/24,66.78,68.68,63.29,63.34,2861046,116222776.00
2020/07/27,63.29,64.11,60.64,61.04,2455451,94073736.00
2020/07/28,61.26,61.95,59.88,60.54,2341689,87650168.00
2020/07/29,60.54,62.44,59.90,62.09,1788054,67727240.00
2020/07/30,62.12,63.29,60.99,61.34,1845132,70518456.00
2020/07/31,61.40,62.41,60.51,62.28,1866288,71229864.00
2020/08/03,62.48,63.74,62.32,63.53,2047302,79926992.00
2020/08/04,63.53,63.88,61.98,62.28,2123660,82253952.00
2020/08/05,62.03,63.02,61.20,62.72,1754189,67435984.00
2020/08/06,62.81,64.36,62.46,64.06,2915195,114791048.00
2020/08/07,63.74,63.85,61.90,62.30,2028517,78415448.00
2020/08/10,61.50,62.92,61.28,62.30,1305485,50180444.00
2020/08/11,62.49,68.28,62.14,64.70,5217990,211178496.00
2020/08/12,64.75,67.90,63.71,67.87,5611041,230027312.00
2020/08/13,68.06,68.33,65.68,67.15,3124347,129290472.00
2020/08/14,67.29,67.32,65.66,66.44,2017725,82580680.00
2020/08/17,66.64,67.36,65.20,67.15,2852550,117350768.00
2020/08/18,67.05,67.08,65.50,65.63,2290046,93529504.00
2020/08/19,65.60,66.04,64.38,64.38,1728499,69523504.00
2020/08/20,64.08,65.79,63.58,64.84,1496996,59835468.00
2020/08/21,65.05,69.12,65.05,68.33,5759863,241054480.00
2020/08/24,67.77,69.44,67.16,68.52,4568068,193165952.00
2020/08/25,66.56,66.99,63.12,66.12,5478417,220628528.00
2020/08/26,65.42,71.07,65.10,69.12,6728355,286472128.00
2020/08/27,68.70,68.70,63.18,66.32,4937134,200441328.00
2020/08/28,66.92,68.67,65.08,65.87,3120720,128034304.00
2020/08/31,65.50,66.60,64.97,65.04,2462244,100083864.00
2020/09/01,65.60,65.60,63.77,64.78,2199467,87487032.00
2020/09/02,64.72,67.02,64.72,66.30,3009840,123174312.00
2020/09/03,66.16,66.27,64.11,64.12,2588862,103611408.00
2020/09/04,63.34,64.06,62.43,63.72,1848579,72312544.00
2020/09/07,63.39,65.02,63.13,63.88,2056500,81588280.00
2020/09/08,64.59,65.93,63.34,65.64,2477200,99676096.00
2020/09/09,64.81,66.24,63.42,63.68,2303259,92209120.00
2020/09/10,64.97,67.88,64.33,64.51,5377121,220925840.00
2020/09/11,61.04,63.05,59.90,62.65,4116583,156502400.00
2020/09/14,62.16,65.52,62.12,65.21,3532229,141293184.00
2020/09/15,65.55,66.48,64.70,65.96,2769824,112740448.00
2020/09/16,65.63,66.40,63.45,63.72,2427122,96722144.00
2020/09/17,64.22,64.97,62.46,64.38,2345320,92357328.00
2020/09/18,64.38,65.15,63.58,64.78,1871487,74575872.00
2020/09/21,65.02,65.12,63.26,63.52,1461149,57749452.00
2020/09/22,63.24,63.50,61.79,61.82,1735998,67113800.00
2020/09/23,62.75,62.92,61.58,61.95,1157360,44301564.00
2020/09/24,61.95,62.52,59.72,59.82,1686495,62961876.00
2020/09/25,60.46,60.46,58.49,58.72,1260756,46076744.00
2020/09/28,58.89,59.64,57.29,57.34,989366,35531744.00
2020/09/29,58.09,58.32,57.18,57.52,737831,26318276.00
2020/09/30,57.84,58.59,57.42,57.61,730814,26137914.00
2020/10/09,58.75,59.58,58.28,58.92,1119510,40696608.00
2020/10/12,59.18,60.73,59.18,60.57,1209177,45011572.00
2020/10/13,60.70,60.75,59.47,60.04,1109269,41117064.00
2020/10/14,60.14,60.24,58.78,59.23,1261326,46274316.00
2020/10/15,59.34,59.42,57.77,57.95,1615036,58025052.00
2020/10/16,58.12,58.19,56.57,56.97,1674363,59090020.00
2020/10/19,57.69,57.80,56.72,57.40,1615047,57169468.00
2020/10/20,57.56,58.94,56.94,58.75,1553506,55759312.00
2020/10/21,58.78,58.99,57.34,57.90,1267954,45484168.00
2020/10/22,57.58,58.89,56.75,58.62,1306468,46915244.00
2020/10/23,58.62,58.92,56.99,57.26,1187061,42462536.00
2020/10/26,57.31,57.87,56.78,57.64,831241,29429404.00
2020/10/27,57.31,58.62,57.05,57.66,814975,29065204.00
2020/10/28,57.36,57.77,55.20,55.69,1902649,65926296.00
2020/10/29,55.08,55.55,54.30,54.30,1919301,64900988.00
2020/10/30,55.39,56.38,53.93,54.33,1806740,61559928.00
2020/11/02,54.83,55.52,53.68,55.13,1308710,44306208.00
2020/11/03,55.21,56.28,54.70,55.96,1310211,44919044.00
2020/11/04,55.84,56.16,53.93,54.14,2104718,71019048.00
2020/11/05,54.52,55.50,53.95,55.39,1936157,65411920.00
2020/11/06,55.58,55.66,53.74,53.98,1867306,62584756.00
2020/11/09,54.48,55.37,54.12,55.24,1520300,51603460.00
2020/11/10,55.55,58.73,55.10,57.56,3450412,121660768.00
2020/11/11,57.50,57.58,54.89,55.26,2427270,83720608.00
2020/11/12,55.42,56.27,55.18,55.55,1129296,38764172.00
2020/11/13,55.24,55.50,54.46,54.92,965340,32632612.00
2020/11/16,55.07,55.82,54.62,55.76,991640,33885992.00
2020/11/17,55.80,55.80,54.30,55.00,966680,32687146.00
2020/11/18,54.97,55.72,54.52,55.20,751080,25515082.00
2020/11/19,55.13,55.50,54.56,55.04,857740,29145476.00
2020/11/20,55.26,55.26,54.64,54.89,774441,26197162.00
2020/11/23,55.20,55.20,54.20,54.57,1214099,40864924.00
2020/11/24,54.57,54.89,54.20,54.30,875448,29446194.00
2020/11/25,54.30,54.64,53.42,53.45,1193941,39726964.00
2020/11/26,53.44,54.11,53.08,53.47,855760,28303372.00
2020/11/27,53.32,54.03,53.20,53.98,823640,27293072.00
2020/11/30,53.71,54.27,53.42,53.90,750540,24958500.00
2020/12/01,53.92,54.72,53.76,54.46,852729,28588012.00
2020/12/02,54.46,54.72,54.09,54.67,843120,28330080.00
2020/12/03,54.60,55.08,53.98,54.19,932988,31375750.00
2020/12/04,53.93,54.35,53.74,54.11,587480,19558716.00
2020/12/07,54.11,54.28,53.66,53.77,630480,20953140.00
2020/12/08,53.79,54.19,53.31,53.42,717480,23741174.00
2020/12/09,53.42,53.55,51.42,51.48,1627188,52483644.00
2020/12/10,51.47,51.47,49.77,50.08,1350407,42146940.00
2020/12/11,50.17,50.49,47.10,49.02,1771608,53163268.00
2020/12/14,49.15,49.34,48.30,49.18,791321,23789436.00
2020/12/15,49.31,49.31,48.12,48.65,929571,27801558.00
2020/12/16,48.73,48.73,46.43,46.49,1604396,46689444.00
2020/12/17,46.68,47.93,45.50,47.77,1535994,44501960.00
2020/12/18,47.72,48.28,46.72,46.92,935165,27265438.00
2020/12/21,47.05,47.55,46.65,47.24,662106,19214860.00
2020/12/22,47.34,47.34,46.46,46.88,1016200,29316740.00
2020/12/23,46.49,46.94,45.31,45.72,1363716,38423632.00
2020/12/24,45.48,45.52,44.06,44.11,1214867,33427254.00
2020/12/25,44.16,49.02,43.76,47.79,2704776,78367864.00
2020/12/28,47.82,47.82,45.05,45.31,1802142,50940852.00
2020/12/29,44.91,46.24,44.81,45.92,1296576,36350840.00
2020/12/30,45.90,46.19,45.28,45.71,990516,27900034.00
2020/12/31,45.66,46.84,45.66,46.08,829979,23648998.00
2021/01/04,46.14,46.68,45.82,46.49,1135463,32334722.00
2021/01/05,46.22,46.94,45.82,46.49,1193795,34044472.00
2021/01/06,46.59,46.84,44.78,45.18,1192020,33373612.00
2021/01/07,45.07,45.18,42.17,42.86,2044540,54600996.00
2021/01/08,43.24,43.85,41.77,43.00,972140,25738582.00
2021/01/11,42.76,43.55,41.60,41.72,1221319,31748662.00
2021/01/12,41.66,42.89,41.52,41.95,830308,21471254.00
2021/01/13,41.68,41.80,40.30,40.94,1408292,35317360.00
2021/01/14,40.94,43.58,40.60,42.41,1912695,49790588.00
2021/01/15,42.41,45.18,42.35,44.51,1981886,53826000.00
2021/01/18,44.36,44.97,44.03,44.32,788842,21573212.00
2021/01/19,44.32,45.58,44.12,45.00,991400,27311270.00
2021/01/20,44.99,45.00,43.71,43.74,863247,23422326.00
2021/01/21,43.71,44.48,43.28,43.76,815722,22010438.00
2021/01/22,43.58,43.61,42.62,42.92,876421,23174070.00
2021/01/25,42.94,43.10,41.47,41.80,1122126,28947248.00
2021/01/26,41.74,43.53,41.74,42.27,914213,24014080.00
2021/01/27,42.59,42.86,41.63,42.30,824020,21402588.00
2021/01/28,42.19,43.07,41.26,41.58,911900,23663578.00
2021/01/29,41.60,42.24,40.33,40.68,1245600,31242272.00
2021/02/01,40.83,42.09,40.78,41.90,823520,21025338.00
2021/02/02,41.93,42.12,41.08,41.34,689300,17599076.00
2021/02/03,41.39,42.04,40.41,40.65,738187,18505606.00
2021/02/04,40.65,40.89,38.24,38.70,1520110,36471392.00
2021/02/05,38.72,40.46,38.72,38.97,897406,21767258.00
2021/02/08,39.13,39.80,38.32,39.18,992860,23808234.00
2021/02/09,39.02,39.52,38.62,39.20,931779,22363870.00
2021/02/10,39.26,40.00,39.13,39.92,922880,22405956.00
2021/02/18,39.96,41.39,39.96,41.02,1161203,29199602.00
2021/02/19,41.02,42.54,40.81,42.51,1120680,28914454.00
2021/02/22,42.67,45.12,42.62,43.88,2696001,72986608.00
2021/02/23,43.84,44.16,42.08,42.30,1335193,35139212.00
2021/02/24,42.14,44.16,42.14,42.72,1745901,46051784.00
2021/02/25,42.78,43.36,41.98,41.98,1017307,26543546.00
2021/02/26,39.90,42.14,39.44,41.02,1734367,43914064.00
2021/03/01,40.92,42.91,40.76,42.68,1151880,29846286.00
2021/03/02,42.54,42.96,41.71,41.95,860620,22329292.00
2021/03/03,41.85,42.28,41.47,42.22,786100,20259922.00
2021/03/04,41.98,42.99,41.98,42.30,1222000,31947958.00
2021/03/05,42.08,42.88,42.03,42.60,909100,23750584.00
2021/03/08,42.62,43.50,42.36,42.41,1145970,30303284.00
2021/03/09,42.20,42.67,40.25,40.70,1291078,32678782.00
2021/03/10,40.78,41.34,39.72,39.76,862100,21276174.00
2021/03/11,39.98,40.48,39.21,40.36,617838,15177856.00
2021/03/12,40.36,40.68,39.98,40.20,556335,13757370.00
2021/03/15,40.14,40.25,39.29,39.55,589580,14362144.00
2021/03/16,39.55,40.54,39.55,40.25,649541,16027575.00
2021/03/17,40.33,40.72,39.88,40.70,613199,15224799.00
2021/03/18,40.70,41.29,40.32,40.99,719040,18072584.00
2021/03/19,40.75,41.85,40.60,41.63,936330,23827762.00
2021/03/22,41.61,44.36,41.47,44.24,2482561,65780248.00
2021/03/23,44.14,46.88,43.84,45.71,4282790,119516040.00
2021/03/24,45.34,45.79,44.09,45.42,1861151,51522244.00
2021/03/25,44.91,45.56,44.30,44.75,953559,26322196.00
2021/03/26,44.36,45.18,44.12,45.05,711984,19588230.00
2021/03/29,45.00,48.86,44.73,46.94,3260320,94904032.00
2021/03/30,46.68,47.77,44.33,47.10,2584179,74493744.00
2021/03/31,46.52,48.38,46.52,47.13,1897828,55670560.00
2021/04/01,46.35,47.90,45.95,46.00,2115160,60907256.00
2021/04/02,46.06,49.50,45.92,48.48,2705516,80370624.00
2021/04/06,49.08,49.44,47.34,48.22,1538024,45559188.00
2021/04/07,47.98,48.20,47.24,47.85,1085570,31864328.00
2021/04/08,47.39,50.12,47.34,48.94,2789221,84355584.00
2021/04/09,49.04,49.63,48.56,49.18,1118705,33875892.00
2021/04/12,49.31,49.79,47.42,47.60,1185408,35400680.00
2021/04/13,47.92,48.22,46.62,46.81,1002500,29236658.00
2021/04/14,46.40,49.80,46.40,49.71,1796171,54120328.00
2021/04/15,49.71,51.32,49.23,50.80,1942584,60538204.00
2021/04/16,50.35,51.56,50.27,50.51,1183520,37129328.00
2021/04/19,50.52,52.33,49.79,51.72,1664213,52709720.00
2021/04/20,51.12,51.88,49.84,51.84,1248925,39170592.00
2021/04/21,51.32,51.32,50.35,50.54,477662,14960324.00
2021/04/22,50.27,50.89,50.00,50.43,653404,20317366.00
2021/04/23,50.48,52.33,50.08,51.66,1013228,32167580.00
2021/04/26,51.82,51.90,49.50,49.61,1083663,33854824.00
2021/04/27,50.20,51.10,48.22,50.33,1368394,41994428.00
2021/04/28,49.84,50.22,47.79,48.57,1024078,30661672.00
2021/04/29,43.10,46.16,42.28,42.72,3303519,89110480.00
2021/04/30,42.75,42.88,40.22,40.48,1813718,45687572.00
2021/05/06,40.84,41.02,39.02,39.28,1533915,37380492.00
2021/05/07,39.42,39.61,38.65,38.83,815060,19507884.00
2021/05/10,38.83,39.42,38.46,39.23,540320,12953085.00
2021/05/11,39.28,39.69,38.94,39.20,650550,15712523.00
2021/05/12,39.12,39.50,38.75,39.31,542140,13019343.00
2021/05/13,39.26,39.26,38.49,38.49,859663,20531062.00
2021/05/14,38.76,39.04,37.96,38.41,976304,22966618.00
2021/05/17,38.48,38.48,37.47,37.77,963040,22343968.00
2021/05/18,37.76,38.24,37.29,38.24,829944,19178312.00
2021/05/19,38.04,38.72,37.77,38.56,877800,20573168.00
2021/05/20,38.56,38.56,37.66,37.85,831271,19335094.00
2021/05/21,37.71,37.95,37.37,37.47,664901,15354291.00
2021/05/24,37.47,37.90,37.26,37.76,533600,12304289.00
2021/05/25,37.87,38.08,37.50,38.01,521040,12097467.00
2021/05/26,38.11,38.84,37.84,38.51,796015,18736646.00
2021/05/27,38.57,39.07,38.30,39.00,870975,20786390.00
2021/05/28,39.56,39.56,38.30,38.44,808760,18861602.00
2021/05/31,38.40,38.80,38.25,38.44,559250,12984480.00
2021/06/01,38.48,39.32,38.35,39.31,904392,21209680.00
2021/06/02,39.16,39.53,38.52,38.65,652900,15306057.00
2021/06/03,38.65,39.24,38.44,38.72,596559,14004940.00
2021/06/04,38.72,39.08,38.30,38.33,547080,12685307.00
2021/06/07,38.32,38.62,37.95,38.06,642058,14791917.00
2021/06/08,38.04,39.07,37.92,38.75,830622,19341356.00
2021/06/09,38.67,38.91,38.43,38.44,505490,11769923.00
2021/06/10,38.43,39.18,38.32,39.00,758780,17812632.00
2021/06/11,38.99,40.43,38.64,39.90,1539201,36957584.00
2021/06/15,40.24,40.24,39.07,39.61,795720,18981602.00
2021/06/16,39.55,39.84,39.13,39.32,573999,13658668.00
2021/06/17,39.32,39.63,38.99,39.60,513816,12223950.00
2021/06/18,39.66,41.00,39.60,40.22,1048688,25536572.00
2021/06/21,40.22,40.44,39.47,39.79,741411,17788550.00
2021/06/22,39.82,40.03,39.56,39.61,603533,14493972.00
2021/06/23,39.48,40.38,39.48,40.24,759720,18346480.00
2021/06/24,40.12,41.79,39.96,41.42,1542222,38390956.00
2021/06/25,41.31,41.31,40.24,40.86,1082851,26593336.00
2021/06/28,40.49,41.45,40.28,40.75,741845,18303276.00
2021/06/29,40.75,40.76,39.61,39.74,622900,15098367.00
2021/06/30,40.27,40.60,39.79,40.19,442147,10709458.00
2021/07/01,39.92,40.57,39.15,39.16,742556,17829138.00
2021/07/02,39.16,39.21,38.16,38.35,604460,14036893.00
2021/07/05,38.20,39.39,38.14,38.99,566920,13265455.00
2021/07/06,38.97,39.34,38.48,38.73,365016,8557374.00
2021/07/07,38.94,39.07,38.65,38.76,361180,8464469.00
2021/07/08,38.76,38.86,38.06,38.33,534403,12340674.00
2021/07/09,38.44,38.57,37.82,38.49,400116,9220596.00
2021/07/12,38.51,39.37,38.32,38.89,943780,22028318.00
2021/07/13,38.33,41.34,38.33,40.91,2030713,49218600.00
2021/07/14,40.76,40.76,39.52,39.58,1112455,26884858.00
2021/07/15,37.10,37.10,32.75,32.91,9039241,182688528.00
2021/07/16,32.38,32.38,31.08,31.28,6376958,120162792.00
2021/07/19,31.04,31.28,30.22,30.43,3865540,70475008.00
2021/07/20,30.14,30.54,30.04,30.49,2467921,44623132.00
2021/07/21,30.43,30.75,30.30,30.35,2995139,54605700.00
2021/07/22,30.33,30.41,30.08,30.16,2301642,41475328.00
2021/07/23,30.11,30.11,29.07,29.15,3477870,60929960.00
2021/07/26,28.78,29.08,28.01,28.51,2695567,45846184.00
2021/07/27,29.16,29.42,28.22,28.28,2917874,50122652.00
2021/07/28,27.90,28.12,27.20,27.44,2301386,37743020.00
2021/07/29,27.50,28.16,27.50,27.90,1989220,32982260.00
2021/07/30,27.90,28.49,27.74,28.43,1965885,33047056.00
2021/08/02,28.54,29.18,28.01,29.13,2026278,34760624.00
2021/08/03,29.12,29.53,29.02,29.31,2270440,39640920.00
2021/08/04,29.29,29.53,29.04,29.28,1806818,31533230.00
2021/08/05,29.24,29.24,28.64,28.70,1448832,24880280.00
2021/08/06,28.70,28.81,27.90,28.33,1599316,26857660.00
2021/08/09,28.25,30.09,28.12,29.56,2971982,52208016.00
2021/08/10,29.50,30.24,29.28,30.01,2091937,37202784.00
2021/08/11,30.01,30.16,29.60,29.85,1418760,25270128.00
2021/08/12,29.69,30.17,29.55,29.82,1271977,22617684.00
2021/08/13,29.80,30.06,29.12,29.56,1426100,25075200.00
2021/08/16,29.58,30.65,29.21,30.28,2239800,40297288.00
2021/08/17,30.16,30.49,28.73,28.96,2273152,39970856.00
2021/08/18,28.72,29.28,28.54,29.10,1143660,19709152.00
2021/08/19,29.18,29.52,28.84,29.40,1521240,26502504.00
2021/08/20,29.15,29.18,28.11,28.35,2013979,34031664.00
2021/08/23,28.30,30.32,28.30,30.17,3602336,63616920.00
2021/08/24,29.98,30.41,29.53,30.00,1728951,30750138.00
2021/08/25,30.01,30.28,29.68,30.11,1460600,26216442.00
2021/08/26,29.92,30.08,28.89,29.16,1756471,30858586.00
2021/08/27,29.10,29.13,28.01,28.49,2414500,40758980.00
2021/08/30,28.51,28.94,28.24,28.54,1293800,22062120.00
2021/08/31,28.56,29.32,28.25,29.24,1619400,27793824.00
2021/09/01,29.32,29.69,28.89,29.50,1912122,33437832.00
2021/09/02,29.47,31.45,29.21,31.10,5632407,104168040.00
2021/09/03,30.72,30.76,30.14,30.36,3770993,68371296.00
2021/09/06,30.20,30.99,29.90,30.83,2405435,43771292.00
2021/09/07,30.76,30.94,30.25,30.56,1946346,35525392.00
2021/09/08,30.48,30.68,30.27,30.56,1610500,29300580.00
2021/09/09,30.44,31.02,30.30,30.62,1888884,34660144.00
2021/09/10,30.52,30.75,30.06,30.12,1556300,28195702.00
2021/09/13,30.04,31.02,29.63,30.81,2395948,43435408.00
2021/09/14,30.78,31.24,30.12,30.22,2102772,38536916.00
2021/09/15,29.98,30.49,29.88,30.08,1268956,22893530.00
2021/09/16,29.96,31.12,29.92,30.43,2282385,41796820.00
2021/09/17,30.46,31.64,30.19,31.39,2822087,52459600.00
2021/09/22,30.78,31.28,30.46,30.65,2224139,40926400.00
2021/09/23,30.96,31.07,30.60,31.05,1695554,31252324.00
2021/09/24,30.94,31.05,30.22,30.43,1644360,30082440.00
2021/09/27,30.43,30.70,28.88,29.32,2040789,35901848.00
2021/09/28,29.15,30.11,28.92,29.69,846578,14933611.00
2021/09/29,29.45,29.74,28.73,28.73,1054726,18358508.00
2021/09/30,28.73,29.31,28.73,28.91,636315,10997087.00
2021/10/08,29.21,29.88,28.94,29.71,1020495,17966564.00
2021/10/11,29.76,29.92,29.40,29.45,631185,11124758.00
2021/10/12,29.45,29.52,28.81,28.99,692132,11999405.00
2021/10/13,28.94,29.26,28.57,29.08,730751,12570962.00
2021/10/14,29.10,29.79,28.78,29.61,932717,16348457.00
2021/10/15,29.50,30.14,28.81,28.81,1170187,20261090.00
2021/10/18,28.68,28.81,27.95,28.24,1057200,17724416.00
2021/10/19,28.20,28.44,28.12,28.27,509428,8568108.00
2021/10/20,28.32,28.41,27.93,27.96,668849,11187951.00
2021/10/21,28.12,28.41,27.77,27.87,512832,8548085.00
2021/10/22,27.87,27.95,27.50,27.50,645329,10619052.00
2021/10/25,27.31,27.66,27.31,27.58,401820,6575863.00
2021/10/26,27.50,27.74,27.50,27.66,471643,7745977.00
2021/10/27,27.79,27.79,26.97,27.00,742000,12041752.00
2021/10/28,27.00,27.02,25.84,25.93,947940,14750807.00
2021/10/29,26.06,27.50,26.06,26.99,921329,14711697.00
2021/11/01,26.96,27.24,26.72,27.02,558215,8967821.00
2021/11/02,27.02,27.28,26.43,26.89,639840,10196616.00
2021/11/03,26.75,27.40,26.75,27.37,579800,9374788.00
2021/11/04,27.42,27.53,27.28,27.50,552400,9004478.00
2021/11/05,27.55,28.11,27.42,27.85,719680,11908256.00
2021/11/08,27.88,27.92,27.50,27.82,492938,8112695.50
2021/11/09,27.82,28.43,27.74,28.00,594300,9914605.00
2021/11/10,28.06,28.86,28.00,28.68,1578957,26850702.00
2021/11/11,28.68,29.00,28.51,28.52,1106680,18945632.00
2021/11/12,28.44,29.04,28.40,28.94,933600,16021481.00
2021/11/15,28.83,29.90,28.54,29.88,1768880,31256652.00
2021/11/16,29.90,30.04,29.52,29.68,1052160,18677576.00
2021/11/17,29.68,30.20,29.50,29.93,1069383,19101726.00
2021/11/18,29.82,30.24,29.34,29.37,1077320,19088352.00
2021/11/19,29.37,30.41,29.36,30.17,1573129,28234668.00
2021/11/22,30.30,30.40,29.90,30.16,896800,16109056.00
2021/11/23,30.16,30.43,29.98,30.38,732480,13250462.00
2021/11/24,30.43,30.43,29.95,30.36,823980,14879943.00
2021/11/25,30.36,30.52,29.98,30.25,679040,12263796.00
2021/11/26,30.25,30.25,29.52,29.85,1028533,18316860.00
2021/11/29,29.37,30.11,29.37,29.88,869880,15461239.00
2021/11/30,30.43,31.10,30.25,30.94,2100075,38714464.00
2021/12/01,30.72,31.47,30.67,31.31,1870880,34901712.00
2021/12/02,31.31,31.39,30.51,30.62,1083275,19956054.00
2021/12/03,30.60,30.92,30.25,30.33,795700,14490094.00
2021/12/06,30.36,30.49,29.28,29.34,1223542,21644282.00
2021/12/07,29.61,29.63,28.94,29.05,862742,15003164.00
2021/12/08,29.04,29.34,28.96,28.97,788223,13677599.00
2021/12/09,28.96,29.72,28.96,29.23,803184,14035136.00
2021/12/10,29.21,29.63,28.99,29.47,849080,14849860.00
2021/12/13,29.96,35.10,29.90,35.10,8888493,180561072.00
2021/12/14,34.62,40.83,33.31,37.08,17857773,397079104.00
2021/12/15,35.48,36.06,34.97,35.44,10435234,222200320.00
2021/12/16,34.76,35.84,34.64,35.66,7489214,159071136.00
2021/12/17,35.39,35.87,33.82,34.11,6069200,125574680.00
2021/12/20,34.32,34.62,33.50,34.56,4685773,96174184.00
2021/12/21,34.43,34.60,33.58,34.43,3635400,74354928.00
2021/12/22,33.84,34.40,33.10,33.32,4337973,87654416.00
2021/12/23,33.07,33.53,32.73,33.20,2882149,57108120.00
2021/12/24,33.20,33.20,31.80,31.92,3384323,65528816.00
2021/12/27,31.96,32.28,31.79,32.25,1667940,32045834.00
2021/12/28,32.11,32.96,31.98,32.86,2446985,47929236.00
2021/12/29,32.86,33.15,31.92,32.51,2070145,40016292.00
2021/12/30,32.52,32.97,32.38,32.57,2093285,40973400.00
2021/12/31,32.51,32.86,32.22,32.51,1741267,33948724.00
2022/01/04,32.84,34.04,32.54,34.00,4851987,97883896.00
2022/01/05,33.82,34.43,33.48,34.27,4194963,85408624.00
2022/01/06,33.77,34.22,33.53,33.85,2475980,50290580.00
2022/01/07,33.66,34.11,32.06,32.06,3633850,71874808.00
2022/01/10,31.93,33.26,31.26,32.65,2501850,48557708.00
2022/01/11,32.40,33.79,32.40,32.97,2057207,40784048.00
2022/01/12,32.83,33.28,32.70,33.08,1569700,31054892.00
2022/01/13,33.34,34.01,32.80,33.48,2682600,53864808.00
2022/01/14,33.48,33.76,32.44,32.78,2155390,42683360.00
2022/01/17,32.54,34.33,32.54,34.12,3788817,77132384.00
2022/01/18,34.11,34.27,32.94,33.15,2451660,49218600.00
2022/01/19,32.70,33.85,32.70,33.80,2156305,43404104.00
2022/01/20,33.66,33.69,32.06,32.25,2549980,49899792.00
2022/01/21,32.57,32.78,31.66,31.88,1312380,25191774.00
2022/01/24,31.88,33.71,31.45,33.15,2774987,54735600.00
2022/01/25,33.10,33.10,30.14,30.14,3215320,59800988.00
2022/01/26,30.17,30.88,30.01,30.52,1062990,19367504.00
2022/01/27,30.52,30.62,28.65,28.80,1563600,27256054.00
2022/01/28,29.26,30.28,28.83,29.84,1393214,24753746.00
2022/02/07,30.72,30.72,29.63,30.09,778020,13927652.00
2022/02/08,29.80,30.83,29.71,30.80,1076900,19666934.00
2022/02/09,30.80,31.66,30.78,31.61,1222100,22949508.00
2022/02/10,32.83,32.83,31.26,31.56,1646423,31348000.00
2022/02/11,31.42,32.35,30.78,31.21,1615920,30498628.00
2022/02/14,31.02,31.60,30.11,31.40,1414280,26308242.00
2022/02/15,31.18,31.72,30.67,30.92,1084580,20182166.00
2022/02/16,31.10,31.42,30.64,30.83,1052170,19469048.00
2022/02/17,30.83,32.17,30.44,31.34,1995660,37602492.00
2022/02/18,31.45,32.08,31.21,32.01,1581200,30032600.00
2022/02/21,31.95,32.86,31.77,32.84,2356020,45859000.00
2022/02/22,32.67,32.73,32.08,32.35,1975204,38239660.00
2022/02/23,32.36,32.54,31.98,32.48,1463860,28282460.00
2022/02/24,32.22,32.38,30.83,31.40,2177500,41266352.00
2022/02/25,31.61,32.30,31.15,31.20,1161220,21995332.00
2022/02/28,31.20,31.47,30.30,30.65,1274800,23302334.00
2022/03/01,30.65,31.00,30.51,30.91,730680,13432285.00
2022/03/02,30.81,31.23,30.49,31.07,666140,12324093.00
2022/03/03,31.42,31.42,30.60,30.64,859280,15812609.00
2022/03/04,30.80,31.04,29.96,30.06,1246840,22738672.00
2022/03/07,30.04,30.33,29.50,29.84,886120,15838705.00
2022/03/08,30.17,30.52,28.72,28.78,1149680,20026262.00
2022/03/09,28.81,29.18,26.78,28.03,1501973,25072296.00
2022/03/10,28.70,29.05,28.14,28.25,1005060,17119006.00
2022/03/11,28.12,28.49,27.48,28.41,906060,15076804.00
2022/03/14,28.28,28.59,27.48,27.52,1006060,16684468.00
2022/03/15,27.72,27.72,25.79,25.84,1837629,29029506.00
2022/03/16,26.14,26.78,25.53,26.46,1593700,24682446.00
2022/03/17,26.94,27.52,26.75,27.08,1563580,25254784.00
2022/03/18,27.32,27.45,26.80,27.26,953060,15396755.00
2022/03/21,27.20,27.60,27.04,27.45,1045540,17005884.00
2022/03/22,27.37,27.69,27.10,27.53,834672,13594592.00
2022/03/23,27.53,27.76,27.26,27.60,685900,11221679.00
2022/03/24,27.60,27.60,26.91,26.91,794500,12780331.00
2022/03/25,27.29,27.58,27.02,27.23,861560,14001819.00
2022/03/28,26.97,27.71,26.49,27.40,773580,12481348.00
2022/03/29,27.50,27.53,26.57,26.72,695660,11110456.00
2022/03/30,26.89,27.18,26.64,27.16,602700,9632265.00
2022/03/31,32.33,32.33,32.33,32.33,2274697,44060880.00
2022/04/01,36.35,36.35,32.56,33.24,15541503,323495456.00
2022/04/06,31.55,34.76,31.55,33.90,9313545,181945872.00
2022/04/07,32.96,34.40,31.63,31.66,6218535,121731176.00
2022/04/08,31.96,32.65,30.67,32.06,4576285,86909168.00
2022/04/11,31.96,35.60,31.90,33.50,7138286,144704432.00
2022/04/12,32.03,35.36,31.90,34.54,7164893,144634272.00
2022/04/13,34.86,40.16,33.60,35.98,12457693,274394912.00
2022/04/14,34.36,36.17,33.95,34.92,7923480,165926432.00
2022/04/15,34.14,34.14,31.58,32.14,7782120,151466976.00
2022/04/18,31.68,34.04,31.68,32.94,4964700,97601880.00
2022/04/19,32.92,33.63,32.56,33.05,3754280,74581128.00
2022/04/20,33.26,35.60,32.57,34.48,6797100,141100384.00
2022/04/21,33.79,34.22,32.22,32.46,4605900,91571240.00
2022/04/22,32.22,33.45,31.55,31.58,4896676,95402016.00
2022/04/25,30.99,31.21,29.18,29.20,4125040,74421024.00
2022/04/26,29.50,30.28,28.91,29.05,2817483,49696708.00
2022/04/27,28.72,29.39,27.26,28.91,3780222,63354676.00
2022/04/28,28.57,28.91,26.84,27.02,4058817,66547832.00
2022/04/29,27.24,29.44,27.24,28.92,4030780,68730672.00
2022/05/05,29.61,29.96,27.92,29.47,3827212,66437092.00
2022/05/06,28.54,29.26,28.24,28.86,2782508,47803120.00
2022/05/09,29.04,29.60,28.68,29.32,2414320,42195352.00
2022/05/10,29.02,29.61,28.81,29.45,2320220,40553212.00
2022/05/11,29.47,30.44,29.36,29.61,3215560,57490436.00
2022/05/12,29.48,33.10,29.10,31.55,6931000,129521824.00
2022/05/13,31.74,34.46,31.34,33.23,10422420,205889312.00
2022/05/16,33.18,33.39,31.80,32.33,6366340,123507480.00
2022/05/17,32.24,33.13,31.42,32.22,4630960,88681160.00
2022/05/18,32.06,32.51,31.80,32.20,4295437,82664232.00
2022/05/19,31.53,32.25,31.29,32.01,3073538,58617104.00
2022/05/20,32.19,32.59,31.84,32.27,3962000,76414752.00
2022/05/23,32.41,32.96,32.28,32.56,3627500,70798160.00
2022/05/24,32.49,32.52,30.62,30.65,4238000,79874440.00
2022/05/25,30.94,31.52,30.64,31.45,2391443,44652848.00
2022/05/26,31.45,31.52,30.56,31.26,2280760,42315592.00
2022/05/27,31.26,31.90,31.18,31.64,2522943,47719496.00
2022/05/30,31.90,32.28,31.07,31.47,1805043,33842680.00
2022/05/31,31.47,32.32,30.49,32.32,3243020,61356584.00
2022/06/01,32.25,33.45,31.58,32.88,4928958,95968960.00
2022/06/02,32.57,32.99,31.96,32.81,3205540,62319792.00
2022/06/06,32.97,33.24,32.67,33.08,4106100,81187080.00
2022/06/07,33.02,33.07,32.22,32.67,3034337,59275340.00
2022/06/08,33.29,33.29,31.79,32.44,3676932,71589368.00
2022/06/09,32.44,33.66,32.44,32.88,5510238,109175840.00
2022/06/10,32.54,32.99,32.25,32.81,3164374,61997744.00
2022/06/13,32.65,32.68,31.85,32.16,3021009,58273476.00
2022/06/14,32.08,33.31,31.45,33.31,4926135,96183384.00
2022/06/15,33.12,33.18,32.32,32.33,4027652,79135136.00
2022/06/16,32.23,32.23,31.41,31.65,4695552,58570996.00
2022/06/17,31.22,31.65,30.67,31.39,3495101,42829308.00
2022/06/20,31.46,33.62,31.39,33.57,10077050,130318640.00
2022/06/21,33.43,33.88,32.59,33.28,7374011,96256080.00
2022/06/22,33.24,33.38,32.37,32.68,4810535,61878340.00
2022/06/23,32.54,33.14,32.42,32.76,4888565,63058480.00
2022/06/24,32.85,34.44,32.54,34.36,10935636,145471280.00
2022/06/27,34.72,37.48,34.41,35.61,15981788,227624464.00
2022/06/28,35.80,36.48,34.94,35.90,8343632,117651672.00
2022/06/29,35.90,35.95,34.05,34.15,8342730,114821616.00
2022/06/30,34.27,34.60,33.93,33.98,4745970,63993316.00
2022/07/01,34.22,34.58,33.40,33.52,5230700,69905608.00
2022/07/04,33.52,33.72,33.12,33.62,4334390,57215144.00
2022/07/05,33.72,33.91,31.94,32.40,6247454,80556112.00
2022/07/06,32.28,32.52,31.77,32.01,3422240,43150076.00
2022/07/07,32.16,32.30,31.56,31.58,3417650,42743132.00
2022/07/08,31.60,32.54,31.53,31.84,3927402,49377380.00
2022/07/11,31.70,32.04,30.93,31.48,3133927,38646724.00
2022/07/12,31.68,31.68,30.72,30.93,3708650,44930848.00
2022/07/13,30.93,31.22,30.86,31.17,2612010,31816042.00
2022/07/14,31.08,31.77,30.98,31.65,2955710,36485576.00
2022/07/15,33.98,37.63,33.93,37.63,30490983,444581248.00
2022/07/18,37.22,39.62,36.55,37.65,33069691,496514112.00
2022/07/19,38.08,40.84,37.41,39.69,25341602,392309184.00
2022/07/20,39.26,40.24,38.37,38.95,15333860,237406208.00
2022/07/21,39.00,39.48,38.59,38.80,11038245,171077120.00
2022/07/22,39.04,39.86,38.56,39.00,11140924,173449472.00
2022/07/25,39.02,40.58,38.66,39.31,10501610,164725664.00
2022/07/26,39.14,40.70,39.14,39.91,8611792,136407744.00
2022/07/27,39.69,40.00,39.09,39.28,8730240,136946208.00
2022/07/28,39.40,40.12,39.07,39.26,7965943,124807696.00
2022/07/29,39.26,39.67,38.61,39.12,6585278,102473320.00
2022/08/01,38.16,39.38,38.06,39.12,6250020,96103280.00
2022/08/02,38.56,38.73,36.57,36.98,8880969,131671008.00
2022/08/03,37.24,38.49,36.64,36.79,6070640,90617656.00
2022/08/04,37.12,37.77,36.38,37.24,4343670,63842396.00
2022/08/05,37.24,38.37,37.12,38.25,6055790,91235224.00
2022/08/08,38.73,40.27,37.60,39.84,7499604,116596904.00
2022/08/09,40.24,43.10,39.69,41.56,11296297,188258144.00
2022/08/10,41.06,42.09,40.72,40.99,6607897,108325416.00
2022/08/11,41.25,41.88,41.06,41.42,5433215,89526552.00
2022/08/12,41.42,41.68,40.53,40.72,3962471,64673748.00
2022/08/15,40.46,40.87,39.69,39.96,5285961,84185760.00
2022/08/16,40.15,40.87,39.74,40.87,4516949,72616632.00
2022/08/17,40.99,41.16,39.67,39.84,4165400,66417348.00
2022/08/18,39.50,40.56,39.50,40.44,3479810,55564964.00
2022/08/19,40.46,42.31,39.98,40.12,5562310,90798704.00
2022/08/22,39.96,40.70,39.40,39.55,4095950,64956012.00
2022/08/23,39.64,41.90,39.64,41.42,6757690,111036288.00
2022/08/24,41.16,41.16,37.84,38.28,9038730,139793056.00
2022/08/25,38.32,38.97,37.63,38.30,4322990,65436564.00
2022/08/26,38.54,39.60,37.99,38.40,4049470,62487940.00
2022/08/29,37.94,38.88,37.44,38.76,3282400,50071296.00
2022/08/30,38.40,39.16,37.65,38.20,4928747,74831224.00
2022/08/31,38.23,38.73,36.14,36.50,5593550,81744064.00
2022/09/01,36.69,37.60,36.48,36.86,3951422,57968044.00
2022/09/02,37.00,38.25,36.81,38.01,3307680,49556904.00
2022/09/05,38.06,38.25,37.27,37.58,2704940,40359392.00
2022/09/06,37.96,38.06,37.15,37.99,2796500,41787104.00
2022/09/07,38.01,38.97,37.68,38.28,3376200,51506176.00
2022/09/08,38.54,38.54,37.05,37.15,2849830,42344428.00
2022/09/09,37.15,37.51,36.28,36.55,3484150,50416468.00
2022/09/13,36.50,37.48,36.43,37.10,3693222,54067708.00
2022/09/14,37.00,37.00,36.16,36.84,1714681,24817744.00
2022/09/15,36.84,37.05,35.20,35.66,3097302,44017552.00
2022/09/16,35.97,36.84,35.42,35.85,2888520,41457776.00
2022/09/19,35.92,36.33,34.70,34.92,2490882,34588116.00
2022/09/20,35.40,35.71,35.04,35.59,1769859,24807974.00
2022/09/21,35.18,36.50,34.60,36.24,2185212,30862724.00
2022/09/22,35.85,36.36,35.68,35.78,1611560,22952272.00
2022/09/23,35.85,35.88,34.00,34.41,2489050,34178000.00
2022/09/26,34.22,34.48,33.50,33.81,2054230,27503318.00
2022/09/27,34.34,35.08,34.03,35.06,1805860,24661196.00
2022/09/28,34.94,34.94,33.84,33.86,2014230,27340770.00
2022/09/29,34.70,34.70,33.81,34.20,2226558,30045230.00
2022/09/30,34.22,34.58,33.40,33.72,1641383,21887452.00
2022/10/10,33.84,34.39,32.78,33.02,3712320,48990736.00
2022/10/11,33.00,33.96,32.73,33.74,2490300,32833722.00
2022/10/12,33.74,35.18,33.38,35.18,3261134,44372940.00
2022/10/13,34.96,36.33,34.84,35.13,7778571,109100848.00
2022/10/14,35.28,36.09,35.18,35.59,4334070,61023472.00
2022/10/17,35.11,36.21,34.96,36.16,5135048,72660064.00
2022/10/18,36.26,36.67,35.73,36.00,4510310,64709780.00
2022/10/19,35.80,36.26,35.54,35.90,3099020,44055672.00
2022/10/20,35.92,36.93,35.25,36.55,5192191,74605088.00
2022/10/21,36.40,37.22,35.90,36.67,4469690,64707868.00
2022/10/24,37.00,37.00,35.44,35.66,4138356,59383376.00
2022/10/25,35.64,36.14,34.70,35.73,3934540,55174364.00
2022/10/26,35.73,36.98,35.52,36.76,4214120,61051796.00
2022/10/27,36.81,37.56,36.45,37.53,4787450,70644264.00
2022/10/28,33.26,34.08,31.36,31.77,19543691,248772480.00
2022/10/31,31.05,31.41,30.28,30.38,12099429,145649808.00
2022/11/01,30.40,31.32,30.36,31.20,10909806,131966056.00
2022/11/02,31.20,31.72,31.05,31.65,7094641,87755816.00
2022/11/03,31.39,31.56,30.86,31.39,5722183,70138784.00
2022/11/04,31.36,32.06,31.05,32.06,6602740,81984824.00
2022/11/07,31.99,32.25,31.72,32.25,5729122,72018712.00
2022/11/08,32.16,32.73,31.60,32.54,8378754,106313608.00
2022/11/09,32.42,32.44,31.99,32.11,5212145,65957428.00
2022/11/10,31.92,32.25,31.82,31.96,4116140,51795852.00
2022/11/11,32.54,32.78,32.18,32.20,6526554,83392040.00
2022/11/14,31.99,32.40,31.84,32.18,4651726,58798392.00
2022/11/15,32.11,32.66,32.06,32.61,4547280,57967272.00
2022/11/16,32.66,32.90,32.18,32.35,4672763,59770988.00
2022/11/17,32.37,32.56,32.04,32.52,3575710,45353644.00
2022/11/18,32.56,32.97,32.40,32.47,6125717,78913400.00
2022/11/21,32.40,32.80,31.72,32.73,5188073,65603836.00
2022/11/22,32.56,33.02,32.30,32.42,4725258,60849180.00
2022/11/23,32.56,32.56,31.53,32.08,3744600,46973912.00
2022/11/24,32.30,32.32,31.87,32.04,2122630,26718390.00
2022/11/25,32.16,32.16,31.32,31.36,2741600,34021648.00
2022/11/28,31.34,31.34,30.52,30.76,3881880,46832416.00
2022/11/29,30.76,31.56,30.67,31.51,3236480,39699484.00
2022/11/30,31.46,31.72,31.24,31.44,2073650,25628564.00
2022/12/01,31.77,36.28,31.63,35.78,18293811,245067232.00
2022/12/02,35.78,36.38,35.04,35.88,13607911,191879520.00
2022/12/05,35.73,36.04,34.51,34.63,8171620,112492912.00
2022/12/06,34.82,35.37,34.24,34.60,5454670,74775520.00
2022/12/07,34.60,36.74,33.91,35.92,13032276,184249840.00
2022/12/08,35.44,37.15,34.87,36.31,9657975,137961952.00
2022/12/09,36.16,36.48,35.16,35.35,6471804,90828304.00
2022/12/12,35.40,37.53,35.40,36.79,9154204,132778568.00
2022/12/13,36.86,37.12,35.88,36.16,5329491,76527880.00
2022/12/14,36.14,36.31,35.35,35.49,4570119,64603864.00
2022/12/15,35.52,36.55,35.18,36.14,5067052,72070072.00
2022/12/16,35.56,35.88,34.70,34.80,4585590,63495224.00
2022/12/19,35.18,35.76,34.58,35.35,6060545,84286520.00
2022/12/20,35.35,35.47,34.10,34.22,4261670,58025832.00
2022/12/21,34.10,34.41,33.12,33.36,3750491,49802256.00
2022/12/22,33.50,33.98,32.54,32.66,3372104,44220644.00
2022/12/23,32.71,33.21,32.23,32.78,2608590,33545392.00
2022/12/26,32.78,33.62,32.35,33.38,2515100,32911892.00
2022/12/27,33.38,33.60,32.54,33.12,3148113,40767328.00
2022/12/28,33.07,33.12,31.65,32.08,5294099,66765800.00
2022/12/29,32.18,32.64,31.89,32.35,3013930,38273268.00
2022/12/30,32.59,33.84,32.11,33.84,7302919,95347600.00
2023/01/03,34.05,39.26,33.98,38.01,26826136,394363712.00
2023/01/04,39.26,40.03,38.25,39.16,25022775,389302336.00
2023/01/05,39.07,39.26,36.96,37.94,17034832,256888224.00
2023/01/06,37.99,39.24,37.65,38.59,18624665,284782176.00
2023/01/09,38.25,38.49,36.93,37.08,13665550,203596128.00
2023/01/10,36.86,37.10,36.00,36.26,9773100,140668176.00
2023/01/11,36.52,38.08,35.90,36.98,16519890,242585056.00
2023/01/12,36.86,37.48,35.78,36.02,8725000,125648792.00
2023/01/13,36.04,37.36,35.56,36.31,8444620,121977480.00
2023/01/16,36.28,36.72,35.95,36.28,6462550,92902768.00
2023/01/17,36.14,36.79,35.59,35.85,6605250,94180672.00
2023/01/18,35.95,36.62,35.61,36.38,7069880,101552904.00
2023/01/19,36.16,36.86,35.73,36.57,8384800,121077616.00
2023/01/20,36.96,37.29,36.45,36.69,8956763,130737576.00
2023/01/30,37.10,37.44,36.62,36.93,9006460,132037560.00
2023/01/31,37.03,37.17,36.55,36.81,6106960,89049272.00
2023/02/01,37.10,38.20,36.86,38.20,13480780,201909264.00
2023/02/02,37.89,38.06,37.34,37.70,10049501,150048032.00
2023/02/03,37.84,38.06,36.45,37.27,10496832,155187984.00
2023/02/06,37.24,37.53,36.69,36.86,6118700,89779872.00
2023/02/07,36.79,37.10,36.52,36.98,5426500,79204432.00
2023/02/08,36.98,37.00,36.24,36.43,6285880,90990008.00
2023/02/09,36.16,37.99,36.14,37.75,10298661,152656192.00
2023/02/10,37.94,38.20,37.15,37.53,6708040,100078040.00
2023/02/13,37.56,38.04,37.41,37.84,6015590,90097752.00
2023/02/14,37.84,38.52,37.58,37.75,7937352,119768160.00
2023/02/15,38.08,38.52,37.82,38.52,10362381,157036464.00
2023/02/16,38.73,38.97,36.93,37.27,15521052,234623136.00
2023/02/17,37.29,38.18,37.29,37.34,8533823,127484288.00
2023/02/20,37.29,37.87,36.52,37.80,8191485,120634016.00
2023/02/21,37.77,38.13,36.98,37.32,7081965,105469040.00
2023/02/22,37.41,38.11,37.24,37.99,8107000,121734264.00
2023/02/23,37.82,37.94,37.29,37.53,5544300,82615016.00
2023/02/24,37.70,38.30,37.58,37.96,6581593,99053320.00
2023/02/27,38.04,38.04,36.91,36.96,6003250,88853176.00
2023/02/28,36.98,37.72,36.84,37.29,5229341,77321040.00
2023/03/01,37.15,38.40,37.12,38.06,13344523,201441408.00
2023/03/02,38.11,38.61,37.82,38.35,10138582,153883360.00
2023/03/03,38.35,38.40,37.46,37.87,6520290,97813480.00
2023/03/06,37.99,38.18,37.48,37.58,5153215,77089528.00
2023/03/07,37.60,37.60,35.66,35.76,9945060,143789648.00
2023/03/08,35.64,36.74,35.49,36.69,5594647,80344072.00
2023/03/09,37.10,37.22,36.16,37.00,4266000,61897988.00
2023/03/10,36.74,36.91,36.09,36.19,4438450,64054672.00
2023/03/13,36.16,36.33,35.42,36.19,3983050,56427052.00
2023/03/14,36.14,36.16,34.22,34.56,9427400,129781448.00
2023/03/15,34.87,35.20,34.41,34.56,4988870,68462480.00
2023/03/16,34.53,34.70,34.00,34.24,3574550,48462892.00
2023/03/17,34.46,35.18,34.41,35.04,4919450,67765728.00
2023/03/20,34.94,35.20,34.36,34.72,3260079,44713056.00
2023/03/21,34.68,36.12,34.51,36.04,6704550,94372864.00
2023/03/22,36.12,36.72,35.85,36.62,5763367,82598776.00
2023/03/23,36.52,36.93,36.31,36.62,5180112,75153520.00
2023/03/24,36.62,37.03,36.55,36.88,4709910,68713360.00
2023/03/27,36.81,37.46,36.36,37.34,7468000,109531120.00
2023/03/28,37.20,37.27,36.43,36.62,4502800,65644728.00
2023/03/29,36.88,36.96,35.88,36.19,5802100,83464024.00
2023/03/30,36.26,36.40,35.37,35.61,4788350,67695912.00
2023/03/31,35.64,36.07,35.32,36.02,3679350,51955588.00
2023/04/03,35.95,36.76,35.40,36.62,6283500,89762704.00
2023/04/04,36.62,36.79,35.73,35.92,5382480,76990040.00
2023/04/06,35.71,35.85,35.08,35.25,5313780,74226232.00
2023/04/07,35.25,36.21,35.06,36.14,5392680,76227664.00
2023/04/10,36.12,36.52,34.80,34.84,6012030,84409256.00
2023/04/11,34.82,35.30,34.46,34.77,4385181,60239012.00
2023/04/12,34.77,35.76,34.72,35.76,4696597,65651252.00
2023/04/13,35.76,37.10,35.20,36.21,10001319,143807472.00
2023/04/14,36.16,36.64,35.83,36.16,5034082,72139944.00
2023/04/17,36.19,36.28,35.01,35.16,5704378,79670144.00
2023/04/18,35.13,35.35,34.58,35.16,5073162,70027944.00
2023/04/19,35.01,35.83,34.82,35.06,4267440,59396764.00
2023/04/20,34.99,35.20,34.63,34.87,3192142,43920436.00
2023/04/21,34.87,35.01,31.75,31.89,12708091,165364000.00
2023/04/24,31.92,32.25,31.48,31.72,5421045,67643792.00
2023/04/25,28.22,28.22,25.75,26.23,20988796,214745696.00
2023/04/26,26.04,27.09,26.04,26.64,9357742,96661504.00
2023/04/27,26.64,26.76,26.11,26.23,6252992,63958304.00
2023/04/28,26.40,27.55,26.25,27.31,7220030,75925848.00
2023/05/04,27.12,27.67,26.49,27.00,7095934,74369000.00
2023/05/05,27.50,27.52,26.78,27.07,4851500,50989652.00
2023/05/08,27.09,27.40,26.73,27.14,4136100,43585828.00
2023/05/09,27.00,27.19,26.59,26.64,4232170,44062744.00
2023/05/10,26.64,26.88,26.44,26.61,2995950,31022056.00
2023/05/11,26.76,27.21,26.59,27.02,2878045,30157054.00
2023/05/12,27.14,27.38,26.90,26.95,2848369,30011868.00
2023/05/15,27.28,27.33,26.61,27.07,2742509,28668666.00
2023/05/16,27.07,27.14,26.66,26.73,3006413,31255766.00
2023/05/17,26.73,27.21,26.64,27.19,3194840,33543746.00
2023/05/18,27.21,27.67,27.07,27.60,4122070,43985800.00
2023/05/19,27.60,28.10,27.31,27.86,3829403,41359120.00
2023/05/22,27.84,28.48,27.81,28.44,4178820,46049640.00
2023/05/23,28.39,28.87,28.10,28.29,3205150,35562136.00
2023/05/24,28.22,28.77,28.12,28.48,3032300,33764508.00
2023/05/25,28.60,28.75,27.72,28.12,5055070,55338364.00
2023/05/26,28.29,28.39,27.79,28.29,3312320,36356588.00
2023/05/29,28.44,28.75,27.96,28.03,3577663,39379472.00
2023/05/30,28.22,28.41,27.93,28.39,3137200,33504270.00
2023/05/31,28.39,28.56,28.15,28.34,3294360,35403140.00
2023/06/01,28.46,28.56,27.88,28.44,3347410,35972232.00
2023/06/02,28.68,28.68,28.34,28.48,2504971,27062318.00
2023/06/05,28.53,29.32,28.51,28.94,4711090,51967140.00
2023/06/06,28.94,29.01,28.05,28.10,3677644,39706632.00
2023/06/07,28.34,28.65,27.79,28.46,2914183,31424596.00
2023/06/08,28.60,28.60,27.86,28.05,2956863,31539194.00
2023/06/09,28.22,28.36,27.91,28.05,2094801,22303380.00
2023/06/12,27.98,28.60,27.93,28.51,3086140,33233534.00
2023/06/13,28.51,28.92,28.34,28.80,2265190,24724038.00
2023/06/14,28.82,28.94,28.48,28.56,2024550,21990996.00
2023/06/15,28.56,28.72,28.39,28.44,2314190,25056114.00
2023/06/16,28.46,29.04,28.29,28.75,2782340,30428152.00
2023/06/19,28.82,29.01,28.48,28.56,2175760,23672654.00
2023/06/20,28.53,28.60,27.86,28.39,2963800,31666236.00
2023/06/21,28.32,28.39,27.09,27.72,3359950,35456004.00
2023/06/26,27.48,27.81,27.09,27.12,3813220,39384912.00
2023/06/27,27.14,28.65,27.00,28.51,3803940,40134104.00
2023/06/28,28.39,28.41,26.95,27.91,7991900,83250296.00
2023/06/29,27.62,28.27,27.48,28.03,6892115,72894936.00
2023/06/30,28.12,28.72,27.91,28.68,5854293,63297936.00
2023/07/03,28.72,28.87,28.41,28.63,3188700,34679080.00
2023/07/04,28.68,29.04,28.48,28.92,2943222,32284728.00
2023/07/05,29.01,29.66,28.80,29.20,5861601,65152932.00
2023/07/06,29.06,29.76,28.72,29.06,4282400,47693336.00
2023/07/07,29.18,29.18,28.48,28.68,3733500,40740008.00
2023/07/10,28.80,28.87,28.39,28.46,2667690,28875168.00
2023/07/11,28.60,29.37,28.39,29.37,4065880,44467116.00
2023/07/12,29.30,29.78,29.01,29.78,9936570,111536152.00
2023/07/13,29.76,30.50,29.54,30.12,14710780,168728352.00
2023/07/14,29.85,30.60,29.64,29.80,10312712,117788488.00
2023/07/17,29.54,30.84,29.49,30.64,10563320,121563008.00
2023/07/18,30.93,31.05,30.07,30.36,6703952,77686776.00
2023/07/19,30.09,31.10,29.90,30.84,8055040,93972928.00
2023/07/20,30.72,31.15,30.38,30.38,4481969,52539368.00
2023/07/21,30.38,30.62,29.73,30.04,5500825,63282596.00
2023/07/24,30.14,30.14,29.54,29.71,3979592,45174696.00
2023/07/25,29.85,30.07,29.76,30.02,2474825,28244248.00
2023/07/26,30.02,30.02,29.42,29.44,2820150,31810996.00
2023/07/27,29.66,29.97,29.30,29.47,4611050,52181156.00
2023/07/28,29.35,30.74,28.94,30.60,7375600,83981384.00
2023/07/31,30.45,31.08,30.19,30.50,4883350,57164632.00
2023/08/01,30.48,30.67,30.07,30.21,3314780,38257368.00
2023/08/02,30.33,30.69,30.09,30.55,4556230,52958700.00
2023/08/03,30.45,30.76,29.80,30.43,4927620,57104688.00
2023/08/04,30.50,30.67,30.24,30.57,3393500,39447352.00
2023/08/07,30.60,30.62,30.19,30.52,2519814,29262558.00
2023/08/08,30.48,30.50,30.04,30.21,1951810,22493142.00
2023/08/09,30.19,31.58,29.95,31.29,15427123,182271472.00
2023/08/10,31.22,33.72,31.22,32.01,21967384,271018656.00
2023/08/11,31.46,32.95,30.52,31.72,16563064,203342176.00
2023/08/14,31.34,36.09,31.10,34.68,39620632,521845248.00
2023/08/15,33.79,35.20,32.18,33.02,35643135,458236736.00
2023/08/16,32.73,32.85,30.84,31.10,23215757,280610048.00
2023/08/17,31.12,31.80,30.26,31.65,17082090,203101552.00
2023/08/18,31.41,31.68,30.72,30.91,12275182,146261920.00
2023/08/21,30.74,31.22,30.04,31.10,10374700,120977064.00
2023/08/22,31.27,31.82,30.91,31.46,8499373,102113984.00
2023/08/23,31.34,31.58,30.43,31.08,7163814,84719016.00
2023/08/24,31.24,31.24,30.50,30.86,6518892,76677776.00
2023/08/25,30.79,31.08,28.34,28.82,8890620,101051512.00
2023/08/28,29.85,30.14,28.75,28.94,8205487,92297696.00
2023/08/29,28.63,29.52,28.63,29.16,9104415,101056272.00
2023/08/30,28.70,29.66,28.60,29.42,8098508,90306984.00
2023/08/31,29.30,29.30,28.29,28.46,8617890,93536768.00
2023/09/01,28.41,29.66,28.12,29.61,9738997,107029032.00
2023/09/04,29.54,29.85,29.01,29.32,6686277,74676008.00
2023/09/05,29.20,29.59,29.06,29.20,5577050,62038032.00
2023/09/06,29.11,29.35,28.82,29.32,4230152,46868036.00
2023/09/07,29.20,29.52,28.75,28.89,4686730,51756640.00
2023/09/08,28.80,29.16,28.56,28.94,3133198,34378884.00
2023/09/11,28.94,29.25,28.70,29.08,3120043,34449168.00
2023/09/12,29.01,29.28,28.89,29.18,2441270,27017638.00
2023/09/13,29.16,30.38,28.70,30.38,14141203,159714048.00
2023/09/14,30.38,30.50,29.37,29.49,8555220,97341472.00
2023/09/15,29.44,30.28,28.82,30.09,11257832,127969328.00
2023/09/18,29.97,30.38,29.71,29.85,8062515,92224640.00
2023/09/19,29.73,30.00,29.28,29.37,4956950,55986364.00
2023/09/20,29.47,29.61,28.87,29.49,4260300,47428772.00
2023/09/21,29.49,30.28,29.20,30.02,6983593,79988848.00
2023/09/22,29.85,30.02,29.66,29.73,6267913,71188696.00
2023/09/25,29.73,29.73,29.13,29.30,5652450,63187804.00
2023/09/26,29.32,29.90,28.96,29.47,6355140,71252328.00
2023/09/27,29.56,30.09,29.06,29.18,5624400,63281360.00
2023/09/28,29.18,29.30,29.04,29.11,3447450,38215228.00
2023/10/09,29.18,29.18,28.05,28.24,5974922,65053748.00
2023/10/10,28.27,28.96,28.27,28.58,5915600,64460060.00
2023/10/11,28.72,28.72,27.98,28.08,6416700,68630904.00
2023/10/12,28.20,28.24,27.79,27.91,3952944,41853396.00
2023/10/13,27.91,28.05,27.52,27.57,3374450,35428764.00
2023/10/16,27.52,27.69,27.19,27.57,2367130,24627176.00
2023/10/17,27.45,27.64,27.24,27.28,2064820,21355006.00
2023/10/18,27.36,27.36,26.78,26.88,2852646,29047342.00
2023/10/19,26.88,27.19,26.61,26.71,2427550,24625874.00
2023/10/20,26.66,26.88,26.44,26.54,2690750,26971444.00
2023/10/23,26.52,26.54,25.65,25.82,3041676,29768432.00
2023/10/24,25.94,26.30,25.63,26.20,3637400,35669116.00
2023/10/25,26.49,26.73,26.30,26.37,3447550,34427908.00
2023/10/26,26.52,26.52,26.04,26.52,3528026,34929772.00
2023/10/27,26.52,27.19,26.30,27.14,5251036,53023236.00
2023/10/30,27.07,27.60,26.83,27.57,3327730,34478044.00
2023/10/31,27.62,27.76,27.40,27.76,3585750,37528824.00
2023/11/01,27.76,28.10,27.60,27.91,3078146,32572332.00
2023/11/02,27.93,28.08,27.64,27.76,2774685,29248280.00
2023/11/03,27.96,28.24,27.79,28.03,2407250,25632760.00
2023/11/06,28.10,28.58,28.03,28.53,3023030,32566622.00
2023/11/07,28.53,28.65,28.17,28.51,3346000,36116540.00
2023/11/08,28.48,28.89,28.46,28.63,3189240,34689428.00
2023/11/09,28.63,28.96,28.46,28.56,2407630,26198472.00
2023/11/10,28.46,28.56,28.03,28.46,2486700,26827302.00
2023/11/13,28.48,29.04,28.44,28.94,3509850,38502924.00
2023/11/14,29.01,29.42,28.89,29.40,3024450,33716872.00
2023/11/15,29.56,29.59,29.13,29.23,2583170,28806944.00
2023/11/16,29.37,29.40,29.01,29.01,2065050,22897524.00
2023/11/17,29.01,29.37,28.99,29.32,2385020,26502624.00
2023/11/20,29.35,29.54,29.16,29.42,2269940,25363232.00
2023/11/21,29.56,29.59,29.28,29.28,2514600,28203110.00
2023/11/22,29.20,29.54,29.01,29.01,2224817,24791418.00
2023/11/23,29.01,29.32,28.87,29.25,2553158,28325662.00
2023/11/24,29.20,29.25,28.58,28.80,3256950,35733816.00
2023/11/27,28.87,29.37,28.70,28.77,3365337,36969748.00
2023/11/28,28.72,29.47,28.68,29.28,3757947,41696036.00
2023/11/29,29.28,29.49,29.04,29.28,2779690,30857558.00
2023/11/30,28.96,29.28,28.44,28.84,3504450,38297672.00
2023/12/01,28.89,29.11,28.68,29.01,2673550,29384826.00
2023/12/04,29.16,29.35,28.94,29.23,2705450,30097924.00
2023/12/05,29.23,29.23,28.56,28.56,2332750,25526856.00
2023/12/06,28.80,28.87,28.44,28.65,2248700,24479922.00
2023/12/07,28.58,28.99,28.58,28.87,2340800,25612878.00
2023/12/08,28.80,29.08,28.22,28.27,2897600,31393492.00
2023/12/11,28.65,28.80,28.00,28.72,3401770,36720484.00
2023/12/12,28.72,28.84,28.44,28.77,2178520,23687250.00
2023/12/13,28.77,29.11,28.63,28.68,2684550,29453024.00
2023/12/14,28.72,29.35,28.72,28.82,3308380,36615164.00
2023/12/15,28.84,28.96,28.46,28.56,2736640,29721450.00
2023/12/18,28.56,28.56,27.93,28.08,3117650,33333468.00
2023/12/19,27.98,28.44,27.96,28.32,2411690,25788922.00
2023/12/20,28.34,28.68,28.15,28.15,2696307,29060014.00
2023/12/21,28.39,28.44,27.64,28.10,3091350,32856060.00
2023/12/22,28.29,28.29,27.50,27.52,3289870,34569876.00
2023/12/25,27.67,27.91,27.14,27.28,3308150,34184556.00
2023/12/26,27.31,27.45,26.88,26.92,2312690,23588864.00
2023/12/27,27.31,27.33,26.92,27.31,2205650,22637760.00
2023/12/28,27.33,28.29,27.00,28.17,2818780,29719404.00
2023/12/29,28.17,28.84,27.98,28.63,3248100,35271372.00
2024/01/02,28.70,29.04,28.46,28.84,3588450,39260716.00
2024/01/03,28.75,29.06,28.68,28.92,3107600,34107268.00
2024/01/04,29.13,29.13,28.70,28.94,2343490,25721598.00
2024/01/05,28.99,29.08,28.36,28.56,1791101,19538666.00
2024/01/08,28.58,28.60,27.98,28.03,2279501,24419150.00
2024/01/09,28.41,28.53,28.03,28.20,3013200,32321956.00
2024/01/10,28.15,28.39,27.60,28.00,2669151,28379684.00
2024/01/11,27.84,28.46,27.84,28.17,2330390,24899064.00
2024/01/12,28.03,28.22,27.76,27.84,2248300,23838468.00
2024/01/15,27.79,28.03,27.64,27.76,2465390,25933608.00
2024/01/16,27.74,28.00,27.48,27.79,2788367,29216212.00
2024/01/17,27.76,27.98,27.28,27.33,2482259,26038488.00
2024/01/18,27.28,27.57,26.28,26.92,4024880,40562496.00
2024/01/19,27.04,27.19,26.54,26.59,2453267,24778814.00
2024/01/22,26.68,26.71,24.31,24.64,5691818,54311152.00
2024/01/23,24.55,24.64,23.61,23.76,5890795,52318460.00
2024/01/24,23.83,24.14,23.01,23.97,3952345,34776572.00
2024/01/25,24.12,25.44,23.76,25.39,3872490,35762092.00
2024/01/26,25.56,26.01,25.22,25.36,3478998,33387086.00
2024/01/29,25.53,25.77,24.43,24.50,3761880,34968752.00
2024/01/30,24.55,24.55,23.25,23.32,3190540,28220330.00
2024/01/31,23.95,24.00,22.27,22.29,5698890,48469456.00
2024/02/01,22.29,22.65,21.64,22.36,7313809,60021692.00
2024/02/02,22.29,22.94,20.18,20.95,6436868,50678072.00
2024/02/05,20.49,20.88,18.21,18.50,9102961,62327136.00
2024/02/06,17.95,18.67,17.49,18.28,8753882,56775448.00
2024/02/07,18.26,18.45,16.94,17.25,8230941,51754076.00
2024/02/08,17.25,18.91,16.82,18.67,10060358,64681856.00
2024/02/19,19.08,19.87,18.91,19.56,5481698,38730812.00
数据来源:通达信
