301111 粤万年青 日线 后复权
      日期	    开盘	    最高	    最低	    收盘	    成交量	    成交额
2021/12/07,30.00,35.50,29.00,32.98,28131803,907084096.00
2021/12/08,29.49,31.80,28.88,31.75,20256469,613918400.00
2021/12/09,32.73,38.10,32.00,33.20,24445311,849286144.00
2021/12/10,32.07,35.82,31.75,33.85,19181775,653624064.00
2021/12/13,33.00,39.00,32.50,38.67,20055051,725916864.00
2021/12/14,37.51,46.40,37.51,46.40,11055005,468276928.00
2021/12/15,52.81,55.68,52.50,55.68,6993232,383359168.00
2021/12/16,59.99,66.60,48.88,55.68,27105255,1533259008.00
2021/12/17,55.36,60.50,53.50,57.00,21915697,1244193280.00
2021/12/20,57.14,64.48,56.00,56.00,20482808,1233140352.00
2021/12/21,50.51,53.28,48.00,48.62,19131299,959613312.00
2021/12/22,47.00,51.10,46.08,49.69,16145684,786946944.00
2021/12/23,49.00,49.10,42.88,43.00,17026785,775107008.00
2021/12/24,42.10,46.00,41.71,43.17,15868451,701047936.00
2021/12/27,42.00,47.70,41.89,46.65,16439058,750182208.00
2021/12/28,46.57,47.99,44.60,47.02,14951647,695438720.00
2021/12/29,45.30,47.70,44.66,45.12,12569465,579771200.00
2021/12/30,44.61,51.00,43.14,47.40,17474480,813288960.00
2021/12/31,46.45,50.80,45.90,48.25,16776949,815472576.00
2022/01/04,49.90,50.30,45.80,45.82,15028402,723856128.00
2022/01/05,43.28,44.20,39.00,39.21,14942120,611001984.00
2022/01/06,39.39,43.12,39.39,42.18,13609632,559456256.00
2022/01/07,41.00,41.99,39.21,39.56,10973153,445373280.00
2022/01/10,40.50,41.26,39.89,40.35,7718215,313597088.00
2022/01/11,40.30,42.78,40.30,41.78,11057219,460992544.00
2022/01/12,41.00,42.47,40.12,41.52,9318848,383976192.00
2022/01/13,40.52,43.88,39.14,42.53,14733515,609899456.00
2022/01/14,41.01,45.37,41.01,43.57,15292770,667269056.00
2022/01/17,43.00,46.34,42.42,45.86,13987989,622647040.00
2022/01/18,45.11,45.37,40.26,40.92,12147751,508886208.00
2022/01/19,39.88,41.35,39.60,39.81,6552910,263451952.00
2022/01/20,39.89,41.10,38.55,38.87,7737209,307838560.00
2022/01/21,38.20,38.20,33.70,34.27,9018026,319539936.00
2022/01/24,34.31,35.19,33.64,34.61,5101626,175618912.00
2022/01/25,34.15,34.60,32.20,32.41,5406337,178641696.00
2022/01/26,32.47,33.97,32.26,32.61,4052922,133844328.00
2022/01/27,33.45,33.77,30.49,30.65,5134778,164847760.00
2022/01/28,31.11,32.48,31.11,31.70,4971733,158014480.00
2022/02/07,32.50,33.10,31.40,32.24,3034362,97326688.00
2022/02/08,32.35,33.01,32.10,32.73,3230646,105219664.00
2022/02/09,33.55,34.02,31.80,33.09,5136651,169420320.00
2022/02/10,32.65,33.30,31.96,32.28,3786569,123232072.00
2022/02/11,31.99,32.18,30.20,30.43,4356935,134444560.00
2022/02/14,29.37,31.34,29.37,30.91,3199241,98848824.00
2022/02/15,30.79,31.74,30.30,31.41,3252945,101869448.00
2022/02/16,31.28,32.59,31.10,32.45,4622257,148017712.00
2022/02/17,32.19,32.96,31.56,31.80,4074146,130804512.00
2022/02/18,31.37,32.38,31.37,31.68,3140803,99911592.00
2022/02/21,31.65,35.30,31.50,34.18,8851454,295015648.00
2022/02/22,33.44,38.15,33.33,36.77,13278787,475001952.00
2022/02/23,35.42,38.10,35.39,36.88,11407713,419707008.00
2022/02/24,36.88,39.32,35.90,37.66,12615046,473558112.00
2022/02/25,37.44,38.38,36.68,36.98,7815193,292883392.00
2022/02/28,36.08,37.95,34.80,36.35,8367059,303209568.00
2022/03/01,36.00,37.06,35.51,36.46,6031911,218872480.00
2022/03/02,36.15,43.75,35.68,43.17,20618212,831233536.00
2022/03/03,40.50,47.20,39.68,42.66,21080748,891814656.00
2022/03/04,42.00,45.99,40.23,40.71,15802051,680220160.00
2022/03/07,39.70,42.38,39.70,40.97,10355201,424057568.00
2022/03/08,40.84,40.84,35.90,35.90,10314093,384078144.00
2022/03/09,35.87,36.66,33.95,35.23,7617800,269947520.00
2022/03/10,35.50,38.56,35.50,37.54,10001234,372754144.00
2022/03/11,37.55,39.80,37.20,39.31,11815158,457809984.00
2022/03/14,38.40,43.98,37.39,41.00,13116826,533765408.00
2022/03/15,40.05,40.80,38.50,38.70,9194187,363157792.00
2022/03/16,38.90,39.20,34.50,36.81,9434806,343587584.00
2022/03/17,36.70,40.00,36.37,37.91,10441034,402487904.00
2022/03/18,37.91,39.58,36.99,39.41,10216735,393214112.00
2022/03/21,39.28,40.96,39.18,39.70,10258407,409319712.00
2022/03/22,40.39,40.40,37.50,37.50,7609923,292304288.00
2022/03/23,37.02,40.20,36.74,39.49,10203459,396898752.00
2022/03/24,39.04,43.30,38.91,41.86,15418430,636894208.00
2022/03/25,41.01,45.00,41.01,41.74,16938703,727676800.00
2022/03/28,41.06,42.30,39.60,40.40,9363100,379255296.00
2022/03/29,40.36,45.00,39.20,44.01,15863697,673334592.00
2022/03/30,41.50,43.98,40.51,42.71,13128007,552793216.00
2022/03/31,41.80,45.00,40.80,40.82,14510853,624464128.00
2022/04/01,39.41,40.40,37.11,37.42,10543792,408117920.00
2022/04/06,38.60,39.89,37.90,38.77,7449647,289869376.00
2022/04/07,37.92,39.20,36.42,36.67,6535100,243781328.00
2022/04/08,36.90,36.90,33.70,34.61,6364080,220665696.00
2022/04/11,34.36,35.66,33.71,34.50,4643174,160977616.00
2022/04/12,34.50,35.22,32.80,33.54,4427243,149181264.00
2022/04/13,33.00,33.18,31.23,31.47,4818245,153331888.00
2022/04/14,31.32,32.87,31.32,32.30,3961858,127787264.00
2022/04/15,32.00,32.14,30.75,31.11,3421132,106825648.00
2022/04/18,31.55,31.78,30.20,30.61,2543305,77978408.00
2022/04/19,30.65,31.40,30.21,31.22,3266419,101167600.00
2022/04/20,30.99,31.42,29.47,29.95,4298551,129987208.00
2022/04/21,29.75,29.94,27.80,27.80,3922233,112744864.00
2022/04/22,27.81,28.18,27.08,27.71,2870911,79319584.00
2022/04/25,27.43,27.98,24.98,25.30,3693529,97139600.00
2022/04/26,25.07,25.76,23.65,24.07,4114197,102006600.00
2022/04/27,23.40,24.86,22.90,24.79,3348118,80392576.00
2022/04/28,24.85,24.85,23.29,23.29,2700035,64465104.00
2022/04/29,23.41,25.20,23.41,24.80,3987713,98218048.00
2022/05/05,24.82,27.30,24.81,27.30,4518502,118405440.00
2022/05/06,26.49,28.59,26.09,28.19,7024306,193591120.00
2022/05/09,27.93,28.55,27.06,27.85,5552975,154058288.00
2022/05/10,27.00,27.80,27.00,27.58,3745062,102685912.00
2022/05/11,27.54,29.09,27.49,27.65,5760249,162605152.00
2022/05/12,27.73,29.00,27.57,28.12,5110948,144097968.00
2022/05/13,28.39,28.79,27.60,28.18,3344440,94094376.00
2022/05/16,28.38,28.98,27.93,28.22,2885728,81806864.00
2022/05/17,28.15,28.15,27.03,27.20,3079151,83958016.00
2022/05/18,27.07,27.47,26.86,27.00,1928201,52333844.00
2022/05/19,26.96,27.10,26.32,26.82,1959601,52305520.00
2022/05/20,27.38,27.98,26.70,27.15,3082618,84235424.00
2022/05/23,27.00,28.26,27.00,28.15,3466207,96701328.00
2022/05/24,28.11,28.15,25.40,25.40,4355270,115805264.00
2022/05/25,25.17,26.75,25.17,26.53,2514221,65772440.00
2022/05/26,27.15,27.16,25.83,26.22,2054158,53514388.00
2022/05/27,26.22,26.46,25.21,25.56,2250234,57688152.00
2022/05/30,25.86,25.94,24.76,25.09,1805527,44916892.00
2022/05/31,25.12,25.30,24.38,25.16,1841793,45505584.00
2022/06/01,25.27,25.71,24.84,24.96,1738425,43604092.00
2022/06/02,25.15,25.15,24.29,24.70,1831986,44767988.00
2022/06/06,24.79,25.30,24.72,25.12,1819141,45344480.00
2022/06/07,25.19,26.80,24.58,26.80,8095360,210421488.00
2022/06/08,26.66,26.66,25.44,25.79,5559117,143276368.00
2022/06/09,25.54,25.79,23.99,24.15,4757772,116085776.00
2022/06/10,24.15,24.83,24.04,24.48,2953955,72191432.00
2022/06/13,24.55,24.79,24.31,24.65,2135431,52155140.00
2022/06/14,24.56,24.74,23.76,24.43,2583210,62155652.00
2022/06/15,24.43,24.82,24.24,24.29,2265813,55182368.00
2022/06/16,24.26,25.45,24.15,25.09,4131783,102344784.00
2022/06/17,24.86,25.05,24.26,24.89,2795280,68504272.00
2022/06/20,24.85,26.51,24.85,26.23,4939739,126327520.00
2022/06/21,26.05,26.51,25.74,25.86,3537132,91705184.00
2022/06/22,25.89,26.76,25.58,26.11,4946465,128969624.00
2022/06/23,25.89,26.12,25.43,25.93,3310851,84773840.00
2022/06/24,25.86,26.51,25.84,26.01,3228891,83907720.00
2022/06/27,26.66,27.82,26.42,26.91,6962349,187600784.00
2022/06/28,26.48,26.88,26.11,26.74,3929216,103825424.00
2022/06/29,26.63,27.52,26.19,26.84,4821613,129235400.00
2022/06/30,26.80,27.93,26.56,27.58,6017874,164536064.00
2022/07/01,27.49,27.49,26.35,26.57,4483497,119509400.00
2022/07/04,26.60,27.15,26.40,26.86,2931395,78234912.00
2022/07/05,26.89,26.98,25.96,26.34,3239887,84948144.00
2022/07/06,26.34,26.51,25.76,25.96,2237313,57985932.00
2022/07/07,26.14,26.14,25.32,25.46,2154348,54711168.00
2022/07/08,25.65,26.66,25.58,26.04,2835734,73809968.00
2022/07/11,26.27,27.61,25.96,27.36,6712563,181234096.00
2022/07/12,26.98,27.13,26.22,26.58,4247664,112217424.00
2022/07/13,26.33,26.57,25.64,26.21,3143728,81181968.00
2022/07/14,26.79,27.64,26.78,27.29,6240601,168849872.00
2022/07/15,26.96,27.59,25.98,26.04,4677472,124131808.00
2022/07/18,26.16,26.51,25.46,26.51,3315832,85978744.00
2022/07/19,26.50,27.05,26.13,26.66,2791365,73700832.00
2022/07/20,26.66,27.78,26.55,27.14,5912591,160606544.00
2022/07/21,26.96,27.70,26.94,27.41,4439703,120530664.00
2022/07/22,27.41,27.65,26.39,26.66,3905060,104548616.00
2022/07/25,26.46,27.49,26.31,27.32,4093965,110345104.00
2022/07/26,27.08,27.22,26.42,26.73,3301009,87445696.00
2022/07/27,26.73,26.93,26.34,26.62,2828764,74652536.00
2022/07/28,26.58,27.38,26.50,27.22,4192532,112410496.00
2022/07/29,27.68,27.86,26.22,26.27,4386145,116763624.00
2022/08/01,25.99,26.08,25.37,25.49,3162675,80781136.00
2022/08/02,25.17,25.19,23.16,23.61,3700568,87791704.00
2022/08/03,23.41,24.55,23.41,24.06,2828641,67815416.00
2022/08/04,24.11,24.56,23.84,24.25,1857602,44707436.00
2022/08/05,24.16,24.61,24.14,24.51,1738733,42230956.00
2022/08/08,24.51,25.11,24.51,24.90,1679334,41513636.00
2022/08/09,24.66,25.28,24.47,25.14,2081121,51441920.00
2022/08/10,25.20,25.20,24.53,24.70,1701619,41874272.00
2022/08/11,24.74,24.99,24.67,24.86,1451229,35841424.00
2022/08/12,24.84,24.93,24.57,24.66,1749585,42971008.00
2022/08/15,24.81,24.81,24.13,24.29,1399625,33737940.00
2022/08/16,24.30,24.56,24.01,24.04,1633227,39205604.00
2022/08/17,24.19,24.31,23.76,24.17,1947708,46416356.00
2022/08/18,24.10,24.10,23.54,23.68,1628900,38329604.00
2022/08/19,23.73,23.95,23.36,23.37,1550832,36307308.00
2022/08/22,23.51,23.70,23.04,23.57,1332620,31079636.00
2022/08/23,23.57,23.75,23.11,23.13,1563433,36052684.00
2022/08/24,23.08,23.30,22.38,22.40,2110186,47760788.00
2022/08/25,22.38,22.53,21.81,22.20,1535013,33745340.00
2022/08/26,22.18,22.54,21.86,21.89,1067799,23564062.00
2022/08/29,21.85,22.26,21.46,22.26,942698,20593402.00
2022/08/30,22.26,22.65,21.91,22.12,1049638,23081110.00
2022/08/31,22.07,22.21,21.41,21.66,1267398,27332866.00
2022/09/01,21.66,22.13,21.61,21.71,1177048,25551304.00
2022/09/02,21.79,22.27,21.76,22.27,1271374,27842420.00
2022/09/05,22.27,22.44,21.54,21.74,1519594,32980046.00
2022/09/06,21.74,22.21,21.61,22.01,1187292,25837838.00
2022/09/07,21.93,22.11,21.71,22.02,814942,17727790.00
2022/09/08,21.91,22.08,21.64,21.64,767130,16596298.00
2022/09/09,21.64,21.91,21.63,21.79,747300,16162341.00
2022/09/13,21.81,24.12,21.74,23.11,4653981,106896048.00
2022/09/14,22.24,23.33,22.24,23.14,2833349,64034892.00
2022/09/15,23.14,23.35,22.56,22.81,2139557,48624132.00
2022/09/16,22.81,22.94,21.44,21.47,2722923,59195712.00
2022/09/19,21.45,21.45,20.24,20.26,1862331,37901448.00
2022/09/20,20.56,21.60,20.36,21.47,2646849,55730652.00
2022/09/21,21.60,21.60,20.83,21.02,1415208,29577604.00
2022/09/22,20.91,21.00,20.35,20.40,1445295,29561688.00
2022/09/23,20.49,20.49,19.51,19.61,1486330,29353758.00
2022/09/26,19.54,19.55,18.88,19.06,1094607,20858304.00
2022/09/27,19.45,19.95,19.16,19.94,1613330,31465666.00
2022/09/28,19.89,21.94,19.69,20.44,3998231,82795728.00
2022/09/29,20.44,20.74,19.83,19.91,2392904,48301216.00
2022/09/30,19.99,21.31,19.79,20.66,3277022,67544584.00
2022/10/10,20.66,21.13,20.21,20.28,1945867,40070352.00
2022/10/11,20.28,20.36,19.31,19.99,2038518,39797020.00
2022/10/12,20.26,20.42,19.46,20.36,1413016,27880144.00
2022/10/13,20.12,21.45,20.11,21.21,2891245,60515096.00
2022/10/14,21.04,22.43,21.04,22.07,3683428,80353216.00
2022/10/17,21.96,22.76,21.86,22.23,2635416,58362928.00
2022/10/18,22.46,23.68,21.82,22.88,5119972,116604800.00
2022/10/19,22.47,23.31,22.03,22.39,3500700,77940160.00
2022/10/20,22.39,22.99,22.12,22.18,2440425,54683892.00
2022/10/21,22.19,22.62,21.97,22.16,1656639,36636704.00
2022/10/24,22.23,22.75,21.27,21.42,2064696,44848784.00
2022/10/25,21.63,21.76,20.46,20.80,1809462,37474232.00
2022/10/26,20.97,22.44,20.94,22.04,3321447,72899448.00
2022/10/27,21.74,23.81,21.51,23.11,4986123,112120696.00
2022/10/28,22.59,23.92,22.22,22.85,5815902,133245512.00
2022/10/31,22.16,24.96,21.96,24.10,7874028,183940880.00
2022/11/01,24.25,24.92,23.16,23.66,7693416,182364912.00
2022/11/02,23.19,25.04,23.08,23.87,8654239,208380800.00
2022/11/03,23.55,23.86,23.15,23.23,4637755,107869032.00
2022/11/04,23.35,23.84,23.05,23.25,3881563,89900584.00
2022/11/07,23.26,23.60,22.97,23.31,3342767,77234472.00
2022/11/08,23.31,24.64,22.68,24.26,7509851,178106720.00
2022/11/09,23.80,25.46,23.80,25.18,9478445,235148192.00
2022/11/10,24.99,25.53,24.56,25.31,8198992,204494576.00
2022/11/11,25.33,27.09,24.02,24.06,11993498,306539552.00
2022/11/14,23.46,26.15,23.04,26.12,11120832,274361472.00
2022/11/15,26.24,29.52,25.45,28.27,16886155,453196000.00
2022/11/16,27.21,28.04,26.55,26.71,10526469,284491488.00
2022/11/17,26.71,28.96,26.36,27.76,12691400,352396832.00
2022/11/18,27.69,29.51,27.37,28.31,13897193,394808352.00
2022/11/21,27.81,29.39,27.19,28.37,11668279,331204704.00
2022/11/22,27.87,28.64,26.04,26.36,10107654,272565216.00
2022/11/23,26.17,26.46,24.09,24.25,7279732,178640160.00
2022/11/24,24.26,25.50,24.10,25.15,6413151,159011792.00
2022/11/25,25.06,25.22,24.04,24.49,4129312,100972536.00
2022/11/28,24.79,25.64,24.61,24.74,4798794,119670688.00
2022/11/29,24.18,25.64,24.18,25.30,5792714,145167344.00
2022/11/30,24.96,26.96,24.71,26.74,8311240,214788032.00
2022/12/01,26.96,27.35,25.05,25.72,8183010,209264144.00
2022/12/02,25.28,25.86,24.98,25.04,5094184,128478736.00
2022/12/05,25.32,25.83,24.64,25.22,4879210,122594280.00
2022/12/06,24.94,26.01,23.96,24.04,5833174,144523360.00
2022/12/07,23.40,25.16,22.84,24.93,7777579,186065040.00
2022/12/08,25.16,26.16,24.66,25.63,10360066,263225760.00
2022/12/09,25.16,25.63,24.83,24.89,6523215,163077472.00
2022/12/12,25.01,26.96,25.01,26.50,10436865,272427552.00
2022/12/13,26.42,27.31,25.61,27.26,10073205,264017376.00
2022/12/14,26.56,26.59,24.96,25.21,7455240,190460736.00
2022/12/15,24.67,25.57,24.52,24.71,3995176,98973472.00
2022/12/16,24.66,26.16,24.54,25.78,6999142,177742048.00
2022/12/19,25.76,25.76,23.63,23.71,4966969,119985496.00
2022/12/20,23.69,23.94,22.67,22.77,3396240,77650600.00
2022/12/21,23.15,23.26,22.25,22.36,2616600,58847448.00
2022/12/22,22.43,22.66,21.26,21.30,4092744,88315080.00
2022/12/23,21.05,21.85,21.05,21.32,2434422,51797780.00
2022/12/26,21.56,21.56,20.74,21.02,2489187,51966932.00
2022/12/27,20.88,21.11,19.93,20.26,3317017,66480636.00
2022/12/28,20.36,20.53,19.92,20.01,2092600,41908480.00
2022/12/29,20.01,20.36,19.89,20.13,2030799,40695204.00
2022/12/30,20.12,20.21,19.70,19.78,2031903,40122672.00
2023/01/03,19.85,20.63,19.85,20.61,2900078,58770592.00
2023/01/04,20.54,20.61,20.11,20.33,2724615,54913696.00
2023/01/05,20.33,20.58,20.08,20.56,2269344,45952608.00
2023/01/06,20.71,20.91,20.43,20.57,2430765,49889828.00
2023/01/09,20.73,20.80,20.39,20.56,1643952,33547250.00
2023/01/10,20.62,20.62,20.26,20.30,1369139,27672842.00
2023/01/11,20.21,20.60,20.16,20.47,1664760,33660332.00
2023/01/12,20.61,20.61,20.18,20.20,1498205,30229216.00
2023/01/13,20.26,20.30,20.06,20.17,1052771,21085280.00
2023/01/16,20.33,20.65,20.17,20.46,1737481,35255740.00
2023/01/17,20.60,20.60,20.08,20.17,1322132,26582520.00
2023/01/18,20.18,20.31,20.09,20.15,960472,19216624.00
2023/01/19,20.24,20.34,19.97,20.18,1044702,20946286.00
2023/01/20,20.26,20.58,20.25,20.44,1395245,28276680.00
2023/01/30,20.52,20.80,20.52,20.65,1664929,34089788.00
2023/01/31,20.65,21.07,20.37,21.07,2384122,49289640.00
2023/02/01,20.94,21.34,20.91,21.34,2168283,45561568.00
2023/02/02,21.41,21.51,21.27,21.30,1891752,40131436.00
2023/02/03,21.28,21.35,20.91,21.21,1742395,36510620.00
2023/02/06,21.17,21.33,21.07,21.11,1060837,22303614.00
2023/02/07,21.13,21.39,21.10,21.33,1365955,28770216.00
2023/02/08,21.34,21.39,20.97,21.06,1347356,28324312.00
2023/02/09,21.15,21.24,20.90,21.20,1377737,28823978.00
2023/02/10,21.21,21.43,21.09,21.19,1208300,25495572.00
2023/02/13,21.26,21.43,21.19,21.37,1423987,30161456.00
2023/02/14,21.38,22.80,21.38,22.80,6700082,147728064.00
2023/02/15,22.52,23.81,22.46,23.46,7100267,163237664.00
2023/02/16,23.38,24.38,23.04,23.66,7037843,165329888.00
2023/02/17,23.66,24.26,23.39,23.84,5899649,140574960.00
2023/02/20,23.61,23.64,22.59,23.16,4074986,93123280.00
2023/02/21,23.16,23.31,22.71,22.84,3229760,73354360.00
2023/02/22,22.72,23.09,22.67,22.82,2188486,49774640.00
2023/02/23,22.71,22.82,22.25,22.34,2579757,57565496.00
2023/02/24,22.42,22.81,22.34,22.51,1665616,37321464.00
2023/02/27,22.51,22.86,21.58,21.70,2816598,61584036.00
2023/02/28,21.72,23.68,21.72,23.68,7484156,171442896.00
2023/03/01,23.53,23.85,23.05,23.59,6301268,146723792.00
2023/03/02,23.55,23.55,22.97,23.05,3645462,83877712.00
2023/03/03,22.92,23.30,22.69,22.76,2741079,62416104.00
2023/03/06,22.71,23.09,22.43,22.51,2663317,60043988.00
2023/03/07,22.56,22.94,21.84,21.84,3066357,67835960.00
2023/03/08,21.71,22.64,21.67,22.20,2272169,50092728.00
2023/03/09,22.20,22.69,22.17,22.26,2376751,52848560.00
2023/03/10,22.21,22.44,21.76,22.26,2156617,47234816.00
2023/03/13,22.24,22.96,21.87,22.92,3957465,88545472.00
2023/03/14,22.84,22.84,21.91,21.96,2647949,58644404.00
2023/03/15,22.11,22.76,22.09,22.30,2790131,62062680.00
2023/03/16,22.22,22.78,21.82,22.11,3073408,68113560.00
2023/03/17,22.16,22.29,21.33,21.39,3341814,72094496.00
2023/03/20,21.34,21.34,20.66,20.66,2370613,49075500.00
2023/03/21,20.71,21.04,20.71,20.84,1554400,32240388.00
2023/03/22,20.78,21.25,20.78,20.96,1622500,33865520.00
2023/03/23,21.15,21.75,21.07,21.28,2746571,58384880.00
2023/03/24,21.17,21.59,20.91,20.93,2171541,45454660.00
2023/03/27,20.84,21.30,20.71,21.16,2118859,44126604.00
2023/03/28,21.08,21.33,20.84,20.96,1612100,33673104.00
2023/03/29,20.97,21.14,20.26,20.45,2238704,45619960.00
2023/03/30,20.44,20.58,20.13,20.23,1371522,27530962.00
2023/03/31,20.21,20.86,20.21,20.56,1704552,34845028.00
2023/04/03,20.54,20.80,20.31,20.45,1587158,32228210.00
2023/04/04,20.45,20.64,20.16,20.24,1805148,36495084.00
2023/04/06,20.26,20.85,20.26,20.72,2260339,46337188.00
2023/04/07,20.64,21.12,20.56,21.00,2077930,43207472.00
2023/04/10,21.06,21.08,20.32,20.45,1815174,37150516.00
2023/04/11,20.39,20.61,20.29,20.51,964568,19561982.00
2023/04/12,20.43,20.76,20.38,20.59,1237468,25253232.00
2023/04/13,20.48,20.90,20.27,20.74,1922418,39448920.00
2023/04/14,20.69,21.14,20.67,20.87,1672338,34728072.00
2023/04/17,20.98,20.98,20.45,20.57,1360752,27762956.00
2023/04/18,20.54,20.68,20.29,20.31,1103300,22295648.00
2023/04/19,20.26,20.44,20.15,20.21,1118000,22458692.00
2023/04/20,20.14,20.15,19.56,19.61,1676241,32778006.00
2023/04/21,19.61,20.05,19.46,19.55,1571205,30820922.00
2023/04/24,19.69,20.55,19.59,20.28,2621016,52442660.00
2023/04/25,20.01,20.11,19.13,19.13,2298428,44319688.00
2023/04/26,19.32,19.66,19.09,19.46,1326575,25629202.00
2023/04/27,19.46,20.41,19.43,20.17,2739780,54710320.00
2023/04/28,20.46,20.91,20.06,20.84,3097775,63252932.00
2023/05/04,20.93,21.26,20.76,21.04,2507451,52392708.00
2023/05/05,21.17,21.21,20.59,20.65,1742423,36041256.00
2023/05/08,20.66,21.09,20.37,20.45,1464839,29884472.00
2023/05/09,20.39,20.65,20.02,20.02,2011682,40378956.00
2023/05/10,19.96,20.34,19.92,20.06,1197079,23897102.00
2023/05/11,20.06,20.17,19.62,19.80,1710854,33617564.00
2023/05/12,19.76,20.92,19.68,20.72,3413273,69677552.00
2023/05/15,20.73,20.92,19.95,20.54,2621710,52964268.00
2023/05/16,20.56,21.05,20.35,20.98,3426405,70627440.00
2023/05/17,20.68,20.81,20.37,20.76,2045530,41832896.00
2023/05/18,20.82,20.86,20.38,20.46,1627198,33090014.00
2023/05/19,20.36,21.10,20.31,20.95,2838664,58739580.00
2023/05/22,20.79,21.31,20.77,20.96,2107952,43981532.00
2023/05/23,20.98,21.74,20.91,21.42,4347779,92873800.00
2023/05/24,21.84,21.84,20.92,21.00,3487451,73441072.00
2023/05/25,20.74,21.01,20.52,20.73,2220077,45696828.00
2023/05/26,20.74,21.39,20.41,21.14,2428873,50463128.00
2023/05/29,20.96,21.69,20.91,21.16,2077943,43764552.00
2023/05/30,21.06,21.46,21.02,21.29,1887579,39816600.00
2023/05/31,21.29,21.71,21.18,21.38,2235066,47581652.00
2023/06/01,21.39,21.62,21.14,21.36,2247425,47504956.00
2023/06/02,21.46,21.46,20.86,21.06,2211168,45895548.00
2023/06/05,21.41,21.41,20.88,21.11,1536228,31901672.00
2023/06/06,21.07,21.17,20.55,20.59,1478734,30351848.00
2023/06/07,20.59,20.95,20.44,20.55,1197479,24431876.00
2023/06/08,20.44,20.56,20.07,20.07,1473762,29464804.00
2023/06/09,20.21,20.38,19.97,20.15,1085500,21616216.00
2023/06/12,20.04,20.21,19.71,19.93,1408900,27593144.00
2023/06/13,19.86,20.10,19.79,19.98,1000574,19664504.00
2023/06/14,19.92,20.08,19.77,19.85,1227300,24112494.00
2023/06/15,19.86,19.91,19.64,19.89,1080312,21070222.00
2023/06/16,19.90,20.09,19.79,19.92,1131438,22255462.00
2023/06/19,19.92,19.97,19.72,19.74,1222996,23938776.00
2023/06/20,19.74,19.90,19.44,19.44,1493930,28979162.00
2023/06/21,19.41,19.54,19.18,19.21,1002400,19098970.00
2023/06/26,19.12,19.20,18.76,18.86,1113607,20801950.00
2023/06/27,18.97,19.39,18.87,19.34,1136300,21597024.00
2023/06/28,19.19,19.44,19.01,19.23,887352,16822862.00
2023/06/29,19.23,19.54,19.15,19.43,870417,16703073.00
2023/06/30,19.34,19.95,19.31,19.84,1987170,38865460.00
2023/07/03,19.95,19.96,19.63,19.77,866421,16886710.00
2023/07/04,19.84,20.05,19.62,19.87,903502,17667990.00
2023/07/05,19.82,20.02,19.75,19.76,765479,15013751.00
2023/07/06,19.76,19.91,19.51,19.58,768000,14880431.00
2023/07/07,19.64,19.76,19.52,19.56,715634,13844315.00
2023/07/10,19.56,19.78,19.46,19.53,723131,13964507.00
2023/07/11,19.53,19.72,19.42,19.72,592079,11450948.00
2023/07/12,19.81,19.84,19.45,19.45,704400,13631677.00
2023/07/13,19.43,19.75,19.43,19.73,720951,13949872.00
2023/07/14,19.73,19.85,19.56,19.81,838700,16355739.00
2023/07/17,19.74,19.74,19.43,19.71,651600,12607790.00
2023/07/18,19.62,19.70,19.51,19.53,468647,9049918.00
2023/07/19,19.53,19.64,19.29,19.35,808531,15469609.00
2023/07/20,19.35,19.50,19.24,19.30,703907,13429908.00
2023/07/21,19.30,19.66,19.20,19.54,993552,19113444.00
2023/07/24,19.46,19.99,19.29,19.82,1034993,20234734.00
2023/07/25,19.91,19.93,19.71,19.92,838000,16405764.00
2023/07/26,19.90,20.02,19.86,19.93,677987,13347041.00
2023/07/27,19.93,20.02,19.87,19.88,623850,12275020.00
2023/07/28,19.95,20.03,19.82,20.00,740000,14573208.00
2023/07/31,20.06,20.16,19.96,20.04,767400,15188345.00
2023/08/01,20.05,20.14,19.84,19.92,733806,14463815.00
2023/08/02,20.09,20.09,19.60,19.67,781812,15210427.00
2023/08/03,19.67,20.09,19.60,20.02,1162800,22891748.00
2023/08/04,20.07,20.19,19.82,19.83,769600,15158621.00
2023/08/07,19.85,19.85,19.00,19.08,1886400,35710240.00
2023/08/08,19.09,20.61,18.81,20.06,4312425,84625520.00
2023/08/09,19.76,20.76,19.71,20.63,5578883,112254920.00
2023/08/10,20.53,20.66,20.26,20.33,3017100,60772540.00
2023/08/11,20.27,21.65,20.27,21.29,6359707,133339720.00
2023/08/14,21.55,21.55,20.30,20.95,4647069,95768000.00
2023/08/15,20.91,23.35,20.41,22.30,9419578,204705440.00
2023/08/16,22.01,23.09,21.16,21.37,9851895,215479808.00
2023/08/17,21.56,21.86,20.68,20.96,6861203,143085872.00
2023/08/18,20.85,20.93,19.59,19.60,5578004,110287432.00
2023/08/21,19.55,19.79,19.18,19.45,2761310,53041464.00
2023/08/22,19.61,19.70,18.68,19.07,2885700,54250684.00
2023/08/23,19.03,19.36,18.69,18.74,2637136,49350292.00
2023/08/24,18.52,18.83,18.18,18.51,2140004,38894976.00
2023/08/25,18.37,18.64,18.11,18.16,1693200,30499682.00
2023/08/28,19.26,19.44,18.09,18.17,2023301,37170320.00
2023/08/29,18.04,18.80,18.04,18.79,2051200,37586968.00
2023/08/30,18.74,19.14,18.68,18.84,1659138,30908760.00
2023/08/31,18.83,19.69,18.61,19.47,3753604,71216184.00
2023/09/01,19.31,19.36,19.02,19.22,2113700,40027848.00
2023/09/04,19.22,19.37,19.06,19.33,1400504,26531014.00
2023/09/05,19.31,19.51,19.16,19.22,1154783,21982292.00
2023/09/06,19.16,19.31,19.04,19.04,1153823,21751308.00
2023/09/07,19.16,19.16,18.75,18.81,1326845,24801810.00
2023/09/08,19.01,19.01,18.53,18.58,1151005,21221136.00
2023/09/11,18.61,19.70,18.61,19.44,2658880,50450720.00
2023/09/12,19.37,20.44,19.37,19.96,3753774,74228736.00
2023/09/13,19.91,19.95,19.27,19.43,1816405,35131300.00
2023/09/14,19.57,19.98,19.43,19.56,1854600,36021160.00
2023/09/15,19.68,20.04,19.39,19.95,1945179,38086640.00
2023/09/18,19.99,20.04,19.71,19.82,1363400,26693388.00
2023/09/19,19.94,20.21,19.72,19.85,1333258,26214736.00
2023/09/20,19.84,20.11,19.71,19.76,1041465,20467218.00
2023/09/21,19.66,19.84,19.40,19.47,1023479,19731788.00
2023/09/22,19.46,19.82,19.16,19.76,989534,19087584.00
2023/09/25,19.76,20.05,19.68,19.99,1158700,22818594.00
2023/09/26,19.86,20.00,19.67,19.68,837700,16344794.00
2023/09/27,19.68,20.90,19.66,20.72,3328608,67265136.00
2023/09/28,20.90,21.00,20.48,20.59,2208300,45101860.00
2023/10/09,20.76,20.77,20.07,20.39,1537072,30816162.00
2023/10/10,20.51,20.51,19.87,19.96,1203434,23820818.00
2023/10/11,20.14,20.83,20.00,20.52,2439803,49415236.00
2023/10/12,20.61,21.08,20.42,20.70,1652500,33783324.00
2023/10/13,20.64,21.16,20.50,20.80,1774513,36574824.00
2023/10/16,20.88,21.23,20.34,20.45,1240400,25271464.00
2023/10/17,20.30,20.51,19.88,20.16,1110725,22033626.00
2023/10/18,20.15,20.28,19.64,19.81,1170813,22961848.00
2023/10/19,19.71,19.76,19.12,19.19,890323,16950956.00
2023/10/20,19.10,19.21,18.87,18.94,988400,18527580.00
2023/10/23,18.84,19.03,18.49,18.68,1029100,18989454.00
2023/10/24,18.74,19.26,18.51,19.16,1296237,24242316.00
2023/10/25,19.16,19.44,19.04,19.23,842400,16010194.00
2023/10/26,19.14,19.30,18.91,19.15,816400,15350548.00
2023/10/27,19.07,20.12,18.86,20.06,1789244,34639244.00
2023/10/30,20.06,20.83,19.85,20.51,2022000,41076568.00
2023/10/31,20.62,20.81,20.29,20.61,1788138,36499308.00
2023/11/01,20.61,21.07,20.37,20.65,1654723,33772576.00
2023/11/02,20.67,20.86,20.46,20.48,1034000,21012112.00
2023/11/03,20.51,20.74,20.33,20.34,931200,18790372.00
2023/11/06,20.48,20.99,20.48,20.77,1487400,30482388.00
2023/11/07,20.77,20.80,20.49,20.64,1249300,25451016.00
2023/11/08,20.52,21.13,20.52,20.95,1730400,35825972.00
2023/11/09,20.82,21.41,20.62,20.67,1767701,36533576.00
2023/11/10,20.56,20.96,20.45,20.60,1020175,20825168.00
2023/11/13,20.60,20.82,20.36,20.62,1249500,25317940.00
2023/11/14,20.86,20.86,20.52,20.66,1013764,20698936.00
2023/11/15,20.85,20.86,20.50,20.62,942700,19186262.00
2023/11/16,20.68,20.68,20.23,20.26,940400,18882838.00
2023/11/17,20.26,20.91,20.26,20.83,1651200,33583720.00
2023/11/20,20.77,21.41,20.77,21.14,2079289,43452800.00
2023/11/21,21.29,21.32,20.77,20.92,1524400,31552244.00
2023/11/22,20.78,21.24,20.78,20.99,1352800,28106344.00
2023/11/23,21.21,25.14,21.21,25.14,7772972,189309536.00
2023/11/24,28.14,30.12,26.14,30.12,20622756,583911680.00
2023/11/27,32.46,33.44,28.43,28.96,30998235,946870656.00
2023/11/28,27.04,29.94,25.46,29.91,24948851,676883328.00
2023/11/29,28.76,29.36,26.98,27.07,18735710,518814912.00
2023/11/30,26.26,30.48,25.66,29.51,25598102,706460672.00
2023/12/01,27.92,29.12,27.53,27.97,20003014,559875328.00
2023/12/04,27.59,30.26,27.22,29.16,21392964,611954176.00
2023/12/05,28.29,33.73,28.09,31.27,30292028,922900928.00
2023/12/06,29.92,30.32,28.06,29.54,20528439,594699776.00
2023/12/07,28.80,28.85,26.55,27.10,18577759,507317440.00
2023/12/08,26.76,28.41,26.50,26.52,14951938,406216128.00
2023/12/11,26.06,27.75,25.88,27.28,12008647,322540384.00
2023/12/12,27.33,28.54,26.94,27.47,15034681,411966496.00
2023/12/13,27.56,29.91,27.51,28.53,20587185,586893184.00
2023/12/14,28.16,28.27,26.56,26.58,14205040,385270528.00
2023/12/15,26.44,26.74,25.08,25.90,10925831,277314752.00
2023/12/18,25.74,26.43,25.26,25.39,8509533,217394544.00
2023/12/19,25.38,25.41,24.78,25.02,7857660,194377776.00
2023/12/20,25.16,26.27,24.90,25.62,11318237,286740320.00
2023/12/21,25.26,25.30,24.43,24.75,9189048,225446912.00
2023/12/22,24.71,25.18,24.16,24.26,6957763,168801376.00
2023/12/25,24.08,24.96,23.93,24.32,6384576,153528256.00
2023/12/26,24.24,25.44,24.24,24.60,7425689,181489472.00
2023/12/27,24.38,25.11,24.16,24.36,5212013,126159016.00
2023/12/28,24.52,24.53,23.77,24.14,5541904,132841024.00
2023/12/29,24.18,24.85,24.15,24.82,5911621,143898752.00
2024/01/02,25.06,25.06,24.24,24.37,5478376,133457648.00
2024/01/03,24.21,26.21,24.09,25.01,13337280,334016320.00
2024/01/04,24.52,25.40,23.94,25.05,8824747,214526000.00
2024/01/05,25.25,25.57,24.14,24.24,8025472,196601696.00
2024/01/08,24.42,24.46,23.27,23.39,6028039,141397760.00
2024/01/09,23.47,23.89,23.22,23.51,4289120,99920544.00
2024/01/10,23.51,23.81,22.89,22.93,4022411,92072432.00
2024/01/11,22.90,23.53,22.90,23.35,4250488,97798248.00
2024/01/12,23.35,23.62,22.96,23.03,3156457,72667944.00
2024/01/15,23.19,23.63,22.88,23.23,3961286,91521368.00
2024/01/16,23.21,23.42,22.62,22.96,3647102,82573112.00
2024/01/17,22.93,23.85,22.49,22.53,3778729,86221936.00
2024/01/18,22.53,22.58,21.88,22.50,3875549,85040960.00
2024/01/19,22.56,22.58,21.88,21.88,2443600,53614820.00
2024/01/22,22.04,22.09,20.46,20.73,3241402,68038872.00
2024/01/23,20.79,20.81,20.20,20.45,2451731,49464700.00
2024/01/24,20.48,20.86,19.90,20.58,2387309,48116512.00
2024/01/25,20.53,21.17,20.34,21.14,3218027,66483516.00
2024/01/26,21.11,21.53,20.80,20.96,2895814,60726192.00
2024/01/29,21.14,21.26,20.21,20.28,2569312,52153336.00
2024/01/30,20.26,20.26,19.38,19.40,1905234,37175540.00
2024/01/31,19.36,19.40,17.86,18.05,3133380,57354524.00
2024/02/01,18.04,18.23,17.31,17.53,2701400,47080872.00
2024/02/02,17.63,18.07,16.13,16.56,3548370,59383388.00
2024/02/05,16.46,16.46,14.11,14.32,4753430,69074296.00
2024/02/06,13.59,14.96,12.87,14.20,6275572,84560384.00
2024/02/07,14.36,14.46,12.52,12.67,8610578,112085840.00
2024/02/08,12.56,13.67,11.46,13.66,11402098,139521712.00
2024/02/19,13.64,14.61,13.64,14.27,6170502,85936384.00
数据来源:通达信
