300812 易天股份 日线 后复权
      日期	    开盘	    最高	    最低	    收盘	    成交量	    成交额
2020/01/09,25.75,30.90,25.75,30.90,43316,1334764.38
2020/01/10,33.99,33.99,33.99,33.99,11215,381197.84
2020/01/13,37.39,37.39,37.39,37.39,17600,658064.00
2020/01/14,41.13,41.13,41.13,41.13,26200,1077606.00
2020/01/15,45.24,45.24,45.24,45.24,95078,4301328.50
2020/01/16,49.76,49.76,49.76,49.76,54114,2692712.75
2020/01/17,54.74,54.74,54.74,54.74,124387,6808944.50
2020/01/20,60.21,60.21,60.21,60.21,151400,9115794.00
2020/01/21,66.23,66.23,66.23,66.23,1320099,87430160.00
2020/01/22,66.56,72.85,66.56,72.85,8754555,616657024.00
2020/01/23,73.00,80.14,67.76,76.50,11831168,864250432.00
2020/02/03,68.85,68.85,68.85,68.85,294500,20276324.00
2020/02/04,61.97,67.70,61.97,65.61,8171070,524960704.00
2020/02/05,63.96,71.98,62.88,68.50,8091079,541439872.00
2020/02/06,66.33,68.33,65.10,67.00,6719310,448064256.00
2020/02/07,65.66,71.33,65.55,67.69,6675454,456906016.00
2020/02/10,67.43,67.50,61.00,61.00,7360597,465171488.00
2020/02/11,59.50,62.45,59.21,61.68,4223788,258578064.00
2020/02/12,61.30,63.70,60.90,63.12,4633695,289711168.00
2020/02/13,62.85,63.99,60.68,63.85,5304050,329391680.00
2020/02/14,63.98,70.24,63.50,70.24,7667761,526677952.00
2020/02/17,72.68,76.73,70.51,73.50,10229982,751222912.00
2020/02/18,73.00,80.85,71.05,80.85,9282626,703138048.00
2020/02/19,76.99,80.85,73.51,73.92,8644076,660691776.00
2020/02/20,72.85,75.36,70.50,74.70,5829856,426415008.00
2020/02/21,74.03,79.98,73.21,75.26,6250222,477448736.00
2020/02/24,74.00,82.68,73.10,80.00,7335779,580527360.00
2020/02/25,76.60,86.88,76.60,82.50,7867179,648881088.00
2020/02/26,81.00,84.94,74.50,75.40,6560762,517715584.00
2020/02/27,76.10,76.68,71.45,73.12,3502644,259314896.00
2020/02/28,67.86,69.50,65.81,65.81,4178699,280780416.00
2020/03/02,66.33,70.43,66.31,69.18,3248540,222805488.00
2020/03/03,70.50,73.49,70.00,71.01,3300339,236966288.00
2020/03/04,70.47,73.37,70.00,72.80,2765410,198078736.00
2020/03/05,75.03,75.61,71.57,71.82,2665040,194094992.00
2020/03/06,69.49,71.40,69.10,70.63,2010143,141192080.00
2020/03/09,68.60,69.27,66.03,66.10,2845697,191702032.00
2020/03/10,66.13,70.68,64.03,70.39,3096248,210289376.00
2020/03/11,70.36,71.60,66.50,67.00,2465147,171304688.00
2020/03/12,65.42,68.88,64.80,66.86,1875866,125349208.00
2020/03/13,62.96,67.17,62.26,65.88,1938739,125514792.00
2020/03/16,66.30,71.80,66.22,66.68,3290555,224826672.00
2020/03/17,68.75,73.35,66.72,73.35,7815616,562471424.00
2020/03/18,73.48,73.50,67.00,67.40,6397716,456379264.00
2020/03/19,64.50,65.50,60.68,63.50,5521249,345190336.00
2020/03/20,63.50,63.75,60.06,61.01,3432105,211275984.00
2020/03/23,58.83,59.00,54.91,55.04,3108774,176801712.00
2020/03/24,56.02,56.48,51.80,55.42,2960024,161567632.00
2020/03/25,57.20,57.20,55.41,56.10,1959712,110243136.00
2020/03/26,55.50,57.54,55.00,56.22,1757612,99344568.00
2020/03/27,57.00,57.15,54.14,54.38,1617997,89728648.00
2020/03/30,52.45,52.50,50.28,51.50,1805477,92846312.00
2020/03/31,52.29,53.50,51.20,51.38,1297868,67794280.00
2020/04/01,50.78,53.35,50.77,51.68,1419104,74196600.00
2020/04/02,51.85,54.25,51.67,54.00,1839700,97530344.00
2020/04/03,54.00,54.00,52.76,52.95,1361240,72387344.00
2020/04/07,54.83,56.00,53.77,54.22,1399900,76020304.00
2020/04/08,53.82,55.10,53.50,54.88,1385840,75323744.00
2020/04/09,55.10,55.85,53.78,53.90,1502489,82051744.00
2020/04/10,53.12,53.31,49.83,49.83,2253012,115359176.00
2020/04/13,48.95,48.96,48.08,48.22,1099197,53170992.00
2020/04/14,48.99,49.60,48.93,49.60,1009000,49671768.00
2020/04/15,49.67,51.20,49.06,50.38,1412700,71081440.00
2020/04/16,50.11,51.29,50.11,50.80,970200,49192604.00
2020/04/17,51.48,52.12,50.15,50.48,1534100,78672704.00
2020/04/20,50.38,51.23,50.31,50.90,898997,45566620.00
2020/04/21,50.46,53.80,50.08,52.12,1814400,94212832.00
2020/04/22,52.56,52.95,51.20,51.89,1127900,58315872.00
2020/04/23,50.68,51.77,50.54,50.80,1346487,68611328.00
2020/04/24,50.61,51.17,48.86,49.00,1191200,59361900.00
2020/04/27,48.72,49.70,47.58,47.59,889228,42971116.00
2020/04/28,48.00,48.07,43.01,45.86,1468800,66907896.00
2020/04/29,45.61,47.80,45.61,47.19,1122221,52653400.00
2020/04/30,47.80,49.60,47.53,48.99,1377441,67299048.00
2020/05/06,48.08,51.15,48.01,50.98,1466972,73755000.00
2020/05/07,51.26,52.69,50.48,52.03,2197431,113366472.00
2020/05/08,51.80,55.55,51.80,53.99,3106187,166902448.00
2020/05/11,54.98,55.28,53.30,54.00,1964171,106174872.00
2020/05/12,54.97,55.57,51.81,53.72,2504628,134519200.00
2020/05/13,52.91,54.77,52.65,53.03,1623700,87047240.00
2020/05/14,52.85,54.32,52.85,53.09,1308451,69996136.00
2020/05/15,53.14,55.44,53.14,54.07,1978142,107478992.00
2020/05/18,55.41,55.71,51.30,51.45,1961239,104092968.00
2020/05/19,51.77,53.69,51.77,53.58,1552354,81854312.00
2020/05/20,53.59,54.76,52.20,52.43,1304642,69331016.00
2020/05/21,52.51,53.47,51.66,51.90,1009911,52988184.00
2020/05/22,52.27,53.98,50.75,52.00,1197611,62443556.00
2020/05/25,52.20,53.50,51.34,51.52,1186700,62063460.00
2020/05/26,52.20,54.05,52.00,53.97,2047651,109153368.00
2020/05/27,53.70,53.99,52.03,53.18,1717051,90824000.00
2020/05/28,53.13,53.47,49.11,50.15,2001573,101426584.00
2020/05/29,49.70,50.45,49.18,49.18,1068500,52579560.00
2020/06/01,49.20,51.48,49.20,51.31,1206496,60620020.00
2020/06/02,51.98,54.80,51.15,53.80,2486400,131374712.00
2020/06/03,54.01,55.39,53.77,53.86,2594300,140026560.00
2020/06/04,54.08,54.94,53.09,53.48,1073804,57104704.00
2020/06/05,53.51,54.12,52.93,53.98,1052004,55874320.00
2020/06/08,54.65,57.14,54.61,55.58,2286300,126228992.00
2020/06/09,54.90,55.30,53.10,53.40,1740696,92764584.00
2020/06/10,52.84,53.25,52.30,52.72,1075400,56082936.00
2020/06/11,52.89,53.59,52.43,52.63,1276769,67104936.00
2020/06/12,51.60,52.62,51.52,52.23,953200,49111216.00
2020/06/15,51.68,52.73,51.68,51.72,924300,47632208.00
2020/06/16,51.91,53.25,51.91,53.15,1095017,57038076.00
2020/06/17,53.70,54.36,53.25,53.74,1178900,62721748.00
2020/06/18,53.50,54.90,53.50,54.90,1624639,87687160.00
2020/06/19,54.67,54.75,53.16,53.61,1572754,83671896.00
2020/06/22,53.56,55.47,53.56,54.58,1887700,102260896.00
2020/06/23,54.30,55.39,53.67,54.08,1048600,56264820.00
2020/06/24,54.24,56.90,53.00,56.45,2915265,159253888.00
2020/06/29,56.05,59.17,55.65,58.47,3590139,205539360.00
2020/06/30,58.47,58.47,57.10,57.93,2380032,136534768.00
2020/07/01,57.81,59.03,56.40,56.92,2141795,122127224.00
2020/07/02,56.72,57.45,55.92,57.01,1754748,98535976.00
2020/07/03,56.99,57.02,56.03,56.23,1712100,95603096.00
2020/07/06,56.50,58.10,55.53,58.10,2262348,128614208.00
2020/07/07,58.39,60.65,58.39,59.50,3096487,183156992.00
2020/07/08,59.21,60.55,58.08,60.35,2474288,146274240.00
2020/07/09,60.36,63.00,60.01,61.56,2745401,167846544.00
2020/07/10,61.29,63.99,60.70,63.36,3085418,191750736.00
2020/07/13,63.49,67.46,63.49,66.83,3647837,236856720.00
2020/07/14,67.05,67.47,62.01,63.38,3322821,212466288.00
2020/07/15,63.30,63.50,58.70,58.70,2510958,151506576.00
2020/07/16,58.04,59.80,54.70,55.29,1962464,112003160.00
2020/07/17,55.31,56.06,53.51,54.39,1421126,77433072.00
2020/07/20,54.88,56.45,53.84,56.38,1096599,60065304.00
2020/07/21,56.15,56.78,55.05,56.61,1038099,57743664.00
2020/07/22,57.00,57.18,55.90,56.26,1197500,67190784.00
2020/07/23,55.65,55.65,52.62,54.31,1694100,90938968.00
2020/07/24,54.03,54.74,50.64,50.98,1428920,74457264.00
2020/07/27,51.58,51.82,49.39,49.98,906826,45105372.00
2020/07/28,50.40,51.40,50.21,51.21,715526,35941308.00
2020/07/29,50.70,53.18,50.70,52.78,1062010,54659456.00
2020/07/30,52.70,53.10,51.62,51.85,753401,38962240.00
2020/07/31,51.90,53.17,51.70,52.60,752500,39008268.00
2020/08/03,52.40,54.20,52.40,54.12,896399,47681320.00
2020/08/04,54.25,54.45,52.53,52.80,1051124,55439340.00
2020/08/05,53.51,55.97,53.51,54.38,1562113,84670968.00
2020/08/06,53.81,54.08,52.56,53.68,1182925,62322900.00
2020/08/07,53.43,53.93,51.48,52.10,1085122,56403472.00
2020/08/10,51.52,52.80,51.52,52.40,520340,26971340.00
2020/08/11,52.12,53.00,51.00,51.00,822444,42304888.00
2020/08/12,50.36,52.40,49.90,51.38,748800,37630060.00
2020/08/13,52.05,52.06,50.92,50.94,447395,22763074.00
2020/08/14,50.67,51.30,50.40,51.20,489800,24685436.00
2020/08/17,51.49,52.30,51.17,52.19,534532,27451628.00
2020/08/18,52.30,53.37,52.30,53.02,767000,40162780.00
2020/08/19,52.81,53.00,51.56,51.65,568396,29347452.00
2020/08/20,51.29,51.72,50.55,51.09,402924,20436024.00
2020/08/21,51.30,52.17,51.01,51.33,420227,21468192.00
2020/08/24,51.39,53.43,50.01,52.44,855800,44022848.00
2020/08/25,52.51,54.70,52.29,53.99,1350195,71681200.00
2020/08/26,53.69,54.15,51.90,52.14,1067700,55846364.00
2020/08/27,50.15,50.44,47.51,49.25,1829246,89214880.00
2020/08/28,49.51,49.60,48.26,49.22,885522,42771332.00
2020/08/31,49.46,56.70,49.40,56.68,4436575,240546560.00
2020/09/01,55.31,57.49,54.28,56.79,3932325,217822464.00
2020/09/02,56.16,60.16,54.78,58.85,4722900,272533888.00
2020/09/03,57.90,58.00,55.51,55.80,2719350,151923376.00
2020/09/04,54.50,58.49,54.00,57.18,2430100,136662704.00
2020/09/07,57.31,58.90,55.90,57.90,3186354,181841792.00
2020/09/08,56.98,57.88,55.76,57.58,2148380,120672568.00
2020/09/09,56.54,60.17,56.08,58.50,3995036,232394992.00
2020/09/10,57.92,60.40,49.60,50.53,3718100,205157952.00
2020/09/11,47.95,49.74,47.50,49.35,2021196,97243616.00
2020/09/14,49.50,51.46,49.23,50.60,1490100,74615392.00
2020/09/15,50.72,51.87,49.90,50.75,1311500,65807136.00
2020/09/16,50.20,51.27,49.65,50.94,1236200,61843048.00
2020/09/17,50.99,52.86,50.50,51.99,1759850,90282336.00
2020/09/18,51.72,51.99,50.50,51.38,1228600,62158704.00
2020/09/21,51.49,51.67,50.33,50.46,1011550,50819800.00
2020/09/22,49.66,50.10,48.55,48.84,1022800,50059536.00
2020/09/23,48.77,49.95,48.77,49.62,612000,29930020.00
2020/09/24,49.30,50.85,48.90,49.66,1029700,50940192.00
2020/09/25,49.35,49.70,48.10,48.16,830500,40152384.00
2020/09/28,48.50,48.55,46.20,46.20,849100,39487456.00
2020/09/29,46.20,46.88,45.71,46.50,444100,20403312.00
2020/09/30,46.65,46.96,46.00,46.16,417500,19157064.00
2020/10/09,47.40,48.30,46.68,47.88,638700,30120316.00
2020/10/12,48.50,49.62,48.40,49.40,818288,39784168.00
2020/10/13,49.44,49.88,48.81,49.14,662578,32186906.00
2020/10/14,49.29,49.46,48.72,49.28,672700,32618730.00
2020/10/15,49.28,50.75,48.53,49.09,1233400,60585308.00
2020/10/16,49.00,49.00,48.10,48.50,841740,40453640.00
2020/10/19,50.50,50.50,48.60,48.69,635400,30769172.00
2020/10/20,48.20,49.98,48.15,49.70,898600,43740772.00
2020/10/21,49.66,50.65,49.41,50.48,1393900,69315416.00
2020/10/22,50.48,52.00,49.46,51.44,1621261,81922336.00
2020/10/23,51.38,53.48,50.75,52.68,2231710,115825376.00
2020/10/26,52.50,54.44,51.74,54.42,2407228,127588744.00
2020/10/27,54.30,54.30,50.65,52.20,2242178,116031488.00
2020/10/28,51.15,52.98,50.30,52.95,1768683,90854328.00
2020/10/29,51.20,51.85,50.38,50.38,1482083,74738864.00
2020/10/30,52.98,60.36,52.98,54.40,5466453,310010400.00
2020/11/02,55.95,56.50,51.80,55.39,4391638,235723968.00
2020/11/03,54.65,63.00,54.65,61.20,6888373,410373056.00
2020/11/04,59.29,59.90,57.38,58.08,4543818,264177520.00
2020/11/05,58.10,59.00,56.80,57.45,3167178,180807472.00
2020/11/06,57.30,57.30,54.20,55.97,2559883,141392224.00
2020/11/09,56.48,58.85,55.90,58.10,3348670,192561408.00
2020/11/10,57.38,57.86,55.38,55.87,2139700,120073776.00
2020/11/11,56.31,56.66,53.57,53.90,1651400,88936888.00
2020/11/12,53.54,54.99,51.90,52.12,1498490,78281640.00
2020/11/13,52.15,53.36,51.55,52.47,1101500,57192528.00
2020/11/16,52.69,52.69,49.75,50.28,1566900,78645104.00
2020/11/17,50.45,51.46,49.12,51.30,1431143,71319648.00
2020/11/18,50.89,51.78,50.50,50.86,892700,45015192.00
2020/11/19,51.17,52.07,50.38,51.65,881890,44817984.00
2020/11/20,51.61,51.61,49.97,50.28,1028400,51383576.00
2020/11/23,50.32,50.32,48.72,49.55,1085500,53142920.00
2020/11/24,49.18,50.74,49.18,49.78,832304,41192984.00
2020/11/25,49.60,51.00,49.39,49.64,830400,41177352.00
2020/11/26,49.60,49.89,48.78,48.92,775800,37740912.00
2020/11/27,48.92,49.10,47.66,48.03,817669,39021812.00
2020/11/30,47.82,48.95,47.52,48.01,508400,24340676.00
2020/12/01,48.21,49.85,48.21,49.45,755011,36839036.00
2020/12/02,49.35,53.38,49.24,52.72,2661800,135724240.00
2020/12/03,54.50,55.00,51.03,51.37,1979800,103099936.00
2020/12/04,50.20,51.86,50.03,50.60,1037100,52026920.00
2020/12/07,51.00,51.25,50.00,50.00,702900,35159152.00
2020/12/08,49.61,50.40,49.61,49.72,619500,30623342.00
2020/12/09,49.40,50.40,48.19,48.48,810200,39293892.00
2020/12/10,48.06,49.06,47.53,48.36,576000,27601122.00
2020/12/11,48.36,54.80,47.57,52.37,2723500,138612864.00
2020/12/14,52.42,56.48,51.10,54.70,3316483,178912544.00
2020/12/15,54.60,54.60,51.30,53.22,2322683,121760960.00
2020/12/16,53.62,56.07,48.51,49.55,3344180,175232032.00
2020/12/17,47.58,48.23,46.04,47.46,2460400,114366560.00
2020/12/18,47.46,48.50,46.13,46.29,1285000,59824780.00
2020/12/21,45.79,46.70,45.60,46.46,835100,38238620.00
2020/12/22,46.41,47.25,44.90,44.90,1078700,49364924.00
2020/12/23,44.47,44.90,42.24,42.30,1562480,66698408.00
2020/12/24,42.20,42.22,40.30,40.30,1103480,44784772.00
2020/12/25,40.02,40.90,39.98,40.50,577000,23099448.00
2020/12/28,40.40,40.40,38.15,38.33,984900,37696596.00
2020/12/29,38.28,39.00,37.81,38.10,661700,25122818.00
2020/12/30,38.04,38.45,37.35,37.59,659600,24580066.00
2020/12/31,37.59,39.04,37.44,38.75,838227,31715166.00
2021/01/04,38.76,39.95,38.70,39.60,750956,29234532.00
2021/01/05,39.23,41.70,39.18,40.47,907856,36034120.00
2021/01/06,40.48,40.94,39.58,40.55,871000,34554564.00
2021/01/07,39.56,40.50,38.50,38.76,987903,38220864.00
2021/01/08,38.20,38.92,37.35,37.95,673800,25369422.00
2021/01/11,38.05,39.16,36.17,36.17,881300,32401436.00
2021/01/12,36.16,36.97,35.75,36.30,577214,20704198.00
2021/01/13,36.05,39.59,35.53,38.74,1445017,54001748.00
2021/01/14,38.30,39.41,37.58,38.58,981814,37194676.00
2021/01/15,38.14,39.78,38.14,39.32,883300,34266260.00
2021/01/18,37.89,39.32,37.89,38.54,916600,34859384.00
2021/01/19,38.15,39.96,38.15,39.15,650700,25163224.00
2021/01/20,38.94,39.42,38.21,38.49,568900,21673998.00
2021/01/21,38.98,39.80,38.36,38.40,573827,22013218.00
2021/01/22,38.23,38.27,36.60,37.50,732127,26795486.00
2021/01/25,36.98,37.30,35.90,36.19,502300,18019852.00
2021/01/26,36.02,36.96,35.70,36.20,337400,12110036.00
2021/01/27,36.30,36.78,35.79,36.33,303200,10839980.00
2021/01/28,35.96,36.61,35.69,35.69,293300,10442435.00
2021/01/29,35.80,36.08,33.92,34.31,580800,19851718.00
2021/02/01,34.00,34.83,33.63,34.52,335300,11280949.00
2021/02/02,34.62,34.86,34.06,34.22,251200,8522508.00
2021/02/03,34.22,34.53,32.55,32.58,415300,13607897.00
2021/02/04,32.58,32.63,30.40,31.21,653014,20150552.00
2021/02/05,31.22,32.18,30.70,31.35,395500,12304769.00
2021/02/08,30.77,31.20,30.49,30.49,385900,11677007.00
2021/02/09,30.50,30.97,30.34,30.71,381500,11512899.00
2021/02/10,30.71,31.84,30.68,31.15,415400,12736244.00
2021/02/18,31.30,32.84,31.30,32.58,484200,15457795.00
2021/02/19,32.34,34.14,32.34,33.76,481500,15899673.00
2021/02/22,34.07,34.83,33.71,33.76,596400,20182566.00
2021/02/23,33.86,33.98,32.93,33.17,365000,11984437.00
2021/02/24,33.27,34.03,33.14,33.43,395600,13083628.00
2021/02/25,33.53,34.13,32.76,32.83,266000,8662324.00
2021/02/26,32.69,33.42,32.50,32.89,325200,10545720.00
2021/03/01,33.24,33.94,33.10,33.91,335700,11086942.00
2021/03/02,34.06,34.16,33.00,33.36,293900,9656342.00
2021/03/03,33.40,33.67,33.20,33.51,230500,7590151.00
2021/03/04,33.60,34.06,32.87,33.07,408700,13523761.00
2021/03/05,32.90,33.90,32.63,33.63,349900,11537364.00
2021/03/08,34.09,34.47,33.82,34.08,540000,18196744.00
2021/03/09,33.52,34.47,32.51,32.79,502900,16464360.00
2021/03/10,32.62,33.38,31.05,31.19,515000,16119284.00
2021/03/11,31.31,31.82,30.66,31.55,371700,11449984.00
2021/03/12,31.76,31.76,30.76,30.76,341300,10398299.00
2021/03/15,30.66,31.07,29.98,30.13,366700,10963722.00
2021/03/16,34.98,36.06,34.16,36.06,2786362,98518864.00
2021/03/17,36.80,43.17,36.79,43.17,5691604,227214608.00
2021/03/18,46.89,46.89,41.38,42.50,7278093,313860480.00
2021/03/19,41.58,42.30,40.00,40.46,4472766,180948032.00
2021/03/22,40.00,44.42,40.00,42.10,4916921,205261104.00
2021/03/23,42.50,44.00,40.32,40.60,3843704,159224144.00
2021/03/24,40.56,41.00,38.28,39.05,3450404,134188288.00
2021/03/25,38.92,40.66,38.16,40.38,3112090,121237888.00
2021/03/26,40.50,41.08,39.00,39.60,2727490,106527160.00
2021/03/29,38.73,39.30,38.05,38.97,1980660,75337688.00
2021/03/30,38.82,38.98,36.87,37.64,1927100,71489056.00
2021/03/31,37.51,38.20,37.20,37.94,1532000,57052212.00
2021/04/01,37.93,39.47,37.13,38.08,2369100,90101032.00
2021/04/02,38.34,40.43,37.78,40.03,2928600,113419048.00
2021/04/06,40.81,41.20,38.89,39.28,2132700,83052192.00
2021/04/07,39.25,40.65,38.23,40.36,2207762,85672240.00
2021/04/08,40.20,40.46,38.81,38.85,1887300,73939208.00
2021/04/09,38.85,39.25,37.69,37.70,1121500,42303920.00
2021/04/12,37.49,38.15,37.05,38.10,788000,29314768.00
2021/04/13,38.06,38.80,37.31,38.41,798200,30051816.00
2021/04/14,38.20,39.12,37.81,38.48,978700,37268060.00
2021/04/15,37.95,38.08,36.21,36.31,1241800,45216428.00
2021/04/16,36.28,38.30,36.28,37.97,1239700,45585892.00
2021/04/19,37.83,38.50,37.83,38.30,982000,36994072.00
2021/04/20,38.02,38.57,37.27,37.44,1000900,37506660.00
2021/04/21,37.26,37.98,37.02,37.51,760100,28114300.00
2021/04/22,37.94,38.42,37.20,37.25,768300,28555928.00
2021/04/23,38.60,39.78,38.13,38.32,2200537,84359768.00
2021/04/26,37.80,39.37,37.15,38.51,1335743,50739968.00
2021/04/27,38.10,38.46,37.22,37.95,1049143,39052644.00
2021/04/28,37.52,38.97,37.52,38.62,1045900,39696056.00
2021/04/29,38.80,39.15,38.06,38.39,1059000,40130408.00
2021/04/30,38.40,38.78,37.63,37.99,766000,28793256.00
2021/05/06,37.69,38.26,37.35,37.51,538100,20030580.00
2021/05/07,37.52,37.80,36.48,36.60,805500,29349072.00
2021/05/10,37.00,37.30,36.50,37.21,488500,17803252.00
2021/05/11,37.45,37.68,36.66,37.20,741200,27131358.00
2021/05/12,37.11,37.47,36.30,37.35,910000,33086140.00
2021/05/13,36.91,37.99,36.84,37.20,845460,31225532.00
2021/05/14,37.00,38.12,37.00,38.00,1001660,37274596.00
2021/05/17,37.97,38.10,37.04,37.72,689800,25533032.00
2021/05/18,37.72,37.90,37.50,37.75,502500,18690456.00
2021/05/19,37.75,38.79,37.71,38.56,1207543,45630488.00
2021/05/20,38.50,40.78,38.00,40.23,2202300,86337656.00
2021/05/21,40.30,40.30,39.26,39.30,1266443,49680536.00
2021/05/24,39.11,40.23,39.11,39.83,938460,36749248.00
2021/05/25,39.50,39.78,38.61,39.58,767959,29779398.00
2021/05/26,39.82,40.35,39.32,39.59,1064813,41763504.00
2021/05/27,39.50,40.80,39.03,40.60,1536500,60972416.00
2021/05/28,40.99,41.00,39.30,39.52,1428500,56188988.00
2021/05/31,38.54,39.76,38.34,39.35,1882788,40255372.00
2021/06/01,39.31,45.83,38.97,43.67,5342756,125840608.00
2021/06/02,43.72,44.64,42.09,42.21,3900668,91297464.00
2021/06/03,42.16,43.04,41.19,41.58,2417900,55416928.00
2021/06/04,41.17,41.49,40.65,41.08,1834940,41186232.00
2021/06/07,41.15,43.85,41.15,42.09,2949955,68745120.00
2021/06/08,41.87,41.87,40.34,41.15,2238953,50271168.00
2021/06/09,41.26,41.87,40.12,40.34,1755218,39003524.00
2021/06/10,40.43,41.15,40.14,40.81,1700588,37790688.00
2021/06/11,40.61,42.81,40.14,41.96,2947842,67164176.00
2021/06/15,41.73,44.89,41.73,43.04,4648580,110874152.00
2021/06/16,43.11,45.58,42.07,42.48,4413720,105599488.00
2021/06/17,42.97,45.60,42.41,44.50,4864620,117419400.00
2021/06/18,44.52,45.45,43.49,45.36,4574348,111867480.00
2021/06/21,45.29,45.29,43.85,44.12,3638769,88078928.00
2021/06/22,44.05,47.25,43.08,45.33,5024821,122652936.00
2021/06/23,44.70,49.16,44.57,47.63,8152747,213040752.00
2021/06/24,46.48,47.13,45.74,46.73,4528998,114924728.00
2021/06/25,46.23,46.91,44.82,45.81,3266506,81516248.00
2021/06/28,45.63,46.62,44.68,45.56,2419540,60213536.00
2021/06/29,45.51,45.51,43.49,43.85,2796008,67629672.00
2021/06/30,43.85,45.27,43.85,44.03,2299580,56018952.00
2021/07/01,44.32,44.32,40.43,40.47,3991540,91620208.00
2021/07/02,40.07,40.95,39.98,40.23,1559505,34430988.00
2021/07/05,40.23,41.47,40.11,41.24,1451400,32349668.00
2021/07/06,41.13,42.18,40.93,41.55,1659398,37708568.00
2021/07/07,40.56,42.77,40.52,42.50,2456980,56693748.00
2021/07/08,42.27,43.35,42.23,42.72,2259080,52819296.00
2021/07/09,42.86,44.77,42.18,44.41,3868187,93260152.00
2021/07/12,44.41,46.48,44.16,46.10,4674352,116582344.00
2021/07/13,46.10,46.48,44.57,45.11,3456019,85518376.00
2021/07/14,45.60,47.36,45.25,45.61,3542100,89289032.00
2021/07/15,44.95,45.83,43.67,44.66,2736209,66758492.00
2021/07/16,46.41,46.69,42.23,42.59,3729680,88130296.00
2021/07/19,43.98,44.10,41.10,41.38,2138940,48841088.00
2021/07/20,41.06,43.27,40.79,43.11,2430687,55772544.00
2021/07/21,42.97,48.35,42.61,48.22,8644160,219504000.00
2021/07/22,47.45,47.81,46.15,47.65,6601860,170023376.00
2021/07/23,46.73,49.52,46.73,47.59,6241080,164989232.00
2021/07/26,48.04,49.93,46.95,49.29,7499442,200371120.00
2021/07/27,49.79,50.69,46.91,47.07,7275520,195466640.00
2021/07/28,46.57,50.08,44.05,50.08,8045068,211725408.00
2021/07/29,51.34,54.29,48.82,52.22,10578855,296651776.00
2021/07/30,51.19,51.63,49.30,49.72,6876241,189529120.00
2021/08/02,49.07,56.00,49.07,53.37,8460499,245620016.00
2021/08/03,52.27,60.03,52.27,57.35,11740245,362895616.00
2021/08/04,56.23,57.53,54.76,57.53,6770528,208318592.00
2021/08/05,57.89,58.25,53.59,54.07,5263708,159186640.00
2021/08/06,53.82,54.58,52.04,52.87,3795749,110073208.00
2021/08/09,52.90,52.90,50.38,51.50,3098927,87092984.00
2021/08/10,51.14,52.83,50.73,52.31,2878029,82005472.00
2021/08/11,50.47,50.47,46.87,48.40,6345500,167465456.00
2021/08/12,47.97,49.97,47.67,49.79,4144020,111338440.00
2021/08/13,49.25,49.52,47.81,48.33,2865820,76072536.00
2021/08/16,48.33,49.14,46.78,48.94,2573640,67742008.00
2021/08/17,48.55,49.25,46.03,46.26,2660060,69286288.00
2021/08/18,46.10,47.07,45.83,46.53,1706660,43275548.00
2021/08/19,46.55,47.85,46.55,47.27,1851760,47949608.00
2021/08/20,46.93,47.22,45.31,46.28,1419240,35889188.00
2021/08/23,46.57,48.35,46.57,48.08,2001500,52425224.00
2021/08/24,48.40,49.16,47.68,48.33,2380820,63350720.00
2021/08/25,48.06,49.75,48.06,49.57,2780280,75002296.00
2021/08/26,49.83,49.93,46.75,46.91,3089260,81155800.00
2021/08/27,46.59,47.38,44.75,45.43,2648220,66822444.00
2021/08/30,45.51,46.51,43.99,44.21,2144028,52905564.00
2021/08/31,44.21,44.70,42.95,43.47,1512160,35956812.00
2021/09/01,43.47,43.60,42.07,43.13,1586540,37176304.00
2021/09/02,43.17,43.78,42.79,43.56,1113180,26400652.00
2021/09/03,43.22,44.50,43.09,44.30,1589060,38352900.00
2021/09/06,44.34,44.66,43.42,44.10,1253000,30092886.00
2021/09/07,44.07,44.32,43.71,44.21,1155408,27920666.00
2021/09/08,44.32,44.35,43.31,43.67,1497220,35755336.00
2021/09/09,43.71,43.71,42.32,42.50,1588640,37164160.00
2021/09/10,42.43,42.90,41.51,41.51,1781760,41012112.00
2021/09/13,41.51,41.51,39.71,39.98,3146482,69475032.00
2021/09/14,40.03,40.90,38.81,39.12,2905940,62952272.00
2021/09/15,39.01,39.51,38.63,39.35,1317320,28224284.00
2021/09/16,39.35,40.05,38.85,38.85,1571820,33823268.00
2021/09/17,38.99,38.99,37.73,38.43,1271720,26595118.00
2021/09/22,38.34,38.86,37.75,38.85,753760,15853459.00
2021/09/23,38.97,39.85,38.52,38.99,1213180,26055368.00
2021/09/24,39.04,39.39,37.84,37.96,1066200,22335942.00
2021/09/27,38.05,38.11,36.49,36.99,1166010,23557962.00
2021/09/28,36.99,37.37,36.61,37.28,583065,11796937.00
2021/09/29,37.17,37.17,36.47,36.47,696981,13957301.00
2021/09/30,36.47,37.66,36.47,37.08,619200,12565683.00
2021/10/08,37.66,38.36,37.12,38.32,964980,20011490.00
2021/10/11,38.72,39.33,37.95,38.34,1436620,30175652.00
2021/10/12,38.32,38.32,37.12,37.39,1046020,21505286.00
2021/10/13,37.82,38.54,37.50,38.34,946502,19685678.00
2021/10/14,38.34,38.36,37.82,37.95,589320,12248547.00
2021/10/15,37.69,39.26,37.69,38.95,2036840,43119604.00
2021/10/18,38.72,38.81,38.23,38.59,895820,18845388.00
2021/10/19,38.54,39.10,38.11,38.23,983920,20687772.00
2021/10/20,38.63,39.33,38.29,38.95,1471025,31270376.00
2021/10/21,39.03,39.03,37.01,37.37,1667960,34355112.00
2021/10/22,37.80,38.18,37.33,37.46,1118980,23058492.00
2021/10/25,37.33,37.37,35.75,36.02,1846900,36434412.00
2021/10/26,36.40,36.79,35.46,36.65,1878042,37061860.00
2021/10/27,36.69,36.69,34.63,35.21,1851200,35582272.00
2021/10/28,35.16,35.75,34.42,34.65,874300,16608776.00
2021/10/29,34.65,35.66,34.63,35.26,937220,18023646.00
2021/11/01,35.26,36.47,35.26,36.29,1088320,21387124.00
2021/11/02,36.02,43.42,36.02,43.42,8145155,184773856.00
2021/11/03,43.85,47.20,43.81,45.04,13360197,332457184.00
2021/11/04,44.57,46.28,43.36,45.94,9016144,221278256.00
2021/11/05,45.20,46.64,44.12,44.82,6943317,170743184.00
2021/11/08,43.90,46.10,43.04,45.72,6770081,165710976.00
2021/11/09,46.24,46.55,44.05,44.98,5390492,132364680.00
2021/11/10,44.95,45.74,44.10,45.25,4379048,107853080.00
2021/11/11,45.25,46.91,44.32,46.55,7595525,190650944.00
2021/11/12,46.96,47.43,44.86,46.48,5906669,148362864.00
2021/11/15,45.96,49.43,44.77,48.31,8201098,211515280.00
2021/11/16,47.67,48.12,43.85,44.17,6299820,160147744.00
2021/11/17,44.17,45.52,43.54,45.11,4760260,117129408.00
2021/11/18,45.34,46.82,44.07,44.21,4474920,110923824.00
2021/11/19,44.82,46.48,44.41,45.78,4479777,111902008.00
2021/11/22,46.03,47.22,45.11,46.37,4932237,125496152.00
2021/11/23,46.19,48.49,45.54,48.15,6967227,181263552.00
2021/11/24,49.05,49.05,46.55,46.73,4850694,125203032.00
2021/11/25,47.05,47.77,45.56,45.94,4590920,117066016.00
2021/11/26,46.12,46.82,45.29,46.60,3440568,86875760.00
2021/11/29,45.52,46.73,44.57,45.61,3478209,86557736.00
2021/11/30,45.61,47.58,45.61,46.44,3950204,100610384.00
2021/12/01,46.59,47.81,45.40,47.43,4085353,105561240.00
2021/12/02,47.49,47.49,44.53,44.84,4747733,118610040.00
2021/12/03,44.89,52.85,44.86,47.41,10115668,269426784.00
2021/12/06,47.45,47.76,44.61,44.71,6146920,152613280.00
2021/12/07,44.75,45.11,41.08,41.49,5027610,115974872.00
2021/12/08,41.47,42.64,41.47,42.55,2660411,61340436.00
2021/12/09,42.48,44.98,42.41,43.33,3845833,92391400.00
2021/12/10,43.45,43.94,42.95,43.44,2168360,51552480.00
2021/12/13,43.69,44.66,42.77,43.40,1913000,45293980.00
2021/12/14,43.15,44.21,42.59,43.90,2071520,49494736.00
2021/12/15,43.90,44.28,43.40,43.62,1766018,42409616.00
2021/12/16,43.63,44.57,43.29,43.74,2012530,48226408.00
2021/12/17,43.67,43.72,42.07,42.09,2271187,52732756.00
2021/12/20,42.09,42.46,41.29,41.38,1414420,32384870.00
2021/12/21,41.17,41.96,40.97,41.56,1180140,26736428.00
2021/12/22,41.73,42.14,41.42,42.12,1233160,28200012.00
2021/12/23,42.19,42.36,40.39,40.61,2040740,45690688.00
2021/12/24,40.70,40.77,38.86,38.99,1962277,42372868.00
2021/12/27,39.12,39.55,38.54,39.22,1034660,22114100.00
2021/12/28,39.35,39.85,39.12,39.71,803940,17387852.00
2021/12/29,39.71,39.91,38.99,39.53,1139360,24507912.00
2021/12/30,39.55,40.43,39.46,39.93,1112180,24358492.00
2021/12/31,40.20,40.29,39.57,39.57,1098200,23851586.00
2022/01/04,39.67,40.43,39.51,40.20,1242891,27157982.00
2022/01/05,40.07,41.01,39.03,39.71,1982311,43288004.00
2022/01/06,39.30,40.48,39.30,40.11,1178420,25782828.00
2022/01/07,39.80,41.78,39.69,41.38,3429923,76768328.00
2022/01/10,41.06,41.06,39.53,40.84,2658682,58778080.00
2022/01/11,40.48,41.24,39.98,40.39,1651482,36512396.00
2022/01/12,40.47,41.29,40.36,40.88,1763040,39338332.00
2022/01/13,40.97,41.02,40.48,40.52,1221800,27174244.00
2022/01/14,40.29,41.15,40.16,40.30,1373100,30528470.00
2022/01/17,40.29,41.65,40.25,41.49,1935320,43608764.00
2022/01/18,41.65,42.01,40.14,40.50,1915219,42723772.00
2022/01/19,40.45,40.95,40.11,40.83,1112300,24716084.00
2022/01/20,40.77,40.77,38.27,38.29,2207187,47234168.00
2022/01/21,38.09,38.97,37.73,38.20,831700,17428430.00
2022/01/24,38.18,38.79,37.82,38.45,558180,11736994.00
2022/01/25,38.45,38.59,36.43,36.45,1273380,25719976.00
2022/01/26,36.61,37.19,36.33,36.65,655100,13135683.00
2022/01/27,36.65,36.65,35.48,35.80,966960,18954340.00
2022/01/28,36.18,36.96,35.93,36.33,787210,15663353.00
2022/02/07,37.01,37.33,36.51,36.97,655900,13204023.00
2022/02/08,36.97,37.35,36.58,37.26,653680,13240706.00
2022/02/09,37.26,37.84,37.14,37.75,777694,15939598.00
2022/02/10,38.25,38.45,37.28,37.46,873530,17964218.00
2022/02/11,37.23,37.37,36.42,36.65,706840,14158248.00
2022/02/14,36.11,37.28,35.93,36.65,424800,8529073.00
2022/02/15,37.01,37.23,36.43,36.94,665107,13392657.00
2022/02/16,37.14,37.69,36.92,37.42,842880,17185922.00
2022/02/17,37.37,37.77,37.10,37.35,843260,17248774.00
2022/02/18,37.15,37.39,36.65,37.39,688260,13902546.00
2022/02/21,37.19,37.82,37.14,37.68,871160,17885976.00
2022/02/22,37.55,37.55,36.74,37.21,794260,16063234.00
2022/02/23,37.21,38.68,37.21,38.63,1935060,40459800.00
2022/02/24,38.38,38.74,36.94,37.39,2065180,42738792.00
2022/02/25,38.45,39.26,37.66,37.73,1395300,29171584.00
2022/02/28,37.66,37.96,37.01,37.84,845280,17333848.00
2022/03/01,38.45,38.45,37.60,37.96,660040,13635419.00
2022/03/02,37.28,37.41,36.65,37.35,1188780,24064990.00
2022/03/03,37.35,37.86,36.69,36.69,1052900,21353768.00
2022/03/04,36.51,37.21,36.31,36.65,914740,18356368.00
2022/03/07,36.52,36.92,35.39,35.61,1225480,23973788.00
2022/03/08,35.52,36.20,34.67,35.17,1030620,19962360.00
2022/03/09,35.17,35.73,32.82,34.24,1235140,23201468.00
2022/03/10,34.99,35.84,34.53,34.56,1096100,21000350.00
2022/03/11,34.20,35.07,33.59,35.07,983887,18342860.00
2022/03/14,34.99,34.99,33.41,33.41,844800,15710006.00
2022/03/15,33.03,33.82,31.57,31.61,1156020,20578766.00
2022/03/16,32.28,32.60,31.00,32.46,1131700,19666136.00
2022/03/17,32.82,34.02,32.55,33.28,1410957,25726020.00
2022/03/18,33.12,33.70,32.69,33.45,784360,14254259.00
2022/03/21,33.37,33.81,32.83,33.63,727698,13278471.00
2022/03/22,33.48,33.91,33.10,33.61,783460,14294010.00
2022/03/23,33.59,33.75,33.32,33.59,542200,9912628.00
2022/03/24,33.43,33.43,32.56,32.65,949420,16975724.00
2022/03/25,32.67,33.30,32.65,32.78,698800,12542334.00
2022/03/28,32.71,32.80,31.66,32.15,592660,10403664.00
2022/03/29,32.37,32.40,31.25,31.39,842279,14505341.00
2022/03/30,31.50,32.01,31.36,31.92,536940,9284630.00
2022/03/31,31.79,32.51,31.45,32.28,832120,14553618.00
2022/04/01,32.28,32.28,31.48,31.77,744940,12878166.00
2022/04/06,31.81,32.38,31.52,31.90,573760,10018707.00
2022/04/07,31.54,31.97,30.80,30.82,853660,14495984.00
2022/04/08,30.89,31.05,30.12,30.46,710247,11774261.00
2022/04/11,30.35,30.35,29.00,29.22,672025,10808120.00
2022/04/12,29.16,30.33,29.16,30.10,703505,11386165.00
2022/04/13,29.95,29.95,29.27,29.29,794700,12736677.00
2022/04/14,29.36,29.95,29.29,29.72,654360,10528454.00
2022/04/15,29.63,29.63,28.44,28.84,959300,15038865.00
2022/04/18,28.68,30.01,28.39,29.88,1115480,17928844.00
2022/04/19,29.88,30.31,29.45,29.72,619140,10031963.00
2022/04/20,29.85,30.19,29.41,29.79,723600,11751427.00
2022/04/21,29.79,30.26,28.95,28.95,750140,12091157.00
2022/04/22,28.98,29.36,28.23,28.60,796200,12396248.00
2022/04/25,27.20,27.72,25.17,25.24,1594744,22822470.00
2022/04/26,25.24,25.85,24.10,24.14,1197710,16305022.00
2022/04/27,24.03,24.93,23.40,24.86,1257510,16441368.00
2022/04/28,24.68,24.68,23.31,23.65,1416160,18320520.00
2022/04/29,23.83,24.84,23.78,24.66,1200570,15809713.00
2022/05/05,24.77,25.63,24.32,25.38,1049050,14303261.00
2022/05/06,24.68,25.40,24.46,24.97,848000,11475039.00
2022/05/09,24.97,25.78,24.95,25.49,890760,12314080.00
2022/05/10,25.36,26.30,25.20,26.12,1005780,14121743.00
2022/05/11,26.23,27.00,25.89,26.14,1288600,18532932.00
2022/05/12,26.21,29.40,26.05,28.01,4114784,62269416.00
2022/05/13,28.01,28.17,26.95,27.45,2708344,40110524.00
2022/05/16,27.29,27.65,26.68,27.00,1554460,22808156.00
2022/05/17,26.62,27.29,26.57,27.04,1194740,17437850.00
2022/05/18,26.97,27.58,26.91,27.27,1380240,20500038.00
2022/05/19,26.84,27.58,26.66,27.45,1294800,19197408.00
2022/05/20,27.38,28.21,27.22,27.54,1155796,17273958.00
2022/05/23,27.70,28.03,27.43,27.72,817220,12264842.00
2022/05/24,27.65,28.01,26.21,26.30,1156400,17027316.00
2022/05/25,26.46,27.11,26.30,27.00,911280,13243549.00
2022/05/26,27.25,27.31,26.12,27.11,998680,14495593.00
2022/05/27,27.06,27.76,26.62,26.88,956852,14015728.00
2022/05/30,27.04,27.27,26.59,27.20,1030680,15106712.00
2022/05/31,27.65,28.44,26.48,28.01,2139560,32007740.00
2022/06/01,27.65,28.55,27.54,28.17,1678480,25730066.00
2022/06/02,28.01,33.01,28.01,31.68,6856641,116777304.00
2022/06/06,31.07,35.19,30.51,33.66,7842047,137580544.00
2022/06/07,33.63,33.82,31.61,31.84,5297813,93824744.00
2022/06/08,32.02,32.55,30.85,31.34,3606960,62146044.00
2022/06/09,31.23,31.39,29.83,30.15,2863429,47242548.00
2022/06/10,29.99,30.46,29.81,30.37,2415546,39647204.00
2022/06/13,29.95,30.53,29.63,30.19,2385045,38902076.00
2022/06/14,29.90,30.40,28.64,29.61,2075080,32968436.00
2022/06/15,29.95,30.93,29.61,30.75,3337051,55181192.00
2022/06/16,30.53,31.52,30.39,30.51,2985413,50151248.00
2022/06/17,30.10,30.64,29.83,30.39,2035568,33498514.00
2022/06/20,30.35,31.16,30.31,30.84,1882620,31504958.00
2022/06/21,30.71,31.30,30.37,30.80,1519540,25316368.00
2022/06/22,30.80,31.03,29.90,30.04,1312520,21442976.00
2022/06/23,30.03,31.23,29.90,31.23,2192582,36551356.00
2022/06/24,32.87,32.87,31.02,31.03,3238867,55054368.00
2022/06/27,30.96,31.52,30.66,31.14,1981560,33156284.00
2022/06/28,30.94,31.92,30.71,31.83,2479700,42147332.00
2022/06/29,31.68,32.10,30.85,30.89,1902960,32407192.00
2022/06/30,30.66,31.45,30.66,31.23,1643524,27690392.00
2022/07/01,35.03,37.32,35.03,37.32,5382920,108409896.00
2022/07/04,37.32,38.77,34.67,36.20,11755680,231329552.00
2022/07/05,35.01,35.75,33.59,34.44,7093305,133051776.00
2022/07/06,33.59,36.74,33.32,36.52,9508707,184173056.00
2022/07/07,35.71,35.71,34.13,34.47,6058814,114177264.00
2022/07/08,34.38,34.96,33.41,33.72,4163650,77008032.00
2022/07/11,33.25,33.64,32.71,33.41,3055820,54862008.00
2022/07/12,32.94,33.57,31.74,31.74,3164200,55328768.00
2022/07/13,31.90,32.15,31.54,31.83,1842340,31714622.00
2022/07/14,31.83,32.51,31.56,32.31,2258100,39335992.00
2022/07/15,32.20,33.09,31.27,32.47,2934020,51147876.00
2022/07/18,32.26,33.93,32.17,33.93,4431320,80447632.00
2022/07/19,33.55,34.40,33.07,34.26,3286960,60255056.00
2022/07/20,34.11,34.67,33.59,33.81,2533156,46583440.00
2022/07/21,33.81,36.47,33.48,35.25,6437118,123613888.00
2022/07/22,34.49,35.12,33.99,34.27,3656940,68466496.00
2022/07/25,33.91,34.35,33.41,34.04,1805560,33128086.00
2022/07/26,33.84,34.18,32.80,33.52,1953504,35165312.00
2022/07/27,33.52,33.86,33.23,33.82,1595560,29074408.00
2022/07/28,33.82,35.84,33.81,35.48,4492230,85406008.00
2022/07/29,35.41,35.41,34.44,34.54,2799835,52727796.00
2022/08/01,34.67,34.94,33.86,34.87,2253060,42223836.00
2022/08/02,34.33,34.49,32.76,33.07,2846308,51777648.00
2022/08/03,33.21,35.30,33.21,34.08,3774290,70712472.00
2022/08/04,34.29,35.35,34.29,34.96,3080200,58261680.00
2022/08/05,35.05,36.42,34.90,36.09,5744684,111872464.00
2022/08/08,36.09,36.56,35.30,36.36,4696604,91704752.00
2022/08/09,36.06,36.81,35.75,36.69,3649984,71928536.00
2022/08/10,36.33,39.21,35.70,38.05,8177900,166522432.00
2022/08/11,38.25,45.51,37.82,42.64,19557223,458175040.00
2022/08/12,40.05,42.43,39.85,40.38,14335430,319046976.00
2022/08/15,39.78,41.37,39.26,39.62,8785050,191117984.00
2022/08/16,40.21,40.48,38.56,39.04,8390045,180114064.00
2022/08/17,38.68,42.05,38.38,42.05,12971073,283252544.00
2022/08/18,40.61,44.80,40.05,44.55,14461907,332714112.00
2022/08/19,43.62,45.15,41.49,41.53,9951736,233378816.00
2022/08/22,41.62,42.88,39.13,39.17,8102374,179177872.00
2022/08/23,39.22,39.98,38.47,39.55,5505335,117612256.00
2022/08/24,39.06,39.24,36.87,36.99,7085996,145479696.00
2022/08/25,37.37,37.55,35.12,35.68,4362540,84969304.00
2022/08/26,35.73,36.02,33.95,34.04,4198780,79317864.00
2022/08/29,33.27,34.83,33.16,34.08,2962980,54858840.00
2022/08/30,34.06,34.76,33.32,33.68,2867257,52713040.00
2022/08/31,33.61,33.90,32.08,32.19,3049086,53929796.00
2022/09/01,32.80,34.09,32.53,32.83,3752897,67810552.00
2022/09/02,33.21,34.87,32.82,34.72,4897357,90912832.00
2022/09/05,34.49,34.94,33.82,34.67,3267377,61090596.00
2022/09/06,34.38,35.01,33.95,34.51,2730320,50828908.00
2022/09/07,34.02,35.75,33.95,34.99,4469451,85557704.00
2022/09/08,34.13,34.67,33.32,33.37,4176152,76758360.00
2022/09/09,33.57,33.73,32.71,33.36,2309116,41520348.00
2022/09/13,33.32,33.95,32.87,33.00,1629280,29319548.00
2022/09/14,32.38,33.05,32.19,32.71,1637560,28820970.00
2022/09/15,33.01,33.01,30.82,31.29,2604880,44501452.00
2022/09/16,31.43,31.57,30.71,30.78,1418196,23847738.00
2022/09/19,31.14,31.14,29.77,30.08,1440200,23496428.00
2022/09/20,30.30,30.82,30.01,30.60,1288377,21244940.00
2022/09/21,30.64,30.91,29.63,30.57,1151500,18914018.00
2022/09/22,30.46,31.50,30.40,30.82,1549880,25903422.00
2022/09/23,30.53,30.89,29.70,29.92,1417355,23086302.00
2022/09/26,29.88,29.95,29.27,29.36,1202820,19233426.00
2022/09/27,29.31,30.17,29.31,30.08,1002820,16206473.00
2022/09/28,30.17,30.17,29.02,29.04,1224500,19526722.00
2022/09/29,29.41,29.56,28.57,28.75,1029980,16080274.00
2022/09/30,28.75,28.98,28.15,28.15,808660,12403102.00
2022/10/10,28.15,28.69,27.16,27.34,1158552,17317466.00
2022/10/11,27.34,27.58,26.91,27.04,1051077,15386551.00
2022/10/12,27.16,28.42,26.93,28.39,1596140,23848004.00
2022/10/13,28.37,29.05,28.23,28.78,1543960,23945268.00
2022/10/14,29.18,31.25,29.11,30.75,3830120,63429736.00
2022/10/17,30.75,31.54,30.31,31.43,2604020,43832348.00
2022/10/18,31.74,31.74,30.91,31.41,1739220,29417986.00
2022/10/19,31.95,31.95,30.85,30.93,1553003,26147912.00
2022/10/20,30.94,33.75,30.35,32.83,5249886,91943912.00
2022/10/21,32.24,32.47,31.39,31.97,3730405,64419992.00
2022/10/24,32.33,33.18,32.10,32.37,3446056,61209716.00
2022/10/25,32.35,32.51,31.43,31.43,2887640,49846892.00
2022/10/26,31.50,32.87,31.50,32.76,2668736,46945480.00
2022/10/27,32.55,33.01,31.97,32.02,3208555,56267068.00
2022/10/28,31.86,32.42,30.26,30.49,3113760,52590244.00
2022/10/31,30.37,31.83,30.37,31.27,1946340,32951994.00
2022/11/01,31.47,31.83,30.96,31.81,1750640,29864956.00
2022/11/02,32.33,33.00,31.84,32.26,3203997,56350516.00
2022/11/03,32.10,32.83,31.93,32.74,2512560,44146916.00
2022/11/04,32.53,32.80,32.20,32.58,2243960,39532552.00
2022/11/07,32.38,32.91,32.17,32.83,2321981,40927064.00
2022/11/08,32.83,33.12,32.06,32.40,1532200,26862416.00
2022/11/09,32.42,32.65,31.97,32.56,1465780,25624946.00
2022/11/10,31.97,32.56,31.38,31.39,2655582,45737312.00
2022/11/11,32.13,32.69,30.89,31.25,2922780,50821684.00
2022/11/14,30.93,31.57,30.40,30.91,1787120,29945550.00
2022/11/15,30.76,34.02,30.69,33.70,5657621,101124368.00
2022/11/16,33.68,33.81,33.01,33.21,3235160,58407160.00
2022/11/17,33.23,33.61,32.69,33.55,2524940,45435460.00
2022/11/18,33.55,33.61,32.42,32.56,2389765,42666332.00
2022/11/21,32.56,33.05,31.70,32.44,2052612,35845120.00
2022/11/22,32.24,32.89,31.70,31.81,2172080,38036400.00
2022/11/23,31.81,32.08,30.12,30.80,2423901,40313720.00
2022/11/24,30.80,31.20,30.44,30.67,1069400,17803074.00
2022/11/25,30.93,31.34,30.21,30.24,1739800,28855444.00
2022/11/28,29.99,30.53,29.58,29.83,1571860,25460116.00
2022/11/29,30.17,31.12,29.83,30.94,1747680,28859142.00
2022/11/30,30.94,31.00,30.04,30.17,1668420,27394780.00
2022/12/01,30.48,30.98,30.08,30.24,1922240,31680960.00
2022/12/02,30.17,30.62,30.06,30.42,1205617,19775696.00
2022/12/05,30.44,30.67,30.08,30.35,1193120,19541820.00
2022/12/06,30.35,30.98,30.21,30.53,2079100,34346320.00
2022/12/07,30.44,30.44,29.74,29.90,2049900,33197286.00
2022/12/08,29.81,29.90,29.32,29.32,1590480,25353744.00
2022/12/09,29.47,29.94,29.09,29.11,1563800,24760638.00
2022/12/12,29.13,29.72,28.69,29.54,1720060,27222804.00
2022/12/13,29.41,29.58,28.71,28.73,1458960,22899992.00
2022/12/14,30.17,34.31,30.17,34.31,12074143,219807072.00
2022/12/15,34.22,41.01,33.54,41.01,21155599,449921728.00
2022/12/16,41.51,42.75,38.63,41.24,27609137,609561600.00
2022/12/19,39.67,40.86,37.91,39.44,15942981,343421568.00
2022/12/20,39.26,44.32,39.26,42.77,24191765,558287232.00
2022/12/21,39.60,42.21,38.77,40.07,17644448,386328032.00
2022/12/22,40.14,40.43,36.97,38.27,15120368,317536704.00
2022/12/23,38.32,39.93,37.37,38.05,12382453,259373600.00
2022/12/26,37.01,39.31,36.87,37.53,13362250,277665408.00
2022/12/27,36.69,38.41,35.53,38.20,14594710,291588768.00
2022/12/28,37.19,37.51,36.20,36.76,9158160,182634240.00
2022/12/29,36.11,36.94,35.26,36.27,7762120,152440432.00
2022/12/30,36.27,37.26,35.12,35.25,9076720,177220288.00
2023/01/03,35.25,36.43,34.67,36.29,9269580,179787728.00
2023/01/04,35.88,40.25,35.88,37.87,17670841,366667328.00
2023/01/05,36.65,37.64,36.47,36.99,11794142,236985280.00
2023/01/06,36.56,36.60,35.21,35.43,9760341,189679632.00
2023/01/09,35.32,36.06,35.07,35.64,5627540,108666192.00
2023/01/10,35.93,39.15,35.26,37.77,16479005,337687200.00
2023/01/11,37.77,38.94,35.75,36.09,13014892,262179008.00
2023/01/12,36.13,39.67,35.57,38.94,17797070,366132704.00
2023/01/13,38.94,38.94,37.26,38.31,10678160,220295616.00
2023/01/16,37.82,38.74,37.41,38.14,8763000,180844560.00
2023/01/17,37.86,40.36,37.64,38.56,12818607,272918720.00
2023/01/18,37.95,38.32,36.70,36.83,10431263,210933216.00
2023/01/19,36.52,37.01,35.95,35.95,6774659,133665528.00
2023/01/20,35.98,36.65,35.59,36.15,4566300,89422472.00
2023/01/30,36.72,37.86,36.72,37.75,8114607,164697216.00
2023/01/31,37.24,38.59,37.19,37.98,7157900,147040480.00
2023/02/01,37.68,40.09,37.66,39.35,11824161,251266512.00
2023/02/02,38.92,43.80,38.88,40.99,16585581,368251776.00
2023/02/03,40.43,41.31,39.49,40.25,11067080,242270080.00
2023/02/06,40.23,40.59,39.24,39.39,6876785,148372592.00
2023/02/07,39.44,40.21,39.08,39.89,6486960,140237408.00
2023/02/08,39.40,41.74,39.24,39.35,11039140,243145584.00
2023/02/09,38.63,40.79,38.45,40.57,10348520,225141344.00
2023/02/10,40.38,41.44,40.21,40.61,7859800,174060688.00
2023/02/13,40.25,40.84,40.00,40.59,5908823,129820368.00
2023/02/14,40.61,43.67,40.43,41.20,13566413,309871200.00
2023/02/15,40.23,41.15,39.62,41.15,10478723,230069520.00
2023/02/16,40.63,40.88,38.31,38.59,9052353,195313024.00
2023/02/17,38.54,38.95,37.46,37.55,4759100,98606944.00
2023/02/20,37.60,38.40,37.06,38.27,4157460,84968496.00
2023/02/21,38.00,38.77,37.48,37.98,3300620,68013208.00
2023/02/22,37.69,38.18,37.28,37.78,2616780,53619328.00
2023/02/23,38.13,38.13,37.24,37.60,2792420,56998780.00
2023/02/24,37.96,38.41,37.33,37.50,3037920,62380160.00
2023/02/27,37.30,37.46,36.31,36.34,3363860,67085320.00
2023/02/28,36.29,37.12,36.00,36.61,2525800,50143488.00
2023/03/01,36.65,37.59,36.31,37.53,3019320,60845688.00
2023/03/02,37.46,38.23,37.17,37.17,3234980,66092256.00
2023/03/03,38.14,40.38,38.07,39.30,12626998,270312896.00
2023/03/06,38.76,39.67,37.73,38.99,8297355,174058720.00
2023/03/07,38.61,38.94,37.12,37.12,5350219,110012880.00
2023/03/08,37.12,38.27,36.85,37.98,4154520,85128904.00
2023/03/09,37.82,39.84,37.82,39.60,9718500,207457344.00
2023/03/10,39.12,40.88,38.83,39.48,9580320,207449072.00
2023/03/13,39.03,39.62,38.11,39.62,6589060,139386000.00
2023/03/14,39.28,43.40,38.27,41.96,17551431,392140576.00
2023/03/15,41.33,42.63,40.65,41.19,12165942,274582528.00
2023/03/16,40.54,41.83,40.21,40.92,7934559,176156448.00
2023/03/17,42.05,44.66,41.19,43.17,15812352,368826304.00
2023/03/20,42.34,43.06,40.92,41.24,11811481,270386176.00
2023/03/21,40.57,41.47,40.23,41.29,6502919,144614224.00
2023/03/22,40.83,42.34,40.07,42.34,8908940,200330256.00
2023/03/23,41.78,43.58,41.65,42.93,10391712,241969184.00
2023/03/24,42.41,42.52,41.06,41.73,7717096,175458400.00
2023/03/27,41.35,42.39,40.95,41.15,5971338,134853808.00
2023/03/28,43.81,46.26,42.52,42.84,16305039,391820992.00
2023/03/29,41.69,43.47,40.90,42.45,11794015,270198240.00
2023/03/30,42.14,44.71,42.07,43.69,13791023,330081504.00
2023/03/31,42.82,43.42,41.65,43.42,10208709,236332272.00
2023/04/03,43.53,44.89,43.17,44.86,11054338,266698816.00
2023/04/04,44.30,45.78,43.24,43.60,11672081,282759808.00
2023/04/06,43.35,45.63,43.04,44.93,10728681,260660000.00
2023/04/07,45.29,45.34,43.35,44.55,7460808,179428384.00
2023/04/10,44.35,44.89,41.29,41.33,7060400,166220544.00
2023/04/11,41.33,42.18,40.45,41.55,4793576,108140896.00
2023/04/12,41.20,41.94,40.70,41.87,4944097,111665736.00
2023/04/13,41.51,41.69,39.96,40.07,5667568,125119560.00
2023/04/14,40.27,42.88,40.12,42.46,9323721,212309280.00
2023/04/17,41.89,44.93,41.87,42.82,10148045,240341472.00
2023/04/18,42.72,43.22,41.11,42.23,6966140,159772624.00
2023/04/19,42.81,43.83,42.25,42.25,7461309,175302736.00
2023/04/20,41.89,43.36,41.60,42.66,6559100,152375248.00
2023/04/21,42.75,42.91,38.27,38.27,8411240,183878256.00
2023/04/24,38.00,38.58,36.65,37.12,4638000,93884376.00
2023/04/25,37.06,37.10,34.60,34.92,5687459,109027200.00
2023/04/26,34.76,35.84,34.53,35.17,4059600,77755536.00
2023/04/27,33.23,33.91,32.24,32.33,6429219,114752328.00
2023/04/28,33.05,33.66,32.60,33.45,3867119,69580440.00
2023/05/04,33.45,33.73,32.28,32.73,3634040,64534168.00
2023/05/05,32.98,33.52,31.81,31.99,3292320,57703512.00
2023/05/08,32.33,32.65,31.75,32.29,2528140,44095312.00
2023/05/09,32.17,32.53,31.54,31.74,2722421,47080404.00
2023/05/10,31.74,31.95,31.29,31.86,2035840,34892324.00
2023/05/11,32.19,32.58,31.93,32.49,3271560,57230660.00
2023/05/12,32.31,32.78,31.75,31.75,2423064,42205340.00
2023/05/15,31.97,32.22,31.41,32.22,2122994,36594516.00
2023/05/16,32.22,35.34,31.70,34.94,8846220,162617680.00
2023/05/17,34.13,37.14,33.95,35.82,9356014,180834928.00
2023/05/18,35.70,36.18,35.39,35.95,6062220,117791800.00
2023/05/19,36.02,38.25,35.75,37.44,7983420,161815328.00
2023/05/22,36.69,41.28,36.65,40.54,13111577,281897184.00
2023/05/23,39.82,40.66,39.19,39.80,7070259,152473712.00
2023/05/24,40.41,42.28,39.71,41.58,8624500,193124448.00
2023/05/25,42.25,42.55,39.96,40.27,8059040,180561744.00
2023/05/26,40.23,41.71,39.10,39.31,8297499,181404224.00
2023/05/29,39.91,41.31,39.40,40.27,4850719,106645400.00
2023/05/30,40.29,40.65,38.97,39.62,4450420,95788720.00
2023/05/31,39.82,40.65,39.44,39.87,3542339,76832160.00
2023/06/01,39.85,42.14,39.82,40.88,7083160,158197264.00
2023/06/02,41.69,43.08,40.77,40.97,10304978,235097440.00
2023/06/05,40.95,42.59,40.81,41.73,6263900,141877264.00
2023/06/06,40.97,41.20,39.35,39.40,6652200,145117024.00
2023/06/07,39.42,40.93,39.42,40.00,3693200,80624160.00
2023/06/08,40.00,40.00,38.77,39.04,3240300,69194536.00
2023/06/09,39.22,39.67,38.20,38.79,2693880,56600772.00
2023/06/12,38.58,39.35,38.58,38.76,1760179,37313804.00
2023/06/13,38.63,39.33,38.11,38.95,2445640,51551012.00
2023/06/14,38.90,38.99,38.05,38.59,2133280,44599568.00
2023/06/15,38.41,41.02,38.41,39.71,6864720,148828032.00
2023/06/16,39.85,41.73,39.26,41.31,7780142,172477408.00
2023/06/19,45.36,49.41,43.80,49.41,14364166,369556512.00
2023/06/20,51.10,53.93,49.79,49.88,30504674,860228288.00
2023/06/21,49.47,53.75,47.22,50.82,26016927,719275968.00
2023/06/26,48.31,50.31,46.19,46.23,18000857,472795360.00
2023/06/27,45.99,47.40,44.89,46.08,11187016,281009280.00
2023/06/28,45.74,46.24,42.16,43.92,10847959,258083920.00
2023/06/29,43.72,45.25,43.63,44.43,7249530,175058976.00
2023/06/30,43.87,46.62,43.49,45.83,9779474,241386720.00
2023/07/03,46.21,48.13,45.81,47.27,14642159,376056928.00
2023/07/04,47.40,47.40,45.51,46.10,10781320,272025664.00
2023/07/05,45.24,46.12,44.41,44.68,7599149,187039904.00
2023/07/06,44.39,45.92,44.03,44.86,6002319,147714992.00
2023/07/07,44.95,45.36,43.36,43.60,5767780,138337488.00
2023/07/10,43.92,44.12,42.43,42.61,4808120,112157480.00
2023/07/11,42.82,43.08,42.09,42.77,3621660,84037776.00
2023/07/12,42.59,43.47,41.40,41.42,5135721,118204160.00
2023/07/13,41.55,43.47,41.42,43.13,6606699,154249328.00
2023/07/14,43.76,44.93,43.36,44.52,8115220,195049120.00
2023/07/17,43.92,44.39,42.95,43.38,4722300,112253960.00
2023/07/18,43.45,50.26,43.45,46.19,17609779,453292928.00
2023/07/19,44.39,45.87,44.39,45.13,12624157,310689408.00
2023/07/20,45.69,48.31,45.43,46.37,16652952,424673504.00
2023/07/21,45.38,53.57,44.43,48.55,21208605,570466432.00
2023/07/24,47.61,58.09,46.37,55.01,34201414,1016879040.00
2023/07/25,56.58,61.13,54.58,56.29,36829611,1151202560.00
2023/07/26,55.95,56.63,52.44,52.85,26099429,768994112.00
2023/07/27,48.84,50.22,46.01,46.28,24840467,640930496.00
2023/07/28,45.45,45.83,42.19,42.19,20983621,492614144.00
2023/07/31,41.62,42.16,40.68,40.83,13798541,309276192.00
2023/08/01,40.81,40.81,39.53,39.85,10223240,222699232.00
2023/08/02,39.44,40.68,39.30,40.48,9386658,204782416.00
2023/08/03,40.07,40.77,39.84,40.05,7099939,155482560.00
2023/08/04,39.76,40.52,39.57,39.96,7239499,157562464.00
2023/08/07,40.25,42.12,40.25,41.64,14060060,316089568.00
2023/08/08,41.98,42.91,41.24,42.32,12852088,294095232.00
2023/08/09,41.65,41.65,39.75,40.14,9175580,202544240.00
2023/08/10,39.64,41.02,39.35,39.75,5732312,124449520.00
2023/08/11,39.71,39.82,38.23,38.38,7343505,155058880.00
2023/08/14,38.04,39.31,37.86,39.28,4723040,99391008.00
2023/08/15,38.99,39.93,38.72,39.31,4722941,100818928.00
2023/08/16,38.65,39.06,37.89,37.91,5021277,104520680.00
2023/08/17,37.91,39.08,37.53,38.88,4658060,97153232.00
2023/08/18,38.86,39.31,37.91,37.95,4061827,85235456.00
2023/08/21,37.73,38.77,37.55,37.89,2725107,56562708.00
2023/08/22,37.96,38.68,37.37,38.58,4139876,85771424.00
2023/08/23,38.31,38.54,37.28,37.33,3258700,66857968.00
2023/08/24,37.23,38.00,37.01,37.23,2954820,60223252.00
2023/08/25,36.29,36.70,35.50,35.75,4182500,81943848.00
2023/08/28,37.33,37.82,35.61,35.68,4489400,89233480.00
2023/08/29,35.57,37.53,35.55,37.30,5568600,111756992.00
2023/08/30,37.64,39.28,37.53,38.81,6844180,143738784.00
2023/08/31,38.67,42.23,38.31,41.19,16286675,361656480.00
2023/09/01,40.25,40.97,39.89,40.27,9553175,209476976.00
2023/09/04,40.47,41.67,40.27,41.65,9440700,210350240.00
2023/09/05,41.62,42.68,41.37,41.89,13145584,301522592.00
2023/09/06,41.53,43.80,41.51,43.69,15283370,357771904.00
2023/09/07,43.13,43.17,41.91,42.00,11411661,263633936.00
2023/09/08,42.12,43.02,41.65,41.89,8128660,186829536.00
2023/09/11,41.89,42.30,41.22,41.53,6733860,152759632.00
2023/09/12,42.88,43.67,41.78,42.12,10344460,238231728.00
2023/09/13,41.29,42.07,40.52,41.22,8275329,185686528.00
2023/09/14,41.22,41.83,40.50,40.83,5388780,120597928.00
2023/09/15,40.97,42.19,40.43,41.26,5581880,125283264.00
2023/09/18,41.06,41.40,40.23,40.34,5129360,113639896.00
2023/09/19,40.34,40.43,39.15,39.64,4353364,93944032.00
2023/09/20,39.64,40.07,38.94,39.06,3158200,67562744.00
2023/09/21,39.26,39.69,38.81,39.21,3142377,67216712.00
2023/09/22,39.53,41.40,39.10,41.33,8290797,183653424.00
2023/09/25,40.77,41.42,40.32,40.59,6046260,134166056.00
2023/09/26,40.70,41.02,40.00,40.41,4299900,94530960.00
2023/09/27,40.25,40.61,39.44,39.53,4159235,90336240.00
2023/09/28,39.53,41.15,39.53,40.97,6237260,137833136.00
2023/10/09,40.77,41.62,40.52,41.31,4656500,104094448.00
2023/10/10,41.35,42.14,41.15,41.58,4992957,113083056.00
2023/10/11,41.87,42.21,41.15,42.03,5766557,131035784.00
2023/10/12,42.07,42.37,41.24,41.74,4616460,104681464.00
2023/10/13,41.76,43.53,41.51,43.27,11102460,259482736.00
2023/10/16,43.53,43.60,41.15,41.46,8230880,187848224.00
2023/10/17,41.80,41.96,40.41,41.17,4478656,99791936.00
2023/10/18,41.51,41.78,39.71,39.73,4586300,100487384.00
2023/10/19,39.76,47.50,39.76,47.50,13403096,334036960.00
2023/10/20,49.97,52.45,45.58,46.44,35280864,944345536.00
2023/10/23,43.36,46.35,42.30,45.56,21622876,527315456.00
2023/10/24,44.88,46.96,43.17,46.10,21620540,534194208.00
2023/10/25,44.75,46.01,44.14,45.29,15325980,378191136.00
2023/10/26,44.86,45.83,42.82,44.16,14561800,349164928.00
2023/10/27,43.85,45.06,41.46,43.51,15945160,376098976.00
2023/10/30,43.69,46.96,43.15,46.53,21484886,537129792.00
2023/10/31,45.58,47.52,45.34,46.06,14851767,374099872.00
2023/11/01,45.83,46.41,44.59,44.59,9582351,236414512.00
2023/11/02,44.80,45.27,43.35,43.47,7883340,189170848.00
2023/11/03,43.98,47.00,43.42,46.51,16070130,399749568.00
2023/11/06,46.73,48.03,46.10,47.63,19434663,497806176.00
2023/11/07,47.00,49.05,46.73,48.58,18096480,474371040.00
2023/11/08,48.55,49.70,47.54,48.98,17025420,452457632.00
2023/11/09,48.49,49.88,47.18,47.43,15758624,414056032.00
2023/11/10,47.02,56.76,46.98,53.57,36109398,1068365824.00
2023/11/13,52.38,52.90,50.06,51.05,26260533,733872064.00
2023/11/14,50.28,52.36,49.43,51.43,18246837,507754144.00
2023/11/15,51.57,54.20,50.78,53.88,22804497,661724160.00
2023/11/16,52.62,53.03,50.87,51.43,15286490,433571744.00
2023/11/17,50.96,56.38,50.62,55.15,23212147,685735168.00
2023/11/20,58.45,66.03,58.45,66.03,23830471,844916736.00
2023/11/21,69.27,71.91,64.14,64.73,42294007,1559254016.00
2023/11/22,62.82,64.73,59.74,61.85,32470575,1104473344.00
2023/11/23,60.23,61.13,57.94,58.79,17491410,564389632.00
2023/11/24,58.39,60.55,55.14,55.69,17279900,547917248.00
2023/11/27,55.42,56.81,53.84,55.46,11609440,349331168.00
2023/11/28,55.91,59.29,55.51,57.55,16343259,517372800.00
2023/11/29,57.82,60.23,55.73,58.66,17801017,570502528.00
2023/11/30,56.99,57.35,54.47,55.84,11949478,364531712.00
2023/12/01,55.91,55.96,53.71,54.76,9702939,289582016.00
2023/12/04,54.47,55.57,53.84,54.33,9302219,278118080.00
2023/12/05,54.40,59.02,54.15,54.78,13166417,403902336.00
2023/12/06,54.83,57.62,53.28,57.17,14461855,437905920.00
2023/12/07,56.14,60.91,55.91,59.01,18499720,595527744.00
2023/12/08,62.03,63.83,56.81,56.99,18049850,592340224.00
2023/12/11,57.13,61.02,55.64,59.51,14320860,460952768.00
2023/12/12,59.33,62.70,58.63,62.01,16405439,547116352.00
2023/12/13,60.75,60.75,58.43,59.49,10800707,352581120.00
2023/12/14,59.47,60.39,55.06,55.59,9310200,292980832.00
2023/12/15,55.55,56.00,51.88,53.88,7845880,230304048.00
2023/12/18,53.57,54.29,51.97,52.38,6787829,196422416.00
2023/12/19,52.38,60.72,51.23,58.97,17108697,536795008.00
2023/12/20,59.26,63.25,59.13,60.54,21531619,720801984.00
2023/12/21,59.65,61.81,58.29,60.54,12844279,421775392.00
2023/12/22,60.59,62.62,58.07,58.61,14031120,463122528.00
2023/12/25,60.05,63.02,58.39,62.57,16724470,561282176.00
2023/12/26,61.53,62.28,58.43,60.52,14420169,474873504.00
2023/12/27,60.23,63.38,58.45,61.27,14880551,500982528.00
2023/12/28,61.47,65.27,61.45,63.22,17319783,601234368.00
2023/12/29,65.11,75.69,64.44,75.69,23070811,906438848.00
2024/01/02,75.53,86.28,73.19,79.09,34618100,1501110912.00
2024/01/03,79.09,80.03,73.05,74.74,25621309,1062348160.00
2024/01/04,74.09,74.59,67.12,68.06,23085326,881017216.00
2024/01/05,67.07,68.87,63.18,63.83,18689322,672843072.00
2024/01/08,64.10,64.69,61.15,61.67,12612900,430943072.00
2024/01/09,61.72,64.95,60.37,62.08,15442140,531064832.00
2024/01/10,60.41,60.95,57.58,57.78,13878021,445479520.00
2024/01/11,57.03,60.12,57.03,59.56,10837920,350413152.00
2024/01/12,58.93,59.47,56.94,57.67,9139840,289480320.00
2024/01/15,57.62,59.19,56.81,58.16,7743900,247080256.00
2024/01/16,59.17,61.78,58.68,61.67,18372579,608470272.00
2024/01/17,61.11,63.54,59.47,59.76,12619531,423888640.00
2024/01/18,58.97,62.62,55.91,62.48,16162980,522150432.00
2024/01/19,61.09,62.95,58.21,58.21,12054429,400827328.00
2024/01/22,60.23,67.23,60.21,62.61,24735223,873288704.00
2024/01/23,63.06,64.84,60.23,64.73,22008508,761189376.00
2024/01/24,63.45,65.23,61.29,65.23,16983576,592095296.00
2024/01/25,64.26,69.23,63.79,68.42,19420276,717021824.00
2024/01/26,68.46,76.93,63.61,64.73,25506070,976898880.00
2024/01/29,60.45,61.53,51.95,51.97,20405478,629746432.00
2024/01/30,51.05,52.40,47.99,48.12,13600257,368968096.00
2024/01/31,48.17,49.66,47.29,48.28,10413921,275352224.00
2024/02/01,48.28,50.44,45.61,49.25,12366794,324610336.00
2024/02/02,48.42,49.79,43.13,44.57,12339366,313650592.00
2024/02/05,44.03,44.84,38.27,39.57,12750123,284713440.00
2024/02/06,38.67,42.01,36.72,40.61,12892157,275101408.00
2024/02/07,40.32,42.73,37.91,38.58,13344736,296094496.00
2024/02/08,39.13,46.12,38.63,46.05,17374144,402199296.00
2024/02/19,45.79,49.41,44.32,49.07,18094318,471051424.00
数据来源:通达信
