301376 致欧科技 日线 后复权
      日期	    开盘	    最高	    最低	    收盘	    成交量	    成交额
2023/06/21,28.20,29.05,25.71,26.34,22060742,594392960.00
2023/06/26,25.12,25.16,22.71,22.71,13212453,310912896.00
2023/06/27,21.95,23.87,21.63,22.97,11391647,260064528.00
2023/06/28,22.46,23.16,21.23,21.24,10386774,226611856.00
2023/06/29,21.41,22.42,21.40,21.56,8017872,175566864.00
2023/06/30,22.66,25.25,22.60,23.70,14135598,340717664.00
2023/07/03,22.60,24.55,22.50,23.56,8379342,196946000.00
2023/07/04,23.22,24.58,23.15,24.23,6328062,152333904.00
2023/07/05,24.00,24.88,23.69,23.91,4985142,120512856.00
2023/07/06,23.62,24.38,23.60,23.74,3117770,74422384.00
2023/07/07,24.30,25.48,23.99,24.45,7672589,189263856.00
2023/07/10,23.99,25.84,23.99,25.01,6219519,156134624.00
2023/07/11,25.13,25.46,24.38,24.86,3451544,85495616.00
2023/07/12,24.65,25.20,24.41,24.60,3271072,80936784.00
2023/07/13,24.51,25.52,24.33,25.10,4105327,102548592.00
2023/07/14,25.33,25.72,24.80,25.61,3949507,100151768.00
2023/07/17,25.44,25.58,24.58,25.25,2981524,74680264.00
2023/07/18,25.01,25.70,24.70,25.10,2310889,58312268.00
2023/07/19,25.04,25.15,24.49,24.73,1719294,42593076.00
2023/07/20,24.67,26.29,24.67,25.41,4558307,116611352.00
2023/07/21,25.22,25.39,23.96,23.96,4384014,107077992.00
2023/07/24,23.94,24.80,23.94,24.16,1965193,47796352.00
2023/07/25,24.32,28.99,24.32,28.99,7838788,217204608.00
2023/07/26,31.18,31.99,29.03,29.43,14783565,445822432.00
2023/07/27,28.54,29.85,27.01,27.09,10912346,305975392.00
2023/07/28,27.11,28.74,26.66,27.31,8048964,221652912.00
2023/07/31,26.51,27.69,26.31,27.36,6909301,187323456.00
2023/08/01,27.15,28.67,26.12,26.66,6209686,168208656.00
2023/08/02,26.25,26.88,25.72,26.39,4260061,111746528.00
2023/08/03,26.30,27.16,26.00,26.82,4744384,126828824.00
2023/08/04,27.29,27.29,25.62,26.00,5364194,140322208.00
2023/08/07,25.83,26.18,24.68,24.85,5034023,127429984.00
2023/08/08,25.06,25.60,24.60,25.24,3860973,96919280.00
2023/08/09,25.00,25.59,24.66,25.28,2948260,73739536.00
2023/08/10,25.48,26.06,24.81,25.80,8021679,205375280.00
2023/08/11,25.80,26.11,25.10,26.11,7691026,197821536.00
2023/08/14,26.10,27.01,25.70,27.01,10707421,282866112.00
2023/08/15,26.60,27.77,26.00,26.92,9820758,263464608.00
2023/08/16,26.76,27.48,25.37,25.44,10485838,278845568.00
2023/08/17,25.43,26.18,24.86,25.82,8127787,207788832.00
2023/08/18,25.64,26.96,25.54,26.02,8072416,212169168.00
2023/08/21,25.83,26.53,25.17,25.69,5265191,136234384.00
2023/08/22,25.64,25.90,24.00,24.87,6553313,162219808.00
2023/08/23,24.62,24.79,23.47,23.50,4556487,109007176.00
2023/08/24,23.72,23.80,22.70,23.80,4177497,97524120.00
2023/08/25,24.00,24.00,22.60,22.76,3789761,87446816.00
2023/08/28,24.39,24.47,23.23,23.33,5359697,128153048.00
2023/08/29,23.60,24.93,23.33,24.83,4985232,121648504.00
2023/08/30,24.62,25.88,24.60,25.50,4651122,118212456.00
2023/08/31,25.34,26.97,25.32,25.96,5957809,156271456.00
2023/09/01,27.30,28.39,26.00,26.59,6559441,176762096.00
2023/09/04,26.65,27.68,26.12,26.96,6895127,186750736.00
2023/09/05,26.19,26.66,25.66,26.16,4771029,124897536.00
2023/09/06,25.97,26.44,25.55,25.78,2762830,71474008.00
2023/09/07,25.98,26.60,24.70,24.71,4195545,107221856.00
2023/09/08,24.61,24.95,24.46,24.46,2337728,57599556.00
2023/09/11,24.52,24.64,23.82,23.91,2617314,63260712.00
2023/09/12,23.97,24.07,23.61,23.75,1527648,36350288.00
2023/09/13,24.00,24.06,23.16,23.42,1613644,37649112.00
2023/09/14,23.30,23.45,22.88,22.94,1421688,32740192.00
2023/09/15,23.11,23.18,22.66,22.73,1478471,33731696.00
2023/09/18,22.65,23.20,22.62,23.02,1716300,39459908.00
2023/09/19,22.91,23.05,22.46,22.53,1377132,31122994.00
2023/09/20,22.42,22.63,22.30,22.30,993927,22283512.00
2023/09/21,22.23,22.48,22.15,22.15,964856,21485318.00
2023/09/22,22.11,22.59,21.88,22.58,1447356,32381214.00
2023/09/25,22.55,22.66,21.92,22.05,1469904,32557210.00
2023/09/26,22.11,22.29,21.85,22.14,1140906,25202828.00
2023/09/27,22.08,23.03,21.88,22.58,2249636,50806984.00
2023/09/28,22.60,23.05,22.53,22.76,1839018,41945356.00
2023/10/09,22.75,22.81,22.18,22.50,1294806,29061114.00
2023/10/10,22.59,22.64,22.11,22.33,1235402,27564642.00
2023/10/11,22.62,23.27,22.21,22.88,2837364,64579796.00
2023/10/12,22.76,22.99,22.48,22.59,1527272,34627616.00
2023/10/13,22.47,22.48,22.07,22.22,1458146,32340260.00
2023/10/16,22.20,22.32,21.77,21.86,1111660,24419864.00
2023/10/17,21.86,22.11,21.72,22.10,899572,19728870.00
2023/10/18,21.90,21.98,21.30,21.33,1162800,24923000.00
2023/10/19,21.22,22.19,21.15,21.93,1872624,40964728.00
2023/10/20,21.72,22.22,21.66,21.76,1359569,29693454.00
2023/10/23,21.56,21.85,21.02,21.44,1188500,25259378.00
2023/10/24,21.43,22.68,21.37,22.68,2157072,47964432.00
2023/10/25,22.80,22.82,22.23,22.51,1783994,40005248.00
2023/10/26,22.27,22.38,21.45,22.01,1871750,40797508.00
2023/10/27,21.90,23.00,21.64,22.90,3414156,76937120.00
2023/10/30,22.55,22.86,22.12,22.72,3156319,71043256.00
2023/10/31,22.75,23.00,22.20,22.91,2656480,59957556.00
2023/11/01,22.80,23.09,22.38,22.44,2328900,52895568.00
2023/11/02,22.28,22.86,21.90,22.23,1858638,41184876.00
2023/11/03,22.20,22.79,22.08,22.51,2857772,64464924.00
2023/11/06,22.63,23.15,22.55,23.06,2787776,63883084.00
2023/11/07,22.90,23.39,22.82,23.20,2344516,54277432.00
2023/11/08,23.22,23.22,22.85,23.00,1867488,43005296.00
2023/11/09,23.10,23.14,22.56,22.66,1864372,42461436.00
2023/11/10,22.55,23.37,22.42,22.96,2306372,52927732.00
2023/11/13,23.30,24.77,22.98,23.75,3472728,81628976.00
2023/11/14,23.83,24.45,23.56,24.28,3550089,85177944.00
2023/11/15,24.31,24.48,23.86,24.36,3079872,74497768.00
2023/11/16,24.43,24.56,23.89,23.91,2571971,62007680.00
2023/11/17,23.85,24.20,23.81,23.95,1954413,46879716.00
2023/11/20,24.00,24.05,23.55,23.80,1653898,39212768.00
2023/11/21,23.75,23.94,23.49,23.58,1412105,33562632.00
2023/11/22,23.50,23.67,23.02,23.04,1316900,30658096.00
2023/11/23,23.02,23.44,22.81,23.30,1153672,26694374.00
2023/11/24,23.23,23.30,22.50,22.65,1425236,32371788.00
2023/11/27,22.61,22.81,22.40,22.46,714743,16093175.00
2023/11/28,22.40,22.78,22.31,22.72,991166,22460124.00
2023/11/29,22.70,24.97,22.70,23.74,4705710,112278928.00
2023/11/30,23.51,23.71,22.88,23.24,2348844,54473096.00
2023/12/01,23.20,24.48,22.78,24.15,4343224,103957032.00
2023/12/04,23.99,24.36,23.58,23.67,2690472,64030224.00
2023/12/05,23.58,23.88,23.25,23.33,2435772,57511632.00
2023/12/06,23.30,24.99,23.30,24.61,5126362,124264640.00
2023/12/07,24.44,24.60,23.91,24.51,4044500,98214896.00
2023/12/08,24.35,24.52,23.69,23.88,2531072,60813276.00
2023/12/11,23.79,24.18,23.53,24.03,2630444,62820992.00
2023/12/12,24.23,24.24,23.66,23.93,2128288,50827176.00
2023/12/13,23.86,23.94,23.27,23.32,1786328,42034072.00
2023/12/14,23.31,24.44,23.30,23.56,2160644,51311228.00
2023/12/15,23.44,24.85,23.40,24.51,5565422,135240624.00
2023/12/18,24.45,25.50,24.27,25.20,6215738,155638928.00
2023/12/19,25.15,25.15,24.50,24.85,3171704,78531576.00
2023/12/20,24.63,24.97,24.22,24.45,3282215,80652304.00
2023/12/21,24.00,25.55,23.40,25.18,5765597,140975824.00
2023/12/22,25.07,25.87,24.75,24.86,5701863,144418704.00
2023/12/25,24.56,24.80,23.89,24.54,3152581,76598032.00
2023/12/26,24.56,24.66,22.69,22.73,3704838,86666304.00
2023/12/27,22.88,23.84,22.50,23.63,3502189,81467016.00
2023/12/28,23.62,24.20,23.11,23.61,2789863,65886072.00
2023/12/29,23.46,24.16,23.46,23.92,2064227,49229124.00
2024/01/02,24.04,24.14,23.50,23.55,1598082,37976376.00
2024/01/03,23.56,23.64,22.90,23.25,1937056,44869380.00
2024/01/04,23.13,25.37,22.58,25.09,5468002,133168400.00
2024/01/05,25.03,25.25,24.28,24.51,3552084,87798568.00
2024/01/08,24.18,24.48,23.58,23.70,2261631,54027676.00
2024/01/09,23.70,24.91,23.65,24.18,2740337,66491452.00
2024/01/10,23.95,24.87,23.52,24.62,4217747,102834552.00
2024/01/11,24.39,24.70,23.61,24.34,3821379,92725760.00
2024/01/12,24.37,25.47,24.34,24.88,5327648,132985096.00
2024/01/15,24.55,24.85,24.05,24.32,3494093,85451456.00
2024/01/16,24.35,24.53,23.66,24.06,2534784,60712836.00
2024/01/17,24.10,25.79,23.80,25.16,7388596,185614480.00
2024/01/18,25.22,26.99,24.90,26.16,9036001,232784928.00
2024/01/19,26.50,31.30,26.04,27.78,12178930,345413312.00
2024/01/22,27.58,28.33,24.86,25.35,10199886,270872384.00
2024/01/23,24.09,24.86,21.44,24.06,7822115,186110672.00
2024/01/24,23.94,27.39,23.82,25.52,8851614,228730960.00
2024/01/25,26.00,26.40,25.23,25.99,6179541,159656032.00
2024/01/26,25.41,26.88,24.99,26.28,6468138,167525536.00
2024/01/29,26.50,26.68,24.30,24.41,5064895,128644120.00
2024/01/30,24.36,24.41,22.55,22.64,4526691,105713656.00
2024/01/31,22.96,24.15,22.16,22.19,4117665,93397080.00
2024/02/01,21.91,22.57,21.26,22.24,3076288,67589536.00
2024/02/02,22.41,22.68,20.14,20.48,4212559,89701984.00
2024/02/05,19.87,20.08,17.33,18.50,5319635,98011832.00
2024/02/06,17.80,20.31,17.12,19.85,4224583,79392336.00
2024/02/07,19.70,21.70,19.50,21.52,6029696,126845000.00
2024/02/08,21.01,22.78,20.94,22.27,4867315,106549696.00
2024/02/19,22.35,23.74,22.35,22.74,2728715,63386320.00
数据来源:通达信
