301153 中科江南 日线 后复权
      日期	    开盘	    最高	    最低	    收盘	    成交量	    成交额
2022/05/18,63.68,63.68,52.42,53.33,17818093,1020604224.00
2022/05/19,55.15,57.60,52.62,53.77,13645281,752920064.00
2022/05/20,53.68,55.80,51.55,55.00,12106248,652141632.00
2022/05/23,54.00,54.14,50.84,51.00,11025924,572857728.00
2022/05/24,50.10,50.73,44.88,45.61,11053259,525251200.00
2022/05/25,45.47,47.50,45.05,45.39,7537547,349017568.00
2022/05/26,44.63,46.35,43.18,44.90,7622823,339240320.00
2022/05/27,44.58,47.90,44.40,45.90,8218326,377156832.00
2022/05/30,47.29,52.01,46.55,52.01,12232668,601072192.00
2022/05/31,51.77,52.00,48.88,49.46,8842733,441538080.00
2022/06/01,48.83,50.49,47.91,48.26,7175653,352199264.00
2022/06/02,49.00,50.95,47.81,49.85,7830109,385669856.00
2022/06/06,48.88,51.64,48.50,50.42,6672057,334143296.00
2022/06/07,50.00,50.30,47.00,47.20,5945933,287892832.00
2022/06/08,47.30,47.90,45.60,46.25,4271216,199194752.00
2022/06/09,46.03,47.80,45.30,46.63,5274955,247162208.00
2022/06/10,45.89,47.20,45.55,46.46,3528874,163331136.00
2022/06/13,46.26,48.48,45.80,48.23,5408054,256349584.00
2022/06/14,47.35,47.70,44.44,46.86,5735393,264742016.00
2022/06/15,46.40,55.00,46.40,51.02,10989631,559958784.00
2022/06/16,50.87,53.94,50.00,51.95,8845400,456419136.00
2022/06/17,51.90,55.58,51.90,54.10,8376297,450754208.00
2022/06/20,54.21,54.95,52.28,54.10,5639874,302822976.00
2022/06/21,53.80,57.13,53.18,54.14,6343871,351138464.00
2022/06/22,53.41,54.50,51.76,51.99,4888723,257832000.00
2022/06/23,52.90,55.00,52.16,52.86,3577872,190426192.00
2022/06/24,53.50,55.50,53.20,55.09,4996823,271904320.00
2022/06/27,55.06,55.47,52.20,52.29,4826265,256985264.00
2022/06/28,52.22,52.31,50.70,52.10,3803915,196026368.00
2022/06/29,51.44,52.66,49.62,49.62,3400859,173785488.00
2022/06/30,49.71,50.80,49.00,50.19,2184669,109283472.00
2022/07/01,50.74,51.70,49.00,49.10,2382050,119534920.00
2022/07/04,49.21,50.23,48.73,50.01,1810711,89610976.00
2022/07/05,50.01,50.44,47.79,48.10,2686659,130916120.00
2022/07/06,47.90,48.71,47.33,47.90,1660699,79563064.00
2022/07/07,48.40,49.39,48.31,48.39,2468128,120314000.00
2022/07/08,48.13,49.78,47.88,48.25,2265646,110612248.00
2022/07/11,47.90,48.70,47.10,47.95,1650818,78843904.00
2022/07/12,47.99,49.39,47.60,48.97,2343189,114169760.00
2022/07/13,48.70,48.89,46.86,47.21,2865307,136325824.00
2022/07/14,46.98,48.21,46.57,47.37,2130032,101039712.00
2022/07/15,47.80,49.24,47.20,47.47,2583850,124236160.00
2022/07/18,47.00,48.63,46.83,48.30,2279166,109392176.00
2022/07/19,48.01,49.88,48.01,49.23,2762352,135609136.00
2022/07/20,49.39,51.15,49.36,50.30,3571892,179423824.00
2022/07/21,49.60,50.50,48.59,48.81,2480753,122191216.00
2022/07/22,48.90,49.20,47.69,48.00,1777525,85630488.00
2022/07/25,49.01,50.50,47.55,48.00,2572789,125880312.00
2022/07/26,47.60,50.96,47.01,50.01,4153570,207030672.00
2022/07/27,49.68,50.36,49.13,49.52,2459602,121837032.00
2022/07/28,50.01,50.79,49.30,49.99,2234606,111671728.00
2022/07/29,49.61,49.92,47.78,47.98,2552984,124592032.00
2022/08/01,48.00,49.92,47.30,49.15,2469787,120719896.00
2022/08/02,48.80,48.80,44.81,45.40,3519739,162728032.00
2022/08/03,45.62,47.50,45.62,45.77,2692125,126030104.00
2022/08/04,46.10,46.80,45.60,46.46,1386425,64036128.00
2022/08/05,47.02,50.76,46.99,50.48,5002612,247479856.00
2022/08/08,49.70,51.78,49.40,51.45,3872216,196430848.00
2022/08/09,51.12,53.26,50.71,52.77,3621069,188774928.00
2022/08/10,52.21,54.69,52.05,54.01,2936284,157459504.00
2022/08/11,53.76,55.35,52.88,53.12,1680569,90228648.00
2022/08/12,53.07,55.22,52.68,53.63,2459814,133212560.00
2022/08/15,53.33,54.06,52.28,52.64,1755993,92693432.00
2022/08/16,52.13,53.58,51.82,52.10,1167350,61293664.00
2022/08/17,52.15,52.31,51.20,52.08,989945,51261516.00
2022/08/18,52.00,55.55,51.34,55.55,2143076,115408424.00
2022/08/19,55.55,55.97,53.50,53.62,1794775,97652536.00
2022/08/22,53.62,54.45,52.67,53.73,1376270,73882216.00
2022/08/23,53.68,54.42,53.13,53.50,916245,49182960.00
2022/08/24,53.85,54.34,51.57,51.57,1403485,73921936.00
2022/08/25,51.82,52.47,49.20,49.68,1446200,72571536.00
2022/08/26,50.00,51.04,48.45,48.76,922147,45764980.00
2022/08/29,49.50,51.31,49.15,50.60,1062538,53444240.00
2022/08/30,50.33,50.90,49.50,49.81,841774,42095732.00
2022/08/31,49.84,50.18,48.16,48.42,983449,48091676.00
2022/09/01,48.47,49.45,48.13,48.80,743900,36326064.00
2022/09/02,48.87,51.76,48.76,51.49,1239755,62640808.00
2022/09/05,51.49,51.97,50.57,51.18,770282,39302080.00
2022/09/06,51.49,51.59,50.22,50.66,803915,40714448.00
2022/09/07,50.99,53.35,50.37,52.85,1739353,89970696.00
2022/09/08,52.08,52.50,50.50,51.30,1823343,93255096.00
2022/09/09,50.88,55.50,50.88,54.49,3335230,180347840.00
2022/09/13,54.27,56.48,54.27,56.14,2741844,151845264.00
2022/09/14,55.56,56.59,54.66,56.13,1364488,75999128.00
2022/09/15,56.24,58.88,55.68,55.90,2339898,133550224.00
2022/09/16,56.29,59.98,56.29,58.00,2942608,172240128.00
2022/09/19,57.24,58.22,55.51,56.06,1944026,109776680.00
2022/09/20,56.33,57.24,54.83,55.91,1058615,59216916.00
2022/09/21,55.31,58.33,54.63,57.80,1695090,96597664.00
2022/09/22,57.10,59.88,57.00,57.60,1774421,103434448.00
2022/09/23,57.45,58.21,55.81,56.32,1407628,78592280.00
2022/09/26,55.37,57.59,55.30,55.88,1260372,69428864.00
2022/09/27,55.34,57.66,53.26,54.39,2171820,117159968.00
2022/09/28,54.31,55.07,51.40,51.90,1422592,74310840.00
2022/09/29,52.67,55.98,52.29,55.11,2015262,108289104.00
2022/09/30,57.81,65.00,56.82,61.00,4292559,259078208.00
2022/10/10,60.07,62.30,58.50,60.90,3302665,196899952.00
2022/10/11,60.91,65.41,59.85,64.63,4227055,261462416.00
2022/10/12,64.63,69.00,62.28,68.00,4128193,262252704.00
2022/10/13,69.50,81.40,67.67,81.40,7005209,524851392.00
2022/10/14,78.96,80.75,76.01,78.63,6791068,525392832.00
2022/10/17,77.90,86.95,76.99,77.40,7844513,626306432.00
2022/10/18,77.54,78.98,73.90,77.50,5057182,380012032.00
2022/10/19,74.94,76.90,72.01,74.99,4175981,306275520.00
2022/10/20,74.65,77.95,74.00,74.17,3467517,259236960.00
2022/10/21,74.17,75.95,69.00,74.94,4138388,295870048.00
2022/10/24,73.94,78.65,73.40,76.78,3426358,257399664.00
2022/10/25,74.98,75.88,71.58,71.93,2828258,202906432.00
2022/10/26,71.00,77.97,70.70,76.25,2971784,221633904.00
2022/10/27,76.25,79.39,75.03,76.99,2317568,177150688.00
2022/10/28,78.68,88.00,78.56,82.00,3861581,317924160.00
2022/10/31,85.00,98.20,84.50,98.20,5035253,466126464.00
2022/11/01,98.00,98.00,89.50,94.58,4194629,383869344.00
2022/11/02,93.01,93.48,88.80,91.92,3483696,312179840.00
2022/11/03,90.03,94.20,88.10,92.22,3526095,317368960.00
2022/11/04,91.27,93.82,87.16,91.98,2380548,214008688.00
2022/11/07,92.44,96.40,91.36,95.10,2142144,199522224.00
2022/11/08,94.01,105.50,93.32,102.50,3102241,307759840.00
2022/11/09,101.00,101.77,97.66,100.20,1969545,194220096.00
2022/11/10,98.38,102.98,97.05,98.60,1460269,143063888.00
2022/11/11,99.50,103.00,94.50,94.50,1923632,187188400.00
2022/11/14,92.00,95.40,91.00,93.70,2329905,214354656.00
2022/11/15,94.60,101.20,93.70,96.36,2037098,196748896.00
2022/11/16,96.27,98.50,93.46,95.53,1335771,125869016.00
2022/11/17,95.80,97.15,93.26,96.89,1326400,125237792.00
2022/11/18,96.01,96.50,90.86,90.92,1937700,178654672.00
2022/11/21,91.62,94.37,90.14,94.18,1632763,150097200.00
2022/11/22,94.18,94.18,89.27,91.34,1678900,151477488.00
2022/11/23,90.34,91.79,89.01,90.83,1191041,106383304.00
2022/11/24,88.50,93.00,88.04,91.12,1599464,143531248.00
2022/11/25,91.13,94.30,89.35,90.35,1325327,119918448.00
2022/11/28,88.94,92.50,87.50,89.35,1060720,94083960.00
2022/11/29,89.22,92.15,88.63,90.49,1113373,99839520.00
2022/11/30,91.22,91.69,88.76,90.43,833367,74459520.00
2022/12/01,90.49,95.23,89.41,94.18,1388945,127373640.00
2022/12/02,94.00,95.66,92.30,93.18,1174408,109024184.00
2022/12/05,94.10,95.80,90.88,93.11,1047227,96452464.00
2022/12/06,93.50,97.45,92.28,94.94,1146833,107272216.00
2022/12/07,94.95,98.97,93.06,98.24,1173460,111935272.00
2022/12/08,98.10,98.88,91.39,93.19,1771152,165392080.00
2022/12/09,92.50,92.99,87.79,91.94,1637504,145710048.00
2022/12/12,90.11,91.93,88.49,89.99,1028790,91411272.00
2022/12/13,90.60,90.60,86.90,87.80,910689,79588368.00
2022/12/14,86.60,88.88,86.60,86.70,501659,43510796.00
2022/12/15,86.19,92.20,86.19,88.29,1438598,127258736.00
2022/12/16,89.55,89.74,85.70,85.80,640004,55084136.00
2022/12/19,85.00,87.16,84.81,85.57,542380,46030152.00
2022/12/20,85.60,89.38,83.60,83.82,1128895,96189560.00
2022/12/21,83.28,86.77,83.28,85.71,943274,79263536.00
2022/12/22,86.75,88.78,83.52,85.20,946131,80021200.00
2022/12/23,84.52,86.91,84.31,84.50,691744,58411992.00
2022/12/26,84.90,91.83,84.78,90.40,1357857,119727288.00
2022/12/27,90.00,91.49,88.10,90.25,784329,69482976.00
2022/12/28,90.99,92.28,88.52,89.45,750958,67164128.00
2022/12/29,89.00,98.18,88.19,94.70,1622079,150580320.00
2022/12/30,96.30,110.57,94.79,107.44,2469144,251968496.00
2023/01/03,111.00,128.73,110.17,128.73,2926515,351486976.00
2023/01/04,139.22,141.96,121.27,125.13,7409594,938199360.00
2023/01/05,121.02,123.12,116.52,120.99,4888233,581839168.00
2023/01/06,120.00,123.70,117.00,119.49,3296142,393027104.00
2023/01/09,120.96,122.21,116.51,117.14,2954602,348346528.00
2023/01/10,118.89,119.44,116.00,118.80,2109243,247205248.00
2023/01/11,118.05,119.80,115.78,116.00,1676716,195268144.00
2023/01/12,116.00,117.80,113.51,116.06,2249477,257836400.00
2023/01/13,115.93,115.93,112.19,112.84,1557792,175432448.00
2023/01/16,113.95,116.95,112.65,113.60,2102070,239635520.00
2023/01/17,113.00,114.18,111.83,112.22,1316780,146892064.00
2023/01/18,113.89,114.50,110.18,113.10,1524954,170757120.00
2023/01/19,113.50,126.58,112.11,122.05,4008857,479706368.00
2023/01/20,119.84,123.30,114.60,116.88,2823946,330716000.00
2023/01/30,117.50,118.78,114.01,118.15,2219528,257233488.00
2023/01/31,116.71,117.89,114.71,116.39,1339262,154244192.00
2023/02/01,116.68,122.11,116.39,121.11,1904279,225410016.00
2023/02/02,120.76,124.53,115.37,116.80,1940791,229855216.00
2023/02/03,117.15,126.50,116.80,125.78,2782828,337072672.00
2023/02/06,125.00,125.80,120.35,123.98,1948744,237128048.00
2023/02/07,122.93,123.44,116.63,118.77,1928594,227771376.00
2023/02/08,118.68,120.46,116.65,119.40,1137702,133881456.00
2023/02/09,118.80,120.38,116.75,120.25,1135244,133435328.00
2023/02/10,119.61,121.80,117.69,121.50,1049260,124325232.00
2023/02/13,121.43,124.33,120.35,121.97,1078535,130530856.00
2023/02/14,121.08,122.60,119.90,121.98,736598,88497392.00
2023/02/15,121.00,129.58,120.58,126.98,1886532,234845216.00
2023/02/16,127.01,127.50,119.43,120.42,1519087,185571120.00
2023/02/17,119.99,120.78,114.00,114.53,1376552,158282048.00
2023/02/20,115.29,115.64,111.00,112.44,1714566,191454944.00
2023/02/21,112.45,115.75,110.30,111.66,1659799,184314368.00
2023/02/22,110.99,112.80,110.21,111.60,791200,87449704.00
2023/02/23,111.53,111.69,109.11,109.25,831113,90588928.00
2023/02/24,109.60,112.99,109.60,111.29,1060177,117326952.00
2023/02/27,112.20,112.20,108.44,108.71,1388452,150571616.00
2023/02/28,110.32,111.52,106.90,108.44,1821245,195931552.00
2023/03/01,110.00,114.93,108.59,112.36,2262282,249823360.00
2023/03/02,111.30,113.80,108.05,112.82,2271429,248993120.00
2023/03/03,110.90,112.00,109.08,110.97,1302583,142878464.00
2023/03/06,111.01,116.11,111.01,115.80,2117480,239279120.00
2023/03/07,117.00,117.05,111.70,111.77,1599946,179719808.00
2023/03/08,111.00,114.48,109.18,114.18,1204006,135070880.00
2023/03/09,114.18,114.33,110.96,112.30,851389,94577080.00
2023/03/10,111.69,123.00,111.20,120.79,2700685,315111424.00
2023/03/13,121.24,126.00,119.60,122.20,2043704,248391184.00
2023/03/14,122.50,122.50,118.00,119.24,1680629,199002608.00
2023/03/15,120.09,121.00,114.80,115.00,1497465,173059216.00
2023/03/16,114.34,117.51,114.05,116.00,930112,106926880.00
2023/03/17,116.85,118.86,115.44,115.99,991999,114963208.00
2023/03/20,116.51,116.73,110.01,114.06,1362963,152421200.00
2023/03/21,113.00,122.01,112.02,119.59,1771101,208104416.00
2023/03/22,118.75,121.50,116.30,120.28,1124280,132779856.00
2023/03/23,119.34,128.77,117.66,126.18,1784623,220364224.00
2023/03/24,127.31,129.00,122.50,123.94,1209655,149810112.00
2023/03/27,124.19,138.29,122.67,135.00,1992078,259589072.00
2023/03/28,134.85,134.85,130.30,134.00,1099408,144796080.00
2023/03/29,135.95,135.95,129.50,132.01,1322947,174705184.00
2023/03/30,131.00,134.77,128.80,130.50,1369701,179157648.00
2023/03/31,133.07,143.00,132.28,132.40,1729302,233303696.00
2023/04/03,132.08,133.05,124.60,129.77,1993915,254077280.00
2023/04/04,130.98,138.89,128.13,135.91,2182744,293018752.00
2023/04/06,134.44,156.00,134.01,152.75,3124735,457376576.00
2023/04/07,153.90,173.75,147.01,163.48,3439237,552862144.00
2023/04/10,164.99,167.00,138.66,146.00,4108801,610014144.00
2023/04/11,139.43,151.78,139.43,149.81,2447753,358521760.00
2023/04/12,148.00,151.70,145.53,150.28,1337822,197991296.00
2023/04/13,149.00,149.31,143.98,147.98,1351139,196617200.00
2023/04/14,148.60,151.03,142.66,147.22,1076469,157086016.00
2023/04/17,148.32,148.48,138.13,142.24,1659259,233314720.00
2023/04/18,142.24,144.51,139.38,142.48,1058843,149309136.00
2023/04/19,141.48,150.48,141.48,145.09,1426346,206624160.00
2023/04/20,144.01,159.00,141.30,158.73,2641593,394717408.00
2023/04/21,158.76,158.76,143.00,143.36,2984398,439450656.00
2023/04/24,146.54,160.99,146.54,156.05,3290814,503928192.00
2023/04/25,153.10,167.01,148.30,160.88,2459377,389540864.00
2023/04/26,157.95,157.96,148.70,152.50,2088583,317715936.00
2023/04/27,151.60,157.55,146.95,147.00,1724895,260591712.00
2023/04/28,148.06,150.49,143.25,146.63,1601584,231851424.00
2023/05/04,142.40,146.61,133.58,145.51,3222292,246527360.00
2023/05/05,141.14,165.80,140.62,157.16,5277443,448811808.00
2023/05/08,153.87,166.75,152.98,163.46,4455694,397755872.00
2023/05/09,161.03,163.01,148.70,152.84,3981309,340157952.00
2023/05/10,152.84,154.10,145.64,147.04,2435747,199975056.00
2023/05/11,146.00,148.52,139.88,143.05,2132014,167124000.00
2023/05/12,141.23,144.45,136.80,139.92,2148866,163885584.00
2023/05/15,140.60,153.65,140.15,145.37,3854553,310501824.00
2023/05/16,140.26,143.25,134.30,135.00,3104046,235384688.00
2023/05/17,135.65,143.79,134.80,134.84,2475089,187076768.00
2023/05/18,133.47,137.94,132.25,137.02,2259120,167903552.00
2023/05/19,136.32,150.34,136.32,146.32,3787404,298436096.00
2023/05/22,146.00,146.11,142.26,143.16,1660878,130818072.00
2023/05/23,143.25,151.94,140.44,147.80,2493038,200902656.00
2023/05/24,145.93,148.88,144.74,145.10,1693368,136171072.00
2023/05/25,144.18,145.84,139.41,144.02,1583863,123693616.00
2023/05/26,146.65,146.65,140.19,141.59,1743620,136401344.00
2023/05/29,142.74,148.14,142.49,147.42,2299738,183781536.00
2023/05/30,145.82,149.69,141.75,149.08,2000958,160307920.00
2023/05/31,155.59,164.68,155.00,163.46,5275628,467132096.00
2023/06/01,160.40,166.83,159.82,160.78,3486443,311139136.00
2023/06/02,159.14,170.30,158.71,163.59,3241674,292673408.00
2023/06/05,162.56,166.84,162.22,165.87,2282309,206142400.00
2023/06/06,165.80,165.80,152.41,153.65,3530576,304677248.00
2023/06/07,153.81,163.98,152.48,160.76,3330832,293025568.00
2023/06/08,160.76,162.96,151.76,155.45,2590960,220487264.00
2023/06/09,155.00,156.94,153.78,156.51,1735851,148165200.00
2023/06/12,156.80,159.39,151.22,151.85,2696225,227234064.00
2023/06/13,150.99,156.04,150.32,153.13,2160233,181569328.00
2023/06/14,153.97,154.55,148.32,150.37,2380253,197216352.00
2023/06/15,149.78,151.62,146.00,148.21,1879480,152794176.00
2023/06/16,147.80,153.85,146.13,151.44,2164079,178789936.00
2023/06/19,152.80,163.89,151.94,162.02,4971887,436514112.00
2023/06/20,160.72,162.38,153.13,154.19,3956391,339647456.00
2023/06/21,154.96,155.00,144.20,144.24,4497905,362202432.00
2023/06/26,143.93,145.78,134.12,135.20,3007116,227583344.00
2023/06/27,135.38,146.38,135.36,142.33,3180140,248988992.00
2023/06/28,143.98,143.98,132.99,137.27,3104798,232050880.00
2023/06/29,136.62,138.76,133.33,137.86,2172981,161962048.00
2023/06/30,137.34,137.99,133.42,136.93,1992730,148102848.00
2023/07/03,146.00,148.70,139.43,144.38,4910956,386582752.00
2023/07/04,142.69,143.80,138.10,138.91,3554010,271796320.00
2023/07/05,138.76,140.94,136.82,137.56,1907049,145024880.00
2023/07/06,136.28,137.52,134.86,136.12,1842066,137047568.00
2023/07/07,135.47,135.47,131.64,132.86,1857972,135608608.00
2023/07/10,132.46,134.07,131.62,132.68,1158673,83998800.00
2023/07/11,131.89,133.13,128.27,128.90,2545230,180729168.00
2023/07/12,128.90,130.50,125.61,125.64,1862445,129759256.00
2023/07/13,126.88,131.96,125.44,128.04,2265704,159182304.00
2023/07/14,128.00,132.79,126.52,131.35,2933229,208994256.00
2023/07/17,126.81,132.48,126.20,128.68,2805128,198620128.00
2023/07/18,128.54,129.57,125.66,125.79,1398556,97150584.00
2023/07/19,125.98,127.26,120.82,121.88,2967891,198961632.00
2023/07/20,122.60,122.96,119.36,119.61,1517550,100468888.00
2023/07/21,119.59,120.24,117.81,118.01,1095176,71130576.00
2023/07/24,118.41,125.19,117.36,121.05,1971324,130971776.00
2023/07/25,122.38,123.45,120.58,121.02,1418549,94242080.00
2023/07/26,120.80,120.82,117.31,117.78,1144358,74068616.00
2023/07/27,117.40,121.68,116.57,119.86,1973470,128787888.00
2023/07/28,119.14,123.50,117.56,122.26,2354871,156591600.00
2023/07/31,122.82,125.62,121.12,123.75,1807049,122335952.00
2023/08/01,122.76,126.29,121.70,124.78,1583934,107443912.00
2023/08/02,124.04,128.18,123.72,126.42,1880179,129720304.00
2023/08/03,126.45,128.50,123.50,125.34,1867481,128422760.00
2023/08/04,124.67,132.25,124.67,130.57,2761947,195089232.00
2023/08/07,130.30,130.30,128.13,128.97,1499424,105723424.00
2023/08/08,129.58,130.84,128.14,129.82,1254580,89008224.00
2023/08/09,129.55,132.68,126.90,127.64,1423690,100887400.00
2023/08/10,127.53,128.31,125.98,127.51,1038361,72149040.00
2023/08/11,127.64,127.86,124.24,124.27,773355,53088284.00
2023/08/14,123.10,127.95,123.10,127.39,1147249,78999408.00
2023/08/15,127.39,128.36,123.14,124.31,1233497,84182360.00
2023/08/16,123.32,124.56,120.44,121.32,1169692,77800992.00
2023/08/17,121.14,126.76,118.59,123.75,1157504,78217840.00
2023/08/18,123.90,127.12,122.60,122.60,838100,56883424.00
2023/08/21,122.60,125.01,121.88,123.05,927208,62724336.00
2023/08/22,125.30,132.90,124.81,131.98,4227434,300259040.00
2023/08/23,133.06,133.18,125.35,129.37,3452977,241963280.00
2023/08/24,128.90,130.32,123.84,125.26,2054071,141757600.00
2023/08/25,124.40,126.00,119.41,120.24,1688696,112634168.00
2023/08/28,127.98,127.98,118.10,119.36,1627112,110108808.00
2023/08/29,118.60,123.23,114.75,121.81,1892579,123719088.00
2023/08/30,121.27,128.43,121.27,127.98,3099159,213237536.00
2023/08/31,127.98,128.20,123.68,123.70,1860440,127647280.00
2023/09/01,123.50,124.27,116.68,117.79,2363342,153890032.00
2023/09/04,118.50,118.68,114.91,117.31,2188161,139404288.00
2023/09/05,117.22,118.78,115.51,116.08,1106787,70400264.00
2023/09/06,115.27,116.82,113.02,113.55,1523798,94670720.00
2023/09/07,113.06,114.52,110.76,110.76,1494186,91643048.00
2023/09/08,110.54,117.00,110.00,115.00,2567447,159696320.00
2023/09/11,114.50,115.18,112.14,113.53,1473428,91378288.00
2023/09/12,113.24,114.37,112.48,112.70,824097,50901596.00
2023/09/13,113.24,113.31,108.88,110.16,1379709,82867456.00
2023/09/14,110.16,111.24,108.52,109.01,1184100,70815408.00
2023/09/15,109.01,110.09,106.67,107.26,1440264,84680568.00
2023/09/18,106.92,113.42,106.63,111.91,2659163,160828464.00
2023/09/19,111.48,112.05,108.65,108.87,1140160,68386312.00
2023/09/20,108.92,111.58,105.50,105.59,1293147,75424336.00
2023/09/21,104.91,107.32,104.69,105.28,777205,44797392.00
2023/09/22,105.28,109.75,105.16,108.83,1624173,95927544.00
2023/09/25,109.71,109.71,105.50,106.24,1183531,68818600.00
2023/09/26,106.54,111.12,105.50,108.42,1868597,111051400.00
2023/09/27,109.30,111.67,107.32,110.52,1756533,105411632.00
2023/09/28,111.40,113.24,110.36,112.47,1399977,85604480.00
2023/10/09,113.24,115.76,112.70,114.88,1772488,110428464.00
2023/10/10,114.86,116.08,113.64,114.61,945729,59216372.00
2023/10/11,115.38,118.50,113.51,117.36,1519876,96773328.00
2023/10/12,118.41,120.78,117.13,118.35,1264999,82189288.00
2023/10/13,118.10,118.10,115.36,116.66,899146,57200136.00
2023/10/16,116.68,117.56,114.99,116.28,630466,40079984.00
2023/10/17,117.02,118.24,115.76,117.25,604009,38606004.00
2023/10/18,116.34,116.61,113.06,115.09,1019800,63859664.00
2023/10/19,115.13,116.16,111.91,112.47,1022867,63652656.00
2023/10/20,112.07,113.56,108.94,108.94,713940,42931280.00
2023/10/23,109.12,110.86,105.70,106.40,765880,44929992.00
2023/10/24,106.60,108.25,105.23,107.17,651991,37982092.00
2023/10/25,107.97,111.22,105.23,105.90,1156120,67858928.00
2023/10/26,105.86,107.05,104.60,106.08,760871,43801580.00
2023/10/27,106.08,106.90,101.90,102.46,2238108,126057296.00
2023/10/30,102.26,109.24,101.00,109.17,2192603,126866840.00
2023/10/31,111.08,115.76,109.68,111.58,2432949,149609904.00
2023/11/01,111.69,112.90,109.24,109.42,1372342,82948032.00
2023/11/02,109.64,111.19,106.85,107.08,774031,45895408.00
2023/11/03,106.87,111.82,106.78,109.91,1223340,73354960.00
2023/11/06,111.03,112.93,109.57,112.39,1379861,83878680.00
2023/11/07,111.82,114.28,111.17,113.58,1239172,76191376.00
2023/11/08,113.42,115.94,112.92,114.07,1052460,65768832.00
2023/11/09,114.07,114.63,111.64,111.84,785520,48321468.00
2023/11/10,111.37,112.16,108.87,109.08,975243,58357096.00
2023/11/13,109.48,121.34,109.30,118.48,4219850,270122016.00
2023/11/14,119.29,120.17,117.56,119.54,1872888,121503824.00
2023/11/15,119.68,123.16,119.52,119.54,2662122,175944528.00
2023/11/16,119.59,121.30,118.37,118.57,1329900,86840752.00
2023/11/17,118.26,119.13,116.30,117.34,962145,61657152.00
2023/11/20,117.24,121.34,116.50,120.21,1710932,111836256.00
2023/11/21,120.22,121.84,119.27,120.96,1698787,111918272.00
2023/11/22,121.38,124.18,119.41,119.63,1662340,110136368.00
2023/11/23,119.00,119.81,116.32,118.87,978598,63099024.00
2023/11/24,118.98,119.22,115.54,115.83,896901,57184336.00
2023/11/27,117.04,123.66,116.30,119.32,1650361,108879360.00
2023/11/28,118.64,122.58,115.78,119.90,1351786,87308120.00
2023/11/29,118.69,122.20,118.30,120.28,1061019,69872368.00
2023/11/30,120.53,120.53,117.33,119.18,593331,38499436.00
2023/12/01,119.00,126.43,118.95,124.22,2164892,145777904.00
2023/12/04,123.90,126.54,123.14,123.75,1351205,92012736.00
2023/12/05,122.98,124.74,120.55,120.71,1205438,80710776.00
2023/12/06,120.08,121.47,119.05,119.81,681785,44722732.00
2023/12/07,119.99,126.15,119.27,125.55,1778012,119577144.00
2023/12/08,127.57,134.57,126.20,134.46,4554167,328726144.00
2023/12/11,132.14,133.17,128.67,130.88,3465037,247099680.00
2023/12/12,130.12,142.40,129.22,138.66,4484114,335809824.00
2023/12/13,140.96,141.25,136.10,136.77,2112740,159061328.00
2023/12/14,136.98,138.80,133.58,138.78,2593076,193119936.00
2023/12/15,141.52,143.30,133.45,141.68,3451144,261961264.00
2023/12/18,143.01,155.00,137.18,140.83,4487111,359292000.00
2023/12/19,138.08,141.50,136.10,141.39,1941914,148357840.00
2023/12/20,141.43,146.79,140.01,142.63,2766299,218114064.00
2023/12/21,142.04,149.69,140.38,148.18,2873897,231161712.00
2023/12/22,147.93,149.38,142.90,146.36,2482873,198545552.00
2023/12/25,144.63,147.39,137.90,138.35,2670065,205044000.00
2023/12/26,139.48,142.04,135.20,140.46,2210742,167358208.00
2023/12/27,140.19,141.99,136.37,137.90,1367259,103513192.00
2023/12/28,138.69,138.69,135.70,137.23,1842540,138133056.00
2023/12/29,137.00,145.78,135.69,142.89,2354860,182707472.00
2024/01/02,143.84,143.84,140.42,142.31,1050320,81686216.00
2024/01/03,142.17,142.96,133.72,138.80,2276679,171471360.00
2024/01/04,139.32,139.38,135.99,136.80,975705,73313928.00
2024/01/05,137.88,138.24,131.17,131.42,1811085,132384184.00
2024/01/08,131.19,132.50,128.97,129.44,1365672,97245096.00
2024/01/09,130.90,135.74,129.57,129.96,1822165,131697048.00
2024/01/10,129.15,129.78,126.49,127.05,1263930,88369752.00
2024/01/11,126.60,133.00,126.60,131.38,1591224,113865264.00
2024/01/12,130.90,130.90,126.52,127.10,1688415,118197392.00
2024/01/15,126.31,126.90,124.42,125.10,853864,58537788.00
2024/01/16,125.10,126.18,123.16,125.23,950386,64597840.00
2024/01/17,125.84,126.07,120.73,120.80,1143511,76821576.00
2024/01/18,120.15,122.10,116.66,120.30,1339268,86997816.00
2024/01/19,119.34,120.30,116.30,116.55,847906,54598632.00
2024/01/22,116.79,117.92,107.70,108.60,1526555,93439768.00
2024/01/23,107.68,113.29,107.68,112.14,1769354,107384080.00
2024/01/24,111.93,113.55,107.62,112.07,1156180,69470680.00
2024/01/25,112.07,119.90,110.94,119.59,2716163,173023856.00
2024/01/26,119.29,120.51,116.17,116.41,1491460,96245248.00
2024/01/29,116.44,117.56,111.94,112.00,1184280,73356992.00
2024/01/30,112.00,113.96,108.20,108.45,1066292,64489460.00
2024/01/31,107.55,108.45,103.12,103.45,1595137,91531088.00
2024/02/01,102.58,106.76,101.18,103.20,1413949,80097880.00
2024/02/02,103.36,105.45,96.75,100.03,1671764,92185272.00
2024/02/05,98.12,99.20,87.52,88.42,2902503,145131168.00
2024/02/06,88.54,105.10,85.84,103.75,3156992,165332336.00
2024/02/07,103.84,113.58,102.80,109.82,2798273,167460752.00
2024/02/08,111.28,121.11,111.08,116.89,2519952,161239280.00
2024/02/19,118.12,120.78,113.58,114.27,1684981,107089592.00
数据来源:通达信
