301379 天山电子 日线 后复权
      日期	    开盘	    最高	    最低	    收盘	    成交量	    成交额
2022/11/01,31.51,35.00,30.98,32.10,12174623,395451328.00
2022/11/02,33.50,34.38,32.55,32.63,9898625,329719968.00
2022/11/03,30.70,31.08,29.88,30.95,8228578,251619824.00
2022/11/04,30.61,31.59,30.30,30.94,6517006,201444720.00
2022/11/07,30.66,31.94,30.65,31.41,6801484,212819456.00
2022/11/08,31.50,31.50,30.51,30.83,4962042,152745040.00
2022/11/09,30.30,31.64,30.25,31.63,5671426,176539408.00
2022/11/10,31.10,31.57,30.54,31.04,4862236,150879056.00
2022/11/11,31.50,31.59,30.90,30.96,4405325,137536080.00
2022/11/14,30.80,30.80,30.12,30.23,3434186,104364312.00
2022/11/15,30.23,30.88,30.17,30.80,2923185,89474400.00
2022/11/16,30.91,31.42,30.46,30.59,2902763,89689808.00
2022/11/17,30.33,30.63,30.15,30.63,1930862,58670944.00
2022/11/18,30.58,31.50,30.50,31.06,3826107,118822232.00
2022/11/21,30.99,31.97,30.72,31.33,3770946,118555496.00
2022/11/22,31.00,31.28,30.30,30.55,3373341,103667168.00
2022/11/23,30.42,30.44,29.68,29.96,2143898,64308056.00
2022/11/24,29.98,30.20,29.97,30.12,1067251,32082638.00
2022/11/25,30.04,30.14,29.55,29.55,1397059,41717532.00
2022/11/28,29.17,29.28,28.75,28.93,1520403,44003492.00
2022/11/29,29.04,29.37,28.90,29.29,1186693,34620624.00
2022/11/30,29.18,29.40,28.80,28.85,1417986,41092744.00
2022/12/01,29.03,29.25,29.02,29.15,1195906,34853760.00
2022/12/02,29.19,29.74,29.18,29.66,1983034,58587760.00
2022/12/05,29.53,29.67,29.36,29.55,1247809,36750208.00
2022/12/06,29.49,29.61,29.35,29.49,947915,27930030.00
2022/12/07,29.37,29.62,29.26,29.45,1025700,30176254.00
2022/12/08,29.46,29.52,29.09,29.14,915632,26749514.00
2022/12/09,29.25,29.26,29.02,29.03,800934,23324434.00
2022/12/12,29.03,29.14,28.78,29.11,803513,23262990.00
2022/12/13,28.98,29.12,28.57,28.78,1018207,29365618.00
2022/12/14,28.61,28.98,28.61,28.69,715034,20590732.00
2022/12/15,28.59,29.05,28.59,28.92,698196,20168266.00
2022/12/16,28.90,28.90,27.79,27.92,1427596,40291848.00
2022/12/19,27.92,27.94,26.78,26.83,1310152,35643840.00
2022/12/20,26.84,27.06,26.79,26.95,597738,16074100.00
2022/12/21,27.00,27.00,26.10,26.19,881868,23326454.00
2022/12/22,26.39,26.39,25.41,25.49,1182242,30615110.00
2022/12/23,25.30,25.63,25.26,25.57,726278,18500234.00
2022/12/26,25.56,27.05,25.50,26.77,1419292,37556004.00
2022/12/27,26.46,26.69,26.15,26.50,839304,22108770.00
2022/12/28,26.38,26.38,25.80,25.80,625905,16264942.00
2022/12/29,25.68,26.15,25.54,25.59,453062,11702331.00
2022/12/30,25.61,25.85,25.57,25.60,371189,9523691.00
2023/01/03,25.59,26.38,25.55,26.34,827046,21563126.00
2023/01/04,26.26,26.42,26.04,26.31,900443,23611166.00
2023/01/05,26.15,26.57,26.15,26.48,905844,23928222.00
2023/01/06,26.48,26.53,26.21,26.25,782095,20626390.00
2023/01/09,26.31,26.56,26.19,26.56,860666,22739098.00
2023/01/10,26.58,26.58,26.25,26.33,615378,16221482.00
2023/01/11,26.38,26.55,26.09,26.12,677345,17816092.00
2023/01/12,26.05,26.39,26.05,26.22,313231,8196065.50
2023/01/13,26.39,27.33,26.31,26.74,1587890,42761772.00
2023/01/16,26.49,26.90,26.49,26.77,1208910,32318244.00
2023/01/17,26.78,27.13,26.66,26.82,719231,19332996.00
2023/01/18,26.67,27.28,26.67,27.26,986214,26695672.00
2023/01/19,27.09,27.67,27.09,27.63,1148550,31514268.00
2023/01/20,27.65,27.73,27.38,27.53,839864,23099510.00
2023/01/30,27.68,27.80,27.42,27.62,1123330,31004014.00
2023/01/31,27.61,27.61,27.32,27.56,626804,17215656.00
2023/02/01,27.57,28.03,27.57,28.01,1227610,34184672.00
2023/02/02,28.16,28.44,28.05,28.31,1435919,40548484.00
2023/02/03,28.28,28.34,27.72,28.06,1157691,32417830.00
2023/02/06,27.96,28.18,27.86,27.89,519600,14533186.00
2023/02/07,27.99,28.30,27.90,28.25,893553,25152532.00
2023/02/08,28.35,28.35,27.95,27.96,661278,18573216.00
2023/02/09,28.06,28.63,27.86,28.59,1250565,35494476.00
2023/02/10,28.57,29.13,28.49,28.67,1801309,51996160.00
2023/02/13,28.77,28.99,28.52,28.80,1051740,30234288.00
2023/02/14,28.78,29.15,28.65,28.76,918621,26481918.00
2023/02/15,28.90,29.15,28.65,29.04,1195388,34629420.00
2023/02/16,28.99,29.00,27.60,28.03,1712498,48735368.00
2023/02/17,28.05,28.36,27.86,27.92,986827,27692600.00
2023/02/20,27.90,28.25,27.70,28.24,603045,16811774.00
2023/02/21,28.24,28.40,27.96,28.12,675599,19037808.00
2023/02/22,27.98,28.37,27.82,28.36,622884,17533764.00
2023/02/23,28.28,28.54,28.03,28.45,640089,18139742.00
2023/02/24,28.40,28.83,28.22,28.44,1005875,28728072.00
2023/02/27,28.30,28.43,27.82,27.86,840113,23565186.00
2023/02/28,27.85,28.65,27.85,28.23,782275,22094814.00
2023/03/01,28.20,28.43,28.06,28.43,664509,18783962.00
2023/03/02,28.48,28.48,28.05,28.11,545200,15400239.00
2023/03/03,28.27,28.27,27.87,28.02,630642,17650402.00
2023/03/06,28.11,28.12,27.87,28.03,386478,10805670.00
2023/03/07,28.03,28.03,27.46,27.47,666198,18513730.00
2023/03/08,27.50,27.97,27.50,27.87,567075,15731262.00
2023/03/09,27.78,28.30,27.78,28.26,750626,21094554.00
2023/03/10,28.20,28.49,28.01,28.28,794991,22514360.00
2023/03/13,28.27,28.48,27.62,27.97,584556,16318557.00
2023/03/14,27.90,28.05,27.28,27.65,673932,18591904.00
2023/03/15,27.65,28.37,27.65,27.96,765686,21523068.00
2023/03/16,27.88,28.05,27.42,27.42,591100,16338482.00
2023/03/17,27.59,27.77,27.51,27.65,581500,16061147.00
2023/03/20,27.64,27.78,27.37,27.45,443478,12194675.00
2023/03/21,27.41,28.09,27.41,28.05,608378,16916954.00
2023/03/22,28.01,28.88,27.95,28.80,2235492,63983036.00
2023/03/23,28.69,28.92,28.49,28.77,1239198,35566832.00
2023/03/24,28.76,28.94,28.38,28.62,849462,24264430.00
2023/03/27,28.62,28.70,28.00,28.43,844508,23901794.00
2023/03/28,28.43,28.43,27.82,27.82,719097,20176990.00
2023/03/29,27.92,28.24,27.63,27.95,726420,20268010.00
2023/03/30,27.94,28.16,27.65,27.74,534427,14859526.00
2023/03/31,27.70,27.96,27.66,27.87,407227,11323466.00
2023/04/03,27.73,28.27,27.73,28.27,670032,18813222.00
2023/04/04,28.28,28.38,27.83,27.91,670900,18790108.00
2023/04/06,28.28,28.66,27.91,28.54,1398491,39671504.00
2023/04/07,28.59,28.63,28.23,28.47,770207,21858104.00
2023/04/10,28.38,28.62,27.93,28.10,860592,24344370.00
2023/04/11,28.20,28.20,27.76,27.87,661044,18444028.00
2023/04/12,27.87,28.53,27.77,28.53,1049323,29670844.00
2023/04/13,28.38,28.46,27.91,27.91,800015,22508046.00
2023/04/14,27.92,28.68,27.70,28.63,1883862,53340072.00
2023/04/17,28.63,28.77,28.34,28.63,1122124,32044944.00
2023/04/18,28.70,28.70,28.13,28.28,875896,24747216.00
2023/04/19,28.24,29.75,28.17,29.43,4243010,123944880.00
2023/04/20,29.26,30.16,29.15,29.43,3417366,101078232.00
2023/04/21,29.33,29.86,27.30,27.32,3399709,96802704.00
2023/04/24,27.34,27.43,26.02,26.25,1754200,46389388.00
2023/04/25,26.19,26.24,25.18,25.66,1474918,37597724.00
2023/04/26,25.56,26.06,25.28,25.95,910935,23424644.00
2023/04/27,25.80,25.95,25.41,25.54,900164,23094332.00
2023/04/28,25.95,27.20,25.95,26.96,1727138,46133256.00
2023/05/04,26.53,26.80,26.14,26.43,1686217,44449984.00
2023/05/05,26.15,26.42,25.98,26.33,1001462,26214728.00
2023/05/08,26.27,26.44,26.20,26.30,724890,19057158.00
2023/05/09,26.38,26.38,25.81,25.81,878461,22808216.00
2023/05/10,25.81,26.07,25.68,25.94,438399,11332294.00
2023/05/11,25.95,26.24,25.80,26.22,539733,14080752.00
2023/05/12,26.27,26.48,25.90,25.93,540272,14078069.00
2023/05/15,25.93,26.15,25.69,26.15,620374,16069382.00
2023/05/16,26.14,26.36,25.92,26.35,683448,17880962.00
2023/05/17,26.28,26.62,26.14,26.55,724103,19180168.00
2023/05/18,26.60,27.07,26.56,27.04,1093023,29360176.00
2023/05/19,27.05,27.45,26.86,27.41,1051981,28682158.00
2023/05/22,27.41,27.65,27.29,27.45,1036214,28506592.00
2023/05/23,27.56,27.66,27.25,27.30,936259,25708096.00
2023/05/24,27.07,27.90,27.06,27.66,922128,25497130.00
2023/05/25,27.66,28.32,27.51,28.22,1630462,45747332.00
2023/05/26,28.08,28.49,27.96,28.23,1047900,29616172.00
2023/05/29,28.23,28.75,28.14,28.68,1144672,32662824.00
2023/05/30,28.45,28.57,28.00,28.25,1107085,31315188.00
2023/05/31,28.25,28.79,28.22,28.62,1311456,37553172.00
2023/06/01,28.43,28.61,28.05,28.30,933987,26415820.00
2023/06/02,28.13,28.61,28.13,28.30,1004509,28544794.00
2023/06/05,28.38,28.82,28.30,28.47,902178,25712422.00
2023/06/06,28.47,28.47,27.57,27.68,1049756,29291284.00
2023/06/07,27.57,28.28,27.55,28.19,983404,27555986.00
2023/06/08,28.13,28.26,27.61,27.65,755450,21027694.00
2023/06/09,27.89,28.00,27.35,27.65,810138,21889434.00
2023/06/12,27.66,28.58,27.66,28.20,1154323,31843978.00
2023/06/13,28.06,28.90,27.93,28.80,1710024,48025640.00
2023/06/14,28.60,29.19,28.40,28.92,1434613,40568820.00
2023/06/15,29.10,29.10,28.39,28.48,1247846,34961664.00
2023/06/16,28.60,28.62,28.14,28.36,1059954,29327038.00
2023/06/19,28.33,29.09,28.25,28.91,1535394,43313692.00
2023/06/20,28.91,28.91,27.97,28.39,1608379,44531980.00
2023/06/21,28.39,28.50,27.61,27.86,1145889,31394374.00
2023/06/26,27.60,27.78,26.90,27.05,965992,25703066.00
2023/06/27,27.07,27.33,26.81,27.20,766265,20331264.00
2023/06/28,27.40,27.40,26.43,27.08,912576,23909042.00
2023/06/29,27.08,28.01,26.90,27.87,1084424,29408082.00
2023/06/30,27.81,28.75,27.78,28.53,1316460,36681508.00
2023/07/03,28.88,29.00,28.44,28.73,987244,27748438.00
2023/07/04,28.68,29.18,28.68,29.05,1472812,41848444.00
2023/07/05,29.10,29.10,28.63,28.68,718500,20280702.00
2023/07/06,28.88,29.27,28.55,28.97,1187236,33706192.00
2023/07/07,28.69,29.16,28.40,28.79,992297,27978860.00
2023/07/10,28.65,29.20,28.56,28.79,971467,27492794.00
2023/07/11,28.94,29.18,28.60,29.06,1234669,35020120.00
2023/07/12,28.94,29.76,28.80,29.02,2875349,82707744.00
2023/07/13,29.09,31.18,29.00,30.69,6367936,188549744.00
2023/07/14,31.10,36.71,30.51,36.71,13530016,453816288.00
2023/07/17,39.14,43.58,39.13,40.39,18015797,728371968.00
2023/07/18,41.32,43.36,38.48,43.26,16963096,679921152.00
2023/07/19,41.57,50.40,40.60,47.20,18624655,831712832.00
2023/07/20,47.32,48.39,44.01,46.50,16414469,749285888.00
2023/07/21,42.40,44.07,40.87,40.98,12985159,541670784.00
2023/07/24,40.38,41.48,37.90,39.09,12505895,484891488.00
2023/07/25,38.90,39.69,37.22,37.45,10644997,399809248.00
2023/07/26,37.41,37.50,35.46,35.83,8740802,312756096.00
2023/07/27,35.60,36.89,34.91,35.60,8940321,315094368.00
2023/07/28,35.10,35.30,33.74,34.52,7311621,246148096.00
2023/07/31,34.16,34.73,33.80,34.38,4163402,140452992.00
2023/08/01,34.33,36.99,33.75,36.98,11203037,391144800.00
2023/08/02,36.10,36.83,35.30,35.79,6768411,239229424.00
2023/08/03,35.40,36.22,34.10,35.58,6296323,217085872.00
2023/08/04,35.19,35.86,34.75,34.75,4812732,166075952.00
2023/08/07,34.29,36.60,34.16,36.34,7488887,263749488.00
2023/08/08,36.20,36.88,35.08,35.47,6090840,215246048.00
2023/08/09,35.17,37.54,34.69,37.09,8671202,309079008.00
2023/08/10,36.99,37.00,34.60,34.60,7695457,272579584.00
2023/08/11,34.08,34.11,32.22,32.34,6984336,225207168.00
2023/08/14,32.40,33.63,32.21,33.56,4977690,161261488.00
2023/08/15,33.30,34.40,32.97,34.03,4347041,143470720.00
2023/08/16,34.59,34.59,32.92,33.07,3683899,120919136.00
2023/08/17,33.60,34.20,33.31,33.83,4385320,145239472.00
2023/08/18,33.31,34.80,33.25,33.74,4752581,159213984.00
2023/08/21,33.90,34.75,33.82,33.98,3177082,106664904.00
2023/08/22,33.90,34.33,32.64,33.78,3539748,116335648.00
2023/08/23,33.69,35.71,33.68,34.87,5829702,198616912.00
2023/08/24,34.60,34.79,32.44,32.50,5241597,170380432.00
2023/08/25,32.12,32.19,30.50,30.53,3877655,118105384.00
2023/08/28,32.30,33.10,30.70,30.83,4073437,127998856.00
2023/08/29,30.83,35.23,30.81,34.56,6051378,200643632.00
2023/08/30,34.16,36.10,34.16,35.73,5367299,187458288.00
2023/08/31,35.73,36.24,34.60,35.99,3723697,130910176.00
2023/09/01,36.06,36.06,35.05,35.32,2373734,82603672.00
2023/09/04,35.61,35.70,34.68,35.57,2490649,86046240.00
2023/09/05,35.56,37.10,35.21,35.87,5662100,201704880.00
2023/09/06,35.13,37.05,35.13,37.04,5600203,200690272.00
2023/09/07,37.04,37.04,35.10,35.15,4497085,157671040.00
2023/09/08,35.15,35.74,34.81,35.39,2502135,86888544.00
2023/09/11,35.39,35.43,34.16,34.64,3592540,122077624.00
2023/09/12,34.55,34.70,33.65,34.01,2675800,89304880.00
2023/09/13,34.14,34.16,32.58,33.05,2134987,69254856.00
2023/09/14,33.31,33.31,32.28,32.45,1538514,49294516.00
2023/09/15,32.68,32.90,31.99,32.24,1667200,52887732.00
2023/09/18,32.50,32.85,31.62,32.20,1532663,48772452.00
2023/09/19,32.28,32.30,31.37,31.60,1317957,40942204.00
2023/09/20,31.98,32.04,31.34,31.40,1115704,34594516.00
2023/09/21,31.70,31.72,31.18,31.56,1250114,38658304.00
2023/09/22,31.55,32.51,31.30,32.44,1932500,60938864.00
2023/09/25,32.46,32.48,31.51,31.75,1704349,53257308.00
2023/09/26,31.60,31.90,31.12,31.36,1310494,40443472.00
2023/09/27,31.54,31.76,31.18,31.38,1184749,36590400.00
2023/09/28,31.93,32.59,31.53,32.30,1739896,54797876.00
2023/10/09,31.99,32.70,31.96,32.62,1512800,48205408.00
2023/10/10,32.86,33.04,32.45,32.70,1630565,52425008.00
2023/10/11,33.20,33.50,32.45,33.02,1837178,59399620.00
2023/10/12,33.03,33.24,32.25,32.43,1323548,42273724.00
2023/10/13,32.36,34.18,32.05,33.24,3304300,108115240.00
2023/10/16,33.39,33.39,31.43,31.74,2875587,90402696.00
2023/10/17,31.97,31.97,31.10,31.23,1355321,41689248.00
2023/10/18,31.07,31.30,30.41,30.41,1317991,39681512.00
2023/10/19,30.03,31.74,29.90,30.58,1548600,47244144.00
2023/10/20,30.86,30.95,29.68,29.70,1191500,35224360.00
2023/10/23,29.44,29.57,28.36,28.49,1311465,36983048.00
2023/10/24,28.80,30.12,28.56,29.74,1396500,40319008.00
2023/10/25,30.01,30.37,29.55,30.03,1082391,31700332.00
2023/10/26,29.62,30.20,29.37,29.76,1161464,33781508.00
2023/10/27,29.55,30.26,29.25,30.05,1267949,37031996.00
2023/10/30,29.91,30.28,29.42,30.16,1337276,39154784.00
2023/10/31,30.02,30.67,29.96,30.17,1895849,56218028.00
2023/11/01,30.02,30.42,29.36,29.36,3055625,89174096.00
2023/11/02,29.30,29.96,28.38,28.44,2592792,73570536.00
2023/11/03,28.44,29.85,28.43,29.61,2663520,76777152.00
2023/11/06,29.70,30.60,29.70,30.40,1937227,57605832.00
2023/11/07,30.18,30.74,30.06,30.72,2297992,68628544.00
2023/11/08,30.59,30.78,30.00,30.32,2230706,66477248.00
2023/11/09,30.28,30.65,29.98,30.18,1602099,47593540.00
2023/11/10,30.28,30.50,29.92,30.16,1103759,32630352.00
2023/11/13,30.19,30.75,30.18,30.56,1669695,49813848.00
2023/11/14,30.40,31.94,30.35,31.92,4755304,145539040.00
2023/11/15,32.50,32.90,31.37,32.15,6149562,192957456.00
2023/11/16,31.96,33.90,31.50,33.19,8215636,266039008.00
2023/11/17,33.15,33.20,32.26,32.97,4389102,140757376.00
2023/11/20,32.94,32.94,32.04,32.26,3583574,113877720.00
2023/11/21,32.28,32.30,31.57,31.72,3179649,99623616.00
2023/11/22,31.60,31.83,30.94,31.01,2478148,76109192.00
2023/11/23,31.00,31.58,30.96,31.47,1995200,61153948.00
2023/11/24,31.26,31.46,30.35,30.56,2650072,79686456.00
2023/11/27,30.59,31.14,30.29,30.82,1755436,53013744.00
2023/11/28,30.97,32.50,30.77,31.57,3867288,120566864.00
2023/11/29,31.55,32.32,31.50,31.59,2631018,82362248.00
2023/11/30,31.75,32.24,30.15,30.39,2765923,83625592.00
2023/12/01,30.38,30.54,29.96,30.44,1720398,50971184.00
2023/12/04,30.42,30.60,30.24,30.33,1830312,54524144.00
2023/12/05,30.33,30.55,29.30,29.37,1949500,56986780.00
2023/12/06,29.58,29.67,29.10,29.18,1512106,43448004.00
2023/12/07,29.14,29.44,28.98,29.27,1217600,34803752.00
2023/12/08,29.26,30.01,29.26,29.62,1660947,48351720.00
2023/12/11,29.64,29.91,28.92,29.82,1264600,36623500.00
2023/12/12,29.89,30.57,29.89,30.08,1900613,56379936.00
2023/12/13,29.93,30.25,29.48,29.78,1431615,41814084.00
2023/12/14,29.78,30.17,29.50,29.50,1110387,32308384.00
2023/12/15,29.47,29.78,29.25,29.45,887003,25580988.00
2023/12/18,29.31,29.45,28.98,29.07,939600,26882220.00
2023/12/19,29.52,29.52,28.82,29.10,1200527,34219940.00
2023/12/20,29.30,29.85,29.03,29.20,1417018,40923244.00
2023/12/21,29.10,29.40,28.30,29.20,1582246,44635912.00
2023/12/22,29.19,29.36,28.42,28.57,1157082,32753052.00
2023/12/25,28.48,28.68,28.01,28.22,1009000,27922104.00
2023/12/26,28.15,28.18,27.48,27.62,976800,26466934.00
2023/12/27,27.78,28.56,27.71,28.48,1513969,41829868.00
2023/12/28,28.48,29.58,28.17,29.43,1600598,45512968.00
2023/12/29,29.58,30.26,29.24,30.19,1738921,51163116.00
2024/01/02,30.19,30.56,30.10,30.26,1479230,43956864.00
2024/01/03,30.14,30.36,29.44,29.59,1167920,34128168.00
2024/01/04,29.42,29.79,29.36,29.46,1018934,29466346.00
2024/01/05,29.58,29.81,28.63,28.93,1091049,31211840.00
2024/01/08,28.75,28.98,28.11,28.11,1098820,30619368.00
2024/01/09,28.25,28.75,27.88,28.13,1259525,34973892.00
2024/01/10,28.23,28.23,27.25,27.35,1333782,35944880.00
2024/01/11,27.35,28.15,27.28,28.07,1222299,33237404.00
2024/01/12,28.10,28.22,27.52,27.56,948121,25800204.00
2024/01/15,27.41,27.75,27.08,27.57,1122669,30141182.00
2024/01/16,27.69,27.92,27.14,27.55,1321219,35536084.00
2024/01/17,27.60,27.74,26.89,26.92,731000,19507354.00
2024/01/18,26.92,27.23,26.09,26.73,1390700,36083268.00
2024/01/19,26.71,26.93,26.27,26.35,936746,24253124.00
2024/01/22,26.26,26.42,24.38,24.45,1755600,43243092.00
2024/01/23,24.50,24.74,24.12,24.67,1348998,32208902.00
2024/01/24,24.71,24.88,23.62,24.75,1500203,35542840.00
2024/01/25,24.70,25.76,24.41,25.70,1345849,33148944.00
2024/01/26,25.78,25.92,25.21,25.30,948787,23647336.00
2024/01/29,25.60,25.71,24.50,24.58,1033049,25176266.00
2024/01/30,24.30,24.49,23.40,23.40,1099949,25627844.00
2024/01/31,23.45,23.45,21.72,21.72,1610130,35105836.00
2024/02/01,21.61,21.89,20.80,21.35,1772392,36805396.00
2024/02/02,21.36,22.07,19.32,19.99,1887102,37472140.00
2024/02/05,19.62,19.90,16.92,17.75,3127572,53889208.00
2024/02/06,17.48,18.26,15.59,17.50,3636221,58861248.00
2024/02/07,17.32,17.61,16.04,16.42,3412041,55252628.00
2024/02/08,16.60,19.16,16.11,18.92,3623001,62115736.00
2024/02/19,18.92,20.30,18.91,19.59,2259870,43152736.00
数据来源:通达信
