300752 隆利科技 日线 后复权
      日期	    开盘	    最高	    最低	    收盘	    成交量	    成交额
2018/11/30,25.04,30.05,25.04,30.05,17088,511713.41
2018/12/03,33.06,33.06,33.06,33.06,2401,79377.06
2018/12/04,36.37,36.37,36.37,36.37,5733,208509.20
2018/12/05,40.01,40.01,40.01,40.01,14700,588147.00
2018/12/06,44.01,44.01,44.01,44.01,43400,1910034.00
2018/12/07,48.41,48.41,48.41,48.41,66300,3209583.00
2018/12/10,53.25,53.25,53.25,53.25,102392,5452374.00
2018/12/11,58.58,58.58,58.58,58.58,240700,14100206.00
2018/12/12,64.44,64.44,64.44,64.44,389013,25067998.00
2018/12/13,70.87,70.87,63.67,66.00,12748413,848175104.00
2018/12/14,65.20,67.36,65.00,66.10,7493889,497023040.00
2018/12/17,65.30,67.79,64.88,67.16,6062014,403355712.00
2018/12/18,66.20,66.50,64.10,64.70,4459838,290901472.00
2018/12/19,65.79,67.25,64.21,64.90,4941789,325217792.00
2018/12/20,63.00,64.58,62.00,64.39,4357242,275907872.00
2018/12/21,64.16,64.80,59.69,61.32,5508600,342982688.00
2018/12/24,61.00,62.88,60.79,62.49,4017852,248547904.00
2018/12/25,60.77,60.80,58.28,60.00,4590707,273467904.00
2018/12/26,59.89,61.19,58.80,60.95,4172670,251214416.00
2018/12/27,61.68,61.95,59.50,59.85,4255314,260514192.00
2018/12/28,59.89,60.30,56.80,56.99,3798811,221657744.00
2019/01/02,56.53,57.50,55.11,57.43,3436970,193095216.00
2019/01/03,56.83,57.30,54.01,54.19,3280490,182046000.00
2019/01/04,53.15,56.09,53.15,55.73,3061136,168322592.00
2019/01/07,55.69,57.85,55.55,56.40,3739253,211326880.00
2019/01/08,56.40,57.30,55.81,55.84,2984349,168375072.00
2019/01/09,56.05,59.28,55.40,57.79,4573517,262655936.00
2019/01/10,57.64,57.90,56.48,57.31,3364088,192001152.00
2019/01/11,57.29,62.89,57.11,61.23,5827509,349507104.00
2019/01/14,61.11,62.77,56.80,56.80,4864343,286974688.00
2019/01/15,55.80,57.30,53.81,56.38,4884373,270401088.00
2019/01/16,56.30,58.27,56.05,56.35,3454846,197799136.00
2019/01/17,56.52,57.49,56.30,56.66,2626927,149284016.00
2019/01/18,56.40,61.58,56.40,60.13,5591079,329230688.00
2019/01/21,60.13,61.00,58.61,60.33,4041463,241789344.00
2019/01/22,61.50,66.36,61.50,63.88,7090415,458215680.00
2019/01/23,63.10,70.27,62.00,70.27,8260769,547041152.00
2019/01/24,68.80,70.60,65.81,66.88,6702887,456054496.00
2019/01/25,66.46,69.44,63.93,64.19,5914282,394205216.00
2019/01/28,65.49,67.88,64.40,67.26,4602053,304264192.00
2019/01/29,66.21,72.88,63.38,69.49,6129434,418112512.00
2019/01/30,69.20,71.45,66.10,66.70,5509734,380760000.00
2019/01/31,64.99,66.80,61.52,63.54,4784038,307040352.00
2019/02/01,64.12,66.78,64.12,65.96,3207506,210681904.00
2019/02/11,65.34,69.79,65.19,69.00,3476157,236360912.00
2019/02/12,68.86,75.90,67.65,73.30,5829121,416286944.00
2019/02/13,72.90,75.15,72.31,73.08,4698253,345863904.00
2019/02/14,72.79,74.10,70.89,72.25,3883299,281115296.00
2019/02/15,72.65,73.95,71.80,73.86,3764052,274732736.00
2019/02/18,74.30,74.30,72.21,74.15,3864725,283900768.00
2019/02/19,74.90,75.99,71.07,71.70,4284039,314763232.00
2019/02/20,70.70,71.50,68.01,70.30,3669854,256172160.00
2019/02/21,69.77,71.43,68.60,68.89,3010829,209873200.00
2019/02/22,68.68,69.24,67.01,69.08,2655662,181558656.00
2019/02/25,69.50,73.30,68.70,73.01,3801129,272132192.00
2019/02/26,72.96,73.65,70.50,70.70,3773976,271600320.00
2019/02/27,71.85,75.85,71.20,73.31,4578972,336854368.00
2019/02/28,72.20,73.00,69.73,70.55,3503070,249696736.00
2019/03/01,70.55,72.35,70.35,71.10,2298493,163688096.00
2019/03/04,71.80,74.96,70.31,73.26,3774882,273718592.00
2019/03/05,73.26,77.80,72.80,76.91,4547158,345909216.00
2019/03/06,77.00,77.18,74.00,76.09,4009852,303225280.00
2019/03/07,75.98,80.18,73.08,76.81,5362697,410918784.00
2019/03/08,73.99,75.26,70.38,70.70,4310776,316784864.00
2019/03/11,70.68,72.66,70.60,72.60,2185887,156819760.00
2019/03/12,73.29,75.30,72.66,74.45,3115158,231376160.00
2019/03/13,74.52,75.20,70.77,71.39,2775618,203829296.00
2019/03/14,71.00,71.88,65.06,67.05,3016300,205075952.00
2019/03/15,67.22,68.50,66.95,67.88,1803007,122378544.00
2019/03/18,68.60,69.18,67.71,69.18,1496305,102434168.00
2019/03/19,68.72,69.48,67.61,68.12,1901298,130182112.00
2019/03/20,68.15,69.49,67.62,69.01,1603508,109890136.00
2019/03/21,68.93,68.97,67.70,68.13,1726731,118030000.00
2019/03/22,67.80,68.29,66.15,67.38,1822317,122191432.00
2019/03/25,66.17,68.35,65.81,67.05,1324146,89031568.00
2019/03/26,67.10,68.68,66.68,68.23,1800746,122381848.00
2019/03/27,68.55,68.83,66.85,67.38,1171841,79087816.00
2019/03/28,66.78,66.97,64.09,64.31,1885377,123764920.00
2019/03/29,64.15,65.50,63.03,65.42,1494520,96467736.00
2019/04/01,65.60,67.75,65.40,67.58,1561001,104623520.00
2019/04/02,67.75,68.57,67.42,67.78,1499542,102000408.00
2019/04/03,67.80,69.72,67.35,69.10,1667502,114879176.00
2019/04/04,69.48,69.48,68.43,68.85,1393275,95825256.00
2019/04/08,69.02,69.13,66.08,66.60,1478314,99927688.00
2019/04/09,62.00,64.00,59.94,60.55,3313038,201382016.00
2019/04/10,60.00,60.17,58.90,59.66,1358748,80824040.00
2019/04/11,59.62,59.95,58.30,58.40,1158961,68395600.00
2019/04/12,58.44,59.50,58.41,59.31,853801,50436788.00
2019/04/15,60.00,60.48,58.80,58.83,1077800,64594608.00
2019/04/16,58.59,59.62,57.69,59.56,1098940,64384100.00
2019/04/17,59.10,60.12,59.10,59.54,846641,50634380.00
2019/04/18,59.54,59.58,58.48,58.56,1002300,58872864.00
2019/04/19,58.70,58.72,57.79,58.69,652600,38043948.00
2019/04/22,58.70,59.34,58.37,58.91,735202,43301032.00
2019/04/23,59.02,59.30,58.30,58.42,956974,56295084.00
2019/04/24,60.50,64.08,60.00,61.76,2797320,173812816.00
2019/04/25,61.99,62.95,60.00,60.41,1725761,106019504.00
2019/04/26,61.00,62.28,60.41,60.73,1305276,80163024.00
2019/04/29,60.72,60.80,54.66,54.66,1702992,94188944.00
2019/04/30,53.59,54.00,51.12,51.68,1424966,75236984.00
2019/05/06,49.50,50.50,46.56,46.65,1288757,62486856.00
2019/05/07,47.75,48.00,47.00,47.74,870400,41346292.00
2019/05/08,46.94,49.30,46.55,48.15,955577,46118252.00
2019/05/09,48.17,49.88,47.88,49.10,981477,48365912.00
2019/05/10,49.60,50.85,48.10,50.48,1108500,55467396.00
2019/05/13,49.91,50.50,49.28,49.56,811677,40500632.00
2019/05/14,48.94,50.44,48.51,50.13,653977,32619598.00
2019/05/15,50.28,52.09,50.15,51.66,994977,50948776.00
2019/05/16,52.00,52.62,51.13,51.65,836357,43414680.00
2019/05/17,51.68,52.19,49.24,49.57,850533,43187256.00
2019/05/20,50.50,50.80,49.40,50.37,616715,30919256.00
2019/05/21,50.34,51.30,50.16,50.80,691898,35153636.00
2019/05/22,51.26,51.81,50.50,50.80,624142,31904622.00
2019/05/23,50.63,50.98,49.10,49.28,678098,33701520.00
2019/05/24,49.44,50.35,49.20,50.18,711014,35553964.00
2019/05/27,50.26,51.99,49.81,51.98,1379439,70122528.00
2019/05/28,51.40,51.40,49.75,50.12,2000341,62072960.00
2019/05/29,50.55,53.00,49.75,52.06,2724130,86652456.00
2019/05/30,51.32,52.55,50.20,52.52,2116772,66456084.00
2019/05/31,52.52,57.51,52.33,55.00,4413360,149152912.00
2019/06/03,54.41,54.41,52.02,52.07,2487009,81036016.00
2019/06/04,52.04,53.61,51.42,52.36,1809920,58324272.00
2019/06/05,52.36,54.23,51.72,54.04,2573083,84361472.00
2019/06/06,54.86,56.97,52.20,52.47,3237693,109108296.00
2019/06/10,49.86,51.45,48.28,49.77,2115835,64404284.00
2019/06/11,49.50,51.42,49.48,51.32,2056332,64037996.00
2019/06/12,51.40,52.41,50.76,51.32,1800342,56734376.00
2019/06/13,51.54,51.72,50.62,51.24,1280198,40279272.00
2019/06/14,51.72,51.72,47.64,47.70,2435499,73375096.00
2019/06/17,47.40,48.36,46.63,47.22,1109982,32164152.00
2019/06/18,47.18,49.77,46.82,48.65,1668475,49615320.00
2019/06/19,49.24,50.07,49.00,49.32,1805499,54808848.00
2019/06/20,49.85,50.12,48.54,49.74,1774146,53829072.00
2019/06/21,49.93,51.00,49.93,50.26,1673320,51717652.00
2019/06/24,50.12,50.89,48.84,49.21,1453795,44070560.00
2019/06/25,49.21,49.35,47.85,48.26,1236020,36516292.00
2019/06/26,48.14,48.81,47.90,48.28,768800,22741986.00
2019/06/27,48.28,48.68,48.14,48.28,1017944,30166036.00
2019/06/28,48.73,48.73,47.27,47.38,1076160,31479948.00
2019/07/01,48.44,50.04,47.91,50.02,2574381,77587296.00
2019/07/02,50.28,50.50,49.32,49.77,1650460,50451988.00
2019/07/03,50.01,50.01,48.22,48.55,1272156,38075888.00
2019/07/04,48.62,48.81,47.56,48.17,1215890,35771868.00
2019/07/05,48.26,49.08,47.88,48.66,975926,29012638.00
2019/07/08,48.34,48.34,45.90,46.81,1522666,43629476.00
2019/07/09,46.79,48.04,46.22,47.54,1091944,31523968.00
2019/07/10,47.38,47.40,46.15,46.25,878280,25023202.00
2019/07/11,46.60,47.03,45.91,46.06,646220,18336238.00
2019/07/12,45.99,46.60,45.83,46.12,523800,14784686.00
2019/07/15,45.96,45.96,42.73,44.15,1801377,48040636.00
2019/07/16,44.15,44.49,43.75,44.38,998820,26932094.00
2019/07/17,44.38,47.38,44.14,45.72,1814332,50878808.00
2019/07/18,45.61,45.61,43.78,43.78,1041749,28311972.00
2019/07/19,43.78,44.49,43.11,43.35,787000,21103854.00
2019/07/22,43.21,43.85,40.84,40.90,1303421,33048992.00
2019/07/23,40.78,41.93,40.78,41.77,958880,24250614.00
2019/07/24,42.22,43.42,41.82,43.05,1374370,35989296.00
2019/07/25,43.13,44.97,43.13,44.06,1721490,46322572.00
2019/07/26,43.80,44.90,43.59,44.04,1270605,34237872.00
2019/07/29,43.70,44.84,43.37,44.66,1126920,30618608.00
2019/07/30,44.84,47.26,44.42,46.02,2194867,62152856.00
2019/07/31,45.88,46.20,45.29,45.46,1297516,36191528.00
2019/08/01,45.80,46.57,45.16,45.99,1119760,31461838.00
2019/08/02,45.50,45.69,43.85,45.51,1311479,35995836.00
2019/08/05,45.80,46.62,44.82,45.80,1527420,43061708.00
2019/08/06,45.05,50.28,42.62,50.28,5248369,151852768.00
2019/08/07,52.70,55.21,51.16,51.72,10001805,328664576.00
2019/08/08,48.81,49.78,48.38,48.44,5553261,166518800.00
2019/08/09,47.98,48.92,45.53,45.83,3972601,114633264.00
2019/08/12,46.58,50.31,46.01,50.31,3618542,107196256.00
2019/08/13,51.96,53.29,49.61,49.91,7277776,229517136.00
2019/08/14,51.24,53.66,51.13,51.70,6393311,204464576.00
2019/08/15,50.20,55.18,49.13,54.44,6667531,213649008.00
2019/08/16,53.51,54.25,52.84,53.32,5164902,169492736.00
2019/08/19,56.02,57.88,54.12,57.19,7443804,254798848.00
2019/08/20,57.00,58.28,55.94,56.76,6337924,221675664.00
2019/08/21,55.40,56.46,54.28,55.08,3739036,126550848.00
2019/08/22,55.86,55.88,53.83,54.92,2753664,92640288.00
2019/08/23,54.71,55.61,53.45,53.50,2250855,75044544.00
2019/08/26,51.69,58.74,50.92,57.74,7045975,245292928.00
2019/08/27,57.72,59.72,56.20,56.52,6243611,222152480.00
2019/08/28,54.54,55.64,53.48,53.91,4157665,138985504.00
2019/08/29,53.80,54.49,53.29,54.10,1969120,65117840.00
2019/08/30,54.10,54.57,51.66,51.74,2349060,76242544.00
2019/09/02,51.74,53.00,51.74,52.34,1650880,53077828.00
2019/09/03,52.17,52.63,51.85,52.49,1448200,46415248.00
2019/09/04,52.49,52.95,51.66,51.96,1684100,53833540.00
2019/09/05,52.47,53.74,52.20,52.63,3244792,105628992.00
2019/09/06,52.68,53.43,52.41,53.11,1654897,53636984.00
2019/09/09,53.64,56.97,53.21,56.57,4503817,153454080.00
2019/09/10,56.23,56.23,54.76,55.19,2735920,92805560.00
2019/09/11,55.19,55.66,54.94,55.32,1782080,60412856.00
2019/09/12,55.40,55.70,55.02,55.61,1800935,61180728.00
2019/09/16,55.64,56.20,54.60,54.78,2044697,68920184.00
2019/09/17,54.33,54.33,51.54,51.90,2441752,78867912.00
2019/09/18,51.88,52.65,51.48,52.07,1290477,41152048.00
2019/09/19,52.28,53.40,51.62,53.27,1491677,48314668.00
2019/09/20,53.64,53.64,52.36,53.10,1848620,60201744.00
2019/09/23,53.02,53.06,51.40,52.10,1639600,52012672.00
2019/09/24,52.06,52.98,52.06,52.60,1403495,45331508.00
2019/09/25,52.58,52.58,50.12,50.22,1684480,52615068.00
2019/09/26,50.28,51.24,46.60,47.34,2047983,60517200.00
2019/09/27,46.60,51.98,46.60,51.98,2666858,83345176.00
2019/09/30,51.98,51.98,48.86,49.38,2903115,89081448.00
2019/10/08,49.61,51.53,48.70,50.60,1931973,58975216.00
2019/10/09,49.03,49.19,47.29,49.00,1877960,55579688.00
2019/10/10,49.10,49.45,48.22,49.16,1381175,41343984.00
2019/10/11,49.14,49.48,47.72,47.78,1321520,38981416.00
2019/10/14,47.83,52.46,47.83,52.46,2595440,81994976.00
2019/10/15,52.73,53.10,50.95,51.94,4119579,131170096.00
2019/10/16,51.69,55.00,50.89,53.43,4514117,146810512.00
2019/10/17,52.97,54.04,52.66,53.19,2425080,79411016.00
2019/10/18,53.19,53.56,51.40,52.01,2170583,69357200.00
2019/10/21,52.49,52.49,47.93,50.22,1612013,49264728.00
2019/10/22,50.14,55.08,50.14,51.80,1944227,62034868.00
2019/10/23,51.69,54.26,51.26,53.14,3278692,106824768.00
2019/10/24,52.49,53.61,51.72,53.05,2128347,68662264.00
2019/10/25,53.16,54.50,52.50,53.51,2641933,86636592.00
2019/10/28,53.08,54.76,52.78,54.74,3074136,101760232.00
2019/10/29,54.54,54.58,52.20,52.20,2566516,83219208.00
2019/10/30,51.62,51.62,49.82,50.50,1598420,49425336.00
2019/10/31,50.81,51.21,48.22,48.52,1516200,45760216.00
2019/11/01,48.36,49.26,48.36,48.62,949050,28368404.00
2019/11/04,48.54,49.48,48.09,48.17,1061460,31479704.00
2019/11/05,48.07,48.60,47.21,47.75,1067837,31171090.00
2019/11/06,47.50,48.01,47.05,47.29,823360,23935382.00
2019/11/07,47.08,47.80,47.08,47.56,508960,14788203.00
2019/11/08,48.02,48.02,47.37,47.37,800340,23366160.00
2019/11/11,47.06,47.06,43.45,44.82,1472617,40606704.00
2019/11/12,44.78,45.29,44.01,44.50,628311,17104604.00
2019/11/13,44.30,44.63,43.54,43.69,734360,19758604.00
2019/11/14,44.17,45.11,43.88,44.65,866880,23647888.00
2019/11/15,44.98,45.22,44.02,44.66,837300,22902870.00
2019/11/18,43.56,45.10,43.56,44.38,585540,15899265.00
2019/11/19,44.94,45.27,44.28,45.19,770940,21140434.00
2019/11/20,45.16,45.21,43.77,43.88,957880,26028674.00
2019/11/21,44.02,44.39,43.56,44.02,417620,11225129.00
2019/11/22,43.69,44.66,42.15,43.08,1078040,28611652.00
2019/11/25,43.22,43.34,41.05,41.16,1027140,26086042.00
2019/11/26,41.58,42.92,41.50,41.94,898920,23151494.00
2019/11/27,41.66,41.96,41.06,41.64,618000,15674199.00
2019/11/28,41.90,42.28,41.18,41.32,474560,12051106.00
2019/11/29,41.11,41.62,41.11,41.50,454900,11480755.00
2019/12/02,41.37,41.86,41.37,41.69,472100,11991268.00
2019/12/03,41.18,42.20,41.16,42.20,660220,16810534.00
2019/12/04,41.77,43.02,41.77,42.30,664140,17227156.00
2019/12/05,42.31,43.24,42.07,43.11,1050597,27573094.00
2019/12/06,43.14,43.85,42.86,43.27,917420,24297902.00
2019/12/09,43.45,44.33,43.45,44.12,900840,24225630.00
2019/12/10,43.98,44.57,43.30,44.34,1012140,27178366.00
2019/12/11,44.34,44.68,43.42,43.90,785937,21095914.00
2019/12/12,43.91,47.40,43.42,46.30,2484920,69372544.00
2019/12/13,46.66,48.15,45.53,47.50,3120394,89399416.00
2019/12/16,47.50,48.17,47.21,47.85,2080020,60749388.00
2019/12/17,47.86,49.00,47.78,47.91,2025660,59833020.00
2019/12/18,47.91,48.30,47.40,47.75,1436674,42029044.00
2019/12/19,47.75,48.10,46.81,47.58,1415060,41048164.00
2019/12/20,47.70,47.70,46.68,46.70,752900,21692324.00
2019/12/23,46.38,46.63,44.73,44.76,1151240,32050970.00
2019/12/24,45.14,46.04,44.84,45.96,1111020,30944730.00
2019/12/25,45.96,47.21,45.96,47.21,1481871,42307416.00
2019/12/26,47.18,47.67,46.84,47.50,1071290,30969560.00
2019/12/27,47.64,48.49,46.60,47.48,1723994,50139684.00
2019/12/30,47.66,47.66,45.66,47.14,1488440,42362984.00
2019/12/31,46.89,47.38,46.25,46.70,852134,24364448.00
2020/01/02,47.02,47.56,46.86,47.37,1287874,37281788.00
2020/01/03,47.35,47.59,47.00,47.13,850794,24593358.00
2020/01/06,47.13,47.96,46.84,47.88,1546160,45065540.00
2020/01/07,47.59,48.28,47.59,47.98,1210936,35491408.00
2020/01/08,47.86,48.92,47.42,47.42,1566720,46212052.00
2020/01/09,47.50,48.33,47.50,48.02,1026456,30163968.00
2020/01/10,48.04,48.66,47.90,48.14,1054543,31149410.00
2020/01/13,48.14,49.40,48.14,49.37,1669980,50070340.00
2020/01/14,49.13,49.40,48.62,48.71,1198016,35817280.00
2020/01/15,48.73,48.74,47.40,48.09,1127920,33023048.00
2020/01/16,48.18,49.05,47.75,48.57,1250540,37171924.00
2020/01/17,48.52,49.13,47.67,47.75,1084704,32069532.00
2020/01/20,47.75,48.66,47.50,48.42,1093662,32228112.00
2020/01/21,47.96,48.54,47.64,47.80,919429,27024468.00
2020/01/22,45.90,47.18,45.35,47.02,1509504,42622356.00
2020/01/23,46.36,48.76,45.64,46.25,1507593,43690736.00
2020/02/03,41.72,41.72,41.72,41.72,148400,3776780.00
2020/02/04,37.67,41.64,37.66,39.16,1918020,45812068.00
2020/02/05,39.18,40.76,39.18,39.56,1271734,30903084.00
2020/02/06,39.56,40.18,39.05,40.01,1192634,28859420.00
2020/02/07,40.01,40.34,39.50,40.28,1371574,33345332.00
2020/02/10,40.28,40.79,39.56,40.73,1314113,32208226.00
2020/02/11,40.74,41.19,40.39,41.08,1320609,32927770.00
2020/02/12,41.08,41.78,40.76,41.66,1421294,35760300.00
2020/02/13,41.64,41.94,40.90,40.98,1263982,31783294.00
2020/02/14,40.86,41.70,40.17,41.29,1187737,29907868.00
2020/02/17,41.50,42.98,41.50,42.92,1456514,37838364.00
2020/02/18,42.92,44.68,42.92,44.68,1949936,52312388.00
2020/02/19,44.97,44.97,44.02,44.10,1605060,43579332.00
2020/02/20,44.06,44.81,43.24,44.66,1607400,43454852.00
2020/02/21,45.16,46.12,44.52,45.64,2090075,57914164.00
2020/02/24,45.10,47.21,45.10,46.87,2452553,69414624.00
2020/02/25,45.80,46.73,42.60,46.22,2411975,67317336.00
2020/02/26,45.37,47.08,44.68,45.05,1977000,55601276.00
2020/02/27,45.82,45.94,44.28,44.84,1465894,40459904.00
2020/02/28,43.24,43.54,41.19,41.43,2216385,57033092.00
2020/03/02,41.43,43.18,41.43,42.68,1215020,31416434.00
2020/03/03,43.22,44.52,42.98,43.54,1523413,40798976.00
2020/03/04,43.85,44.44,42.89,44.18,1147100,30748290.00
2020/03/05,44.76,45.08,43.86,44.17,1349410,36472768.00
2020/03/06,43.29,44.18,43.29,43.70,1094024,29237484.00
2020/03/09,43.11,43.66,41.22,41.22,1256884,32397762.00
2020/03/10,40.68,42.47,39.64,42.33,1311866,33018226.00
2020/03/11,42.57,43.78,42.14,42.44,1108520,29122980.00
2020/03/12,41.74,42.58,41.00,41.50,746056,18937672.00
2020/03/13,38.74,41.72,38.74,40.17,1188267,28840544.00
2020/03/16,39.86,41.00,37.61,38.66,1621162,39039952.00
2020/03/17,38.57,38.74,35.32,36.98,1739311,38820984.00
2020/03/18,37.43,39.00,37.16,37.24,1386211,32163906.00
2020/03/19,37.24,38.26,36.25,37.53,1084257,24440264.00
2020/03/20,38.14,38.46,37.54,38.39,1057140,24416796.00
2020/03/23,37.82,39.24,36.73,37.78,1186147,27370802.00
2020/03/24,38.57,38.71,36.84,38.22,926400,21415180.00
2020/03/25,38.60,41.94,38.60,41.94,3190450,79331944.00
2020/03/26,42.28,43.32,41.11,41.19,3605820,92254680.00
2020/03/27,41.48,41.88,40.09,40.81,1708207,42313168.00
2020/03/30,39.40,40.97,38.92,40.22,1245310,30355872.00
2020/03/31,40.33,40.92,38.36,38.36,1566900,37445420.00
2020/04/01,39.00,39.53,38.22,38.36,1146239,27108128.00
2020/04/02,38.22,39.14,37.82,39.08,1147232,27133130.00
2020/04/03,39.40,39.86,37.82,38.09,1195327,28067642.00
2020/04/07,38.76,39.59,38.44,38.63,1636391,38684096.00
2020/04/08,38.66,38.81,38.04,38.23,1411912,32983728.00
2020/04/09,38.44,39.32,38.22,39.32,1849143,43845348.00
2020/04/10,39.26,40.98,38.97,39.00,2839120,68976168.00
2020/04/13,37.08,39.51,36.22,36.98,1716620,38801176.00
2020/04/14,36.74,37.45,36.68,37.32,1220880,27548176.00
2020/04/15,37.20,37.78,36.93,37.58,1291440,29176774.00
2020/04/16,37.07,37.50,36.78,37.38,731940,16458819.00
2020/04/17,37.50,37.87,37.01,37.02,854212,19301560.00
2020/04/20,37.02,37.07,36.43,37.04,801516,17790406.00
2020/04/21,36.98,36.98,36.22,36.72,739194,16318685.00
2020/04/22,36.83,39.42,36.46,38.91,2223134,51482980.00
2020/04/23,38.99,38.99,37.39,37.41,1616800,37097916.00
2020/04/24,37.41,37.50,36.11,36.26,1137720,25127156.00
2020/04/27,36.26,37.10,35.62,37.09,1133220,24778070.00
2020/04/28,37.07,37.36,34.85,35.95,1582600,35039636.00
2020/04/29,35.66,37.20,35.25,36.86,995020,21987632.00
2020/04/30,37.14,37.58,36.70,37.28,1047800,23582844.00
2020/05/06,36.75,37.78,36.72,37.71,975400,21936388.00
2020/05/07,38.00,38.27,37.23,37.71,1204066,27465246.00
2020/05/08,37.84,40.91,37.65,39.57,3357380,80357392.00
2020/05/11,39.65,39.86,37.95,38.46,2394960,56114596.00
2020/05/12,38.05,38.40,37.54,38.16,1169120,26716216.00
2020/05/13,37.89,38.13,37.62,38.06,772300,17699788.00
2020/05/14,38.06,38.18,37.38,37.60,833980,18993032.00
2020/05/15,37.55,38.46,37.55,37.76,631540,14451397.00
2020/05/18,37.76,37.92,36.80,36.88,757710,17020766.00
2020/05/19,36.88,37.38,36.88,37.28,489190,10997313.00
2020/05/20,37.23,37.28,36.66,36.99,484380,10821579.00
2020/05/21,36.90,37.38,36.56,36.75,558320,12440853.00
2020/05/22,36.90,36.90,36.37,36.40,548600,12098805.00
2020/05/25,36.42,36.72,36.13,36.51,326611,7179956.00
2020/05/26,36.56,37.55,36.56,37.31,812767,18275204.00
2020/05/27,37.23,37.95,37.10,37.70,1004770,22824184.00
2020/05/28,37.23,37.92,36.43,37.74,734221,16616458.00
2020/05/29,37.71,38.19,37.46,37.90,817497,18713000.00
2020/06/01,37.90,38.80,37.90,38.53,1311797,30519130.00
2020/06/02,38.67,39.25,38.27,39.09,1397543,32790374.00
2020/06/03,39.15,39.76,38.42,38.53,1384490,32711342.00
2020/06/04,39.14,39.14,38.43,38.59,801203,18752424.00
2020/06/05,38.51,38.80,37.87,38.30,917950,21254742.00
2020/06/08,38.67,39.89,38.38,38.86,1371525,32505666.00
2020/06/09,39.14,39.23,38.32,38.48,721660,16854292.00
2020/06/10,38.98,38.98,37.87,38.18,556900,12845988.00
2020/06/11,38.08,38.48,37.79,37.86,596500,13756296.00
2020/06/12,37.47,37.74,36.96,37.44,957860,21560596.00
2020/06/15,37.25,37.74,36.83,36.91,884370,19895970.00
2020/06/16,37.38,37.78,37.17,37.74,720237,16312674.00
2020/06/17,38.02,38.14,37.49,38.14,788560,18055096.00
2020/06/18,38.35,39.79,37.92,39.42,2411563,57084496.00
2020/06/19,39.63,39.95,39.33,39.79,1761413,42239744.00
2020/06/22,40.16,40.16,39.17,39.18,1388940,33289236.00
2020/06/23,39.18,39.57,38.83,39.30,907230,21577068.00
2020/06/24,38.93,40.94,38.91,40.91,2257163,54978620.00
2020/06/29,40.88,42.34,40.42,41.36,2719320,67741264.00
2020/06/30,41.52,45.38,41.09,44.70,4429533,117772616.00
2020/07/01,44.93,44.93,43.36,43.57,3120110,83781856.00
2020/07/02,44.10,44.30,43.33,43.52,1994249,52946384.00
2020/07/03,43.63,43.73,42.03,43.58,1616275,42450536.00
2020/07/06,43.10,46.11,43.10,46.10,3753977,101697472.00
2020/07/07,45.90,47.73,45.06,46.08,3338905,93706256.00
2020/07/08,46.02,46.75,45.26,46.14,2190793,61053944.00
2020/07/09,45.73,49.07,45.73,47.31,3270323,94409224.00
2020/07/10,46.88,47.44,45.68,45.79,1798243,51083760.00
2020/07/13,45.81,47.60,45.66,46.11,3574793,100400704.00
2020/07/14,46.27,46.58,43.63,44.03,3170042,86314576.00
2020/07/15,44.35,44.54,42.38,42.38,2077184,54536904.00
2020/07/16,42.27,42.72,40.46,40.62,2840524,71293424.00
2020/07/17,40.72,41.20,39.79,40.11,1264724,30961712.00
2020/07/20,40.51,41.36,40.27,41.36,1231665,30512890.00
2020/07/21,41.86,43.44,41.86,43.42,2877182,74514296.00
2020/07/22,43.31,43.31,42.19,42.66,1852880,48015036.00
2020/07/23,42.67,42.72,40.78,42.00,1255719,31902536.00
2020/07/24,41.73,42.34,40.35,40.37,1088436,27186380.00
2020/07/27,40.59,41.14,40.19,40.59,669649,16457869.00
2020/07/28,40.59,41.54,40.59,41.23,715522,17866964.00
2020/07/29,41.22,42.24,40.93,42.06,791189,20042934.00
2020/07/30,42.29,42.35,41.71,41.76,805164,20537226.00
2020/07/31,41.87,42.45,41.33,42.38,873480,22321896.00
2020/08/03,42.67,43.06,42.40,42.99,1371096,35683164.00
2020/08/04,43.10,43.25,42.10,42.24,1218150,31371176.00
2020/08/05,42.24,42.64,41.86,42.30,901466,23087468.00
2020/08/06,42.13,42.34,41.28,41.95,1118220,28329544.00
2020/08/07,42.19,42.19,40.30,40.77,1075646,26737954.00
2020/08/10,40.72,41.79,40.35,41.18,623639,15563816.00
2020/08/11,41.33,41.36,40.11,40.24,850369,20980896.00
2020/08/12,40.54,40.54,38.88,39.84,933909,22322648.00
2020/08/13,40.19,40.53,39.84,40.08,487990,11881572.00
2020/08/14,40.38,40.91,39.66,40.75,604640,14799967.00
2020/08/17,41.20,42.16,41.18,41.94,1335620,33941684.00
2020/08/18,41.78,42.67,41.28,42.11,1279740,32482746.00
2020/08/19,42.11,44.32,41.04,43.42,3516630,92047280.00
2020/08/20,44.02,47.44,44.02,45.70,5637999,156048944.00
2020/08/21,45.22,45.87,43.78,44.70,3349715,91074480.00
2020/08/24,44.27,44.30,42.54,43.44,1765746,46602060.00
2020/08/25,43.39,44.88,42.91,43.90,2111366,56198788.00
2020/08/26,43.46,44.00,41.58,41.94,2285931,59118444.00
2020/08/27,41.73,43.90,41.06,43.30,2102920,54292708.00
2020/08/28,43.26,43.76,42.48,43.63,1747369,45894560.00
2020/08/31,44.42,44.93,43.66,43.81,1915800,51542616.00
2020/09/01,44.11,44.11,42.64,43.82,1774540,46782512.00
2020/09/02,43.90,45.01,43.66,44.91,2882144,78201056.00
2020/09/03,44.58,47.09,43.17,45.25,4318209,117154216.00
2020/09/04,43.90,47.68,43.79,47.68,4969941,139028576.00
2020/09/07,48.74,49.04,45.81,46.06,4697811,135149504.00
2020/09/08,45.73,47.57,45.04,46.59,2991492,84079720.00
2020/09/09,45.68,48.69,44.38,47.26,5100300,145128464.00
2020/09/10,46.99,47.26,40.93,41.58,3681180,98028792.00
2020/09/11,40.45,42.35,40.43,41.89,1493080,37706104.00
2020/09/14,42.03,44.08,41.95,43.39,1834252,48104284.00
2020/09/15,43.71,46.82,43.71,44.43,3424306,94639128.00
2020/09/16,44.27,53.07,43.79,53.07,9311896,287441728.00
2020/09/17,53.38,53.38,49.79,50.72,9898448,308600384.00
2020/09/18,50.83,51.55,49.10,50.13,6615323,202316784.00
2020/09/21,50.13,51.12,48.59,50.45,5660876,173061984.00
2020/09/22,49.31,49.55,47.17,47.98,5234797,153313376.00
2020/09/23,48.19,48.78,47.57,48.78,3438300,100941040.00
2020/09/24,47.94,48.14,46.13,46.21,3267725,93733952.00
2020/09/25,46.64,47.33,44.72,45.12,2325056,64547632.00
2020/09/28,45.55,45.86,44.13,44.24,1558700,42286952.00
2020/09/29,44.45,46.19,44.35,44.88,1668800,45898424.00
2020/09/30,45.14,47.33,45.07,46.42,3043481,85906640.00
2020/10/09,47.30,47.95,46.16,47.25,2548651,72969640.00
2020/10/12,47.92,48.77,47.07,48.67,3303718,96747848.00
2020/10/13,48.35,48.99,47.49,48.51,2963476,87126256.00
2020/10/14,48.38,50.42,47.63,50.21,4835991,145699104.00
2020/10/15,49.82,49.82,47.55,47.84,3422487,100898848.00
2020/10/16,47.94,49.76,47.71,49.62,3842065,114682464.00
2020/10/19,49.70,50.66,48.29,48.42,2776465,82557304.00
2020/10/20,48.11,51.47,47.20,50.24,4455105,135760480.00
2020/10/21,50.24,51.07,49.65,50.82,4208563,129347696.00
2020/10/22,49.84,50.77,47.81,50.18,3913100,117878200.00
2020/10/23,50.19,50.67,48.11,48.53,3404420,101997088.00
2020/10/26,48.05,49.01,47.23,48.56,1898100,55747396.00
2020/10/27,49.22,50.82,47.79,49.79,3967100,119095200.00
2020/10/28,48.78,49.49,46.06,49.15,4216880,123257184.00
2020/10/29,46.83,48.02,45.86,46.99,3376993,96400272.00
2020/10/30,46.58,55.63,46.58,50.26,9087499,283265504.00
2020/11/02,51.44,55.23,49.79,54.00,9958673,320122656.00
2020/11/03,53.31,54.96,52.35,54.02,8002236,262013136.00
2020/11/04,53.23,57.23,52.24,56.08,9027260,301183648.00
2020/11/05,54.99,56.16,54.19,56.11,6089267,205939184.00
2020/11/06,56.11,56.11,52.43,53.63,4583940,150635504.00
2020/11/09,54.27,55.10,53.36,54.45,4456851,147616192.00
2020/11/10,53.71,55.34,51.57,51.76,4001360,130037072.00
2020/11/11,52.35,52.35,48.51,48.64,3282900,99870424.00
2020/11/12,49.01,49.62,48.24,49.33,2212052,66018180.00
2020/11/13,49.07,50.80,48.61,50.08,2295429,69878240.00
2020/11/16,49.71,50.48,48.34,48.90,2123750,63529212.00
2020/11/17,48.74,48.74,46.27,47.39,2444760,69991320.00
2020/11/18,47.47,48.27,47.15,47.79,1566500,45410572.00
2020/11/19,47.47,48.27,46.13,48.26,1627280,46857904.00
2020/11/20,48.08,48.75,47.63,48.46,1720500,50504180.00
2020/11/23,48.64,50.16,48.00,49.58,2079060,62458344.00
2020/11/24,49.28,49.84,48.96,49.25,1303146,39150880.00
2020/11/25,49.38,49.52,46.53,46.90,2097440,60887860.00
2020/11/26,46.83,47.02,45.89,46.16,1187780,33516826.00
2020/11/27,46.32,46.32,44.93,45.25,1279440,35408104.00
2020/11/30,45.25,46.74,44.27,46.35,1554980,43412728.00
2020/12/01,46.03,47.58,46.03,47.14,1234380,35235240.00
2020/12/02,47.63,56.32,47.14,56.32,13463337,446268000.00
2020/12/03,60.43,67.34,58.85,67.34,17310569,673686464.00
2020/12/04,62.54,69.23,60.99,64.26,12637947,496235296.00
2020/12/07,63.63,66.03,61.42,63.95,8998543,350595616.00
2020/12/08,66.45,76.50,64.74,76.50,16710880,729225600.00
2020/12/09,73.25,74.64,65.87,66.43,12958450,560180992.00
2020/12/10,63.33,71.38,63.33,68.93,12075198,506452704.00
2020/12/11,69.58,82.46,65.49,82.46,17108796,780283520.00
2020/12/14,81.20,88.22,73.79,78.83,14389275,697532800.00
2020/12/15,78.83,79.60,71.87,75.89,9831359,456060512.00
2020/12/16,74.50,79.98,72.32,75.84,10571198,496594688.00
2020/12/17,71.63,75.71,68.46,74.05,8326289,366412224.00
2020/12/18,73.10,73.31,70.03,71.09,6580259,289726880.00
2020/12/21,71.09,75.12,70.93,71.65,6800199,303258816.00
2020/12/22,76.43,83.63,75.12,76.75,13005727,632074432.00
2020/12/23,76.19,80.24,70.03,70.45,12634095,576873536.00
2020/12/24,68.77,69.41,62.19,63.15,10925023,432264480.00
2020/12/25,62.27,64.43,60.24,62.32,8094281,307232768.00
2020/12/28,61.78,61.78,59.73,60.43,6069820,225341776.00
2020/12/29,60.59,61.17,58.19,59.10,5904284,215674592.00
2020/12/30,58.72,61.23,57.04,60.96,6305800,230622208.00
2020/12/31,60.61,61.73,59.15,59.71,5416703,199715872.00
2021/01/04,58.70,69.87,58.46,69.58,10347450,413816608.00
2021/01/05,67.63,75.62,67.62,73.98,9924860,444657696.00
2021/01/06,74.61,85.25,72.51,83.22,12561114,626072512.00
2021/01/07,81.31,83.65,75.94,82.03,8877636,432346048.00
2021/01/08,81.23,92.43,78.10,85.55,11424721,602014336.00
2021/01/11,90.83,92.43,74.51,81.04,8015521,396542336.00
2021/01/12,80.82,84.18,74.35,79.71,8316668,400612768.00
2021/01/13,78.11,95.41,78.11,95.41,12484662,680837120.00
2021/01/14,95.65,98.80,81.23,81.23,12126252,662290880.00
2021/01/15,78.78,82.64,68.72,72.54,14774380,679585856.00
2021/01/18,70.59,71.87,66.85,70.77,8087602,347005088.00
2021/01/19,70.18,77.23,69.36,72.58,11268060,508143872.00
2021/01/20,70.02,72.91,66.96,72.00,8087764,345798016.00
2021/01/21,70.05,75.28,69.71,71.97,8272970,370486048.00
2021/01/22,72.10,77.71,71.81,74.88,10335972,476417216.00
2021/01/25,73.76,76.90,67.94,67.97,10383018,461402560.00
2021/01/26,65.78,67.54,62.03,62.90,7445454,294270816.00
2021/01/27,63.02,64.22,60.78,62.58,5998322,228031792.00
2021/01/28,60.74,67.66,60.69,64.75,7688191,306534944.00
2021/01/29,65.65,66.83,61.62,62.46,5378771,210020272.00
2021/02/01,63.25,67.12,60.80,66.93,6797000,265958944.00
2021/02/02,66.83,69.22,64.45,67.07,6909820,283854816.00
2021/02/03,66.83,70.75,65.23,65.41,7138848,299787968.00
2021/02/04,63.15,63.63,57.73,58.48,7206868,266262224.00
2021/02/05,59.57,60.19,54.37,54.99,6034380,210016816.00
2021/02/08,55.31,55.44,51.65,52.35,4749254,153504576.00
2021/02/09,52.35,53.68,51.23,52.91,3783200,121604232.00
2021/02/10,53.23,53.55,50.98,51.22,4064964,129042632.00
2021/02/18,52.46,55.25,52.46,54.53,5012378,165558784.00
2021/02/19,54.50,56.83,53.55,56.48,4470380,150806080.00
2021/02/22,56.43,57.71,54.88,56.72,5926779,204540608.00
2021/02/23,56.75,61.06,54.77,59.79,7659309,272416832.00
2021/02/24,58.46,61.82,58.19,60.16,6520644,238734592.00
2021/02/25,60.11,61.71,57.23,57.41,5092960,185083488.00
2021/02/26,55.95,59.38,54.03,56.83,3938562,137704064.00
2021/03/01,56.74,58.56,56.19,58.32,3770302,132902848.00
2021/03/02,58.38,58.67,56.46,56.90,3440500,119828832.00
2021/03/03,57.09,57.58,55.04,57.39,3855062,132334832.00
2021/03/04,56.56,59.41,56.24,58.61,5223040,184272144.00
2021/03/05,58.03,62.83,57.31,59.36,7088292,261227424.00
2021/03/08,59.58,60.13,54.74,55.07,5328620,188930736.00
2021/03/09,54.67,55.55,51.90,53.36,4747800,154807776.00
2021/03/10,53.71,54.38,50.82,54.32,3985880,128192968.00
2021/03/11,54.30,61.79,53.55,57.14,6749710,236515616.00
2021/03/12,57.25,57.52,54.03,54.35,5000970,169021568.00
2021/03/15,54.03,54.34,52.13,53.58,2797260,90964720.00
2021/03/16,53.73,56.32,52.61,54.05,2947520,97916368.00
2021/03/17,53.34,56.46,52.96,55.74,4158600,140540720.00
2021/03/18,55.65,55.65,54.05,54.08,3112300,103844376.00
2021/03/19,53.31,53.95,51.79,52.13,2850700,91867864.00
2021/03/22,52.43,53.71,52.40,53.06,2096020,67898232.00
2021/03/23,53.68,54.24,52.42,53.26,2828400,91797264.00
2021/03/24,52.74,53.23,50.16,51.07,3179220,100151544.00
2021/03/25,50.82,51.23,49.73,50.35,2570520,79106016.00
2021/03/26,50.45,52.72,50.45,52.56,2867658,90347120.00
2021/03/29,52.30,55.44,51.94,54.82,3878160,126939776.00
2021/03/30,54.19,55.87,52.91,55.82,3859398,128045608.00
2021/03/31,54.67,60.88,54.67,56.75,8148120,288819296.00
2021/04/01,56.16,60.43,54.99,58.03,7862500,280114560.00
2021/04/02,57.86,60.42,56.91,58.43,7180558,257647168.00
2021/04/06,58.19,58.43,55.76,56.29,4811700,166919696.00
2021/04/07,55.89,57.54,55.81,57.17,3587000,124427456.00
2021/04/08,56.53,57.15,54.85,55.06,3631900,124347184.00
2021/04/09,55.60,55.92,54.53,55.06,2208100,74407040.00
2021/04/12,54.88,55.47,52.32,52.61,2565400,84137720.00
2021/04/13,53.23,53.39,51.25,51.74,2210220,70309400.00
2021/04/14,51.63,53.71,51.38,52.99,2154480,69338504.00
2021/04/15,52.48,53.01,51.65,52.06,1927420,61315412.00
2021/04/16,46.58,47.79,44.45,46.99,5864760,165021280.00
2021/04/19,46.59,47.57,46.03,47.01,3278370,93758304.00
2021/04/20,47.28,47.28,45.50,45.60,3469503,97240520.00
2021/04/21,45.60,45.71,43.57,43.62,3642280,97699544.00
2021/04/22,43.47,44.72,43.44,44.51,3089300,82828224.00
2021/04/23,44.46,44.46,42.35,42.46,2987979,78181096.00
2021/04/26,42.85,43.15,42.03,42.46,2473718,63829712.00
2021/04/27,43.63,45.50,42.85,43.79,4775804,128263680.00
2021/04/28,42.93,43.79,40.48,41.06,4124772,103804624.00
2021/04/29,40.96,41.20,39.84,39.95,2774322,67703496.00
2021/04/30,39.97,40.22,38.13,38.40,2712670,63680860.00
2021/05/06,38.78,39.30,38.40,38.85,1357600,31919316.00
2021/05/07,39.15,39.15,37.73,37.87,1844820,42552076.00
2021/05/10,38.14,38.14,37.52,37.92,1200560,27437582.00
2021/05/11,37.92,38.98,37.71,38.48,2249980,52269308.00
2021/05/12,38.46,39.58,38.11,39.50,2333460,55247620.00
2021/05/13,38.99,40.43,38.83,40.42,2504620,60617508.00
2021/05/14,40.58,40.64,39.41,39.79,2383181,57494100.00
2021/05/17,40.13,40.13,38.75,38.83,1718700,40821596.00
2021/05/18,38.85,39.63,38.72,38.99,1546220,36664760.00
2021/05/19,38.86,39.15,38.59,38.80,1151074,27078332.00
2021/05/20,39.30,40.38,38.93,40.35,2778700,66835744.00
2021/05/21,40.53,40.69,39.14,39.23,1927400,46585740.00
2021/05/24,39.07,39.55,38.56,39.06,1394500,32836032.00
2021/05/25,38.37,39.60,38.37,39.33,1267940,29984080.00
2021/05/26,39.57,40.78,39.57,40.19,2921263,71360824.00
2021/05/27,40.61,43.44,40.11,43.39,5687714,146284304.00
2021/05/28,43.28,43.30,42.05,42.19,3270471,84334440.00
2021/05/31,42.06,42.56,41.87,42.30,1797200,45946072.00
2021/06/01,42.21,43.20,41.71,42.88,2067200,53615620.00
2021/06/02,42.96,44.08,41.71,43.42,3361080,87515264.00
2021/06/03,43.42,43.83,42.35,43.09,3363988,54833988.00
2021/06/04,43.16,43.80,41.53,41.94,3681431,59017768.00
2021/06/07,41.94,42.91,41.58,42.73,3250380,52025748.00
2021/06/08,43.57,44.85,42.35,42.68,5210675,86165720.00
2021/06/09,41.78,42.83,41.58,41.91,3356520,53411100.00
2021/06/10,41.81,44.34,41.78,43.70,5792201,95269712.00
2021/06/11,43.47,43.93,41.81,42.09,4709415,75876680.00
2021/06/15,43.09,48.92,42.19,46.52,10832132,186310384.00
2021/06/16,46.52,51.43,45.65,50.26,12741586,237649200.00
2021/06/17,50.84,50.84,46.47,49.64,9964523,186481984.00
2021/06/18,50.00,51.36,47.95,48.82,7964478,149086144.00
2021/06/21,48.44,48.72,46.49,48.21,7396615,133597032.00
2021/06/22,48.59,48.98,47.18,48.28,5660026,103208640.00
2021/06/23,48.72,51.36,48.72,49.00,8606474,162740656.00
2021/06/24,49.18,50.77,48.08,49.62,7479088,141598400.00
2021/06/25,49.16,49.74,45.96,46.03,8207472,147344976.00
2021/06/28,45.93,46.11,44.11,45.24,4688894,79895184.00
2021/06/29,45.14,47.44,44.75,45.49,4498911,78456680.00
2021/06/30,44.91,46.01,44.09,45.65,4259561,72817512.00
2021/07/01,45.39,45.75,43.19,43.32,3636387,61072368.00
2021/07/02,42.91,44.19,42.58,43.11,2949539,48130092.00
2021/07/05,43.40,44.11,42.96,44.06,2491839,41115980.00
2021/07/06,44.57,45.52,43.60,45.24,3875321,65633628.00
2021/07/07,44.88,54.02,44.55,54.02,18144436,358600192.00
2021/07/08,56.27,57.55,51.36,52.43,18931255,390931456.00
2021/07/09,52.43,52.94,50.05,51.84,8936040,174129424.00
2021/07/12,51.66,54.30,51.28,54.17,10272354,207289936.00
2021/07/13,54.17,63.21,53.33,60.37,14875206,330222144.00
2021/07/14,58.70,72.17,57.99,72.17,17400065,445318272.00
2021/07/15,69.20,83.25,62.80,78.77,20330304,564879168.00
2021/07/16,77.83,82.61,75.63,78.88,15527298,467692160.00
2021/07/19,77.57,79.06,74.58,76.42,10999562,322620544.00
2021/07/20,76.60,81.18,74.01,81.18,13652789,403693088.00
2021/07/21,84.59,92.93,79.39,87.12,16487179,545538752.00
2021/07/22,84.30,90.91,82.26,85.84,13389169,442330976.00
2021/07/23,85.15,90.96,82.13,82.13,11175102,372299200.00
2021/07/26,81.82,96.00,80.67,87.48,13858975,471705664.00
2021/07/27,88.32,90.14,75.60,78.03,12631574,408982560.00
2021/07/28,76.01,81.69,71.91,80.26,10524283,314845632.00
2021/07/29,81.31,93.78,78.83,93.14,15158612,509781184.00
2021/07/30,90.99,105.30,87.63,96.08,19238985,712466176.00
2021/08/02,96.54,101.20,91.80,95.41,14256568,522112224.00
2021/08/03,90.22,92.73,81.49,81.77,11005458,366902080.00
2021/08/04,84.23,87.89,82.26,84.07,8719308,283536320.00
2021/08/05,82.77,84.43,79.31,81.00,8012329,250249456.00
2021/08/06,83.25,84.25,77.21,78.42,8298250,251728960.00
2021/08/09,78.44,79.18,74.32,76.73,6880343,200918160.00
2021/08/10,76.29,81.16,75.78,78.88,7911486,240549376.00
2021/08/11,77.80,78.93,75.91,76.91,4854145,143903040.00
2021/08/12,76.88,79.34,74.58,74.88,7502055,220570928.00
2021/08/13,74.88,75.42,70.74,71.20,8714859,241567568.00
2021/08/16,71.76,72.71,70.35,70.63,5434600,148678784.00
2021/08/17,70.79,71.17,67.66,67.77,5320132,140777568.00
2021/08/18,69.58,70.10,66.92,68.48,4111460,107432752.00
2021/08/19,68.64,69.12,66.31,67.79,4520341,117188120.00
2021/08/20,68.79,69.35,66.15,68.18,5668741,147648528.00
2021/08/23,68.28,70.99,67.74,68.59,6611089,174465568.00
2021/08/24,68.33,71.63,66.03,71.25,9786577,258710000.00
2021/08/25,70.22,70.74,66.00,66.10,8687981,225413312.00
2021/08/26,66.10,70.17,66.10,67.64,7867024,205687376.00
2021/08/27,66.38,73.68,64.21,73.42,12486305,332935968.00
2021/08/30,73.30,77.24,70.94,71.94,10926294,312434048.00
2021/08/31,71.86,72.30,63.72,64.85,9616753,247492000.00
2021/09/01,63.44,64.36,57.68,58.24,7740924,176671664.00
2021/09/02,59.70,60.11,56.94,59.63,4894213,110186704.00
2021/09/03,58.96,63.06,58.96,59.93,4889545,113900080.00
2021/09/06,61.52,66.08,60.11,64.92,6458288,155724192.00
2021/09/07,63.80,66.08,63.39,63.77,5624189,138800624.00
2021/09/08,65.36,65.82,62.60,65.82,6014560,147985392.00
2021/09/09,66.90,67.00,61.49,61.55,6589993,159279744.00
2021/09/10,62.11,62.49,59.52,62.21,3981405,93127104.00
2021/09/13,61.52,62.44,60.19,60.50,2880300,66958924.00
2021/09/14,62.26,63.18,60.06,60.47,4114264,96531008.00
2021/09/15,59.98,61.14,59.04,59.57,3282980,74953216.00
2021/09/16,59.60,60.11,56.45,56.45,4259885,94216944.00
2021/09/17,56.02,57.99,55.63,56.02,3038666,65639344.00
2021/09/22,55.22,56.76,55.22,55.30,2114680,44997384.00
2021/09/23,55.71,56.73,54.89,55.27,2500579,53206372.00
2021/09/24,55.63,55.63,53.74,53.89,2442202,50717300.00
2021/09/27,53.99,55.89,52.61,53.02,2888938,59356812.00
2021/09/28,53.02,53.46,52.18,52.43,2168805,43448864.00
2021/09/29,52.43,52.82,51.05,52.25,2668551,52471520.00
2021/09/30,56.40,56.40,52.61,53.30,3309022,68196672.00
2021/10/08,53.89,55.73,53.05,55.09,3725269,77242152.00
2021/10/11,55.09,55.79,54.45,55.04,2675271,56301320.00
2021/10/12,54.81,55.04,52.48,53.23,2456308,50078332.00
2021/10/13,53.23,55.02,52.56,54.58,2352425,48604856.00
2021/10/14,55.32,56.40,53.40,53.97,2753480,57248424.00
2021/10/15,53.05,53.99,52.76,52.84,2487008,50375904.00
2021/10/18,52.56,53.89,52.30,53.89,1954815,39573552.00
2021/10/19,53.94,54.33,52.69,52.92,2051448,41505624.00
2021/10/20,52.92,53.33,52.10,52.15,1560118,31266986.00
2021/10/21,52.15,52.69,49.49,50.36,3425982,65465296.00
2021/10/22,50.33,52.18,49.97,51.31,3322564,64962924.00
2021/10/25,51.31,51.46,49.80,50.38,1879640,35936336.00
2021/10/26,51.02,60.19,50.38,60.19,10026309,215320880.00
2021/10/27,59.29,65.10,59.11,63.18,15048542,356956096.00
2021/10/28,60.24,61.62,58.27,59.55,8583941,195945104.00
2021/10/29,58.70,69.20,58.42,65.82,13258385,326485408.00
2021/11/01,66.26,68.59,64.34,68.18,10466679,267596512.00
2021/11/02,67.36,75.63,65.87,67.18,11865694,320731968.00
2021/11/03,68.56,69.40,63.93,64.98,8666381,217531888.00
2021/11/04,66.33,67.00,63.88,65.72,7166701,178950256.00
2021/11/05,65.87,78.60,65.00,72.71,18616684,516969728.00
2021/11/08,73.04,79.54,69.89,76.11,18473499,527380992.00
2021/11/09,75.60,76.88,73.01,73.30,9239030,262308080.00
2021/11/10,73.73,76.04,71.84,73.71,7406543,210961504.00
2021/11/11,73.04,76.88,71.50,76.50,9466014,272543552.00
2021/11/12,80.72,82.46,70.94,72.02,10274435,294087168.00
2021/11/15,69.53,70.22,67.20,67.48,8073367,210941088.00
2021/11/16,67.72,70.20,67.23,68.23,6224088,164290896.00
2021/11/17,65.36,71.63,64.08,70.99,6909233,180314464.00
2021/11/18,70.48,70.74,67.92,68.43,4087760,107763656.00
2021/11/19,69.12,69.71,66.72,66.82,3920100,101608752.00
2021/11/22,67.02,71.71,65.36,70.74,6407672,170196208.00
2021/11/23,69.61,73.04,68.56,68.71,4805900,129338832.00
2021/11/24,69.23,76.85,66.64,74.78,9611817,268985856.00
2021/11/25,73.91,76.34,71.61,71.86,7323685,205240128.00
2021/11/26,70.10,70.68,67.33,68.07,5691356,149947168.00
2021/11/29,66.59,68.84,66.28,67.69,4045197,104465792.00
2021/11/30,67.69,70.94,67.69,69.58,5849672,155821952.00
2021/12/01,70.74,82.51,69.84,80.36,16871476,497659840.00
2021/12/02,80.85,84.18,79.59,80.16,12908498,405537152.00
2021/12/03,79.64,81.49,76.75,77.85,7713978,232908640.00
2021/12/06,79.03,79.03,73.07,73.81,6099259,174351344.00
2021/12/07,74.73,74.76,70.74,71.25,3953505,109020256.00
2021/12/08,70.99,76.09,70.99,74.19,4224530,120207712.00
2021/12/09,75.04,86.97,74.60,80.69,12838034,404812736.00
2021/12/10,80.39,81.31,76.83,76.98,9306646,280496896.00
2021/12/13,77.67,83.23,76.57,80.16,10146403,313082208.00
2021/12/14,79.29,83.61,76.98,80.80,9040451,277897376.00
2021/12/15,80.46,84.30,78.16,78.62,6834518,211494512.00
2021/12/16,78.16,82.23,77.37,80.52,8563998,264206240.00
2021/12/17,80.72,82.44,75.63,80.49,7002395,213166032.00
2021/12/20,80.13,88.53,80.13,85.71,11839826,388877344.00
2021/12/21,85.97,93.26,84.74,87.27,7736840,266078320.00
2021/12/22,88.66,95.44,85.33,91.93,8590465,302289600.00
2021/12/23,92.04,99.61,91.42,96.39,9185999,340566560.00
2021/12/24,96.46,96.75,89.73,90.76,5841714,208397312.00
2021/12/27,90.93,97.31,90.93,95.31,6292561,230244048.00
2021/12/28,97.90,98.05,85.33,87.09,11444692,391019200.00
2021/12/29,85.84,87.84,83.02,86.99,6096827,199256624.00
2021/12/30,85.84,94.80,84.48,89.37,9410672,325678080.00
2021/12/31,89.17,92.11,85.84,90.32,6830628,236846608.00
2022/01/04,90.32,92.21,87.17,90.81,4793697,165792480.00
2022/01/05,91.14,91.14,79.70,84.48,10601117,339901152.00
2022/01/06,83.56,86.86,81.23,85.00,4917731,158589264.00
2022/01/07,84.56,85.84,76.98,77.47,6393824,196228976.00
2022/01/10,76.78,78.44,75.40,76.24,6014945,177033312.00
2022/01/11,76.62,76.80,70.48,71.40,6511123,181130832.00
2022/01/12,71.45,72.63,69.89,70.28,5349845,145158112.00
2022/01/13,70.99,70.99,66.13,66.46,5883525,151854368.00
2022/01/14,65.82,73.50,65.39,71.12,8454097,227852144.00
2022/01/17,72.96,82.08,71.35,81.00,13096297,397499360.00
2022/01/18,82.03,83.61,78.75,79.70,7210967,223877472.00
2022/01/19,78.16,80.69,78.16,79.59,4416963,134857600.00
2022/01/20,80.21,80.26,76.06,76.93,3682370,109478888.00
2022/01/21,77.29,77.88,74.24,74.37,2941953,85157488.00
2022/01/24,74.73,81.44,73.55,79.64,4712587,142820080.00
2022/01/25,78.21,81.95,73.40,73.55,4035268,117975560.00
2022/01/26,74.35,76.37,72.02,72.40,2539687,71913344.00
2022/01/27,74.06,74.06,69.38,69.66,2990152,81059112.00
2022/01/28,69.66,71.43,67.15,67.31,3100708,81839392.00
2022/02/07,68.92,72.63,67.61,68.30,3136855,83438680.00
2022/02/08,68.38,68.51,65.77,67.33,2408530,61557472.00
2022/02/09,67.38,70.74,66.77,69.87,5215289,136949968.00
2022/02/10,69.66,70.97,67.23,69.71,3708719,98036064.00
2022/02/11,69.20,69.46,65.39,66.15,2817645,71902600.00
2022/02/14,65.36,66.38,63.06,64.41,2798098,69133736.00
2022/02/15,64.41,66.61,63.57,65.36,2097933,52643404.00
2022/02/16,66.38,67.15,64.59,65.21,2190981,54778316.00
2022/02/17,65.21,68.79,64.28,66.77,3360590,86299712.00
2022/02/18,65.80,66.46,64.67,65.90,2200106,55265500.00
2022/02/21,66.08,66.82,65.05,66.08,1377195,34721700.00
2022/02/22,66.05,66.05,63.34,65.10,2298911,56782068.00
2022/02/23,65.28,70.68,65.18,70.45,4147359,108711944.00
2022/02/24,71.15,73.30,68.66,69.92,5129949,139575440.00
2022/02/25,71.17,74.73,70.45,72.99,4230261,118350272.00
2022/02/28,72.78,74.45,71.81,73.53,2212801,62179088.00
2022/03/01,73.53,75.09,70.43,70.84,2935701,81030496.00
2022/03/02,70.84,71.35,69.35,70.86,2981814,80561168.00
2022/03/03,71.48,71.50,67.92,68.33,3225122,84967392.00
2022/03/04,67.92,68.89,62.54,62.88,6572986,162581024.00
2022/03/07,62.83,63.08,59.65,60.44,4789144,110555800.00
2022/03/08,61.08,62.44,58.73,60.91,4528965,104874728.00
2022/03/09,60.91,61.90,56.43,59.47,4444922,99968888.00
2022/03/10,61.52,61.83,57.24,58.24,4932938,110977976.00
2022/03/11,57.48,59.16,56.09,58.68,2452243,54077416.00
2022/03/14,58.50,58.55,56.53,57.09,2693360,58805388.00
2022/03/15,57.40,57.40,53.84,53.84,2851720,60080784.00
2022/03/16,54.68,55.12,51.82,54.28,5302048,108216480.00
2022/03/17,54.61,58.19,54.61,57.60,4227262,92169136.00
2022/03/18,57.19,57.19,55.48,55.81,2657620,56828028.00
2022/03/21,56.37,56.81,54.07,55.56,2559047,53580588.00
2022/03/22,56.53,56.53,54.76,55.40,2216639,46836804.00
2022/03/23,55.94,56.45,54.40,56.25,2290214,48626816.00
2022/03/24,57.12,57.12,54.38,54.89,2133919,44725112.00
2022/03/25,54.99,55.81,53.97,53.99,1790011,37270044.00
2022/03/28,53.69,55.63,52.84,54.66,2075139,42888180.00
2022/03/29,54.74,56.86,52.51,52.76,3206448,65877148.00
2022/03/30,53.15,53.69,51.84,53.33,3932172,78887552.00
2022/03/31,53.40,53.71,52.18,52.56,2575009,51867768.00
2022/04/01,52.30,53.02,51.18,53.02,2319109,45770924.00
2022/04/06,52.56,55.04,52.05,52.36,4058629,82341088.00
2022/04/07,51.97,52.66,48.98,49.51,5060619,96522944.00
2022/04/08,49.46,49.49,47.67,48.59,3242380,59767796.00
2022/04/11,49.44,49.44,45.90,46.49,3695900,65778468.00
2022/04/12,46.49,47.47,45.72,46.85,1944620,34461620.00
2022/04/13,47.16,47.18,44.91,45.16,2738481,47077740.00
2022/04/14,45.37,45.85,44.57,45.52,2666393,45775520.00
2022/04/15,45.42,45.52,43.55,44.47,2872808,48374908.00
2022/04/18,45.57,46.95,43.57,46.44,3271417,56388400.00
2022/04/19,46.47,47.93,46.03,46.47,2694407,47821208.00
2022/04/20,47.06,49.10,46.29,47.03,4123245,74530000.00
2022/04/21,46.16,47.49,43.88,44.39,3892132,67257912.00
2022/04/22,44.11,44.16,41.63,41.88,5843300,94135832.00
2022/04/25,41.99,41.99,37.20,37.28,5316636,78090960.00
2022/04/26,37.12,38.30,34.92,35.18,4848705,66488268.00
2022/04/27,35.18,39.22,34.18,38.58,5457468,74792880.00
2022/04/28,38.89,39.86,37.28,37.76,3355918,48225960.00
2022/04/29,38.43,39.48,36.94,39.30,3299320,48017884.00
2022/05/05,39.09,41.58,38.84,40.78,3593025,55073812.00
2022/05/06,38.94,40.58,38.53,40.27,2771768,41735776.00
2022/05/09,39.73,40.91,39.66,39.99,1787200,27163548.00
2022/05/10,39.20,40.91,39.20,40.37,2112420,32143204.00
2022/05/11,41.32,43.22,40.07,41.55,4487525,71468136.00
2022/05/12,40.96,44.04,40.78,43.34,4906487,79682840.00
2022/05/13,43.34,43.60,42.35,42.81,3400700,54937680.00
2022/05/16,43.24,44.32,42.63,43.11,3101420,50686160.00
2022/05/17,43.37,49.49,42.93,46.08,10005560,174314704.00
2022/05/18,46.16,48.52,45.44,47.11,7188363,128783336.00
2022/05/19,46.72,47.16,45.19,46.49,4749649,83082952.00
2022/05/20,47.13,48.72,46.47,47.57,4062957,73428392.00
2022/05/23,47.75,51.54,47.75,51.28,6650205,127217176.00
2022/05/24,51.33,53.00,47.64,48.03,7090366,135037776.00
2022/05/25,48.98,50.13,46.16,48.80,5643240,103911704.00
2022/05/26,49.74,49.97,46.85,48.31,3271096,59444108.00
2022/05/27,48.28,49.67,46.47,47.06,3462860,62572244.00
2022/05/30,47.08,49.39,45.85,48.85,4087134,74266896.00
2022/05/31,49.10,57.68,47.85,56.81,11710350,240896176.00
2022/06/01,56.25,57.83,54.45,55.73,8844299,188499952.00
2022/06/02,55.32,57.17,54.04,55.76,5648200,119485168.00
2022/06/06,55.30,57.27,55.30,56.60,6215417,133315952.00
2022/06/07,57.17,58.55,55.94,57.68,5770592,126046016.00
2022/06/08,57.68,58.19,55.43,57.42,5170071,112343344.00
2022/06/09,56.91,59.47,56.35,57.04,4680534,103180184.00
2022/06/10,56.25,58.81,56.25,57.94,4322258,94555032.00
2022/06/13,57.68,59.78,57.19,58.17,3294624,73301440.00
2022/06/14,57.19,57.42,54.12,56.48,4399394,93898496.00
2022/06/15,56.50,61.49,56.50,59.86,6921099,156670720.00
2022/06/16,59.24,61.24,58.96,59.83,2979388,68107136.00
2022/06/17,59.27,61.26,58.73,60.14,3541780,81637792.00
2022/06/20,60.55,63.44,60.55,62.11,3927196,93538584.00
2022/06/21,61.60,64.98,59.93,60.09,3495032,82701744.00
2022/06/22,60.19,62.67,60.19,61.06,3921924,92190944.00
2022/06/23,62.75,63.62,58.96,62.54,4851987,113957496.00
2022/06/24,62.67,67.82,61.78,67.38,7142879,178845760.00
2022/06/27,67.92,68.94,65.90,66.77,3366055,86274336.00
2022/06/28,67.10,67.28,64.03,66.13,4146337,103802240.00
2022/06/29,65.74,66.90,62.13,62.13,3109824,76203568.00
2022/06/30,62.98,64.59,61.78,63.98,3204372,77589416.00
2022/07/01,63.90,65.36,61.06,61.55,4326895,103934072.00
2022/07/04,61.55,61.60,57.63,57.63,7348891,164074160.00
2022/07/05,57.37,58.04,54.20,55.48,5393584,114828840.00
2022/07/06,55.20,56.40,54.15,54.79,3579259,75270840.00
2022/07/07,54.81,56.20,54.56,55.22,2271818,47836124.00
2022/07/08,55.84,63.47,55.40,58.37,8219289,186445104.00
2022/07/11,58.37,58.37,54.86,55.40,5014477,106652016.00
2022/07/12,55.32,55.38,52.38,52.53,4447282,90325128.00
2022/07/13,52.53,54.02,51.54,53.28,3397249,68134864.00
2022/07/14,53.02,54.15,52.18,53.48,2047607,41706576.00
2022/07/15,53.69,53.76,51.84,51.84,3406202,68057904.00
2022/07/18,52.18,54.04,51.69,53.61,3382800,68404800.00
2022/07/19,53.28,54.48,53.28,53.97,2537917,52102536.00
2022/07/20,54.84,54.84,52.84,54.10,3011457,61261224.00
2022/07/21,53.97,54.58,53.02,53.30,3592878,73330120.00
2022/07/22,53.20,54.02,51.02,51.84,3578115,70972888.00
2022/07/25,52.18,52.76,51.10,51.54,2370693,46645360.00
2022/07/26,51.51,54.40,50.95,53.76,4678609,94575632.00
2022/07/27,54.56,59.52,52.87,58.45,10052366,219630944.00
2022/07/28,60.34,61.39,57.53,60.37,8954176,203618016.00
2022/07/29,60.37,61.78,59.24,60.78,4397031,101803472.00
2022/08/01,59.98,64.92,59.98,64.08,5621347,136168576.00
2022/08/02,63.08,64.16,60.65,60.98,5866025,138547408.00
2022/08/03,61.14,63.72,60.27,60.62,3926526,93035168.00
2022/08/04,60.75,63.31,60.24,60.91,4051854,95069160.00
2022/08/05,60.91,62.93,60.55,62.21,3207624,76215872.00
2022/08/08,61.90,65.23,60.55,64.92,4831737,117286088.00
2022/08/09,64.92,65.95,62.36,64.98,4499103,110637056.00
2022/08/10,64.44,67.61,64.41,66.51,3834500,97816448.00
2022/08/11,66.51,72.96,66.15,72.40,7396283,200160288.00
2022/08/12,71.91,74.04,67.79,68.05,6918303,187682144.00
2022/08/15,68.30,73.01,68.07,71.58,8531146,232946800.00
2022/08/16,72.02,75.04,70.92,72.68,5520892,154829616.00
2022/08/17,75.60,78.13,73.14,77.06,9248891,270916512.00
2022/08/18,75.96,79.34,75.96,78.42,7154090,214013088.00
2022/08/19,79.44,84.30,75.09,75.22,12726252,387010208.00
2022/08/22,76.37,78.54,73.63,74.24,9047051,264131024.00
2022/08/23,73.45,75.78,71.53,73.65,6282453,177354560.00
2022/08/24,74.58,74.58,67.92,68.84,8057920,216554576.00
2022/08/25,69.20,69.64,63.72,65.03,5901058,148009216.00
2022/08/26,65.03,68.69,64.46,65.74,4532723,115130792.00
2022/08/29,64.41,66.84,62.29,64.98,8000435,197775696.00
2022/08/30,64.98,66.61,63.85,64.41,4101440,101939088.00
2022/08/31,63.90,64.92,59.47,59.78,5435821,127428488.00
2022/09/01,59.96,61.42,57.94,58.70,3714114,83252912.00
2022/09/02,60.21,63.03,57.88,62.44,5142740,120608304.00
2022/09/05,63.24,63.24,60.14,60.85,3649681,85169296.00
2022/09/06,60.91,62.13,59.42,61.21,4036138,93985472.00
2022/09/07,61.21,65.72,60.75,64.67,5266135,129216600.00
2022/09/08,64.05,68.23,62.29,62.52,5324564,131854872.00
2022/09/09,62.75,63.03,60.39,62.65,3216946,75905560.00
2022/09/13,62.72,65.59,61.93,63.13,3472703,84140488.00
2022/09/14,62.24,67.43,61.72,65.00,6645559,165364528.00
2022/09/15,64.28,64.44,59.73,60.47,6551379,154154000.00
2022/09/16,60.32,62.49,59.16,61.11,3837854,89453128.00
2022/09/19,61.90,61.90,58.12,58.63,4011194,91165480.00
2022/09/20,58.96,62.44,58.96,61.16,3794426,88589656.00
2022/09/21,61.16,61.16,58.83,59.93,2730802,62427600.00
2022/09/22,58.65,61.26,58.58,58.96,2687166,61038072.00
2022/09/23,57.68,58.83,54.63,55.02,4431100,94634536.00
2022/09/26,54.10,58.40,53.79,57.17,3437954,74528440.00
2022/09/27,57.81,59.47,56.60,58.01,2483462,54982400.00
2022/09/28,57.83,58.32,53.76,53.97,5219354,109388288.00
2022/09/29,54.22,55.56,53.84,54.17,2712586,56336780.00
2022/09/30,54.25,54.35,51.79,52.00,2813648,56365520.00
2022/10/10,53.02,53.02,46.42,46.70,7275346,132552496.00
2022/10/11,47.39,49.36,46.49,47.85,4894502,88924184.00
2022/10/12,48.18,49.23,47.11,49.13,5415328,99466872.00
2022/10/13,49.10,50.13,46.67,46.93,7267469,132317040.00
2022/10/14,47.44,49.44,47.34,49.18,5643875,103816456.00
2022/10/17,49.23,58.76,49.10,58.76,10427870,214549232.00
2022/10/18,61.39,61.52,55.43,56.09,15100980,324120384.00
2022/10/19,56.09,59.16,55.56,56.76,11779822,255915536.00
2022/10/20,56.22,57.14,53.74,55.02,7917175,165956752.00
2022/10/21,54.89,55.17,52.94,54.33,6139020,126372856.00
2022/10/24,54.79,55.76,51.79,53.02,6469004,132971752.00
2022/10/25,52.20,54.22,51.18,53.05,5309609,106612640.00
2022/10/26,53.10,54.10,52.15,53.43,4255824,86491448.00
2022/10/27,51.48,53.20,51.10,51.92,6153495,122076672.00
2022/10/28,51.15,51.77,48.34,48.75,6114950,115502736.00
2022/10/31,48.49,50.72,48.18,48.98,4157621,78242184.00
2022/11/01,49.51,50.49,48.54,50.31,3908371,73845640.00
2022/11/02,56.12,58.65,52.84,53.89,22019884,469739840.00
2022/11/03,53.07,53.53,51.72,53.05,9334436,187158512.00
2022/11/04,53.33,55.25,52.38,54.61,7970202,163204576.00
2022/11/07,54.81,57.37,53.92,55.45,8558225,180846848.00
2022/11/08,55.63,55.89,53.79,54.33,5716400,118522232.00
2022/11/09,54.22,54.53,53.23,53.51,3292499,67202760.00
2022/11/10,53.43,55.50,52.82,53.51,8021771,165976160.00
2022/11/11,54.86,55.04,53.64,54.22,6434622,133258680.00
2022/11/14,53.99,54.61,52.38,53.05,5271256,106639240.00
2022/11/15,52.33,54.99,52.10,54.94,6415635,132564096.00
2022/11/16,54.99,55.25,53.23,53.53,4262300,87776648.00
2022/11/17,53.58,53.58,51.48,53.35,4303000,85930648.00
2022/11/18,53.43,54.35,51.20,51.20,6524762,130772232.00
2022/11/21,50.67,51.74,49.87,51.54,4030060,77703760.00
2022/11/22,51.41,52.10,50.15,50.44,3502600,68006272.00
2022/11/23,50.41,50.41,48.31,49.36,3849580,71864912.00
2022/11/24,49.97,50.33,48.85,50.00,3057600,57803528.00
2022/11/25,50.00,50.00,48.59,48.62,2486081,46350880.00
2022/11/28,48.16,48.34,47.29,47.80,2284096,41357876.00
2022/11/29,47.85,48.80,47.85,48.26,2333076,42867476.00
2022/11/30,48.26,49.59,47.98,48.92,2821798,52305892.00
2022/12/01,49.69,50.31,48.85,48.85,3167099,59611364.00
2022/12/02,51.25,51.69,49.49,49.69,5231270,99845120.00
2022/12/05,49.69,50.20,49.18,49.87,3166018,59578956.00
2022/12/06,49.80,50.44,49.28,49.67,2917564,55225944.00
2022/12/07,50.00,50.00,49.00,49.26,2217200,41617336.00
2022/12/08,49.26,49.26,48.18,48.28,2769242,51131852.00
2022/12/09,48.41,49.13,48.11,48.80,2236784,41363940.00
2022/12/12,48.46,49.44,48.16,49.00,2491962,46155660.00
2022/12/13,49.18,49.31,48.08,48.31,2826611,52139152.00
2022/12/14,48.31,49.69,48.31,49.03,3160648,58908624.00
2022/12/15,48.72,50.92,48.11,49.87,4030493,76348768.00
2022/12/16,49.41,49.59,48.16,48.28,2439371,45031388.00
2022/12/19,48.21,48.90,46.49,46.65,2715994,48786028.00
2022/12/20,46.54,47.47,46.34,46.70,1413712,25115986.00
2022/12/21,46.42,47.24,45.34,45.52,1890315,32972694.00
2022/12/22,45.55,46.21,44.88,44.91,1646147,28393580.00
2022/12/23,44.88,45.21,43.60,44.14,2150384,36050480.00
2022/12/26,44.21,46.24,44.21,46.19,2553900,44003120.00
2022/12/27,46.19,46.65,45.21,46.26,1700800,29608032.00
2022/12/28,46.24,46.24,44.96,45.14,1416360,24339792.00
2022/12/29,45.11,45.65,44.37,44.37,1467887,24962804.00
2022/12/30,44.50,44.93,44.06,44.39,1199000,20193774.00
2023/01/03,44.42,46.11,44.11,46.06,1993190,34266968.00
2023/01/04,45.90,46.47,45.39,45.78,1613350,28077174.00
2023/01/05,45.55,46.54,45.26,46.39,1885679,32995672.00
2023/01/06,46.36,47.57,46.21,46.80,2271102,40456600.00
2023/01/09,47.18,47.57,46.67,47.03,1523628,27243776.00
2023/01/10,47.36,48.34,47.06,47.11,2296821,41382060.00
2023/01/11,47.18,47.70,46.49,46.60,1620222,28972632.00
2023/01/12,46.19,48.67,46.16,48.03,3375377,61138272.00
2023/01/13,48.21,48.26,47.08,47.21,2017968,36317188.00
2023/01/16,47.21,48.36,47.08,48.00,2398364,43639564.00
2023/01/17,48.11,48.92,47.70,48.16,1822350,33484650.00
2023/01/18,48.31,48.52,47.90,48.31,1361593,24956050.00
2023/01/19,48.31,49.10,47.95,48.75,1717301,31710446.00
2023/01/20,48.90,49.13,48.11,48.64,2195045,40498384.00
2023/01/30,48.59,50.33,47.95,49.85,4587099,86337672.00
2023/01/31,49.69,50.49,49.13,49.95,2494560,47183012.00
2023/02/01,49.74,50.77,49.74,50.69,2636450,50567720.00
2023/02/02,51.05,53.00,50.72,51.72,5467777,108118504.00
2023/02/03,52.30,53.76,51.13,53.25,5718866,114155904.00
2023/02/06,53.05,53.05,51.48,51.59,3269031,64622984.00
2023/02/07,52.36,53.33,51.92,53.17,3821160,76736224.00
2023/02/08,52.59,53.33,52.05,52.56,3092577,61903156.00
2023/02/09,52.46,52.79,52.10,52.25,2749114,54835156.00
2023/02/10,52.02,53.05,51.72,52.10,2332100,46469960.00
2023/02/13,52.51,52.51,51.64,52.00,2180100,43105340.00
2023/02/14,52.07,52.74,51.46,51.56,1728856,34128276.00
2023/02/15,51.66,54.22,51.66,53.69,5150852,104356344.00
2023/02/16,53.33,53.84,50.51,51.02,4363015,86612648.00
2023/02/17,51.08,51.46,49.69,49.90,2950817,56376956.00
2023/02/20,50.00,50.41,48.92,49.77,1830920,34615740.00
2023/02/21,49.95,50.87,49.51,49.95,1994452,38023772.00
2023/02/22,49.92,50.38,49.62,50.05,1070732,20326900.00
2023/02/23,50.08,50.64,49.26,49.95,2558526,48622804.00
2023/02/24,49.72,50.23,49.03,49.18,1735170,32633544.00
2023/02/27,49.23,49.54,48.08,48.44,1679527,31072894.00
2023/02/28,48.75,49.41,47.90,48.64,1691232,31169644.00
2023/03/01,48.59,48.95,48.39,48.72,2066466,38161564.00
2023/03/02,48.92,49.69,48.18,48.26,2350637,43558088.00
2023/03/03,48.46,49.26,47.75,47.95,2000279,36671860.00
2023/03/06,47.95,48.52,47.39,48.00,2127686,38698932.00
2023/03/07,48.00,48.13,46.57,46.57,2342542,41935696.00
2023/03/08,46.75,47.64,46.52,47.49,1882343,33715940.00
2023/03/09,47.95,48.44,47.49,48.28,1848123,33765336.00
2023/03/10,48.18,48.57,47.62,48.00,1796584,32679946.00
2023/03/13,47.39,47.88,46.90,47.41,1834900,32841786.00
2023/03/14,47.90,47.90,45.80,46.77,2193762,38779604.00
2023/03/15,47.18,48.26,46.67,47.47,2211162,40028944.00
2023/03/16,47.06,47.54,46.06,46.19,1614200,28528344.00
2023/03/17,46.54,47.00,46.21,46.77,1362571,24119684.00
2023/03/20,47.11,47.44,46.34,47.18,2015456,35919240.00
2023/03/21,47.39,47.88,46.80,47.85,1458856,26271278.00
2023/03/22,47.85,48.90,47.82,48.90,2415864,44484628.00
2023/03/23,48.82,49.41,48.34,49.41,2010636,37377128.00
2023/03/24,49.95,51.61,49.46,50.87,4534575,87444624.00
2023/03/27,50.54,51.15,49.49,50.26,2571312,49062596.00
2023/03/28,50.64,50.67,48.54,48.67,2431494,45350292.00
2023/03/29,48.59,50.13,48.54,49.62,2045800,38387896.00
2023/03/30,49.82,50.44,48.92,49.10,1411700,26484568.00
2023/03/31,48.75,49.33,48.46,49.13,1527950,28392676.00
2023/04/03,49.13,49.72,48.62,49.51,1887900,35247836.00
2023/04/04,49.72,49.87,48.39,49.00,2209200,41090156.00
2023/04/06,48.41,49.97,48.34,49.39,2345350,43964600.00
2023/04/07,49.56,49.72,48.72,49.59,2053615,38395320.00
2023/04/10,49.69,50.49,48.21,48.36,2793837,52268988.00
2023/04/11,48.54,48.75,47.64,47.82,1687280,30779314.00
2023/04/12,48.26,51.15,48.26,50.08,4664210,88429880.00
2023/04/13,50.08,50.33,48.31,48.41,3320036,61982420.00
2023/04/14,48.44,48.72,47.06,48.44,2217600,40334792.00
2023/04/17,48.34,48.39,47.49,47.70,1709000,30981460.00
2023/04/18,47.70,47.70,45.65,45.67,3114000,54528616.00
2023/04/19,45.55,46.36,45.06,45.26,2268254,39217192.00
2023/04/20,45.06,45.47,44.39,44.98,1826752,31090612.00
2023/04/21,44.96,45.39,41.32,41.45,4523860,73211544.00
2023/04/24,41.55,41.86,40.66,40.86,2179047,33800636.00
2023/04/25,42.83,42.83,40.30,40.86,3010351,46733780.00
2023/04/26,40.35,41.45,40.30,40.73,2166292,33534748.00
2023/04/27,40.43,41.04,39.73,40.02,1945652,29564912.00
2023/04/28,39.81,41.58,39.79,41.50,1733342,26838840.00
2023/05/04,41.60,41.68,40.40,40.78,1783000,27500818.00
2023/05/05,40.78,41.27,40.53,40.89,1453080,22369848.00
2023/05/08,40.89,41.53,40.43,40.96,1056100,16271280.00
2023/05/09,40.45,41.86,40.17,40.58,2055232,31652536.00
2023/05/10,40.96,41.35,40.14,40.68,1436776,21933732.00
2023/05/11,40.68,42.83,40.63,42.29,2794679,44341276.00
2023/05/12,42.32,42.52,41.04,41.19,1678172,26394318.00
2023/05/15,41.04,41.86,41.01,41.81,1374900,21535198.00
2023/05/16,41.73,44.27,41.71,42.40,3249965,52539228.00
2023/05/17,42.06,43.70,42.06,43.34,2851187,46550792.00
2023/05/18,43.06,43.65,42.52,43.29,2485136,40540004.00
2023/05/19,42.70,44.37,42.70,43.96,2378110,39432264.00
2023/05/22,43.65,44.29,43.47,43.96,1496600,24860040.00
2023/05/23,43.68,44.11,43.34,43.68,1387971,22941908.00
2023/05/24,43.68,44.24,42.96,43.65,1877239,31135172.00
2023/05/25,44.24,44.24,42.96,43.57,2349360,38704148.00
2023/05/26,43.34,44.06,43.27,43.91,1897422,31408458.00
2023/05/29,44.06,44.85,43.52,43.68,1662572,27605058.00
2023/05/30,43.37,45.42,43.27,45.39,3234969,54496456.00
2023/05/31,45.39,46.29,44.88,45.44,2608614,45059920.00
2023/06/01,45.78,45.98,44.93,45.62,1933000,33397460.00
2023/06/02,46.19,48.39,46.19,47.31,4542308,81479168.00
2023/06/05,46.16,48.59,46.16,47.31,3405298,61437656.00
2023/06/06,47.49,47.52,45.16,45.34,2919700,50920688.00
2023/06/07,45.39,46.11,45.14,45.85,1758412,30486016.00
2023/06/08,45.39,46.39,44.83,44.83,1905151,32871686.00
2023/06/09,46.16,47.06,44.37,45.32,2183496,37470976.00
2023/06/12,44.47,45.52,44.42,44.96,1622349,27704552.00
2023/06/13,45.01,45.26,44.57,44.80,1391220,23667644.00
2023/06/14,44.39,44.85,43.78,44.29,1870771,31298388.00
2023/06/15,44.11,44.65,43.75,44.19,1608808,26901658.00
2023/06/16,44.24,45.11,43.60,44.73,2245483,37674356.00
2023/06/19,44.50,45.78,44.50,45.57,1829715,31420798.00
2023/06/20,45.62,46.03,44.75,44.91,1615683,27638562.00
2023/06/21,44.91,45.52,43.34,43.37,1714500,28532826.00
2023/06/26,43.24,43.63,41.81,41.96,2006291,32140010.00
2023/06/27,42.63,42.91,41.94,42.76,1406200,22616236.00
2023/06/28,42.63,42.83,41.37,42.32,1651900,26263664.00
2023/06/29,42.06,43.34,41.73,43.09,1929400,31269984.00
2023/06/30,43.63,45.26,42.78,44.96,2430260,40879976.00
2023/07/03,44.98,45.83,44.09,44.16,1648500,27913872.00
2023/07/04,44.11,45.88,43.86,45.65,2160832,37050052.00
2023/07/05,45.34,46.03,45.01,45.44,1714900,29575740.00
2023/07/06,45.14,45.96,44.96,45.16,1679000,28882944.00
2023/07/07,45.32,45.32,44.11,44.50,1407200,23798708.00
2023/07/10,44.75,44.78,43.57,43.68,1512620,25211642.00
2023/07/11,43.47,45.24,43.47,44.73,1490737,25176228.00
2023/07/12,44.73,45.11,43.73,43.78,1126436,18904064.00
2023/07/13,44.21,44.68,43.78,44.32,1475998,24790198.00
2023/07/14,44.21,45.52,44.09,45.26,2022680,34430340.00
2023/07/17,45.85,46.93,44.91,45.37,3215744,55758056.00
2023/07/18,45.55,45.93,44.78,45.32,1927150,33045876.00
2023/07/19,45.14,45.52,44.32,44.42,1325850,22436382.00
2023/07/20,44.57,44.68,43.14,43.27,1521000,25204260.00
2023/07/21,42.99,43.70,42.60,42.73,1212760,19748058.00
2023/07/24,42.32,43.47,42.04,42.70,1003200,16253994.00
2023/07/25,42.88,43.73,42.83,43.60,1149300,18886752.00
2023/07/26,43.60,43.60,42.73,42.83,1171159,19075372.00
2023/07/27,42.83,43.32,41.94,42.19,1484685,23867268.00
2023/07/28,42.29,43.04,41.81,42.93,1239265,19884620.00
2023/07/31,43.01,43.68,42.50,43.27,1102221,18057618.00
2023/08/01,42.96,43.55,42.86,43.34,811600,13252391.00
2023/08/02,43.65,43.65,42.70,43.40,863150,14093880.00
2023/08/03,43.34,43.34,42.78,42.96,657200,10680713.00
2023/08/04,43.04,43.60,42.96,42.99,746800,12220000.00
2023/08/07,42.96,43.09,42.65,42.73,896800,14518600.00
2023/08/08,43.24,43.24,42.14,42.52,968750,15555924.00
2023/08/09,42.58,42.58,41.50,41.60,1020099,16151311.00
2023/08/10,41.60,41.91,41.19,41.45,940173,14727488.00
2023/08/11,41.53,42.12,40.02,40.12,1668580,25648910.00
2023/08/14,40.12,40.48,39.35,39.94,1634921,24496806.00
2023/08/15,39.81,40.76,39.22,39.89,2037498,30501322.00
2023/08/16,39.63,39.96,38.76,38.89,1352060,20025982.00
2023/08/17,38.74,39.91,38.35,39.79,1501120,22310156.00
2023/08/18,39.79,40.25,39.04,39.04,1387000,20788860.00
2023/08/21,39.71,39.71,38.02,38.25,1866730,27210432.00
2023/08/22,38.79,38.79,37.43,38.58,1841700,26448258.00
2023/08/23,38.51,38.94,37.46,37.64,1564400,22393880.00
2023/08/24,37.81,38.51,37.30,37.89,1654700,23660444.00
2023/08/25,38.28,38.28,36.33,36.56,2183534,30379732.00
2023/08/28,38.51,39.20,36.87,37.00,2121660,30064324.00
2023/08/29,37.00,38.84,35.87,38.71,2401994,34596316.00
2023/08/30,39.32,41.09,38.99,40.58,3672310,56094724.00
2023/08/31,40.58,41.32,40.25,40.94,2625624,40564240.00
2023/09/01,41.17,41.32,40.35,40.58,1611067,24721268.00
2023/09/04,40.84,41.04,40.30,41.04,1475700,22636042.00
2023/09/05,41.07,42.22,41.01,41.60,1922849,30284904.00
2023/09/06,41.76,43.22,41.53,43.09,3202693,51529244.00
2023/09/07,42.83,43.06,42.06,42.24,2308766,37113668.00
2023/09/08,42.24,43.24,41.68,43.04,1983880,32130312.00
2023/09/11,42.91,43.42,41.86,42.55,1898816,30711534.00
2023/09/12,42.37,42.78,42.19,42.58,1696520,27263454.00
2023/09/13,42.32,42.40,41.50,41.78,1707985,27007678.00
2023/09/14,41.68,42.09,40.89,41.63,1483080,23316558.00
2023/09/15,41.81,42.09,41.07,41.30,1297000,20300522.00
2023/09/18,41.50,41.81,40.76,41.17,1299185,20265080.00
2023/09/19,41.27,41.32,40.32,40.48,1009700,15497475.00
2023/09/20,40.50,41.24,40.20,40.20,1069700,16388868.00
2023/09/21,39.91,40.53,39.73,40.35,1076106,16348412.00
2023/09/22,40.22,41.17,40.02,41.01,1146285,17657528.00
2023/09/25,41.32,42.81,40.45,41.71,4457851,69909952.00
2023/09/26,41.83,42.29,39.63,41.12,4961625,76569256.00
2023/09/27,41.09,41.94,40.63,40.71,2907394,45164564.00
2023/09/28,40.84,43.45,40.84,43.16,5274576,85245976.00
2023/10/09,42.99,44.29,42.37,43.98,5588468,92349688.00
2023/10/10,44.21,44.55,43.37,43.98,3220535,53610764.00
2023/10/11,43.52,46.75,43.42,45.39,6196805,106104568.00
2023/10/12,45.39,52.56,45.39,46.80,10557965,189672000.00
2023/10/13,46.80,47.13,45.34,45.98,6244425,109064680.00
2023/10/16,46.01,46.16,44.70,44.91,4188135,71536960.00
2023/10/17,44.85,45.14,44.39,44.62,2516840,42561908.00
2023/10/18,44.57,44.78,43.70,43.78,2321738,38797832.00
2023/10/19,43.57,45.14,43.57,43.88,3553816,59820992.00
2023/10/20,43.73,44.44,42.78,42.86,2117500,34724156.00
2023/10/23,42.86,43.22,41.55,41.91,2442160,38993356.00
2023/10/24,41.91,43.32,41.50,42.83,2209441,35483576.00
2023/10/25,43.57,43.57,42.76,43.40,1620000,26502168.00
2023/10/26,43.11,43.88,42.58,43.83,2135100,34917232.00
2023/10/27,44.75,45.16,43.22,45.03,3462545,58423040.00
2023/10/30,44.80,45.98,44.60,45.67,2571570,44315740.00
2023/10/31,45.62,47.59,45.24,45.72,3173875,55585080.00
2023/11/01,45.70,46.80,45.06,46.08,2648574,46402692.00
2023/11/02,45.96,46.70,45.11,45.16,1951900,33790148.00
2023/11/03,45.29,47.67,45.29,47.21,4829258,85677384.00
2023/11/06,47.21,49.69,47.21,49.13,4946712,91836928.00
2023/11/07,48.98,54.61,48.72,51.79,14170346,278973504.00
2023/11/08,52.30,55.07,51.84,53.10,15082298,305465888.00
2023/11/09,53.10,53.48,50.46,51.02,8095540,158600240.00
2023/11/10,51.02,52.74,49.62,51.13,6012300,116405880.00
2023/11/13,50.92,51.64,49.77,50.05,4039100,77454232.00
2023/11/14,50.20,50.51,49.46,49.69,3784600,71789728.00
2023/11/15,50.28,50.79,49.00,49.41,3925600,73886280.00
2023/11/16,49.95,50.00,49.03,49.16,3084800,57923868.00
2023/11/17,49.03,49.85,49.00,49.77,2588154,48697964.00
2023/11/20,49.74,52.07,49.62,51.92,5336482,103373840.00
2023/11/21,51.84,52.69,50.77,51.02,3026600,59467164.00
2023/11/22,51.31,51.77,49.82,50.00,2044500,39240852.00
2023/11/23,49.82,50.79,49.67,50.72,1668600,31947216.00
2023/11/24,51.10,51.10,49.39,49.64,1643300,31081272.00
2023/11/27,49.74,50.64,49.13,49.56,2419600,45845360.00
2023/11/28,49.36,51.82,49.36,50.31,3132700,60186640.00
2023/11/29,50.26,51.59,50.00,50.69,3217262,62353472.00
2023/11/30,50.69,50.69,49.46,50.20,2381700,45290600.00
2023/12/01,50.23,50.23,49.13,49.49,2288396,43105352.00
2023/12/04,49.51,49.72,48.46,48.98,2128324,39634764.00
2023/12/05,49.16,49.92,47.88,47.90,2134212,39094848.00
2023/12/06,48.08,48.59,47.44,48.08,1570360,28684250.00
2023/12/07,47.95,48.46,47.57,48.05,1621039,29568658.00
2023/12/08,48.05,49.03,47.75,48.28,1956349,36015692.00
2023/12/11,48.31,49.05,47.57,48.77,2575891,47283808.00
2023/12/12,48.77,49.26,48.23,48.36,1538660,28374670.00
2023/12/13,48.28,48.67,47.72,47.88,1542600,28147910.00
2023/12/14,47.90,48.21,47.18,47.18,1839690,33281016.00
2023/12/15,47.67,47.75,46.88,46.88,1682200,30167176.00
2023/12/18,46.62,46.62,44.44,45.39,4908864,84732408.00
2023/12/19,45.78,46.54,44.91,46.24,3268210,56869280.00
2023/12/20,46.24,47.44,45.96,46.16,3385000,59975220.00
2023/12/21,45.52,46.21,44.78,45.65,2688800,46274856.00
2023/12/22,45.85,46.16,44.60,44.83,2680415,46021020.00
2023/12/25,43.91,45.39,43.91,45.03,4285336,72331672.00
2023/12/26,44.37,44.96,42.70,43.63,4229577,69543544.00
2023/12/27,44.24,45.21,43.37,44.96,3788661,63734268.00
2023/12/28,45.01,46.31,44.11,45.57,3171360,54328500.00
2023/12/29,46.01,48.21,45.37,47.88,4949805,89116992.00
2024/01/02,47.75,48.62,47.39,47.82,3697305,67201080.00
2024/01/03,47.54,47.88,45.65,46.29,4194923,73854552.00
2024/01/04,46.31,46.72,45.55,45.62,3079495,53675596.00
2024/01/05,45.60,46.13,44.34,44.62,2669278,45634500.00
2024/01/08,44.65,44.68,43.22,43.22,2135619,35446036.00
2024/01/09,43.27,44.37,43.06,43.32,2700755,44713428.00
2024/01/10,43.29,43.32,41.99,42.60,2736700,44073432.00
2024/01/11,42.52,43.19,42.22,42.99,1905914,30883176.00
2024/01/12,42.93,43.24,42.27,42.73,2191900,35400972.00
2024/01/15,43.24,43.42,42.12,42.78,1891543,30569412.00
2024/01/16,43.01,43.01,41.58,42.19,2492025,39661128.00
2024/01/17,42.12,42.35,41.04,41.04,1755037,27631270.00
2024/01/18,40.96,41.63,39.50,40.63,3027389,45922776.00
2024/01/19,40.60,40.99,40.17,40.27,1942400,29664492.00
2024/01/22,39.79,40.30,37.00,37.35,2775700,40378364.00
2024/01/23,37.20,38.56,36.20,36.76,3512406,48466532.00
2024/01/24,38.38,41.01,37.20,38.53,7505609,108899528.00
2024/01/25,38.51,40.07,38.20,39.56,5196856,76949344.00
2024/01/26,39.96,40.04,38.86,39.04,3490351,52031368.00
2024/01/29,39.04,39.94,37.10,37.35,3003165,42891252.00
2024/01/30,36.56,37.20,35.77,36.00,3130862,42774004.00
2024/01/31,35.38,36.00,33.05,33.33,5219043,66523596.00
2024/02/01,33.54,33.69,32.08,32.85,4149691,51175108.00
2024/02/02,33.23,33.85,29.26,30.93,5037801,59009288.00
2024/02/05,30.34,30.36,25.40,26.52,7074096,71615696.00
2024/02/06,25.68,27.24,24.14,26.06,7867407,74003352.00
2024/02/07,25.99,26.01,22.61,22.97,12341262,109910416.00
2024/02/08,22.94,27.19,20.00,26.76,12789518,110770968.00
2024/02/19,26.65,28.70,26.65,28.52,6819938,71001176.00
数据来源:通达信
