301113 雅艺科技 日线 后复权
      日期	    开盘	    最高	    最低	    收盘	    成交量	    成交额
2021/12/22,68.88,89.40,64.44,66.66,12434265,896473536.00
2021/12/23,57.00,59.71,53.00,53.00,10329492,574375936.00
2021/12/24,51.05,51.63,46.61,46.88,7727475,375195776.00
2021/12/27,45.98,50.45,45.55,47.91,6292363,300186368.00
2021/12/28,47.00,47.38,45.75,46.78,4322538,200916608.00
2021/12/29,46.30,48.18,45.72,47.94,4350374,204758240.00
2021/12/30,47.03,47.60,46.73,46.91,3578415,168342480.00
2021/12/31,46.26,47.19,46.26,46.30,2474260,115473648.00
2022/01/04,46.87,47.81,46.43,46.60,2868442,135003776.00
2022/01/05,46.40,46.40,43.18,43.35,3910234,172257920.00
2022/01/06,43.00,43.79,42.81,43.47,1802961,78315952.00
2022/01/07,43.35,44.40,42.67,42.76,2186069,94978080.00
2022/01/10,42.20,43.80,42.13,43.53,1495733,64664336.00
2022/01/11,43.65,44.40,43.15,43.26,1673306,73399136.00
2022/01/12,43.28,44.27,43.28,44.20,1653165,72428472.00
2022/01/13,44.01,44.38,43.39,43.39,1495814,65537828.00
2022/01/14,43.21,44.20,43.00,43.38,1557137,67876696.00
2022/01/17,43.22,43.65,42.85,43.26,1209796,52224756.00
2022/01/18,43.27,43.44,42.23,43.01,1775073,75783440.00
2022/01/19,42.97,43.48,42.50,43.04,1363329,58559072.00
2022/01/20,42.98,43.38,40.56,40.56,2053998,85606880.00
2022/01/21,40.50,40.99,38.76,39.41,1798120,71263136.00
2022/01/24,39.24,39.69,39.11,39.20,712100,27993500.00
2022/01/25,39.15,39.49,36.88,36.88,1549462,58592816.00
2022/01/26,37.01,37.59,36.90,37.27,878362,32697854.00
2022/01/27,37.22,37.48,35.90,36.00,1079716,39363148.00
2022/01/28,36.56,37.50,36.15,36.87,857912,31583774.00
2022/02/07,37.80,38.00,37.11,37.40,718400,26912220.00
2022/02/08,37.39,38.25,37.25,38.13,1066812,40349428.00
2022/02/09,38.23,38.49,37.93,38.33,776616,29673224.00
2022/02/10,38.40,38.49,37.53,37.70,742102,28096532.00
2022/02/11,37.78,37.97,36.69,37.06,839885,31336088.00
2022/02/14,36.70,38.25,36.70,37.71,948253,35835756.00
2022/02/15,37.73,38.00,37.47,37.80,556086,20978452.00
2022/02/16,38.00,39.44,37.88,39.44,1998194,77395528.00
2022/02/17,39.60,42.89,38.80,41.35,3906398,159164944.00
2022/02/18,40.28,40.45,39.28,39.98,2157804,85798120.00
2022/02/21,39.98,40.24,39.39,39.87,1223920,48695836.00
2022/02/22,39.88,39.98,38.68,38.68,1115819,43589192.00
2022/02/23,38.81,39.30,38.47,38.92,932899,36286584.00
2022/02/24,38.68,39.60,36.80,37.08,1685255,64229896.00
2022/02/25,37.60,38.79,37.54,38.07,1271100,48561136.00
2022/02/28,38.46,38.58,37.21,38.23,790244,29888770.00
2022/03/01,38.01,38.75,38.01,38.44,562145,21591528.00
2022/03/02,38.90,39.50,38.22,39.20,1140700,44482660.00
2022/03/03,39.20,39.25,38.51,38.76,891702,34606528.00
2022/03/04,38.50,38.99,37.90,38.32,764602,29414052.00
2022/03/07,38.49,38.49,37.55,37.88,580394,21995166.00
2022/03/08,38.00,38.01,35.42,35.50,1069945,39073352.00
2022/03/09,35.54,35.98,33.60,35.22,896449,31336314.00
2022/03/10,35.62,36.44,35.52,35.69,754254,27121172.00
2022/03/11,35.34,35.68,34.48,35.63,638097,22364474.00
2022/03/14,35.30,35.43,34.60,34.60,507700,17737712.00
2022/03/15,34.66,34.79,32.50,32.55,833829,27985746.00
2022/03/16,32.90,33.39,32.02,33.29,731800,24028268.00
2022/03/17,33.80,34.80,33.35,34.01,971940,33259676.00
2022/03/18,33.66,34.86,33.55,34.74,882100,30390160.00
2022/03/21,34.84,36.02,34.61,35.73,1062500,37663232.00
2022/03/22,35.60,37.20,35.25,36.38,1705575,62234396.00
2022/03/23,35.80,36.38,35.54,36.10,1022675,36699420.00
2022/03/24,36.28,41.30,35.35,38.80,4135319,157817840.00
2022/03/25,38.88,42.85,38.61,38.63,5107438,205648480.00
2022/03/28,35.84,37.28,35.50,35.87,3359365,121478112.00
2022/03/29,35.80,35.85,34.10,34.35,1764478,61610432.00
2022/03/30,34.35,35.99,34.35,34.67,1834600,64625292.00
2022/03/31,34.52,41.60,34.30,41.60,8281619,331202624.00
2022/04/01,41.60,44.88,40.67,42.20,9210143,394307808.00
2022/04/06,41.00,41.88,39.00,40.71,5989516,240716672.00
2022/04/07,40.00,40.88,39.10,39.69,3497080,139444160.00
2022/04/08,39.84,44.00,39.20,43.13,6846068,282981088.00
2022/04/11,41.90,41.95,39.30,40.87,4049440,163912864.00
2022/04/12,40.10,40.26,36.97,37.85,3193279,121735360.00
2022/04/13,37.33,37.50,35.08,35.94,2925722,104858464.00
2022/04/14,35.83,36.15,34.81,35.66,2214588,78401712.00
2022/04/15,35.12,35.20,33.40,33.58,2149948,73064096.00
2022/04/18,33.23,34.89,32.05,34.42,1771399,60042880.00
2022/04/19,34.50,36.12,34.12,35.77,2404700,85244552.00
2022/04/20,35.25,37.70,35.10,36.03,2771712,100270976.00
2022/04/21,36.03,37.49,35.50,37.19,3228800,118373600.00
2022/04/22,39.02,44.63,38.70,44.63,6727027,278303040.00
2022/04/25,44.94,44.94,39.30,39.60,6674713,279158688.00
2022/04/26,38.12,40.99,37.27,38.80,5033630,195473120.00
2022/04/27,37.00,37.09,34.19,36.34,3439549,123749568.00
2022/04/28,36.36,36.73,32.80,35.04,4302894,147610672.00
2022/04/29,34.30,37.14,33.65,36.15,3818009,132257912.00
2022/05/05,37.34,41.47,37.30,40.24,4991442,188722896.00
2022/05/06,38.61,43.26,38.61,40.91,5567151,221903568.00
2022/05/09,41.38,42.80,39.31,42.59,4877326,195021936.00
2022/05/10,41.60,43.13,40.44,41.27,4518842,180719760.00
2022/05/11,42.46,43.42,40.00,40.25,5533727,225696672.00
2022/05/12,39.90,48.04,39.90,48.04,10220487,442440864.00
2022/05/13,47.24,48.29,44.61,45.05,8639213,387907104.00
2022/05/16,44.48,45.87,44.05,44.67,4787024,208380240.00
2022/05/17,43.90,44.29,42.60,43.52,3734168,156463568.00
2022/05/18,43.53,47.30,41.80,46.15,7230489,317953152.00
2022/05/19,44.60,45.14,43.31,43.66,4633381,197753056.00
2022/05/20,43.70,46.79,42.40,45.57,6149321,268624512.00
2022/05/23,44.60,49.61,43.60,48.26,6681016,300913792.00
2022/05/24,47.20,50.28,46.30,46.50,6048374,282992000.00
2022/05/25,45.20,46.25,44.30,45.58,3742889,164454864.00
2022/05/26,45.49,45.73,43.11,45.20,3607990,155336112.00
2022/05/27,45.20,46.18,42.98,43.60,3555303,152557808.00
2022/05/30,43.17,43.17,40.31,41.33,3353582,134717936.00
2022/05/31,41.23,42.90,40.69,42.71,2832453,115629832.00
2022/06/01,42.30,44.14,41.91,42.20,2637041,109893488.00
2022/06/02,42.10,42.74,41.05,41.05,2306503,92891680.00
2022/06/06,41.11,43.60,41.11,43.33,2908180,119891528.00
2022/06/07,43.33,43.50,41.46,41.98,2346242,96057584.00
2022/06/08,41.98,42.44,39.68,40.39,2448089,96547840.00
2022/06/09,40.40,40.83,37.90,38.00,2310003,86991080.00
2022/06/10,37.80,39.06,37.80,38.71,1479723,55296752.00
2022/06/13,38.73,40.13,38.71,39.97,1890600,72397312.00
2022/06/14,39.95,41.07,39.53,40.11,2262815,88197992.00
2022/06/15,41.29,41.58,39.50,39.50,2077500,81068504.00
2022/06/16,39.10,39.80,38.97,39.46,1462633,55621876.00
2022/06/17,39.32,40.79,39.32,40.72,2333900,91215208.00
2022/06/20,41.07,42.49,40.31,42.48,2807704,113815256.00
2022/06/21,41.94,42.65,40.90,42.18,2505988,101335880.00
2022/06/22,41.97,41.97,40.56,40.56,1692900,67451168.00
2022/06/23,40.32,40.85,39.60,40.48,1357574,52789856.00
2022/06/24,40.22,42.27,40.22,42.14,2303811,92945856.00
2022/06/27,42.16,42.28,41.15,41.46,1637505,66005040.00
2022/06/28,41.45,41.89,40.98,41.47,1207200,48476052.00
2022/06/29,41.45,41.65,39.81,40.11,1873646,73453048.00
2022/06/30,40.27,43.58,40.27,41.80,3152549,128925776.00
2022/07/01,41.80,43.12,40.80,42.81,3083777,126141680.00
2022/07/04,42.28,43.55,42.08,42.75,2536220,105283400.00
2022/07/05,44.10,46.29,43.06,45.38,5270226,228543312.00
2022/07/06,44.28,47.28,43.62,45.91,4755078,209895696.00
2022/07/07,44.30,44.30,42.31,42.76,3442321,143850816.00
2022/07/08,42.19,43.53,41.97,42.99,1662959,69125440.00
2022/07/11,42.38,42.54,41.10,41.70,1749302,70585112.00
2022/07/12,41.40,41.80,40.02,40.04,1442139,56695480.00
2022/07/13,40.12,40.74,40.05,40.74,816564,31996542.00
2022/07/14,40.32,41.88,40.30,41.57,1214519,48541408.00
2022/07/15,42.29,42.79,40.61,40.61,1687090,67922304.00
2022/07/18,40.29,41.10,40.28,41.01,1121200,44269748.00
2022/07/19,40.78,41.47,40.70,41.18,1063412,42267596.00
2022/07/20,41.20,41.37,40.58,40.58,1286904,50786416.00
2022/07/21,40.39,40.78,39.86,39.88,1331982,51778440.00
2022/07/22,39.86,40.40,38.67,40.29,1441179,55255052.00
2022/07/25,40.70,40.98,40.02,40.27,1098691,43064560.00
2022/07/26,40.05,40.61,38.75,40.58,1104522,42461188.00
2022/07/27,40.27,41.40,40.05,41.10,1343913,53220196.00
2022/07/28,41.21,41.41,40.80,40.89,1146000,45543256.00
2022/07/29,40.65,40.65,39.12,39.12,1337252,51449252.00
2022/08/01,38.82,39.38,38.68,39.05,764800,28860274.00
2022/08/02,38.80,38.80,35.30,35.48,1721639,60272668.00
2022/08/03,36.05,36.83,34.89,35.10,1251987,43227620.00
2022/08/04,35.61,36.20,35.33,35.99,807859,27852352.00
2022/08/05,36.35,36.45,35.90,36.24,776489,27018556.00
2022/08/08,36.32,36.59,35.99,36.44,640136,22413068.00
2022/08/09,36.44,36.70,36.15,36.49,628677,22040596.00
2022/08/10,36.49,36.75,36.20,36.21,571184,20040932.00
2022/08/11,36.29,37.04,36.29,36.76,763420,26979158.00
2022/08/12,37.18,37.70,36.53,36.99,1223935,43771244.00
2022/08/15,36.81,37.23,36.31,36.69,881168,31046510.00
2022/08/16,36.79,37.50,36.69,37.11,792732,28405168.00
2022/08/17,37.16,40.50,37.16,39.73,2949187,111030520.00
2022/08/18,38.75,39.98,38.00,38.97,2155148,81031792.00
2022/08/19,38.73,40.68,38.49,39.62,1984703,76604480.00
2022/08/22,40.25,40.25,39.10,39.62,826800,31581068.00
2022/08/23,39.62,41.18,39.12,41.06,1826913,71406112.00
2022/08/24,40.60,43.09,40.46,41.58,3063503,124259720.00
2022/08/25,41.58,41.71,38.49,39.30,1935919,74411016.00
2022/08/26,39.24,42.76,38.80,41.36,2845246,113590888.00
2022/08/29,41.36,43.84,41.26,42.75,3005891,124534512.00
2022/08/30,42.57,45.29,41.43,41.56,3074315,129383320.00
2022/08/31,40.92,43.06,39.82,41.62,3077019,122251904.00
2022/09/01,40.98,41.19,39.54,39.60,1734108,67249944.00
2022/09/02,39.81,40.85,39.33,40.30,1099525,42722280.00
2022/09/05,40.39,42.80,39.93,42.20,2018695,81586744.00
2022/09/06,41.71,42.29,40.32,41.18,1422755,56386824.00
2022/09/07,40.91,43.56,40.70,42.28,2483093,101382544.00
2022/09/08,41.79,42.20,40.42,40.64,1865715,74313544.00
2022/09/09,40.37,40.43,37.66,37.68,2401180,89054552.00
2022/09/13,37.63,38.01,36.90,37.29,1237435,44567252.00
2022/09/14,37.26,37.80,36.60,37.18,1255153,44969012.00
2022/09/15,37.22,37.36,35.68,36.02,1528255,53340640.00
2022/09/16,36.31,36.84,35.00,35.06,1199371,41615792.00
2022/09/19,34.80,35.03,34.07,34.27,787000,26080180.00
2022/09/20,34.49,34.86,34.41,34.58,679635,22632658.00
2022/09/21,34.58,35.81,33.32,35.64,1630110,54843136.00
2022/09/22,35.31,35.84,34.80,34.94,1136161,38689748.00
2022/09/23,34.85,34.95,33.50,33.81,1145366,37519256.00
2022/09/26,33.39,35.80,33.06,35.18,1637093,54433908.00
2022/09/27,35.79,36.96,34.30,36.25,2316859,80429480.00
2022/09/28,35.87,38.10,35.51,36.98,3032505,108176560.00
2022/09/29,36.26,36.40,34.66,34.66,2300104,78615912.00
2022/09/30,34.38,34.65,32.80,32.87,1569038,50398256.00
2022/10/10,32.91,33.15,31.53,31.65,1030256,31776022.00
2022/10/11,30.81,31.66,30.75,31.15,896800,26631098.00
2022/10/12,30.93,31.58,30.12,31.53,925127,27386710.00
2022/10/13,30.70,32.06,30.70,31.73,973726,29482244.00
2022/10/14,32.30,32.65,31.79,31.98,1098409,33951796.00
2022/10/17,31.74,32.79,31.71,32.63,825900,25710968.00
2022/10/18,32.67,32.71,31.95,32.20,913842,28310996.00
2022/10/19,31.92,32.26,31.34,31.34,847558,25740196.00
2022/10/20,31.24,31.77,31.00,31.24,577900,17383668.00
2022/10/21,31.69,31.69,30.55,30.64,686155,20301694.00
2022/10/24,30.52,31.19,30.52,30.87,680872,20114080.00
2022/10/25,30.96,31.30,29.59,30.30,872353,25249966.00
2022/10/26,29.67,30.50,29.62,30.01,979881,28210534.00
2022/10/27,30.01,30.38,29.60,30.06,640977,18473752.00
2022/10/28,30.15,30.38,28.21,28.21,1041698,28757844.00
2022/10/31,27.80,29.05,27.78,28.79,617500,16878802.00
2022/11/01,28.88,29.56,28.75,29.48,566821,15855816.00
2022/11/02,29.78,29.87,29.40,29.57,517400,14662251.00
2022/11/03,29.58,29.82,29.47,29.79,496465,14085959.00
2022/11/04,29.82,30.57,29.82,30.34,692825,20028372.00
2022/11/07,31.28,31.28,30.30,30.94,964520,28404034.00
2022/11/08,30.90,31.74,30.60,30.97,953033,28404696.00
2022/11/09,30.74,31.28,30.74,30.80,713164,21166452.00
2022/11/10,30.90,31.20,30.61,31.20,703300,20742184.00
2022/11/11,31.34,31.67,31.06,31.08,1035283,31094442.00
2022/11/14,31.56,31.69,30.74,30.77,716291,21399010.00
2022/11/15,30.70,31.48,30.70,31.34,850800,25517730.00
2022/11/16,31.65,31.65,30.99,31.19,686600,20619258.00
2022/11/17,31.19,31.35,30.75,31.10,571032,16935932.00
2022/11/18,30.89,31.40,30.63,30.64,611118,18129458.00
2022/11/21,30.58,31.32,29.94,31.21,905200,26634736.00
2022/11/22,30.88,31.58,30.51,30.62,802932,23912476.00
2022/11/23,30.62,30.73,29.35,29.80,878100,25053376.00
2022/11/24,29.70,30.50,29.70,30.08,547900,15798823.00
2022/11/25,30.45,30.70,29.89,30.29,869900,25183848.00
2022/11/28,30.25,31.84,29.71,31.64,2569526,76683984.00
2022/11/29,31.29,31.63,31.24,31.45,1506788,45363448.00
2022/11/30,31.56,32.11,31.38,31.70,1528300,46566284.00
2022/12/01,31.53,31.89,31.28,31.28,1123100,33889008.00
2022/12/02,30.96,31.73,30.96,31.50,692800,20938732.00
2022/12/05,31.95,31.95,31.30,31.76,976196,29668896.00
2022/12/06,31.46,31.71,31.21,31.24,681931,20494760.00
2022/12/07,31.35,31.45,31.00,31.17,511600,15303524.00
2022/12/08,31.34,32.15,30.62,32.06,1843400,56055712.00
2022/12/09,31.84,32.05,31.00,31.23,1323183,39860032.00
2022/12/12,31.13,31.20,30.31,30.39,878137,25790192.00
2022/12/13,30.50,31.45,30.20,31.38,1384083,41182528.00
2022/12/14,31.28,31.44,30.49,30.82,799500,23624628.00
2022/12/15,30.74,30.94,30.35,30.48,578623,16922922.00
2022/12/16,30.50,30.50,29.77,29.84,665600,19074956.00
2022/12/19,29.71,29.85,28.68,28.76,665015,18519116.00
2022/12/20,28.77,29.32,28.77,28.90,272356,7550843.50
2022/12/21,28.96,28.96,28.14,28.36,457516,12442449.00
2022/12/22,28.36,28.74,27.86,27.93,416502,11236406.00
2022/12/23,27.93,28.58,27.93,28.23,445002,11966624.00
2022/12/26,28.25,28.73,28.24,28.60,238114,6492552.00
2022/12/27,28.60,28.84,28.24,28.57,259100,7046768.00
2022/12/28,28.53,28.55,27.60,27.60,540300,14361038.00
2022/12/29,27.43,27.69,27.07,27.07,456816,11930577.00
2022/12/30,27.20,27.65,27.00,27.38,362400,9468498.00
2023/01/03,27.40,28.04,27.37,28.03,469218,12396063.00
2023/01/04,28.04,28.61,27.85,28.21,517900,13988548.00
2023/01/05,28.33,28.39,28.00,28.30,324900,8739827.00
2023/01/06,28.48,28.80,28.11,28.20,421400,11389713.00
2023/01/09,28.65,28.65,28.13,28.36,275078,7449865.00
2023/01/10,28.48,28.48,28.01,28.17,231565,6229378.50
2023/01/11,28.45,28.45,27.87,27.90,287800,7722217.00
2023/01/12,27.89,28.30,27.81,27.90,234600,6267478.00
2023/01/13,27.99,28.18,27.81,27.96,323265,8623011.00
2023/01/16,28.00,28.45,27.91,28.38,318800,8608824.00
2023/01/17,28.55,28.58,28.13,28.18,343240,9258968.00
2023/01/18,28.19,29.08,28.19,28.87,597500,16413911.00
2023/01/19,28.90,29.06,28.80,28.99,368500,10172603.00
2023/01/20,28.80,29.14,28.72,28.91,404005,11167977.00
2023/01/30,29.31,29.43,29.14,29.32,606200,16971574.00
2023/01/31,29.32,29.47,29.10,29.38,325628,9119439.00
2023/02/01,29.45,29.76,29.37,29.73,567786,16097786.00
2023/02/02,29.73,30.03,29.65,29.78,442813,12631149.00
2023/02/03,30.08,30.09,29.21,29.56,444500,12567177.00
2023/02/06,29.52,29.75,29.11,29.57,329900,9333244.00
2023/02/07,29.57,30.05,29.57,30.00,460800,13165596.00
2023/02/08,30.00,30.13,29.70,29.78,330300,9439519.00
2023/02/09,29.65,29.97,29.60,29.96,381773,10902660.00
2023/02/10,30.98,31.10,29.98,30.30,1009016,29521706.00
2023/02/13,30.21,30.58,30.18,30.55,550000,16006212.00
2023/02/14,30.55,30.68,30.32,30.46,323400,9440782.00
2023/02/15,30.47,30.65,30.36,30.46,352497,10282585.00
2023/02/16,30.60,30.68,29.30,29.55,639283,18401604.00
2023/02/17,29.70,30.36,29.60,29.60,513627,14726438.00
2023/02/20,29.86,30.10,29.40,30.00,622300,17743896.00
2023/02/21,30.14,30.25,29.86,30.06,477580,13704192.00
2023/02/22,30.10,30.27,29.72,30.21,350548,10087976.00
2023/02/23,30.20,30.50,30.02,30.23,380400,11016414.00
2023/02/24,30.24,30.37,29.81,30.18,317700,9138869.00
2023/02/27,30.19,30.48,29.71,29.89,406100,11674176.00
2023/02/28,30.04,30.40,30.04,30.38,443500,12836118.00
2023/03/01,30.37,30.49,30.15,30.40,349300,10143843.00
2023/03/02,30.40,30.49,30.11,30.19,369800,10715360.00
2023/03/03,30.29,30.29,29.60,29.83,649700,18546244.00
2023/03/06,29.99,29.99,29.30,29.35,602884,17003492.00
2023/03/07,29.49,29.49,28.33,28.41,583299,16082850.00
2023/03/08,28.41,29.09,28.41,29.04,367200,10092285.00
2023/03/09,29.05,29.44,28.82,29.43,358018,9972144.00
2023/03/10,29.35,29.64,29.25,29.44,472662,13306356.00
2023/03/13,29.20,29.75,28.68,29.50,618100,17265704.00
2023/03/14,29.23,29.31,28.70,29.18,406900,11247849.00
2023/03/15,29.13,29.48,29.08,29.21,325980,9133554.00
2023/03/16,29.08,29.10,28.55,28.58,311483,8553413.00
2023/03/17,28.88,28.96,28.40,28.46,377928,10330237.00
2023/03/20,28.46,28.50,27.81,28.18,385100,10305215.00
2023/03/21,28.06,28.82,28.01,28.82,363000,9865809.00
2023/03/22,29.09,29.45,28.89,29.43,455883,12724242.00
2023/03/23,29.36,29.43,29.05,29.19,310428,8652832.00
2023/03/24,29.36,29.36,29.00,29.12,221000,6153248.00
2023/03/27,29.20,29.28,28.75,29.02,344183,9513084.00
2023/03/28,28.89,29.19,28.81,28.91,287200,7951399.00
2023/03/29,28.91,28.92,28.48,28.62,231100,6322127.00
2023/03/30,28.85,28.85,27.97,28.20,598923,16164519.00
2023/03/31,28.30,28.37,28.00,28.22,213400,5742217.00
2023/04/03,28.68,28.75,28.26,28.67,443400,12089311.00
2023/04/04,28.80,28.80,27.93,27.95,461823,12398276.00
2023/04/06,27.80,28.08,27.69,27.76,318762,8451010.00
2023/04/07,27.81,28.29,27.61,28.07,244500,6523808.00
2023/04/10,28.08,28.13,27.60,27.77,385500,10200913.00
2023/04/11,28.43,28.65,27.64,27.80,646135,17408904.00
2023/04/12,27.48,27.70,27.36,27.69,498400,13076001.00
2023/04/13,27.46,27.79,27.46,27.54,266300,7002916.00
2023/04/14,27.54,27.88,27.54,27.80,303412,8025927.00
2023/04/17,27.63,27.88,27.52,27.85,320400,8468773.00
2023/04/18,27.61,27.84,27.50,27.55,307100,8068978.00
2023/04/19,27.34,27.59,27.34,27.35,262100,6844148.00
2023/04/20,27.42,27.42,26.59,26.82,423900,10819325.00
2023/04/21,26.95,26.95,26.01,26.05,520816,13023242.00
2023/04/24,25.98,26.12,25.58,26.07,282700,6957002.00
2023/04/25,25.76,25.76,24.10,24.33,718356,16846814.00
2023/04/26,24.32,25.22,24.32,25.08,480800,11333077.00
2023/04/27,25.04,25.52,24.72,25.27,384700,9213370.00
2023/04/28,25.14,25.98,25.14,25.59,287162,6944382.50
2023/05/04,25.66,26.18,25.66,26.04,458177,11311223.00
2023/05/05,26.19,26.20,25.72,25.81,248615,6104953.00
2023/05/08,25.80,26.25,25.60,25.85,223600,5500118.00
2023/05/09,25.84,26.09,24.94,25.19,330700,7978671.00
2023/05/10,25.09,25.86,25.03,25.60,256400,6231022.00
2023/05/11,25.58,26.06,25.43,25.99,316100,7754086.00
2023/05/12,26.13,26.13,25.70,25.73,185100,4556960.00
2023/05/15,26.08,26.15,25.46,26.14,288977,7089493.00
2023/05/16,26.60,26.60,25.91,26.03,454400,11344745.00
2023/05/17,25.96,28.24,25.82,28.18,1902880,49530208.00
2023/05/18,28.18,29.13,27.15,29.03,2593324,70430952.00
2023/05/19,28.97,29.12,28.31,28.75,1231505,33814828.00
2023/05/22,28.59,28.82,28.16,28.62,827169,22447386.00
2023/05/23,28.80,28.97,28.38,28.52,704992,19289042.00
2023/05/24,28.40,28.98,28.40,28.65,582100,15978796.00
2023/05/25,28.50,28.89,28.30,28.80,529800,14491890.00
2023/05/26,28.83,29.42,28.39,28.44,768972,21203022.00
2023/05/29,28.04,28.68,28.04,28.23,506472,13679574.00
2023/05/30,28.36,28.49,27.90,28.15,334600,8979515.00
2023/05/31,28.25,28.25,27.81,28.07,286372,7640671.50
2023/06/01,27.93,29.04,27.80,28.82,648077,17709036.00
2023/06/02,28.98,28.98,28.50,28.55,319700,8740326.00
2023/06/05,28.56,29.13,28.39,29.01,400200,11010737.00
2023/06/06,29.70,29.72,28.50,28.66,812577,22410752.00
2023/06/07,28.60,29.03,28.40,28.70,434464,11935778.00
2023/06/08,28.87,29.50,28.66,29.20,559077,15577126.00
2023/06/09,29.20,29.48,28.45,28.64,481300,13231034.00
2023/06/12,28.82,29.23,28.14,29.07,494700,13646570.00
2023/06/13,29.07,30.18,29.07,29.91,923778,26287876.00
2023/06/14,29.86,30.26,29.40,30.07,654532,18656250.00
2023/06/15,30.08,30.08,29.19,29.38,481943,13563864.00
2023/06/16,29.27,29.84,29.20,29.48,326443,9224719.00
2023/06/19,29.68,29.74,28.95,29.27,369400,10309142.00
2023/06/20,29.27,29.37,28.79,28.79,325500,9027557.00
2023/06/21,28.90,29.18,28.36,28.59,327000,8985071.00
2023/06/26,28.52,28.52,27.81,27.92,238900,6390177.00
2023/06/27,28.17,29.25,27.97,29.25,540700,14956986.00
2023/06/28,29.25,29.41,28.65,29.29,345800,9593759.00
2023/06/29,29.29,30.16,29.01,29.99,619400,17660568.00
2023/06/30,30.10,30.79,30.04,30.11,598100,17411680.00
2023/07/03,30.12,30.88,29.87,30.60,798100,23263016.00
2023/07/04,30.62,30.85,30.48,30.83,487200,14330397.00
2023/07/05,30.90,30.96,30.52,30.60,354500,10413149.00
2023/07/06,30.66,31.15,30.32,30.85,381417,11272216.00
2023/07/07,30.94,31.20,30.58,30.80,294400,8718748.00
2023/07/10,30.94,31.29,30.61,30.90,322700,9548205.00
2023/07/11,30.90,31.25,30.81,31.06,263700,7835074.00
2023/07/12,31.10,31.45,30.82,30.99,370400,11060416.00
2023/07/13,30.89,31.21,30.53,30.61,329300,9674386.00
2023/07/14,30.99,31.16,30.32,30.80,318800,9406804.00
2023/07/17,30.80,30.96,30.18,30.80,239700,7046022.00
2023/07/18,30.89,31.28,30.61,31.24,300600,8951504.00
2023/07/19,31.17,31.44,30.96,31.30,334000,10016476.00
2023/07/20,31.45,31.57,30.61,30.66,344300,10226656.00
2023/07/21,31.07,31.07,30.14,30.35,278300,8119499.00
2023/07/24,30.39,30.97,30.09,30.64,210300,6135557.00
2023/07/25,30.66,34.28,30.66,32.99,2322643,72663024.00
2023/07/26,32.53,34.30,32.20,32.46,2146416,68012408.00
2023/07/27,31.44,33.04,31.44,31.89,1237500,38029208.00
2023/07/28,31.61,35.50,31.61,33.58,2974384,96767688.00
2023/07/31,32.75,33.26,31.89,32.85,2120697,66261132.00
2023/08/01,33.20,34.29,31.70,32.41,2201611,69385304.00
2023/08/02,32.13,32.27,30.63,30.68,1575018,47073560.00
2023/08/03,30.57,30.70,29.40,29.50,1215500,34589880.00
2023/08/04,29.50,30.38,29.50,29.77,835500,23840040.00
2023/08/07,29.64,30.18,29.36,29.74,432950,12263584.00
2023/08/08,30.05,30.05,29.31,29.60,452700,12808467.00
2023/08/09,29.60,29.78,29.15,29.56,458200,12868288.00
2023/08/10,29.57,30.48,29.37,30.42,705505,20271398.00
2023/08/11,30.60,30.60,30.00,30.00,398700,11540946.00
2023/08/14,29.79,30.49,29.62,30.02,358600,10253178.00
2023/08/15,30.30,35.76,30.23,35.76,3943922,129769016.00
2023/08/16,39.21,42.65,38.09,38.10,9263299,360096000.00
2023/08/17,37.63,39.90,35.38,36.00,7459045,265687760.00
2023/08/18,33.88,34.47,33.16,33.80,5919642,192575568.00
2023/08/21,33.69,34.68,33.50,34.56,4811242,157979248.00
2023/08/22,33.35,33.76,31.28,32.00,4426819,137603152.00
2023/08/23,32.09,32.29,31.10,31.30,2525999,76601008.00
2023/08/24,30.99,31.24,29.63,29.69,2550900,73538008.00
2023/08/25,29.69,29.80,28.27,28.49,2076655,57446656.00
2023/08/28,29.96,30.89,28.94,30.15,3336042,96169200.00
2023/08/29,30.00,31.88,29.94,31.84,2446600,73113840.00
2023/08/30,31.46,33.40,31.30,33.05,2446761,76849600.00
2023/08/31,32.90,33.09,32.22,32.84,1630634,51167508.00
2023/09/01,33.30,35.10,32.87,33.19,2227678,71664600.00
2023/09/04,33.09,36.27,33.09,35.52,3828987,128009792.00
2023/09/05,34.80,35.69,34.47,34.87,2024279,68059280.00
2023/09/06,34.69,35.47,34.41,34.60,1079900,36122868.00
2023/09/07,34.80,36.26,34.58,34.89,2076023,70399768.00
2023/09/08,35.20,35.25,34.33,34.63,1396800,46765580.00
2023/09/11,35.10,35.30,33.60,33.80,1324400,43537228.00
2023/09/12,34.44,34.99,32.82,33.09,1006700,32062656.00
2023/09/13,33.04,33.11,32.31,32.65,732200,22915256.00
2023/09/14,32.66,32.82,31.77,32.11,690600,21276092.00
2023/09/15,32.11,32.40,31.33,31.61,607500,18468440.00
2023/09/18,32.08,32.85,31.18,32.21,793400,24527852.00
2023/09/19,32.23,32.89,31.85,32.36,826100,25571996.00
2023/09/20,32.40,33.76,32.30,32.64,1001900,31730644.00
2023/09/21,32.80,33.29,31.97,32.00,625874,19511546.00
2023/09/22,32.07,32.89,31.90,32.71,665865,20788740.00
2023/09/25,33.50,33.50,31.98,32.33,752502,23403064.00
2023/09/26,32.37,32.69,31.72,31.81,544100,16729015.00
2023/09/27,32.07,32.68,31.64,32.30,738600,22937008.00
2023/09/28,32.66,33.07,32.16,32.37,432300,13534113.00
2023/10/09,32.66,32.70,31.70,31.80,508200,15602597.00
2023/10/10,31.75,32.18,31.30,31.42,461000,13963277.00
2023/10/11,31.42,31.90,31.00,31.55,419600,12666125.00
2023/10/12,31.67,33.00,30.94,32.26,1335299,41071896.00
2023/10/13,30.61,31.28,28.86,30.03,2050143,58525644.00
2023/10/16,30.05,30.30,29.69,30.05,794600,22817872.00
2023/10/17,30.08,31.99,30.08,31.94,1446261,43345028.00
2023/10/18,31.90,32.11,30.80,31.17,1113344,33343738.00
2023/10/19,31.16,32.55,30.35,31.01,1170800,35447128.00
2023/10/20,31.21,32.30,30.91,31.43,1041100,31493988.00
2023/10/23,31.65,31.65,30.02,30.68,981094,28791530.00
2023/10/24,30.89,34.09,30.89,33.33,2980194,94412944.00
2023/10/25,33.21,33.58,32.60,33.02,1754400,55536692.00
2023/10/26,32.80,33.96,32.03,33.90,2022161,64443080.00
2023/10/27,34.06,35.90,32.20,35.57,4287175,142751120.00
2023/10/30,34.60,35.15,33.14,33.51,3436546,111036512.00
2023/10/31,33.74,33.74,32.71,33.33,1778500,56558572.00
2023/11/01,33.39,35.75,33.17,34.88,3576379,118535760.00
2023/11/02,34.40,34.54,33.48,34.12,2254677,73561992.00
2023/11/03,33.92,34.09,33.18,33.23,1946228,62688012.00
2023/11/06,33.24,33.60,33.03,33.51,1694329,54256376.00
2023/11/07,33.40,34.22,32.97,33.92,1949809,63266876.00
2023/11/08,33.92,34.08,33.30,33.67,1337042,43201688.00
2023/11/09,33.62,34.05,33.21,33.29,1064100,34341636.00
2023/11/10,33.29,34.63,32.90,34.30,2273047,74350136.00
2023/11/13,35.11,35.88,34.51,35.42,3401623,115251280.00
2023/11/14,35.48,38.30,34.25,36.21,4024214,138169984.00
2023/11/15,35.68,37.89,35.30,37.16,4226215,150484832.00
2023/11/16,36.80,36.98,35.10,35.26,3077131,105785896.00
2023/11/17,35.22,35.26,34.63,35.11,1494909,50344820.00
2023/11/20,35.05,35.39,34.28,35.31,1688933,56582448.00
2023/11/21,35.25,35.54,34.52,34.68,1289963,43428564.00
2023/11/22,34.73,34.92,33.80,33.90,1231833,40484584.00
2023/11/23,34.30,34.40,33.79,34.06,826963,27077894.00
2023/11/24,34.02,34.19,33.15,33.56,1035009,33333356.00
2023/11/27,33.36,34.12,33.14,33.82,706100,22709032.00
2023/11/28,33.83,34.42,33.20,34.16,886816,29040440.00
2023/11/29,34.20,34.29,33.80,34.05,578300,18911520.00
2023/11/30,34.20,34.33,33.59,34.01,595800,19413810.00
2023/12/01,34.00,34.32,33.71,33.95,617700,20191360.00
2023/12/04,33.78,34.35,33.60,33.84,566402,18490142.00
2023/12/05,33.56,34.07,33.52,33.52,483272,15675293.00
2023/12/06,33.52,34.26,33.49,33.60,690900,22465200.00
2023/12/07,33.60,33.72,33.16,33.30,501200,16062962.00
2023/12/08,33.16,34.03,32.47,32.50,722700,22901150.00
2023/12/11,32.54,33.20,32.15,32.92,662200,20847072.00
2023/12/12,33.27,33.27,32.51,32.76,353200,11086767.00
2023/12/13,32.66,33.05,32.51,32.56,540800,17030528.00
2023/12/14,32.70,33.14,32.65,32.89,510000,16149744.00
2023/12/15,32.88,33.38,32.80,33.29,543784,17347632.00
2023/12/18,33.16,33.55,32.81,33.07,650500,20715814.00
2023/12/19,32.86,33.30,32.68,33.07,479600,15159878.00
2023/12/20,33.08,33.54,33.05,33.07,673947,21568646.00
2023/12/21,33.06,34.10,32.32,34.04,1198063,38497560.00
2023/12/22,34.15,34.30,33.16,33.60,975290,31553126.00
2023/12/25,33.38,33.49,32.13,32.13,828237,25805930.00
2023/12/26,32.28,32.58,31.65,31.94,706981,21826196.00
2023/12/27,31.79,32.50,31.66,32.24,419900,12924858.00
2023/12/28,32.24,33.17,31.80,32.94,717350,22489826.00
2023/12/29,33.14,33.57,32.72,33.57,585365,18764208.00
2024/01/02,33.51,34.05,33.44,33.76,567965,18448096.00
2024/01/03,33.76,33.92,33.22,33.35,576200,18532036.00
2024/01/04,33.48,34.04,33.12,33.68,794277,25625764.00
2024/01/05,33.39,34.05,32.87,33.18,872028,28073918.00
2024/01/08,33.37,33.38,32.51,32.52,490672,15497395.00
2024/01/09,32.83,33.48,32.64,33.10,614400,19534028.00
2024/01/10,33.13,35.24,32.61,34.50,2652029,87539088.00
2024/01/11,33.80,34.01,32.52,33.30,2614852,82733384.00
2024/01/12,32.92,33.10,31.84,31.96,1732917,53993776.00
2024/01/15,31.96,33.03,31.66,32.80,1536435,48161784.00
2024/01/16,32.88,33.50,31.95,32.28,915926,28575972.00
2024/01/17,32.13,33.41,31.88,31.90,833652,26039598.00
2024/01/18,31.90,32.49,30.60,31.36,781600,23394532.00
2024/01/19,31.37,32.67,31.13,31.65,1126556,34620484.00
2024/01/22,31.70,31.89,28.91,29.16,1077628,31196764.00
2024/01/23,29.05,29.59,28.11,29.44,835426,23090162.00
2024/01/24,29.33,30.45,28.65,29.87,798600,22647356.00
2024/01/25,29.93,30.66,29.50,30.51,488656,14116261.00
2024/01/26,30.66,31.30,30.10,30.80,674900,20008596.00
2024/01/29,30.85,31.77,29.66,29.69,480553,13848078.00
2024/01/30,29.43,30.17,28.43,28.56,400800,11056585.00
2024/01/31,25.98,28.10,25.98,26.18,1057000,26866248.00
2024/02/01,25.80,26.39,24.82,25.40,772900,18733828.00
2024/02/02,25.50,25.99,22.91,23.95,1062049,24386866.00
2024/02/05,23.30,23.38,19.83,20.21,1243100,24506594.00
2024/02/06,20.20,20.51,17.63,19.29,1356475,23652600.00
2024/02/07,19.41,19.46,16.63,16.72,1573200,25813194.00
2024/02/08,16.85,18.98,16.05,18.97,1642184,26721492.00
2024/02/19,19.17,20.85,18.97,20.37,865225,16372790.00
数据来源:通达信
