301290 东星医疗 日线 后复权
      日期	    开盘	    最高	    最低	    收盘	    成交量	    成交额
2022/11/30,51.03,59.00,50.99,53.12,15019261,809889088.00
2022/12/01,49.81,51.49,47.94,48.48,10884332,534442016.00
2022/12/02,47.98,49.40,47.38,47.47,7636552,367638528.00
2022/12/05,47.38,47.64,46.12,46.99,6678974,312308448.00
2022/12/06,46.90,47.47,46.28,47.20,5619534,263945440.00
2022/12/07,47.00,47.27,46.13,46.14,4683377,217998096.00
2022/12/08,45.71,45.72,44.70,44.76,4588923,206959824.00
2022/12/09,44.51,45.50,44.51,44.80,3540389,159181488.00
2022/12/12,44.80,46.10,44.26,46.06,4544570,206650080.00
2022/12/13,45.52,45.73,44.55,44.62,3106594,139450496.00
2022/12/14,44.62,44.62,42.88,42.90,3594924,156536816.00
2022/12/15,42.92,43.25,42.28,43.03,2285761,97756280.00
2022/12/16,42.88,42.88,41.65,41.78,2172424,91443072.00
2022/12/19,42.08,42.38,40.64,40.80,2017124,83934944.00
2022/12/20,41.00,41.44,40.64,41.00,1311792,53830236.00
2022/12/21,41.12,41.19,39.18,39.58,2207988,88316304.00
2022/12/22,39.52,39.75,37.94,37.99,2072773,80231624.00
2022/12/23,37.73,39.50,37.50,38.84,2557420,98756224.00
2022/12/26,38.10,38.56,37.88,38.43,1733868,66290036.00
2022/12/27,38.20,38.38,36.58,37.37,2860296,106235632.00
2022/12/28,37.24,39.35,36.90,38.17,3159459,120718768.00
2022/12/29,38.00,38.90,37.19,38.42,2724824,104663152.00
2022/12/30,38.83,39.00,37.37,37.43,2038632,77248960.00
2023/01/03,37.32,38.55,37.32,38.33,1764199,67162096.00
2023/01/04,38.61,39.19,38.34,38.81,2039708,79082272.00
2023/01/05,38.45,38.80,38.15,38.56,1607523,61852996.00
2023/01/06,38.45,38.73,37.94,38.00,1560398,59770132.00
2023/01/09,38.21,38.30,37.84,38.27,1063701,40526148.00
2023/01/10,38.28,39.17,38.14,38.94,2087956,80935488.00
2023/01/11,39.01,39.01,37.78,37.78,1805285,69253064.00
2023/01/12,37.87,38.30,37.61,37.92,1028445,39014468.00
2023/01/13,38.28,40.66,38.16,40.07,4275240,170077136.00
2023/01/16,39.50,40.25,39.40,39.95,2298799,91559352.00
2023/01/17,39.71,39.71,38.94,39.25,1829538,71887632.00
2023/01/18,39.01,39.64,39.01,39.30,1121247,44095296.00
2023/01/19,39.30,39.72,39.08,39.35,1451929,57249044.00
2023/01/20,39.47,39.94,39.41,39.51,1248793,49430900.00
2023/01/30,39.80,40.10,39.50,39.58,1475020,58548796.00
2023/01/31,39.32,39.55,39.08,39.30,1016994,39971228.00
2023/02/01,39.37,40.14,39.31,40.10,1814064,72231240.00
2023/02/02,40.07,41.19,39.80,41.19,2375587,96305880.00
2023/02/03,40.80,41.37,40.36,40.87,2107692,86022280.00
2023/02/06,40.51,40.81,40.10,40.25,1191203,48119052.00
2023/02/07,40.39,40.50,40.06,40.36,1005604,40521232.00
2023/02/08,40.27,40.88,40.13,40.34,1274179,51569580.00
2023/02/09,40.59,41.66,40.38,41.15,2109940,86946440.00
2023/02/10,41.24,41.56,40.68,40.92,1528615,62745900.00
2023/02/13,40.90,41.30,40.70,41.17,1224708,50228356.00
2023/02/14,41.27,42.34,41.00,42.20,2536686,106219632.00
2023/02/15,42.11,42.21,41.49,41.56,1963442,81851048.00
2023/02/16,41.55,41.94,39.90,40.00,2209694,90634832.00
2023/02/17,40.01,40.80,39.81,40.54,1490296,60193908.00
2023/02/20,40.80,40.80,39.76,40.33,1048653,42006076.00
2023/02/21,40.24,40.64,39.86,40.06,929546,37326736.00
2023/02/22,39.90,40.58,39.77,40.26,810442,32648010.00
2023/02/23,40.26,40.55,39.61,39.86,1198720,47962180.00
2023/02/24,40.10,40.98,40.08,40.39,1584000,64174176.00
2023/02/27,40.24,40.68,39.90,40.17,1134517,45630160.00
2023/02/28,40.02,40.43,39.94,40.28,830277,33324092.00
2023/03/01,40.29,40.34,40.10,40.25,639103,25674980.00
2023/03/02,40.28,40.28,39.66,39.67,1202172,47906044.00
2023/03/03,39.67,39.86,39.07,39.10,1019190,40114184.00
2023/03/06,39.10,39.30,38.94,39.11,506192,19802034.00
2023/03/07,39.15,39.23,38.24,38.27,977193,37769368.00
2023/03/08,38.30,38.45,37.94,38.30,870943,33205780.00
2023/03/09,38.51,38.98,38.50,38.93,983881,38215672.00
2023/03/10,38.59,38.62,38.35,38.37,644783,24805092.00
2023/03/13,38.22,38.29,37.66,37.94,838291,31806520.00
2023/03/14,38.00,38.16,37.00,37.53,701494,26320654.00
2023/03/15,37.88,38.16,37.60,37.91,525271,19945070.00
2023/03/16,37.73,38.02,37.56,37.69,519850,19625814.00
2023/03/17,37.70,37.90,37.27,37.60,605912,22779510.00
2023/03/20,37.36,37.71,37.11,37.20,569253,21213988.00
2023/03/21,37.21,38.08,37.21,37.92,683122,25755700.00
2023/03/22,37.90,38.28,37.83,38.08,592461,22557894.00
2023/03/23,38.00,38.21,37.80,38.18,431965,16439001.00
2023/03/24,38.29,38.64,38.11,38.13,622061,23838854.00
2023/03/27,37.91,38.58,37.88,38.20,462710,17666718.00
2023/03/28,38.24,38.25,37.78,37.81,476595,18086860.00
2023/03/29,38.00,38.00,37.17,37.18,630499,23549600.00
2023/03/30,37.33,37.38,36.73,37.03,524704,19393570.00
2023/03/31,37.00,37.32,37.00,37.23,333111,12368029.00
2023/04/03,37.27,37.55,37.13,37.50,466940,17429752.00
2023/04/04,37.49,37.50,36.85,36.93,548500,20336074.00
2023/04/06,36.89,37.64,36.88,37.55,624957,23382678.00
2023/04/07,37.54,38.05,37.54,37.88,622733,23556862.00
2023/04/10,38.04,38.08,37.27,37.46,619795,23314914.00
2023/04/11,37.50,37.62,36.91,37.09,449966,16717567.00
2023/04/12,37.19,37.26,36.96,37.12,403977,14977319.00
2023/04/13,37.24,37.54,36.92,37.22,500690,18645110.00
2023/04/14,37.10,37.74,37.10,37.41,420291,15742242.00
2023/04/17,37.40,37.74,37.08,37.72,472642,17725870.00
2023/04/18,37.71,37.71,37.15,37.19,432622,16175471.00
2023/04/19,37.09,37.37,36.94,36.98,394961,14631435.00
2023/04/20,36.90,37.05,36.15,36.22,758854,27623560.00
2023/04/21,36.42,37.07,36.32,36.45,789259,28960516.00
2023/04/24,36.45,36.59,35.31,35.50,611395,21730730.00
2023/04/25,34.93,34.93,31.67,31.75,1557492,50986232.00
2023/04/26,31.60,32.23,31.50,32.11,491751,15707940.00
2023/04/27,31.98,32.65,31.91,32.10,432656,13958541.00
2023/04/28,32.60,32.60,32.18,32.55,341998,11097055.00
2023/05/04,32.20,32.75,32.17,32.45,257927,8368387.50
2023/05/05,32.40,32.55,31.83,31.91,298537,9560895.00
2023/05/08,31.91,32.45,31.91,32.12,275740,8863245.00
2023/05/09,32.12,32.37,31.48,31.50,527807,16696284.00
2023/05/10,31.52,31.78,31.36,31.60,235154,7424726.00
2023/05/11,31.69,32.07,31.56,31.90,305007,9704535.00
2023/05/12,31.84,32.13,31.65,31.66,233110,7431401.00
2023/05/15,31.58,32.18,31.52,32.15,351010,11191762.00
2023/05/16,32.09,32.48,32.02,32.39,335003,10830024.00
2023/05/17,32.18,32.68,32.16,32.61,307616,10000538.00
2023/05/18,32.47,32.85,32.40,32.48,285160,9285027.00
2023/05/19,32.44,33.27,32.40,33.19,498634,16433350.00
2023/05/22,33.12,33.40,32.93,33.23,386113,12797014.00
2023/05/23,33.14,33.76,33.13,33.53,571482,19186222.00
2023/05/24,33.39,33.78,33.21,33.67,488545,16382238.00
2023/05/25,33.52,34.97,33.45,34.75,1364721,46946896.00
2023/05/26,34.67,34.73,33.60,33.80,1043593,34981904.00
2023/05/29,33.79,33.93,33.12,33.22,590668,19432684.00
2023/05/30,33.23,34.50,33.23,33.66,727802,24315818.00
2023/05/31,33.49,35.68,33.49,34.60,1563509,53743504.00
2023/06/01,34.23,34.60,34.06,34.11,816701,27542420.00
2023/06/02,34.15,34.38,33.86,33.95,443330,14847231.00
2023/06/05,33.86,34.02,33.61,33.90,336288,11202065.00
2023/06/06,33.90,33.99,33.00,33.01,716861,23508242.00
2023/06/07,33.03,33.45,32.85,33.00,277630,9039363.00
2023/06/08,33.30,33.33,32.82,32.83,297800,9678004.00
2023/06/09,32.74,33.89,32.70,33.72,694668,22861016.00
2023/06/12,33.65,33.96,33.30,33.88,421578,13960292.00
2023/06/13,33.80,34.29,33.71,34.11,418540,14010555.00
2023/06/14,34.09,34.18,33.53,33.54,376400,12508297.00
2023/06/15,33.32,33.32,32.13,32.73,1159028,37224728.00
2023/06/16,32.73,33.02,32.53,32.81,500270,16148252.00
2023/06/19,32.60,32.98,32.56,32.89,415595,13410470.00
2023/06/20,33.22,33.22,32.51,32.53,452276,14556135.00
2023/06/21,32.64,32.71,32.10,32.10,457455,14536674.00
2023/06/26,31.72,31.94,31.35,31.45,449721,13976750.00
2023/06/27,31.46,31.90,31.46,31.80,307638,9610406.00
2023/06/28,31.80,31.90,31.30,31.85,411305,12803326.00
2023/06/29,31.85,32.46,31.60,32.17,446386,14138585.00
2023/06/30,32.00,32.59,31.90,32.55,539902,17237162.00
2023/07/03,32.55,32.70,32.33,32.45,328571,10499525.00
2023/07/04,32.48,32.66,32.31,32.50,270902,8663347.00
2023/07/05,32.60,32.60,32.26,32.32,287991,9193834.00
2023/07/06,32.46,32.46,32.06,32.26,254498,8084918.50
2023/07/07,32.27,32.34,32.06,32.26,259456,8230715.00
2023/07/10,32.45,32.49,32.28,32.39,287391,9160959.00
2023/07/11,32.39,32.55,32.32,32.50,288833,9232966.00
2023/07/12,32.50,32.62,32.35,32.39,383360,12244657.00
2023/07/13,32.40,32.63,32.40,32.60,470589,15075875.00
2023/07/14,32.69,32.77,32.42,32.45,391838,12543896.00
2023/07/17,32.45,32.45,32.07,32.37,408514,12948068.00
2023/07/18,32.37,32.44,32.16,32.40,239931,7644592.50
2023/07/19,32.50,32.55,32.21,32.30,239748,7630687.50
2023/07/20,32.36,32.46,32.10,32.11,288225,9154802.00
2023/07/21,32.15,32.72,32.01,32.50,561610,17932364.00
2023/07/24,32.58,33.96,32.41,33.85,1924936,63177184.00
2023/07/25,33.56,33.60,33.17,33.31,1169975,38403784.00
2023/07/26,33.32,33.83,33.32,33.43,924206,30521006.00
2023/07/27,33.43,33.63,32.95,33.06,693087,22643434.00
2023/07/28,32.90,33.24,32.73,33.18,527134,17141850.00
2023/07/31,33.32,33.65,33.03,33.32,551110,18050286.00
2023/08/01,33.33,33.47,32.83,32.91,705709,22971078.00
2023/08/02,32.91,33.29,32.75,33.18,533722,17376906.00
2023/08/03,33.17,33.94,32.86,33.67,908923,30030002.00
2023/08/04,34.00,34.00,33.06,33.16,794108,26082538.00
2023/08/07,33.10,33.16,32.36,32.40,597660,19185322.00
2023/08/08,32.33,32.98,32.25,32.74,550059,17662446.00
2023/08/09,32.75,34.58,32.58,34.11,2752261,91862320.00
2023/08/10,33.88,35.17,33.65,34.82,2965401,101290288.00
2023/08/11,34.53,37.46,34.53,36.89,6483244,232858704.00
2023/08/14,36.81,39.30,36.15,37.65,7019167,260224224.00
2023/08/15,36.17,39.21,36.01,37.16,7777214,288919712.00
2023/08/16,36.49,38.86,35.91,35.94,6137759,225341744.00
2023/08/17,35.51,37.78,35.11,35.61,4855914,173173008.00
2023/08/18,35.53,36.06,33.78,33.78,3958859,134655840.00
2023/08/21,33.66,34.07,32.65,32.65,2050209,67065040.00
2023/08/22,32.82,32.98,30.41,31.35,3023440,93489720.00
2023/08/23,31.29,31.32,30.38,30.45,1521956,45990988.00
2023/08/24,30.40,30.68,29.71,30.32,1067133,31681388.00
2023/08/25,30.10,30.78,29.86,30.09,1142991,34002432.00
2023/08/28,31.80,32.09,30.38,30.50,1868457,57327284.00
2023/08/29,30.16,32.80,30.16,32.65,2663097,83382216.00
2023/08/30,32.41,33.00,32.41,32.75,1591620,51340412.00
2023/08/31,32.78,33.34,32.40,33.21,1429344,46405368.00
2023/09/01,33.09,33.37,32.83,32.93,669700,21776398.00
2023/09/04,32.94,33.15,32.41,32.68,880422,28310242.00
2023/09/05,32.93,32.93,32.41,32.46,693347,22244606.00
2023/09/06,32.47,32.69,32.18,32.36,471200,15004088.00
2023/09/07,32.29,32.40,31.80,31.86,607231,19187182.00
2023/09/08,32.13,32.14,31.69,31.81,503326,15805018.00
2023/09/11,31.80,32.80,31.79,32.22,900135,28669484.00
2023/09/12,32.20,32.99,32.11,32.80,904628,29117186.00
2023/09/13,32.76,32.85,31.97,32.11,673100,21465458.00
2023/09/14,32.12,32.33,31.71,31.91,387799,12203659.00
2023/09/15,32.11,33.15,31.72,32.69,923655,29698728.00
2023/09/18,32.50,33.18,32.50,32.88,648486,21015342.00
2023/09/19,32.96,33.46,32.48,32.60,590742,19126444.00
2023/09/20,32.60,32.91,32.33,32.43,511466,16403521.00
2023/09/21,32.50,32.68,31.85,31.87,491400,15514259.00
2023/09/22,31.87,32.58,31.54,32.45,618016,19491052.00
2023/09/25,32.63,32.94,32.26,32.68,633393,20381196.00
2023/09/26,32.61,32.61,32.23,32.27,445508,14200270.00
2023/09/27,32.39,33.04,32.23,32.82,511502,16518589.00
2023/09/28,32.89,33.02,32.43,32.57,569395,18263368.00
2023/10/09,32.58,32.69,31.55,31.92,873151,27382564.00
2023/10/10,31.91,32.02,31.53,31.58,517909,16127316.00
2023/10/11,31.78,32.67,31.60,32.02,910546,28968198.00
2023/10/12,32.06,32.57,31.97,32.30,477505,15137966.00
2023/10/13,32.29,32.84,32.17,32.40,697985,22367770.00
2023/10/16,32.78,32.78,31.72,31.85,618736,19477318.00
2023/10/17,31.85,31.98,31.24,31.43,505630,15631015.00
2023/10/18,31.44,31.44,30.64,30.69,514557,15622564.00
2023/10/19,30.84,30.93,30.13,30.31,468527,14040931.00
2023/10/20,30.30,30.60,29.92,29.92,518754,15366507.00
2023/10/23,29.70,30.08,28.70,28.90,685813,19717562.00
2023/10/24,29.20,30.12,28.77,30.10,667284,19481660.00
2023/10/25,30.10,30.30,29.75,29.78,584600,17232722.00
2023/10/26,29.76,29.87,29.34,29.81,543480,15826121.00
2023/10/27,29.61,30.79,29.29,30.62,937450,27794128.00
2023/10/30,30.45,31.41,30.45,31.25,946519,29072042.00
2023/10/31,31.47,31.65,31.16,31.41,498899,15418030.00
2023/11/01,31.34,31.72,31.26,31.66,444664,13791168.00
2023/11/02,31.54,31.73,31.16,31.18,386210,11921623.00
2023/11/03,31.31,31.60,31.10,31.55,400348,12388523.00
2023/11/06,31.58,32.11,31.51,31.99,655446,20618740.00
2023/11/07,32.16,32.16,31.60,32.08,584800,18437508.00
2023/11/08,32.09,32.45,31.93,32.41,605323,19260900.00
2023/11/09,32.35,32.60,31.98,32.10,516580,16388370.00
2023/11/10,32.35,32.35,31.73,32.15,379350,11985178.00
2023/11/13,32.28,32.40,32.00,32.15,411629,13031153.00
2023/11/14,32.20,32.33,31.92,32.18,334062,10555361.00
2023/11/15,32.21,32.40,31.98,32.18,468700,14839039.00
2023/11/16,32.09,32.19,31.82,31.82,382218,12019443.00
2023/11/17,31.91,32.43,31.84,32.37,570757,18112016.00
2023/11/20,32.35,32.93,32.35,32.88,714400,23041622.00
2023/11/21,32.88,33.06,32.56,32.64,529040,17081560.00
2023/11/22,32.52,32.86,32.33,32.33,449391,14430573.00
2023/11/23,32.30,32.89,32.26,32.67,530954,17070860.00
2023/11/24,32.69,32.89,32.28,32.49,487854,15624608.00
2023/11/27,32.48,32.64,31.98,32.05,530875,16814026.00
2023/11/28,32.04,32.45,31.57,32.32,735983,23253812.00
2023/11/29,32.36,32.53,31.84,31.84,410930,12997930.00
2023/11/30,31.74,32.08,31.54,31.85,553183,17290684.00
2023/12/01,31.70,31.75,30.98,31.20,1271500,39163860.00
2023/12/04,31.33,31.33,30.36,30.37,1073051,32411860.00
2023/12/05,30.47,30.47,29.75,29.75,846172,24995610.00
2023/12/06,29.86,30.17,29.56,29.67,866846,25381006.00
2023/12/07,29.58,29.90,29.38,29.56,755708,21977158.00
2023/12/08,29.60,29.69,29.18,29.22,873648,25270730.00
2023/12/11,29.07,29.30,28.73,29.25,1260060,35945596.00
2023/12/12,29.40,29.48,29.13,29.26,679630,19529248.00
2023/12/13,29.25,29.45,29.10,29.12,725341,20881970.00
2023/12/14,29.15,29.45,28.73,28.74,927261,26440010.00
2023/12/15,28.85,28.85,28.36,28.43,705560,19770250.00
2023/12/18,28.45,28.66,28.06,28.08,841730,23382820.00
2023/12/19,28.08,28.25,27.75,28.21,762304,21009428.00
2023/12/20,28.35,28.56,28.02,28.02,678330,18850972.00
2023/12/21,27.80,28.27,27.48,28.10,971559,26603856.00
2023/12/22,28.15,28.23,27.64,27.68,740566,20254458.00
2023/12/25,27.67,27.80,27.25,27.25,1039075,27977536.00
2023/12/26,27.23,27.29,26.85,26.89,891202,23620944.00
2023/12/27,27.15,27.33,26.81,27.21,736300,19582464.00
2023/12/28,27.24,27.95,26.93,27.78,840849,22761658.00
2023/12/29,27.78,28.12,27.67,28.09,648772,17853306.00
2024/01/02,28.05,28.64,27.88,28.52,924609,25758080.00
2024/01/03,28.22,28.72,28.16,28.27,609700,17005866.00
2024/01/04,28.31,28.48,28.02,28.18,426008,11798355.00
2024/01/05,28.32,28.35,27.62,27.75,501712,13786874.00
2024/01/08,27.90,27.93,27.25,27.25,712500,19234622.00
2024/01/09,27.19,27.80,27.13,27.43,611730,16509040.00
2024/01/10,27.44,27.64,27.04,27.15,596800,16020898.00
2024/01/11,27.48,27.54,27.00,27.48,556700,14936192.00
2024/01/12,27.64,27.69,27.10,27.14,624008,16785660.00
2024/01/15,26.96,27.35,26.95,27.10,463030,12334342.00
2024/01/16,27.08,27.33,26.66,26.95,537489,14199806.00
2024/01/17,27.11,27.11,26.30,26.30,510630,13384090.00
2024/01/18,26.30,26.39,25.12,25.76,758900,19064712.00
2024/01/19,25.83,25.97,25.36,25.37,498200,12510117.00
2024/01/22,25.46,25.47,23.42,23.62,1316413,31372218.00
2024/01/23,23.54,23.65,23.03,23.55,714963,16370684.00
2024/01/24,23.58,23.95,22.80,23.69,865128,19890042.00
2024/01/25,23.69,24.80,23.62,24.76,923922,22014116.00
2024/01/26,24.76,25.15,24.21,24.31,883912,21407020.00
2024/01/29,24.56,24.88,23.75,23.75,761982,18073302.00
2024/01/30,23.65,23.73,22.91,22.94,553544,12638283.00
2024/01/31,22.86,22.88,21.42,21.53,944064,20354076.00
2024/02/01,21.25,21.74,20.97,21.24,912245,19013436.00
2024/02/02,21.17,21.68,19.40,20.02,1321112,26414222.00
2024/02/05,19.78,19.94,17.51,18.03,1551202,27804704.00
2024/02/06,17.51,19.20,17.10,18.71,1364191,23958016.00
2024/02/07,19.07,19.07,17.42,18.00,1775186,31423646.00
2024/02/08,18.31,21.50,18.11,21.50,2926820,57207416.00
2024/02/19,21.51,22.21,21.13,21.55,1454837,30728394.00
数据来源:通达信
