301329 信音电子 日线 后复权
      日期	    开盘	    最高	    最低	    收盘	    成交量	    成交额
2023/07/17,31.00,32.00,28.50,28.51,29263929,870561024.00
2023/07/18,25.77,26.00,23.50,23.54,22128640,542269696.00
2023/07/19,22.62,23.66,22.62,23.20,13259579,306930528.00
2023/07/20,22.90,23.63,22.68,22.81,11658990,269929696.00
2023/07/21,22.93,24.30,22.71,23.34,13484024,317066976.00
2023/07/24,22.80,22.85,21.55,22.12,10147770,224003984.00
2023/07/25,22.17,22.60,22.07,22.43,8001960,178900704.00
2023/07/26,22.23,22.53,21.85,21.93,6646745,147146832.00
2023/07/27,21.84,22.92,21.78,22.61,8670566,194114192.00
2023/07/28,22.29,22.53,21.68,22.39,7461724,165370928.00
2023/07/31,22.25,22.93,22.17,22.81,7190964,162042256.00
2023/08/01,23.23,25.97,23.23,24.91,22179731,540721024.00
2023/08/02,23.68,24.58,23.62,24.55,13770722,331243968.00
2023/08/03,24.01,24.29,23.30,23.73,10488246,248432592.00
2023/08/04,23.48,24.12,23.29,23.36,8710822,205355856.00
2023/08/07,23.19,23.94,23.02,23.94,8065872,189630880.00
2023/08/08,23.71,25.37,23.50,24.53,12576282,306414432.00
2023/08/09,24.23,24.47,23.67,24.35,8264184,199043072.00
2023/08/10,24.25,25.61,24.23,24.84,12169626,303221216.00
2023/08/11,24.50,25.82,24.45,24.86,12657506,319381984.00
2023/08/14,24.10,25.79,23.61,25.70,12310223,308649344.00
2023/08/15,26.11,27.27,25.26,25.28,16424424,428021760.00
2023/08/16,25.15,26.96,24.69,26.90,16202736,420374720.00
2023/08/17,26.19,26.36,25.49,26.16,11041985,286693440.00
2023/08/18,26.00,26.37,25.32,25.41,10389089,268499904.00
2023/08/21,25.33,25.35,24.40,24.71,7491811,185885408.00
2023/08/22,24.78,24.94,22.51,23.29,10110048,237214032.00
2023/08/23,23.00,23.00,22.10,22.15,6167031,138930240.00
2023/08/24,22.21,23.00,21.66,22.44,5594585,124925032.00
2023/08/25,22.01,22.11,21.04,21.15,5233035,112784536.00
2023/08/28,22.50,22.89,21.24,21.28,5769851,126993936.00
2023/08/29,21.28,22.85,21.17,22.81,7468813,166782432.00
2023/08/30,22.65,24.43,22.53,24.01,10351269,244904320.00
2023/08/31,23.50,23.86,23.41,23.57,5619808,132632640.00
2023/09/01,23.60,24.50,23.60,24.00,5628986,134990560.00
2023/09/04,23.84,23.96,23.24,23.69,4419122,104062560.00
2023/09/05,23.58,24.16,23.48,23.84,3796439,90191640.00
2023/09/06,23.51,24.29,23.22,24.25,5173148,123711888.00
2023/09/07,24.01,24.01,23.13,23.14,4448013,104522200.00
2023/09/08,23.00,23.63,22.79,23.42,2965527,69021768.00
2023/09/11,23.45,23.59,23.02,23.06,2669398,61809580.00
2023/09/12,23.06,23.19,22.81,22.81,2271832,52096580.00
2023/09/13,22.73,22.82,22.09,22.39,2585603,57836900.00
2023/09/14,22.28,22.67,21.92,21.97,2056089,45665932.00
2023/09/15,22.09,22.33,21.83,22.07,1753827,38676728.00
2023/09/18,22.33,23.54,22.06,22.85,4954703,113039192.00
2023/09/19,22.71,23.68,22.71,23.46,6285236,145858544.00
2023/09/20,23.20,23.25,22.66,22.81,3942999,90384744.00
2023/09/21,22.76,22.83,22.24,22.49,2735462,61574240.00
2023/09/22,22.37,23.17,22.16,23.09,3191183,72563488.00
2023/09/25,22.98,23.12,22.58,22.63,2516613,57254980.00
2023/09/26,22.59,22.73,22.22,22.54,1736244,39096828.00
2023/09/27,22.51,22.76,22.11,22.13,2413461,54103928.00
2023/09/28,22.28,23.26,22.28,22.95,3703018,84489144.00
2023/10/09,22.82,23.44,22.73,23.03,2741019,63119392.00
2023/10/10,23.11,23.24,22.71,22.76,2467415,56620592.00
2023/10/11,22.75,23.42,22.57,23.28,3487536,80740240.00
2023/10/12,23.15,23.36,22.77,22.85,2694010,61747992.00
2023/10/13,22.85,24.22,22.38,23.94,7333885,172569088.00
2023/10/16,23.98,24.04,23.04,23.41,5335609,125255976.00
2023/10/17,23.23,23.41,21.80,22.09,5556209,123332464.00
2023/10/18,21.90,21.95,21.17,21.18,3171853,67698424.00
2023/10/19,21.08,22.66,21.01,22.00,5040729,110903072.00
2023/10/20,21.56,22.23,21.23,21.30,2903359,62873836.00
2023/10/23,21.25,21.55,19.99,20.20,3170182,64240816.00
2023/10/24,20.19,21.89,19.80,21.61,4365850,91879992.00
2023/10/25,21.50,21.69,21.23,21.34,2588704,55381100.00
2023/10/26,21.30,21.36,20.80,21.22,1894202,39970976.00
2023/10/27,21.21,21.51,20.95,21.33,2093193,44594044.00
2023/10/30,21.23,22.10,21.13,21.82,3091619,66971472.00
2023/10/31,21.80,22.37,21.36,21.75,2814580,61405884.00
2023/11/01,21.66,21.86,21.51,21.70,1850674,40108932.00
2023/11/02,21.60,21.82,21.13,21.21,2160100,46228172.00
2023/11/03,21.19,22.07,21.19,21.86,2910290,63510800.00
2023/11/06,21.98,22.76,21.98,22.63,3027283,67957240.00
2023/11/07,22.51,22.90,22.50,22.80,2296878,52207520.00
2023/11/08,22.68,22.88,22.33,22.61,1976108,44699296.00
2023/11/09,22.58,22.86,22.13,22.22,1857500,41653568.00
2023/11/10,22.28,22.67,22.20,22.45,1965737,44024800.00
2023/11/13,22.64,22.93,22.41,22.77,1959234,44476308.00
2023/11/14,22.69,24.88,22.69,23.91,8089981,192656880.00
2023/11/15,24.05,24.23,23.37,23.72,4024591,95159584.00
2023/11/16,23.66,23.70,23.04,23.10,3091119,71897368.00
2023/11/17,23.13,23.27,22.91,23.24,2594248,59951720.00
2023/11/20,23.30,23.34,22.82,23.22,2153675,49826772.00
2023/11/21,23.16,23.24,22.68,22.81,2704102,61933276.00
2023/11/22,22.70,22.92,22.44,22.58,2293600,51967944.00
2023/11/23,22.58,22.83,22.33,22.72,2008504,45373072.00
2023/11/24,22.69,22.69,21.80,21.89,2697500,59503004.00
2023/11/27,21.87,22.25,21.71,21.99,1886163,41508788.00
2023/11/28,22.13,22.62,22.01,22.34,2330700,52121072.00
2023/11/29,22.34,22.89,22.22,22.40,2303384,51951872.00
2023/11/30,22.35,22.62,21.72,21.97,1806019,39794840.00
2023/12/01,22.00,22.18,21.75,22.03,1500050,32983722.00
2023/12/04,22.00,22.10,21.69,21.72,1514589,33062942.00
2023/12/05,21.88,21.90,21.10,21.16,1549876,33181102.00
2023/12/06,21.16,21.48,21.15,21.29,1039519,22151984.00
2023/12/07,21.31,21.40,21.10,21.21,1339519,28418752.00
2023/12/08,21.18,21.55,21.00,21.20,2189394,46607624.00
2023/12/11,21.25,21.85,21.01,21.61,2835419,61000400.00
2023/12/12,21.57,22.05,21.51,21.65,2318400,50504748.00
2023/12/13,21.65,21.71,21.34,21.47,1853390,39861836.00
2023/12/14,21.62,22.80,21.50,22.16,5665303,125527872.00
2023/12/15,22.30,22.60,21.38,21.63,3716610,81033696.00
2023/12/18,21.52,21.68,20.96,21.02,2701699,57425260.00
2023/12/19,21.11,21.85,20.88,21.60,2491842,53670596.00
2023/12/20,21.59,23.16,21.59,22.30,7222603,162848528.00
2023/12/21,22.14,22.45,21.25,22.11,4436474,97062584.00
2023/12/22,22.06,22.99,21.54,21.60,4641000,103455096.00
2023/12/25,21.53,21.95,21.20,21.39,2951316,63416228.00
2023/12/26,21.30,21.36,20.32,20.53,3015708,62371644.00
2023/12/27,20.43,22.30,20.36,21.99,4910074,105465056.00
2023/12/28,22.09,22.22,21.59,22.16,3144334,69072984.00
2023/12/29,22.08,22.77,22.08,22.70,3509666,79292512.00
2024/01/02,22.59,22.79,22.30,22.37,2223491,49923272.00
2024/01/03,22.20,22.50,21.53,21.82,2370976,51756624.00
2024/01/04,21.66,21.87,21.43,21.66,1722733,37369164.00
2024/01/05,21.80,23.66,21.80,23.03,11145084,255854176.00
2024/01/08,23.10,23.45,22.02,22.02,5937555,133708352.00
2024/01/09,22.90,26.42,22.75,23.53,14190853,343851936.00
2024/01/10,23.25,23.89,22.09,22.32,11552134,260991808.00
2024/01/11,21.86,22.80,21.47,22.70,9276073,206639584.00
2024/01/12,22.36,22.50,21.50,21.63,6827469,149987600.00
2024/01/15,21.31,21.40,20.64,20.93,4524617,94512816.00
2024/01/16,20.78,20.81,20.10,20.45,3969057,81092008.00
2024/01/17,20.29,20.40,19.78,19.83,3879001,77733936.00
2024/01/18,19.77,20.03,19.24,19.98,3607791,71038888.00
2024/01/19,19.81,20.09,19.25,19.25,3060452,59821444.00
2024/01/22,19.30,19.68,18.00,18.00,3518825,66437212.00
2024/01/23,18.02,18.30,17.60,17.91,2999737,53998680.00
2024/01/24,18.05,18.27,17.36,18.16,3201966,57323972.00
2024/01/25,18.13,18.79,17.86,18.65,3124269,57471228.00
2024/01/26,18.52,18.71,18.14,18.16,3032648,55899232.00
2024/01/29,18.41,18.77,17.66,17.73,2650876,48083316.00
2024/01/30,17.78,17.78,16.64,16.70,2773484,47303556.00
2024/01/31,16.58,16.74,15.48,15.55,3019140,48366476.00
2024/02/01,15.60,16.03,15.32,15.68,2197393,34471704.00
2024/02/02,15.69,15.95,14.14,14.86,2984809,44977176.00
2024/02/05,14.66,14.83,12.71,12.96,3729063,50292764.00
2024/02/06,12.50,13.89,12.19,13.45,3027766,39233916.00
2024/02/07,13.36,14.00,12.69,12.85,3167637,42334580.00
2024/02/08,12.85,14.45,12.79,14.35,3525931,48163744.00
2024/02/19,14.53,15.05,14.53,14.75,2482298,36775500.00
数据来源:通达信
