300913 兆龙互连 日线 后复权
      日期	    开盘	    最高	    最低	    收盘	    成交量	    成交额
2020/12/07,46.00,49.00,41.70,42.02,20560984,912909760.00
2020/12/08,43.81,46.49,42.52,44.02,16856537,747525760.00
2020/12/09,43.00,53.34,43.00,49.56,19413557,936002240.00
2020/12/10,46.65,47.50,42.55,43.12,15659460,700870400.00
2020/12/11,41.41,41.52,38.12,39.02,12850234,512194208.00
2020/12/14,38.26,42.26,38.26,40.41,10506631,427289568.00
2020/12/15,40.41,42.11,38.18,39.70,10030486,398137248.00
2020/12/16,38.60,39.45,36.60,36.70,8550007,324140448.00
2020/12/17,36.10,39.46,36.01,39.01,10100992,385277632.00
2020/12/18,39.51,40.00,37.45,37.68,7883122,302899872.00
2020/12/21,36.97,37.46,36.10,36.94,6111327,225172464.00
2020/12/22,36.30,37.33,34.63,34.65,8361643,298238016.00
2020/12/23,35.20,35.49,34.04,34.36,5608635,194712176.00
2020/12/24,33.93,34.06,32.51,32.89,6097615,202737184.00
2020/12/25,32.71,32.90,30.67,31.60,7688034,244688000.00
2020/12/28,31.18,31.60,29.95,30.26,5621029,171680576.00
2020/12/29,30.51,32.17,30.23,30.53,7775001,242620640.00
2020/12/30,29.80,31.58,29.08,31.17,6887122,210714448.00
2020/12/31,31.25,32.11,30.64,31.36,6390137,200474768.00
2021/01/04,30.73,32.15,30.73,31.73,5302075,167501280.00
2021/01/05,31.70,34.30,30.91,32.93,8180240,266191856.00
2021/01/06,32.41,32.45,30.35,30.39,6616925,207324224.00
2021/01/07,29.99,30.30,27.28,27.50,7519486,214313120.00
2021/01/08,27.41,28.58,26.80,27.58,4960086,138362592.00
2021/01/11,27.65,28.98,26.90,28.27,5970074,167192048.00
2021/01/12,27.68,28.18,26.51,26.80,5258985,143381904.00
2021/01/13,26.70,27.35,25.20,25.27,4846432,126585688.00
2021/01/14,25.67,26.82,25.00,26.12,5206715,136084608.00
2021/01/15,25.90,29.66,25.71,29.01,8739823,245794352.00
2021/01/18,28.10,29.46,27.66,28.77,6796040,194686608.00
2021/01/19,28.77,33.69,28.60,30.97,10349901,326447136.00
2021/01/20,30.45,30.96,29.30,30.09,7523988,225072880.00
2021/01/21,29.36,29.65,28.39,28.56,5221056,150923456.00
2021/01/22,28.26,29.65,27.28,27.54,5355296,151861712.00
2021/01/25,26.99,28.60,26.50,28.60,5714692,157043696.00
2021/01/26,28.20,29.69,27.17,27.31,5050762,143790032.00
2021/01/27,26.79,27.87,26.67,27.84,3666509,99827112.00
2021/01/28,27.58,28.49,26.35,26.37,3703472,101145512.00
2021/01/29,26.30,27.38,26.29,27.03,3781508,101287744.00
2021/02/01,27.04,31.44,27.04,30.95,9759449,286095648.00
2021/02/02,29.83,30.40,28.78,28.91,7447026,219907792.00
2021/02/03,28.69,30.59,28.48,30.12,7579635,225508912.00
2021/02/04,29.40,32.20,28.69,30.76,8987167,275547040.00
2021/02/05,30.75,30.95,26.52,27.20,7037390,203738128.00
2021/02/08,27.01,27.20,25.77,25.80,4599128,121366912.00
2021/02/09,25.80,26.68,25.38,25.96,3729946,97154504.00
2021/02/10,26.01,26.35,24.65,25.05,4807724,121540480.00
2021/02/18,25.50,26.39,25.24,26.15,3620285,94118384.00
2021/02/19,26.27,27.14,25.80,26.94,3552354,94211024.00
2021/02/22,26.74,27.63,26.31,26.50,4160028,112397864.00
2021/02/23,26.32,28.82,25.90,27.96,6187548,170210832.00
2021/02/24,27.50,27.99,26.86,27.39,3868632,106359840.00
2021/02/25,27.76,28.00,26.19,26.41,3393238,91214048.00
2021/02/26,25.78,26.97,25.58,26.54,2675832,70914144.00
2021/03/01,26.62,27.35,26.62,27.04,2429002,65469488.00
2021/03/02,27.49,27.49,26.08,26.37,2786314,74176232.00
2021/03/03,26.35,26.58,25.80,26.48,2065671,54322676.00
2021/03/04,26.45,26.67,25.65,25.74,2640211,68815912.00
2021/03/05,25.39,26.36,25.35,26.18,1993829,51941244.00
2021/03/08,26.19,27.53,26.17,26.62,3709754,100135000.00
2021/03/09,26.72,28.10,25.40,26.78,5002208,134832368.00
2021/03/10,26.70,28.78,25.81,28.78,8342797,233302768.00
2021/03/11,28.35,28.49,27.69,28.31,5148292,144543296.00
2021/03/12,28.09,28.31,27.68,28.03,3501164,97945888.00
2021/03/15,27.71,27.71,26.06,26.51,3644334,97853392.00
2021/03/16,26.44,27.02,26.21,26.87,2383271,63660160.00
2021/03/17,26.65,27.58,26.60,27.44,2687364,72929232.00
2021/03/18,27.45,28.68,27.01,28.35,4463794,124326216.00
2021/03/19,28.58,29.78,28.08,28.40,6821754,197230704.00
2021/03/22,28.29,29.68,28.29,29.32,5964052,173888128.00
2021/03/23,28.91,29.36,28.40,28.78,4433915,127582176.00
2021/03/24,28.38,28.79,27.63,28.47,3351146,94614848.00
2021/03/25,28.20,29.13,28.03,29.10,4032625,115378008.00
2021/03/26,29.00,29.05,28.33,28.44,2875591,82349280.00
2021/03/29,28.20,28.35,27.38,27.47,2846979,78838032.00
2021/03/30,27.54,27.80,26.58,26.69,2673750,72229664.00
2021/03/31,26.53,26.98,26.28,26.88,1906520,50993236.00
2021/04/01,26.72,27.25,26.58,26.64,1916410,51408904.00
2021/04/02,26.50,27.49,26.45,27.21,2472184,66973772.00
2021/04/06,27.17,28.08,27.10,27.70,2538870,69999568.00
2021/04/07,27.59,28.60,27.20,28.57,4340367,121785680.00
2021/04/08,28.88,29.57,28.21,28.41,6045226,174861728.00
2021/04/09,28.14,29.10,28.11,28.98,4282429,122729976.00
2021/04/12,28.69,29.26,28.01,28.16,3062250,87412696.00
2021/04/13,28.40,28.57,27.33,27.59,2514710,70301792.00
2021/04/14,27.71,29.20,27.70,28.70,3716540,106261976.00
2021/04/15,28.55,28.87,27.01,27.20,3400173,94215536.00
2021/04/16,27.32,29.72,27.26,28.88,5132400,146903472.00
2021/04/19,28.92,29.35,28.68,29.05,3730770,108237160.00
2021/04/20,29.43,29.77,28.40,28.57,3429092,99254360.00
2021/04/21,28.29,30.20,28.09,29.73,6940153,204241792.00
2021/04/22,29.45,29.80,29.01,29.52,4620600,135740800.00
2021/04/23,28.80,28.86,26.37,26.71,6613050,179571648.00
2021/04/26,26.40,26.94,26.00,26.23,3047589,80432960.00
2021/04/27,26.21,26.40,25.00,25.37,2862853,72692104.00
2021/04/28,25.32,25.72,25.20,25.55,1451550,37055064.00
2021/04/29,25.57,25.68,24.86,24.91,1880881,47404108.00
2021/04/30,24.95,25.10,23.83,23.85,2561968,62058940.00
2021/05/06,23.99,24.27,23.76,24.05,1352030,32464606.00
2021/05/07,24.25,24.46,24.05,24.16,1248170,30271498.00
2021/05/10,24.18,24.45,23.92,24.27,1065400,25797144.00
2021/05/11,24.27,24.66,24.03,24.66,1349130,33005894.00
2021/05/12,24.59,24.59,24.22,24.46,1192946,29117342.00
2021/05/13,24.08,24.51,23.88,23.91,1429075,34520536.00
2021/05/14,24.06,24.96,23.89,24.68,2116640,51719788.00
2021/05/17,24.57,24.57,24.05,24.40,1439148,34931844.00
2021/05/18,24.29,24.98,24.20,24.68,1368856,33750692.00
2021/05/19,24.48,24.88,24.20,24.38,1478718,36118672.00
2021/05/20,24.36,24.36,23.95,23.95,1297015,31295268.00
2021/05/21,23.98,24.15,23.46,23.57,1569926,37383068.00
2021/05/24,23.56,23.66,22.71,23.10,2095710,48204980.00
2021/05/25,23.05,23.30,22.84,23.21,1596432,36859116.00
2021/05/26,23.59,24.98,23.50,24.48,3720317,90870112.00
2021/05/27,24.00,24.50,23.95,24.34,2154748,52201732.00
2021/05/28,24.25,24.60,24.00,24.01,1806600,43915900.00
2021/05/31,23.88,24.38,23.85,24.37,1357050,32850604.00
2021/06/01,24.30,24.55,24.08,24.51,1756377,42835448.00
2021/06/02,24.51,24.75,24.17,24.43,1742200,42604496.00
2021/06/03,24.55,25.62,24.27,24.65,3518400,88076848.00
2021/06/04,24.26,24.70,23.71,23.78,2448100,58966004.00
2021/06/07,23.26,24.34,23.20,24.14,2391599,57099852.00
2021/06/08,24.13,24.38,23.77,23.94,1731692,41644348.00
2021/06/09,24.16,25.05,23.95,24.65,2466667,60794668.00
2021/06/10,24.46,25.25,24.38,25.02,2902087,72347432.00
2021/06/11,25.40,25.40,24.61,24.71,2340290,58256308.00
2021/06/15,24.26,24.98,24.21,24.45,1746624,42752312.00
2021/06/16,24.40,24.86,23.78,23.81,1811400,44104872.00
2021/06/17,23.81,24.16,23.40,24.09,1756947,41771212.00
2021/06/18,24.81,28.91,24.81,28.91,6997083,196142544.00
2021/06/21,29.68,29.93,27.13,27.90,10794587,304051712.00
2021/06/22,27.68,27.98,26.96,27.07,6347796,173572800.00
2021/06/23,27.20,27.68,27.12,27.28,4612668,126050960.00
2021/06/24,27.47,27.55,26.33,26.96,4103353,110339928.00
2021/06/25,26.72,26.90,26.24,26.40,2781185,73688672.00
2021/06/28,26.43,26.90,26.27,26.81,2584393,68977552.00
2021/06/29,26.74,27.14,25.83,25.91,2828629,74362320.00
2021/06/30,25.94,26.28,25.70,26.20,1779002,46278420.00
2021/07/01,26.26,26.26,24.88,25.04,2739323,69707184.00
2021/07/02,24.78,25.18,24.60,24.69,1585099,39383348.00
2021/07/05,24.70,25.44,24.70,25.39,2175883,54674020.00
2021/07/06,25.30,25.45,24.86,25.45,1505415,37834616.00
2021/07/07,25.39,25.79,25.23,25.53,1588492,40585540.00
2021/07/08,25.65,25.65,24.80,25.03,1976569,49496436.00
2021/07/09,24.85,25.28,24.85,25.05,1315953,32970672.00
2021/07/12,25.09,26.12,25.09,25.65,2618873,67427208.00
2021/07/13,25.41,25.82,25.05,25.81,2007248,50911864.00
2021/07/14,25.78,27.00,25.56,27.00,5179352,136980704.00
2021/07/15,27.50,28.48,26.31,26.38,4956443,135033280.00
2021/07/16,26.00,26.00,24.95,25.12,3562410,89673248.00
2021/07/19,24.93,26.43,24.37,25.75,3300172,83480152.00
2021/07/20,25.27,25.72,24.97,25.18,1913799,48042528.00
2021/07/21,25.04,25.39,25.04,25.18,1343689,33692044.00
2021/07/22,25.18,26.41,25.05,26.02,3313431,85490952.00
2021/07/23,25.96,26.31,25.37,25.40,2128246,54637940.00
2021/07/26,25.74,25.89,24.72,24.94,1742656,43836576.00
2021/07/27,24.92,25.68,24.92,24.97,2058362,51811660.00
2021/07/28,24.87,24.92,23.13,23.25,2780490,65225392.00
2021/07/29,23.37,24.10,23.37,23.70,1826116,43122608.00
2021/07/30,23.65,24.57,23.49,24.33,1877424,45095208.00
2021/08/02,24.42,24.82,24.13,24.76,1674960,40937416.00
2021/08/03,24.62,25.24,24.42,24.66,1950339,48326088.00
2021/08/04,24.47,25.04,24.47,24.98,1498294,37038132.00
2021/08/05,24.82,24.87,23.96,24.13,2012330,48602844.00
2021/08/06,24.15,24.57,23.86,24.54,1522511,36740960.00
2021/08/09,24.32,25.05,24.32,24.97,1713007,42229496.00
2021/08/10,25.01,25.80,24.87,25.70,2644152,67179064.00
2021/08/11,25.50,26.42,25.27,26.03,2971210,76524392.00
2021/08/12,26.15,26.15,25.53,25.69,2031768,52061384.00
2021/08/13,25.60,26.40,25.48,26.38,3172483,82061928.00
2021/08/16,27.00,27.00,25.54,26.21,3391929,88060656.00
2021/08/17,26.05,26.79,25.80,25.98,2921010,76308248.00
2021/08/18,25.92,26.30,25.59,26.18,2119039,54601840.00
2021/08/19,25.91,27.77,25.84,26.14,4352918,115198256.00
2021/08/20,25.74,25.82,24.19,24.44,3401420,83067968.00
2021/08/23,24.45,26.70,24.45,26.28,4057908,103863952.00
2021/08/24,26.77,26.79,25.85,25.96,2234671,58131508.00
2021/08/25,25.83,26.20,25.63,26.02,1535099,39553064.00
2021/08/26,25.97,26.06,24.98,25.03,1998085,50442436.00
2021/08/27,24.81,25.52,24.64,25.51,2148917,53607764.00
2021/08/30,26.00,27.50,25.84,26.18,4015985,106070184.00
2021/08/31,26.19,27.11,25.55,27.07,5000301,132914496.00
2021/09/01,26.72,27.90,26.44,27.62,5880726,160271056.00
2021/09/02,27.33,28.27,26.88,27.53,4570513,124798016.00
2021/09/03,27.62,27.82,26.81,26.93,3062383,82697856.00
2021/09/06,26.93,27.16,26.47,27.04,2141808,57312428.00
2021/09/07,27.11,27.11,26.52,26.71,2278400,60538980.00
2021/09/08,26.70,26.93,26.30,26.68,2162898,57210040.00
2021/09/09,26.58,27.46,26.42,27.41,2844583,76358976.00
2021/09/10,27.14,27.27,26.38,26.41,2523987,67294752.00
2021/09/13,26.36,26.36,25.71,25.76,1826043,46949920.00
2021/09/14,25.76,25.95,25.42,25.43,1467829,37547044.00
2021/09/15,25.42,26.05,25.13,26.00,1351575,34543844.00
2021/09/16,26.00,26.04,25.13,25.20,1274814,32475462.00
2021/09/17,25.04,26.02,25.02,25.90,1448318,36852412.00
2021/09/22,25.82,26.08,25.40,25.94,1361089,34874656.00
2021/09/23,25.88,27.24,25.82,26.53,2771315,73544024.00
2021/09/24,26.31,27.10,25.95,27.05,3086214,81900848.00
2021/09/27,27.13,27.61,26.54,27.00,3165275,85297104.00
2021/09/28,27.12,27.80,26.78,26.96,3011699,81723256.00
2021/09/29,26.20,26.50,24.61,24.67,2873290,72468472.00
2021/09/30,24.79,25.05,24.54,25.00,1196361,29640622.00
2021/10/08,25.03,25.41,25.01,25.23,1117057,28068604.00
2021/10/11,25.23,26.87,23.96,26.82,4110308,104306600.00
2021/10/12,26.33,26.82,25.97,26.62,2648782,69495216.00
2021/10/13,26.61,27.50,26.33,27.22,3979756,107229032.00
2021/10/14,27.52,27.52,26.71,26.85,2741889,73831408.00
2021/10/15,26.59,29.24,26.28,28.21,6722432,188644896.00
2021/10/18,28.17,28.75,27.67,28.49,4458584,125061568.00
2021/10/19,28.02,28.62,27.82,27.88,3527759,98687792.00
2021/10/20,28.09,29.61,27.50,28.99,5701963,163327216.00
2021/10/21,28.60,28.92,27.95,28.54,3633135,102795472.00
2021/10/22,28.53,28.53,27.06,27.32,3597434,98310760.00
2021/10/25,27.33,28.19,26.94,27.77,2547292,70355552.00
2021/10/26,27.75,28.13,27.02,28.05,3090867,84891232.00
2021/10/27,27.62,27.85,25.50,25.50,4162529,108742312.00
2021/10/28,25.60,26.22,25.05,25.92,2089264,53457900.00
2021/10/29,26.27,27.49,26.16,26.58,2817603,75403248.00
2021/11/01,26.35,27.97,26.35,27.64,3483496,94905152.00
2021/11/02,27.70,28.00,26.94,27.27,2878906,78573192.00
2021/11/03,27.46,28.56,27.18,28.38,4181527,117075488.00
2021/11/04,28.30,28.62,27.85,28.41,3345338,94250584.00
2021/11/05,28.12,29.20,27.95,28.55,4917019,140076736.00
2021/11/08,28.55,29.06,28.17,28.47,3520703,100151880.00
2021/11/09,28.92,34.14,28.62,34.14,8693659,282936096.00
2021/11/10,34.39,34.80,32.00,32.24,12173514,399141024.00
2021/11/11,32.61,33.51,31.74,33.11,9252048,302987200.00
2021/11/12,32.90,36.32,32.28,33.98,9994330,339704448.00
2021/11/15,34.47,36.12,33.47,35.05,7661227,265485824.00
2021/11/16,34.42,34.73,32.92,33.31,6079790,203964272.00
2021/11/17,33.14,34.27,33.14,33.62,4549253,152403168.00
2021/11/18,33.41,33.71,32.44,32.53,4448074,146086496.00
2021/11/19,32.44,32.79,31.26,31.90,4754573,150776400.00
2021/11/22,31.68,32.52,31.50,32.03,3536879,113056376.00
2021/11/23,32.25,32.93,31.70,32.76,4490476,144989184.00
2021/11/24,32.65,33.55,32.19,33.21,5101070,167531488.00
2021/11/25,32.88,33.17,31.89,32.21,3478923,112064120.00
2021/11/26,32.35,34.68,31.64,34.05,6855772,227016928.00
2021/11/29,33.20,35.61,33.14,35.20,6151504,212277520.00
2021/11/30,35.57,35.57,32.64,32.97,5638179,190461248.00
2021/12/01,32.96,33.52,32.25,33.45,2904689,95418280.00
2021/12/02,33.37,33.37,30.02,30.17,5385602,168031152.00
2021/12/03,30.24,30.71,29.49,29.94,2842687,84951008.00
2021/12/06,29.94,30.25,28.94,29.40,2394297,70241088.00
2021/12/07,29.42,30.35,29.06,30.12,2348961,69452760.00
2021/12/08,30.12,30.32,29.70,30.17,1510938,45185620.00
2021/12/09,30.17,30.99,30.01,30.08,1961805,59552348.00
2021/12/10,30.03,30.03,29.30,29.59,1563061,46052188.00
2021/12/13,29.56,30.08,29.22,29.92,1537383,45457592.00
2021/12/14,29.92,30.88,29.54,30.68,2505753,75836728.00
2021/12/15,30.63,30.96,30.33,30.48,1599559,48724300.00
2021/12/16,30.42,30.72,30.18,30.51,1451347,43886316.00
2021/12/17,30.34,30.45,29.25,29.37,1808170,53473644.00
2021/12/20,29.10,29.47,27.93,27.96,1906188,53925188.00
2021/12/21,28.21,28.60,28.07,28.42,1069307,30229944.00
2021/12/22,28.57,28.68,28.38,28.41,924900,26209962.00
2021/12/23,28.51,28.57,27.68,28.25,1231555,34450864.00
2021/12/24,28.25,28.42,26.90,26.92,1692117,46162572.00
2021/12/27,26.89,27.27,26.72,27.12,770184,20733780.00
2021/12/28,27.01,27.58,26.99,27.40,796601,21703976.00
2021/12/29,27.40,27.68,26.96,27.47,836952,22816906.00
2021/12/30,27.43,27.89,27.43,27.55,913330,25152948.00
2021/12/31,27.51,27.80,27.33,27.49,866134,23774434.00
2022/01/04,27.32,27.90,27.21,27.83,988674,27246468.00
2022/01/05,27.72,28.22,27.47,27.66,1277859,35401648.00
2022/01/06,27.82,28.06,27.54,27.96,914400,25379414.00
2022/01/07,27.97,28.04,26.43,26.56,2019746,54571680.00
2022/01/10,26.62,27.07,26.02,26.95,961657,25560616.00
2022/01/11,27.10,27.49,26.87,27.15,790140,21380844.00
2022/01/12,27.17,27.70,27.17,27.45,940106,25704502.00
2022/01/13,27.85,28.77,27.83,27.88,2124247,59697064.00
2022/01/14,27.74,28.44,27.74,28.12,1662182,46624980.00
2022/01/17,28.22,29.19,28.13,29.02,2364291,67731208.00
2022/01/18,29.05,29.11,27.83,28.04,2013400,56618916.00
2022/01/19,27.92,28.97,27.92,28.77,1961057,55735936.00
2022/01/20,28.58,28.76,27.24,27.83,1856422,51377692.00
2022/01/21,27.73,28.12,27.24,27.67,913619,25102012.00
2022/01/24,27.66,27.66,26.63,26.86,878130,23640886.00
2022/01/25,26.85,26.85,25.09,25.15,1357000,34667204.00
2022/01/26,25.10,25.61,24.94,25.28,633527,15943777.00
2022/01/27,25.33,25.47,24.08,24.09,1020830,24870036.00
2022/01/28,24.13,25.12,24.13,24.80,846730,20800012.00
2022/02/07,25.42,25.61,24.97,25.11,605400,15175168.00
2022/02/08,25.27,25.52,24.97,25.52,513359,12940257.00
2022/02/09,25.51,26.62,25.25,26.12,1210559,31382996.00
2022/02/10,26.42,27.54,26.31,26.54,1438430,38444232.00
2022/02/11,26.28,26.29,24.67,25.62,1249974,31795052.00
2022/02/14,26.12,26.41,25.02,25.23,787243,19913834.00
2022/02/15,25.70,25.70,24.99,25.42,615600,15492122.00
2022/02/16,25.48,25.94,25.47,25.91,846512,21688236.00
2022/02/17,25.91,26.24,25.51,25.54,1001443,25699266.00
2022/02/18,30.09,30.12,27.05,28.20,6161831,174279152.00
2022/02/21,29.52,31.17,29.02,29.70,8087741,242369840.00
2022/02/22,29.70,31.78,28.87,31.10,7858333,238264064.00
2022/02/23,30.30,30.92,29.79,30.50,5501539,166265920.00
2022/02/24,30.72,31.43,27.65,28.18,6588755,191729488.00
2022/02/25,29.37,33.79,29.37,33.79,10511668,346662176.00
2022/02/28,33.09,33.45,31.22,32.36,9979161,318863712.00
2022/03/01,31.89,32.24,30.82,31.54,7371348,230422320.00
2022/03/02,31.65,32.22,30.83,31.84,5752829,181243504.00
2022/03/03,31.70,31.70,30.16,30.56,5493247,168208176.00
2022/03/04,30.29,30.59,29.43,29.51,3999409,118705336.00
2022/03/07,29.52,29.82,28.92,29.75,2868074,84196536.00
2022/03/08,29.71,30.82,28.92,30.13,4633342,138701792.00
2022/03/09,29.49,30.49,27.63,30.04,4384100,128144056.00
2022/03/10,31.12,31.33,29.64,29.80,3730634,112390216.00
2022/03/11,29.06,29.06,27.95,28.55,3039344,86119120.00
2022/03/14,28.00,28.11,27.43,27.46,2046424,56610424.00
2022/03/15,27.71,28.11,26.35,26.48,2108200,57801132.00
2022/03/16,26.98,27.39,26.28,27.17,2442300,65431424.00
2022/03/17,27.18,28.10,27.18,27.50,2808152,77511424.00
2022/03/18,27.46,27.90,26.92,27.63,1838799,50457756.00
2022/03/21,27.70,28.26,27.30,28.15,2243100,62515740.00
2022/03/22,28.46,28.62,27.18,27.60,2187030,60427320.00
2022/03/23,27.42,29.62,27.33,29.09,5513926,158277504.00
2022/03/24,28.48,29.18,28.23,28.35,3857534,109989296.00
2022/03/25,28.11,28.25,27.34,27.38,2437235,67236928.00
2022/03/28,27.21,27.21,25.73,26.45,2472000,65150856.00
2022/03/29,26.43,26.68,25.63,26.00,1540396,39916392.00
2022/03/30,26.04,26.18,25.57,26.12,1563191,40294340.00
2022/03/31,26.14,26.14,25.44,25.64,1515300,38823208.00
2022/04/01,25.43,25.48,24.95,24.95,1509360,37734596.00
2022/04/06,24.96,25.64,24.87,25.31,1061348,26747376.00
2022/04/07,25.14,25.92,24.92,25.17,1637726,41331376.00
2022/04/08,25.12,25.17,24.32,25.04,1607238,39498556.00
2022/04/11,25.19,26.32,24.97,25.82,3127730,79913456.00
2022/04/12,25.58,26.33,25.27,26.25,2391744,61758724.00
2022/04/13,26.18,26.18,25.42,25.42,1674174,42720900.00
2022/04/14,25.62,25.62,24.85,24.98,1346985,33712700.00
2022/04/15,24.93,24.93,23.42,23.49,1779104,42269224.00
2022/04/18,23.44,23.69,22.93,23.44,1345060,31163006.00
2022/04/19,23.29,23.88,23.22,23.74,1026120,24083066.00
2022/04/20,23.63,23.82,23.29,23.62,848850,19924792.00
2022/04/21,23.62,23.62,22.03,22.09,1514100,34093696.00
2022/04/22,22.08,22.44,21.49,22.17,1017700,22228084.00
2022/04/25,23.12,23.63,21.70,21.82,2665530,60583716.00
2022/04/26,22.11,22.46,20.94,21.22,2215259,47324744.00
2022/04/27,20.75,21.40,19.17,21.33,2233232,45019532.00
2022/04/28,20.39,21.47,20.04,20.13,1511800,31211472.00
2022/04/29,20.62,22.05,20.48,21.61,2476408,52899024.00
2022/05/05,21.62,22.14,21.24,21.91,1831259,39645500.00
2022/05/06,21.45,22.38,21.37,21.97,1906272,41726832.00
2022/05/09,21.82,22.82,21.64,22.53,1861887,41558164.00
2022/05/10,22.35,23.06,22.24,22.96,1702567,38638396.00
2022/05/11,23.13,23.76,22.82,22.82,2123505,49286736.00
2022/05/12,22.65,23.47,22.65,23.10,1928272,44269576.00
2022/05/13,23.27,23.29,22.70,23.02,1509282,34418364.00
2022/05/16,23.46,23.47,22.74,22.97,1042022,23785432.00
2022/05/17,22.97,23.12,22.34,22.65,1146100,25738574.00
2022/05/18,22.56,23.47,22.56,23.05,1345000,31074228.00
2022/05/19,22.72,23.51,22.62,23.47,1074907,24858766.00
2022/05/20,23.48,23.60,23.21,23.49,858954,19990306.00
2022/05/23,23.47,23.97,23.47,23.84,1175323,27801630.00
2022/05/24,23.82,23.98,22.12,22.50,1263785,29098126.00
2022/05/25,22.72,22.85,22.47,22.82,794758,17924310.00
2022/05/26,22.82,23.12,22.03,22.94,1147957,25812266.00
2022/05/27,23.04,23.30,22.57,22.77,955883,21824228.00
2022/05/30,22.85,22.89,22.22,22.76,1029689,23179102.00
2022/05/31,22.91,23.15,22.33,23.15,1253246,28490570.00
2022/06/01,23.15,23.58,23.03,23.49,1254900,29236336.00
2022/06/02,23.44,23.88,23.16,23.81,1177230,27577670.00
2022/06/06,23.79,24.18,23.53,24.08,1508798,35977816.00
2022/06/07,24.25,24.25,23.47,23.64,1128818,26648888.00
2022/06/08,23.64,23.87,23.03,23.42,1038800,24182878.00
2022/06/09,23.77,23.78,22.62,22.80,1317815,30163306.00
2022/06/10,22.87,23.17,22.67,23.04,964943,22112458.00
2022/06/13,22.72,23.40,22.72,23.40,987202,22817824.00
2022/06/14,23.39,23.39,22.45,23.20,1263650,28751590.00
2022/06/15,23.21,23.45,22.81,22.89,1597153,36711380.00
2022/06/16,23.10,23.10,22.36,22.89,1743119,26122840.00
2022/06/17,22.69,23.23,22.38,23.19,2351890,35550284.00
2022/06/20,23.52,23.95,23.22,23.74,2480795,38698552.00
2022/06/21,23.80,24.03,23.35,23.71,1717400,26851896.00
2022/06/22,23.52,23.80,22.89,22.89,1614892,24794872.00
2022/06/23,22.95,23.52,22.75,23.52,1498950,23033178.00
2022/06/24,23.52,23.82,23.46,23.70,1543502,24079426.00
2022/06/27,23.58,24.10,23.52,24.07,2084147,32736192.00
2022/06/28,24.13,25.18,23.67,24.60,3685834,59603240.00
2022/06/29,25.06,25.06,24.09,24.15,2538247,40836312.00
2022/06/30,24.12,24.52,24.00,24.06,1708254,27208086.00
2022/07/01,23.97,24.36,23.82,24.04,1559217,24762252.00
2022/07/04,24.22,24.37,23.55,24.27,1484410,23531130.00
2022/07/05,24.42,24.73,23.83,24.12,2079676,33300912.00
2022/07/06,23.92,24.46,23.73,24.46,2473290,39568220.00
2022/07/07,24.70,24.72,24.01,24.04,2039502,32529356.00
2022/07/08,23.98,24.70,23.98,24.13,2025782,32550678.00
2022/07/11,24.09,24.36,23.71,24.15,1254974,19949480.00
2022/07/12,24.15,24.70,23.79,24.54,2422537,38877136.00
2022/07/13,24.27,24.91,24.04,24.85,3032227,49118468.00
2022/07/14,25.30,25.57,24.75,25.32,3606075,60063668.00
2022/07/15,25.15,26.13,24.88,25.75,4080772,69073784.00
2022/07/18,25.80,27.69,25.80,27.69,6985022,124267232.00
2022/07/19,27.60,28.48,26.62,26.88,5796767,104383648.00
2022/07/20,26.89,27.55,26.47,27.39,4490011,80099608.00
2022/07/21,26.98,27.40,26.17,26.17,4123146,72430920.00
2022/07/22,26.53,27.21,26.07,26.64,3408775,59908388.00
2022/07/25,26.50,27.09,25.68,25.84,2465761,42659592.00
2022/07/26,26.19,26.19,25.45,25.84,1580463,26873652.00
2022/07/27,25.89,26.35,25.75,26.19,1656942,28529592.00
2022/07/28,26.32,26.80,26.23,26.56,2631138,46172032.00
2022/07/29,26.31,26.71,25.83,26.11,2326180,40202976.00
2022/08/01,26.11,26.77,25.72,26.26,1936489,33625492.00
2022/08/02,25.98,26.07,24.69,24.70,3614804,59993448.00
2022/08/03,25.11,26.26,24.85,24.94,3729517,63217820.00
2022/08/04,25.24,26.14,25.03,25.81,2925939,49783640.00
2022/08/05,26.50,26.50,25.86,26.28,2645395,45643720.00
2022/08/08,26.25,26.71,25.86,26.61,1904661,33046522.00
2022/08/09,26.61,28.18,26.25,27.66,5757588,104717440.00
2022/08/10,27.10,27.93,27.10,27.55,3086700,56218608.00
2022/08/11,27.40,28.21,27.40,28.11,3520959,64961824.00
2022/08/12,27.84,28.44,27.13,27.21,2791753,50997980.00
2022/08/15,27.13,27.69,26.95,27.30,1845925,33143792.00
2022/08/16,27.30,27.45,26.92,27.07,1403300,25129092.00
2022/08/17,27.15,27.37,26.64,26.73,1757800,31145756.00
2022/08/18,26.73,27.22,26.37,27.01,1645635,29201718.00
2022/08/19,27.15,27.22,25.98,26.23,2008800,35116512.00
2022/08/22,25.98,26.32,25.72,25.84,1563225,26779254.00
2022/08/23,25.80,26.58,25.80,26.28,1768850,30600544.00
2022/08/24,26.28,26.44,24.90,25.02,2152400,36019792.00
2022/08/25,25.02,25.35,23.92,24.28,1871964,30108622.00
2022/08/26,24.40,24.69,24.07,24.13,1289407,20764680.00
2022/08/29,24.10,25.57,23.58,25.42,2288500,37621836.00
2022/08/30,26.26,30.24,26.26,27.79,13766435,256579792.00
2022/08/31,27.55,28.36,26.34,26.95,8526879,152611232.00
2022/09/01,27.07,27.91,26.62,27.13,6100688,109990128.00
2022/09/02,27.55,28.72,26.98,28.57,8347421,155180144.00
2022/09/05,28.30,28.42,27.25,27.97,5114813,94158800.00
2022/09/06,27.64,29.10,27.28,28.83,6305032,118379176.00
2022/09/07,29.20,29.20,27.85,28.48,4908745,92006840.00
2022/09/08,28.06,28.98,27.85,28.00,3874250,72546912.00
2022/09/09,28.00,28.45,27.52,27.57,2929471,53836284.00
2022/09/13,27.55,27.94,27.10,27.64,2220448,40318052.00
2022/09/14,27.19,27.64,27.01,27.24,1986274,35734612.00
2022/09/15,27.40,27.55,25.72,26.08,3594763,62298372.00
2022/09/16,26.26,26.56,25.72,25.81,2850792,49297076.00
2022/09/19,25.99,26.17,24.96,25.12,2288000,38219292.00
2022/09/20,25.45,25.83,25.36,25.66,1525816,25764012.00
2022/09/21,25.66,25.75,24.91,25.41,1557320,26050712.00
2022/09/22,25.38,25.86,25.32,25.38,1167068,19659600.00
2022/09/23,25.38,25.66,24.40,24.60,1540214,25209298.00
2022/09/26,24.66,25.23,24.07,24.78,1849350,30287786.00
2022/09/27,24.82,26.50,24.78,26.44,3370419,57542500.00
2022/09/28,26.43,26.47,24.99,24.99,3002050,50549100.00
2022/09/29,25.23,25.68,24.70,25.45,2809779,46914872.00
2022/09/30,25.44,25.44,24.10,24.10,2306325,37292868.00
2022/10/10,24.31,24.70,23.77,24.21,2351771,37499732.00
2022/10/11,24.30,24.67,23.89,24.48,2142150,34475736.00
2022/10/12,24.57,25.15,24.03,25.12,2007921,32671590.00
2022/10/13,24.87,26.05,24.73,25.72,3414528,57916680.00
2022/10/14,25.69,26.22,25.45,25.90,2560988,43667436.00
2022/10/17,25.71,26.80,25.48,26.76,2689200,46978452.00
2022/10/18,27.04,27.13,26.35,26.92,2529874,44797372.00
2022/10/19,26.76,27.79,26.52,27.03,3711906,67105328.00
2022/10/20,27.01,28.51,26.71,28.29,4835535,88957064.00
2022/10/21,28.47,28.47,27.48,27.84,3098294,56998888.00
2022/10/24,27.75,28.33,26.92,27.25,3699371,67426024.00
2022/10/25,27.09,27.25,26.20,26.98,3274861,57678848.00
2022/10/26,27.21,27.93,27.21,27.69,2760119,50377680.00
2022/10/27,27.63,28.00,27.24,27.30,2229140,40740080.00
2022/10/28,27.30,27.36,25.90,26.08,2489250,43685564.00
2022/10/31,26.17,26.92,25.77,26.50,2206488,38771332.00
2022/11/01,26.53,27.18,26.31,26.92,2248273,39630240.00
2022/11/02,26.80,28.21,26.70,28.15,4187668,76276920.00
2022/11/03,28.00,28.02,27.42,27.69,3271650,59818796.00
2022/11/04,27.69,28.66,27.52,28.32,3767557,70291208.00
2022/11/07,28.29,28.59,27.84,28.05,2816450,52312496.00
2022/11/08,28.00,28.12,27.52,28.05,2006938,36932096.00
2022/11/09,27.82,28.09,27.49,27.88,1893095,34695264.00
2022/11/10,27.70,28.45,27.58,28.35,4130350,76872280.00
2022/11/11,28.75,28.83,27.31,27.66,6533156,120613144.00
2022/11/14,27.78,28.27,27.01,27.22,3598074,65560964.00
2022/11/15,27.06,28.36,27.06,28.30,5034195,93260184.00
2022/11/16,28.24,28.62,28.09,28.26,2577953,48245048.00
2022/11/17,28.14,29.13,27.99,28.86,3766993,71046496.00
2022/11/18,28.87,29.01,28.17,28.27,2769676,52371092.00
2022/11/21,28.18,29.37,27.73,29.34,4794832,91345480.00
2022/11/22,29.34,29.65,28.20,28.36,5443001,103987824.00
2022/11/23,28.26,28.71,26.98,28.15,3875259,70651288.00
2022/11/24,28.00,28.24,27.21,27.39,2468624,45088192.00
2022/11/25,27.40,27.48,26.68,26.82,1874000,33325916.00
2022/11/28,26.67,26.79,25.93,26.02,2291836,39759984.00
2022/11/29,26.04,26.41,25.99,26.23,1449076,25103786.00
2022/11/30,26.35,26.38,25.75,26.08,1669519,28708932.00
2022/12/01,26.37,28.87,26.29,28.60,8135833,150433056.00
2022/12/02,28.75,28.77,27.94,28.03,3998584,74980416.00
2022/12/05,28.75,28.75,27.82,28.24,2783530,51645328.00
2022/12/06,28.08,28.41,27.85,28.15,1845143,34232604.00
2022/12/07,28.20,28.20,27.57,27.73,1983173,36470988.00
2022/12/08,27.42,27.93,27.13,27.22,1633000,29473584.00
2022/12/09,27.12,27.46,26.91,27.25,1286600,23061874.00
2022/12/12,27.30,27.97,26.98,27.43,1690486,30641102.00
2022/12/13,27.28,27.55,26.80,26.83,1660869,29720902.00
2022/12/14,26.85,27.21,26.44,26.56,1167300,20664800.00
2022/12/15,26.58,27.00,26.29,26.80,883870,15611344.00
2022/12/16,26.80,26.85,25.89,25.92,1746750,30115328.00
2022/12/19,25.95,26.34,25.24,25.45,1678217,28355084.00
2022/12/20,25.30,25.63,25.23,25.38,857333,14370200.00
2022/12/21,25.45,25.50,24.84,24.97,952849,15767130.00
2022/12/22,25.21,25.21,24.36,24.54,882650,14374353.00
2022/12/23,24.28,24.78,24.18,24.40,690200,11119979.00
2022/12/26,24.34,25.00,24.33,24.99,821200,13451976.00
2022/12/27,25.06,25.21,24.57,24.96,847845,13904490.00
2022/12/28,24.90,24.94,24.18,24.30,957589,15442125.00
2022/12/29,24.37,24.67,24.24,24.31,715204,11537594.00
2022/12/30,24.31,24.76,24.21,24.63,911300,14781356.00
2023/01/03,24.54,25.45,24.37,25.38,1471130,24378872.00
2023/01/04,25.44,25.60,25.11,25.33,1167679,19526946.00
2023/01/05,25.54,25.62,25.15,25.48,1421654,23856768.00
2023/01/06,25.75,25.84,25.30,25.45,1311248,22107514.00
2023/01/09,25.57,25.83,25.23,25.35,1310515,22039734.00
2023/01/10,25.48,25.57,25.24,25.27,981240,16447860.00
2023/01/11,25.23,25.56,25.00,25.05,1006540,16804030.00
2023/01/12,25.05,25.54,24.99,25.39,1083520,18147926.00
2023/01/13,25.50,25.57,25.05,25.50,1026220,17159416.00
2023/01/16,25.38,25.81,25.23,25.74,1279353,21632674.00
2023/01/17,25.84,25.98,25.45,25.66,1072689,18198522.00
2023/01/18,25.68,26.22,25.53,26.08,1548404,26599262.00
2023/01/19,26.01,26.19,25.87,26.08,1095425,18820992.00
2023/01/20,26.16,26.43,25.98,26.32,1432241,24814950.00
2023/01/30,26.61,26.71,26.41,26.44,1435144,25160460.00
2023/01/31,26.50,26.85,26.20,26.53,2351700,41273068.00
2023/02/01,26.76,27.09,26.53,27.09,2611977,46382568.00
2023/02/02,27.13,27.33,26.85,27.03,1646950,29425392.00
2023/02/03,27.03,27.10,26.50,26.98,2143141,37925920.00
2023/02/06,27.03,27.33,26.77,27.25,1744280,31257758.00
2023/02/07,27.21,28.09,27.03,27.97,3879319,70989800.00
2023/02/08,27.90,28.11,27.55,27.96,3061261,56225372.00
2023/02/09,27.91,28.56,27.31,28.39,3130378,58208388.00
2023/02/10,28.30,29.14,28.23,28.48,3870547,73368168.00
2023/02/13,28.47,28.89,28.15,28.39,2850389,53583092.00
2023/02/14,28.59,28.89,28.18,28.45,2506228,47156488.00
2023/02/15,28.41,29.44,28.27,29.28,4142032,79490296.00
2023/02/16,29.20,29.49,23.47,27.84,4390936,82360624.00
2023/02/17,28.02,29.05,27.27,27.31,3462977,63550076.00
2023/02/20,27.61,29.47,27.34,29.37,5407429,102381512.00
2023/02/21,29.20,30.78,28.90,29.56,9113609,180186752.00
2023/02/22,29.59,30.04,29.11,29.83,6421072,125870720.00
2023/02/23,29.86,29.95,28.80,29.11,4316919,83295552.00
2023/02/24,29.02,29.80,28.87,29.40,3240252,62838500.00
2023/02/27,29.35,29.35,28.54,28.63,2833257,54069680.00
2023/02/28,29.50,30.40,29.23,29.88,6569683,129509672.00
2023/03/01,30.00,30.96,29.68,30.54,6473768,130232328.00
2023/03/02,30.45,31.68,30.28,30.58,7154476,146499392.00
2023/03/03,30.33,30.85,29.74,30.07,4379288,87340024.00
2023/03/06,30.18,30.81,29.55,29.74,3184388,63252848.00
2023/03/07,29.80,29.92,28.66,28.66,3189889,61368356.00
2023/03/08,28.66,30.55,28.65,30.48,5335489,104622008.00
2023/03/09,30.19,31.99,29.95,31.32,8293438,170753040.00
2023/03/10,30.93,31.32,30.36,30.40,4477888,91029432.00
2023/03/13,30.72,30.72,29.89,30.42,3281750,65516168.00
2023/03/14,30.12,31.23,29.91,30.18,4242506,85265216.00
2023/03/15,30.64,30.94,29.76,29.94,2745037,54704956.00
2023/03/16,29.73,30.18,29.10,29.31,2716800,52969112.00
2023/03/17,29.52,30.34,29.23,30.04,2898433,57438176.00
2023/03/20,29.97,32.46,29.82,31.87,9489040,197325248.00
2023/03/21,31.32,32.02,30.93,31.56,5772169,119732728.00
2023/03/22,32.62,34.66,32.61,34.47,12213641,273614592.00
2023/03/23,33.84,35.32,33.12,33.42,10218507,229114384.00
2023/03/24,33.45,35.89,33.43,34.69,9317260,215069088.00
2023/03/27,34.30,34.57,33.07,34.39,7766998,174462560.00
2023/03/28,35.65,41.22,35.50,41.22,17571602,469054112.00
2023/03/29,43.75,49.27,43.54,46.38,25801998,784764480.00
2023/03/30,46.83,48.69,42.40,43.00,20035947,588908032.00
2023/03/31,42.79,43.12,39.46,40.90,18425407,496929728.00
2023/04/03,40.23,45.97,40.18,44.74,22480353,635442048.00
2023/04/04,43.56,44.02,42.09,42.63,15757076,449405920.00
2023/04/06,42.40,51.10,42.25,51.10,19113524,602231552.00
2023/04/07,51.94,52.54,47.38,49.06,18450683,600608640.00
2023/04/10,48.67,56.68,47.65,51.52,21237389,734436032.00
2023/04/11,51.52,59.50,49.33,56.73,19546412,703634432.00
2023/04/12,55.80,65.20,54.28,62.73,18149287,720784256.00
2023/04/13,60.24,63.31,57.07,61.80,17893953,711676032.00
2023/04/14,60.57,61.56,54.70,56.80,13347815,514447072.00
2023/04/17,55.63,56.76,52.83,54.37,11664603,420655616.00
2023/04/18,54.72,60.06,54.37,58.09,15179063,577339968.00
2023/04/19,57.34,59.46,55.00,55.00,14626730,560168832.00
2023/04/20,54.55,57.58,53.20,57.51,13783741,509089920.00
2023/04/21,56.31,56.35,50.29,51.19,12618391,443872512.00
2023/04/24,51.42,54.69,51.30,54.12,9649444,340365664.00
2023/04/25,54.70,56.47,49.69,50.20,10842329,382991968.00
2023/04/26,49.30,52.54,45.70,47.37,12780792,412434112.00
2023/04/27,46.02,48.55,44.50,45.46,10536287,322888736.00
2023/04/28,45.03,48.10,45.01,46.93,9713975,302050976.00
2023/05/04,46.20,46.57,43.41,44.65,9077564,267401376.00
2023/05/05,45.07,45.16,43.12,43.47,6518700,189970640.00
2023/05/08,43.60,44.43,42.25,43.39,5823535,167048816.00
2023/05/09,43.83,44.91,41.95,42.27,7603563,218450464.00
2023/05/10,42.51,43.90,41.80,42.55,5330776,150401136.00
2023/05/11,43.14,44.11,42.16,42.60,6463526,184074368.00
2023/05/12,42.27,43.27,41.47,42.09,4552100,127733432.00
2023/05/15,42.22,42.88,40.98,42.45,4912694,136187888.00
2023/05/16,42.45,42.46,40.74,41.08,4836708,132165152.00
2023/05/17,41.05,42.39,40.92,42.06,4949100,137144560.00
2023/05/18,42.85,49.27,42.67,48.24,18864246,575111424.00
2023/05/19,46.00,48.25,44.95,47.86,15296073,469510720.00
2023/05/22,46.62,46.62,44.82,45.63,8950779,271023616.00
2023/05/23,46.29,46.57,42.40,43.09,8697685,253552000.00
2023/05/24,42.27,45.70,42.27,44.65,9155078,270134272.00
2023/05/25,48.34,49.63,44.46,45.75,11681230,362290112.00
2023/05/26,45.27,52.90,45.27,49.05,17900755,585412800.00
2023/05/29,49.00,58.81,49.00,55.05,25307513,929841536.00
2023/05/30,57.24,61.75,54.49,58.75,25938886,987817664.00
2023/05/31,57.58,58.41,53.74,58.09,19972143,745351360.00
2023/06/01,55.78,60.25,54.79,58.99,18491063,708832512.00
2023/06/02,61.60,63.07,53.23,53.23,19060861,724164608.00
2023/06/05,51.37,63.82,51.37,63.82,22747168,878180480.00
2023/06/06,63.46,74.49,61.00,68.35,29100466,1286696960.00
2023/06/07,69.03,78.09,67.00,74.19,25546239,1201481344.00
2023/06/08,70.80,71.43,66.27,69.70,18213189,840426368.00
2023/06/09,69.93,71.16,64.99,68.04,17257824,784258624.00
2023/06/12,66.67,77.88,66.55,74.17,21297142,1032051840.00
2023/06/13,72.33,77.61,69.42,72.60,18195306,876683904.00
2023/06/14,71.58,83.01,70.48,79.05,21047314,1063093312.00
2023/06/15,81.79,93.25,81.72,83.95,20753900,1187086208.00
2023/06/16,84.81,92.74,84.81,87.58,20430705,1195226112.00
2023/06/19,85.45,105.04,84.78,101.61,22524887,1382554496.00
2023/06/20,97.80,102.82,93.97,101.43,18059477,1175847680.00
2023/06/21,100.80,105.29,93.87,95.06,21280649,992143936.00
2023/06/26,92.40,97.83,87.57,90.82,19230925,851985728.00
2023/06/27,89.67,94.50,87.12,91.45,18540703,796916416.00
2023/06/28,88.20,88.20,76.44,82.53,22204356,862929856.00
2023/06/29,85.38,98.95,85.38,98.30,30728827,1348297216.00
2023/06/30,93.45,103.63,92.82,98.07,30965246,1433748864.00
2023/07/03,100.59,102.96,94.50,99.75,20729533,970178880.00
2023/07/04,99.75,103.32,97.06,101.47,22853346,1087557376.00
2023/07/05,100.19,113.40,99.12,107.45,27945239,1423885312.00
2023/07/06,103.95,111.40,103.69,105.10,21468373,1090125440.00
2023/07/07,101.66,104.97,94.29,95.57,22420539,1042286976.00
2023/07/10,95.59,96.89,90.88,91.91,14147834,618261504.00
2023/07/11,91.09,92.58,86.43,87.31,16946735,710707328.00
2023/07/12,87.57,87.73,82.32,82.76,15492531,620734592.00
2023/07/13,83.39,84.10,80.01,83.16,16794095,655589504.00
2023/07/14,83.70,90.42,82.53,86.73,21239058,870403456.00
2023/07/17,85.57,88.20,83.58,84.08,11967251,485849088.00
2023/07/18,82.34,84.46,79.06,79.80,13373994,512620928.00
2023/07/19,79.38,80.40,77.70,77.99,7818881,290906464.00
2023/07/20,77.99,78.60,75.49,75.76,8180414,297130944.00
2023/07/21,77.30,81.24,76.02,78.37,13134073,489244448.00
2023/07/24,76.65,85.36,76.65,83.51,16418186,642210432.00
2023/07/25,84.42,85.05,80.64,81.79,15084002,589521792.00
2023/07/26,80.89,82.53,77.55,78.41,10729481,403755008.00
2023/07/27,78.43,79.38,75.45,75.60,8198147,298752032.00
2023/07/28,75.47,76.58,72.68,72.68,8612544,301388672.00
2023/07/31,72.07,73.08,71.00,72.63,7529230,256794592.00
2023/08/01,71.82,73.18,69.34,72.19,9441924,318781440.00
2023/08/02,72.45,76.75,71.52,74.86,14575052,514204448.00
2023/08/03,73.31,75.76,71.56,72.38,10154087,351373856.00
2023/08/04,72.55,74.94,71.77,74.50,10486097,364436000.00
2023/08/07,76.81,84.63,76.58,82.19,22176606,846028992.00
2023/08/08,79.59,82.95,78.35,78.60,13779040,524502752.00
2023/08/09,78.60,80.40,75.22,75.62,11059318,405975136.00
2023/08/10,75.43,75.81,72.09,72.36,9967971,346470240.00
2023/08/11,72.66,73.50,70.41,70.45,6418850,218512672.00
2023/08/14,70.51,73.14,70.45,73.08,8265144,280199840.00
2023/08/15,77.21,82.95,76.14,77.49,19291754,722768256.00
2023/08/16,76.56,77.49,71.65,71.92,14255978,498643136.00
2023/08/17,71.82,81.27,70.93,77.97,18600149,676510848.00
2023/08/18,77.49,78.93,73.41,73.92,14257355,509655584.00
2023/08/21,73.03,85.40,73.03,82.99,25239216,970046336.00
2023/08/22,84.92,87.59,80.24,87.57,25594927,1016021760.00
2023/08/23,84.42,85.68,82.63,83.49,17305531,688311488.00
2023/08/24,85.68,87.25,79.82,81.37,16279301,643473088.00
2023/08/25,74.97,77.91,71.98,72.24,15818594,559714112.00
2023/08/28,78.12,79.42,67.36,67.36,13853116,475562144.00
2023/08/29,66.15,74.34,66.15,72.36,12854035,432956480.00
2023/08/30,71.63,75.76,71.63,72.97,11954225,415676832.00
2023/08/31,72.97,76.54,71.92,73.92,12778199,451797216.00
2023/09/01,74.02,74.52,71.33,72.55,8708431,298734432.00
2023/09/04,73.08,74.31,72.03,73.81,6603839,229528192.00
2023/09/05,72.93,73.47,70.60,71.46,7323774,248550112.00
2023/09/06,70.70,72.57,69.13,71.86,7509064,251284672.00
2023/09/07,71.82,71.82,68.54,68.54,6129398,201774000.00
2023/09/08,67.68,69.51,67.68,68.31,4564549,148049504.00
2023/09/11,68.31,77.40,67.22,73.64,16434449,568245760.00
2023/09/12,72.91,78.01,72.66,74.44,17494554,621869440.00
2023/09/13,73.66,73.87,69.82,70.66,11120527,376061888.00
2023/09/14,71.19,72.72,68.67,69.42,8264745,276701920.00
2023/09/15,69.21,70.51,67.20,67.32,6439394,207391552.00
2023/09/18,67.20,68.04,66.33,66.73,4200059,133157496.00
2023/09/19,66.73,67.01,63.54,64.07,6278589,192049920.00
2023/09/20,64.05,66.78,64.02,64.84,5957624,185079152.00
2023/09/21,63.50,65.91,63.46,63.81,4831328,147309824.00
2023/09/22,63.42,71.19,63.14,69.48,14363921,463739296.00
2023/09/25,68.46,69.61,67.38,67.68,9529275,309014336.00
2023/09/26,67.66,71.56,67.66,68.35,10972436,361550304.00
2023/09/27,68.35,68.77,66.84,66.90,7931447,253669808.00
2023/09/28,67.22,69.67,67.22,67.78,7778372,251243696.00
2023/10/09,67.85,68.20,65.94,67.13,5363498,170031440.00
2023/10/10,67.59,70.41,66.99,68.01,7247529,234817392.00
2023/10/11,67.43,69.11,66.63,68.67,6915834,223204736.00
2023/10/12,68.98,68.98,65.62,66.15,6880440,217157440.00
2023/10/13,65.73,67.51,65.35,65.91,4586373,144366160.00
2023/10/16,65.85,66.21,63.00,63.75,5131869,155548272.00
2023/10/17,63.56,64.59,61.99,63.21,3834118,114513272.00
2023/10/18,62.79,62.83,59.24,60.27,5794569,165945456.00
2023/10/19,59.95,61.25,59.03,59.28,4190581,118759160.00
2023/10/20,58.69,60.14,57.70,57.98,3426539,94790712.00
2023/10/23,57.14,58.50,54.49,55.08,5779079,151487264.00
2023/10/24,55.10,58.12,54.95,57.03,5488160,147619616.00
2023/10/25,56.30,58.12,55.77,56.61,4855200,130303352.00
2023/10/26,54.91,57.77,54.91,57.56,5691328,153250048.00
2023/10/27,56.91,58.35,56.30,57.87,5251043,142237120.00
2023/10/30,57.28,58.69,56.59,58.25,4928393,134730000.00
2023/10/31,58.56,58.59,56.25,56.93,4342110,117176776.00
2023/11/01,56.80,58.17,56.44,57.22,5073938,137310752.00
2023/11/02,57.72,58.90,56.32,56.38,4814254,130505352.00
2023/11/03,58.33,66.15,56.93,63.69,20582779,607546176.00
2023/11/06,61.34,64.65,61.34,64.65,17926443,533876000.00
2023/11/07,63.69,77.51,63.06,75.55,31193782,1038393024.00
2023/11/08,71.61,74.73,70.56,73.26,24218693,832953536.00
2023/11/09,73.29,76.39,70.98,71.10,17026807,587774720.00
2023/11/10,68.88,72.03,68.83,69.00,11373779,376446848.00
2023/11/13,69.72,72.38,69.69,70.24,11503944,386543072.00
2023/11/14,71.19,71.52,69.30,71.08,9036637,301465056.00
2023/11/15,71.08,71.77,69.06,70.24,8059057,267235280.00
2023/11/16,70.60,72.38,69.95,70.51,12064440,407270368.00
2023/11/17,69.72,72.17,68.46,71.42,10524421,348866304.00
2023/11/20,70.24,70.98,68.90,70.39,7747348,256565424.00
2023/11/21,70.39,75.01,70.39,72.63,20523785,714147392.00
2023/11/22,70.03,70.03,66.61,66.61,14123770,454308448.00
2023/11/23,65.56,66.59,64.44,66.10,6805292,210491472.00
2023/11/24,65.31,65.79,61.32,61.67,9406887,279803104.00
2023/11/27,61.44,63.39,60.90,62.09,6404366,187810144.00
2023/11/28,61.32,63.84,60.90,63.42,6029709,176859152.00
2023/11/29,63.04,66.15,62.47,63.25,7467085,227686128.00
2023/11/30,63.81,64.78,62.62,63.69,4789972,144239968.00
2023/12/01,62.05,66.52,61.99,65.60,8389677,256548096.00
2023/12/04,64.95,66.04,64.32,64.34,6899414,211796256.00
2023/12/05,64.26,64.26,61.59,61.71,5739431,169938128.00
2023/12/06,61.32,62.47,60.90,61.74,4296393,125555136.00
2023/12/07,61.32,64.95,61.11,63.71,8195818,246986704.00
2023/12/08,63.00,69.72,63.00,68.25,17547777,558466880.00
2023/12/11,67.62,68.16,66.44,68.16,10214380,325057280.00
2023/12/12,69.11,71.77,67.64,70.30,15001109,495195968.00
2023/12/13,69.09,69.36,67.24,67.59,8339606,269027456.00
2023/12/14,67.87,69.09,67.26,67.59,5852791,188291664.00
2023/12/15,67.30,67.59,65.26,65.98,5249828,164296432.00
2023/12/18,66.17,66.48,64.05,64.49,4332978,133024816.00
2023/12/19,64.97,65.91,63.86,65.14,3619304,110847256.00
2023/12/20,65.31,65.75,61.65,61.65,5587324,165296672.00
2023/12/21,61.32,63.06,59.01,62.85,6174651,178550848.00
2023/12/22,62.37,62.85,59.64,60.10,4598473,132924728.00
2023/12/25,59.76,62.41,59.76,61.88,3950188,114849256.00
2023/12/26,61.88,61.88,59.43,59.99,2908623,82611096.00
2023/12/27,59.85,61.53,59.43,60.83,3160730,90663880.00
2023/12/28,59.87,62.51,59.85,61.86,4190058,122033976.00
2023/12/29,61.32,64.00,61.32,63.48,4756875,142598208.00
2024/01/02,63.35,63.60,61.44,61.67,3481372,102528672.00
2024/01/03,61.25,62.34,60.16,61.67,2699275,77937728.00
2024/01/04,61.50,61.86,60.43,61.00,2217467,64144560.00
2024/01/05,61.00,61.00,58.29,58.52,3642736,101952408.00
2024/01/08,58.40,59.09,57.07,57.07,2146177,58487388.00
2024/01/09,57.60,58.92,57.58,57.85,2583989,71191608.00
2024/01/10,57.33,57.72,56.15,56.28,2330853,62528932.00
2024/01/11,56.00,57.91,55.18,57.81,3203510,86935224.00
2024/01/12,57.79,57.93,56.49,56.49,1858310,50052532.00
2024/01/15,56.11,57.14,55.77,56.25,1783601,47604492.00
2024/01/16,56.17,56.23,54.53,55.44,2962656,77166744.00
2024/01/17,55.33,56.00,53.61,53.67,2485245,64279696.00
2024/01/18,52.92,55.48,52.92,55.18,4515361,115728880.00
2024/01/19,55.02,56.00,53.94,53.94,2884136,74867224.00
2024/01/22,55.23,55.35,51.34,51.78,4024884,102641464.00
2024/01/23,51.03,54.60,51.03,53.40,4414985,111387384.00
2024/01/24,52.92,53.76,51.11,53.29,3767720,93473592.00
2024/01/25,53.55,56.34,52.81,55.67,6180930,161194848.00
2024/01/26,54.64,59.43,54.45,55.58,7294240,196142912.00
2024/01/29,53.97,55.08,51.47,51.55,5469848,136470224.00
2024/01/30,51.51,51.57,48.72,48.82,3119186,73670976.00
2024/01/31,47.98,49.72,46.87,46.89,3046264,69225352.00
2024/02/01,46.57,49.45,45.61,47.94,4122407,92829808.00
2024/02/02,47.85,49.11,43.36,44.89,4234804,92187432.00
2024/02/05,44.47,44.49,38.26,39.18,5642241,108484096.00
2024/02/06,38.38,42.37,37.12,41.30,6591567,124066256.00
2024/02/07,41.09,42.42,38.11,38.89,7191564,137260368.00
2024/02/08,39.45,43.55,38.72,43.47,7365920,143673056.00
2024/02/19,45.61,50.00,44.73,49.77,10266324,228834752.00
数据来源:通达信
