603681 永冠新材 日线 后复权
      日期	    开盘	    最高	    最低	    收盘	    成交量	    成交额
2019/03/26,12.00,14.40,12.00,14.40,29618,426259.00
2019/03/27,15.84,15.84,15.84,15.84,1300,20592.00
2019/03/28,17.42,17.42,17.42,17.42,27249,474678.00
2019/03/29,19.16,19.16,19.16,19.16,53890,1032532.00
2019/04/01,21.08,21.08,21.08,21.08,97176,2048470.00
2019/04/02,23.19,23.19,23.19,23.19,118648,2751447.00
2019/04/03,25.51,25.51,25.51,25.51,148727,3794026.00
2019/04/04,28.06,28.06,28.06,28.06,194285,5451637.00
2019/04/08,30.87,30.87,30.87,30.87,205485,6343322.00
2019/04/09,33.96,33.96,32.02,32.89,27659894,912004160.00
2019/04/10,31.78,33.30,30.57,32.21,20339763,646272704.00
2019/04/11,31.90,34.62,31.20,32.55,22041457,722470208.00
2019/04/12,31.60,32.98,29.56,29.80,17413898,538740736.00
2019/04/15,30.23,32.78,29.61,32.00,19813938,628294656.00
2019/04/16,31.76,34.33,31.76,32.60,24542028,811237504.00
2019/04/17,31.20,34.88,31.18,33.46,22618713,740358656.00
2019/04/18,32.88,33.30,31.55,31.58,15823459,512453920.00
2019/04/19,30.83,34.74,30.83,34.74,16858817,566464384.00
2019/04/22,36.45,38.21,35.20,38.21,23045823,865392320.00
2019/04/23,38.30,42.03,34.39,34.93,33363059,1310342016.00
2019/04/24,32.05,33.43,31.50,32.32,23092875,749464576.00
2019/04/25,31.80,32.78,29.85,30.21,16860019,529837088.00
2019/04/26,30.42,31.15,29.64,30.43,11730707,357172416.00
2019/04/29,29.74,29.98,27.39,27.39,11013891,309096800.00
2019/04/30,26.51,27.36,26.21,26.70,8733038,233276288.00
2019/05/06,26.24,27.39,24.70,24.88,9492661,246082368.00
2019/05/07,25.13,25.86,24.91,25.52,7723023,195826240.00
2019/05/08,24.49,26.39,24.24,25.31,8150220,205649696.00
2019/05/09,24.99,26.31,24.86,25.90,8806516,226724592.00
2019/05/10,26.50,28.33,26.07,27.90,14195886,385769184.00
2019/05/13,27.32,29.88,26.55,28.90,14525451,411267744.00
2019/05/14,28.20,28.50,26.01,26.28,13942615,377329824.00
2019/05/15,26.53,26.95,26.07,26.65,8253571,219056416.00
2019/05/16,26.30,26.65,25.63,26.20,7305594,190925568.00
2019/05/17,25.83,26.13,23.78,24.17,8931878,222722592.00
2019/05/20,23.98,24.00,22.16,22.98,5351894,123125096.00
2019/05/21,23.01,23.61,23.01,23.43,5110932,119378976.00
2019/05/22,23.41,23.41,22.40,22.88,4895280,111971584.00
2019/05/23,22.70,23.96,22.25,23.10,7757974,179628928.00
2019/05/24,22.78,25.37,22.60,24.17,10573299,252907600.00
2019/05/27,23.88,24.47,23.45,24.47,7232294,173295136.00
2019/05/28,24.18,25.48,24.00,24.09,9067865,224278688.00
2019/05/29,23.70,25.50,23.60,25.05,10852533,268928320.00
2019/05/30,25.13,27.46,24.40,26.86,15709749,406032128.00
2019/05/31,26.34,29.03,26.00,27.61,17514033,483429152.00
2019/06/03,27.10,27.33,24.85,24.85,14149829,362543840.00
2019/06/04,24.20,24.40,23.00,23.38,9125012,214834224.00
2019/06/05,23.69,23.86,22.73,22.85,5885728,136262144.00
2019/06/06,22.76,23.48,22.50,22.72,4963051,113924016.00
2019/06/10,22.56,23.26,22.56,23.00,3564143,81913688.00
2019/06/11,23.11,24.22,23.00,24.12,6118022,144550848.00
2019/06/12,23.90,24.15,23.30,23.40,5670742,134305328.00
2019/06/13,23.96,24.48,23.65,23.71,5905287,141624112.00
2019/06/14,23.48,23.80,22.48,22.60,5470269,125954128.00
2019/06/17,22.63,22.96,22.35,22.85,2384642,54082644.00
2019/06/18,22.97,23.66,22.60,23.41,4299691,99965344.00
2019/06/19,24.01,24.36,23.40,24.04,6921124,165218064.00
2019/06/20,23.94,24.18,23.37,23.84,5301472,124654192.00
2019/06/21,23.99,24.46,23.79,24.08,5621698,134364384.00
2019/06/24,24.02,24.71,23.85,24.59,6133861,147791200.00
2019/06/25,24.24,26.04,24.04,25.64,10890040,270261536.00
2019/06/26,25.04,25.16,24.68,24.75,6390664,157598976.00
2019/06/27,24.50,24.84,24.04,24.21,5369495,129540424.00
2019/06/28,24.10,24.34,23.05,23.24,4919567,114680096.00
2019/07/01,23.71,23.99,23.47,23.93,3957107,93180648.00
2019/07/02,23.99,24.21,23.74,24.04,3437752,81621208.00
2019/07/03,23.80,23.95,23.20,23.44,3581644,83281776.00
2019/07/04,23.31,23.59,23.14,23.27,2146294,49586656.00
2019/07/05,23.24,23.95,23.22,23.83,3171504,74320984.00
2019/07/08,23.79,23.79,22.44,22.65,3699480,83970424.00
2019/07/09,22.55,23.10,22.54,23.01,1805999,40767720.00
2019/07/10,23.11,23.21,22.50,22.59,1778612,40200456.00
2019/07/11,22.74,23.59,22.74,23.40,4815022,110946976.00
2019/07/12,23.24,23.50,22.89,23.35,3301643,75793080.00
2019/07/15,22.99,23.49,22.65,23.46,3144951,72208880.00
2019/07/16,23.57,24.11,23.24,24.04,5346387,125594152.00
2019/07/17,23.85,23.92,23.52,23.57,3558818,83429632.00
2019/07/18,23.24,23.24,22.64,22.64,3336586,75383320.00
2019/07/19,22.64,22.97,22.62,22.63,1497805,33719196.00
2019/07/22,22.61,22.61,20.39,20.49,3667096,76247000.00
2019/07/23,20.24,20.90,20.24,20.69,1768070,36112528.00
2019/07/24,20.69,21.15,20.69,20.82,1876571,38808632.00
2019/07/25,20.84,21.12,20.63,20.84,1932000,39904056.00
2019/07/26,20.80,21.04,20.64,20.90,1786761,36870784.00
2019/07/29,20.94,21.20,20.84,21.01,1716211,35569184.00
2019/07/30,21.14,21.20,20.87,20.96,1807599,37702160.00
2019/07/31,21.01,21.01,20.47,20.54,1824967,37107532.00
2019/08/01,20.54,20.71,20.27,20.58,1358185,27495396.00
2019/08/02,19.97,20.23,19.85,20.17,2508076,49608216.00
2019/08/05,21.17,22.16,21.17,22.16,3632468,79555968.00
2019/08/06,24.35,24.35,24.29,24.35,8652571,208612672.00
2019/08/07,24.74,25.74,23.64,24.86,22694750,564263360.00
2019/08/08,23.74,24.14,22.40,22.40,13800979,313176704.00
2019/08/09,22.14,22.90,20.99,21.48,10201309,222136784.00
2019/08/12,22.34,23.60,22.34,23.60,4713043,108158960.00
2019/08/13,25.24,25.94,24.48,25.94,20392415,512212800.00
2019/08/14,25.42,27.13,25.04,25.04,24082733,616538816.00
2019/08/15,22.94,24.55,22.94,24.49,13909510,326499904.00
2019/08/16,24.24,25.74,23.95,24.76,13661264,336500384.00
2019/08/19,24.82,26.42,24.15,25.92,15473691,387051296.00
2019/08/20,25.43,28.24,25.09,26.65,17340272,451310432.00
2019/08/21,26.12,27.59,26.07,26.77,12711545,338302880.00
2019/08/22,26.25,26.42,25.07,25.53,11391568,289213248.00
2019/08/23,25.64,25.74,24.59,24.62,7190202,178261136.00
2019/08/26,24.13,25.51,23.91,25.37,6936673,172452576.00
2019/08/27,25.40,25.47,24.95,25.21,6006744,149891232.00
2019/08/28,24.96,25.12,24.49,24.99,4453127,109480584.00
2019/08/29,25.21,26.84,25.21,26.14,11312804,293868000.00
2019/08/30,25.74,25.90,24.84,25.09,7622722,190924544.00
2019/09/02,24.59,25.18,24.05,25.12,4929376,120383320.00
2019/09/03,24.95,26.82,24.95,26.38,11394085,295498592.00
2019/09/04,25.95,26.62,25.74,26.47,7484129,193111648.00
2019/09/05,26.64,26.71,26.06,26.09,9028073,235665008.00
2019/09/06,26.16,26.67,25.69,26.67,7897202,205044432.00
2019/09/09,27.04,27.14,26.35,26.96,9627342,256051808.00
2019/09/10,26.90,26.90,26.12,26.49,6511379,170680032.00
2019/09/11,26.62,27.80,26.31,27.47,11560378,312293344.00
2019/09/12,27.30,27.46,26.64,27.20,6495247,173969440.00
2019/09/16,26.94,27.13,26.62,26.87,5301897,140828832.00
2019/09/17,26.57,26.80,24.75,25.35,7102002,181245600.00
2019/09/18,25.17,25.63,25.09,25.25,3554547,89197576.00
2019/09/19,25.25,25.62,24.89,25.58,3586017,90187104.00
2019/09/20,26.00,26.54,25.57,25.59,4507868,116542096.00
2019/09/23,25.64,25.76,24.76,24.98,3246295,80515936.00
2019/09/24,25.09,25.41,24.97,25.24,2390992,59547688.00
2019/09/25,25.14,25.14,24.44,24.55,2311495,56653932.00
2019/09/26,24.69,26.98,24.69,26.98,6289860,165088352.00
2019/09/27,29.65,29.65,27.73,29.65,23752403,683426176.00
2019/09/30,28.73,31.15,28.73,29.24,14930417,440332640.00
2019/10/08,28.64,32.14,27.26,31.93,26440107,788129152.00
2019/10/09,29.85,33.69,29.85,30.52,19014045,597729728.00
2019/10/10,33.55,33.55,31.45,32.94,17667507,574070080.00
2019/10/11,32.35,33.84,32.10,32.12,9246520,302484480.00
2019/10/14,31.71,32.38,29.86,30.82,7836193,242314704.00
2019/10/15,31.25,32.23,30.87,31.02,6543730,204829568.00
2019/10/16,31.23,32.23,30.97,32.12,6283368,197853360.00
2019/10/17,32.34,32.77,31.79,32.68,6044349,194370064.00
2019/10/18,32.89,33.12,31.75,31.98,4514768,145159088.00
2019/10/21,30.97,31.24,28.86,29.74,4174361,124060360.00
2019/10/22,30.44,30.44,29.62,30.03,2357957,70146944.00
2019/10/23,30.23,30.23,29.24,29.45,2381459,70277936.00
2019/10/24,29.34,29.70,28.86,29.44,2246311,65200332.00
2019/10/25,29.43,29.97,29.03,29.89,1887959,55178152.00
2019/10/28,29.89,30.44,29.74,29.83,2323129,69134976.00
2019/10/29,29.56,29.81,28.74,28.82,2305525,66836704.00
2019/10/30,28.83,29.61,28.83,29.06,1788790,51736864.00
2019/10/31,28.84,29.27,27.35,28.01,2867229,79944064.00
2019/11/01,27.89,28.29,27.47,28.04,1594525,44197544.00
2019/11/04,27.64,28.74,26.98,28.68,4357977,120479952.00
2019/11/05,28.34,28.58,27.86,28.03,2504876,69811336.00
2019/11/06,28.03,28.74,27.45,28.41,2748893,76660432.00
2019/11/07,28.84,31.20,28.58,30.72,6499653,194050848.00
2019/11/08,31.13,33.24,30.64,30.70,7926478,251053088.00
2019/11/11,31.17,31.79,30.46,31.11,4064218,125727904.00
2019/11/12,31.64,32.92,31.04,32.45,5498059,175538048.00
2019/11/13,32.38,32.38,30.74,31.90,4537083,141390416.00
2019/11/14,32.04,32.09,31.00,31.03,2740249,85228600.00
2019/11/15,31.41,31.51,27.95,27.95,6682615,190390304.00
2019/11/18,26.22,26.74,25.29,25.57,5168717,132347848.00
2019/11/19,25.70,28.10,25.69,28.10,6647614,180038032.00
2019/11/20,28.74,29.04,27.38,27.96,6343660,177203408.00
2019/11/21,28.24,28.44,27.55,27.57,2736830,75547320.00
2019/11/22,27.74,27.97,27.28,27.28,2928854,79969400.00
2019/11/25,27.07,27.28,25.62,26.74,2537286,66747080.00
2019/11/26,27.02,27.21,25.87,26.14,2969287,77428936.00
2019/11/27,26.15,26.39,25.64,26.00,2150788,55385976.00
2019/11/28,26.00,27.16,25.70,26.30,3156821,82753824.00
2019/11/29,26.35,26.43,25.75,25.94,1941528,49986004.00
2019/12/02,26.17,26.19,25.54,25.76,2020231,51691328.00
2019/12/03,25.42,25.69,24.57,25.29,3232411,80096944.00
2019/12/04,24.99,25.74,24.95,25.18,2275908,57103848.00
2019/12/05,25.18,25.67,25.18,25.57,2338251,59112540.00
2019/12/06,25.30,25.74,25.30,25.50,2337286,59040296.00
2019/12/09,25.51,26.00,25.51,25.68,3018917,76987944.00
2019/12/10,25.68,26.21,25.43,25.95,3476370,88949488.00
2019/12/11,26.04,26.05,25.37,25.42,2783786,70585736.00
2019/12/12,25.44,25.54,24.89,24.89,2643317,65560200.00
2019/12/13,25.14,25.71,25.10,25.21,3082417,77329776.00
2019/12/16,25.24,25.69,25.16,25.65,3212596,81199704.00
2019/12/17,25.70,26.44,25.49,26.04,4741258,122222904.00
2019/12/18,26.12,26.71,25.95,26.20,4093367,106281712.00
2019/12/19,26.04,26.22,25.85,26.07,2869948,73959392.00
2019/12/20,26.03,26.57,25.99,26.27,4054311,105574128.00
2019/12/23,26.48,26.48,25.45,25.54,2855321,73184328.00
2019/12/24,25.48,25.68,25.34,25.58,1706741,43112588.00
2019/12/25,25.71,25.71,25.29,25.40,1992665,50126136.00
2019/12/26,25.62,25.71,25.38,25.64,2160248,54651096.00
2019/12/27,25.95,27.19,25.93,26.38,6380426,168262880.00
2019/12/30,26.33,26.33,25.24,25.81,3538360,89731200.00
2019/12/31,25.74,25.82,25.44,25.69,2474111,62702184.00
2020/01/02,26.01,26.21,25.68,26.15,3729442,95796272.00
2020/01/03,26.15,26.50,25.92,26.29,4125475,107355256.00
2020/01/06,26.14,26.61,26.00,26.44,3624061,94790016.00
2020/01/07,26.52,26.80,26.41,26.73,3297981,86920544.00
2020/01/08,26.50,26.59,25.80,25.81,4037261,104417648.00
2020/01/09,26.11,26.32,25.95,26.23,2359266,61105560.00
2020/01/10,26.40,26.46,26.01,26.29,2523034,65610128.00
2020/01/13,26.52,27.20,26.52,26.63,3662651,97067232.00
2020/01/14,26.75,27.34,26.74,26.99,4594204,123282848.00
2020/01/15,26.84,27.22,26.34,27.04,3580405,95237016.00
2020/01/16,27.08,27.21,26.54,26.58,3146500,83625456.00
2020/01/17,26.41,26.72,26.14,26.49,2173013,56876712.00
2020/01/20,26.52,26.57,26.04,26.24,1849917,48060040.00
2020/01/21,26.29,26.30,25.09,25.12,3304430,83389368.00
2020/01/22,24.95,25.06,24.36,24.89,1874900,45942728.00
2020/01/23,24.89,24.89,23.12,23.43,2336944,55414336.00
2020/02/03,21.11,21.11,21.11,21.11,306900,6405003.00
2020/02/04,19.02,20.24,19.02,19.99,2710559,53009220.00
2020/02/05,19.92,20.68,19.78,20.47,2393341,48289548.00
2020/02/06,20.50,20.73,20.25,20.61,2424238,49211088.00
2020/02/07,20.53,20.94,20.47,20.94,2423069,49585632.00
2020/02/10,21.08,21.69,20.79,21.37,2201783,46360184.00
2020/02/11,21.24,21.97,21.24,21.54,2280590,48753828.00
2020/02/12,21.54,21.86,21.33,21.80,2002493,42828504.00
2020/02/13,21.62,22.04,21.55,21.81,2174079,46920888.00
2020/02/14,21.95,21.98,21.56,21.64,1814924,38982820.00
2020/02/17,21.72,22.53,21.64,22.32,3009351,65989236.00
2020/02/18,22.44,22.75,22.15,22.75,2924974,64963444.00
2020/02/19,22.79,23.14,22.42,22.54,3213545,72446168.00
2020/02/20,22.54,22.91,22.44,22.89,2559478,57432876.00
2020/02/21,23.01,23.04,22.75,22.84,2452157,55518132.00
2020/02/24,22.88,23.02,22.50,22.95,3064972,69208648.00
2020/02/25,22.32,22.56,21.35,22.39,3722368,81661224.00
2020/02/26,22.24,22.82,22.00,22.11,2916662,64956112.00
2020/02/27,22.10,22.53,22.01,22.22,2125072,46877052.00
2020/02/28,23.24,24.02,22.14,22.18,6707166,152784800.00
2020/03/02,20.92,22.53,20.92,22.34,4445757,95246384.00
2020/03/03,22.31,22.84,21.84,22.12,3622963,80323920.00
2020/03/04,21.72,21.94,21.39,21.83,2729616,58470112.00
2020/03/05,21.99,22.88,21.90,22.79,5124244,113840808.00
2020/03/06,22.82,24.07,22.54,23.65,6524390,150744912.00
2020/03/09,23.21,24.10,22.24,22.34,5278722,121273120.00
2020/03/10,21.31,22.47,21.30,22.30,3914802,84421640.00
2020/03/11,22.14,23.09,22.14,22.89,3717269,83808824.00
2020/03/12,22.89,22.90,21.59,21.76,3092628,67269928.00
2020/03/13,20.78,21.06,20.02,20.52,3162779,64000444.00
2020/03/16,20.83,20.88,19.45,19.55,2103855,42306976.00
2020/03/17,19.89,20.09,18.84,19.46,1824157,34837652.00
2020/03/18,19.69,19.92,19.14,19.18,1658125,32018738.00
2020/03/19,19.24,19.24,18.43,18.94,1724881,32067412.00
2020/03/20,19.13,19.82,19.00,19.54,1860474,35807040.00
2020/03/23,19.34,19.34,18.44,18.46,1467500,27217148.00
2020/03/24,18.80,19.01,18.22,18.64,1256391,23119502.00
2020/03/25,18.85,19.16,18.85,19.12,1709432,32146340.00
2020/03/26,19.10,19.10,18.44,18.54,2046242,37681968.00
2020/03/27,18.84,18.89,18.55,18.63,1306388,24169340.00
2020/03/30,18.54,18.57,17.86,18.18,1353855,24158244.00
2020/03/31,18.31,18.50,18.15,18.21,804417,14503769.00
2020/04/01,18.05,18.54,17.95,18.23,1018800,18392758.00
2020/04/02,18.04,18.61,18.01,18.57,1566256,28381476.00
2020/04/03,18.57,18.92,18.44,18.72,1699569,31394392.00
2020/04/07,18.94,19.12,18.81,18.95,1834900,34285460.00
2020/04/08,18.93,19.21,18.76,19.01,1784100,33368044.00
2020/04/09,19.12,19.14,18.84,18.84,1837300,34320344.00
2020/04/10,18.76,18.82,18.22,18.31,1625809,29645464.00
2020/04/13,18.12,18.59,18.12,18.34,849144,15356791.00
2020/04/14,18.40,18.67,18.24,18.67,1470387,26849200.00
2020/04/15,18.70,18.87,18.49,18.56,1881400,34801472.00
2020/04/16,18.52,18.54,18.25,18.42,1246600,22619664.00
2020/04/17,18.54,18.80,18.47,18.51,1291987,23725244.00
2020/04/20,18.52,18.62,18.36,18.53,1319821,24072256.00
2020/04/21,18.44,18.57,18.20,18.42,1587001,28776244.00
2020/04/22,18.42,18.44,18.21,18.44,1281095,23180568.00
2020/04/23,18.49,18.72,18.34,18.38,2260100,41323984.00
2020/04/24,18.39,18.49,17.74,17.84,2187681,38862080.00
2020/04/27,18.04,18.04,17.44,17.51,1262776,21909532.00
2020/04/28,17.51,17.74,16.44,16.96,1984765,33214068.00
2020/04/29,16.96,17.36,16.70,17.09,682055,11505011.00
2020/04/30,17.15,17.45,17.07,17.32,1316501,22455790.00
2020/05/06,17.37,17.68,17.25,17.66,1951993,33742548.00
2020/05/07,17.69,17.91,17.54,17.69,1494648,26139324.00
2020/05/08,17.74,18.19,17.74,18.10,1508554,26807832.00
2020/05/11,18.13,19.19,18.13,18.89,4161228,77332632.00
2020/05/12,18.83,19.06,18.24,18.45,2726165,50093944.00
2020/05/13,18.49,18.62,18.14,18.34,1637118,29519888.00
2020/05/14,18.34,18.71,18.12,18.48,2205049,40100368.00
2020/05/15,18.48,18.51,18.14,18.18,1360090,24543794.00
2020/05/18,18.34,18.34,18.10,18.13,1109015,19904196.00
2020/05/19,18.13,18.51,18.06,18.42,1764234,31875532.00
2020/05/20,18.39,18.44,18.11,18.13,1151956,20714202.00
2020/05/21,18.13,18.29,17.56,17.62,1420086,25052016.00
2020/05/22,17.62,17.73,17.02,17.15,1439992,24521128.00
2020/05/25,17.14,17.31,16.99,17.14,966558,16346764.00
2020/05/26,17.37,18.00,17.20,18.00,2068576,36196288.00
2020/05/27,17.74,18.88,17.74,18.63,4037457,74039184.00
2020/05/28,18.71,19.12,18.15,18.36,3042770,55767672.00
2020/05/29,18.23,18.62,18.17,18.23,1777000,32194900.00
2020/06/01,18.24,18.79,18.24,18.72,2432660,44722872.00
2020/06/02,18.79,19.52,18.62,19.27,4092514,77539576.00
2020/06/03,19.27,19.38,18.74,18.75,2437084,45729672.00
2020/06/04,18.86,20.60,18.86,19.82,7755257,151723616.00
2020/06/05,19.54,19.54,19.09,19.21,5383831,102420000.00
2020/06/08,19.34,19.38,18.85,18.93,2643021,49588000.00
2020/06/09,18.89,19.10,18.80,19.05,1773201,33207328.00
2020/06/10,19.24,19.24,18.81,18.89,1697200,31837834.00
2020/06/11,18.91,18.91,18.49,18.52,2047135,37671376.00
2020/06/12,18.10,18.37,18.04,18.31,1392146,25049396.00
2020/06/15,18.39,18.63,18.27,18.40,1012585,18447914.00
2020/06/16,18.45,18.81,18.45,18.75,1515069,27942902.00
2020/06/17,18.77,18.99,18.67,18.91,1346180,25022856.00
2020/06/18,18.54,19.19,18.54,19.10,1824869,34250664.00
2020/06/19,19.11,19.34,18.78,18.84,1583422,29293076.00
2020/06/22,18.84,18.96,18.57,18.68,1515066,27722526.00
2020/06/23,18.60,18.67,18.39,18.40,1335915,24205020.00
2020/06/24,18.55,18.55,18.24,18.31,1087300,19506652.00
2020/06/29,18.31,18.58,18.17,18.53,1009279,18175722.00
2020/06/30,18.58,18.83,18.42,18.74,1355736,24808076.00
2020/07/01,18.74,18.82,18.48,18.65,1179800,21507846.00
2020/07/02,18.65,18.77,18.51,18.73,1640333,30025990.00
2020/07/03,18.97,19.33,18.73,19.24,3089629,57716936.00
2020/07/06,19.34,19.87,19.34,19.81,3673593,70590152.00
2020/07/07,19.98,20.49,19.67,19.83,4704889,91815104.00
2020/07/08,19.79,20.06,19.60,20.03,3531189,68954584.00
2020/07/09,20.05,20.57,19.91,20.40,4617286,91854152.00
2020/07/10,20.39,20.59,20.09,20.15,3171661,63180428.00
2020/07/13,20.20,20.94,20.20,20.79,3955084,80352984.00
2020/07/14,20.89,21.07,20.43,21.04,3985499,81451160.00
2020/07/15,21.12,21.16,20.08,20.26,3860250,77619112.00
2020/07/16,20.37,20.58,19.34,19.37,2847137,55714064.00
2020/07/17,19.29,19.75,19.29,19.59,1701928,32491700.00
2020/07/20,19.69,20.87,19.69,20.56,3067427,61413128.00
2020/07/21,20.60,21.20,20.44,20.97,3988195,81513112.00
2020/07/22,21.11,21.16,20.59,20.84,3352735,69011000.00
2020/07/23,20.68,21.70,20.11,21.44,8092093,167498016.00
2020/07/24,21.09,21.35,19.85,20.20,5573493,112733840.00
2020/07/27,20.19,20.50,19.80,20.09,2006113,39449556.00
2020/07/28,20.29,21.59,20.26,20.97,5605033,115940656.00
2020/07/29,20.90,21.23,20.69,21.01,4815413,99053832.00
2020/07/30,21.09,21.88,20.85,20.93,5134842,106985064.00
2020/07/31,20.86,21.18,20.75,20.95,3360558,68922048.00
2020/08/03,21.00,21.47,21.00,21.37,4376995,91629568.00
2020/08/04,21.50,21.72,20.94,21.01,3261775,68112368.00
2020/08/05,21.05,21.28,20.74,20.90,2421872,49778216.00
2020/08/06,20.93,21.15,20.47,20.74,2650778,53910568.00
2020/08/07,20.73,21.04,20.02,20.24,2771740,55822536.00
2020/08/10,20.19,20.47,20.04,20.30,2090452,41555616.00
2020/08/11,20.28,20.38,19.58,19.65,2433510,47693864.00
2020/08/12,19.57,19.77,19.00,19.44,1975639,37376672.00
2020/08/13,19.49,19.79,19.44,19.63,1493419,28744750.00
2020/08/14,19.64,19.77,19.45,19.75,1108199,21305072.00
2020/08/17,19.99,20.32,19.84,20.26,2206455,43502504.00
2020/08/18,20.11,20.66,20.09,20.34,2495399,49960188.00
2020/08/19,20.38,20.59,20.07,20.12,1634300,32533824.00
2020/08/20,20.05,20.22,19.77,20.02,1283230,25210178.00
2020/08/21,20.09,20.32,19.79,19.98,1336520,26269556.00
2020/08/24,20.09,20.69,20.04,20.60,2987832,59961344.00
2020/08/25,20.65,21.18,20.39,20.97,3367999,69166528.00
2020/08/26,20.79,21.00,20.40,20.56,2326909,47206240.00
2020/08/27,20.49,20.80,20.26,20.70,1632706,33072126.00
2020/08/28,20.74,21.03,20.50,20.86,2157910,44001064.00
2020/08/31,21.02,21.27,20.64,20.81,2253909,46274640.00
2020/09/01,20.85,21.01,20.69,20.90,1619028,33124508.00
2020/09/02,20.95,21.12,20.70,20.86,1751321,35910080.00
2020/09/03,20.95,21.01,20.33,20.40,1748249,35416180.00
2020/09/04,20.05,20.53,19.90,20.50,1639601,32545676.00
2020/09/07,20.59,21.03,20.28,20.42,2760966,56256536.00
2020/09/08,20.64,21.27,20.40,21.22,4301132,88484128.00
2020/09/09,21.16,21.45,20.59,20.69,5014735,103423480.00
2020/09/10,21.17,21.67,20.07,21.38,7883301,161510512.00
2020/09/11,23.06,23.06,19.28,19.50,13517341,277526848.00
2020/09/14,17.90,19.00,17.89,18.43,6286661,112916328.00
2020/09/15,18.29,18.42,18.09,18.14,2681810,47742024.00
2020/09/16,18.19,18.24,17.54,17.60,2944574,51198144.00
2020/09/17,17.65,18.04,17.59,17.87,2237322,38983992.00
2020/09/18,17.94,18.05,17.75,18.01,1882087,32934192.00
2020/09/21,18.08,18.34,17.94,18.31,1736996,30868240.00
2020/09/22,18.05,18.26,17.90,17.97,1265944,22388158.00
2020/09/23,18.12,18.20,18.00,18.08,914000,16187295.00
2020/09/24,17.99,18.01,17.56,17.58,1404905,24315396.00
2020/09/25,17.69,17.76,17.49,17.72,747221,12876460.00
2020/09/28,17.79,17.81,17.44,17.48,856826,14779648.00
2020/09/29,17.47,17.73,17.25,17.53,1033165,17689548.00
2020/09/30,17.51,17.58,17.41,17.47,640100,10955479.00
2020/10/09,17.78,18.02,17.67,17.90,1018753,17823836.00
2020/10/12,18.04,18.34,17.90,18.30,1674544,29811572.00
2020/10/13,18.39,18.39,18.10,18.23,1230335,21924830.00
2020/10/14,18.28,18.57,18.24,18.40,1608745,28940742.00
2020/10/15,18.40,18.41,18.16,18.30,820317,14665550.00
2020/10/16,18.30,18.51,18.22,18.44,1225957,22093244.00
2020/10/19,18.44,18.69,18.32,18.33,1104141,19976724.00
2020/10/20,18.33,18.54,18.26,18.48,990259,17861382.00
2020/10/21,18.40,18.78,18.38,18.67,2234328,40741812.00
2020/10/22,18.70,18.78,18.53,18.75,1343517,24613156.00
2020/10/23,18.65,18.85,18.59,18.63,1794491,32837328.00
2020/10/26,18.47,18.84,18.27,18.73,1432653,26214008.00
2020/10/27,18.99,18.99,18.63,18.71,913300,16734561.00
2020/10/28,18.74,18.85,18.61,18.74,1252908,22953388.00
2020/10/29,18.60,19.06,18.51,18.91,1964684,36149536.00
2020/10/30,19.16,19.64,18.66,19.21,4250296,79986080.00
2020/11/02,19.09,19.64,19.04,19.50,2340835,44478388.00
2020/11/03,19.59,19.64,19.20,19.40,2152067,40915488.00
2020/11/04,19.32,19.59,19.31,19.48,1589602,30306048.00
2020/11/05,19.49,19.75,19.46,19.61,1660971,31884564.00
2020/11/06,19.61,19.70,19.24,19.59,1854197,35461812.00
2020/11/09,19.74,19.85,19.54,19.68,2165663,41770176.00
2020/11/10,19.68,19.76,19.44,19.53,1629568,31322660.00
2020/11/11,19.45,19.65,19.36,19.42,1236115,23621648.00
2020/11/12,19.47,19.65,19.24,19.55,1306700,24910568.00
2020/11/13,19.39,19.68,19.39,19.64,1060536,20358708.00
2020/11/16,20.11,20.84,19.79,20.68,4790926,95677328.00
2020/11/17,20.68,21.32,20.49,21.10,5169616,106578816.00
2020/11/18,21.04,21.77,20.81,21.34,4683271,98529808.00
2020/11/19,21.39,21.59,21.04,21.24,3491081,72856688.00
2020/11/20,21.19,21.66,21.19,21.31,3315570,69669664.00
2020/11/23,21.31,21.56,21.13,21.18,2721084,56915136.00
2020/11/24,21.29,21.35,20.94,21.11,1779701,36873060.00
2020/11/25,21.23,21.23,20.56,20.57,2520180,51517136.00
2020/11/26,20.54,20.94,20.32,20.62,2195026,44317584.00
2020/11/27,20.74,21.10,20.43,20.98,2175403,44333976.00
2020/11/30,20.83,21.05,20.71,20.80,2091200,42750980.00
2020/12/01,20.78,20.86,20.44,20.78,1637300,33147758.00
2020/12/02,20.78,20.94,20.62,20.91,1346519,27476296.00
2020/12/03,20.99,21.54,20.69,21.28,2905494,60401500.00
2020/12/04,21.55,21.83,21.38,21.47,4331610,91694488.00
2020/12/07,21.54,21.62,20.90,20.99,4397647,91775808.00
2020/12/08,20.61,21.48,20.25,20.57,4547480,92280656.00
2020/12/09,20.41,21.07,20.41,20.42,2739077,55455536.00
2020/12/10,20.58,20.69,20.25,20.62,1399747,28162428.00
2020/12/11,20.60,20.78,20.29,20.55,1703045,34206844.00
2020/12/14,20.56,20.58,20.19,20.33,1209860,24090530.00
2020/12/15,20.47,20.47,20.07,20.39,1344171,26685948.00
2020/12/16,20.29,20.36,20.14,20.30,960188,19072264.00
2020/12/17,20.12,20.24,19.74,20.11,1299407,25529282.00
2020/12/18,20.31,20.31,19.70,19.74,1524220,29754250.00
2020/12/21,19.79,19.86,19.46,19.64,1297900,24973222.00
2020/12/22,19.64,19.64,19.04,19.21,1491884,28287508.00
2020/12/23,19.23,19.33,18.80,18.98,1216186,22645774.00
2020/12/24,18.98,19.51,18.70,19.44,2240708,42169836.00
2020/12/25,19.61,19.68,19.35,19.53,1348891,25786368.00
2020/12/28,19.53,19.54,18.89,18.91,1516454,28320192.00
2020/12/29,18.90,19.97,18.75,19.61,2075128,39562336.00
2020/12/30,19.71,19.91,19.39,19.86,1766345,34192184.00
2020/12/31,19.97,20.44,19.70,20.29,2206734,43719144.00
2021/01/04,20.48,20.48,20.02,20.19,1974255,39050360.00
2021/01/05,21.19,22.04,20.88,21.38,7439249,156742768.00
2021/01/06,20.97,21.44,20.09,20.39,5766475,116702272.00
2021/01/07,20.73,20.73,19.99,20.11,4338925,86188664.00
2021/01/08,20.55,21.24,20.55,20.74,5736295,117317544.00
2021/01/11,20.68,20.72,20.08,20.08,3628029,72291392.00
2021/01/12,20.29,20.29,19.54,20.00,2341964,45835780.00
2021/01/13,20.09,20.13,19.44,19.66,2218647,42635340.00
2021/01/14,19.52,19.79,19.13,19.53,1893078,36127064.00
2021/01/15,19.47,19.96,19.27,19.68,2386552,45898448.00
2021/01/18,19.57,20.98,19.57,20.80,5231253,104995072.00
2021/01/19,20.72,20.94,20.48,20.48,3272413,66439968.00
2021/01/20,20.71,20.71,20.11,20.32,2759371,54913768.00
2021/01/21,20.26,20.84,20.15,20.55,3684802,74429632.00
2021/01/22,20.36,20.58,20.21,20.29,2290655,45787960.00
2021/01/25,20.07,20.12,19.14,19.44,4272732,81178160.00
2021/01/26,19.48,19.54,19.11,19.49,1719019,32522820.00
2021/01/27,19.38,19.79,19.26,19.64,2663716,51097856.00
2021/01/28,19.64,19.64,19.07,19.25,2096234,39614324.00
2021/01/29,19.37,19.53,19.07,19.25,1962146,37036820.00
2021/02/01,19.39,20.08,19.12,19.84,3792130,73229016.00
2021/02/02,20.07,20.48,19.86,20.19,3711924,73717688.00
2021/02/03,20.29,20.54,20.09,20.16,2517766,50159420.00
2021/02/04,20.27,20.55,20.12,20.40,4056121,81050928.00
2021/02/05,20.54,20.64,19.29,19.79,4952894,96497952.00
2021/02/08,20.27,20.56,19.84,20.27,3520399,70140920.00
2021/02/09,20.39,20.77,20.04,20.51,3378125,67946664.00
2021/02/10,20.57,21.17,20.42,20.90,5038787,103330768.00
2021/02/18,21.09,21.57,20.69,21.16,6405347,132924280.00
2021/02/19,21.18,21.51,20.90,21.50,6462690,134890384.00
2021/02/22,21.60,21.84,20.90,21.25,8658802,182155376.00
2021/02/23,21.09,21.22,20.57,20.95,4241729,86861224.00
2021/02/24,20.90,21.40,20.68,20.99,4320567,89397664.00
2021/02/25,21.11,21.11,20.21,20.31,5264161,105651608.00
2021/02/26,20.23,20.84,19.98,20.57,3737788,75331544.00
2021/03/01,20.76,21.47,20.61,21.34,5248576,109251808.00
2021/03/02,21.66,21.74,21.09,21.49,4190926,87659904.00
2021/03/03,21.34,21.97,21.13,21.93,5524076,117540544.00
2021/03/04,21.97,22.04,21.52,21.67,3383162,72262176.00
2021/03/05,21.67,22.14,21.29,21.62,4185675,89110824.00
2021/03/08,21.43,22.09,21.05,21.15,3492982,73579984.00
2021/03/09,21.19,21.58,20.69,21.01,3472623,72133240.00
2021/03/10,21.17,21.36,20.74,21.00,2256057,46497728.00
2021/03/11,21.08,21.47,20.69,21.37,2849736,59282696.00
2021/03/12,21.29,21.57,20.89,21.52,2896980,60600664.00
2021/03/15,21.52,21.60,21.24,21.49,2304880,48406488.00
2021/03/16,21.57,21.71,21.20,21.63,2622511,55274816.00
2021/03/17,21.44,21.91,21.33,21.80,2915452,62084304.00
2021/03/18,21.84,21.89,21.51,21.62,2621747,55779968.00
2021/03/19,21.45,21.63,21.16,21.36,2257547,47369088.00
2021/03/22,21.40,22.37,21.39,22.35,5883178,127725784.00
2021/03/23,22.37,22.62,21.94,22.08,3356493,72943264.00
2021/03/24,22.13,22.59,21.90,22.13,3748120,81886184.00
2021/03/25,22.18,22.19,21.70,21.72,2309073,49740500.00
2021/03/26,21.91,22.49,21.70,22.43,3835375,83841376.00
2021/03/29,22.54,22.57,22.04,22.36,2564613,56263808.00
2021/03/30,22.36,22.53,21.95,22.37,2913797,63574652.00
2021/03/31,22.36,22.54,22.16,22.50,2177914,47915216.00
2021/04/01,22.61,22.61,22.05,22.14,2809710,61493532.00
2021/04/02,22.30,22.30,21.27,21.40,3573101,76372984.00
2021/04/06,21.56,21.72,21.40,21.56,2222009,46977952.00
2021/04/07,21.95,21.95,21.04,21.14,2450087,51534920.00
2021/04/08,21.19,21.26,20.47,20.54,3159889,64556288.00
2021/04/09,20.54,20.62,20.16,20.45,2394587,47745688.00
2021/04/12,20.45,20.51,19.96,20.15,2218443,43940816.00
2021/04/13,20.14,20.44,19.98,20.13,1701795,33692660.00
2021/04/14,20.65,20.94,20.39,20.88,4507294,91605448.00
2021/04/15,20.89,21.42,20.68,21.23,3795357,78606136.00
2021/04/16,21.28,22.95,21.09,22.71,8154062,179799824.00
2021/04/19,23.05,23.75,22.89,23.53,7225602,166480272.00
2021/04/20,23.27,23.87,23.27,23.66,5053236,117113392.00
2021/04/21,23.92,23.96,23.39,23.71,3402299,79293056.00
2021/04/22,24.14,24.35,23.72,24.03,3020993,71589656.00
2021/04/23,24.03,24.26,23.39,23.51,3806331,88580176.00
2021/04/26,23.95,24.07,23.62,23.90,2969898,69791952.00
2021/04/27,23.55,23.97,23.27,23.69,2967458,68864608.00
2021/04/28,23.98,24.83,23.60,23.94,5359122,126901240.00
2021/04/29,23.69,23.98,22.99,23.66,3584330,82987264.00
2021/04/30,23.73,24.18,23.08,23.28,3433986,78804496.00
2021/05/06,23.33,23.71,23.14,23.19,2565511,58870556.00
2021/05/07,23.29,23.45,22.72,22.75,3049524,68815960.00
2021/05/10,22.58,23.12,22.33,22.49,2795648,62151156.00
2021/05/11,22.47,23.31,22.19,22.99,3612308,81031984.00
2021/05/12,22.87,24.16,22.69,23.84,5337849,123863472.00
2021/05/13,23.44,23.94,23.40,23.77,1973000,45999440.00
2021/05/14,23.71,25.49,23.50,25.28,5073063,123939592.00
2021/05/17,25.17,25.69,25.00,25.35,3875425,96821840.00
2021/05/18,25.36,25.82,25.12,25.67,2873400,72197296.00
2021/05/19,25.39,25.86,24.79,24.87,2596016,64435752.00
2021/05/20,24.83,25.08,24.39,24.79,2413807,58854648.00
2021/05/21,24.79,25.50,24.79,25.29,2558266,63622316.00
2021/05/24,25.09,26.04,24.91,25.95,2891157,73212952.00
2021/05/25,25.80,26.07,25.44,25.56,2131440,53886280.00
2021/05/26,25.51,25.77,25.19,25.50,2533585,63603288.00
2021/05/27,25.48,26.34,25.27,26.34,2828008,72507976.00
2021/05/28,26.22,26.33,25.47,25.64,2322234,59167984.00
2021/05/31,25.65,25.84,25.05,25.73,2692652,67474440.00
2021/06/01,25.77,25.89,25.27,25.43,1490052,37326896.00
2021/06/02,25.52,25.67,24.97,25.28,2078792,51927268.00
2021/06/03,25.46,26.89,25.46,26.57,3814423,98934376.00
2021/06/04,26.46,26.57,25.89,26.34,1927351,49995792.00
2021/06/07,26.59,27.15,26.19,26.33,2830038,74248376.00
2021/06/08,25.99,26.49,25.87,26.16,1978395,50962844.00
2021/06/09,26.35,26.35,25.77,25.93,1783256,45550332.00
2021/06/10,26.04,26.57,25.89,26.34,1800840,46488856.00
2021/06/11,26.59,26.68,25.89,25.99,1499443,38813380.00
2021/06/15,26.53,26.53,25.00,25.74,2569696,63961800.00
2021/06/16,25.78,25.84,24.56,24.69,3295539,80354288.00
2021/06/17,24.92,24.99,24.16,24.61,2470524,59183496.00
2021/06/18,24.59,25.72,24.41,25.35,2281704,56177172.00
2021/06/21,25.59,25.62,24.94,25.08,1599264,39183376.00
2021/06/22,25.47,25.72,24.79,25.40,1773014,43806448.00
2021/06/23,25.68,26.86,25.40,26.77,3860769,99865584.00
2021/06/24,26.82,27.25,26.29,26.37,2528095,65970252.00
2021/06/25,26.62,26.68,25.95,26.05,2354489,60259568.00
2021/06/28,26.06,26.35,25.86,26.09,1532479,39109908.00
2021/06/29,26.18,26.28,25.53,25.66,1616440,40746136.00
2021/06/30,25.62,26.25,25.59,25.79,1415200,35699212.00
2021/07/01,25.78,25.99,25.37,25.37,1237398,30970188.00
2021/07/02,25.49,25.59,24.94,25.39,1546348,38127072.00
2021/07/05,25.48,25.71,25.20,25.52,1224009,30458362.00
2021/07/06,25.44,25.75,24.71,25.03,2359795,57669584.00
2021/07/07,25.00,25.65,24.85,25.58,1481488,36653944.00
2021/07/08,26.14,26.24,25.36,25.78,2262002,57153524.00
2021/07/09,25.89,25.94,25.19,25.81,1430279,35815192.00
2021/07/12,25.90,26.42,25.63,26.19,2313088,58961488.00
2021/07/13,26.33,27.21,26.21,27.13,3566164,93675536.00
2021/07/14,26.96,27.01,26.44,26.44,2313452,60228932.00
2021/07/15,26.45,27.04,26.19,26.85,2747968,71773352.00
2021/07/16,27.09,27.94,26.75,27.54,4559595,122270264.00
2021/07/19,27.68,27.68,26.90,27.28,2695534,71740296.00
2021/07/20,27.07,27.07,26.01,26.53,3152212,81394104.00
2021/07/21,26.76,27.80,26.69,27.63,3903240,104405568.00
2021/07/22,27.56,28.05,27.34,27.93,3928437,106715432.00
2021/07/23,27.94,28.14,27.20,27.55,3031474,81990800.00
2021/07/26,27.62,27.70,26.65,27.41,2922441,77923448.00
2021/07/27,27.65,28.09,26.47,26.56,3219744,85677704.00
2021/07/28,26.39,26.86,25.45,26.09,3068578,78550896.00
2021/07/29,26.44,27.07,26.15,26.74,2267501,59165384.00
2021/07/30,26.69,27.26,26.53,26.92,1972222,51987648.00
2021/08/02,27.19,27.44,26.37,27.20,3217484,84986480.00
2021/08/03,27.59,29.09,27.27,28.52,6399626,178378624.00
2021/08/04,28.53,29.29,28.15,29.06,4165446,117683952.00
2021/08/05,29.18,29.27,28.77,29.02,2641574,75127744.00
2021/08/06,29.25,29.29,28.52,28.92,2214500,62636320.00
2021/08/09,28.98,29.04,28.14,28.51,2062200,57435372.00
2021/08/10,28.42,29.41,28.25,28.96,3497332,99423184.00
2021/08/11,29.28,29.28,28.69,28.77,1496273,42301728.00
2021/08/12,28.77,29.59,28.57,29.54,3659860,104807440.00
2021/08/13,29.45,29.94,28.99,29.33,3219281,92452256.00
2021/08/16,29.04,30.46,28.94,30.44,6601859,193457376.00
2021/08/17,30.14,30.39,28.30,28.78,6957335,198385648.00
2021/08/18,28.77,29.04,27.76,28.85,4062163,113261032.00
2021/08/19,28.70,30.17,28.47,29.69,5690025,163504608.00
2021/08/20,29.76,30.88,29.01,30.35,4200630,124090560.00
2021/08/23,30.27,30.39,29.60,29.96,2976130,87657008.00
2021/08/24,29.97,32.55,29.79,31.72,4869273,149536256.00
2021/08/25,31.57,34.19,30.89,33.44,9371671,305221376.00
2021/08/26,33.39,34.07,32.99,33.91,5514826,181838624.00
2021/08/27,33.82,34.59,32.84,33.27,6385115,211500448.00
2021/08/30,32.95,33.51,32.60,33.50,3724841,120728864.00
2021/08/31,33.37,35.98,32.29,35.49,6420338,217945680.00
2021/09/01,35.29,35.96,32.59,34.55,5765797,194944368.00
2021/09/02,34.39,35.49,33.25,35.09,3508363,118808360.00
2021/09/03,36.19,38.06,34.69,35.09,6523345,232445552.00
2021/09/06,35.09,35.77,34.39,35.07,3723988,128276680.00
2021/09/07,35.09,36.83,34.88,36.09,5054008,178885856.00
2021/09/08,36.14,37.31,35.51,36.07,3422668,121949792.00
2021/09/09,36.34,39.57,35.89,38.97,5726529,214533904.00
2021/09/10,38.55,42.34,38.10,40.05,5162036,204941232.00
2021/09/13,39.72,40.56,38.57,40.15,3979611,154665152.00
2021/09/14,39.99,41.89,39.09,40.65,3222882,129373784.00
2021/09/15,40.57,42.56,38.81,40.07,3582278,140155344.00
2021/09/16,39.97,40.69,37.64,38.35,3570913,136782048.00
2021/09/17,39.19,39.19,35.79,36.82,4132749,150804688.00
2021/09/22,36.95,38.09,36.80,37.47,2221911,81798472.00
2021/09/23,37.87,37.99,35.68,35.99,4485915,161160784.00
2021/09/24,36.14,37.12,34.19,35.15,5420522,187880864.00
2021/09/27,35.37,35.37,31.79,32.74,5067051,164172560.00
2021/09/28,32.36,33.39,32.09,32.98,2487554,79934352.00
2021/09/29,32.52,32.98,31.25,32.36,4122057,129912280.00
2021/09/30,32.16,33.86,31.59,33.54,2830345,91840272.00
2021/10/08,33.79,33.89,31.62,32.30,2244227,71115024.00
2021/10/11,32.67,34.27,31.70,33.71,2793738,91589800.00
2021/10/12,33.63,35.14,32.39,33.09,2698307,87559760.00
2021/10/13,32.13,33.23,31.30,32.07,2549198,79940320.00
2021/10/14,32.08,32.49,31.65,31.99,1192404,37587012.00
2021/10/15,32.33,32.33,30.36,31.55,2956076,90680704.00
2021/10/18,31.51,33.90,31.30,33.51,3288281,107248320.00
2021/10/19,33.55,33.95,32.79,33.05,1882388,61292000.00
2021/10/20,32.70,32.83,31.75,32.12,1984015,62618888.00
2021/10/21,32.10,34.27,32.01,33.46,3369063,110336768.00
2021/10/22,33.45,33.69,32.29,32.82,2170183,69929656.00
2021/10/25,32.10,33.34,32.03,33.28,1387214,44677336.00
2021/10/26,33.35,34.61,33.05,33.70,2262538,75024784.00
2021/10/27,33.70,34.19,32.59,33.20,1615136,52804956.00
2021/10/28,33.14,34.35,32.11,32.91,2169896,71040528.00
2021/10/29,33.37,33.87,32.33,32.80,1971197,63355856.00
2021/11/01,32.84,34.89,32.02,34.65,3885677,129480264.00
2021/11/02,34.61,35.28,33.59,34.40,2997278,101738416.00
2021/11/03,34.49,35.22,33.95,34.79,1960712,66644916.00
2021/11/04,34.68,36.65,34.68,36.52,2802938,99374392.00
2021/11/05,36.79,36.99,35.62,36.07,2073012,73803040.00
2021/11/08,35.74,36.39,35.29,35.73,1246218,43639724.00
2021/11/09,35.59,36.82,34.98,36.35,1871262,66241096.00
2021/11/10,36.35,36.69,35.76,36.63,1210158,43169584.00
2021/11/11,36.68,38.09,36.29,36.91,1853346,67801688.00
2021/11/12,36.99,37.29,35.70,36.50,1617700,58109352.00
2021/11/15,36.39,36.49,35.01,35.63,2249448,78978720.00
2021/11/16,35.82,36.03,35.09,35.29,1563248,54435744.00
2021/11/17,35.16,36.16,34.91,35.71,1430213,50050464.00
2021/11/18,35.81,39.22,35.76,39.22,6867792,258641280.00
2021/11/19,39.59,40.84,38.93,40.67,6477790,254954464.00
2021/11/22,40.55,40.84,39.60,40.09,3073948,121545264.00
2021/11/23,40.09,40.25,38.67,38.85,3004704,116035168.00
2021/11/24,38.82,39.19,38.27,39.03,2250810,85855280.00
2021/11/25,38.80,39.71,38.77,39.46,2229191,86012760.00
2021/11/26,39.08,39.97,38.62,39.47,1554154,60499184.00
2021/11/29,38.78,39.87,38.37,39.54,1812203,70247336.00
2021/11/30,39.92,41.09,38.87,39.92,2182136,85477152.00
2021/12/01,40.02,41.77,39.59,41.23,3321764,134155248.00
2021/12/02,41.17,41.19,38.39,38.69,3512288,135604128.00
2021/12/03,38.35,39.09,37.39,38.69,2416355,90679512.00
2021/12/06,38.79,38.87,37.01,37.49,3132519,115915080.00
2021/12/07,38.19,38.19,35.76,36.33,3277262,117630216.00
2021/12/08,37.35,37.44,35.79,36.79,2371975,86064632.00
2021/12/09,37.09,37.38,36.39,36.90,1202822,43719912.00
2021/12/10,37.37,38.12,36.69,37.76,1683792,62348816.00
2021/12/13,38.13,38.13,36.79,37.93,1376190,50972592.00
2021/12/14,38.09,38.39,37.46,37.94,1171142,43553776.00
2021/12/15,38.08,38.44,37.59,37.98,1018583,38231588.00
2021/12/16,38.27,39.25,37.59,39.09,1488448,56434624.00
2021/12/17,38.67,39.33,38.15,38.15,1088060,41444352.00
2021/12/20,38.19,38.43,36.74,36.76,1960342,72077424.00
2021/12/21,36.81,37.47,36.50,37.17,815916,29733540.00
2021/12/22,37.80,37.88,36.71,37.69,822536,30203120.00
2021/12/23,37.74,37.87,37.17,37.51,550800,20363146.00
2021/12/24,37.60,37.61,36.39,37.42,936962,34040232.00
2021/12/27,37.57,38.54,37.00,38.01,885773,33073628.00
2021/12/28,38.01,39.27,37.79,38.95,1399570,53383232.00
2021/12/29,39.24,39.59,38.61,39.25,1657713,64054388.00
2021/12/30,39.47,39.53,38.92,39.14,931761,35939992.00
2021/12/31,39.47,40.15,38.80,39.89,1822576,71164264.00
2022/01/04,39.89,40.58,38.55,39.03,1421560,54706652.00
2022/01/05,39.25,39.25,37.61,38.48,1634248,61618024.00
2022/01/06,38.48,38.87,37.46,38.79,1331436,50264004.00
2022/01/07,38.33,38.98,37.79,38.15,784187,29497736.00
2022/01/10,37.96,38.59,37.09,38.19,1108002,41257436.00
2022/01/11,38.48,38.79,37.94,38.19,819795,30980490.00
2022/01/12,38.69,39.83,38.25,39.63,1557921,60140540.00
2022/01/13,39.69,39.84,38.30,38.77,971500,37071748.00
2022/01/14,38.17,38.85,37.49,37.67,866925,32414236.00
2022/01/17,37.60,38.14,36.74,36.74,1966800,72395928.00
2022/01/18,37.10,37.10,35.50,36.36,3033613,108339328.00
2022/01/19,36.88,36.88,35.49,36.12,1449106,51357136.00
2022/01/20,36.01,36.70,34.33,35.35,3170023,110062672.00
2022/01/21,35.35,35.43,34.39,34.51,1645590,56156476.00
2022/01/24,34.34,35.22,33.85,34.74,1190897,40652128.00
2022/01/25,34.88,35.29,33.22,33.22,1222650,40958852.00
2022/01/26,33.39,34.87,33.38,34.67,1665931,56132272.00
2022/01/27,34.49,35.40,33.39,33.58,1829446,61893764.00
2022/01/28,33.96,34.32,32.72,33.45,1203724,39679472.00
2022/02/07,33.99,34.58,32.92,33.15,1091813,36029092.00
2022/02/08,32.87,33.80,32.60,33.37,1152034,37737912.00
2022/02/09,33.03,33.47,32.42,32.65,1757187,56516664.00
2022/02/10,32.64,33.17,31.97,32.43,1153300,36757576.00
2022/02/11,32.40,32.40,31.29,31.29,1589197,49479128.00
2022/02/14,31.60,32.19,30.82,31.04,1338167,41184844.00
2022/02/15,31.19,31.40,30.31,31.20,2229617,67245200.00
2022/02/16,31.55,32.07,31.11,31.94,938595,29219492.00
2022/02/17,32.13,32.19,31.61,31.87,773509,24260356.00
2022/02/18,32.01,32.14,31.38,32.06,562044,17607248.00
2022/02/21,32.24,32.47,31.79,32.17,562100,17705424.00
2022/02/22,32.37,32.37,31.19,31.29,937200,28909152.00
2022/02/23,31.39,32.42,31.39,32.24,1103719,34828864.00
2022/02/24,32.40,33.11,31.49,31.89,1416281,44925312.00
2022/02/25,32.39,32.85,31.99,32.21,788000,25001742.00
2022/02/28,32.86,32.99,31.29,32.00,1245446,38739488.00
2022/03/01,32.20,32.36,31.81,31.98,465345,14624479.00
2022/03/02,31.91,32.37,31.49,31.60,690975,21515556.00
2022/03/03,31.40,31.77,30.88,30.89,804921,24598514.00
2022/03/04,30.99,31.29,30.54,30.62,980562,29624608.00
2022/03/07,30.97,30.97,29.12,29.28,1384695,40400140.00
2022/03/08,29.37,29.42,27.86,28.03,1075713,30181176.00
2022/03/09,28.12,28.19,26.23,27.10,1796707,47674856.00
2022/03/10,27.69,28.03,26.05,26.44,3556107,93488624.00
2022/03/11,25.59,26.30,24.94,26.10,4053156,101770936.00
2022/03/14,26.17,26.39,25.29,25.29,2735800,68607000.00
2022/03/15,25.04,25.29,23.87,23.89,2711839,65424700.00
2022/03/16,24.16,25.71,23.63,25.38,3547659,85947264.00
2022/03/17,25.58,27.24,25.29,26.62,3304469,85150240.00
2022/03/18,27.19,27.19,26.30,26.68,1733630,45171280.00
2022/03/21,27.60,27.60,26.49,26.79,1391930,36578656.00
2022/03/22,26.86,26.89,26.19,26.78,1190730,30939302.00
2022/03/23,26.85,27.14,26.32,26.79,1440145,37804000.00
2022/03/24,26.70,26.90,26.39,26.89,1474199,38510952.00
2022/03/25,27.09,28.35,26.79,26.93,2408564,64678912.00
2022/03/28,27.18,27.24,26.35,26.62,1864821,48857296.00
2022/03/29,26.62,26.62,25.81,26.10,1431400,36558536.00
2022/03/30,26.20,26.84,26.06,26.79,1045396,27116172.00
2022/03/31,26.42,26.77,26.29,26.34,825571,21372302.00
2022/04/01,26.43,26.51,25.99,26.47,707856,18215532.00
2022/04/06,26.46,26.47,25.70,26.08,1048562,26656528.00
2022/04/07,25.84,26.07,24.89,25.06,1430958,35368560.00
2022/04/08,24.94,25.78,24.41,25.07,1189673,29048530.00
2022/04/11,25.04,25.04,23.41,23.41,1677328,39091504.00
2022/04/12,23.39,23.77,22.87,23.58,1978865,44927680.00
2022/04/13,23.48,23.80,22.81,23.21,1718156,38880484.00
2022/04/14,23.57,23.67,22.62,23.19,1039505,23650772.00
2022/04/15,23.68,23.68,22.19,22.89,1890993,41793872.00
2022/04/18,22.73,22.73,22.04,22.25,1738124,37564328.00
2022/04/19,22.31,23.09,22.09,22.88,1737300,38493552.00
2022/04/20,22.93,22.97,22.03,22.33,1314227,28715360.00
2022/04/21,22.19,22.53,21.60,21.67,1860511,39771176.00
2022/04/22,21.87,21.87,20.70,21.13,2606632,53406348.00
2022/04/25,20.93,20.93,19.29,19.38,2614488,50659252.00
2022/04/26,19.39,19.45,18.19,18.27,2119321,38755176.00
2022/04/27,18.07,19.54,17.79,19.54,3423499,61868844.00
2022/04/28,19.41,19.43,18.45,18.76,1845099,33646036.00
2022/04/29,19.02,20.58,19.02,20.58,2803397,54141068.00
2022/05/05,21.37,21.99,20.73,21.31,4392053,91615024.00
2022/05/06,21.00,21.99,20.50,21.66,3121715,65599608.00
2022/05/09,21.68,23.77,21.47,23.42,4453844,100080560.00
2022/05/10,23.14,23.59,22.32,22.59,5574334,123922832.00
2022/05/11,22.88,24.51,22.66,23.64,4558192,105909288.00
2022/05/12,23.55,23.92,23.27,23.54,1634277,37388144.00
2022/05/13,23.65,23.98,23.09,23.93,2259400,51936584.00
2022/05/16,23.99,24.77,23.93,24.19,1760600,41746384.00
2022/05/17,24.10,24.31,23.64,24.20,1174000,27507596.00
2022/05/18,24.39,24.86,23.79,24.56,1569744,37351452.00
2022/05/19,24.56,24.81,24.04,24.77,1455927,34776792.00
2022/05/20,25.14,25.44,24.62,25.14,1365275,33540140.00
2022/05/23,25.37,25.68,24.79,25.31,954083,23560304.00
2022/05/24,25.31,25.43,24.39,24.39,1562431,37930272.00
2022/05/25,24.19,24.55,23.27,24.09,3160231,73415872.00
2022/05/26,24.29,24.29,23.47,24.10,1167394,27163472.00
2022/05/27,24.14,24.63,23.74,23.99,1272688,30022056.00
2022/05/30,24.19,24.53,23.90,24.17,721061,16983046.00
2022/05/31,23.92,24.39,23.70,24.23,996400,23359232.00
2022/06/01,24.19,24.45,23.92,24.27,1048261,24739764.00
2022/06/02,24.21,25.05,24.21,25.05,1215355,29267846.00
2022/06/06,25.00,26.17,24.97,25.48,2788902,69858160.00
2022/06/07,25.20,25.74,24.93,25.05,1539700,37874076.00
2022/06/08,25.18,25.34,24.50,25.03,1143383,27852212.00
2022/06/09,24.95,25.46,24.65,24.85,1318596,32216432.00
2022/06/10,24.85,25.18,24.55,25.09,922624,22527184.00
2022/06/13,25.29,25.91,24.90,25.88,1486396,37189728.00
2022/06/14,25.79,26.59,25.33,26.58,2373943,60131184.00
2022/06/15,26.81,27.08,25.91,26.03,2905300,74878896.00
2022/06/16,26.03,26.24,25.47,25.62,1689200,42539568.00
2022/06/17,25.46,25.80,24.79,25.52,2049044,50557564.00
2022/06/20,26.09,26.09,25.24,25.99,1567400,39328152.00
2022/06/21,26.21,26.46,25.59,26.07,2074249,52795112.00
2022/06/22,26.21,26.24,25.31,25.39,1045612,26331584.00
2022/06/23,25.48,25.92,25.08,25.41,1536348,38127940.00
2022/06/24,25.41,26.27,25.37,26.09,1491500,37843480.00
2022/06/27,26.28,26.59,26.11,26.35,1541275,39672840.00
2022/06/28,26.73,26.74,25.90,26.24,2698360,68917288.00
2022/06/29,26.24,26.44,25.29,25.35,1994450,49707844.00
2022/06/30,25.46,25.98,25.07,25.37,3831402,94574880.00
2022/07/01,25.49,26.28,25.24,25.98,2062794,51885168.00
2022/07/04,26.24,26.24,25.34,25.62,1873570,46535276.00
2022/07/05,25.78,25.88,24.87,25.34,2225699,54698636.00
2022/07/06,25.27,25.65,24.66,24.89,2118600,51706032.00
2022/07/07,25.26,25.38,24.80,25.21,1208241,29449274.00
2022/07/08,25.32,25.49,24.39,24.50,2057959,49451832.00
2022/07/11,24.50,25.28,23.75,24.26,2562520,60147760.00
2022/07/12,24.17,24.39,23.51,23.59,1853145,42652408.00
2022/07/13,23.59,23.73,23.25,23.46,1545395,34974032.00
2022/07/14,23.46,24.64,23.40,24.32,2291240,53615472.00
2022/07/15,24.43,25.21,23.99,24.92,2834840,68188664.00
2022/07/18,24.66,25.38,24.21,25.20,2197606,52970976.00
2022/07/19,25.43,25.88,24.98,25.59,1578791,39036696.00
2022/07/20,25.84,25.89,25.27,25.69,1331827,33006644.00
2022/07/21,25.81,25.87,25.49,25.68,1349600,33632440.00
2022/07/22,25.66,26.24,25.54,26.04,2764873,69742696.00
2022/07/25,26.79,28.57,26.78,28.06,9287687,248997504.00
2022/07/26,28.46,29.61,27.49,28.50,9046457,249277040.00
2022/07/27,28.49,29.04,28.09,28.94,5862883,163609024.00
2022/07/28,27.81,28.59,27.49,28.31,7422429,202758064.00
2022/07/29,28.14,31.06,28.00,31.06,8130913,236022208.00
2022/08/01,31.68,32.39,30.39,31.69,6592905,202244272.00
2022/08/02,31.07,31.48,29.57,30.69,5054676,150190464.00
2022/08/03,30.69,30.98,28.82,28.97,5210320,150259328.00
2022/08/04,29.16,29.67,27.99,28.67,3074611,85495296.00
2022/08/05,28.42,29.14,27.74,29.01,4653790,128477104.00
2022/08/08,29.37,30.28,28.78,30.14,4045511,117322600.00
2022/08/09,30.19,31.29,29.79,30.78,3651635,109095160.00
2022/08/10,31.13,31.21,30.14,30.67,2087829,62408760.00
2022/08/11,31.13,31.13,30.31,31.01,1980560,59392120.00
2022/08/12,31.79,31.79,30.39,30.46,1687866,50840208.00
2022/08/15,29.95,31.09,29.89,30.86,1587785,47435356.00
2022/08/16,30.79,31.27,30.42,31.17,1214519,36655856.00
2022/08/17,31.34,31.34,30.29,30.64,1523800,45486768.00
2022/08/18,30.43,30.86,30.29,30.39,1604500,47726604.00
2022/08/19,29.94,30.58,29.31,30.39,2384171,69489856.00
2022/08/22,30.39,30.59,29.26,30.35,1337227,39261404.00
2022/08/23,30.00,30.34,29.69,30.07,1196101,34916064.00
2022/08/24,30.37,30.50,28.39,28.56,1696840,48005040.00
2022/08/25,28.71,28.86,27.79,28.49,1607178,44160268.00
2022/08/26,28.99,29.94,28.56,28.79,1721500,49086932.00
2022/08/29,28.97,31.29,28.29,30.84,3061632,90888880.00
2022/08/30,30.85,32.19,30.50,31.97,4291540,132593568.00
2022/08/31,32.18,32.18,28.85,28.85,5529526,161039344.00
2022/09/01,28.85,29.22,27.44,27.69,4640981,127323616.00
2022/09/02,27.72,28.28,26.99,27.72,1958454,52567288.00
2022/09/05,27.63,27.79,26.53,26.79,2998363,78402736.00
2022/09/06,26.79,27.59,26.56,27.39,2772097,73138512.00
2022/09/07,27.18,28.18,26.90,27.50,2016693,53820692.00
2022/09/08,27.30,27.74,26.69,27.02,1697095,44634904.00
2022/09/09,26.95,27.07,26.35,26.86,1501400,38894744.00
2022/09/13,25.79,26.74,25.38,26.37,3805079,96063856.00
2022/09/14,26.37,27.04,25.62,26.23,2538296,64295872.00
2022/09/15,26.27,26.44,23.97,25.03,2297483,56332276.00
2022/09/16,24.83,25.27,24.20,24.44,2154317,51625128.00
2022/09/19,24.67,24.67,23.89,24.12,1338493,31253448.00
2022/09/20,23.86,24.53,23.86,24.33,1226800,28808560.00
2022/09/21,24.33,24.55,23.80,24.17,1152900,26879128.00
2022/09/22,24.00,24.79,23.90,24.06,1997141,46775216.00
2022/09/23,24.13,24.29,23.03,23.32,1731728,39313544.00
2022/09/26,23.29,23.51,23.03,23.05,1621622,36396684.00
2022/09/27,23.28,23.54,22.98,23.53,1491868,33520788.00
2022/09/28,23.38,23.50,22.60,22.61,2125894,47185100.00
2022/09/29,23.07,23.07,21.95,22.19,4090668,88201768.00
2022/09/30,22.25,22.25,21.37,21.42,3587270,75001960.00
2022/10/10,21.77,21.77,20.63,20.73,3232379,65391336.00
2022/10/11,21.01,21.25,20.69,21.11,2817268,56975936.00
2022/10/12,21.15,21.76,20.72,21.73,3521241,71971040.00
2022/10/13,21.74,22.44,21.61,22.10,1931639,41201832.00
2022/10/14,22.21,22.89,22.21,22.79,1917981,41871980.00
2022/10/17,22.81,23.83,22.58,23.67,2653373,60058216.00
2022/10/18,23.77,24.14,23.59,23.77,1904679,43910008.00
2022/10/19,23.53,24.49,23.49,23.57,1738586,40247324.00
2022/10/20,23.29,23.69,22.99,23.31,1514357,34163836.00
2022/10/21,23.19,23.75,23.10,23.54,1363480,30928754.00
2022/10/24,23.83,24.19,23.21,23.36,2538744,58095924.00
2022/10/25,23.20,23.69,22.72,23.27,1874905,41986720.00
2022/10/26,23.26,24.09,23.00,23.77,1534519,35247692.00
2022/10/27,23.82,24.67,23.53,23.55,1476647,34218796.00
2022/10/28,23.55,24.07,23.15,23.20,3262462,74375720.00
2022/10/31,23.09,23.49,22.79,23.14,2605821,58210400.00
2022/11/01,23.14,23.88,22.92,23.85,1796598,40897768.00
2022/11/02,23.68,25.42,23.68,24.99,3166948,75815520.00
2022/11/03,24.79,25.35,24.69,24.86,2233556,53964872.00
2022/11/04,24.86,25.44,24.86,25.42,2246954,54926700.00
2022/11/07,25.42,25.65,24.89,24.96,2054681,49898200.00
2022/11/08,24.79,25.04,24.42,24.74,1663208,39664636.00
2022/11/09,24.74,24.78,24.39,24.72,1732917,41231424.00
2022/11/10,24.55,24.72,23.79,23.98,2905037,67884400.00
2022/11/11,24.38,24.66,24.13,24.38,1895500,44835780.00
2022/11/14,24.49,24.64,23.67,23.79,2308373,53597600.00
2022/11/15,23.86,24.89,23.69,24.89,2059196,48884692.00
2022/11/16,24.65,25.07,24.65,24.72,1317539,31626028.00
2022/11/17,24.72,24.90,24.32,24.61,1040610,24644568.00
2022/11/18,24.70,24.78,24.29,24.30,1036960,24618800.00
2022/11/21,24.28,24.44,23.90,24.39,1143108,26833656.00
2022/11/22,24.55,25.05,23.82,24.06,2788343,65661448.00
2022/11/23,24.06,24.06,23.12,23.59,2261485,51581496.00
2022/11/24,23.85,23.89,23.48,23.57,1446164,33043062.00
2022/11/25,23.69,23.69,23.27,23.29,2137035,48304276.00
2022/11/28,23.15,23.59,22.86,23.30,1870766,42156360.00
2022/11/29,23.37,23.87,23.20,23.75,1222559,27852664.00
2022/11/30,23.70,24.09,23.39,23.80,1323360,30332260.00
2022/12/01,24.02,24.64,23.82,24.30,1792476,42203372.00
2022/12/02,24.23,24.60,23.92,23.97,1646798,38427680.00
2022/12/05,24.19,24.47,23.89,24.40,1753276,41171584.00
2022/12/06,24.37,24.37,23.86,24.13,1742690,40609392.00
2022/12/07,24.12,24.41,23.97,24.04,1149358,26809412.00
2022/12/08,24.16,24.37,23.84,24.07,1244070,29134964.00
2022/12/09,24.07,24.30,23.97,24.07,1292384,30111960.00
2022/12/12,24.15,24.24,23.46,23.73,1246754,28609428.00
2022/12/13,23.73,23.98,23.47,23.64,1028200,23544868.00
2022/12/14,23.63,23.84,23.15,23.28,1215442,27495552.00
2022/12/15,23.39,23.75,23.14,23.52,917300,20736532.00
2022/12/16,23.48,23.61,22.97,23.01,1091501,24444020.00
2022/12/19,23.01,23.16,22.60,22.80,1306861,28784392.00
2022/12/20,22.58,22.90,22.41,22.54,885670,19278272.00
2022/12/21,22.63,22.86,22.33,22.51,1058095,23030312.00
2022/12/22,22.69,22.69,21.59,21.98,1477432,31610826.00
2022/12/23,21.98,22.25,21.66,21.74,971300,20491256.00
2022/12/26,21.84,22.44,21.69,22.41,726842,15612374.00
2022/12/27,22.32,23.10,22.18,22.85,1266100,27753016.00
2022/12/28,22.89,22.89,22.39,22.48,912138,19870208.00
2022/12/29,22.77,22.77,22.22,22.37,1256781,27163656.00
2022/12/30,22.57,22.57,22.10,22.17,1145553,24570660.00
2023/01/03,22.27,23.01,22.20,22.87,1688926,36910928.00
2023/01/04,22.89,23.37,22.80,23.14,1665994,37136264.00
2023/01/05,23.18,23.38,23.03,23.31,1723730,38704620.00
2023/01/06,23.20,23.85,23.19,23.59,1238500,28215280.00
2023/01/09,23.70,23.83,23.49,23.66,1120065,25641746.00
2023/01/10,23.89,23.89,23.47,23.50,726278,16547718.00
2023/01/11,23.50,23.87,23.43,23.51,999144,22842332.00
2023/01/12,23.49,23.77,23.36,23.59,1091297,24852462.00
2023/01/13,23.79,23.79,22.99,23.54,868900,19795904.00
2023/01/16,23.57,24.34,23.54,23.98,1644672,38141592.00
2023/01/17,24.09,24.22,23.90,24.07,853333,19856182.00
2023/01/18,23.83,24.32,23.81,24.11,932100,21714236.00
2023/01/19,24.11,24.57,23.99,24.44,1317991,31102554.00
2023/01/20,24.55,24.67,24.31,24.56,903500,21434668.00
2023/01/30,24.87,24.92,24.51,24.60,1164454,27899968.00
2023/01/31,24.69,24.92,24.29,24.87,1298492,31061612.00
2023/02/01,24.95,26.23,24.51,26.08,2988103,74343288.00
2023/02/02,26.08,26.52,25.45,26.19,3132159,78743832.00
2023/02/03,26.06,26.18,25.35,25.70,2460813,61078672.00
2023/02/06,25.73,25.73,25.19,25.42,1594505,39228976.00
2023/02/07,25.59,25.64,25.06,25.28,1131029,27705560.00
2023/02/08,25.23,25.73,25.20,25.26,1178057,28968038.00
2023/02/09,25.14,25.57,25.06,25.50,1233202,30349572.00
2023/02/10,25.49,25.61,25.22,25.31,1014088,24908258.00
2023/02/13,25.34,25.97,25.22,25.82,1969216,49009300.00
2023/02/14,25.81,26.14,25.64,25.91,2184039,54881000.00
2023/02/15,26.01,26.01,25.52,25.70,1133090,28221840.00
2023/02/16,25.76,25.86,24.79,24.89,2050954,50530880.00
2023/02/17,25.13,25.43,24.81,24.99,1068388,26024072.00
2023/02/20,24.88,25.33,24.66,25.22,1609747,38914184.00
2023/02/21,25.33,25.37,25.02,25.27,1357049,33100740.00
2023/02/22,25.17,25.26,24.94,25.06,1179478,28622536.00
2023/02/23,25.21,25.23,24.70,24.94,1780400,42906720.00
2023/02/24,25.12,25.14,24.60,24.92,1141737,27508720.00
2023/02/27,24.79,24.97,24.42,24.73,1741639,41641456.00
2023/02/28,24.69,24.89,24.28,24.72,1707053,40569796.00
2023/03/01,24.63,24.93,24.43,24.84,1967176,47075356.00
2023/03/02,24.88,24.88,24.54,24.77,1514325,36184468.00
2023/03/03,24.68,24.68,24.42,24.59,1443814,34334160.00
2023/03/06,24.61,24.62,24.02,24.33,1470077,34547632.00
2023/03/07,24.44,24.54,23.92,23.99,1841301,43179736.00
2023/03/08,24.06,24.07,23.63,23.89,1330380,30631192.00
2023/03/09,23.95,24.02,23.70,23.75,915680,21075336.00
2023/03/10,23.70,23.77,23.29,23.44,1466500,33276614.00
2023/03/13,23.39,23.50,23.01,23.18,1044264,23424334.00
2023/03/14,23.22,23.28,22.58,22.76,1527924,33683496.00
2023/03/15,22.88,23.53,22.86,23.06,1908707,42680176.00
2023/03/16,23.06,23.12,22.47,22.51,1424448,31336614.00
2023/03/17,22.62,23.22,22.61,22.85,1467500,32453604.00
2023/03/20,22.86,23.51,22.60,23.05,1932376,42999224.00
2023/03/21,23.15,23.63,22.92,23.51,1493594,33655888.00
2023/03/22,23.69,23.84,23.35,23.63,1360217,30997312.00
2023/03/23,23.59,23.74,23.28,23.44,1841361,41781940.00
2023/03/24,23.31,23.63,23.27,23.51,1031975,23365692.00
2023/03/27,23.55,23.57,22.97,23.09,2001209,44786048.00
2023/03/28,23.17,23.23,22.62,22.76,1779600,39147800.00
2023/03/29,22.72,22.79,22.27,22.31,1153000,25030564.00
2023/03/30,22.38,22.47,21.07,21.68,3153510,65505564.00
2023/03/31,21.68,22.59,21.65,22.50,2770468,59694864.00
2023/04/03,22.67,22.67,22.01,22.12,1917849,41029944.00
2023/04/04,22.19,22.49,21.84,21.94,1512200,32191860.00
2023/04/06,21.94,22.19,21.70,21.92,1360094,28713052.00
2023/04/07,21.80,21.98,21.39,21.71,1610052,33660340.00
2023/04/10,21.73,21.75,20.97,21.04,1774800,36293928.00
2023/04/11,21.03,21.29,20.91,21.24,1195705,24274112.00
2023/04/12,21.39,21.53,21.24,21.41,1165705,24004680.00
2023/04/13,21.46,21.46,20.95,21.16,1303845,26449472.00
2023/04/14,21.24,21.51,21.06,21.17,1233465,25183878.00
2023/04/17,21.11,21.23,20.91,21.14,1808552,36666128.00
2023/04/18,21.13,21.25,21.04,21.19,1129700,22994740.00
2023/04/19,21.17,21.27,20.81,20.84,1218125,24494208.00
2023/04/20,20.90,21.05,20.67,20.86,1604054,32140748.00
2023/04/21,20.71,21.18,20.25,20.34,1634723,32377748.00
2023/04/24,20.43,20.43,19.86,20.21,1904188,36741664.00
2023/04/25,20.38,20.38,19.32,19.60,1688330,31769836.00
2023/04/26,19.68,20.12,19.34,20.11,1489083,28406880.00
2023/04/27,20.12,20.45,20.00,20.11,1214983,23607236.00
2023/04/28,18.18,18.38,18.18,18.18,6564488,114193288.00
2023/05/04,17.42,17.59,16.48,16.64,9931220,158925120.00
2023/05/05,16.58,16.89,16.20,16.44,6898355,108445392.00
2023/05/08,16.39,16.75,16.29,16.32,5198653,81362864.00
2023/05/09,16.20,16.40,15.99,16.02,4698066,72345056.00
2023/05/10,16.06,16.65,16.06,16.44,4953287,77120096.00
2023/05/11,16.48,16.53,16.31,16.35,2957320,46194024.00
2023/05/12,16.35,16.43,16.04,16.06,3219373,49467856.00
2023/05/15,16.10,16.40,15.99,16.40,3065200,47276284.00
2023/05/16,16.37,16.41,16.14,16.16,2306418,35648336.00
2023/05/17,16.19,16.52,16.15,16.49,2209645,34547088.00
2023/05/18,16.56,16.60,16.33,16.39,1695309,26465556.00
2023/05/19,16.36,16.46,16.26,16.38,1712383,26621790.00
2023/05/22,16.38,16.62,16.30,16.62,2059628,32301056.00
2023/05/23,16.61,16.71,16.46,16.57,1497446,23679600.00
2023/05/24,16.55,16.69,16.40,16.63,1651637,26084624.00
2023/05/25,16.61,16.72,16.41,16.54,1892510,29829656.00
2023/05/26,16.63,16.63,16.21,16.49,1536600,23936612.00
2023/05/29,16.53,16.64,16.33,16.37,1660600,25978568.00
2023/05/30,16.30,16.43,16.07,16.25,1893125,29173326.00
2023/05/31,16.30,16.31,16.04,16.06,1464085,22494902.00
2023/06/01,16.01,16.31,15.89,16.17,1722873,26443644.00
2023/06/02,16.30,16.64,16.05,16.62,3123400,48787632.00
2023/06/05,16.69,16.69,16.40,16.49,1458013,22894516.00
2023/06/06,16.52,16.52,16.04,16.08,1998934,30797752.00
2023/06/07,16.03,16.21,15.85,15.92,2313140,35108280.00
2023/06/08,15.84,15.99,15.69,15.74,1607500,24122518.00
2023/06/09,15.70,15.78,15.44,15.60,1500774,22195864.00
2023/06/12,15.54,15.81,15.30,15.79,2141084,31561922.00
2023/06/13,15.79,15.86,15.52,15.60,1311670,19494520.00
2023/06/14,15.65,15.65,15.38,15.43,1463453,21454628.00
2023/06/15,15.43,15.67,15.29,15.63,1911466,28065194.00
2023/06/16,15.64,15.74,15.53,15.68,1500015,22282816.00
2023/06/19,15.60,15.74,15.22,15.30,2689200,39314724.00
2023/06/20,15.36,15.39,15.10,15.27,1521176,21687780.00
2023/06/21,15.20,15.57,15.04,15.04,2457686,34959224.00
2023/06/26,15.00,15.14,14.74,14.87,2988931,41617612.00
2023/06/27,14.95,15.17,14.76,15.08,3253789,45888184.00
2023/06/28,15.12,15.12,14.70,14.79,3067318,42382640.00
2023/06/29,14.77,15.03,14.72,14.83,4034544,56289748.00
2023/06/30,14.84,15.33,14.84,15.27,3524530,50114560.00
2023/07/03,15.34,15.69,15.32,15.34,3022313,43798968.00
2023/07/04,15.41,15.60,15.34,15.50,2243219,32474920.00
2023/07/05,15.51,15.57,15.25,15.39,1869889,27010872.00
2023/07/06,15.43,15.46,15.22,15.37,1204400,17297428.00
2023/07/07,15.37,15.37,15.18,15.21,2064300,29438112.00
2023/07/10,15.22,15.58,15.22,15.32,2443516,35181316.00
2023/07/11,15.36,15.68,15.14,15.66,2711300,39218804.00
2023/07/12,15.65,15.66,15.37,15.40,2697517,39096676.00
2023/07/13,15.41,15.60,15.41,15.57,1902619,27624940.00
2023/07/14,15.65,15.65,15.30,15.33,2163100,31098924.00
2023/07/17,15.23,15.33,15.13,15.26,1745912,24831874.00
2023/07/18,15.24,15.53,15.19,15.47,2734354,39357904.00
2023/07/19,15.40,15.67,15.38,15.45,1814788,26285916.00
2023/07/20,15.40,15.76,15.37,15.38,2397100,34971320.00
2023/07/21,15.40,15.76,15.29,15.45,2541200,36946548.00
2023/07/24,15.54,15.54,15.22,15.30,2124300,30444282.00
2023/07/25,15.34,15.83,15.32,15.69,3045435,44556408.00
2023/07/26,15.74,15.74,15.61,15.67,1664500,24412018.00
2023/07/27,15.67,15.77,15.44,15.48,1955890,28526448.00
2023/07/28,15.49,15.61,15.26,15.59,2567455,37088032.00
2023/07/31,15.58,15.77,15.56,15.70,3068865,45166284.00
2023/08/01,15.71,15.77,15.61,15.73,2544400,37419236.00
2023/08/02,15.74,15.92,15.52,15.57,2090400,30589564.00
2023/08/03,15.54,15.63,15.38,15.57,2539500,36833440.00
2023/08/04,15.61,15.73,15.27,15.30,3188373,46105644.00
2023/08/07,15.30,15.31,14.85,14.89,4250993,59501484.00
2023/08/08,14.84,14.94,14.44,14.81,4352941,59497212.00
2023/08/09,14.70,14.75,14.49,14.52,3030971,41135936.00
2023/08/10,14.53,14.70,14.42,14.61,2868500,38912424.00
2023/08/11,14.64,14.75,14.38,14.38,2830373,38331948.00
2023/08/14,14.25,14.40,14.06,14.28,3712181,49069800.00
2023/08/15,14.26,14.37,14.07,14.18,2667800,35169592.00
2023/08/16,14.13,14.59,14.13,14.40,4807747,64516352.00
2023/08/17,14.38,14.40,14.01,14.37,3522846,46552616.00
2023/08/18,14.37,14.45,14.23,14.23,2301007,30719908.00
2023/08/21,14.26,14.35,14.16,14.16,1903821,25214640.00
2023/08/22,14.26,14.29,13.76,13.99,3243145,42079640.00
2023/08/23,13.97,13.98,13.77,13.79,1936314,24895116.00
2023/08/24,13.79,13.96,13.55,13.84,2233357,28549776.00
2023/08/25,13.82,13.88,13.55,13.58,2005662,25532754.00
2023/08/28,14.22,14.22,13.53,13.59,4722748,60560740.00
2023/08/29,13.44,14.29,13.44,14.21,4217624,55079336.00
2023/08/30,14.21,14.64,14.21,14.43,4101400,55333304.00
2023/08/31,14.47,14.64,14.35,14.53,3524100,47747824.00
2023/09/01,14.62,14.80,14.42,14.71,2856800,39097236.00
2023/09/04,14.84,14.87,14.56,14.84,2658132,36555528.00
2023/09/05,14.85,14.85,14.67,14.71,1932151,26550662.00
2023/09/06,14.69,14.93,14.60,14.87,1791600,24761076.00
2023/09/07,14.93,14.93,14.60,14.61,1858500,25569052.00
2023/09/08,14.59,14.73,14.55,14.56,1335000,18191372.00
2023/09/11,14.56,14.83,14.52,14.73,2358900,32390924.00
2023/09/12,14.73,14.78,14.59,14.61,1416800,19353672.00
2023/09/13,14.69,14.72,14.45,14.55,1580000,21406960.00
2023/09/14,14.61,14.62,14.38,14.49,1562758,21083344.00
2023/09/15,14.54,14.63,14.39,14.46,2115000,28549754.00
2023/09/18,14.46,14.83,14.35,14.61,2114900,28844228.00
2023/09/19,14.58,14.68,14.36,14.39,1937900,26050224.00
2023/09/20,14.41,14.53,14.30,14.42,2354400,31729612.00
2023/09/21,14.42,14.59,14.33,14.36,2215524,29766136.00
2023/09/22,14.30,14.60,14.24,14.59,2404873,32274968.00
2023/09/25,14.51,14.59,14.29,14.49,2143700,28827100.00
2023/09/26,14.53,14.53,14.20,14.27,2002503,26649536.00
2023/09/27,14.31,14.60,14.19,14.29,3042788,40761088.00
2023/09/28,14.36,14.49,14.30,14.44,2457491,33029426.00
2023/10/09,14.46,14.46,14.08,14.15,3678167,48589920.00
2023/10/10,14.13,14.31,14.03,14.05,2436400,32047872.00
2023/10/11,14.09,14.24,14.05,14.11,1917089,25208068.00
2023/10/12,14.19,14.34,14.08,14.32,1899476,25121540.00
2023/10/13,14.25,14.28,14.07,14.10,1889200,24846400.00
2023/10/16,14.10,14.24,13.89,13.99,1781782,23147224.00
2023/10/17,14.08,14.10,13.87,14.01,1327100,17254814.00
2023/10/18,13.99,14.04,13.73,13.73,1662380,21309944.00
2023/10/19,13.62,13.99,13.61,13.69,1497300,19129576.00
2023/10/20,13.59,13.93,13.59,13.71,1714807,21907644.00
2023/10/23,13.68,13.79,13.23,13.32,2394400,29789130.00
2023/10/24,13.32,13.77,13.32,13.74,2399500,30284560.00
2023/10/25,13.79,14.08,13.79,13.99,1876500,24423014.00
2023/10/26,13.97,14.09,13.77,14.03,1658736,21378644.00
2023/10/27,14.04,14.44,13.84,14.41,2311300,30664788.00
2023/10/30,14.72,15.34,14.65,15.27,10419901,146681120.00
2023/10/31,15.20,15.50,15.19,15.26,7031967,100930280.00
2023/11/01,15.26,15.48,15.09,15.15,4903695,69884048.00
2023/11/02,15.16,15.22,14.91,14.95,3110706,43624016.00
2023/11/03,14.96,15.13,14.89,15.00,2348352,33031928.00
2023/11/06,15.10,15.15,14.90,15.02,3207949,44957492.00
2023/11/07,15.09,15.21,14.86,15.16,3204822,45104432.00
2023/11/08,15.18,15.19,14.95,15.02,2825956,39742784.00
2023/11/09,15.02,15.12,14.94,15.03,2496700,35079528.00
2023/11/10,15.11,15.73,15.00,15.46,7801084,111940568.00
2023/11/13,15.46,15.48,15.25,15.40,4536044,65178624.00
2023/11/14,15.26,15.46,15.25,15.32,2865200,41091864.00
2023/11/15,15.37,15.62,15.35,15.59,3927846,57017948.00
2023/11/16,15.58,15.94,15.45,15.76,5069700,74801512.00
2023/11/17,15.72,16.10,15.65,16.01,4170741,62304136.00
2023/11/20,16.01,16.49,15.78,16.36,5773549,87228048.00
2023/11/21,16.37,16.62,16.14,16.39,7098341,109065952.00
2023/11/22,16.39,16.54,16.03,16.22,4348700,66168408.00
2023/11/23,16.11,16.24,15.94,16.12,2886100,43578812.00
2023/11/24,16.18,16.18,15.66,15.82,4706900,69737168.00
2023/11/27,15.76,15.88,15.55,15.72,3734300,54979028.00
2023/11/28,15.72,16.00,15.65,15.87,3469133,51672644.00
2023/11/29,15.95,16.17,15.88,15.91,3675500,55315704.00
2023/11/30,15.90,16.00,15.77,15.91,2498166,37141364.00
2023/12/01,15.90,16.11,15.70,15.98,2629229,39375632.00
2023/12/04,15.98,16.02,15.76,15.81,2028894,30142968.00
2023/12/05,15.80,15.92,15.66,15.69,2151800,31860530.00
2023/12/06,15.64,16.00,15.64,15.85,1834553,27323556.00
2023/12/07,15.86,15.97,15.59,15.89,2066400,30623620.00
2023/12/08,15.89,15.90,15.62,15.77,2139200,31573806.00
2023/12/11,15.72,15.99,15.58,15.87,2888180,42899728.00
2023/12/12,15.94,15.94,15.67,15.88,1397750,20697388.00
2023/12/13,15.92,15.94,15.74,15.76,1427566,21177848.00
2023/12/14,15.85,16.18,15.76,15.86,2403198,35947760.00
2023/12/15,15.88,16.07,15.71,15.74,2501248,37202384.00
2023/12/18,15.75,15.86,15.55,15.59,2636752,38786884.00
2023/12/19,15.63,15.71,15.47,15.66,1651200,24113038.00
2023/12/20,15.68,15.85,15.59,15.60,1837935,27019964.00
2023/12/21,15.63,15.84,15.37,15.68,2927284,42813780.00
2023/12/22,15.74,15.76,15.43,15.51,2524248,36811048.00
2023/12/25,15.44,15.52,15.19,15.41,1920904,27589012.00
2023/12/26,15.30,15.54,15.23,15.32,1494100,21445674.00
2023/12/27,15.32,15.39,15.10,15.26,1213000,17263894.00
2023/12/28,15.26,15.87,15.20,15.79,2194476,32119854.00
2023/12/29,15.89,16.14,15.81,16.09,2477470,37176008.00
2024/01/02,16.15,16.27,15.91,16.06,3350100,50470948.00
2024/01/03,16.19,16.19,15.90,16.05,2340158,35234040.00
2024/01/04,16.10,16.12,15.83,15.96,2184900,32734376.00
2024/01/05,15.98,16.10,15.62,15.71,2366200,35116236.00
2024/01/08,15.78,16.02,15.68,15.76,4178170,62233080.00
2024/01/09,15.67,16.07,15.65,15.99,3231070,48381192.00
2024/01/10,16.01,16.02,15.75,15.87,3592000,53509680.00
2024/01/11,15.81,16.24,15.80,16.24,3433908,51809644.00
2024/01/12,16.24,16.30,16.06,16.11,3023194,45907068.00
2024/01/15,16.17,16.27,15.88,16.09,2537272,38220032.00
2024/01/16,16.09,16.23,15.87,16.12,2436900,36690072.00
2024/01/17,16.00,16.12,15.69,15.69,1760100,26219408.00
2024/01/18,15.49,15.77,14.93,15.29,4344800,62006104.00
2024/01/19,15.27,15.45,14.94,15.07,2775800,39280168.00
2024/01/22,15.06,15.07,13.97,14.00,3165400,42774868.00
2024/01/23,13.95,14.14,13.46,13.79,4035511,51371944.00
2024/01/24,13.76,13.85,13.13,13.70,3606086,45142192.00
2024/01/25,13.68,14.61,13.58,14.51,4244692,55846344.00
2024/01/26,14.11,14.64,13.99,14.32,4623787,61852364.00
2024/01/29,14.33,14.40,13.62,13.62,3195500,41078568.00
2024/01/30,13.56,13.72,13.26,13.29,2611919,32542808.00
2024/01/31,13.14,13.34,12.84,12.85,4563441,55153232.00
2024/02/01,12.83,13.13,12.55,12.86,3710823,43918756.00
2024/02/02,12.86,12.97,11.67,12.02,5412029,60683352.00
2024/02/05,12.02,12.02,10.92,10.99,5536158,56265948.00
2024/02/06,10.45,11.51,10.37,11.49,6684439,65811592.00
2024/02/07,11.42,11.68,11.00,11.16,4855246,50221900.00
2024/02/08,11.21,12.18,11.21,12.18,3887483,41738448.00
2024/02/19,12.50,12.86,12.47,12.54,2935735,34219272.00
数据来源:通达信
