603722 阿科力 日线 后复权
      日期	    开盘	    最高	    最低	    收盘	    成交量	    成交额
2017/10/25,13.49,16.19,13.49,16.19,3300,53157.00
2017/10/26,17.81,17.81,17.81,17.81,3235,57615.00
2017/10/27,19.59,19.59,19.59,19.59,4090,80123.00
2017/10/30,21.55,21.55,21.55,21.55,10000,215500.00
2017/10/31,23.71,23.71,23.71,23.71,13597,322385.00
2017/11/01,26.08,26.08,26.08,26.08,13400,349472.00
2017/11/02,28.69,28.69,28.69,28.69,14200,407398.00
2017/11/03,31.56,31.56,31.56,31.56,131184,4140167.00
2017/11/06,34.72,34.72,34.72,34.72,115513,4010611.00
2017/11/07,38.19,38.19,38.19,38.19,112386,4292021.00
2017/11/08,42.01,42.01,42.01,42.01,78242,3286946.00
2017/11/09,46.21,46.21,46.21,46.21,222125,10264396.00
2017/11/10,50.83,50.83,50.83,50.83,233670,11877446.00
2017/11/13,55.91,55.91,55.91,55.91,340990,19064752.00
2017/11/14,61.50,61.50,61.50,61.50,326874,20102752.00
2017/11/15,65.79,67.65,65.01,67.65,16266100,1085009792.00
2017/11/16,63.60,66.88,60.89,60.89,11143492,707569728.00
2017/11/17,58.00,58.99,54.80,54.80,7814293,441586144.00
2017/11/20,51.52,54.00,49.32,50.15,7278413,372969664.00
2017/11/21,50.90,53.87,46.40,51.33,8599705,428787648.00
2017/11/22,49.80,51.09,48.20,48.74,5540294,275119424.00
2017/11/23,47.18,50.14,46.50,47.01,4979657,241845984.00
2017/11/24,47.00,49.00,46.00,47.80,4721737,224925056.00
2017/11/27,49.03,50.69,48.10,48.65,5386799,266373984.00
2017/11/28,47.50,53.52,47.25,51.57,8957960,464549472.00
2017/11/29,51.00,51.04,48.60,50.91,6914368,345047616.00
2017/11/30,51.10,51.89,49.61,51.65,5776996,293752704.00
2017/12/01,51.94,51.94,46.49,46.93,6803658,330760416.00
2017/12/04,44.18,45.00,42.24,42.24,3288056,141306064.00
2017/12/05,40.22,40.80,38.02,38.03,4704760,184315808.00
2017/12/06,38.42,39.38,37.35,39.14,3980452,153165424.00
2017/12/07,39.28,39.28,37.50,37.56,3226415,123677512.00
2017/12/08,37.71,41.32,37.58,40.25,4448500,179104816.00
2017/12/11,39.95,40.95,39.36,40.37,3841471,153920944.00
2017/12/12,39.91,39.93,37.70,37.84,3579005,138382256.00
2017/12/13,37.90,39.18,37.60,38.42,2504322,96527816.00
2017/12/14,38.32,40.00,37.80,39.34,3538663,138208576.00
2017/12/15,39.50,40.44,37.69,37.90,4070693,159327024.00
2017/12/18,37.50,37.66,35.12,35.86,3638343,131271528.00
2017/12/19,35.60,36.44,35.60,36.33,2233971,80707648.00
2017/12/20,36.30,36.48,35.30,35.53,1972435,70394008.00
2017/12/21,35.88,39.08,35.25,39.08,4266658,161164912.00
2017/12/22,39.00,39.74,38.00,38.32,6038777,235992160.00
2017/12/25,37.00,39.78,36.60,39.18,5213257,199168624.00
2017/12/26,38.62,41.99,38.51,41.27,7060092,285077088.00
2017/12/27,40.79,42.88,40.32,40.84,7150016,295836128.00
2017/12/28,39.99,42.06,39.73,41.06,4322437,177300640.00
2017/12/29,40.56,41.04,39.20,39.54,3015511,120705992.00
2018/01/02,39.65,40.44,39.55,40.21,1942164,77953744.00
2018/01/03,40.00,40.00,38.21,39.02,3016248,117590456.00
2018/01/04,39.21,39.78,37.88,38.09,2849178,110360576.00
2018/01/05,37.99,38.36,37.31,37.65,2293593,86560992.00
2018/01/08,37.65,38.68,37.27,38.47,2598294,98891464.00
2018/01/09,38.15,39.47,38.15,39.27,3566026,138444528.00
2018/01/10,38.91,39.13,36.29,36.83,3171178,119223704.00
2018/01/11,36.36,39.50,36.10,38.31,3346107,127526704.00
2018/01/12,39.30,41.08,38.42,38.97,5303823,210318384.00
2018/01/15,37.11,40.50,37.00,39.45,4647108,179695504.00
2018/01/16,39.13,43.40,39.10,43.40,8785832,373708832.00
2018/01/17,45.50,46.86,42.81,42.92,11435146,513732544.00
2018/01/18,41.90,44.51,41.68,44.06,6041812,261539712.00
2018/01/19,43.48,44.46,41.15,41.88,5160633,222574064.00
2018/01/22,40.90,40.90,37.81,38.34,4598704,178986752.00
2018/01/23,37.86,39.11,37.58,38.45,2250544,86404512.00
2018/01/24,38.00,40.30,37.99,39.44,3105269,122130016.00
2018/01/25,38.98,41.97,38.98,41.24,4570927,185845600.00
2018/01/26,41.24,41.50,39.30,39.41,3417707,137634976.00
2018/01/29,39.13,41.70,39.05,41.48,3940379,160027824.00
2018/01/30,41.20,41.98,40.50,41.92,3506586,144498032.00
2018/01/31,41.70,41.90,37.73,37.81,4264390,169539248.00
2018/02/01,37.49,38.50,34.03,34.30,4348386,154598864.00
2018/02/02,34.30,34.30,31.08,32.28,3141711,102964648.00
2018/02/05,31.50,31.80,30.02,30.29,2338888,72416792.00
2018/02/06,28.98,30.29,27.26,27.26,2971466,85349168.00
2018/02/07,28.15,29.88,26.81,28.75,3701439,105368992.00
2018/02/08,28.75,29.30,28.30,28.98,1982789,57286192.00
2018/02/09,27.45,28.77,27.01,28.09,2003416,56100324.00
2018/02/12,29.00,29.48,28.56,28.89,1733231,50258924.00
2018/02/13,29.00,29.20,28.20,28.27,1719525,49274672.00
2018/02/14,27.88,28.56,27.71,27.91,953232,26819972.00
2018/02/22,28.35,29.03,28.00,28.83,1264645,36204236.00
2018/02/23,28.82,30.49,28.70,30.27,2568271,75951784.00
2018/02/26,31.27,31.49,30.63,30.89,2883546,89429824.00
2018/02/27,30.80,31.90,30.51,31.37,2695772,84077296.00
2018/02/28,30.75,30.80,29.77,30.03,2167425,65360680.00
2018/03/01,29.39,30.65,29.39,30.61,1758753,53442400.00
2018/03/02,30.33,30.85,29.68,29.74,1595152,48072368.00
2018/03/05,30.15,30.82,29.90,30.79,1755217,53467860.00
2018/03/06,30.78,31.99,30.59,31.39,3013673,94889264.00
2018/03/07,31.06,32.43,30.96,32.33,2711857,85677992.00
2018/03/08,32.03,32.95,31.81,32.88,2855457,92674912.00
2018/03/09,33.12,34.00,32.52,33.32,3007767,100087472.00
2018/03/12,33.39,34.49,32.70,34.08,2803990,94536240.00
2018/03/13,33.80,33.98,32.25,32.36,2815037,93335720.00
2018/03/14,32.25,33.09,32.00,32.60,2033044,66520100.00
2018/03/15,31.60,31.95,29.34,30.09,3509672,106928944.00
2018/03/16,30.32,30.85,29.99,30.08,1608300,48839984.00
2018/03/19,29.80,31.20,29.79,30.98,1783575,54861424.00
2018/03/20,30.51,32.95,30.46,32.71,3237532,103849336.00
2018/03/21,32.66,32.66,31.37,31.46,2525664,81233200.00
2018/03/22,31.50,32.55,31.37,32.53,2282254,73168624.00
2018/03/23,31.13,31.22,29.28,29.28,2257397,67676432.00
2018/03/26,28.00,29.77,26.78,29.62,2099781,59372452.00
2018/03/27,29.83,30.60,29.63,30.23,2286814,69079976.00
2018/03/28,29.64,31.38,29.35,30.78,2692909,82451680.00
2018/03/29,30.60,33.86,30.60,33.86,4979233,161135920.00
2018/03/30,37.25,37.25,37.25,37.25,1309683,48785692.00
2018/04/02,39.00,40.98,38.55,39.45,11154231,444084608.00
2018/04/03,37.33,43.40,37.33,43.40,7391259,294536576.00
2018/04/04,47.74,47.74,46.13,47.74,8752965,416471168.00
2018/04/11,46.00,52.02,44.88,47.57,13628688,653661696.00
2018/04/12,46.01,46.51,42.81,42.81,8063866,355232576.00
2018/04/13,41.12,42.18,39.41,39.76,7030958,286535808.00
2018/04/16,39.88,40.57,39.15,40.48,4382090,175754544.00
2018/04/17,40.42,40.42,38.53,38.87,4302465,169585136.00
2018/04/18,39.27,40.16,37.54,40.06,3852682,150126112.00
2018/04/19,39.72,40.89,38.58,38.79,4177995,166009696.00
2018/04/20,38.10,39.50,35.52,35.71,3610517,135428720.00
2018/04/23,35.83,38.06,35.83,36.92,3366524,124130768.00
2018/04/24,37.01,39.67,37.01,39.14,4975305,193068368.00
2018/04/25,38.48,40.20,38.02,40.17,4849738,188405936.00
2018/04/26,39.70,39.97,37.41,37.64,3271159,126693376.00
2018/04/27,38.07,38.49,37.18,38.05,1934962,73376840.00
2018/05/02,38.18,38.49,36.12,36.47,2366790,87348048.00
2018/05/03,36.02,37.98,35.31,37.94,2730637,100695264.00
2018/05/04,37.58,38.28,36.88,36.99,2069936,77561696.00
2018/05/07,37.46,39.36,37.46,38.99,3565953,136747536.00
2018/05/08,39.72,40.80,38.87,39.37,4806838,190346160.00
2018/05/09,38.61,42.31,38.61,41.07,6308088,257063600.00
2018/05/10,40.70,40.72,39.31,40.33,3921876,156652976.00
2018/05/11,40.33,40.33,38.74,38.78,2479771,97360784.00
2018/05/14,38.96,38.96,37.41,37.62,2149578,81604312.00
2018/05/15,38.33,38.57,37.66,38.51,1901971,72560408.00
2018/05/16,39.04,42.36,38.62,39.61,4518434,182586880.00
2018/05/17,40.99,43.57,40.02,43.57,7979790,334164192.00
2018/05/18,45.60,47.93,44.10,47.93,12882428,599936512.00
2018/05/21,48.90,52.72,46.73,52.72,10188166,512434944.00
2018/05/22,51.01,56.88,50.08,51.20,15419435,820567936.00
2018/05/23,49.20,51.01,46.70,47.03,10200455,498241280.00
2018/05/24,46.38,48.30,46.38,47.78,6016449,286136576.00
2018/05/25,48.31,49.20,45.70,45.90,6077941,287676192.00
2018/05/28,45.10,45.18,42.61,43.43,5583156,242581568.00
2018/05/29,43.69,44.70,41.66,42.11,4276839,184524496.00
2018/05/30,41.52,41.61,38.15,38.92,4827868,192129488.00
2018/05/31,39.75,40.62,39.60,40.31,4024972,160093424.00
2018/06/01,39.92,42.31,39.41,41.57,5582266,227124944.00
2018/06/04,41.95,44.18,41.80,43.75,7102373,302610016.00
2018/06/05,43.00,44.82,42.30,44.30,5564448,240034224.00
2018/06/06,43.90,44.38,43.10,44.17,4297837,186316496.00
2018/06/07,44.10,44.10,41.42,41.50,4373386,185041808.00
2018/06/08,41.02,42.70,41.02,42.51,3167186,132118912.00
2018/06/11,42.29,42.40,40.80,41.36,2422157,99282760.00
2018/06/12,41.60,45.20,39.70,44.22,6630735,284634464.00
2018/06/13,43.55,47.23,43.00,46.02,7960416,355318176.00
2018/06/14,45.39,47.90,44.80,45.36,7526675,346610624.00
2018/06/15,44.45,46.00,41.40,43.00,4893395,211301952.00
2018/06/19,45.58,47.26,45.58,47.26,3599415,168415584.00
2018/06/20,50.41,51.95,47.38,49.21,12602399,622186752.00
2018/06/21,47.38,52.92,47.27,48.39,11459020,567919680.00
2018/06/22,43.62,45.97,43.59,43.76,9341668,408269728.00
2018/06/25,43.23,48.10,42.91,48.10,8752878,394767456.00
2018/06/26,46.60,49.89,45.91,48.56,9648310,459595456.00
2018/06/27,48.64,51.26,47.43,50.46,9761813,479593664.00
2018/06/28,49.40,50.40,46.33,47.08,6685537,323681856.00
2018/06/29,47.22,51.43,47.22,50.35,7986312,394832800.00
2018/07/02,49.47,52.08,48.20,50.52,8285697,413172224.00
2018/07/03,49.60,51.31,48.65,50.65,6506280,323004736.00
2018/07/04,49.90,53.91,49.90,52.25,10372778,538083328.00
2018/07/05,50.07,50.20,47.07,47.88,6868847,329971744.00
2018/07/06,47.23,49.28,44.41,47.89,6260836,294425920.00
2018/07/09,46.80,48.38,45.75,48.34,5069702,237444624.00
2018/07/10,48.50,51.00,47.20,50.92,7325863,359680448.00
2018/07/11,49.68,50.37,47.21,49.54,5414279,264052192.00
2018/07/12,49.00,51.90,48.50,50.92,6392291,321185216.00
2018/07/13,50.80,51.28,48.81,50.13,4789792,237803472.00
2018/07/16,50.10,50.78,49.08,50.61,3207496,158906640.00
2018/07/17,50.12,50.40,48.29,48.53,3826801,185748016.00
2018/07/18,48.40,49.25,45.40,45.85,4424379,206924224.00
2018/07/19,45.50,46.86,44.71,46.84,3081944,141185248.00
2018/07/20,46.40,47.28,45.61,46.88,2341479,108209032.00
2018/07/23,46.30,47.27,45.80,46.09,2041128,93783032.00
2018/07/24,46.33,46.90,46.23,46.41,2118962,97713944.00
2018/07/25,46.54,46.73,45.31,45.39,2648976,120068144.00
2018/07/26,45.25,45.25,40.89,41.27,4221373,175144208.00
2018/07/27,41.28,41.72,38.92,40.18,2927947,116223160.00
2018/07/30,40.20,40.20,38.10,38.63,2224737,85993616.00
2018/07/31,38.54,39.39,38.53,39.13,1477108,57114340.00
2018/08/01,39.12,39.38,36.10,37.50,2664345,99373168.00
2018/08/02,37.20,37.50,34.51,35.90,2035201,72290176.00
2018/08/03,35.87,36.30,34.91,34.93,1520604,53483632.00
2018/08/06,34.93,38.38,34.93,37.57,5221056,195330944.00
2018/08/07,35.40,38.47,35.00,37.80,4456645,163174592.00
2018/08/08,37.21,39.60,37.08,38.36,4501180,172144976.00
2018/08/09,38.00,39.39,37.30,39.03,3798300,145623776.00
2018/08/10,38.71,39.16,37.78,38.56,2764900,105029696.00
2018/08/13,37.40,38.20,37.08,37.86,2120999,78887776.00
2018/08/14,37.68,39.61,37.68,38.49,2522379,96539328.00
2018/08/15,38.56,39.15,37.80,39.09,2668299,101513264.00
2018/08/16,38.35,38.99,37.92,38.02,2302491,87694672.00
2018/08/17,38.08,38.40,34.51,35.65,2759104,99664728.00
2018/08/20,35.27,36.00,32.40,34.50,2313971,77913808.00
2018/08/21,34.60,35.11,33.42,34.69,1785455,60710648.00
2018/08/22,34.08,34.90,33.74,34.07,1464300,49549680.00
2018/08/23,34.07,34.80,33.76,34.28,1703700,57806860.00
2018/08/24,34.40,34.65,32.91,33.05,1871605,61830020.00
2018/08/27,33.05,33.90,33.01,33.79,1640191,54527240.00
2018/08/28,34.09,34.98,34.00,34.36,2249490,76842576.00
2018/08/29,34.26,34.54,33.39,33.67,1475197,49131372.00
2018/08/30,34.03,34.03,32.56,32.73,1434748,47057464.00
2018/08/31,32.33,32.70,31.13,31.17,1680900,52499784.00
2018/09/03,31.16,31.35,30.09,30.76,1218200,36742280.00
2018/09/04,31.30,31.63,30.93,31.52,1382400,42727968.00
2018/09/05,31.26,31.42,30.40,30.68,1142900,34942868.00
2018/09/06,30.68,31.29,30.42,31.23,1382707,42130636.00
2018/09/07,31.17,31.62,30.42,30.69,1607100,49160068.00
2018/09/10,30.45,30.75,28.75,29.06,1751247,50964820.00
2018/09/11,29.31,29.69,28.83,29.37,1186012,34202816.00
2018/09/12,29.70,32.27,29.52,31.00,2951345,90969912.00
2018/09/13,30.80,31.79,30.65,31.60,2642297,81465904.00
2018/09/14,31.49,31.50,30.09,30.17,2037207,61892024.00
2018/09/17,30.49,30.75,29.21,29.88,1253745,37160300.00
2018/09/18,29.51,30.18,29.28,30.03,1207600,35565360.00
2018/09/19,29.75,32.20,29.75,31.18,2347200,71602080.00
2018/09/20,30.96,31.24,30.26,30.33,1623207,48926244.00
2018/09/21,30.30,30.84,30.01,30.71,1391300,41890312.00
2018/09/25,30.71,31.04,30.28,30.32,1145500,34583152.00
2018/09/26,30.21,31.79,30.01,31.40,2597000,79472008.00
2018/09/27,31.34,31.40,30.02,30.11,1914770,57953832.00
2018/09/28,30.07,31.40,30.00,31.32,2110200,64336368.00
2018/10/08,30.81,33.10,30.61,32.10,3573399,111869040.00
2018/10/09,31.80,35.27,31.80,35.27,5790607,192389472.00
2018/10/10,35.27,36.60,34.02,34.18,6001391,208485504.00
2018/10/11,32.21,33.00,30.97,32.48,4224517,133604952.00
2018/10/12,32.00,34.88,31.21,34.00,4650309,153164544.00
2018/10/15,33.21,33.89,32.50,33.45,2718790,89483624.00
2018/10/16,33.10,34.03,31.95,32.52,2417491,78749656.00
2018/10/17,33.05,33.36,31.73,33.29,2663503,85543712.00
2018/10/18,32.79,32.92,30.00,30.00,2139300,67284848.00
2018/10/19,27.13,28.17,27.04,27.62,3633671,98415056.00
2018/10/22,27.84,28.90,27.40,28.62,3472795,96902208.00
2018/10/23,28.46,28.68,26.06,26.68,3613971,97420296.00
2018/10/24,26.20,29.31,26.20,29.31,4540443,125066760.00
2018/10/25,27.40,27.85,26.84,27.64,4405600,119496872.00
2018/10/26,27.60,27.97,27.00,27.15,2629264,71153720.00
2018/10/29,26.26,27.08,24.48,24.55,4004011,100137056.00
2018/10/30,23.90,24.38,22.85,24.29,3197395,74502624.00
2018/10/31,24.01,24.90,24.00,24.45,2560265,61545720.00
2018/11/01,24.52,25.00,24.46,24.60,2546522,61960312.00
2018/11/02,24.79,25.35,24.78,25.28,2855593,70413608.00
2018/11/05,25.30,26.06,24.91,25.68,3230946,81255424.00
2018/11/06,25.56,25.56,24.73,25.35,2019609,49833420.00
2018/11/07,25.44,25.60,24.90,24.93,1847271,45874072.00
2018/11/08,25.15,25.31,24.90,24.94,1464343,36135096.00
2018/11/09,24.78,26.24,24.62,25.28,2561300,64071240.00
2018/11/12,25.07,26.06,25.07,25.84,3073243,78059632.00
2018/11/13,25.66,25.96,25.00,25.85,2885618,72777696.00
2018/11/14,25.79,27.85,25.56,26.80,5197650,136401296.00
2018/11/15,27.16,27.72,26.43,27.69,5463643,146496704.00
2018/11/16,27.55,27.85,27.10,27.19,3622923,97696728.00
2018/11/19,27.00,27.66,27.00,27.36,2412660,65128836.00
2018/11/20,27.22,27.32,26.15,26.28,2391275,62999440.00
2018/11/21,25.71,26.30,25.51,26.15,1686360,43227320.00
2018/11/22,26.36,27.19,26.36,27.13,2941730,77962352.00
2018/11/23,27.27,27.36,25.31,25.39,2220300,57093412.00
2018/11/26,25.09,25.39,22.89,24.13,1805900,43215744.00
2018/11/27,24.20,24.55,23.96,24.44,1018060,24329904.00
2018/11/28,24.20,24.47,23.45,24.39,1226060,29062764.00
2018/11/29,24.56,24.99,23.66,23.66,1532000,36753132.00
2018/11/30,23.66,24.18,23.00,24.10,1310460,30332506.00
2018/12/03,24.70,24.96,24.48,24.77,1792355,43627840.00
2018/12/04,24.63,25.89,24.63,25.68,2793161,69959864.00
2018/12/05,24.96,25.25,24.80,25.20,1756859,43308192.00
2018/12/06,25.10,25.20,24.29,24.40,1305303,31752088.00
2018/12/07,24.62,24.70,24.20,24.30,721852,17337698.00
2018/12/10,24.19,24.28,23.50,23.67,944600,22164858.00
2018/12/11,23.79,24.09,23.67,24.05,798810,18770364.00
2018/12/12,24.05,24.48,23.90,24.34,938500,22349980.00
2018/12/13,24.36,24.63,24.02,24.44,1041343,25016704.00
2018/12/14,24.44,24.58,23.72,23.75,1005600,23909190.00
2018/12/17,23.42,24.14,23.41,24.00,611800,14331348.00
2018/12/18,23.90,24.29,23.67,24.25,880802,20820258.00
2018/12/19,24.29,24.36,23.58,23.79,816597,19237954.00
2018/12/20,23.60,24.07,23.60,23.97,677900,15907283.00
2018/12/21,23.99,24.24,23.76,24.23,851107,20086236.00
2018/12/24,24.22,25.38,24.06,25.17,2458806,60047888.00
2018/12/25,24.56,25.00,23.90,24.75,1848894,44526296.00
2018/12/26,24.74,25.02,24.30,24.46,1556707,37647324.00
2018/12/27,24.71,24.90,23.15,23.15,2022555,47611272.00
2018/12/28,23.14,23.29,21.71,21.83,2050300,45047168.00
2019/01/02,21.85,22.04,21.46,21.96,931900,19967942.00
2019/01/03,21.92,22.28,21.65,21.80,870000,18758726.00
2019/01/04,21.40,22.12,21.11,22.03,1243801,26522088.00
2019/01/07,22.19,22.95,21.92,22.55,1460600,32238706.00
2019/01/08,22.40,22.60,22.27,22.41,1041900,22999104.00
2019/01/09,22.64,22.76,22.34,22.38,1127900,24997454.00
2019/01/10,22.38,22.60,22.00,22.01,868545,18999670.00
2019/01/11,22.01,22.49,21.95,22.48,1109510,24235512.00
2019/01/14,22.49,22.63,21.96,22.08,947106,20611472.00
2019/01/15,22.08,22.29,21.70,22.20,907306,19653368.00
2019/01/16,22.20,22.60,22.05,22.25,1054577,23045072.00
2019/01/17,22.24,22.26,21.80,21.87,958912,20655624.00
2019/01/18,21.66,22.09,21.66,21.90,759400,16351711.00
2019/01/21,22.00,22.20,21.96,22.15,835887,18143028.00
2019/01/22,22.28,22.90,21.96,22.22,1773342,39131364.00
2019/01/23,22.20,22.20,21.80,22.05,975812,21072552.00
2019/01/24,22.06,22.49,21.87,22.07,1094800,23834100.00
2019/01/25,21.98,22.12,21.52,21.57,1298300,27787710.00
2019/01/28,21.88,21.88,21.41,21.53,968209,20530312.00
2019/01/29,21.58,21.73,19.42,20.15,1397800,27881676.00
2019/01/30,19.90,20.65,19.70,19.74,829600,16379311.00
2019/01/31,19.74,20.06,18.68,18.95,1343148,25234892.00
2019/02/01,19.05,19.58,19.02,19.53,905479,17230032.00
2019/02/11,19.89,20.37,19.79,20.26,1058977,20898468.00
2019/02/12,20.40,20.58,20.20,20.34,1143495,22908524.00
2019/02/13,20.55,22.33,20.47,22.33,3443670,72817184.00
2019/02/14,22.31,22.31,21.60,22.00,3203678,68722576.00
2019/02/15,21.99,22.00,21.70,21.95,1951851,41808088.00
2019/02/18,22.03,23.27,21.95,22.95,4270949,95045632.00
2019/02/19,22.72,22.84,22.11,22.45,2677793,59197752.00
2019/02/20,22.49,22.74,22.14,22.65,1890957,41652104.00
2019/02/21,22.89,24.24,22.87,23.20,4582838,105593928.00
2019/02/22,23.20,23.62,22.43,23.47,2681373,60880268.00
2019/02/25,23.47,24.41,23.38,24.33,4160617,98015072.00
2019/02/26,24.05,25.31,23.90,24.81,4547673,110485928.00
2019/02/27,24.94,25.24,24.20,24.56,3129237,76084632.00
2019/02/28,24.41,24.91,24.22,24.56,1583613,38178776.00
2019/03/01,24.53,24.76,23.96,24.17,1347500,32103760.00
2019/03/04,24.49,24.67,24.11,24.29,2398168,57557580.00
2019/03/05,24.18,24.89,24.13,24.76,2315207,56014264.00
2019/03/06,25.05,25.15,24.61,25.02,3129613,76584304.00
2019/03/07,25.02,26.18,24.75,26.00,5076782,127300392.00
2019/03/08,25.32,27.28,24.93,25.91,5221851,133988256.00
2019/03/11,25.52,26.98,25.52,26.98,4711121,122286080.00
2019/03/12,27.00,27.17,26.18,26.72,4418381,116131208.00
2019/03/13,26.66,26.70,25.39,25.50,2580354,65976680.00
2019/03/14,25.53,25.66,24.01,24.33,2169099,52476608.00
2019/03/15,24.17,24.64,23.92,24.09,1806200,43155696.00
2019/03/18,24.17,24.61,24.10,24.60,1440306,34518520.00
2019/03/19,24.58,25.27,24.51,25.17,2318197,56934008.00
2019/03/20,25.41,27.09,25.00,26.85,5527099,142968320.00
2019/03/21,26.41,27.24,26.40,26.50,4028300,106159304.00
2019/03/22,26.54,27.10,26.28,26.61,2826697,74484680.00
2019/03/25,26.24,26.57,25.90,26.01,1740289,44948036.00
2019/03/26,25.99,26.40,25.12,25.18,1592463,40449360.00
2019/03/27,25.48,26.70,24.90,26.70,2714489,69640304.00
2019/03/28,27.20,28.86,26.75,28.14,6325586,173663312.00
2019/03/29,27.85,28.89,26.81,28.37,4580807,124754336.00
2019/04/01,28.37,30.88,28.00,30.10,6036970,172723200.00
2019/04/02,29.70,31.60,29.21,30.29,5284921,155962576.00
2019/04/03,29.58,30.77,29.02,29.87,4977946,146624560.00
2019/04/04,30.65,32.39,30.29,30.64,7159639,221340400.00
2019/04/08,31.60,32.06,29.55,29.72,5306439,160721024.00
2019/04/09,29.00,29.09,27.20,28.22,3773903,104748384.00
2019/04/10,28.00,28.70,27.28,28.31,2490403,68839360.00
2019/04/11,28.19,28.55,27.28,27.28,2085000,57232732.00
2019/04/12,27.51,27.92,27.28,27.58,1477300,40174504.00
2019/04/15,27.90,29.01,27.72,28.54,2950817,82379952.00
2019/04/16,28.23,29.25,28.21,29.22,2707916,76668216.00
2019/04/17,29.09,30.17,28.79,29.54,3531325,103079360.00
2019/04/18,29.50,29.50,28.20,28.20,2490308,70666264.00
2019/04/19,27.93,28.65,27.93,28.25,1400786,39066892.00
2019/04/22,28.70,28.70,27.41,27.44,1573910,43157584.00
2019/04/23,27.40,27.63,25.20,26.26,1899600,49600560.00
2019/04/24,26.13,26.80,26.13,26.47,961076,25097470.00
2019/04/25,26.40,26.69,25.21,25.30,1539237,39136896.00
2019/04/26,24.97,25.58,24.92,25.12,858200,21329996.00
2019/04/29,25.12,25.57,23.27,23.40,1506245,35710352.00
2019/04/30,23.47,24.07,22.73,23.88,877837,20543974.00
2019/05/06,23.42,23.42,21.95,22.53,1534537,34332816.00
2019/05/07,22.98,23.59,22.69,23.33,1165100,26507280.00
2019/05/08,22.90,23.67,22.52,23.25,808745,18494070.00
2019/05/09,23.20,23.55,23.10,23.49,890800,20462772.00
2019/05/10,23.50,25.58,23.49,24.85,2290345,55214944.00
2019/05/13,24.41,24.79,24.21,24.40,1248200,30119880.00
2019/05/14,26.80,26.80,26.80,26.80,914507,24142984.00
2019/05/15,29.42,29.42,27.78,29.42,9615406,272698368.00
2019/05/16,29.60,30.25,28.22,28.25,10263746,294235424.00
2019/05/17,27.36,27.62,25.49,26.36,7368296,189594016.00
2019/05/20,25.59,25.60,23.79,23.99,4505985,106850472.00
2019/05/21,23.50,24.30,23.11,24.02,3084372,71815176.00
2019/05/22,23.83,24.02,23.32,23.40,2373061,54541832.00
2019/05/23,23.09,23.09,22.43,22.48,2258400,49862192.00
2019/05/24,22.50,22.83,22.07,22.74,1655800,36216764.00
2019/05/27,22.70,23.69,22.60,23.38,2004456,45306336.00
2019/05/28,23.35,23.78,23.06,23.10,1553245,35470528.00
2019/05/29,23.14,23.80,22.90,23.74,1704111,38930700.00
2019/05/30,24.00,25.85,23.67,25.40,5102813,122943240.00
2019/05/31,24.80,25.60,24.40,25.09,3393045,82605368.00
2019/06/03,24.45,24.85,23.01,23.15,3096600,71524336.00
2019/06/04,23.35,23.63,22.62,23.60,1661861,37464972.00
2019/06/05,23.86,23.95,23.10,23.16,1135200,25895432.00
2019/06/06,23.16,23.16,20.96,21.86,1417100,30559424.00
2019/06/10,21.90,22.17,21.38,21.83,1325745,28084396.00
2019/06/11,21.78,22.60,21.61,22.58,1461145,31710188.00
2019/06/12,22.61,23.15,22.41,22.60,1512390,33647160.00
2019/06/13,22.54,24.05,22.42,23.75,3432583,78859224.00
2019/06/14,23.67,24.01,23.21,23.30,1897341,43470188.00
2019/06/17,23.20,23.20,22.60,22.87,1182300,26326360.00
2019/06/18,22.86,23.10,22.66,22.93,687249,15309426.00
2019/06/19,23.23,23.55,23.10,23.18,973407,22067936.00
2019/06/20,23.18,23.37,22.79,23.28,1237435,27872552.00
2019/06/21,23.28,23.75,23.13,23.45,2036249,46553468.00
2019/06/24,23.44,23.44,23.03,23.10,911300,20569590.00
2019/06/25,23.05,23.05,22.18,22.48,1298806,28386420.00
2019/06/26,22.19,22.94,22.19,22.79,822200,18250488.00
2019/06/27,22.76,24.18,22.69,23.85,2847409,65260136.00
2019/06/28,23.51,23.59,22.69,22.90,1649935,37085608.00
2019/07/01,23.22,23.58,23.12,23.50,1754935,40001780.00
2019/07/02,23.46,23.51,23.01,23.15,1285500,29122212.00
2019/07/03,23.10,23.15,22.67,22.82,1123249,24911880.00
2019/07/04,22.82,23.00,22.55,22.62,814700,18023732.00
2019/07/05,22.78,22.91,22.62,22.84,564800,12546848.00
2019/07/08,22.79,22.79,22.05,22.09,1082606,23447614.00
2019/07/09,22.09,22.45,21.56,22.35,1022500,21830416.00
2019/07/10,22.42,22.97,22.27,22.59,1052400,23261224.00
2019/07/11,22.51,22.87,22.23,22.30,857200,18826666.00
2019/07/12,22.27,23.45,22.06,23.04,2033500,45400056.00
2019/07/15,22.56,22.69,21.89,22.58,1242600,27018918.00
2019/07/16,22.50,23.79,22.37,23.25,2560706,57946724.00
2019/07/17,23.28,24.57,23.15,24.15,4490771,104865088.00
2019/07/18,23.74,23.88,23.18,23.21,2392817,54740128.00
2019/07/19,22.90,23.85,22.80,23.33,1489141,33963664.00
2019/07/22,23.10,23.59,22.27,22.40,1276100,27987580.00
2019/07/23,22.40,22.87,22.20,22.78,964800,21198872.00
2019/07/24,22.80,23.35,22.71,23.32,1416418,31929796.00
2019/07/25,23.10,24.40,23.10,23.81,2984200,69696408.00
2019/07/26,23.72,23.96,23.28,23.47,1921100,44010808.00
2019/07/29,23.56,23.98,23.44,23.66,1182400,27204676.00
2019/07/30,23.55,24.10,23.54,23.97,2097300,48865024.00
2019/07/31,23.80,24.00,23.41,23.91,1422910,32947936.00
2019/08/01,23.79,25.10,23.62,24.60,3360317,79660416.00
2019/08/02,24.15,25.98,23.84,25.64,5972821,146171376.00
2019/08/05,25.25,26.16,24.81,25.50,5343770,133034752.00
2019/08/06,24.70,25.06,23.56,24.84,3622129,86605760.00
2019/08/07,24.84,25.99,24.63,25.40,4936604,122667752.00
2019/08/08,25.40,25.67,24.73,25.47,3140528,77222408.00
2019/08/09,25.58,26.08,24.26,24.29,3139800,77179360.00
2019/08/12,24.10,24.85,23.46,24.72,2308336,54276800.00
2019/08/13,24.40,24.58,23.63,24.30,1808112,42552760.00
2019/08/14,24.49,24.82,24.10,24.55,2019200,48228584.00
2019/08/15,23.80,24.58,23.68,24.25,1398400,32890314.00
2019/08/16,24.25,25.40,24.15,25.17,3289529,80094400.00
2019/08/19,25.10,25.92,24.91,25.80,3940921,98580536.00
2019/08/20,25.60,26.44,25.40,26.05,3933400,99487712.00
2019/08/21,25.79,26.24,25.40,25.85,2580607,64965384.00
2019/08/22,26.10,26.14,25.40,25.71,1865314,46743032.00
2019/08/23,25.60,25.71,25.10,25.12,1814300,44894396.00
2019/08/26,24.48,25.54,24.38,24.91,1432876,35121560.00
2019/08/27,24.91,25.39,24.91,25.12,1293514,31796388.00
2019/08/28,24.85,25.75,24.70,25.62,1946825,48240996.00
2019/08/29,25.62,26.08,25.00,25.10,2162056,53949056.00
2019/08/30,25.14,25.33,24.12,24.31,2092100,50404644.00
2019/09/02,24.22,24.90,24.10,24.77,1115149,26718836.00
2019/09/03,24.72,25.00,24.33,24.79,1178300,28389340.00
2019/09/04,24.51,25.77,24.51,25.54,2805200,69480056.00
2019/09/05,25.68,25.90,25.31,25.78,2934935,73393984.00
2019/09/06,25.87,26.15,25.51,25.83,1988900,50029308.00
2019/09/09,26.06,26.68,25.88,26.44,3379061,87145720.00
2019/09/10,26.30,26.60,25.81,26.05,2304107,58950268.00
2019/09/11,26.32,26.36,25.81,25.90,1610400,41032892.00
2019/09/12,25.89,26.19,25.76,25.82,1241300,31452508.00
2019/09/16,26.09,26.80,25.85,26.65,3358500,86921120.00
2019/09/17,26.69,27.93,26.38,27.30,5102289,135712608.00
2019/09/18,26.93,28.10,26.61,27.90,5450884,146580768.00
2019/09/19,27.72,28.25,27.40,27.79,4157677,112705112.00
2019/09/20,27.59,27.85,27.13,27.22,2601607,69679600.00
2019/09/23,26.78,27.20,26.40,26.71,1840200,47862096.00
2019/09/24,26.97,26.97,26.20,26.35,1816991,46950736.00
2019/09/25,26.34,26.69,26.10,26.34,1484033,38288952.00
2019/09/26,26.47,26.55,24.81,24.81,2295656,57118704.00
2019/09/27,24.58,25.38,24.58,25.03,1289584,31511060.00
2019/09/30,24.91,25.20,23.60,24.20,1033900,24792728.00
2019/10/08,24.27,24.75,24.18,24.35,659645,15718303.00
2019/10/09,24.40,24.77,23.84,24.74,647600,15515062.00
2019/10/10,24.66,24.94,24.55,24.83,708700,17120360.00
2019/10/11,24.98,24.98,24.50,24.61,738800,17755836.00
2019/10/14,24.67,25.19,24.67,24.89,858800,20912796.00
2019/10/15,24.99,24.99,23.93,24.16,1245549,29509348.00
2019/10/16,24.18,24.40,23.86,23.89,916700,21453204.00
2019/10/17,24.10,24.13,23.72,23.76,610890,14197618.00
2019/10/18,23.78,25.79,23.78,24.81,2379800,57515228.00
2019/10/21,24.49,24.60,24.10,24.40,1400500,33180364.00
2019/10/22,24.46,25.74,24.38,25.55,2807539,69101456.00
2019/10/23,25.75,26.15,25.32,25.82,2438261,61510132.00
2019/10/24,25.64,26.39,25.45,26.00,2206761,56057848.00
2019/10/25,26.18,26.20,25.67,25.94,1080207,27348610.00
2019/10/28,25.89,26.50,25.73,26.21,1412272,36095744.00
2019/10/29,26.20,26.45,25.88,26.00,1072500,27473628.00
2019/10/30,26.40,26.78,25.79,26.28,1300100,33474308.00
2019/10/31,26.40,26.66,25.60,26.09,1766200,45136408.00
2019/11/01,26.39,26.39,25.28,25.41,1266300,31510972.00
2019/11/04,25.20,25.64,24.90,25.12,1013800,24970968.00
2019/11/05,25.11,25.30,24.66,24.78,828700,20143316.00
2019/11/06,24.78,25.09,24.62,24.78,564478,13694524.00
2019/11/07,24.79,25.48,24.65,25.20,925242,22758452.00
2019/11/08,25.21,25.51,24.96,25.01,548900,13521963.00
2019/11/11,25.01,25.01,24.30,24.58,659839,15792233.00
2019/11/12,24.10,25.48,24.10,25.37,894030,21869640.00
2019/11/13,25.37,25.76,25.25,25.73,913668,22866516.00
2019/11/14,25.73,26.04,25.40,25.52,853568,21370428.00
2019/11/15,25.68,25.68,24.63,24.69,711259,17434074.00
2019/11/18,24.74,25.18,24.29,24.94,565700,13736902.00
2019/11/19,24.78,25.71,24.78,25.50,964546,23822622.00
2019/11/20,25.69,25.98,25.21,25.63,703824,17535694.00
2019/11/21,25.59,25.59,24.84,24.89,730842,17925044.00
2019/11/22,24.62,25.52,24.62,25.13,726445,17796236.00
2019/11/25,25.13,25.19,24.25,24.33,768500,18409548.00
2019/11/26,24.30,24.60,24.27,24.37,380700,9060314.00
2019/11/27,24.59,24.59,23.62,23.89,772084,17976944.00
2019/11/28,24.02,24.02,23.69,23.70,401300,9308622.00
2019/11/29,23.70,23.70,23.31,23.53,440802,10061451.00
2019/12/02,23.53,23.69,23.48,23.57,287800,6617318.00
2019/12/03,23.40,23.80,23.13,23.71,348700,7962445.00
2019/12/04,23.58,23.72,23.31,23.59,317700,7291680.00
2019/12/05,23.48,24.18,23.48,24.15,593179,13882242.00
2019/12/06,24.15,24.38,23.96,24.27,341300,8052733.00
2019/12/09,24.27,24.78,24.10,24.51,525300,12568367.00
2019/12/10,24.70,24.93,24.54,24.67,941379,22767470.00
2019/12/11,25.45,26.70,25.26,26.31,3422316,87273776.00
2019/12/12,26.00,28.00,25.63,26.95,4127016,107464080.00
2019/12/13,27.12,27.68,26.68,26.78,3949585,104528544.00
2019/12/16,27.00,29.40,26.86,29.40,8570504,240867536.00
2019/12/17,29.46,30.84,28.90,29.67,7278747,211448208.00
2019/12/18,29.80,32.14,29.80,30.96,8259395,250940000.00
2019/12/19,31.00,32.60,30.63,31.98,6293308,196202208.00
2019/12/20,31.48,35.12,31.25,35.12,12238411,410902624.00
2019/12/23,34.10,34.20,31.67,31.67,8437866,267106784.00
2019/12/24,31.60,31.81,30.20,31.52,4797616,146029728.00
2019/12/25,31.05,33.68,31.00,32.51,5641076,179931872.00
2019/12/26,32.28,33.02,31.72,32.56,2398212,76533232.00
2019/12/27,32.28,33.98,32.18,32.59,4163724,134816384.00
2019/12/30,33.10,33.46,30.60,31.41,3914276,121962056.00
2019/12/31,32.15,33.12,31.60,32.00,4684803,148818224.00
2020/01/02,32.03,33.82,31.72,33.70,5075911,164089728.00
2020/01/03,33.71,34.00,32.48,32.85,4119685,133337872.00
2020/01/06,31.96,33.06,31.59,32.70,3062633,97284584.00
2020/01/07,32.71,35.48,32.70,34.70,5235097,176980720.00
2020/01/08,34.70,34.71,32.97,33.28,3118000,103743416.00
2020/01/09,33.71,36.51,33.71,35.82,5759749,199497968.00
2020/01/10,36.40,39.33,34.80,38.67,4840124,177079104.00
2020/01/13,38.05,39.29,37.61,38.50,3328123,125601960.00
2020/01/14,38.50,38.99,36.90,37.19,2697676,99765248.00
2020/01/15,37.18,37.19,35.60,36.63,1731253,62198460.00
2020/01/16,36.32,37.28,35.80,37.06,2152200,77573392.00
2020/01/17,37.10,37.36,36.30,36.38,1308700,47227360.00
2020/01/20,35.10,36.90,35.10,36.05,1915600,68289400.00
2020/01/21,35.77,36.58,35.25,35.28,1300000,45598016.00
2020/01/22,35.31,37.20,34.30,36.60,1992676,71266808.00
2020/01/23,36.10,37.50,34.30,34.80,1891455,66176804.00
2020/02/03,31.39,31.68,31.38,31.38,2026700,62401296.00
2020/02/04,30.18,33.50,30.18,33.40,2844148,90248208.00
2020/02/05,32.94,34.48,32.10,32.65,2358454,76840528.00
2020/02/06,32.20,35.86,32.17,35.86,3554064,120627240.00
2020/02/07,36.39,36.39,34.30,34.85,2361894,80920560.00
2020/02/10,34.81,35.00,33.66,34.19,1709505,57395312.00
2020/02/11,34.20,34.60,33.13,34.31,1525336,50756992.00
2020/02/12,34.29,35.33,33.70,34.88,2789571,94952680.00
2020/02/13,35.06,35.89,33.70,35.36,3306718,113640472.00
2020/02/14,35.20,35.25,34.20,34.46,2375296,80779536.00
2020/02/17,34.46,36.08,34.00,35.92,2720164,93786856.00
2020/02/18,35.79,37.58,35.30,37.29,4069056,146034464.00
2020/02/19,36.64,39.60,36.40,38.63,3763516,139669936.00
2020/02/20,38.60,39.34,37.61,38.59,2986438,113337072.00
2020/02/21,38.59,39.19,38.06,38.68,2253688,85479496.00
2020/02/24,38.74,39.51,38.31,38.92,2794504,107360576.00
2020/02/25,37.78,40.58,35.86,40.30,4072950,154693232.00
2020/02/26,40.12,44.27,39.60,43.60,6759060,289999200.00
2020/02/27,43.62,44.40,39.30,39.90,5332308,214411008.00
2020/02/28,37.80,38.40,35.97,35.97,4399040,157374320.00
2020/03/02,35.98,37.14,35.20,36.38,2639152,93754416.00
2020/03/03,36.60,38.05,36.40,36.51,2079252,76218352.00
2020/03/04,36.04,36.79,35.38,36.36,1415804,50351552.00
2020/03/05,36.42,36.92,36.19,36.63,1424120,51153032.00
2020/03/06,36.51,37.30,36.01,36.99,1355900,49132388.00
2020/03/09,36.47,36.88,34.15,34.15,1619008,56457652.00
2020/03/10,33.90,35.26,32.82,35.09,1376761,46457856.00
2020/03/11,36.04,36.04,33.15,33.59,2559600,85966896.00
2020/03/12,33.40,33.40,31.00,31.15,3196972,99439448.00
2020/03/13,29.77,31.08,28.90,29.83,4758383,138911312.00
2020/03/16,30.60,31.09,27.19,27.52,3110148,87863376.00
2020/03/17,28.37,28.84,26.91,28.05,2371531,65260584.00
2020/03/18,26.98,29.75,26.98,28.12,2927585,83059480.00
2020/03/19,27.85,28.79,27.80,28.65,2057783,57071056.00
2020/03/20,29.08,29.48,28.15,28.44,1531099,42786996.00
2020/03/23,28.14,28.33,26.93,27.04,1399599,37796468.00
2020/03/24,27.60,27.90,26.42,27.90,1242499,33259156.00
2020/03/25,28.43,28.60,28.00,28.30,1621548,44968416.00
2020/03/26,28.50,28.50,27.37,27.85,1028500,27972996.00
2020/03/27,27.88,28.45,27.73,28.02,1426854,39086412.00
2020/03/30,27.50,28.01,25.59,26.84,2357700,61362688.00
2020/03/31,27.28,28.90,27.28,27.92,2865650,78997624.00
2020/04/01,27.19,28.26,26.98,27.46,2066800,55855072.00
2020/04/02,27.23,28.15,26.77,28.15,1831750,49288200.00
2020/04/03,28.13,28.60,27.65,28.20,1983950,54535548.00
2020/04/07,28.55,29.47,28.31,29.25,4550252,129131624.00
2020/04/08,29.03,29.04,28.64,28.94,1673882,47277712.00
2020/04/09,28.94,29.57,28.68,28.83,2005582,56945916.00
2020/04/10,28.78,28.97,27.75,28.08,2106247,58012712.00
2020/04/13,28.02,28.02,26.97,27.07,1349245,35872088.00
2020/04/14,27.45,28.58,26.80,28.52,1876500,51245200.00
2020/04/15,28.51,29.06,28.15,28.24,1655000,46301404.00
2020/04/16,28.69,28.71,27.60,28.10,1453600,39906752.00
2020/04/17,28.19,28.57,28.04,28.04,1460200,40382700.00
2020/04/20,28.04,28.62,27.97,28.62,1258300,35005192.00
2020/04/21,28.30,28.46,27.87,28.43,832200,22956412.00
2020/04/22,28.40,28.40,27.80,28.16,1320400,36205288.00
2020/04/23,28.19,29.15,28.01,28.92,2131400,59783964.00
2020/04/24,28.93,29.68,28.06,29.16,2391554,67329712.00
2020/04/27,29.17,29.42,27.28,27.59,3271000,89302896.00
2020/04/28,27.42,27.68,25.63,26.20,2147452,55620888.00
2020/04/29,26.01,26.48,25.81,25.89,1035700,26490450.00
2020/04/30,26.18,26.93,26.18,26.63,1363348,35453236.00
2020/05/06,26.34,27.77,26.29,27.67,1607684,42821124.00
2020/05/07,28.18,28.35,27.41,27.71,1232452,33428958.00
2020/05/08,28.30,28.30,27.77,27.80,1235445,33808384.00
2020/05/11,28.10,28.97,27.80,28.29,1740050,48215656.00
2020/05/12,28.00,28.47,27.61,28.00,1003600,27457872.00
2020/05/13,28.20,29.29,27.92,28.96,1767200,49522704.00
2020/05/14,28.68,29.55,28.68,28.80,1726502,49020224.00
2020/05/15,28.85,29.28,28.61,28.63,1262000,35701436.00
2020/05/18,29.18,29.18,28.05,28.40,1400900,38897840.00
2020/05/19,28.50,28.93,28.40,28.89,1507002,42362744.00
2020/05/20,28.93,31.72,28.80,31.72,2536900,76618304.00
2020/05/21,33.48,34.05,30.20,30.82,6747626,212946960.00
2020/05/22,30.40,31.40,29.21,29.45,3562303,104762352.00
2020/05/25,28.80,29.05,28.25,28.25,2424300,67850768.00
2020/05/26,28.50,28.86,27.82,28.79,1979550,55224296.00
2020/05/27,28.60,29.21,28.48,29.06,2457926,69492312.00
2020/05/28,28.79,29.32,28.04,28.28,1862003,51885624.00
2020/05/29,28.21,28.55,28.00,28.31,1243653,34402856.00
2020/06/01,28.45,29.09,28.33,29.03,1638900,46371636.00
2020/06/02,29.12,31.07,28.76,30.18,3421452,99964816.00
2020/06/03,29.95,30.55,29.60,30.04,2292200,67825344.00
2020/06/04,30.20,30.60,29.80,30.23,1867200,54609956.00
2020/06/05,30.69,30.69,29.96,30.15,1465700,43058640.00
2020/06/08,30.30,32.29,30.25,31.66,3197352,97150416.00
2020/06/09,31.40,32.30,30.95,31.56,2320400,70865600.00
2020/06/10,31.90,34.63,31.90,33.22,5469845,179415936.00
2020/06/11,33.50,34.87,32.90,34.17,4284571,142326416.00
2020/06/12,33.00,34.45,32.93,33.39,3593584,117448520.00
2020/06/15,33.11,33.11,31.60,31.82,3571662,111315256.00
2020/06/16,32.02,32.41,31.63,32.11,1970350,61371868.00
2020/06/17,32.11,32.28,31.46,31.82,1573407,48576544.00
2020/06/18,31.82,31.82,31.20,31.33,1468800,44884696.00
2020/06/19,31.33,32.84,31.33,31.96,1839415,57174744.00
2020/06/22,31.80,32.57,31.65,32.36,1811628,56568944.00
2020/06/23,32.36,32.36,31.70,31.96,1040235,32237028.00
2020/06/24,31.95,32.15,31.56,32.06,1148059,35558264.00
2020/06/29,32.01,32.28,31.09,31.10,1290600,39540720.00
2020/06/30,31.50,33.20,31.10,32.65,2414000,76242784.00
2020/07/01,32.66,32.97,32.20,32.75,1599308,50756656.00
2020/07/02,32.80,32.95,32.26,32.55,1585562,50126068.00
2020/07/03,32.53,32.65,32.11,32.34,1602800,50314204.00
2020/07/06,32.35,33.76,32.35,33.59,2653007,85616224.00
2020/07/07,33.73,34.75,33.25,34.34,3154254,104610992.00
2020/07/08,34.30,34.58,33.59,34.32,2691407,89501008.00
2020/07/09,34.19,36.19,34.09,35.16,2992253,102507424.00
2020/07/10,35.50,35.50,34.31,34.35,2443400,82649920.00
2020/07/13,34.70,35.40,34.20,34.92,2940500,100099520.00
2020/07/14,34.75,38.02,34.75,37.75,5973695,211231632.00
2020/07/15,40.30,40.42,35.71,35.81,6500572,240330720.00
2020/07/16,35.11,35.80,33.11,33.41,3608600,120754872.00
2020/07/17,33.51,34.09,32.40,32.88,2349700,76350088.00
2020/07/20,35.20,36.08,34.26,36.08,2144550,73963456.00
2020/07/21,37.40,38.58,36.11,37.70,5571021,203886320.00
2020/07/22,38.09,40.25,37.84,38.99,6565879,253344768.00
2020/07/23,40.40,42.80,40.32,42.80,11302572,466491808.00
2020/07/24,44.90,46.88,41.41,41.87,14698073,642998720.00
2020/07/27,43.79,45.97,43.79,45.97,10740976,478161600.00
2020/07/28,47.17,48.90,43.06,44.95,11036384,492000512.00
2020/07/29,43.40,48.78,42.45,46.38,9471154,423320768.00
2020/07/30,46.64,50.38,46.64,48.10,10046405,481060256.00
2020/07/31,46.99,52.82,45.95,52.82,10245098,495004544.00
2020/08/03,55.90,58.01,54.28,58.01,7361670,410336256.00
2020/08/04,60.50,60.50,52.30,52.30,12805736,706453312.00
2020/08/05,48.57,51.48,47.18,49.54,8648460,417911776.00
2020/08/06,48.83,51.90,48.73,50.41,6614798,326632736.00
2020/08/07,49.04,49.80,47.31,48.83,5860800,279455424.00
2020/08/10,48.00,48.46,45.98,47.08,4725589,217332656.00
2020/08/11,47.01,47.65,44.70,44.85,4084505,184248624.00
2020/08/12,44.76,45.49,41.62,42.92,4393411,186637440.00
2020/08/13,43.85,44.18,42.70,43.20,2195700,93382144.00
2020/08/14,43.58,43.60,41.95,42.99,2379800,99437496.00
2020/08/17,43.18,43.90,42.12,43.71,3582200,151487440.00
2020/08/18,43.81,43.81,42.40,42.85,2770900,116404056.00
2020/08/19,42.90,43.08,41.06,41.10,3015852,123146024.00
2020/08/20,40.91,41.49,40.12,41.44,2212277,88721920.00
2020/08/21,41.05,41.64,40.58,41.09,1825600,73423312.00
2020/08/24,41.33,41.83,40.34,41.37,1746477,70292280.00
2020/08/25,41.68,41.68,40.24,40.61,1658128,66151776.00
2020/08/26,40.50,40.93,39.01,39.32,2105617,81944584.00
2020/08/27,39.46,40.20,39.28,40.02,1154400,44864020.00
2020/08/28,39.97,40.54,39.50,40.48,1165345,45748880.00
2020/08/31,40.70,41.30,40.05,40.05,1632700,64820120.00
2020/09/01,39.90,40.33,39.28,40.00,1030100,40063080.00
2020/09/02,40.00,40.50,39.30,39.44,1366200,53062976.00
2020/09/03,39.67,40.29,38.45,38.85,1938154,74031784.00
2020/09/04,38.21,38.69,37.98,38.57,1173514,43793792.00
2020/09/07,38.41,39.23,37.61,37.61,1350900,50710816.00
2020/09/08,37.61,37.88,36.22,37.11,1775100,63892244.00
2020/09/09,36.97,37.10,34.23,35.87,1747800,61900848.00
2020/09/10,36.10,36.40,34.47,34.59,1444700,49541252.00
2020/09/11,34.60,35.37,34.35,35.00,1145800,39042660.00
2020/09/14,35.58,36.14,35.15,35.48,1606600,55689088.00
2020/09/15,36.27,36.27,34.70,35.78,1570729,54145616.00
2020/09/16,35.89,36.38,34.80,35.35,1471300,50889712.00
2020/09/17,35.60,36.23,35.20,35.69,2145400,74821704.00
2020/09/18,35.90,36.16,34.67,36.16,1959300,67613944.00
2020/09/21,36.18,36.58,35.85,36.00,1731900,61148936.00
2020/09/22,35.88,36.50,35.14,35.30,1477700,51656532.00
2020/09/23,35.64,37.56,35.07,36.45,2870605,102109200.00
2020/09/24,36.37,36.40,35.10,35.25,1783317,61875668.00
2020/09/25,35.58,36.40,35.01,35.37,2099889,73103792.00
2020/09/28,35.02,35.15,33.13,33.38,2335100,76471152.00
2020/09/29,33.61,35.75,33.06,34.60,2512189,84390688.00
2020/09/30,34.99,35.12,33.80,34.13,1392479,46355220.00
2020/10/09,34.80,35.60,34.50,35.47,1594300,54772140.00
2020/10/12,35.61,36.58,35.29,36.30,2195000,77266192.00
2020/10/13,36.52,37.70,35.75,36.90,2762400,99029872.00
2020/10/14,36.68,36.68,35.89,35.90,1564700,55111552.00
2020/10/15,36.36,36.38,35.43,35.53,1671454,58390456.00
2020/10/16,35.78,35.78,34.80,35.19,1368029,46928788.00
2020/10/19,35.60,35.60,34.74,34.83,1082400,37003024.00
2020/10/20,34.90,35.01,33.99,34.97,1679300,56341544.00
2020/10/21,35.07,35.60,33.70,33.70,2273700,76240408.00
2020/10/22,33.00,33.86,32.22,33.30,1394150,44987596.00
2020/10/23,33.34,35.82,32.93,33.78,2980200,100644848.00
2020/10/26,32.75,36.00,32.75,35.92,3005650,102330056.00
2020/10/27,35.55,35.78,32.96,33.85,3446621,114385368.00
2020/10/28,33.40,33.85,32.91,33.47,1304654,42279864.00
2020/10/29,33.42,33.45,32.71,32.88,1313180,42100852.00
2020/10/30,32.40,32.66,31.01,31.09,2411600,74028240.00
2020/11/02,30.68,30.99,30.27,30.41,1261400,37356860.00
2020/11/03,30.93,32.49,30.57,32.18,1955900,60168768.00
2020/11/04,32.40,33.70,32.02,32.67,2928054,93905184.00
2020/11/05,33.10,33.83,31.40,33.50,2445200,79067784.00
2020/11/06,33.68,33.68,32.76,33.20,1335489,43015208.00
2020/11/09,33.19,34.66,33.06,34.33,2310700,76607112.00
2020/11/10,34.73,36.33,33.90,35.35,3578400,123278600.00
2020/11/11,36.50,37.00,34.90,35.36,3968700,138646608.00
2020/11/12,34.77,35.08,34.06,34.90,2188100,73798912.00
2020/11/13,34.90,36.34,34.79,35.33,2639700,91597952.00
2020/11/16,34.80,35.66,34.80,35.38,1964312,67518176.00
2020/11/17,35.37,35.64,34.40,34.72,1549157,52570128.00
2020/11/18,35.26,36.80,35.12,36.77,4072654,143476320.00
2020/11/19,36.90,36.90,34.70,35.31,4084648,141630208.00
2020/11/20,34.90,35.37,34.28,35.10,2530700,85518584.00
2020/11/23,35.11,35.17,34.10,34.20,2990800,100498672.00
2020/11/24,33.10,33.36,32.36,33.10,2825300,90601456.00
2020/11/25,33.15,33.26,32.52,32.88,1752300,55893352.00
2020/11/26,32.79,32.79,31.79,32.20,1344400,42008052.00
2020/11/27,31.94,32.40,31.56,32.38,1184700,36746676.00
2020/11/30,32.39,33.11,32.20,32.65,1174800,37290704.00
2020/12/01,32.65,33.40,32.10,33.15,1130000,36177840.00
2020/12/02,33.10,33.36,32.61,32.72,1019600,32586308.00
2020/12/03,32.61,33.15,32.26,32.90,827900,26320210.00
2020/12/04,32.85,33.40,32.39,33.10,1413200,45296292.00
2020/12/07,32.95,33.00,32.42,32.59,960309,30484144.00
2020/12/08,32.44,32.93,32.33,32.93,1051200,33359414.00
2020/12/09,32.90,33.05,32.41,32.46,868419,27485120.00
2020/12/10,32.47,32.75,32.12,32.55,645945,20322916.00
2020/12/11,32.51,32.53,31.53,31.80,888300,27554946.00
2020/12/14,32.08,32.11,31.42,31.50,674100,20742570.00
2020/12/15,31.51,31.54,30.48,30.55,1517500,45360240.00
2020/12/16,30.59,31.20,30.29,30.37,736400,21855328.00
2020/12/17,30.14,30.45,29.25,30.35,1281900,37003352.00
2020/12/18,30.30,30.50,29.72,29.81,777200,22699572.00
2020/12/21,29.82,30.95,29.40,30.65,1335500,39129984.00
2020/12/22,30.50,30.52,29.45,29.53,1153000,33420798.00
2020/12/23,29.32,29.78,29.32,29.52,658100,18833496.00
2020/12/24,29.40,30.46,29.02,29.87,1030300,29628366.00
2020/12/25,29.50,29.87,29.22,29.50,665600,19026496.00
2020/12/28,29.48,29.48,28.30,28.52,995500,27594376.00
2020/12/29,28.40,28.70,28.08,28.37,660200,18141236.00
2020/12/30,28.35,28.35,27.00,27.79,876900,23512908.00
2020/12/31,28.06,28.41,27.77,28.29,730207,19978324.00
2021/01/04,28.29,29.28,27.76,29.06,777600,21803668.00
2021/01/05,28.85,29.01,28.61,28.84,712800,19871504.00
2021/01/06,28.80,29.07,28.20,28.53,803100,22068190.00
2021/01/07,28.43,28.43,27.42,27.63,1032900,27788476.00
2021/01/08,27.63,28.04,27.00,27.76,665500,17782260.00
2021/01/11,27.76,27.89,26.47,26.80,1321807,34565616.00
2021/01/12,26.79,27.05,26.28,26.40,664100,16981348.00
2021/01/13,26.40,26.40,25.21,25.90,948815,23532828.00
2021/01/14,25.73,26.18,25.14,25.57,695190,17119744.00
2021/01/15,25.32,27.88,25.32,27.17,1570383,40744380.00
2021/01/18,27.17,28.38,27.17,28.20,1170500,31852528.00
2021/01/19,28.20,29.47,28.20,28.97,1479600,41620584.00
2021/01/20,29.00,31.06,29.00,30.84,1930000,56584336.00
2021/01/21,30.84,31.00,29.85,29.89,1864000,54769148.00
2021/01/22,30.22,30.36,29.24,30.11,959800,27853732.00
2021/01/25,30.58,30.58,28.20,28.32,1455445,40972264.00
2021/01/26,28.73,29.10,27.60,27.76,1107607,30266092.00
2021/01/27,27.74,28.37,27.52,28.19,889300,24092248.00
2021/01/28,28.18,28.20,27.20,27.25,625600,16696513.00
2021/01/29,27.25,27.73,26.51,26.54,767000,20061696.00
2021/02/01,26.36,29.10,26.36,29.10,1062700,28971068.00
2021/02/02,30.51,30.88,29.40,30.10,2449300,71885344.00
2021/02/03,30.21,30.59,29.70,29.90,1356500,39658348.00
2021/02/04,29.89,30.18,29.11,29.53,996800,28544508.00
2021/02/05,30.08,30.82,28.93,29.06,1170300,34044320.00
2021/02/08,29.08,30.59,28.10,29.90,1390400,39232696.00
2021/02/09,29.90,30.40,29.43,30.15,888300,25899720.00
2021/02/10,29.89,30.10,28.80,29.17,1183800,33589216.00
2021/02/18,29.58,30.37,29.30,30.21,1106900,32255148.00
2021/02/19,30.18,30.66,29.88,30.66,1296100,38196524.00
2021/02/22,30.90,31.48,30.55,30.64,1530207,46126176.00
2021/02/23,30.77,30.77,29.56,29.81,1147345,33316412.00
2021/02/24,29.57,30.18,28.80,28.91,1159600,33082068.00
2021/02/25,29.34,29.46,28.40,28.49,672092,18675368.00
2021/02/26,28.24,28.56,27.54,28.27,640241,17463282.00
2021/03/01,28.35,29.34,28.24,29.34,679041,19071362.00
2021/03/02,29.92,30.28,29.10,29.75,1295700,37462440.00
2021/03/03,29.45,30.35,29.36,30.24,1024500,29789416.00
2021/03/04,29.90,30.16,29.60,29.74,956700,27650496.00
2021/03/05,29.51,30.10,29.10,29.15,1073045,30708336.00
2021/03/08,29.48,30.19,28.56,28.88,1177000,33647488.00
2021/03/09,28.90,29.10,27.40,28.60,1493100,41022036.00
2021/03/10,28.62,28.91,27.83,28.42,676200,18531048.00
2021/03/11,28.42,28.80,28.10,28.55,597400,16477182.00
2021/03/12,28.61,28.77,28.30,28.42,382000,10518544.00
2021/03/15,28.30,28.44,27.85,27.91,588800,16000473.00
2021/03/16,27.91,28.58,27.91,28.53,534200,14638478.00
2021/03/17,28.43,28.67,28.20,28.55,321200,8857432.00
2021/03/18,28.58,29.08,28.30,28.39,606400,16801784.00
2021/03/19,28.10,28.55,28.10,28.17,470417,12863652.00
2021/03/22,28.17,28.50,27.91,28.29,333617,9115055.00
2021/03/23,28.34,28.42,28.01,28.13,325300,8842379.00
2021/03/24,28.01,28.25,28.01,28.16,212200,5778644.00
2021/03/25,28.16,28.68,28.06,28.46,451725,12420707.00
2021/03/26,28.65,29.06,28.50,28.78,561400,15676948.00
2021/03/29,28.77,29.86,28.56,29.71,1073100,30666392.00
2021/03/30,29.71,30.18,28.90,29.84,884545,25455036.00
2021/03/31,29.85,30.36,29.60,29.71,858600,24890664.00
2021/04/01,30.05,30.08,29.19,29.90,974000,28013884.00
2021/04/02,29.90,29.96,29.35,29.72,528900,15194909.00
2021/04/06,29.34,29.87,29.34,29.45,573945,16414319.00
2021/04/07,29.36,29.74,29.30,29.53,425200,12180057.00
2021/04/08,29.45,32.39,29.16,31.47,3654845,112056832.00
2021/04/09,30.93,33.36,30.68,33.15,3693645,116238400.00
2021/04/12,33.12,33.82,31.60,31.88,2229000,70384496.00
2021/04/13,31.87,32.34,31.18,31.97,1332400,41163828.00
2021/04/14,31.99,32.39,31.45,31.50,1322800,40773712.00
2021/04/15,31.43,34.56,31.10,33.93,2874945,92779888.00
2021/04/16,33.67,34.88,33.52,34.06,2114800,70594416.00
2021/04/19,33.85,34.07,33.00,33.46,1685112,55010908.00
2021/04/20,33.47,35.53,33.20,34.50,2233537,74867896.00
2021/04/21,34.20,36.09,33.50,35.82,2322700,79166240.00
2021/04/22,35.55,37.10,35.55,37.01,3224000,114312832.00
2021/04/23,36.79,37.88,36.23,36.84,1931170,69888128.00
2021/04/26,36.75,36.78,34.40,34.81,2982203,102529464.00
2021/04/27,34.59,35.00,33.10,33.39,2326099,76368560.00
2021/04/28,33.15,33.80,33.13,33.67,1264188,41231188.00
2021/04/29,33.26,36.23,33.26,35.65,2124733,72294448.00
2021/04/30,35.75,36.20,35.24,35.99,1548945,54090284.00
2021/05/06,35.74,37.22,35.28,36.83,1613329,56979980.00
2021/05/07,36.40,37.15,35.25,35.25,1374345,48395472.00
2021/05/10,35.15,35.67,34.47,34.70,939629,31950406.00
2021/05/11,34.35,35.60,33.75,35.49,891827,30265494.00
2021/05/12,35.29,35.61,34.50,35.21,588045,20094096.00
2021/05/13,35.11,35.90,34.70,35.30,788890,27244374.00
2021/05/14,35.58,36.98,35.30,36.50,1486217,52151040.00
2021/05/17,36.80,36.82,35.12,35.67,1321400,45270004.00
2021/05/18,35.49,35.54,34.47,34.88,980507,32857380.00
2021/05/19,34.48,35.15,33.81,34.35,1439608,47453676.00
2021/05/20,34.00,35.58,33.85,34.52,1012900,33797880.00
2021/05/21,34.45,35.55,34.31,34.93,690300,23299336.00
2021/05/24,34.93,34.93,34.17,34.70,989700,32815216.00
2021/05/25,34.70,38.04,34.50,38.04,3091600,109995760.00
2021/05/26,38.18,41.60,38.04,38.11,5888700,225893328.00
2021/05/27,37.84,38.11,36.33,36.66,4363429,155107232.00
2021/05/28,36.66,40.20,36.66,40.20,7546604,289042144.00
2021/05/31,39.60,43.82,39.49,43.30,7605600,306465632.00
2021/06/01,43.10,46.67,42.61,45.84,6169940,270619328.00
2021/06/02,45.18,45.94,43.70,44.84,4902904,213018576.00
2021/06/03,44.80,46.10,43.71,45.12,3066350,133880488.00
2021/06/04,45.68,45.68,42.07,42.49,4630982,195049920.00
2021/06/07,43.30,46.61,42.87,46.61,2992107,132112480.00
2021/06/08,47.34,49.84,44.75,44.80,4775693,216584144.00
2021/06/09,46.30,46.30,43.30,43.80,3578207,153590448.00
2021/06/10,45.51,45.51,41.88,42.89,3444904,143260112.00
2021/06/11,43.05,43.90,41.91,41.91,2376200,98967928.00
2021/06/15,42.32,42.69,40.50,41.10,2121500,84409136.00
2021/06/16,41.32,41.40,39.30,40.02,1791800,69481848.00
2021/06/17,39.77,42.80,39.45,41.30,1935600,77230744.00
2021/06/18,41.24,41.73,40.31,41.12,1375100,54658556.00
2021/06/21,41.11,42.97,41.00,41.78,1666900,67938448.00
2021/06/22,42.11,45.83,41.30,45.83,6217696,269635840.00
2021/06/23,46.76,50.28,45.91,50.28,4349554,208090384.00
2021/06/24,50.30,54.88,49.30,50.49,8418154,418548576.00
2021/06/25,51.53,51.98,49.01,50.03,3427800,167587024.00
2021/06/28,50.15,51.72,49.30,50.33,2924700,143743312.00
2021/06/29,50.40,52.60,49.60,51.65,3121600,155949520.00
2021/06/30,51.66,53.46,50.33,53.30,2071800,105484320.00
2021/07/01,53.31,53.31,50.60,50.65,1736900,86870576.00
2021/07/02,50.38,51.46,50.00,50.50,1765784,87243008.00
2021/07/05,51.18,53.10,50.30,50.90,1630875,81569440.00
2021/07/06,50.84,50.84,48.44,49.51,2244642,107687096.00
2021/07/07,49.28,49.86,47.02,49.40,1772000,84492688.00
2021/07/08,49.98,49.98,47.30,48.29,1743299,82288744.00
2021/07/09,48.89,49.38,47.92,48.40,1508300,71104440.00
2021/07/12,48.43,50.20,48.21,48.98,2109700,100762056.00
2021/07/13,48.67,51.05,47.30,47.76,2648750,125533024.00
2021/07/14,47.27,48.10,45.30,46.73,2224300,101955840.00
2021/07/15,46.55,46.85,44.67,46.16,1754800,77985960.00
2021/07/16,46.16,46.97,44.94,46.82,1750670,78069912.00
2021/07/19,46.70,46.70,43.94,45.05,2282278,99637640.00
2021/07/20,44.49,45.90,44.06,45.65,1049600,45791096.00
2021/07/21,45.74,46.18,44.90,45.92,1307425,58114164.00
2021/07/22,46.19,46.19,44.30,45.30,1580100,69285448.00
2021/07/23,45.20,45.30,42.60,43.27,3374479,142133616.00
2021/07/26,42.90,45.30,42.52,44.66,2704705,116147952.00
2021/07/27,44.06,44.89,42.30,42.72,1917100,80954104.00
2021/07/28,42.18,42.71,40.29,41.26,1672525,66831292.00
2021/07/29,42.26,43.40,41.30,42.57,2013007,82735696.00
2021/07/30,42.30,44.79,42.10,44.38,1745900,73537256.00
2021/08/02,44.30,45.00,43.50,44.55,1497400,64102944.00
2021/08/03,44.60,46.66,43.90,44.96,2098400,92682720.00
2021/08/04,44.99,47.80,44.99,47.69,3143320,142793232.00
2021/08/05,47.80,47.99,46.10,46.58,2052200,93529464.00
2021/08/06,46.65,48.00,45.83,46.91,2162491,98736240.00
2021/08/09,50.30,50.30,45.91,46.17,2766707,127029520.00
2021/08/10,46.17,48.50,46.01,47.54,2455749,113899488.00
2021/08/11,47.86,48.00,46.48,46.68,1628756,74386992.00
2021/08/12,47.10,48.56,46.40,47.74,1838881,85271552.00
2021/08/13,47.88,47.93,45.92,46.49,1686517,76577856.00
2021/08/16,46.77,46.77,44.25,44.92,2037982,89355512.00
2021/08/17,44.95,45.69,43.61,43.63,1277620,55417576.00
2021/08/18,43.64,44.50,43.33,43.66,821500,34934752.00
2021/08/19,42.96,44.70,42.96,43.88,944100,40148520.00
2021/08/20,42.00,44.71,41.46,44.45,1731206,73321720.00
2021/08/23,45.96,48.77,45.57,48.63,3541497,164901344.00
2021/08/24,48.78,53.36,48.30,53.36,5031152,257218464.00
2021/08/25,53.25,53.30,49.57,51.58,5533642,276851872.00
2021/08/26,53.29,53.96,51.64,52.28,2306947,118633480.00
2021/08/27,52.46,53.10,51.64,52.44,1600729,81663928.00
2021/08/30,51.91,52.44,50.00,50.75,2226200,110482544.00
2021/08/31,50.82,51.25,49.80,50.80,1822800,89700536.00
2021/09/01,51.10,52.65,48.90,50.42,2390117,118446712.00
2021/09/02,49.90,50.99,49.80,50.38,1089081,53420328.00
2021/09/03,50.30,51.10,48.90,49.49,1143175,55411344.00
2021/09/06,49.30,50.51,48.88,50.27,1029025,49734196.00
2021/09/07,50.20,53.19,49.41,52.70,1909100,96249424.00
2021/09/08,52.60,55.48,51.80,55.15,1954325,103350584.00
2021/09/09,54.99,55.80,53.90,54.32,1412500,75129736.00
2021/09/10,54.32,54.49,52.85,54.12,1499552,78674488.00
2021/09/13,53.93,54.80,52.20,53.80,1265052,65549284.00
2021/09/14,53.55,53.60,51.67,51.77,1135500,58095068.00
2021/09/15,51.79,56.11,51.34,55.52,2505834,132255600.00
2021/09/16,55.52,55.85,52.10,52.27,2170500,112592000.00
2021/09/17,52.01,53.45,50.43,52.20,1235300,62453376.00
2021/09/22,51.74,52.11,50.17,51.24,1284200,63880804.00
2021/09/23,51.07,51.47,49.10,50.03,1477600,71822792.00
2021/09/24,49.98,49.98,48.22,48.75,1433600,67867800.00
2021/09/27,48.75,48.76,45.60,46.33,1634325,73923656.00
2021/09/28,46.33,46.87,45.30,46.17,891733,39923800.00
2021/09/29,45.80,46.52,44.80,45.18,856700,37691296.00
2021/09/30,45.50,46.23,45.06,45.38,986900,43626920.00
2021/10/08,45.60,47.10,45.60,46.35,750200,33919480.00
2021/10/11,46.59,46.59,45.48,45.63,692656,30905414.00
2021/10/12,45.80,46.04,43.73,44.24,908006,39114100.00
2021/10/13,44.64,44.77,43.15,44.53,606080,25868812.00
2021/10/14,44.50,46.10,43.80,45.68,733200,32057584.00
2021/10/15,45.68,47.98,44.41,47.18,962533,43832080.00
2021/10/18,47.19,47.30,46.08,46.80,627700,28365288.00
2021/10/19,46.16,46.92,46.00,46.38,502300,22634812.00
2021/10/20,45.81,47.20,45.81,46.60,684813,31035584.00
2021/10/21,46.60,47.10,45.86,46.10,644600,29035112.00
2021/10/22,45.50,46.50,45.30,45.71,462700,20601116.00
2021/10/25,45.71,46.25,44.87,46.03,481925,21399544.00
2021/10/26,45.81,47.53,45.44,46.83,851100,38660456.00
2021/10/27,46.75,46.82,44.80,45.87,711800,31747540.00
2021/10/28,45.30,46.08,43.68,44.19,727600,31502696.00
2021/10/29,44.19,45.18,43.89,45.13,509562,22121980.00
2021/11/01,44.99,45.80,43.30,43.72,933203,39765264.00
2021/11/02,43.72,45.17,43.22,43.94,740900,31794244.00
2021/11/03,43.94,46.55,43.74,46.49,1074907,47184208.00
2021/11/04,46.95,49.80,45.45,49.58,2215163,103737152.00
2021/11/05,49.40,50.69,48.30,48.41,1234149,59176944.00
2021/11/08,48.21,48.29,46.40,46.72,1262500,57676948.00
2021/11/09,46.72,50.50,46.34,49.65,1886364,90444400.00
2021/11/10,49.31,50.87,48.90,49.86,1338919,65122516.00
2021/11/11,49.99,52.35,49.51,51.63,1723500,86618008.00
2021/11/12,51.63,52.66,50.53,51.28,1265162,63295064.00
2021/11/15,51.26,51.26,49.02,50.13,1190560,58162836.00
2021/11/16,49.89,51.30,49.30,49.98,913731,44469416.00
2021/11/17,49.98,52.49,49.51,51.40,1223405,60976540.00
2021/11/18,51.50,52.37,50.60,50.93,898613,45153116.00
2021/11/19,50.43,55.89,50.43,55.89,3261305,174669392.00
2021/11/22,57.25,58.50,54.80,56.50,4098877,225876960.00
2021/11/23,56.85,59.96,55.88,58.10,3088836,176268432.00
2021/11/24,59.30,60.19,58.05,59.29,2780999,160948864.00
2021/11/25,58.30,59.10,56.10,56.30,2530342,140740288.00
2021/11/26,55.31,57.76,54.81,57.28,1615601,89810232.00
2021/11/29,57.45,57.60,55.41,56.47,1410200,77428656.00
2021/11/30,56.80,57.23,55.09,55.96,1225200,66826140.00
2021/12/01,55.96,55.96,54.82,55.51,1008100,54461232.00
2021/12/02,55.89,56.55,53.80,53.95,1108300,59136156.00
2021/12/03,53.94,55.37,53.80,55.16,989700,52730852.00
2021/12/06,55.20,55.80,53.85,54.06,890032,47391688.00
2021/12/07,54.70,55.15,52.30,52.66,863600,44908372.00
2021/12/08,52.68,54.80,52.68,54.47,655300,34598624.00
2021/12/09,54.82,56.20,53.90,54.33,904300,48598248.00
2021/12/10,54.70,54.74,53.10,54.15,659883,34669424.00
2021/12/13,54.90,54.90,53.46,54.73,513575,27303456.00
2021/12/14,55.12,55.12,54.31,54.45,406300,21624610.00
2021/12/15,54.37,54.90,54.01,54.13,380400,20185736.00
2021/12/16,54.13,58.10,53.92,57.43,1545800,85640328.00
2021/12/17,57.10,57.10,55.30,55.36,988000,53896700.00
2021/12/20,55.34,55.49,53.10,53.28,719899,37960920.00
2021/12/21,53.30,54.18,52.50,53.27,547299,28387684.00
2021/12/22,53.27,54.55,52.94,53.87,390400,20528836.00
2021/12/23,54.33,54.33,53.31,53.82,323600,16961024.00
2021/12/24,54.11,54.44,52.50,52.50,522600,27046076.00
2021/12/27,52.48,53.65,51.30,53.16,414100,21322840.00
2021/12/28,53.79,54.15,52.86,53.89,287300,14997834.00
2021/12/29,54.00,54.49,52.91,54.43,437000,22951000.00
2021/12/30,54.43,54.55,53.80,54.30,327601,17324348.00
2021/12/31,54.39,55.46,53.71,55.22,436300,23299484.00
2022/01/04,55.18,55.69,53.08,53.20,579400,30404080.00
2022/01/05,53.79,53.88,52.81,53.00,767300,39922024.00
2022/01/06,53.52,57.59,52.88,57.04,2085469,115042928.00
2022/01/07,57.29,58.97,54.70,54.94,1623773,90368928.00
2022/01/10,54.90,55.19,53.30,54.28,703300,37333492.00
2022/01/11,55.18,56.62,53.88,54.61,601337,32344174.00
2022/01/12,54.32,56.62,53.86,56.45,774052,41994656.00
2022/01/13,56.30,57.26,55.51,56.49,784354,43297472.00
2022/01/14,55.68,57.60,55.48,57.10,821654,45841636.00
2022/01/17,56.81,60.20,56.81,60.03,1334054,77258608.00
2022/01/18,60.15,61.40,59.19,59.42,893354,52496540.00
2022/01/19,59.15,59.87,58.35,58.66,528599,30376744.00
2022/01/20,58.90,60.51,56.36,56.61,1625700,93010512.00
2022/01/21,56.62,59.60,55.80,58.57,1386100,78498792.00
2022/01/24,58.64,60.80,57.88,59.56,882100,51534576.00
2022/01/25,59.56,60.41,58.30,58.55,870800,50592520.00
2022/01/26,58.98,61.19,58.81,59.57,840400,49242096.00
2022/01/27,59.13,59.34,56.96,57.64,1040400,59010472.00
2022/01/28,57.40,58.85,55.80,56.47,861300,48016696.00
2022/02/07,56.65,59.03,56.58,56.85,718700,40609696.00
2022/02/08,56.30,56.83,54.10,55.06,753875,40457520.00
2022/02/09,55.06,55.66,54.40,55.38,373000,20022628.00
2022/02/10,55.06,55.37,53.48,54.28,731800,38643912.00
2022/02/11,54.26,54.42,52.19,52.25,734942,37920352.00
2022/02/14,51.81,53.00,51.03,51.60,688900,34911776.00
2022/02/15,51.61,53.16,50.65,52.60,714055,36277936.00
2022/02/16,52.93,53.10,51.60,52.49,577100,29427960.00
2022/02/17,52.49,53.48,52.35,52.58,439900,22700100.00
2022/02/18,52.50,52.96,51.81,52.89,500600,25532964.00
2022/02/21,52.89,53.30,52.08,52.34,671019,34338696.00
2022/02/22,52.11,52.78,50.93,52.00,498483,25231404.00
2022/02/23,51.79,52.60,51.79,52.56,499500,25536954.00
2022/02/24,52.36,52.98,50.70,51.84,771700,38894876.00
2022/02/25,51.80,54.39,51.80,54.31,817000,42652316.00
2022/02/28,54.70,55.15,52.95,54.23,581600,30711218.00
2022/03/01,54.30,55.60,53.90,54.55,443500,23704052.00
2022/03/02,54.11,54.77,53.50,54.68,234100,12386010.00
2022/03/03,54.26,54.88,53.18,53.38,371700,19493532.00
2022/03/04,53.36,54.15,52.90,53.38,279800,14572457.00
2022/03/07,53.38,53.82,52.60,53.00,321587,16671416.00
2022/03/08,53.30,53.30,51.90,52.03,377056,19301870.00
2022/03/09,51.69,52.31,49.01,50.94,730364,35982840.00
2022/03/10,52.20,52.81,51.80,52.30,294500,15022109.00
2022/03/11,50.68,52.05,49.93,51.76,450000,22350432.00
2022/03/14,50.94,51.76,49.38,49.62,484700,23632352.00
2022/03/15,50.46,50.46,47.90,48.12,525400,25043716.00
2022/03/16,49.07,49.07,46.91,48.96,501200,23448938.00
2022/03/17,50.20,50.35,49.10,49.10,475600,23001986.00
2022/03/18,49.20,49.68,48.35,49.51,269536,12893332.00
2022/03/21,49.51,50.46,49.10,49.42,277500,13405678.00
2022/03/22,49.30,50.00,48.58,49.53,230193,11086295.00
2022/03/23,49.53,52.10,48.41,50.50,595493,29589964.00
2022/03/24,50.39,50.56,49.70,49.96,316900,15450428.00
2022/03/25,49.95,50.67,49.69,50.09,217035,10626116.00
2022/03/28,50.35,50.45,49.30,50.28,233393,11346586.00
2022/03/29,49.40,52.42,49.40,51.09,453700,22756556.00
2022/03/30,51.10,52.04,50.72,50.87,467900,23381364.00
2022/03/31,52.28,52.28,49.41,50.00,628575,31010464.00
2022/04/01,50.30,50.77,49.30,50.22,398730,19432776.00
2022/04/06,50.25,51.40,50.04,51.30,305500,15154495.00
2022/04/07,51.99,53.18,50.93,50.97,597798,30269576.00
2022/04/08,51.28,51.28,49.33,49.95,400364,19474630.00
2022/04/11,49.44,50.05,47.30,47.39,527400,24832496.00
2022/04/12,47.22,48.50,46.92,47.75,531600,24548556.00
2022/04/13,47.59,47.59,45.26,45.40,591400,26550350.00
2022/04/14,45.43,45.79,44.30,45.31,389100,16996092.00
2022/04/15,45.13,46.13,43.95,44.60,362700,15718692.00
2022/04/18,45.60,45.72,42.50,45.46,303400,13252431.00
2022/04/19,45.29,46.26,45.10,45.68,232600,10286975.00
2022/04/20,44.67,45.72,44.49,44.71,324200,14186371.00
2022/04/21,45.29,45.29,42.32,42.90,420200,17628484.00
2022/04/22,42.90,43.11,41.11,42.82,380298,15540807.00
2022/04/25,43.28,43.28,39.38,39.40,776700,30477102.00
2022/04/26,39.58,39.58,37.19,37.55,619000,22931416.00
2022/04/27,37.20,39.43,36.32,39.43,415194,15180216.00
2022/04/28,39.30,41.99,39.13,41.90,522900,20530484.00
2022/04/29,41.91,42.80,40.91,42.24,587499,23888796.00
2022/05/05,43.56,46.33,42.58,46.33,1104300,48539648.00
2022/05/06,46.14,48.59,45.10,45.47,1772799,80941592.00
2022/05/09,45.28,46.75,45.06,46.30,661300,29652200.00
2022/05/10,45.72,47.80,45.33,47.52,552045,25217968.00
2022/05/11,47.46,48.97,47.11,47.66,633400,29686900.00
2022/05/12,47.69,47.71,46.49,47.29,386100,17703592.00
2022/05/13,47.73,47.73,46.38,46.63,336600,15301552.00
2022/05/16,46.81,48.80,46.81,47.48,522900,24415508.00
2022/05/17,47.34,48.49,47.31,48.35,525900,24602372.00
2022/05/18,48.27,49.20,48.17,48.35,348600,16482324.00
2022/05/19,48.05,49.05,47.31,48.78,321943,15186025.00
2022/05/20,49.13,50.07,48.96,49.44,359400,17189652.00
2022/05/23,49.44,51.05,49.05,50.73,427400,20878058.00
2022/05/24,51.20,51.59,49.93,50.23,457400,22470128.00
2022/05/25,48.77,50.77,48.77,49.05,525349,24964356.00
2022/05/26,49.95,50.52,48.88,50.31,434800,20981876.00
2022/05/27,49.63,50.54,49.25,50.14,461900,22282708.00
2022/05/30,50.37,50.90,49.46,49.85,363700,17547780.00
2022/05/31,50.83,51.09,49.26,51.01,430725,21066580.00
2022/06/01,50.80,53.45,50.35,52.78,865266,43441344.00
2022/06/02,51.99,53.15,51.50,52.49,552345,27888422.00
2022/06/06,52.81,54.84,52.81,53.65,670200,35151008.00
2022/06/07,52.86,54.31,52.86,53.29,657300,34010304.00
2022/06/08,53.67,54.02,51.51,52.65,590400,30037564.00
2022/06/09,53.65,53.65,51.53,51.84,291100,14735659.00
2022/06/10,50.65,54.05,50.65,53.06,695400,35819272.00
2022/06/13,53.10,54.53,52.15,53.85,533700,27801500.00
2022/06/14,53.59,54.17,52.75,53.85,345800,17913044.00
2022/06/15,54.31,54.31,53.05,53.11,432300,22407564.00
2022/06/16,53.13,53.98,52.25,52.49,381700,19577374.00
2022/06/17,53.15,54.15,52.61,53.75,629000,32682288.00
2022/06/20,52.80,55.84,52.80,55.07,780649,41608024.00
2022/06/21,54.88,55.07,52.83,53.30,542900,28219096.00
2022/06/22,52.65,53.81,52.45,52.81,308500,15869068.00
2022/06/23,52.81,54.62,52.50,54.53,610300,31808976.00
2022/06/24,53.65,55.85,53.65,55.05,972600,51836376.00
2022/06/27,55.75,56.64,55.21,55.85,594200,32200824.00
2022/06/28,55.88,57.74,55.69,56.94,1537000,85366640.00
2022/06/29,56.14,57.22,51.66,51.95,1809680,94111976.00
2022/06/30,52.65,54.63,51.62,52.08,1771280,90993232.00
2022/07/01,52.12,53.93,51.74,52.85,1252542,64393704.00
2022/07/04,52.76,53.65,52.10,53.25,866600,44474204.00
2022/07/05,53.72,54.95,52.66,53.34,1423336,74134512.00
2022/07/06,53.53,53.76,52.44,52.93,614536,31617116.00
2022/07/07,52.94,52.95,50.95,51.65,1142541,57229388.00
2022/07/08,51.95,53.03,51.35,51.45,822289,41413536.00
2022/07/11,51.38,51.72,49.91,51.01,843900,41311064.00
2022/07/12,51.99,52.30,49.28,50.36,1297400,63430044.00
2022/07/13,50.35,52.43,49.82,51.61,850823,42426352.00
2022/07/14,52.09,52.76,50.98,52.04,819523,41287304.00
2022/07/15,52.25,52.85,50.16,51.06,874500,43258356.00
2022/07/18,51.58,51.58,49.49,50.21,949189,45903724.00
2022/07/19,50.53,55.07,49.71,55.07,2111617,109732888.00
2022/07/20,54.81,55.06,52.98,53.79,2629936,136599312.00
2022/07/21,53.65,54.90,52.25,52.61,1538989,79378816.00
2022/07/22,52.95,53.81,51.35,52.37,1213600,61448104.00
2022/07/25,51.23,52.64,50.20,50.57,1180736,58227512.00
2022/07/26,50.22,51.25,49.50,50.42,840928,40900816.00
2022/07/27,50.32,51.83,50.32,51.28,715792,35558656.00
2022/07/28,51.29,52.55,50.85,51.87,687900,34506832.00
2022/07/29,51.45,51.87,50.45,50.63,687000,33952004.00
2022/08/01,50.37,51.32,49.85,50.64,617000,30204590.00
2022/08/02,50.65,51.25,48.31,49.48,1156100,54945228.00
2022/08/03,49.61,51.25,48.97,49.48,863842,42099100.00
2022/08/04,50.20,50.33,48.65,49.83,319700,15379521.00
2022/08/05,50.00,51.00,49.45,50.11,488800,23704414.00
2022/08/08,49.87,50.49,49.49,50.07,451800,21856028.00
2022/08/09,50.55,51.04,49.85,50.30,476900,23279076.00
2022/08/10,50.36,51.15,50.02,50.45,433500,21184526.00
2022/08/11,50.51,53.57,50.45,52.47,1171900,59486104.00
2022/08/12,52.36,53.44,51.66,51.66,756100,38407036.00
2022/08/15,51.53,52.84,50.65,52.34,685000,34459220.00
2022/08/16,52.55,53.87,51.55,53.15,787913,40501352.00
2022/08/17,53.42,53.64,52.11,52.41,899900,45683024.00
2022/08/18,52.54,54.54,52.17,53.59,1889200,97927888.00
2022/08/19,52.92,53.52,50.35,51.65,2691499,134703168.00
2022/08/22,51.34,51.34,50.23,50.40,1710900,83691288.00
2022/08/23,50.60,51.13,49.95,50.55,756476,36925064.00
2022/08/24,50.84,50.84,49.09,49.64,1126700,54046960.00
2022/08/25,49.57,50.01,49.04,49.45,574266,27413168.00
2022/08/26,50.15,50.15,48.70,48.95,560283,26690404.00
2022/08/29,48.72,49.41,48.16,49.38,461511,21840540.00
2022/08/30,49.58,49.72,48.48,49.05,414900,19620300.00
2022/08/31,49.43,49.43,46.65,47.32,990213,45339812.00
2022/09/01,47.65,47.73,45.61,45.90,918400,40954884.00
2022/09/02,45.65,46.42,45.00,46.20,459800,20336404.00
2022/09/05,46.63,47.81,45.66,46.88,481800,21815128.00
2022/09/06,46.88,47.47,46.02,46.55,426300,19096988.00
2022/09/07,46.65,48.73,46.49,48.00,607800,28118130.00
2022/09/08,48.05,48.70,46.65,46.89,546228,25070502.00
2022/09/09,47.43,47.43,45.65,46.03,568100,25214428.00
2022/09/13,46.00,46.62,45.19,46.29,406300,17945176.00
2022/09/14,45.65,45.88,45.22,45.56,326600,14314327.00
2022/09/15,45.81,45.95,44.10,44.43,503000,21665424.00
2022/09/16,44.22,45.65,43.53,44.68,596000,25668728.00
2022/09/19,43.48,46.14,43.48,44.22,869100,37519556.00
2022/09/20,44.43,45.53,44.00,44.79,522300,22622238.00
2022/09/21,44.30,45.15,44.22,44.98,378800,16294002.00
2022/09/22,45.15,45.53,44.69,44.80,265500,11524987.00
2022/09/23,44.68,44.86,43.46,43.94,394799,16729727.00
2022/09/26,43.58,43.91,42.75,42.98,385800,16049603.00
2022/09/27,43.59,43.99,42.99,43.95,371600,15597292.00
2022/09/28,43.96,44.35,42.65,42.65,418800,17511780.00
2022/09/29,43.12,43.50,42.29,42.96,462492,19087260.00
2022/09/30,42.93,44.82,42.77,44.25,600778,25388132.00
2022/10/10,44.29,46.73,43.85,46.27,1415900,62445768.00
2022/10/11,46.55,46.55,45.15,45.89,806600,35459688.00
2022/10/12,45.85,46.55,45.05,46.30,654100,28856734.00
2022/10/13,46.09,47.05,45.45,46.41,718702,32293620.00
2022/10/14,46.26,48.54,46.26,48.28,943500,43442972.00
2022/10/17,47.70,48.75,47.67,48.75,421400,19710342.00
2022/10/18,49.85,50.05,47.28,47.58,912900,42403936.00
2022/10/19,47.65,48.34,46.65,47.65,379200,17497784.00
2022/10/20,47.90,48.54,47.16,47.28,304645,14059262.00
2022/10/21,47.51,49.11,47.05,48.25,693800,32517152.00
2022/10/24,47.75,48.87,47.33,48.12,509100,23646592.00
2022/10/25,48.09,49.17,47.51,48.45,753723,35400072.00
2022/10/26,49.01,50.21,48.15,50.13,1153823,55428104.00
2022/10/27,50.25,50.81,49.70,49.90,859616,41792160.00
2022/10/28,50.44,50.85,49.15,49.53,898300,43457444.00
2022/10/31,48.85,50.73,48.85,49.98,528300,25592518.00
2022/11/01,49.65,50.52,49.05,49.76,669400,32075352.00
2022/11/02,50.21,50.64,48.76,50.06,490800,23581444.00
2022/11/03,49.86,50.05,49.60,49.94,304620,14673474.00
2022/11/04,49.94,50.44,49.66,49.91,391900,18956660.00
2022/11/07,50.55,53.07,50.00,52.44,1410711,70986896.00
2022/11/08,52.41,53.00,51.36,51.88,603700,30378856.00
2022/11/09,52.13,52.13,50.04,50.33,633599,31023656.00
2022/11/10,50.51,50.51,48.61,48.83,531511,25272188.00
2022/11/11,50.45,50.45,48.35,48.82,638900,30179732.00
2022/11/14,49.20,49.20,47.83,48.85,432834,20389760.00
2022/11/15,49.56,49.65,48.42,49.63,358523,17077798.00
2022/11/16,49.34,49.63,48.89,49.29,250700,11935283.00
2022/11/17,49.13,49.55,48.86,49.46,213223,10120741.00
2022/11/18,49.44,49.80,48.95,49.27,261616,12457191.00
2022/11/21,48.65,49.50,48.46,48.95,368100,17307960.00
2022/11/22,48.26,49.35,48.20,49.15,182200,8625610.00
2022/11/23,49.45,49.75,48.35,49.22,518000,24541256.00
2022/11/24,49.51,50.00,48.93,49.28,409400,19486400.00
2022/11/25,48.77,49.53,48.35,48.47,343900,16181115.00
2022/11/28,48.30,48.47,47.55,48.00,237700,11016632.00
2022/11/29,48.33,48.84,47.95,48.44,225400,10534174.00
2022/11/30,48.81,48.81,47.05,47.35,359100,16482033.00
2022/12/01,47.54,47.80,47.23,47.71,352300,16177087.00
2022/12/02,47.70,48.30,47.56,47.85,242600,11227163.00
2022/12/05,48.36,49.12,47.83,47.95,326600,15203628.00
2022/12/06,47.65,49.60,47.56,49.30,644700,30335388.00
2022/12/07,49.59,49.60,47.98,48.44,483600,22829588.00
2022/12/08,48.67,48.67,47.77,47.93,248900,11570381.00
2022/12/09,48.01,48.17,47.55,47.71,247000,11395445.00
2022/12/12,48.34,48.65,46.81,48.08,353600,16390907.00
2022/12/13,47.46,47.91,46.46,46.60,371200,16830950.00
2022/12/14,46.65,46.85,46.06,46.26,208400,9331964.00
2022/12/15,46.31,48.65,45.17,45.78,394500,17582004.00
2022/12/16,45.75,45.76,44.50,44.66,359000,15511658.00
2022/12/19,45.35,45.35,43.25,43.50,467400,19624982.00
2022/12/20,43.63,43.63,41.65,42.86,710900,29191700.00
2022/12/21,43.05,43.38,42.37,43.27,595200,24585828.00
2022/12/22,43.39,43.39,41.66,41.80,598700,24314438.00
2022/12/23,41.85,41.85,40.25,40.58,810100,31637942.00
2022/12/26,41.24,42.31,39.68,42.22,457700,18353736.00
2022/12/27,42.22,42.38,40.71,41.47,697300,27641262.00
2022/12/28,41.85,43.54,39.80,40.08,838900,32386216.00
2022/12/29,39.98,40.65,39.67,40.23,333900,12895157.00
2022/12/30,40.35,40.66,39.74,40.26,334500,12881105.00
2023/01/03,40.13,41.65,39.96,41.41,495723,19550412.00
2023/01/04,41.61,41.95,41.09,41.55,514623,20552590.00
2023/01/05,41.35,42.91,41.33,42.23,573000,23259416.00
2023/01/06,42.15,44.00,42.15,43.43,980500,40875128.00
2023/01/09,43.42,43.44,40.65,41.83,1487392,59839088.00
2023/01/10,41.36,41.95,40.86,41.64,943423,37437648.00
2023/01/11,41.56,41.85,41.03,41.22,342725,13577140.00
2023/01/12,41.15,41.55,40.92,40.95,271200,10704856.00
2023/01/13,40.89,41.31,40.65,41.05,388700,15285386.00
2023/01/16,41.04,41.83,40.95,41.47,292100,11648961.00
2023/01/17,41.65,42.04,41.45,41.48,252100,10103143.00
2023/01/18,41.82,41.82,41.31,41.65,361576,14443731.00
2023/01/19,41.48,42.01,41.45,41.87,210800,8446849.00
2023/01/20,41.87,43.64,41.87,43.53,940190,38785816.00
2023/01/30,43.55,44.16,43.47,43.63,630400,26595624.00
2023/01/31,43.85,44.30,43.04,44.23,544190,23059632.00
2023/02/01,44.25,44.63,43.63,44.52,468900,19945324.00
2023/02/02,44.98,45.15,44.15,44.53,557963,23988880.00
2023/02/03,44.30,44.53,43.49,44.15,471600,19966160.00
2023/02/06,44.15,44.81,43.66,43.90,371000,15712524.00
2023/02/07,43.65,44.29,43.27,43.55,561800,23536520.00
2023/02/08,43.72,43.94,43.23,43.73,615400,25836398.00
2023/02/09,43.73,44.96,43.36,44.81,600800,25736720.00
2023/02/10,44.83,46.40,44.68,46.15,1491800,65970920.00
2023/02/13,46.11,46.72,45.57,46.25,747000,33132074.00
2023/02/14,46.03,46.31,45.29,45.52,681040,29936264.00
2023/02/15,45.52,47.36,44.95,46.43,1133900,50623676.00
2023/02/16,47.20,47.30,44.03,44.45,840817,36797124.00
2023/02/17,44.50,45.15,44.28,44.51,452900,19469072.00
2023/02/20,44.51,45.63,43.76,45.50,611600,26462956.00
2023/02/21,46.82,46.87,45.16,45.47,569600,25229102.00
2023/02/22,45.25,45.55,44.85,45.00,362400,15770318.00
2023/02/23,45.06,45.57,44.65,45.04,304100,13188038.00
2023/02/24,44.87,45.84,44.69,45.65,407700,17846410.00
2023/02/27,45.57,46.55,45.12,45.20,619600,27189580.00
2023/02/28,45.34,45.71,44.82,45.25,288055,12542454.00
2023/03/01,45.25,49.61,45.25,49.61,3490466,163268672.00
2023/03/02,49.16,53.23,49.16,51.45,3313368,163108224.00
2023/03/03,51.29,51.45,48.05,49.27,3617225,172688464.00
2023/03/06,48.77,51.16,48.70,49.25,2083649,100678568.00
2023/03/07,49.55,49.71,48.23,48.65,1539647,72771664.00
2023/03/08,48.35,48.92,47.83,48.68,976100,45533936.00
2023/03/09,48.68,50.64,48.29,49.48,1430623,68810392.00
2023/03/10,49.05,49.94,47.99,48.18,1097300,51441788.00
2023/03/13,48.17,48.49,47.50,48.49,628600,29117680.00
2023/03/14,48.43,48.43,46.50,47.24,927553,42157400.00
2023/03/15,47.57,47.94,47.01,47.05,455300,20887488.00
2023/03/16,47.23,47.23,45.65,45.92,790900,35239720.00
2023/03/17,46.32,47.22,45.67,46.45,673200,30178804.00
2023/03/20,46.65,47.09,46.03,46.51,549100,24647860.00
2023/03/21,46.60,48.53,46.19,47.55,736100,33764156.00
2023/03/22,47.58,49.16,47.51,49.10,1242900,58254352.00
2023/03/23,49.08,53.85,48.41,53.85,3968006,201146256.00
2023/03/24,55.30,57.52,54.13,56.53,4876848,265925808.00
2023/03/27,56.31,56.98,54.05,54.62,2899800,155810272.00
2023/03/28,54.51,54.51,51.07,51.36,3405263,172325056.00
2023/03/29,51.10,51.65,49.39,50.59,2248942,109480472.00
2023/03/30,50.14,50.28,48.74,49.11,2442142,116187216.00
2023/03/31,48.75,52.25,48.75,50.65,3243200,158970224.00
2023/04/03,49.83,52.65,49.05,51.25,3639206,178504800.00
2023/04/04,51.26,51.26,49.93,50.35,1411400,68997152.00
2023/04/06,49.91,50.83,49.73,50.45,1199800,58409504.00
2023/04/07,50.55,52.64,50.55,51.90,2201000,110032088.00
2023/04/10,51.65,54.03,50.66,52.88,2485700,126398176.00
2023/04/11,53.48,53.48,51.23,52.20,1303500,65771072.00
2023/04/12,52.20,52.65,51.33,51.83,956200,47953888.00
2023/04/13,51.65,53.52,51.35,53.27,1829842,93237376.00
2023/04/14,53.35,57.20,52.65,56.11,3393500,181968528.00
2023/04/17,58.61,59.73,55.42,56.92,3580200,200740240.00
2023/04/18,57.88,58.95,54.64,55.81,2114500,114562072.00
2023/04/19,55.88,56.35,54.35,55.15,1669000,89374608.00
2023/04/20,55.15,55.32,54.15,55.14,1273142,67577824.00
2023/04/21,55.13,56.38,53.26,54.72,1959400,104360560.00
2023/04/24,54.36,55.73,52.97,54.50,1616810,85048224.00
2023/04/25,54.65,54.89,53.15,54.10,1477300,77138288.00
2023/04/26,54.04,55.25,53.21,54.15,1585500,83461784.00
2023/04/27,54.15,54.83,53.20,53.29,1490811,77675376.00
2023/04/28,53.29,54.00,52.15,53.85,1050411,54385612.00
2023/05/04,51.73,59.07,51.73,59.07,3582400,196148016.00
2023/05/05,59.36,59.65,57.71,58.73,2549299,145555568.00
2023/05/08,59.42,59.42,55.93,57.45,1396000,77472320.00
2023/05/09,57.45,57.45,54.65,55.19,1508444,81235480.00
2023/05/10,54.96,56.09,52.73,54.25,1738900,91117488.00
2023/05/11,54.63,54.80,53.65,54.54,890738,46766104.00
2023/05/12,55.31,55.45,52.96,53.34,859862,44416980.00
2023/05/15,53.21,54.45,52.72,54.25,653100,33864432.00
2023/05/16,54.23,56.24,53.29,55.90,1308132,69350976.00
2023/05/17,57.18,59.51,55.56,56.80,2691813,149346480.00
2023/05/18,56.53,57.40,55.11,55.49,1551400,83720368.00
2023/05/19,55.54,56.53,54.97,55.75,1103862,59330212.00
2023/05/22,55.37,56.81,55.28,56.27,910542,49311408.00
2023/05/23,55.63,56.15,54.35,54.66,1336400,71072336.00
2023/05/24,54.75,55.82,54.00,55.28,794000,42337396.00
2023/05/25,55.05,55.60,53.35,54.55,1606748,83848368.00
2023/05/26,54.95,55.68,53.86,55.24,802204,42281504.00
2023/05/29,55.01,55.25,54.03,55.02,557614,29390136.00
2023/05/30,54.45,54.93,53.86,54.36,493100,25771948.00
2023/05/31,54.32,54.81,53.60,54.81,414000,21615016.00
2023/06/01,54.80,56.75,53.94,54.01,900000,47653396.00
2023/06/02,54.66,57.45,53.98,54.84,1793200,95666680.00
2023/06/05,54.39,54.39,52.50,52.65,1635500,83833256.00
2023/06/06,51.95,52.53,51.75,52.07,627644,31408544.00
2023/06/07,52.13,52.22,50.16,50.45,1376200,67342584.00
2023/06/08,50.17,52.68,50.17,52.07,1828900,90759216.00
2023/06/09,52.07,53.83,51.87,52.28,1264800,64241392.00
2023/06/12,53.43,55.83,52.41,54.42,1815400,95191008.00
2023/06/13,54.68,54.95,52.42,54.16,1105800,57075760.00
2023/06/14,55.95,57.39,52.99,53.78,2331700,123007584.00
2023/06/15,53.25,53.90,52.45,52.96,1228300,62557844.00
2023/06/16,52.99,53.49,52.78,52.83,603806,30878708.00
2023/06/19,52.47,52.85,51.41,51.85,1528555,76405544.00
2023/06/20,52.11,52.15,51.24,51.75,791100,39334440.00
2023/06/21,51.43,51.72,50.56,50.80,751600,36819312.00
2023/06/26,50.85,51.56,50.02,50.75,471200,23047932.00
2023/06/27,50.41,51.33,50.41,50.87,389920,19042200.00
2023/06/28,50.87,51.23,50.15,50.87,444300,21592208.00
2023/06/29,50.76,51.45,50.52,50.57,461900,22602290.00
2023/06/30,50.70,51.95,50.49,51.73,950800,47002332.00
2023/07/03,51.69,52.24,49.93,50.42,1292100,62921972.00
2023/07/04,49.56,52.24,49.56,51.96,1615700,80013144.00
2023/07/05,51.96,52.15,50.40,50.65,953500,46796288.00
2023/07/06,50.65,50.80,49.91,50.65,510200,24709138.00
2023/07/07,50.35,50.48,49.88,50.09,528500,25438596.00
2023/07/10,50.33,50.33,49.47,50.05,446000,21310676.00
2023/07/11,49.77,50.15,49.07,50.06,291206,13904772.00
2023/07/12,49.95,51.03,49.47,50.41,680500,32981584.00
2023/07/13,49.73,50.66,49.73,49.97,362000,17416036.00
2023/07/14,49.97,50.52,49.25,49.33,510400,24429424.00
2023/07/17,49.42,49.75,48.38,48.64,669900,31383284.00
2023/07/18,48.65,48.65,47.06,47.84,1064299,48909104.00
2023/07/19,48.24,48.60,47.56,48.03,454107,20889940.00
2023/07/20,47.87,48.11,47.35,47.48,279500,12772056.00
2023/07/21,48.65,48.82,47.32,47.65,462700,21332844.00
2023/07/24,47.88,48.39,47.28,48.05,154135,7098548.00
2023/07/25,48.25,49.25,48.08,48.90,557800,26115464.00
2023/07/26,48.45,49.34,48.35,49.14,325600,15297420.00
2023/07/27,48.90,49.25,48.53,48.60,332107,15543187.00
2023/07/28,48.62,49.39,48.28,48.55,585299,27356406.00
2023/07/31,48.55,48.87,45.65,46.62,1442823,65307480.00
2023/08/01,46.84,46.84,45.20,45.71,1295000,56502760.00
2023/08/02,45.72,46.10,44.82,45.10,686700,29710388.00
2023/08/03,45.10,45.25,44.56,44.97,429300,18424548.00
2023/08/04,45.39,45.58,44.95,45.30,276500,11981421.00
2023/08/07,45.13,45.25,43.86,44.31,463307,19707192.00
2023/08/08,44.31,44.80,43.98,44.29,232500,9841468.00
2023/08/09,44.61,45.07,43.85,43.96,491400,20830296.00
2023/08/10,44.09,44.91,43.95,44.17,409100,17344204.00
2023/08/11,44.55,44.55,43.42,43.47,349200,14609366.00
2023/08/14,43.51,43.87,42.93,43.80,326400,13507713.00
2023/08/15,43.80,44.30,43.45,43.90,223600,9365935.00
2023/08/16,43.85,44.42,43.65,43.74,255500,10745100.00
2023/08/17,43.50,45.72,43.07,44.90,640600,27372052.00
2023/08/18,46.02,49.20,45.97,47.91,3310500,153057456.00
2023/08/21,47.10,49.65,46.26,46.26,1561000,71230408.00
2023/08/22,46.81,47.13,45.68,46.54,786679,34908884.00
2023/08/23,46.29,46.51,45.05,45.10,581000,25242012.00
2023/08/24,44.97,45.75,44.33,45.26,452500,19445204.00
2023/08/25,45.15,46.13,44.21,46.01,693243,30000592.00
2023/08/28,48.84,48.84,44.95,45.11,722800,31978480.00
2023/08/29,45.02,49.25,45.01,48.35,1710700,77899064.00
2023/08/30,48.48,49.18,47.21,47.65,1264200,58490376.00
2023/08/31,47.24,47.90,46.65,47.70,804000,36437044.00
2023/09/01,47.52,48.14,46.85,47.35,495600,22429104.00
2023/09/04,47.93,48.00,47.10,47.23,347300,15767323.00
2023/09/05,47.11,48.98,46.96,48.21,1056500,49077892.00
2023/09/06,48.48,48.95,47.99,48.81,807500,37674432.00
2023/09/07,48.48,49.41,48.23,48.29,836100,39245548.00
2023/09/08,48.41,49.95,48.07,49.43,665500,31330108.00
2023/09/11,50.18,50.18,48.68,49.75,1173900,55887764.00
2023/09/12,49.74,49.74,48.45,48.59,887300,41461256.00
2023/09/13,48.26,48.81,47.35,48.45,885300,40698216.00
2023/09/14,47.93,48.05,46.84,47.00,805800,36485488.00
2023/09/15,47.15,47.85,46.64,46.75,347900,15659948.00
2023/09/18,46.75,48.03,46.63,46.78,704600,31971720.00
2023/09/19,46.56,47.13,45.76,45.97,669000,29579966.00
2023/09/20,45.95,46.43,45.15,45.58,604806,26356136.00
2023/09/21,45.89,48.61,45.89,46.87,1090300,49272092.00
2023/09/22,46.65,47.88,45.85,47.61,854100,38399652.00
2023/09/25,47.61,51.83,47.35,51.00,4066400,196850848.00
2023/09/26,50.63,51.00,48.93,49.11,1365700,65348484.00
2023/09/27,48.66,49.54,48.31,48.61,1046525,49061456.00
2023/09/28,48.80,49.60,48.26,48.65,513200,23973928.00
2023/10/09,48.65,50.75,47.95,49.83,1311500,62569552.00
2023/10/10,50.06,51.06,49.26,49.73,881275,42395436.00
2023/10/11,49.74,50.32,49.47,49.73,529800,25318984.00
2023/10/12,49.73,50.25,49.07,50.11,451600,21575608.00
2023/10/13,49.92,49.95,48.58,48.69,641100,30183798.00
2023/10/16,48.69,48.96,47.55,47.82,599400,27637040.00
2023/10/17,47.49,48.34,47.00,47.72,372000,17004846.00
2023/10/18,47.55,48.94,47.21,48.21,816500,37783724.00
2023/10/19,48.41,48.55,47.35,47.72,551100,25293556.00
2023/10/20,47.65,48.16,47.33,47.41,484300,22112756.00
2023/10/23,46.86,47.36,46.55,46.88,412700,18555402.00
2023/10/24,46.80,48.23,46.41,47.38,515900,23398100.00
2023/10/25,47.40,48.07,47.13,47.62,317900,14505048.00
2023/10/26,47.35,47.55,46.67,47.17,430405,19395384.00
2023/10/27,46.72,48.25,46.72,47.90,459405,21075370.00
2023/10/30,47.90,48.29,47.63,47.94,320800,14750863.00
2023/10/31,48.35,48.94,47.95,48.27,911634,42367756.00
2023/11/01,48.75,49.34,48.20,48.35,558600,26100882.00
2023/11/02,47.95,48.33,47.38,47.40,342800,15678964.00
2023/11/03,47.05,48.24,47.04,48.16,254300,11705286.00
2023/11/06,48.19,48.68,47.82,48.64,391100,18143412.00
2023/11/07,48.69,48.69,47.45,48.20,508200,23362912.00
2023/11/08,48.04,51.41,48.04,49.74,1869505,89466192.00
2023/11/09,49.24,50.24,48.80,49.08,945775,44835296.00
2023/11/10,48.68,48.91,47.75,47.96,698600,32319336.00
2023/11/13,47.96,48.12,47.30,47.85,756900,34638624.00
2023/11/14,47.85,48.10,47.25,47.92,509398,23317748.00
2023/11/15,48.18,49.83,48.11,49.59,2089265,98939288.00
2023/11/16,49.79,51.31,49.20,49.80,4037500,195846400.00
2023/11/17,49.59,51.95,48.95,50.88,2617200,127346152.00
2023/11/20,50.88,51.44,50.03,50.95,1268700,61818056.00
2023/11/21,51.01,51.45,49.40,49.55,1339600,64613960.00
2023/11/22,49.45,49.81,48.12,48.12,1065300,49822168.00
2023/11/23,48.38,49.30,48.05,48.81,717500,33512840.00
2023/11/24,48.76,48.80,47.45,47.90,876500,40248668.00
2023/11/27,47.50,48.13,47.38,48.01,432000,19770686.00
2023/11/28,47.87,50.27,47.75,48.95,1016363,47797044.00
2023/11/29,48.95,49.82,48.35,49.07,1205400,56690276.00
2023/11/30,49.25,49.25,46.45,47.03,2022700,91770896.00
2023/12/01,46.79,46.98,45.02,45.29,1619000,70829504.00
2023/12/04,44.95,46.07,44.84,45.57,573400,24947044.00
2023/12/05,45.55,46.63,45.34,45.52,597800,26283574.00
2023/12/06,45.48,46.17,45.05,45.21,581800,25365280.00
2023/12/07,45.21,45.21,44.14,44.57,669000,28464168.00
2023/12/08,45.13,45.32,44.38,44.88,457800,19579690.00
2023/12/11,44.81,45.03,44.23,44.97,457500,19514328.00
2023/12/12,45.24,45.65,44.64,45.50,491800,21216720.00
2023/12/13,45.49,48.63,45.49,46.86,2306138,104525952.00
2023/12/14,47.27,47.55,45.95,45.96,686600,30849794.00
2023/12/15,45.95,46.39,44.94,45.25,764100,33202576.00
2023/12/18,45.25,45.83,43.46,43.68,1235400,52213664.00
2023/12/19,43.75,44.51,43.37,44.24,610400,25618232.00
2023/12/20,44.45,48.47,44.45,48.47,7181795,329301632.00
2023/12/21,49.95,49.95,46.76,47.95,5048270,233182608.00
2023/12/22,48.16,50.29,47.75,47.97,4566700,214509328.00
2023/12/25,48.07,50.14,47.63,49.68,3341395,157768048.00
2023/12/26,49.83,50.54,48.09,49.15,2489598,117706656.00
2023/12/27,48.61,51.45,48.61,50.38,3892298,187547776.00
2023/12/28,50.37,52.69,49.51,50.95,5001025,244839504.00
2023/12/29,50.70,55.85,50.70,55.85,7530175,391853792.00
2024/01/02,58.95,61.24,54.74,55.13,10953055,617274048.00
2024/01/03,56.46,56.75,51.76,54.10,8189075,426902016.00
2024/01/04,53.95,55.85,51.58,52.48,5254700,266973680.00
2024/01/05,52.23,53.34,50.36,50.58,4499350,225048384.00
2024/01/08,50.16,50.95,48.82,48.90,2475800,117899256.00
2024/01/09,48.88,52.95,48.86,49.90,4043175,197528704.00
2024/01/10,49.43,50.26,47.35,48.65,2804200,131229704.00
2024/01/11,48.75,50.44,47.53,49.93,2596425,123749320.00
2024/01/12,49.75,50.25,49.15,49.23,1178900,56184964.00
2024/01/15,49.06,49.34,47.95,48.25,1579300,73522760.00
2024/01/16,48.22,48.80,46.81,47.58,1706600,77909416.00
2024/01/17,47.36,47.64,45.48,45.56,1424600,63222212.00
2024/01/18,45.45,45.55,42.91,44.58,2990807,125723488.00
2024/01/19,46.05,48.84,46.05,48.84,3796261,176583792.00
2024/01/22,48.95,50.55,44.15,44.15,5431212,247054432.00
2024/01/23,43.69,45.83,43.69,45.11,3083190,132021488.00
2024/01/24,45.11,45.11,41.50,43.43,3710843,152473920.00
2024/01/25,43.34,44.25,41.66,43.85,2434287,100427152.00
2024/01/26,43.45,45.36,43.15,43.55,1575265,66575244.00
2024/01/29,44.05,44.55,41.35,41.57,1879300,75922264.00
2024/01/30,40.25,41.36,39.75,40.24,1468490,56719588.00
2024/01/31,39.96,40.42,37.96,38.11,1558400,57751956.00
2024/02/01,37.96,38.05,35.51,36.04,3653425,125877128.00
2024/02/02,36.32,36.61,34.45,36.17,2629900,88095800.00
2024/02/05,36.16,36.16,32.75,32.75,2648908,83278120.00
2024/02/06,31.92,34.24,30.91,32.46,2362874,71394848.00
2024/02/07,32.69,32.95,30.27,31.08,2303060,67505056.00
2024/02/08,31.49,33.99,30.67,33.99,1641532,50317104.00
2024/02/19,35.95,36.39,34.11,35.17,1732540,58262488.00
数据来源:通达信
