603605 珀莱雅 日线 后复权
      日期	    开盘	    最高	    最低	    收盘	    成交量	    成交额
2017/11/15,22.09,22.09,22.09,22.09,21148,467159.00
2017/11/16,24.30,24.30,24.30,24.30,8569,208227.00
2017/11/17,26.73,26.73,26.73,26.73,16672,445643.00
2017/11/20,29.40,29.40,29.40,29.40,44124,1297246.00
2017/11/21,32.34,32.34,32.34,32.34,49670,1606328.00
2017/11/22,35.57,35.57,35.57,35.57,604661,21507792.00
2017/11/23,35.90,39.13,35.01,39.13,29612280,1113480960.00
2017/11/24,36.87,37.85,35.22,35.22,18674959,678896256.00
2017/11/27,33.77,34.44,31.70,31.70,15123059,499562368.00
2017/11/28,31.35,33.50,31.35,32.41,11529232,375456768.00
2017/11/29,32.05,32.41,30.50,31.75,11146905,348839680.00
2017/11/30,31.42,32.44,31.10,31.90,9594889,305351904.00
2017/12/01,31.56,32.80,30.80,31.38,8633094,275334272.00
2017/12/04,30.70,30.80,28.24,28.24,12086565,349955200.00
2017/12/05,27.82,28.50,27.38,27.85,6219749,174088352.00
2017/12/06,27.73,28.65,27.73,28.58,6576747,186460592.00
2017/12/07,28.70,28.79,27.74,27.83,4595423,129757904.00
2017/12/08,27.72,28.88,27.53,28.26,6422361,182213536.00
2017/12/11,28.08,28.48,27.88,28.39,4696275,132581208.00
2017/12/12,28.33,28.46,26.66,26.70,7016507,191831680.00
2017/12/13,26.70,27.15,26.70,26.99,3184089,85721688.00
2017/12/14,27.02,27.65,26.78,27.47,4814235,131324720.00
2017/12/15,27.21,27.47,27.02,27.06,3124477,84944000.00
2017/12/18,27.23,27.57,26.91,27.20,2995731,81618048.00
2017/12/19,27.10,27.77,27.10,27.64,4004936,110340424.00
2017/12/20,27.52,28.16,27.02,27.09,4264713,117669328.00
2017/12/21,26.80,26.88,25.58,26.63,5835910,153502336.00
2017/12/22,26.68,27.28,26.46,26.89,3839458,103674080.00
2017/12/25,26.79,27.65,26.08,27.26,5317163,142448672.00
2017/12/26,27.19,28.62,27.16,28.40,8384684,235336928.00
2017/12/27,28.20,29.48,27.89,28.46,9573314,273828128.00
2017/12/28,28.03,29.41,27.95,29.28,9335166,269357760.00
2017/12/29,28.98,29.38,28.50,28.72,5418759,156143904.00
2018/01/02,28.31,29.06,28.31,28.81,4037708,116131632.00
2018/01/03,28.68,28.68,27.82,28.34,4704371,132942224.00
2018/01/04,28.43,28.47,27.90,28.06,3364683,94632680.00
2018/01/05,28.04,28.49,27.87,28.06,2934646,82464832.00
2018/01/08,28.16,28.59,27.77,28.57,4132336,116274768.00
2018/01/09,28.57,29.88,28.35,29.60,9703101,285010592.00
2018/01/10,29.28,29.44,28.70,28.99,5004171,145250272.00
2018/01/11,28.66,29.67,28.28,29.27,5524573,161899424.00
2018/01/12,29.15,29.28,28.40,28.64,4188446,120813512.00
2018/01/15,28.45,28.73,26.91,27.15,4329118,120216872.00
2018/01/16,27.25,28.59,27.10,28.33,5373494,150647360.00
2018/01/17,28.11,29.24,27.81,28.89,5852157,167804864.00
2018/01/18,28.70,29.57,28.62,28.82,4844978,140815760.00
2018/01/19,28.67,29.54,28.37,29.32,5158692,150476768.00
2018/01/22,29.05,30.29,28.75,29.08,6857206,201982048.00
2018/01/23,28.55,28.69,27.91,28.57,4331100,122744224.00
2018/01/24,28.45,31.43,28.38,31.43,8633939,263963344.00
2018/01/25,32.48,32.86,30.57,30.90,13653153,429457696.00
2018/01/26,30.17,30.80,29.83,29.99,7074999,213753632.00
2018/01/29,30.20,31.10,29.55,30.47,8109260,246282768.00
2018/01/30,30.20,30.50,29.26,29.46,4598799,137168336.00
2018/01/31,29.08,29.97,28.08,28.46,5732410,166990512.00
2018/02/01,28.30,28.69,26.00,26.40,6411004,174152784.00
2018/02/02,26.40,26.69,25.10,25.90,4145215,107694064.00
2018/02/05,25.29,25.85,25.15,25.30,2770823,70450672.00
2018/02/06,24.50,24.80,22.77,22.77,5038674,120268224.00
2018/02/07,23.38,24.20,22.60,23.65,5153412,121214280.00
2018/02/08,23.69,24.26,23.45,23.98,2982065,71342576.00
2018/02/09,23.07,23.59,22.50,23.10,3040483,70366240.00
2018/02/12,23.50,24.50,23.35,23.87,2914040,69604168.00
2018/02/13,24.05,24.98,23.95,24.70,4817461,117531560.00
2018/02/14,24.56,24.78,24.16,24.57,2285022,55883160.00
2018/02/22,24.87,24.95,24.48,24.61,2215875,54637412.00
2018/02/23,24.45,24.98,24.41,24.73,1982117,48907076.00
2018/02/26,25.06,25.60,24.79,25.46,3260403,82289736.00
2018/02/27,25.40,25.41,25.01,25.27,2484356,62688928.00
2018/02/28,24.90,24.90,24.44,24.82,2510738,62024804.00
2018/03/01,24.61,25.04,24.51,24.96,1850307,45966264.00
2018/03/02,24.70,24.83,24.05,24.18,2827509,69237184.00
2018/03/05,24.22,24.79,24.16,24.58,3142096,76922176.00
2018/03/06,24.71,25.62,24.58,25.45,4689712,118026712.00
2018/03/07,26.46,26.49,25.69,25.78,4732574,122877520.00
2018/03/08,25.80,26.08,25.52,26.06,3475342,89935104.00
2018/03/09,26.00,27.10,25.72,26.66,5312286,141104384.00
2018/03/12,27.47,28.38,27.25,27.76,5035963,140007232.00
2018/03/13,27.40,28.28,27.36,27.46,3474610,96785280.00
2018/03/14,27.40,29.49,27.27,28.65,5316714,151201296.00
2018/03/15,28.65,28.87,27.73,28.09,3166441,89544144.00
2018/03/16,28.07,28.49,27.58,27.58,1906805,53269748.00
2018/03/19,27.55,29.25,27.36,29.10,4213688,120765840.00
2018/03/20,28.61,29.76,28.61,29.20,4608661,135152192.00
2018/03/21,29.20,29.45,28.74,28.89,2041524,59347728.00
2018/03/22,29.05,29.93,28.85,28.88,2644514,77571688.00
2018/03/23,27.92,30.28,27.40,28.90,6203400,181856000.00
2018/03/26,28.44,30.42,27.38,30.37,4932854,145840288.00
2018/03/27,30.43,31.36,29.88,30.14,4649851,141408144.00
2018/03/28,29.30,30.75,29.15,30.03,2992129,90074512.00
2018/03/29,30.08,31.20,30.08,30.75,2834448,86977632.00
2018/03/30,30.61,31.45,30.51,31.24,2669404,83168776.00
2018/04/02,31.26,31.58,30.01,30.38,2824215,86268368.00
2018/04/03,30.01,30.01,29.00,29.59,2081399,61372536.00
2018/04/04,29.69,32.55,29.60,31.20,4843894,152365840.00
2018/04/09,30.70,31.97,30.05,31.93,3262692,101555064.00
2018/04/10,31.53,32.47,30.87,31.51,3360828,106616960.00
2018/04/11,31.50,33.29,31.03,33.03,3901551,126115024.00
2018/04/12,32.79,34.58,32.50,33.78,4054549,136231680.00
2018/04/13,33.90,34.98,33.63,33.95,3374913,115881296.00
2018/04/16,33.81,35.17,33.81,34.88,2649836,91890328.00
2018/04/17,35.00,35.48,32.65,32.96,3758647,126458128.00
2018/04/18,33.50,35.97,32.80,35.01,4934641,170107664.00
2018/04/19,34.99,36.99,34.50,35.94,4751777,170919328.00
2018/04/20,36.11,37.38,35.63,36.09,3423225,124711368.00
2018/04/23,35.90,36.40,34.45,35.65,3578680,126311992.00
2018/04/24,35.37,37.24,34.88,37.19,5581147,200308912.00
2018/04/25,36.75,37.47,36.38,36.82,2651891,97701696.00
2018/04/26,36.78,37.20,34.80,35.20,3763821,134540384.00
2018/04/27,35.49,35.97,34.35,35.89,2815286,99414864.00
2018/05/02,35.84,37.10,35.04,36.71,3416005,124541144.00
2018/05/03,36.53,36.95,35.99,36.92,1938066,70672592.00
2018/05/04,36.83,36.83,35.80,35.91,2324310,84369512.00
2018/05/07,35.99,38.76,35.50,38.02,4478826,167430336.00
2018/05/08,37.98,38.49,37.24,37.88,2515910,94751800.00
2018/05/09,37.69,38.10,37.20,37.91,1837980,69206368.00
2018/05/10,37.80,38.38,37.53,38.05,1634170,61918856.00
2018/05/11,37.90,37.90,35.92,35.97,4082259,149554832.00
2018/05/14,35.79,36.11,35.25,35.39,3291476,116798656.00
2018/05/15,35.39,36.38,35.29,36.13,2179178,78163792.00
2018/05/16,35.76,37.94,35.59,36.69,3277783,121325152.00
2018/05/17,36.82,37.23,36.11,36.56,2535279,92730888.00
2018/05/18,36.56,36.74,35.38,35.92,2085023,74970608.00
2018/05/21,36.06,37.07,35.70,36.97,2627505,95609800.00
2018/05/22,37.12,38.52,36.52,38.20,4031194,151036496.00
2018/05/23,37.81,37.87,36.26,36.39,3892966,143886256.00
2018/05/24,36.49,36.79,35.61,35.82,1962973,70170496.00
2018/05/25,35.73,36.29,34.91,35.78,2240508,79276936.00
2018/05/28,35.60,36.22,34.61,35.87,1950012,68846744.00
2018/05/29,35.81,36.86,35.66,35.72,2005890,72206912.00
2018/05/30,35.23,36.81,34.53,35.71,2386947,84515264.00
2018/05/31,36.31,38.31,36.31,38.06,4931726,182306448.00
2018/06/01,37.51,40.79,37.13,38.50,6751934,261008416.00
2018/06/04,38.42,39.11,37.11,38.63,2972364,112569904.00
2018/06/05,38.31,40.68,38.09,40.27,4565048,180836288.00
2018/06/06,39.93,41.91,39.91,41.25,3907754,158244352.00
2018/06/07,41.21,41.60,39.96,40.67,2377519,95973408.00
2018/06/08,40.61,40.61,39.26,39.91,2484369,97969400.00
2018/06/11,39.91,40.50,38.09,38.37,2655919,102811016.00
2018/06/12,38.51,39.81,37.74,39.40,2664373,102921344.00
2018/06/13,38.91,39.49,36.52,36.61,4067193,152047248.00
2018/06/14,36.56,37.51,36.39,36.44,2741497,100438320.00
2018/06/15,36.71,37.19,35.91,36.36,1863627,67338080.00
2018/06/19,35.71,36.91,35.36,35.74,2912806,104386792.00
2018/06/20,35.88,36.44,34.01,36.29,3627564,126930776.00
2018/06/21,35.81,36.96,35.61,36.27,2763873,99505712.00
2018/06/22,36.29,37.09,35.91,36.99,1750542,63648060.00
2018/06/25,37.28,37.46,36.31,36.46,1548750,56472344.00
2018/06/26,36.26,37.13,35.31,35.42,2006534,72018120.00
2018/06/27,36.86,38.93,36.86,38.90,7619529,291220960.00
2018/06/28,38.06,39.32,38.01,39.00,3991284,153209712.00
2018/06/29,38.71,42.87,38.58,42.87,4438034,182199984.00
2018/07/02,43.41,44.79,42.88,43.97,4448755,193918688.00
2018/07/03,43.53,44.31,41.91,43.76,3398267,145442816.00
2018/07/04,43.26,45.46,42.59,42.64,2856381,124241120.00
2018/07/05,42.22,44.31,41.74,42.90,2689752,114853824.00
2018/07/06,43.46,44.12,39.86,41.49,4014731,166009248.00
2018/07/09,41.91,45.61,41.82,45.61,5046944,220998192.00
2018/07/10,46.21,46.51,44.72,45.44,4053983,183068736.00
2018/07/11,44.53,45.81,43.32,44.84,3087128,136905056.00
2018/07/12,44.58,49.29,44.58,49.29,3607407,169469792.00
2018/07/13,50.21,50.81,47.89,49.77,4417369,216924256.00
2018/07/16,49.28,54.72,48.87,52.05,4870416,251667312.00
2018/07/17,52.11,53.75,51.03,53.37,3269193,171060784.00
2018/07/18,53.12,53.17,50.41,51.71,4032190,206479264.00
2018/07/19,50.91,51.04,48.71,49.83,3620998,178525504.00
2018/07/20,49.52,50.70,47.42,48.99,4119786,200627104.00
2018/07/23,48.31,49.81,47.03,49.34,3235838,155774352.00
2018/07/24,48.62,49.36,47.32,48.96,3546058,171167824.00
2018/07/25,48.96,50.79,48.48,49.70,4089960,202900384.00
2018/07/26,48.79,49.09,47.39,47.64,2965353,141313104.00
2018/07/27,47.96,49.01,46.01,46.13,2764400,131176384.00
2018/07/30,46.76,47.66,45.46,46.15,2890088,133621928.00
2018/07/31,46.43,47.80,46.33,47.56,3372754,158333264.00
2018/08/01,48.26,48.26,46.31,46.52,2636313,122921864.00
2018/08/02,46.16,47.01,43.61,46.34,2616038,118073608.00
2018/08/03,45.96,47.11,45.22,45.53,1545504,70772576.00
2018/08/06,45.31,45.61,41.01,41.40,3804951,162530544.00
2018/08/07,41.62,42.81,39.97,42.39,4907706,201692304.00
2018/08/08,42.20,42.20,38.32,38.54,5197887,206713264.00
2018/08/09,38.38,41.08,38.37,40.43,4006433,159766352.00
2018/08/10,41.30,42.81,40.98,41.88,3066989,127536144.00
2018/08/13,41.42,43.81,41.42,43.45,2765231,117873800.00
2018/08/14,43.60,45.66,43.20,44.02,3100499,137320352.00
2018/08/15,44.48,45.41,41.76,42.66,3015622,130381440.00
2018/08/16,41.63,43.41,40.81,41.62,2615732,109480984.00
2018/08/17,43.81,45.75,42.27,42.78,5754044,251868848.00
2018/08/20,43.62,45.15,43.04,44.51,3499734,152891696.00
2018/08/21,44.68,45.66,44.12,45.25,3504432,156233632.00
2018/08/22,45.32,45.53,43.72,44.37,2174659,95714696.00
2018/08/23,44.63,46.19,44.36,45.80,2929648,132047104.00
2018/08/24,45.64,45.70,44.61,45.11,1756600,78650616.00
2018/08/27,44.82,46.11,43.99,45.78,2568127,115269856.00
2018/08/28,45.56,45.72,44.01,44.68,2443349,108179216.00
2018/08/29,44.47,44.60,42.78,43.30,2531812,109411904.00
2018/08/30,43.44,44.49,42.99,43.42,2071117,90079392.00
2018/08/31,42.91,43.11,41.31,41.64,2479278,103332208.00
2018/09/03,41.41,42.82,41.31,42.40,1779400,74181912.00
2018/09/04,42.40,42.64,41.68,42.30,1624776,68128288.00
2018/09/05,42.01,42.09,40.01,40.30,3148485,127390576.00
2018/09/06,40.09,40.81,38.98,39.30,2463845,97021688.00
2018/09/07,39.50,40.76,39.50,40.10,2796501,111787904.00
2018/09/10,40.04,41.32,39.62,39.81,2355455,95074824.00
2018/09/11,39.53,40.60,38.61,40.31,1787782,70295152.00
2018/09/12,40.30,40.30,37.75,38.25,2711133,104714832.00
2018/09/13,39.11,39.39,37.42,38.40,2038847,77787296.00
2018/09/14,38.40,39.44,37.94,39.14,1799525,69123608.00
2018/09/17,38.81,39.01,37.31,37.78,1536714,57972556.00
2018/09/18,37.31,39.79,37.31,39.78,2017729,77482256.00
2018/09/19,39.71,41.42,39.24,40.95,3523657,141386880.00
2018/09/20,40.77,41.16,40.19,40.19,1467700,59194488.00
2018/09/21,40.78,42.61,40.21,42.60,3384789,139525568.00
2018/09/25,42.31,42.59,41.71,42.44,1979095,82833520.00
2018/09/26,42.42,43.58,41.65,42.71,2249378,95400296.00
2018/09/27,42.45,42.71,41.83,42.22,1187235,49703776.00
2018/09/28,42.44,43.56,42.32,43.44,1512041,64594632.00
2018/10/08,42.51,42.97,40.72,41.50,2000133,82942208.00
2018/10/09,41.29,41.91,39.45,40.11,1459412,58886320.00
2018/10/10,40.11,40.98,39.02,39.78,1786028,70702056.00
2018/10/11,37.82,38.72,35.83,35.83,3300592,121742112.00
2018/10/12,35.61,37.28,35.39,36.85,2036107,73701584.00
2018/10/15,37.02,37.71,35.25,35.31,2115090,76066776.00
2018/10/16,35.41,36.06,33.00,34.08,2378236,81260352.00
2018/10/17,34.81,34.99,32.81,33.98,2699782,90043872.00
2018/10/18,33.61,33.64,31.61,32.16,2337475,75593824.00
2018/10/19,32.22,35.35,31.82,35.35,3541160,118490232.00
2018/10/22,36.71,38.85,36.57,38.32,5280411,199515968.00
2018/10/23,38.29,38.73,37.47,38.02,2951965,111616864.00
2018/10/24,37.64,38.26,36.61,37.03,2215436,81950792.00
2018/10/25,35.60,38.29,35.34,37.60,3067776,112824232.00
2018/10/26,37.52,38.20,36.37,36.59,2404900,87952840.00
2018/10/29,36.59,36.68,34.71,35.29,2010250,70741936.00
2018/10/30,35.31,37.46,34.02,36.68,2829370,101100176.00
2018/10/31,36.62,38.11,36.12,37.63,2155449,80112488.00
2018/11/01,37.50,39.11,37.50,38.66,2395513,91700136.00
2018/11/02,39.76,41.31,39.11,41.16,2830060,112410208.00
2018/11/05,40.75,41.45,39.08,39.65,2543195,100966128.00
2018/11/06,39.66,40.58,39.33,40.13,1537390,60923640.00
2018/11/07,40.31,40.51,39.11,39.61,1379400,54517880.00
2018/11/08,39.91,40.31,38.71,39.07,1212790,47221372.00
2018/11/09,38.72,39.02,37.96,38.05,1652304,62688032.00
2018/11/12,37.71,38.80,36.52,38.61,3951871,147415200.00
2018/11/13,38.16,41.66,37.77,40.45,4276535,170530320.00
2018/11/14,40.40,41.26,39.99,40.51,2274663,91746224.00
2018/11/15,40.91,42.66,40.81,41.93,2502160,104007256.00
2018/11/16,41.88,42.74,40.88,41.61,2192816,90693648.00
2018/11/19,41.68,42.09,40.83,41.15,1337138,54863016.00
2018/11/20,40.63,41.71,40.01,40.33,1709398,69440864.00
2018/11/21,40.31,42.91,40.31,42.86,2582476,106512632.00
2018/11/22,42.86,43.30,42.13,43.06,1438507,61077940.00
2018/11/23,42.83,42.95,41.61,41.81,1454485,60799780.00
2018/11/26,41.70,43.11,41.42,42.57,1229886,51633320.00
2018/11/27,42.66,43.09,42.01,42.24,922757,38922432.00
2018/11/28,41.97,43.14,41.13,42.98,1271247,53579764.00
2018/11/29,42.89,43.51,42.07,42.12,1192784,50784804.00
2018/11/30,41.91,42.73,41.69,41.96,864258,36108380.00
2018/12/03,43.11,45.51,42.51,44.71,2338329,103081040.00
2018/12/04,44.46,45.89,44.31,44.95,1143998,51354816.00
2018/12/05,44.36,45.89,44.36,45.20,1837233,82767472.00
2018/12/06,45.11,46.60,44.71,45.21,1207428,54761320.00
2018/12/07,45.54,46.42,44.64,46.31,1189026,54083416.00
2018/12/10,46.17,46.58,44.91,45.38,1604142,72406736.00
2018/12/11,45.44,46.41,44.76,45.51,1566750,71011912.00
2018/12/12,45.61,46.23,45.29,45.58,706199,32090980.00
2018/12/13,45.62,47.24,45.60,47.22,1207608,55880712.00
2018/12/14,47.00,48.51,46.62,47.71,1434199,67754456.00
2018/12/17,47.35,47.35,42.97,45.61,3671374,162900560.00
2018/12/18,44.29,45.51,43.53,44.21,1822782,80493000.00
2018/12/19,44.50,45.19,42.31,42.79,1603597,69759192.00
2018/12/20,42.67,44.96,42.46,44.51,2052916,89604520.00
2018/12/21,44.60,45.31,43.81,44.45,1260619,55730096.00
2018/12/24,44.37,45.01,44.11,44.55,895559,39606264.00
2018/12/25,44.16,44.97,42.81,44.41,1718018,75227088.00
2018/12/26,44.75,44.77,43.32,43.64,1370017,59895440.00
2018/12/27,44.11,44.54,42.71,43.21,1037304,44876888.00
2018/12/28,43.27,44.78,43.01,44.38,1110847,48341856.00
2019/01/02,44.63,44.63,43.35,44.31,896056,39016720.00
2019/01/03,43.84,44.21,43.56,43.73,791605,34492976.00
2019/01/04,43.41,45.08,42.85,44.66,891568,39043032.00
2019/01/07,45.01,47.11,44.42,46.91,1444356,66229856.00
2019/01/08,46.91,47.14,46.21,46.95,628488,29143944.00
2019/01/09,46.95,49.14,46.61,47.36,1444853,68623312.00
2019/01/10,47.29,47.75,46.95,47.11,495399,23275948.00
2019/01/11,47.11,47.31,45.97,46.86,735473,33930736.00
2019/01/14,47.11,47.11,45.33,45.81,977976,44772840.00
2019/01/15,45.96,46.65,44.79,46.48,1558726,70729552.00
2019/01/16,46.31,46.97,45.72,46.43,621683,28607266.00
2019/01/17,46.20,47.81,45.97,46.76,936303,43549712.00
2019/01/18,46.71,47.99,46.71,47.12,1031320,48610704.00
2019/01/21,47.07,48.91,46.52,46.61,1804540,85092112.00
2019/01/22,46.42,46.78,45.11,45.31,1777887,80491808.00
2019/01/23,45.16,46.47,45.16,46.26,940596,42847220.00
2019/01/24,46.26,46.74,45.35,46.24,966232,44180204.00
2019/01/25,45.81,46.20,45.52,45.84,884800,40259784.00
2019/01/28,45.89,46.10,44.01,44.93,1746737,77930640.00
2019/01/29,44.80,44.89,43.39,44.44,1655589,72683712.00
2019/01/30,43.81,44.83,43.81,44.51,1016511,44889128.00
2019/01/31,44.51,45.08,43.62,44.11,999819,44132280.00
2019/02/01,44.31,45.01,43.69,44.90,1107557,48963032.00
2019/02/11,44.89,46.91,44.33,46.76,1937396,87284176.00
2019/02/12,46.71,47.71,46.19,46.97,1492806,69322936.00
2019/02/13,46.97,47.69,46.33,47.34,1555628,72950360.00
2019/02/14,47.32,47.99,46.92,47.51,1040480,49019808.00
2019/02/15,47.71,47.71,46.46,46.53,964600,44968376.00
2019/02/18,46.80,48.78,46.41,48.66,2034517,96618888.00
2019/02/19,48.65,48.87,47.66,48.17,1327926,63505972.00
2019/02/20,48.17,48.35,46.75,47.52,1373194,64518716.00
2019/02/21,47.49,48.04,46.53,47.06,1470039,69144776.00
2019/02/22,46.98,47.50,46.38,47.36,1587438,73822048.00
2019/02/25,48.37,48.59,46.76,48.21,3453935,163739344.00
2019/02/26,48.11,51.50,47.11,50.26,3636001,178777104.00
2019/02/27,50.11,50.91,48.87,49.57,1792323,88516688.00
2019/02/28,49.43,51.21,49.43,50.91,2069618,104121040.00
2019/03/01,51.31,51.91,50.01,51.57,1511289,76334176.00
2019/03/04,51.31,53.96,50.82,52.56,2376293,125191424.00
2019/03/05,51.71,52.71,51.31,52.34,1630078,83883648.00
2019/03/06,51.81,52.30,50.69,51.67,1642212,84128344.00
2019/03/07,51.16,51.60,49.69,50.16,2131285,106783088.00
2019/03/08,49.82,51.39,48.91,49.86,2190813,109789240.00
2019/03/11,49.91,52.81,49.41,52.67,2605974,134751584.00
2019/03/12,53.51,56.10,53.31,55.04,2728242,148142032.00
2019/03/13,55.04,58.11,54.31,55.71,1756699,98604760.00
2019/03/14,56.26,57.07,53.41,53.81,1622515,87985488.00
2019/03/15,54.86,57.80,53.94,56.81,1987645,111247328.00
2019/03/18,57.60,61.81,57.50,61.81,2806195,166465952.00
2019/03/19,60.43,64.11,59.11,59.60,2897737,176225632.00
2019/03/20,58.60,59.81,58.16,59.39,1861189,109056848.00
2019/03/21,59.31,59.31,58.09,58.61,1905464,110876032.00
2019/03/22,58.32,61.80,58.11,61.41,2383634,141787120.00
2019/03/25,60.30,64.25,59.80,60.82,1703041,104852544.00
2019/03/26,61.42,61.90,58.81,59.57,1675700,99895168.00
2019/03/27,59.64,63.48,59.64,63.32,2045893,125697584.00
2019/03/28,63.32,65.99,62.56,63.92,2077729,133645832.00
2019/03/29,63.11,70.28,62.32,69.68,3660115,243638320.00
2019/04/01,69.66,74.81,67.80,69.71,3972261,279499520.00
2019/04/02,68.87,69.31,67.15,68.81,4086454,276059008.00
2019/04/03,68.25,71.73,67.36,70.49,2666186,184238896.00
2019/04/04,70.56,72.30,68.86,69.72,2082566,145766352.00
2019/04/08,69.51,71.13,67.15,69.56,2642982,180576624.00
2019/04/09,69.08,71.81,68.51,71.74,1672371,118178880.00
2019/04/10,71.41,73.07,69.89,70.56,1554818,110283072.00
2019/04/11,69.99,70.30,65.51,67.31,3005354,202203600.00
2019/04/12,67.26,67.64,65.61,66.36,1460689,96589472.00
2019/04/15,67.19,67.80,63.44,64.01,2888481,187299664.00
2019/04/16,64.41,65.89,64.01,65.76,1764105,114061976.00
2019/04/17,66.05,66.31,64.31,65.26,1667236,108235024.00
2019/04/18,65.66,65.66,64.11,64.22,1355913,87127280.00
2019/04/19,64.31,64.99,60.41,63.19,4001485,248303104.00
2019/04/22,63.19,64.01,60.49,61.32,3013454,185534592.00
2019/04/23,61.71,63.36,61.03,61.71,2438182,150509120.00
2019/04/24,62.09,62.17,60.53,61.05,1830961,111650240.00
2019/04/25,61.31,63.93,60.87,61.03,2434956,150563952.00
2019/04/26,61.19,62.10,59.61,61.61,2472166,149742144.00
2019/04/29,61.61,62.97,60.39,60.77,2719700,166542256.00
2019/04/30,60.79,63.21,60.77,63.16,2522589,156668144.00
2019/05/06,60.51,60.81,56.88,56.96,3865514,225599152.00
2019/05/07,57.08,60.70,57.08,60.61,2935643,173665280.00
2019/05/08,59.02,62.75,59.01,61.06,1633134,99956544.00
2019/05/09,61.00,61.00,58.29,59.54,2270854,134623136.00
2019/05/10,61.21,62.78,59.51,62.63,2207678,135183824.00
2019/05/13,62.61,63.81,60.61,62.45,1487232,92328488.00
2019/05/14,61.74,64.64,61.74,62.94,2116679,133638096.00
2019/05/15,62.74,65.38,62.53,64.74,2165052,136142992.00
2019/05/16,64.54,66.37,64.24,66.10,1740346,112391864.00
2019/05/17,65.76,66.24,63.95,64.40,1379365,88883872.00
2019/05/20,63.48,64.49,61.10,62.74,1073800,66400320.00
2019/05/21,63.17,64.94,62.77,63.79,1078900,68349200.00
2019/05/22,63.93,65.21,63.26,63.69,763634,48360408.00
2019/05/23,63.93,63.93,61.74,61.90,1115141,68920544.00
2019/05/24,61.76,63.87,61.74,63.74,1079775,67259080.00
2019/05/27,63.48,65.11,62.78,64.54,1158651,73448304.00
2019/05/28,64.55,66.20,63.97,65.89,1450330,93608848.00
2019/05/29,64.94,65.71,64.36,65.20,967228,62326984.00
2019/05/30,65.20,65.25,63.86,64.65,816443,52128480.00
2019/05/31,64.26,64.74,63.24,63.36,1525110,96169616.00
2019/06/03,62.49,63.79,60.39,60.87,2538008,153935440.00
2019/06/04,60.61,61.50,59.96,60.70,1151655,68962008.00
2019/06/05,61.23,61.47,60.03,60.23,582470,34749372.00
2019/06/06,60.17,60.34,58.44,59.35,897000,52347852.00
2019/06/10,58.84,59.93,57.98,58.51,1545824,89400184.00
2019/06/11,58.53,61.45,58.14,61.34,2030930,121150424.00
2019/06/12,60.75,61.34,59.44,59.69,1402366,83225440.00
2019/06/13,59.54,59.54,58.34,59.18,1045691,60758008.00
2019/06/14,59.14,60.09,58.76,59.16,1339620,78964232.00
2019/06/17,59.13,61.13,59.13,60.14,1039003,61500804.00
2019/06/18,59.79,60.98,59.24,60.82,896767,53323320.00
2019/06/19,61.94,63.24,61.00,61.81,1973689,121034112.00
2019/06/20,61.85,64.54,61.52,64.08,1569767,98295184.00
2019/06/21,63.74,65.20,62.87,63.54,1303972,81773856.00
2019/06/24,63.44,64.14,62.88,63.59,964129,60538224.00
2019/06/25,63.64,63.67,61.37,62.52,917790,56447804.00
2019/06/26,62.49,65.61,62.04,65.02,1588144,100586296.00
2019/06/27,65.03,66.22,64.68,66.22,1428520,92546728.00
2019/06/28,65.77,67.07,65.30,66.92,1223810,80268688.00
2019/07/01,68.07,69.74,67.00,68.99,1691845,114752776.00
2019/07/02,68.55,70.22,68.49,68.99,1657063,113479232.00
2019/07/03,68.74,71.02,67.30,68.24,2638408,180770016.00
2019/07/04,68.52,69.71,66.97,67.32,1608901,108212440.00
2019/07/05,68.02,69.04,66.86,67.59,1153639,77529792.00
2019/07/08,67.94,67.94,64.44,65.32,1873764,121738464.00
2019/07/09,65.90,67.15,65.18,65.54,874400,57032788.00
2019/07/10,65.59,66.31,64.74,65.00,694793,44887776.00
2019/07/11,65.03,65.61,63.86,63.94,915701,58551052.00
2019/07/12,64.55,65.34,63.75,64.72,797238,51011056.00
2019/07/15,65.14,65.23,62.95,64.19,1031085,65352232.00
2019/07/16,64.19,64.25,62.76,63.24,1129300,70596128.00
2019/07/17,63.07,63.07,61.54,62.28,1176956,72498080.00
2019/07/18,61.70,62.38,60.32,61.04,1598599,96808208.00
2019/07/19,61.09,62.84,60.54,61.47,1131100,68903112.00
2019/07/22,60.84,63.00,59.74,62.61,1437233,87206352.00
2019/07/23,61.84,66.34,61.84,65.73,3216843,208189872.00
2019/07/24,66.07,68.42,66.07,66.74,2410006,160239504.00
2019/07/25,67.74,69.94,67.04,69.20,2273883,154353280.00
2019/07/26,69.34,70.63,68.34,68.80,1931135,132319688.00
2019/07/29,69.59,70.40,67.90,69.27,1927456,132037256.00
2019/07/30,69.94,71.24,67.22,67.57,2320470,157894704.00
2019/07/31,68.05,68.93,66.81,67.86,1902365,128383552.00
2019/08/01,68.41,68.61,66.90,67.10,1360000,90887392.00
2019/08/02,66.62,67.40,64.34,67.08,1389198,91267600.00
2019/08/05,66.74,67.04,64.86,64.97,1479500,96028544.00
2019/08/06,63.74,66.14,62.74,65.64,1667944,106964776.00
2019/08/07,65.64,66.23,64.82,64.96,1240365,80120264.00
2019/08/08,64.96,67.59,64.88,67.34,1300594,85467632.00
2019/08/09,67.19,68.24,66.24,66.63,1793763,118725848.00
2019/08/12,66.23,68.00,65.24,67.74,1330674,87852976.00
2019/08/13,67.73,67.73,65.33,66.12,1078963,70812576.00
2019/08/14,66.25,72.66,66.25,72.66,3654805,256506128.00
2019/08/15,71.64,73.73,71.22,73.73,2846050,203877408.00
2019/08/16,73.73,77.00,72.51,74.31,3565220,263575648.00
2019/08/19,75.34,79.32,74.35,78.23,3076847,235609616.00
2019/08/20,79.11,79.11,75.77,76.50,1619449,123202800.00
2019/08/21,76.99,77.94,75.48,77.14,1761304,133878984.00
2019/08/22,77.00,78.03,76.38,77.20,1160367,88670120.00
2019/08/23,78.31,78.74,74.85,76.91,2691986,204500768.00
2019/08/26,75.84,78.48,75.40,77.24,1463951,111704336.00
2019/08/27,77.72,82.80,76.90,80.54,2119063,168816608.00
2019/08/28,80.48,81.44,78.54,79.76,1163722,91808432.00
2019/08/29,79.75,81.05,78.85,79.20,1096100,86505168.00
2019/08/30,79.59,81.98,78.62,80.94,1508994,120255088.00
2019/09/02,80.30,82.55,79.24,81.90,1752047,140693504.00
2019/09/03,81.33,85.64,80.65,84.58,1647467,136397728.00
2019/09/04,84.17,87.17,82.75,84.90,1583699,133444752.00
2019/09/05,85.10,85.74,81.44,81.93,1755469,144905760.00
2019/09/06,82.40,82.69,80.34,81.57,2006174,161478800.00
2019/09/09,81.84,82.14,80.34,81.21,2698468,215933056.00
2019/09/10,81.24,81.70,79.33,79.56,1669455,132421760.00
2019/09/11,80.12,81.64,77.82,78.04,2446880,193942624.00
2019/09/12,78.79,83.55,78.55,82.69,2768237,224282992.00
2019/09/16,82.04,87.50,81.24,86.83,3047838,257618176.00
2019/09/17,85.74,87.24,85.04,86.84,1544411,131765152.00
2019/09/18,87.01,89.24,86.32,88.74,1693376,147564768.00
2019/09/19,88.74,89.24,86.62,88.32,1216565,106238672.00
2019/09/20,88.74,90.24,87.95,89.41,1125214,99537608.00
2019/09/23,88.75,88.83,85.04,87.06,1761068,151073232.00
2019/09/24,88.74,89.54,85.84,87.75,1792100,155405568.00
2019/09/25,87.47,91.10,85.04,86.02,3217577,280427136.00
2019/09/26,86.74,88.62,81.54,81.81,3617738,300691392.00
2019/09/27,82.74,83.23,80.84,81.75,2414031,196016032.00
2019/09/30,82.64,83.23,80.53,81.91,1501125,122299152.00
2019/10/08,82.64,82.64,79.74,80.64,1867717,149730960.00
2019/10/09,81.14,82.12,79.70,82.00,1171784,93950960.00
2019/10/10,81.88,86.22,80.98,85.73,1895006,158734048.00
2019/10/11,85.73,87.03,84.50,85.04,1532507,130066808.00
2019/10/14,86.03,86.42,83.74,84.42,1468590,123342776.00
2019/10/15,83.56,85.36,82.24,83.17,1389918,115532272.00
2019/10/16,83.23,83.63,80.64,82.31,2164205,175816912.00
2019/10/17,82.73,83.20,81.66,82.96,1549917,126686664.00
2019/10/18,83.37,87.54,83.04,85.72,3180050,269887264.00
2019/10/21,85.74,87.54,83.44,85.04,2536740,215150912.00
2019/10/22,84.71,88.85,83.54,88.32,2305600,197898880.00
2019/10/23,88.74,92.32,88.74,89.96,2390571,214352880.00
2019/10/24,89.62,90.72,86.34,86.66,1524563,132899712.00
2019/10/25,86.92,88.44,85.75,86.95,1270806,109614504.00
2019/10/28,86.85,90.32,85.84,90.27,1228130,107809744.00
2019/10/29,89.92,89.92,87.63,88.77,1133163,100052568.00
2019/10/30,91.04,93.44,89.32,90.54,4210432,382182368.00
2019/10/31,90.54,91.44,88.54,89.20,2521857,225114272.00
2019/11/01,88.74,91.24,87.62,90.94,1558531,138773568.00
2019/11/04,91.24,95.73,90.74,94.38,2362782,219748912.00
2019/11/05,93.93,95.73,93.93,94.64,1345050,126228800.00
2019/11/06,94.04,94.04,89.59,90.25,3054373,276429920.00
2019/11/07,90.23,92.27,90.23,91.12,1897936,171832336.00
2019/11/08,92.59,93.49,90.74,91.55,1358572,124286296.00
2019/11/11,91.44,91.54,88.24,89.54,1828057,161979824.00
2019/11/12,88.73,89.74,86.48,88.89,1787969,155986000.00
2019/11/13,89.05,90.04,87.61,89.94,1461367,129156240.00
2019/11/14,89.96,90.27,88.45,89.56,1647325,145538368.00
2019/11/15,89.24,93.99,88.77,91.94,2255315,206505376.00
2019/11/18,92.61,93.72,91.05,93.29,1296096,118847408.00
2019/11/19,92.78,96.52,92.09,95.51,1666963,156813600.00
2019/11/20,95.59,95.59,93.74,94.74,1262203,118241992.00
2019/11/21,94.64,94.64,91.23,93.04,1410979,129828288.00
2019/11/22,92.97,94.24,84.91,87.67,4325655,379537920.00
2019/11/25,87.69,87.69,83.07,84.09,3527417,296358944.00
2019/11/26,84.39,85.42,82.37,83.91,1492084,123953792.00
2019/11/27,84.42,87.50,82.75,86.19,1897366,161132240.00
2019/11/28,86.06,87.50,85.42,86.00,1004272,86197824.00
2019/11/29,86.00,86.43,83.44,84.72,1159937,97656016.00
2019/12/02,84.72,87.11,84.24,85.74,1174742,100413872.00
2019/12/03,85.10,87.02,84.34,86.99,1030120,87819064.00
2019/12/04,86.25,90.68,86.05,89.64,2047079,181981856.00
2019/12/05,89.10,92.54,89.10,91.01,1104199,100098560.00
2019/12/06,90.94,92.23,90.25,91.44,757100,68524320.00
2019/12/09,91.69,93.74,91.04,91.14,802523,73071776.00
2019/12/10,91.15,93.15,89.74,92.16,764835,69636376.00
2019/12/11,92.16,92.65,89.29,89.80,1197687,107431216.00
2019/12/12,90.49,90.64,88.07,89.03,1131165,99938320.00
2019/12/13,89.54,91.53,88.61,90.70,1032314,92451248.00
2019/12/16,91.11,93.03,90.04,92.44,1204778,109710480.00
2019/12/17,92.60,92.99,90.44,91.33,1377089,124449440.00
2019/12/18,90.56,91.24,88.84,89.74,1398098,124418584.00
2019/12/19,89.74,91.33,88.74,91.31,1197509,106682816.00
2019/12/20,91.31,91.71,89.95,90.54,515802,46221792.00
2019/12/23,90.48,91.94,89.34,89.67,1077062,96484544.00
2019/12/24,89.64,91.46,88.39,91.32,1309557,117164160.00
2019/12/25,91.31,91.74,89.87,90.34,1142339,102544064.00
2019/12/26,90.61,90.61,89.24,89.70,1073244,95432320.00
2019/12/27,89.64,91.24,89.54,89.55,1241273,111213640.00
2019/12/30,89.24,90.12,86.84,88.85,1114825,97857880.00
2019/12/31,88.84,89.72,85.74,88.79,2157577,186346816.00
2020/01/02,88.43,90.04,87.44,90.04,1493168,131893248.00
2020/01/03,90.34,94.40,90.34,90.86,1989467,181992656.00
2020/01/06,89.59,92.70,88.35,91.74,1224445,110351176.00
2020/01/07,91.74,94.24,90.74,93.54,1637246,151513008.00
2020/01/08,93.83,98.34,93.78,96.24,2031536,193665312.00
2020/01/09,95.68,100.32,95.44,98.53,2052597,199582784.00
2020/01/10,98.74,100.73,96.75,99.55,1544291,151961264.00
2020/01/13,98.24,101.62,98.04,100.54,1175083,116191648.00
2020/01/14,100.18,101.13,97.56,98.22,1307261,127766672.00
2020/01/15,98.74,100.22,97.75,99.93,809884,80049064.00
2020/01/16,99.84,106.62,99.14,106.32,1602957,165675632.00
2020/01/17,107.04,111.24,106.74,109.68,1717590,186011904.00
2020/01/20,111.22,111.22,107.07,109.47,982712,106099976.00
2020/01/21,108.74,110.54,107.74,108.76,870250,93816184.00
2020/01/22,107.15,110.65,104.75,109.09,711123,76335664.00
2020/01/23,109.42,110.37,104.00,105.74,1011629,107108112.00
2020/02/03,95.24,97.92,95.24,95.24,2105750,200266704.00
2020/02/04,95.24,101.24,95.14,100.32,2588076,254477680.00
2020/02/05,101.69,103.63,98.92,100.48,1973076,196836464.00
2020/02/06,100.84,101.84,98.54,100.73,1315554,130837536.00
2020/02/07,100.30,109.24,99.94,108.11,1569459,163013600.00
2020/02/10,107.14,107.72,103.26,105.75,1393853,145891440.00
2020/02/11,105.69,110.14,105.14,107.74,1243173,133234040.00
2020/02/12,107.46,110.34,107.33,108.92,1005292,108509528.00
2020/02/13,108.74,109.53,107.15,108.64,1062391,114157944.00
2020/02/14,109.10,111.14,108.47,110.06,1051098,114646112.00
2020/02/17,109.64,110.44,108.24,110.32,1408592,153166144.00
2020/02/18,109.24,114.56,108.80,114.47,2265190,254108960.00
2020/02/19,113.44,119.73,112.77,116.45,1356389,157265376.00
2020/02/20,117.37,120.24,115.54,120.13,1258448,148086976.00
2020/02/21,120.29,121.73,117.29,118.44,1043814,123659632.00
2020/02/24,116.79,120.13,116.44,117.54,1069444,125064368.00
2020/02/25,115.14,122.73,114.75,121.54,1601225,189518048.00
2020/02/26,118.85,120.62,114.27,114.27,1441508,167315632.00
2020/02/27,114.24,118.07,114.04,116.64,1195346,138072176.00
2020/02/28,112.97,116.54,109.65,112.82,1386872,156117952.00
2020/03/02,113.04,117.94,112.84,116.65,1208342,139276176.00
2020/03/03,118.20,120.71,115.99,118.73,1370880,161137216.00
2020/03/04,117.24,118.21,113.15,114.81,2057780,233852528.00
2020/03/05,115.43,116.32,110.84,115.82,1965342,222476160.00
2020/03/06,113.82,117.44,113.52,115.94,1198387,137899504.00
2020/03/09,113.76,113.76,107.42,109.04,1888793,207869552.00
2020/03/10,109.07,112.72,107.32,111.53,1370616,150078384.00
2020/03/11,111.95,119.33,111.95,116.07,2309218,267011776.00
2020/03/12,114.68,115.63,108.51,110.32,2275263,250756960.00
2020/03/13,103.74,111.36,103.24,110.94,1414297,151999328.00
2020/03/16,111.30,111.51,99.94,100.73,2176656,227451056.00
2020/03/17,103.62,104.54,96.91,102.76,2062256,208396528.00
2020/03/18,103.74,109.53,103.35,104.27,1602104,169690160.00
2020/03/19,104.27,106.53,100.72,104.20,1669851,171030048.00
2020/03/20,104.54,109.36,104.54,107.31,1768423,188804768.00
2020/03/23,104.74,109.24,100.96,106.10,1671070,176992720.00
2020/03/24,106.97,109.74,106.35,108.99,1309055,140414528.00
2020/03/25,110.82,112.89,109.84,112.34,1300683,144342624.00
2020/03/26,111.54,114.07,111.04,112.64,974864,109284320.00
2020/03/27,114.38,116.70,111.24,112.64,1180547,133692624.00
2020/03/30,110.87,112.40,108.26,111.76,916326,100407040.00
2020/03/31,113.97,115.97,111.95,115.89,1085104,123516056.00
2020/04/01,115.24,118.24,114.85,116.04,998010,115388032.00
2020/04/02,116.32,116.52,110.92,115.64,1602288,181426368.00
2020/04/03,115.53,119.74,114.45,118.94,1966747,231269472.00
2020/04/07,120.59,123.54,118.95,122.89,1479067,178418736.00
2020/04/08,121.65,123.24,119.74,120.00,904498,108675848.00
2020/04/09,120.54,125.24,120.24,123.23,1168850,142803968.00
2020/04/10,122.74,124.74,118.40,118.79,1304341,156328400.00
2020/04/13,118.93,119.56,115.89,116.77,1061611,123682304.00
2020/04/14,118.74,120.04,116.94,119.82,1328750,156991472.00
2020/04/15,120.74,122.13,118.24,118.93,1000015,119216416.00
2020/04/16,118.74,124.19,117.05,122.14,1283641,153896048.00
2020/04/17,124.00,130.91,123.34,129.58,2004478,254011936.00
2020/04/20,127.75,131.62,127.74,129.94,1040571,134238880.00
2020/04/21,130.74,131.51,127.11,130.24,1261179,162052240.00
2020/04/22,128.74,138.73,128.32,137.37,1498841,201325920.00
2020/04/23,135.44,136.74,129.19,132.74,3655878,482597184.00
2020/04/24,129.36,132.03,128.55,129.54,1283447,166038416.00
2020/04/27,130.34,133.06,128.02,132.40,1106892,143965376.00
2020/04/28,131.74,137.34,129.12,136.06,1068020,142479728.00
2020/04/29,136.00,137.19,131.15,131.17,911682,121353920.00
2020/04/30,132.12,133.19,128.24,129.30,1025773,132641040.00
2020/05/06,130.32,135.26,127.85,134.04,1392778,182911168.00
2020/05/07,135.40,139.24,133.84,136.84,1207332,163754352.00
2020/05/08,136.74,143.02,136.72,142.38,1256162,175533104.00
2020/05/11,143.24,143.74,139.55,139.86,820862,115021752.00
2020/05/12,141.24,147.61,139.32,146.48,1413793,203119584.00
2020/05/13,147.33,156.20,145.33,154.53,1683541,252375872.00
2020/05/14,152.83,159.21,151.36,157.52,1262727,194581040.00
2020/05/15,157.52,159.72,153.10,154.83,1061199,163718016.00
2020/05/18,153.33,167.33,153.33,166.41,1786541,287581856.00
2020/05/19,165.63,170.21,162.33,167.82,1564808,257589392.00
2020/05/20,167.33,167.33,151.17,151.78,3464985,539636864.00
2020/05/21,151.63,153.41,146.36,149.81,1892458,281331168.00
2020/05/22,150.40,156.54,148.37,151.53,2175416,329803680.00
2020/05/25,150.51,156.93,147.83,156.33,1680820,255414480.00
2020/05/26,154.55,165.10,154.55,163.87,1682663,270193344.00
2020/05/27,163.13,168.33,160.64,163.23,1232477,200006752.00
2020/05/28,163.13,163.13,151.82,155.33,2146201,332302496.00
2020/05/29,155.34,164.93,153.75,161.50,2790018,446227584.00
2020/06/01,164.83,165.88,160.46,162.03,1700405,273448864.00
2020/06/02,162.03,162.03,154.23,158.56,2084464,323876576.00
2020/06/03,157.93,161.58,156.31,159.88,1551911,245587456.00
2020/06/04,161.35,163.53,158.33,161.81,942890,150749648.00
2020/06/05,161.71,168.26,160.93,167.14,1841485,302017504.00
2020/06/08,167.86,168.86,151.93,157.02,3177583,496595424.00
2020/06/09,156.33,159.43,154.45,158.84,1405690,219471616.00
2020/06/10,158.92,162.33,155.89,160.03,2033825,322672384.00
2020/06/11,160.01,165.78,159.46,161.24,1658655,267692048.00
2020/06/12,158.93,167.49,156.34,162.84,2581685,421919968.00
2020/06/15,163.74,169.33,162.21,162.78,1405817,229890496.00
2020/06/16,164.83,176.99,164.83,174.98,2230971,380727104.00
2020/06/17,175.51,176.17,168.83,171.18,1718920,293059680.00
2020/06/18,171.30,171.83,167.99,170.23,1307973,220388448.00
2020/06/19,169.48,175.61,169.48,173.84,1631399,280592608.00
2020/06/22,174.38,176.28,167.11,169.13,2628134,445177472.00
2020/06/23,168.33,176.46,168.17,176.30,1937315,332880736.00
2020/06/24,176.28,178.51,171.53,175.18,1488473,257445600.00
2020/06/29,175.18,179.21,172.93,176.11,1315190,229881104.00
2020/06/30,178.99,182.82,176.16,181.35,1165913,208340416.00
2020/07/01,182.33,185.26,178.44,182.56,1219414,219717136.00
2020/07/02,185.53,185.53,176.33,176.89,2145414,382703840.00
2020/07/03,176.89,177.02,169.94,173.43,2102343,360041856.00
2020/07/06,172.33,172.84,162.84,166.53,4535064,754181568.00
2020/07/07,166.82,170.73,162.33,169.22,3841298,638565184.00
2020/07/08,167.33,168.33,164.63,165.52,2737869,450469952.00
2020/07/09,166.33,171.33,163.91,171.33,2846626,476138208.00
2020/07/10,170.41,175.87,169.43,174.58,2447564,421742688.00
2020/07/13,176.14,176.33,172.43,174.33,2551540,439793376.00
2020/07/14,174.40,175.32,163.79,167.28,3588531,598536320.00
2020/07/15,167.96,175.06,167.33,172.51,2849284,485575520.00
2020/07/16,170.43,171.32,157.82,158.82,3180187,516857984.00
2020/07/17,157.36,165.93,155.23,163.83,2845555,458955168.00
2020/07/20,165.86,166.76,152.53,161.48,2433162,384812800.00
2020/07/21,161.34,173.32,159.44,171.43,3300931,552219712.00
2020/07/22,171.33,176.33,169.33,171.33,2347197,402756576.00
2020/07/23,171.33,177.93,170.03,175.53,2385188,414275584.00
2020/07/24,175.22,177.19,165.33,167.80,1880335,318457120.00
2020/07/27,168.35,170.22,163.33,166.56,2080993,342847456.00
2020/07/28,169.33,174.21,167.03,172.83,1877983,320438720.00
2020/07/29,173.55,185.21,172.83,181.03,3749929,671091328.00
2020/07/30,181.42,183.33,178.09,180.62,1859271,334188864.00
2020/07/31,180.84,190.23,180.84,188.84,2691377,497231328.00
2020/08/03,190.22,194.81,186.34,187.72,2160030,405545472.00
2020/08/04,187.33,190.33,181.88,183.72,2069076,382033056.00
2020/08/05,183.71,192.43,182.36,190.55,1750828,329337856.00
2020/08/06,192.73,192.73,186.48,187.33,1236195,230802944.00
2020/08/07,185.25,191.13,179.91,185.83,1847785,338574208.00
2020/08/10,186.50,188.96,181.43,182.43,1768900,321828416.00
2020/08/11,183.04,184.23,178.33,178.56,1560950,280012928.00
2020/08/12,178.83,179.81,170.83,175.40,1966786,340066624.00
2020/08/13,176.33,179.33,175.21,176.73,1183420,208048816.00
2020/08/14,175.88,180.13,174.55,179.83,1058986,187480032.00
2020/08/17,179.80,180.27,175.86,178.13,1325859,234006560.00
2020/08/18,178.32,181.65,177.55,179.24,1258896,224822784.00
2020/08/19,179.15,179.24,174.61,174.66,913062,160234816.00
2020/08/20,172.21,175.93,170.35,173.58,1035251,178032160.00
2020/08/21,173.33,178.23,173.33,175.93,1292846,225829312.00
2020/08/24,178.06,181.05,173.93,180.50,1872598,332153216.00
2020/08/25,180.99,188.19,178.53,188.01,1982613,364762464.00
2020/08/26,178.73,183.31,171.62,172.07,3717591,646486272.00
2020/08/27,171.21,174.54,165.10,173.93,3939728,661130496.00
2020/08/28,171.13,176.81,171.03,176.28,1652173,286003360.00
2020/08/31,176.33,182.93,174.12,180.92,1987077,353338880.00
2020/09/01,179.33,183.11,178.59,182.21,1166227,209630672.00
2020/09/02,181.23,185.73,179.51,181.02,1307322,236401008.00
2020/09/03,181.87,194.28,181.44,187.33,2440974,456035904.00
2020/09/04,184.49,186.52,177.33,179.52,1768633,316446688.00
2020/09/07,179.09,183.10,171.53,172.52,1477708,257964640.00
2020/09/08,173.33,174.33,162.33,165.33,2450326,405008576.00
2020/09/09,163.33,163.33,151.10,151.10,2527521,390677376.00
2020/09/10,153.18,159.09,151.33,152.29,2227216,341423680.00
2020/09/11,152.29,153.81,149.33,152.03,1813396,271684864.00
2020/09/14,153.74,154.32,141.83,144.86,3290134,475219648.00
2020/09/15,144.93,149.43,139.53,148.05,3191251,462480928.00
2020/09/16,147.83,149.93,144.46,145.33,1407557,204293936.00
2020/09/17,145.85,146.03,140.55,141.86,2122136,299179072.00
2020/09/18,143.43,145.74,141.44,144.33,1459199,208236128.00
2020/09/21,143.83,147.79,141.93,142.43,1527116,217696416.00
2020/09/22,141.93,144.64,140.01,140.23,1129206,158642496.00
2020/09/23,140.36,143.53,139.55,143.11,1752289,246700992.00
2020/09/24,143.33,143.33,138.49,140.02,1484733,205931552.00
2020/09/25,139.44,142.32,139.44,140.43,1314855,183591104.00
2020/09/28,141.21,143.91,137.13,138.33,2326197,323419936.00
2020/09/29,139.31,141.73,137.43,140.14,1236227,171482800.00
2020/09/30,140.85,150.17,139.77,145.37,2668176,385246400.00
2020/10/09,148.99,149.59,142.85,145.95,2497153,360226464.00
2020/10/12,145.99,157.33,144.32,155.53,2390156,360766080.00
2020/10/13,156.34,161.31,153.60,160.16,1437775,224774496.00
2020/10/14,161.83,165.43,158.34,162.09,1676228,271116032.00
2020/10/15,162.09,163.01,157.54,158.08,1344781,212515680.00
2020/10/16,158.25,161.43,158.08,160.73,1323840,210035840.00
2020/10/19,160.73,161.33,156.83,158.03,1349888,211913424.00
2020/10/20,157.88,163.71,157.57,163.32,1061469,169266864.00
2020/10/21,163.46,169.23,162.34,165.43,1310324,214521200.00
2020/10/22,165.74,165.83,161.13,163.89,954817,154545600.00
2020/10/23,163.96,165.23,151.33,154.21,1556309,241786240.00
2020/10/26,152.83,153.21,147.83,151.33,805600,120579032.00
2020/10/27,152.33,158.31,151.42,157.83,1286906,198768640.00
2020/10/28,163.58,173.48,163.58,173.48,3345360,567186688.00
2020/10/29,173.99,180.83,173.48,176.61,3500435,615664576.00
2020/10/30,181.48,181.60,173.35,174.44,1970628,343867584.00
2020/11/02,175.43,178.33,174.58,176.79,1450134,253756064.00
2020/11/03,176.14,176.90,172.50,173.98,1138087,196809600.00
2020/11/04,175.31,178.82,174.13,178.02,1105987,194666032.00
2020/11/05,179.38,184.13,178.34,183.32,1546921,279410144.00
2020/11/06,190.24,190.24,177.83,183.30,1758790,317148288.00
2020/11/09,185.33,187.60,177.89,185.30,1420834,258921536.00
2020/11/10,184.33,184.80,177.33,182.47,1213201,218322864.00
2020/11/11,183.33,185.77,177.83,178.63,933120,168106512.00
2020/11/12,181.13,182.33,177.13,179.02,956380,170304224.00
2020/11/13,179.32,182.41,174.57,180.21,1201267,214698320.00
2020/11/16,180.25,180.53,170.55,178.93,2021444,352710752.00
2020/11/17,173.74,173.74,168.34,169.83,2753909,466322944.00
2020/11/18,169.83,172.33,167.31,171.78,1541553,260737840.00
2020/11/19,170.51,176.32,166.34,173.62,1048249,179338624.00
2020/11/20,175.83,180.33,173.33,174.33,1306344,229320192.00
2020/11/23,175.23,176.80,169.23,173.14,1552651,264468592.00
2020/11/24,173.81,175.33,166.53,168.64,1646954,276331936.00
2020/11/25,170.16,170.16,160.88,160.99,1593358,258919408.00
2020/11/26,161.49,162.33,153.84,159.52,1661042,259502768.00
2020/11/27,159.00,160.21,156.70,159.10,927570,145640992.00
2020/11/30,157.73,159.11,153.00,155.69,1538594,238566352.00
2020/12/01,158.43,165.57,156.89,164.33,2069522,332633120.00
2020/12/02,165.91,167.88,162.04,164.00,1486935,242352736.00
2020/12/03,163.92,168.33,162.14,166.21,978633,160949392.00
2020/12/04,166.07,169.12,165.93,167.38,1087657,181036384.00
2020/12/07,167.38,169.02,165.68,166.00,1078287,179032480.00
2020/12/08,165.11,172.16,164.03,170.48,1348530,226219424.00
2020/12/09,170.17,170.48,165.88,167.03,910444,151872912.00
2020/12/10,167.31,169.43,163.03,167.49,909143,150889712.00
2020/12/11,168.03,170.33,162.33,163.33,1470622,242194048.00
2020/12/14,165.15,166.53,162.85,165.03,1391394,227611200.00
2020/12/15,165.03,166.82,163.91,165.76,1238271,203261888.00
2020/12/16,166.33,169.97,165.76,168.18,1688191,281811104.00
2020/12/17,169.33,181.33,168.33,181.33,3719283,646090496.00
2020/12/18,180.33,180.91,176.36,177.63,2037253,360705344.00
2020/12/21,177.03,179.83,176.01,177.70,1621585,285713120.00
2020/12/22,177.33,178.33,171.20,171.53,1348676,234333952.00
2020/12/23,172.83,174.21,169.34,170.13,1286162,218533920.00
2020/12/24,170.07,171.96,163.85,165.83,1391665,230368928.00
2020/12/25,164.43,169.99,163.33,169.69,1204932,199433120.00
2020/12/28,169.69,169.69,163.53,164.06,1624629,266599088.00
2020/12/29,164.01,168.53,161.53,166.43,1315252,215698544.00
2020/12/30,166.83,174.05,166.38,173.70,1370160,232171296.00
2020/12/31,173.23,179.82,171.83,179.33,2075187,365391520.00
2021/01/04,180.33,183.20,178.34,181.28,1847573,332196896.00
2021/01/05,181.83,199.28,179.43,199.28,2666079,509834528.00
2021/01/06,201.33,204.85,193.33,200.33,2500998,495276672.00
2021/01/07,202.67,206.88,198.78,205.32,1980657,400141184.00
2021/01/08,206.32,210.83,200.33,208.53,1748595,358251776.00
2021/01/11,207.13,212.19,202.64,206.76,1928288,396647904.00
2021/01/12,199.33,208.33,193.32,207.23,2492778,500096128.00
2021/01/13,210.32,211.43,199.48,204.50,1963824,398698528.00
2021/01/14,204.34,204.34,193.33,195.17,1714731,335547424.00
2021/01/15,193.04,194.10,186.55,190.59,1724260,324779872.00
2021/01/18,190.72,193.63,185.22,191.28,1195154,226228496.00
2021/01/19,192.37,192.82,185.43,186.23,1214315,227014752.00
2021/01/20,186.60,191.33,185.44,190.12,1654770,310734592.00
2021/01/21,191.33,195.99,190.32,191.47,1853975,354851904.00
2021/01/22,193.33,201.31,192.48,194.23,2236338,433896128.00
2021/01/25,194.23,199.33,189.34,196.53,2232835,431842656.00
2021/01/26,196.56,197.49,182.43,182.93,2772295,512236256.00
2021/01/27,185.33,187.99,180.83,185.74,1588367,291175808.00
2021/01/28,185.33,189.32,181.35,183.57,1662337,305553088.00
2021/01/29,184.33,192.61,183.69,187.33,1826750,342459328.00
2021/02/01,187.33,190.32,184.65,186.01,1366196,253448192.00
2021/02/02,186.33,193.21,180.11,192.83,1735067,325407360.00
2021/02/03,192.73,197.31,190.83,195.15,1660017,321699168.00
2021/02/04,195.23,204.22,193.86,199.25,2252149,446621152.00
2021/02/05,200.65,201.13,195.33,196.03,1679312,330017152.00
2021/02/08,196.15,199.91,192.43,199.02,1138368,222847072.00
2021/02/09,201.33,218.79,197.40,216.05,3579784,758031744.00
2021/02/10,215.33,215.33,206.52,210.53,3183397,667572864.00
2021/02/18,213.75,215.33,190.63,192.23,3225955,638620800.00
2021/02/19,188.77,193.51,178.80,187.34,3292617,604038528.00
2021/02/22,187.33,188.57,179.62,181.39,2264129,413124640.00
2021/02/23,179.45,184.17,177.85,181.36,1391186,250350928.00
2021/02/24,181.83,183.32,173.63,177.08,2110495,371291776.00
2021/02/25,179.93,179.93,171.33,176.47,1406865,243518544.00
2021/02/26,173.33,174.19,167.02,169.33,2014095,340104096.00
2021/03/01,170.33,174.98,168.66,174.98,1114459,190413632.00
2021/03/02,176.35,183.01,174.42,181.33,1983602,353919296.00
2021/03/03,183.33,189.18,178.74,186.66,1968897,361667680.00
2021/03/04,183.33,184.31,174.93,175.88,1530791,271375840.00
2021/03/05,172.34,182.32,169.33,181.83,1563348,271346464.00
2021/03/08,182.33,183.25,171.32,171.82,1324583,233509312.00
2021/03/09,170.23,174.83,167.33,169.53,1664768,282545376.00
2021/03/10,173.11,175.83,169.53,171.23,1253926,214320480.00
2021/03/11,171.33,176.43,171.32,174.49,1714803,295669376.00
2021/03/12,174.50,176.19,169.33,174.63,1392141,237877632.00
2021/03/15,174.63,174.63,158.32,164.23,1824117,299760000.00
2021/03/16,169.83,169.83,159.43,165.03,1267431,205941552.00
2021/03/17,161.92,166.12,160.32,164.15,1066827,172942704.00
2021/03/18,164.12,168.59,162.84,165.33,1666110,272697568.00
2021/03/19,161.31,164.23,154.53,155.33,2038148,319888512.00
2021/03/22,154.33,157.83,147.93,157.14,2764911,419800192.00
2021/03/23,156.33,159.76,155.83,157.73,1092065,170624704.00
2021/03/24,157.33,160.20,154.73,156.58,955036,148982512.00
2021/03/25,154.75,162.88,153.98,161.36,1292671,204861136.00
2021/03/26,161.21,163.32,158.44,160.48,1374187,219574400.00
2021/03/29,159.33,164.63,158.47,161.32,1341197,215396160.00
2021/03/30,161.32,166.24,160.55,162.06,1311504,212121568.00
2021/03/31,162.61,163.31,156.22,160.68,1242951,195877968.00
2021/04/01,160.33,162.50,159.53,162.32,879130,140665024.00
2021/04/02,162.38,168.91,162.34,165.71,1300151,213791952.00
2021/04/06,167.41,167.41,161.33,162.33,1091701,176418272.00
2021/04/07,162.78,162.79,156.84,160.32,1202442,190230880.00
2021/04/08,160.32,169.46,158.55,166.42,1969496,323698720.00
2021/04/09,165.84,169.10,162.70,164.08,959835,157002032.00
2021/04/12,164.33,168.32,161.56,167.53,2023736,332599168.00
2021/04/13,166.33,174.82,165.73,170.84,2154447,367971232.00
2021/04/14,171.87,175.96,168.73,174.16,1565055,268972896.00
2021/04/15,174.27,180.23,174.17,176.78,1883675,329882784.00
2021/04/16,178.33,178.33,170.35,171.76,1774300,303992256.00
2021/04/19,172.33,181.33,170.56,181.27,2034217,359288800.00
2021/04/20,182.01,187.31,181.33,182.38,1658467,303459648.00
2021/04/21,183.13,187.83,182.39,187.63,1622709,300171808.00
2021/04/22,188.68,195.83,188.54,194.73,2236045,427729536.00
2021/04/23,186.26,186.26,176.93,179.53,3555741,635252160.00
2021/04/26,178.95,181.31,174.26,177.96,2477501,437630112.00
2021/04/27,177.96,182.99,176.42,181.32,1404755,251541952.00
2021/04/28,181.33,183.63,177.93,181.83,2083044,373781728.00
2021/04/29,182.33,183.84,178.65,180.87,1220683,219147680.00
2021/04/30,181.33,184.78,178.33,184.08,2383344,431102272.00
2021/05/06,184.08,185.08,176.86,180.64,1457052,260724336.00
2021/05/07,180.54,183.98,173.03,173.53,1325768,233095488.00
2021/05/10,174.33,182.09,172.44,178.31,1564268,276938976.00
2021/05/11,178.66,179.32,172.83,175.03,994406,173021136.00
2021/05/12,174.42,176.21,171.63,175.51,894574,154810768.00
2021/05/13,175.17,175.33,172.53,173.74,950714,163901312.00
2021/05/14,173.69,177.55,169.13,176.58,1816490,313411968.00
2021/05/17,176.33,184.33,175.92,181.42,1678378,301956800.00
2021/05/18,180.76,181.93,174.43,176.13,1146330,201147488.00
2021/05/19,176.13,176.14,173.01,173.52,890753,153871728.00
2021/05/20,173.11,175.83,172.55,173.37,1075439,185422288.00
2021/05/21,171.66,173.28,159.63,160.13,4269278,691850432.00
2021/05/24,159.33,164.33,156.44,164.33,1845873,295913856.00
2021/05/25,164.06,168.03,161.48,166.99,1999190,327159840.00
2021/05/26,166.99,168.82,165.34,166.91,1192650,197530448.00
2021/05/27,167.35,171.21,165.43,169.81,1268532,212665056.00
2021/05/28,169.81,171.93,167.78,168.80,958393,161468992.00
2021/05/31,167.14,172.32,167.13,172.32,1170261,197399248.00
2021/06/01,173.30,174.83,167.57,173.43,2052212,349617344.00
2021/06/02,174.75,174.75,167.05,168.36,1232742,206616656.00
2021/06/03,167.44,169.93,165.79,166.67,1108745,183942608.00
2021/06/04,167.05,176.85,165.74,175.04,2429056,415693504.00
2021/06/07,176.85,180.01,175.35,178.55,1841322,323423776.00
2021/06/08,181.05,183.31,176.05,179.54,1690660,300666048.00
2021/06/09,179.05,180.90,172.85,174.04,1262766,218751680.00
2021/06/10,174.44,180.82,173.05,177.33,1336991,234907952.00
2021/06/11,177.35,179.21,172.55,175.41,1613743,281744480.00
2021/06/15,175.90,181.55,175.40,176.05,1856187,328524800.00
2021/06/16,175.98,179.55,172.18,177.75,1684859,292925120.00
2021/06/17,176.05,177.54,173.06,175.71,1287815,223609280.00
2021/06/18,177.05,179.59,174.58,179.25,1746358,306851968.00
2021/06/21,180.05,186.73,178.54,186.35,2519786,458022208.00
2021/06/22,186.55,188.84,182.99,188.05,1742723,321167328.00
2021/06/23,189.30,189.37,180.04,184.80,2547458,464257056.00
2021/06/24,184.79,188.03,181.24,185.05,1370556,249821040.00
2021/06/25,186.43,189.04,184.05,188.66,1704124,315132096.00
2021/06/28,189.84,195.55,188.71,195.35,1829802,349824672.00
2021/06/29,195.35,202.93,194.09,201.92,2078554,410690976.00
2021/06/30,201.95,202.67,197.35,198.76,853280,168581136.00
2021/07/01,201.05,211.89,198.55,206.05,1945910,396612096.00
2021/07/02,205.99,206.82,194.23,197.49,1892250,372772864.00
2021/07/05,196.05,199.20,193.60,197.85,1392882,271660544.00
2021/07/06,197.17,198.45,179.16,182.71,2651957,487074912.00
2021/07/07,182.65,191.15,181.35,185.05,1782710,327783360.00
2021/07/08,185.76,186.44,177.05,178.05,1602728,286023200.00
2021/07/09,176.64,177.05,169.39,176.16,2048112,351843392.00
2021/07/12,176.20,186.52,172.68,186.04,1588670,285902368.00
2021/07/13,186.04,187.05,182.23,186.01,839998,153734000.00
2021/07/14,184.14,192.43,183.14,188.30,1172875,219005216.00
2021/07/15,188.18,188.72,184.52,185.55,851046,156800688.00
2021/07/16,184.71,185.05,180.05,182.18,1381535,248751792.00
2021/07/19,179.93,185.40,179.26,180.57,853850,153317360.00
2021/07/20,180.29,182.66,179.27,180.78,578059,103226272.00
2021/07/21,180.05,185.45,178.05,184.20,1101284,197698496.00
2021/07/22,185.06,185.38,180.13,181.08,1179371,211576656.00
2021/07/23,182.09,182.09,174.05,174.26,1747275,303382912.00
2021/07/26,172.55,174.05,167.05,170.17,1529793,257574720.00
2021/07/27,167.05,172.85,162.55,164.64,2092896,348702496.00
2021/07/28,161.63,165.26,160.05,162.42,1321013,212083808.00
2021/07/29,165.87,168.05,157.55,159.25,1480779,234925296.00
2021/07/30,160.55,163.68,158.47,163.15,1550374,247502752.00
2021/08/02,162.06,170.21,161.61,168.90,1115692,183982368.00
2021/08/03,169.00,180.05,167.85,179.35,1701557,295213728.00
2021/08/04,179.18,184.65,178.05,184.05,1312623,237227968.00
2021/08/05,188.05,188.05,183.11,185.55,1208161,222269264.00
2021/08/06,184.85,185.96,180.39,182.05,1104435,198934976.00
2021/08/09,182.04,187.05,180.70,182.05,933873,168413632.00
2021/08/10,182.05,183.45,179.61,181.77,1493946,267565776.00
2021/08/11,180.63,183.21,179.05,180.34,1058918,189499056.00
2021/08/12,180.88,182.38,178.55,178.55,718787,127841272.00
2021/08/13,176.06,180.35,175.05,177.64,899722,157867584.00
2021/08/16,176.05,183.93,175.15,180.01,1327140,236705056.00
2021/08/17,181.89,186.04,180.05,181.05,1727119,312499616.00
2021/08/18,180.05,185.05,180.05,181.34,1077472,194212624.00
2021/08/19,183.95,186.47,181.06,184.90,1342792,244681696.00
2021/08/20,184.90,184.90,167.05,178.93,3338617,569283456.00
2021/08/23,172.03,176.25,168.10,174.35,1122704,191819712.00
2021/08/24,172.05,175.05,171.57,172.05,1266157,215755904.00
2021/08/25,169.05,170.57,162.05,165.05,2455510,399267584.00
2021/08/26,164.05,164.56,159.14,159.25,1701492,270058880.00
2021/08/27,161.05,161.96,153.85,155.73,1809107,280643232.00
2021/08/30,155.71,158.94,152.05,158.73,1408708,217591072.00
2021/08/31,158.35,160.55,152.05,159.24,2004570,306930336.00
2021/09/01,157.06,161.41,153.55,160.36,1590007,248656048.00
2021/09/02,160.55,162.65,156.20,156.21,1226802,192484128.00
2021/09/03,155.05,161.23,154.16,159.83,865964,135854304.00
2021/09/06,159.90,167.05,156.56,166.25,1622322,260170048.00
2021/09/07,164.25,177.05,164.07,177.05,2425265,413011936.00
2021/09/08,175.27,178.05,170.05,170.05,1383707,236396496.00
2021/09/09,169.36,173.82,168.27,170.69,761434,128672880.00
2021/09/10,171.10,181.55,171.10,177.64,1756306,308733312.00
2021/09/13,178.35,180.55,175.05,177.20,676306,118961792.00
2021/09/14,177.20,179.94,174.05,175.42,707272,123027160.00
2021/09/15,174.86,176.35,170.05,174.85,702320,120550720.00
2021/09/16,174.75,176.93,171.26,172.05,1037841,176978000.00
2021/09/17,174.03,180.55,167.94,180.44,1311877,229147984.00
2021/09/22,177.05,183.23,176.05,180.56,865018,155011968.00
2021/09/23,181.98,182.05,173.05,174.16,1459307,253335904.00
2021/09/24,174.70,184.05,174.69,184.03,2246851,403682208.00
2021/09/27,182.29,187.05,180.65,185.50,1533607,281272608.00
2021/09/28,184.05,184.05,176.05,178.05,1030073,182397136.00
2021/09/29,175.85,181.30,172.86,180.21,970016,170033776.00
2021/09/30,179.61,182.05,173.55,175.55,1056053,182787024.00
2021/10/08,174.24,186.80,173.18,180.70,1355458,243340976.00
2021/10/11,180.00,184.03,178.25,180.51,689095,123302384.00
2021/10/12,180.57,186.05,178.05,184.03,953523,172402368.00
2021/10/13,183.55,189.05,181.65,186.79,1026046,188959760.00
2021/10/14,185.64,185.64,180.16,182.45,603408,108785392.00
2021/10/15,184.07,192.03,181.11,191.82,1727967,323267072.00
2021/10/18,192.04,196.04,188.05,191.05,1912087,363932736.00
2021/10/19,189.55,193.05,188.36,191.00,675405,127413352.00
2021/10/20,190.80,194.05,188.75,190.64,730453,137404064.00
2021/10/21,192.05,197.05,191.33,194.38,1489124,286164928.00
2021/10/22,196.04,196.04,190.55,193.52,831360,158460960.00
2021/10/25,192.05,196.83,191.07,196.19,1075883,207679536.00
2021/10/26,194.95,198.93,191.77,191.79,889515,171557328.00
2021/10/27,192.06,194.02,188.15,193.55,748806,142190656.00
2021/10/28,197.05,212.70,194.71,212.70,2309149,476952000.00
2021/10/29,215.82,226.48,199.46,203.05,4024289,833464128.00
2021/11/01,205.03,212.70,200.04,200.35,2670319,544969536.00
2021/11/02,198.85,204.05,196.14,197.96,1689447,333627360.00
2021/11/03,197.41,203.79,195.16,202.34,1272674,251834080.00
2021/11/04,203.04,208.34,200.23,207.05,1354958,275583360.00
2021/11/05,207.05,210.85,205.28,207.54,1110756,229405744.00
2021/11/08,205.05,207.49,200.07,201.05,964969,193406160.00
2021/11/09,202.05,202.85,198.70,202.06,662856,132224432.00
2021/11/10,201.58,212.03,200.06,209.34,1708300,353080160.00
2021/11/11,209.24,209.25,195.51,201.95,1741481,345893536.00
2021/11/12,200.86,201.90,191.04,192.25,1406138,270462464.00
2021/11/15,192.55,193.54,188.64,190.94,749387,141264896.00
2021/11/16,190.35,195.05,186.21,194.29,954686,181301760.00
2021/11/17,193.05,194.03,189.57,192.34,510538,96987136.00
2021/11/18,194.04,197.55,189.21,197.10,965890,185986576.00
2021/11/19,196.70,200.55,193.12,200.42,902093,176400432.00
2021/11/22,201.05,202.54,196.79,199.26,695701,137703568.00
2021/11/23,199.16,203.63,197.05,199.03,701597,138688464.00
2021/11/24,197.63,202.05,197.32,198.08,561458,110642336.00
2021/11/25,200.05,205.71,194.49,195.12,733230,143437168.00
2021/11/26,194.62,196.70,192.55,193.13,520399,99908992.00
2021/11/29,190.80,195.05,189.85,193.42,967247,183874432.00
2021/11/30,193.42,202.05,193.05,200.70,1071692,210173264.00
2021/12/01,201.86,201.90,195.33,196.45,738696,144217744.00
2021/12/02,196.57,198.57,194.55,197.57,606528,117848640.00
2021/12/03,198.37,201.22,193.66,201.05,722996,141690320.00
2021/12/06,201.20,201.35,196.11,196.24,523813,102788520.00
2021/12/07,197.02,200.54,195.22,200.16,684056,134483264.00
2021/12/08,197.05,199.05,195.09,197.24,854140,166702224.00
2021/12/09,198.53,213.35,197.63,210.22,1835061,377947232.00
2021/12/10,207.31,212.93,206.30,210.44,1539258,319690272.00
2021/12/13,213.02,217.15,208.50,210.05,1076778,225031088.00
2021/12/14,211.52,211.52,206.05,206.55,753768,155442096.00
2021/12/15,207.37,208.85,204.45,204.52,502795,102794512.00
2021/12/16,206.55,207.94,203.70,205.95,411914,83866376.00
2021/12/17,205.50,206.02,200.05,201.05,499339,99591416.00
2021/12/20,199.17,200.84,194.85,199.56,650557,127310160.00
2021/12/21,199.22,215.74,197.48,212.00,1581771,327251648.00
2021/12/22,212.99,215.55,209.47,214.46,1027063,216836496.00
2021/12/23,212.05,217.05,210.26,212.47,946145,199525360.00
2021/12/24,212.43,217.61,209.56,216.29,622785,132079832.00
2021/12/27,216.35,218.05,213.18,215.05,805691,172035504.00
2021/12/28,215.05,215.05,209.71,211.05,819640,171619776.00
2021/12/29,213.05,213.45,206.55,208.50,869438,180187328.00
2021/12/30,207.74,211.52,204.66,207.09,709325,145861744.00
2021/12/31,208.05,212.71,205.73,210.36,892183,185521664.00
2022/01/04,210.11,214.06,204.05,207.75,1085843,223883232.00
2022/01/05,207.08,210.92,205.23,206.03,497400,101828984.00
2022/01/06,205.76,206.67,198.05,200.49,916230,182287008.00
2022/01/07,199.05,201.67,190.64,191.18,1086185,208635872.00
2022/01/10,190.06,193.23,187.06,190.80,1068865,200790768.00
2022/01/11,191.05,196.65,190.06,193.70,805636,154438288.00
2022/01/12,194.85,196.55,191.05,192.53,651662,124600384.00
2022/01/13,192.55,192.55,185.33,186.63,937000,173961072.00
2022/01/14,186.22,189.72,183.79,186.54,678437,125643312.00
2022/01/17,185.41,187.54,182.16,186.56,667464,122707280.00
2022/01/18,186.70,188.48,182.61,187.18,559518,102874040.00
2022/01/19,186.07,186.55,178.55,180.20,910199,162896432.00
2022/01/20,181.45,181.98,177.29,178.65,713998,126409072.00
2022/01/21,178.70,181.55,175.05,180.05,853174,151573808.00
2022/01/24,180.98,181.53,177.69,178.55,613838,108586888.00
2022/01/25,178.05,180.03,173.63,173.98,653536,113896088.00
2022/01/26,174.39,179.05,174.39,175.02,807844,141047136.00
2022/01/27,175.42,177.60,172.05,172.36,815699,140592800.00
2022/01/28,176.95,176.95,170.25,171.10,607775,103498224.00
2022/02/07,173.42,179.03,172.05,174.63,647740,112303144.00
2022/02/08,174.63,178.45,171.08,173.55,618987,105721928.00
2022/02/09,173.90,174.05,169.04,173.24,786345,133353632.00
2022/02/10,173.29,174.05,169.55,170.27,611296,103470552.00
2022/02/11,170.85,173.55,168.07,170.43,755642,128047464.00
2022/02/14,169.55,174.03,168.35,173.76,526143,89576904.00
2022/02/15,173.26,178.34,171.76,178.02,812805,141426288.00
2022/02/16,178.53,189.67,177.05,186.40,1490299,272576832.00
2022/02/17,188.62,190.05,185.62,188.95,797760,148874128.00
2022/02/18,188.05,194.05,187.05,190.75,839578,157971040.00
2022/02/21,190.68,191.04,186.07,187.92,558612,103992224.00
2022/02/22,188.03,188.84,185.05,186.05,690552,127131584.00
2022/02/23,186.08,188.53,185.05,186.91,420956,77708408.00
2022/02/24,185.72,187.79,182.05,183.75,646289,117385160.00
2022/02/25,183.94,188.35,183.94,184.84,694713,127745096.00
2022/02/28,183.64,188.00,181.25,188.00,1067644,195651088.00
2022/03/01,186.96,187.93,184.28,185.63,866604,159319520.00
2022/03/02,185.26,186.38,179.55,183.84,654554,118318872.00
2022/03/03,184.85,185.04,178.05,178.10,729414,129725664.00
2022/03/04,177.61,181.81,177.05,178.43,628724,111404304.00
2022/03/07,177.55,180.04,174.86,175.65,822445,143927968.00
2022/03/08,174.05,177.28,168.71,168.80,753101,128247640.00
2022/03/09,170.22,171.26,163.45,169.22,2212667,364147264.00
2022/03/10,177.23,185.87,174.05,182.55,2684365,483052256.00
2022/03/11,181.99,183.26,177.62,182.15,1183897,211347024.00
2022/03/14,180.23,181.54,172.21,172.26,989896,171588656.00
2022/03/15,172.26,173.25,160.63,161.55,1635602,266759072.00
2022/03/16,163.94,165.04,157.15,164.05,1307857,208462144.00
2022/03/17,166.90,176.09,166.06,174.06,1410498,239693792.00
2022/03/18,175.05,176.05,172.05,176.05,1063006,183283168.00
2022/03/21,175.55,179.85,172.76,179.05,1116794,196100608.00
2022/03/22,178.65,179.84,176.05,176.10,470835,82367664.00
2022/03/23,176.46,181.39,174.56,180.07,931540,164293840.00
2022/03/24,178.69,183.05,178.69,182.36,815088,145956544.00
2022/03/25,182.38,186.05,181.26,182.57,692598,125927632.00
2022/03/28,183.95,187.45,181.26,186.25,809256,148170144.00
2022/03/29,187.04,188.04,183.08,184.20,592636,108403536.00
2022/03/30,183.74,190.05,182.05,189.95,1067054,197806768.00
2022/03/31,190.05,193.83,188.27,190.58,1229980,232878144.00
2022/04/01,188.35,193.18,188.05,192.05,979980,185686704.00
2022/04/06,191.95,191.95,181.42,183.35,1092883,200357440.00
2022/04/07,182.86,182.86,175.55,177.85,1003080,177257984.00
2022/04/08,178.05,185.05,174.86,182.52,890397,159898672.00
2022/04/11,180.55,184.63,178.07,180.40,669553,119715576.00
2022/04/12,179.53,188.05,179.53,187.63,769254,139951328.00
2022/04/13,186.04,189.38,184.71,186.44,671749,124194352.00
2022/04/14,188.04,189.55,184.75,187.81,582400,107887072.00
2022/04/15,186.95,189.05,185.05,186.15,363180,66904136.00
2022/04/18,182.15,190.05,182.05,189.83,423800,78767584.00
2022/04/19,188.98,190.55,183.80,185.05,524163,96555672.00
2022/04/20,185.93,185.93,181.04,181.40,805991,145540976.00
2022/04/21,180.05,187.93,180.05,183.41,872953,159849200.00
2022/04/22,190.42,198.05,187.05,195.82,2665886,513613824.00
2022/04/25,195.24,195.48,188.52,188.86,1681892,318112064.00
2022/04/26,188.19,202.04,187.90,200.11,2599495,511180544.00
2022/04/27,198.05,202.71,196.33,200.64,1367377,270456576.00
2022/04/28,200.63,204.04,196.18,197.72,1367050,269952416.00
2022/04/29,193.81,206.04,192.67,203.51,1695452,339254528.00
2022/05/05,195.08,198.72,190.15,196.60,2537984,491989152.00
2022/05/06,193.93,198.04,190.94,193.54,996494,191250000.00
2022/05/09,189.71,197.24,189.05,190.79,913582,173380976.00
2022/05/10,186.40,197.93,184.84,196.02,1321279,252855904.00
2022/05/11,198.44,202.85,193.28,201.53,1348953,268255088.00
2022/05/12,199.05,199.13,193.05,196.49,857121,165946656.00
2022/05/13,196.79,198.93,193.06,195.04,764285,147318576.00
2022/05/16,194.26,197.05,190.97,194.04,952008,183164000.00
2022/05/17,193.32,198.95,192.56,197.78,720070,140229360.00
2022/05/18,198.04,199.03,193.36,195.07,779566,151106720.00
2022/05/19,194.05,196.75,193.16,195.31,670802,129531680.00
2022/05/20,196.04,204.55,196.04,198.99,1495615,296169600.00
2022/05/23,197.95,199.65,195.28,197.80,973211,190399440.00
2022/05/24,200.48,200.92,191.05,191.05,908479,174910560.00
2022/05/25,192.32,195.25,188.55,195.05,1084011,206215376.00
2022/05/26,196.07,200.58,194.06,200.39,1131480,222034128.00
2022/05/27,203.93,212.55,200.26,211.36,2051118,425285120.00
2022/05/30,215.43,223.55,210.77,214.38,1901130,288649632.00
2022/05/31,215.75,220.64,206.79,220.61,2199082,334301344.00
2022/06/01,219.24,220.04,212.99,213.37,1994542,303515232.00
2022/06/02,211.51,219.62,211.51,217.43,2183833,333457088.00
2022/06/06,217.56,234.72,212.63,224.84,2916029,462616800.00
2022/06/07,224.95,233.67,222.43,228.52,2287703,368149120.00
2022/06/08,228.90,232.34,223.80,226.46,2062862,330370816.00
2022/06/09,226.46,226.91,220.75,222.78,2002664,315721120.00
2022/06/10,222.01,227.75,219.21,226.69,2079333,330143904.00
2022/06/13,225.36,228.46,222.74,227.15,1671506,265692896.00
2022/06/14,225.62,229.04,221.81,228.10,1366047,217611936.00
2022/06/15,229.71,232.54,225.64,225.75,1554872,250609824.00
2022/06/16,225.30,231.36,221.34,226.84,2471324,395573248.00
2022/06/17,224.11,232.23,222.50,229.09,2462440,395214528.00
2022/06/20,229.15,230.41,221.73,222.11,2622546,414146016.00
2022/06/21,221.31,225.34,219.94,221.45,2314186,362239008.00
2022/06/22,221.45,223.40,214.59,216.97,2995436,460236160.00
2022/06/23,218.17,223.80,216.41,222.99,1976634,307554752.00
2022/06/24,224.11,224.53,217.81,222.39,1642396,256736160.00
2022/06/27,222.29,229.01,220.69,226.98,1864413,298644192.00
2022/06/28,226.85,230.69,225.36,230.12,1421089,229393920.00
2022/06/29,231.56,235.10,229.72,231.70,2270981,373185568.00
2022/06/30,232.51,236.70,232.23,234.16,2068822,343779392.00
2022/07/01,233.91,233.91,224.33,224.96,1552599,248399664.00
2022/07/04,230.82,237.96,225.79,237.30,2392191,395745888.00
2022/07/05,238.11,238.94,228.39,229.71,1492628,242995072.00
2022/07/06,226.91,230.80,224.57,226.66,1261828,201750032.00
2022/07/07,228.76,229.36,221.37,225.29,1956329,311043328.00
2022/07/08,224.61,228.31,220.19,221.31,1884289,296055872.00
2022/07/11,221.31,224.11,216.61,220.12,1491044,230901312.00
2022/07/12,218.17,222.35,216.75,217.54,1646326,253732016.00
2022/07/13,218.58,222.08,217.81,219.60,1511051,234599280.00
2022/07/14,219.59,225.89,217.25,224.35,1606555,253149216.00
2022/07/15,225.50,230.82,222.96,228.27,1480736,238834176.00
2022/07/18,226.91,229.09,222.12,223.41,1577422,250394128.00
2022/07/19,223.03,226.73,222.85,225.23,911971,144332704.00
2022/07/20,226.49,235.28,226.49,234.09,1561919,256564016.00
2022/07/21,232.15,236.01,231.46,233.97,1169807,193477472.00
2022/07/22,230.58,236.60,227.90,235.59,1832323,302018336.00
2022/07/25,237.62,238.36,234.33,236.43,1459196,243350528.00
2022/07/26,236.57,247.36,235.42,247.03,2688425,463490272.00
2022/07/27,250.43,258.52,247.74,252.60,2440345,437395360.00
2022/07/28,252.11,252.81,246.03,248.82,1718969,303098528.00
2022/07/29,247.64,253.51,245.29,249.67,1480025,260362784.00
2022/08/01,248.93,252.91,245.54,252.78,1235325,218183584.00
2022/08/02,250.71,262.39,249.32,254.49,1818035,327773376.00
2022/08/03,253.34,259.10,250.71,251.83,1196772,214594464.00
2022/08/04,254.29,255.47,243.30,247.42,1716586,299789216.00
2022/08/05,247.49,251.52,244.14,247.56,986551,171799872.00
2022/08/08,247.42,253.51,243.57,245.82,1461289,254641792.00
2022/08/09,245.81,247.31,242.31,246.51,765587,132478248.00
2022/08/10,245.11,248.75,243.16,245.11,668651,115858928.00
2022/08/11,246.05,247.20,241.08,243.78,1017022,175439488.00
2022/08/12,244.87,246.09,242.46,244.31,845253,145590144.00
2022/08/15,242.98,244.23,237.10,237.97,2049548,345187872.00
2022/08/16,237.49,240.07,234.75,239.51,855682,144125168.00
2022/08/17,240.07,243.85,236.86,239.48,942092,159656048.00
2022/08/18,238.11,239.79,233.22,233.70,1370761,227465024.00
2022/08/19,233.91,234.47,226.99,232.09,1727929,282802560.00
2022/08/22,231.81,237.83,228.32,235.83,1330038,220217792.00
2022/08/23,238.11,239.16,230.62,233.03,1485318,244216976.00
2022/08/24,232.48,235.80,229.12,230.30,1532200,249590064.00
2022/08/25,229.09,236.99,229.01,230.83,1497095,245679072.00
2022/08/26,231.57,247.90,231.57,234.61,3255381,547182464.00
2022/08/29,230.91,236.01,226.91,228.95,2421496,392788608.00
2022/08/30,228.73,230.13,225.06,226.78,1333670,213911984.00
2022/08/31,226.70,230.94,225.05,226.91,1218520,195980720.00
2022/09/01,227.40,232.22,226.59,228.66,1277598,206411392.00
2022/09/02,226.64,230.38,222.01,223.69,1146391,181589056.00
2022/09/05,221.46,223.41,218.51,220.89,1295566,201621248.00
2022/09/06,221.73,221.93,215.71,218.90,1913910,293792672.00
2022/09/07,217.14,219.07,213.67,214.39,1829921,277897856.00
2022/09/08,215.05,222.11,213.61,219.81,1798405,276499616.00
2022/09/09,218.02,228.38,218.02,224.81,1681584,266323760.00
2022/09/13,225.92,228.87,219.21,227.22,1738295,276453760.00
2022/09/14,227.19,235.31,224.18,230.79,1653830,269650432.00
2022/09/15,230.79,232.72,227.01,227.85,1492745,241218736.00
2022/09/16,229.15,233.67,224.71,224.71,1738336,279576256.00
2022/09/19,224.81,227.83,219.91,226.35,2306817,365003264.00
2022/09/20,227.08,228.74,221.59,224.92,1005113,159681712.00
2022/09/21,231.70,236.46,220.75,220.99,2084953,335054752.00
2022/09/22,218.54,229.71,217.71,222.09,1265929,198979680.00
2022/09/23,221.13,224.52,217.89,221.28,816986,127140416.00
2022/09/26,219.45,227.60,219.45,222.44,2331162,366999296.00
2022/09/27,222.49,228.31,220.12,227.75,1667757,265560528.00
2022/09/28,224.81,232.61,224.81,228.87,1239325,200723840.00
2022/09/29,230.44,239.80,228.95,231.81,1638966,270054816.00
2022/09/30,229.95,236.19,229.71,231.01,1050685,171830656.00
2022/10/10,228.52,248.15,228.52,239.48,2901843,493206176.00
2022/10/11,239.50,244.56,237.14,241.60,1801398,306922336.00
2022/10/12,241.47,243.71,237.13,242.73,1537707,261024240.00
2022/10/13,242.70,246.51,240.36,241.02,1059838,181505120.00
2022/10/14,242.27,250.01,240.21,245.49,1416840,245912768.00
2022/10/17,246.12,249.52,243.25,248.43,1487738,259603616.00
2022/10/18,248.61,254.74,239.06,241.65,2117087,364551296.00
2022/10/19,242.73,244.41,239.50,242.93,1545448,264283776.00
2022/10/20,242.21,251.59,240.53,245.05,1605955,279765792.00
2022/10/21,246.19,247.91,240.91,241.75,1229897,210887424.00
2022/10/24,240.10,240.91,226.91,227.34,2784813,454077856.00
2022/10/25,224.17,232.19,224.17,226.84,2512757,403125216.00
2022/10/26,227.92,247.90,227.78,246.79,3596179,613530944.00
2022/10/27,243.29,246.51,229.71,231.87,3744290,621061568.00
2022/10/28,231.11,246.13,231.11,235.95,2114626,356747936.00
2022/10/31,239.50,243.43,231.26,236.92,2332651,393041792.00
2022/11/01,239.24,243.23,233.21,242.07,2008539,339087680.00
2022/11/02,239.65,254.21,238.73,250.93,3424311,600293184.00
2022/11/03,247.91,249.17,244.55,245.31,1582672,274896896.00
2022/11/04,242.98,251.93,242.90,249.10,1716393,301599008.00
2022/11/07,248.95,254.85,246.93,249.23,2000265,354266304.00
2022/11/08,249.62,251.27,244.55,249.28,1324017,231463152.00
2022/11/09,247.77,249.48,244.55,245.56,755855,131471448.00
2022/11/10,244.63,247.18,241.19,246.51,917584,158471792.00
2022/11/11,250.01,251.79,242.70,243.74,1753071,304422368.00
2022/11/14,246.48,247.46,232.51,233.60,2897688,486742368.00
2022/11/15,234.19,242.94,233.91,240.62,2484610,419681216.00
2022/11/16,239.65,243.70,235.53,238.39,1284517,217107168.00
2022/11/17,236.60,238.94,234.75,237.19,996668,166221088.00
2022/11/18,238.53,242.31,236.71,238.32,1300204,219458144.00
2022/11/21,236.72,239.36,234.05,238.50,1090986,182537392.00
2022/11/22,237.58,242.30,237.13,238.11,1105310,187089808.00
2022/11/23,236.71,242.66,236.42,239.93,1180747,200178624.00
2022/11/24,238.96,242.13,236.72,238.15,627727,105500960.00
2022/11/25,237.84,240.21,234.61,239.15,739809,124185128.00
2022/11/28,237.13,240.90,236.01,240.18,986024,165771136.00
2022/11/29,243.04,244.98,240.63,242.35,1494443,256100656.00
2022/11/30,242.73,242.73,237.06,240.32,865798,146217728.00
2022/12/01,241.65,249.28,241.65,245.25,1603238,277586560.00
2022/12/02,243.54,247.77,243.01,245.89,1074790,186348320.00
2022/12/05,245.32,247.21,235.31,235.38,2208761,373884064.00
2022/12/06,235.45,245.39,235.45,238.38,2118593,359688672.00
2022/12/07,236.85,239.33,234.13,234.55,1903075,317160800.00
2022/12/08,233.63,234.61,226.57,232.01,2319983,376297344.00
2022/12/09,229.86,233.03,226.91,229.96,2175657,352299584.00
2022/12/12,229.61,233.04,226.92,230.49,1505770,245904624.00
2022/12/13,230.09,231.38,226.03,229.01,1297300,209683152.00
2022/12/14,228.25,236.01,227.61,234.01,1569499,258262560.00
2022/12/15,237.52,237.73,231.46,237.73,1321818,218459440.00
2022/12/16,234.61,234.69,229.15,232.03,1589754,258550784.00
2022/12/19,229.71,231.85,227.61,229.47,1144343,184764624.00
2022/12/20,229.84,229.84,224.14,224.25,1058887,168537776.00
2022/12/21,226.91,226.91,221.70,223.06,782893,123469368.00
2022/12/22,222.71,227.33,221.87,224.53,1430629,226896576.00
2022/12/23,222.72,227.05,221.38,225.26,641700,101841952.00
2022/12/26,225.54,226.90,223.90,226.17,795892,126675504.00
2022/12/27,226.91,236.15,225.52,233.01,1471580,241073680.00
2022/12/28,231.25,235.87,230.80,234.32,1124518,185831776.00
2022/12/29,232.75,238.81,232.66,238.47,1212518,203019472.00
2022/12/30,238.82,239.20,235.32,237.38,792448,132779312.00
2023/01/03,237.34,240.81,235.45,237.26,1018836,170997088.00
2023/01/04,237.41,239.48,233.91,237.30,839964,140599616.00
2023/01/05,236.71,244.26,235.87,242.30,1908269,326053664.00
2023/01/06,241.75,243.71,238.47,239.51,1600147,271566272.00
2023/01/09,239.54,244.12,237.97,242.74,1042509,178136928.00
2023/01/10,242.59,243.71,239.75,242.63,782981,133979376.00
2023/01/11,242.42,244.72,238.81,239.54,1196904,203431808.00
2023/01/12,239.09,240.56,235.46,236.16,972978,162791408.00
2023/01/13,237.55,239.48,234.13,239.22,808990,135850432.00
2023/01/16,239.36,246.41,237.30,237.96,2613548,446398688.00
2023/01/17,238.11,240.22,235.59,238.49,1860111,312368448.00
2023/01/18,238.11,239.34,236.30,237.97,1152363,193475264.00
2023/01/19,236.23,238.38,235.73,238.00,793432,132757600.00
2023/01/20,236.99,238.38,233.32,235.04,1494072,247787712.00
2023/01/30,238.19,239.33,234.19,234.33,1660750,277323552.00
2023/01/31,235.51,240.06,233.20,233.90,2998131,498411680.00
2023/02/01,233.49,236.23,230.86,231.36,2003280,328603232.00
2023/02/02,230.96,233.80,229.54,231.24,1797503,293123008.00
2023/02/03,232.50,233.63,229.44,229.74,1636947,266529968.00
2023/02/06,230.91,230.97,228.31,229.81,1374115,222743552.00
2023/02/07,230.16,233.18,228.70,232.51,1713391,278786112.00
2023/02/08,231.39,235.45,230.13,230.49,1355045,221944656.00
2023/02/09,235.31,235.31,231.42,234.19,1620524,266937376.00
2023/02/10,235.31,242.27,233.35,239.31,2424355,409247200.00
2023/02/13,239.44,257.02,239.44,255.04,3585801,638797824.00
2023/02/14,253.92,256.31,251.52,256.31,1946333,349303200.00
2023/02/15,256.52,257.67,251.83,254.87,1362939,244689088.00
2023/02/16,253.03,261.21,252.50,257.96,1786792,325915200.00
2023/02/17,255.51,276.40,254.91,270.44,2890942,550463552.00
2023/02/20,270.93,273.07,266.42,268.36,2136652,404839008.00
2023/02/21,268.50,268.74,263.14,264.72,1419534,265833104.00
2023/02/22,263.87,267.03,262.40,264.63,1006833,188389776.00
2023/02/23,263.32,265.35,258.56,260.51,1422936,261869744.00
2023/02/24,260.79,261.85,257.71,257.71,1460517,267731440.00
2023/02/27,256.91,259.67,256.10,257.92,1167441,212576256.00
2023/02/28,257.95,260.93,257.56,258.41,1217804,223173664.00
2023/03/01,258.61,258.61,252.50,254.63,2008182,360353664.00
2023/03/02,253.37,265.63,253.23,264.25,2743937,505503168.00
2023/03/03,263.46,269.39,260.06,261.60,1950528,363005568.00
2023/03/06,260.69,267.23,260.69,265.56,1524386,285426720.00
2023/03/07,266.10,266.10,261.91,261.99,1009996,188005072.00
2023/03/08,261.14,263.23,258.26,260.89,823452,151712320.00
2023/03/09,260.89,266.50,257.81,266.50,1411084,262077680.00
2023/03/10,265.94,265.94,257.71,258.62,1365055,251380608.00
2023/03/13,258.52,261.06,257.71,260.75,783149,143317200.00
2023/03/14,258.86,260.51,254.04,258.23,1249930,226299920.00
2023/03/15,259.10,259.10,251.61,251.72,1028943,184896224.00
2023/03/16,252.68,259.89,252.11,256.45,1245875,226065296.00
2023/03/17,256.45,259.07,253.51,254.85,1170581,210968032.00
2023/03/20,252.95,253.89,246.90,247.77,1296237,227552816.00
2023/03/21,249.30,251.94,247.31,251.27,1032665,182353728.00
2023/03/22,250.57,254.35,249.03,252.47,843089,150091728.00
2023/03/23,252.10,257.01,250.32,253.06,548327,98313968.00
2023/03/24,252.18,253.51,250.95,251.21,520181,92509008.00
2023/03/27,249.10,253.34,247.99,250.29,685196,121388496.00
2023/03/28,251.14,253.65,249.03,251.75,817126,145254880.00
2023/03/29,254.01,261.60,251.94,261.49,1689740,309041088.00
2023/03/30,259.12,261.91,255.75,259.63,1312068,239397728.00
2023/03/31,259.63,262.15,256.87,257.50,865658,158413792.00
2023/04/03,258.56,258.62,252.01,252.67,1360168,243981072.00
2023/04/04,252.11,252.67,245.11,248.51,1576456,275957184.00
2023/04/06,247.11,251.38,245.68,245.81,875014,153240928.00
2023/04/07,246.15,251.05,245.85,250.23,835645,147088400.00
2023/04/10,247.91,248.40,241.22,246.36,1205256,207652336.00
2023/04/11,247.20,248.68,244.58,246.51,1412122,245528768.00
2023/04/12,245.81,246.54,241.05,242.28,1606496,275775712.00
2023/04/13,252.11,256.31,246.01,249.34,2850861,505897120.00
2023/04/14,252.61,262.12,250.57,259.32,2919680,534499840.00
2023/04/17,255.33,259.08,244.10,244.13,2828343,495088864.00
2023/04/18,238.50,246.16,238.50,244.41,2689671,461034112.00
2023/04/19,243.71,247.91,240.77,240.77,2119154,363553152.00
2023/04/20,241.68,241.71,234.50,235.51,2024537,337453440.00
2023/04/21,233.91,238.04,231.40,232.51,2228175,370149472.00
2023/04/24,233.18,236.01,222.96,224.10,3555610,566899200.00
2023/04/25,225.03,234.26,225.03,234.12,2732122,445071296.00
2023/04/26,230.98,235.16,226.21,228.60,1774321,287225472.00
2023/04/27,227.72,236.43,227.72,234.48,1476617,243798224.00
2023/04/28,232.66,239.51,232.58,237.97,1073338,178993488.00
2023/05/04,234.41,237.40,228.46,232.89,1855963,304142752.00
2023/05/05,233.63,233.92,228.69,231.67,1415289,230712784.00
2023/05/08,231.67,233.20,228.59,229.07,1133458,184002800.00
2023/05/09,226.91,227.90,220.02,220.32,2717557,428068864.00
2023/05/10,220.32,228.32,219.91,226.66,2314519,366813056.00
2023/05/11,228.31,233.29,227.33,232.51,1746823,284748416.00
2023/05/12,230.41,232.51,228.32,229.25,742292,120287512.00
2023/05/15,227.58,229.57,226.59,229.54,887381,142778160.00
2023/05/16,229.71,235.02,229.05,234.34,2244647,368776288.00
2023/05/17,231.22,233.97,228.04,228.80,1048235,170083504.00
2023/05/18,232.51,233.14,226.92,231.11,1228835,199925936.00
2023/05/19,231.32,235.07,228.31,233.91,1652026,271076736.00
2023/05/22,238.53,246.78,235.34,246.31,2623022,450368864.00
2023/05/23,246.06,246.06,241.62,242.34,2011321,345255616.00
2023/05/24,243.71,245.11,240.63,241.93,1252825,214430656.00
2023/05/25,243.71,246.29,241.30,245.66,2316520,399435744.00
2023/05/26,243.53,244.41,238.53,240.91,1209111,204999728.00
2023/05/29,245.21,250.01,238.66,242.95,2663806,324796160.00
2023/05/30,242.86,244.58,239.35,241.44,2578974,312948224.00
2023/05/31,242.64,246.31,237.58,239.48,2674513,323520128.00
2023/06/01,240.97,244.82,236.94,239.05,2429151,292872352.00
2023/06/02,238.09,246.07,237.70,238.35,2794720,337319808.00
2023/06/05,243.25,243.25,231.49,233.82,2038439,239402368.00
2023/06/06,232.55,237.11,231.55,234.53,1715029,201890928.00
2023/06/07,234.53,235.98,232.78,234.13,1257595,147458128.00
2023/06/08,232.17,234.13,228.70,232.02,2367087,274037120.00
2023/06/09,229.98,231.47,217.69,217.69,6560264,730693952.00
2023/06/12,216.79,225.00,216.42,224.78,3714677,409765120.00
2023/06/13,221.69,229.31,215.02,220.32,2830996,313402880.00
2023/06/14,221.12,227.96,219.34,226.00,1936713,218292352.00
2023/06/15,224.45,230.21,223.06,229.12,1734968,196528000.00
2023/06/16,229.14,229.14,224.92,225.67,1542167,174662544.00
2023/06/19,224.35,224.90,218.53,219.59,1889219,208830448.00
2023/06/20,218.53,221.49,216.79,218.16,1740167,190703680.00
2023/06/21,216.49,217.91,211.69,211.75,2021591,216133264.00
2023/06/26,208.16,213.83,206.05,212.26,1825774,192456128.00
2023/06/27,211.75,223.41,211.75,221.69,2501396,276549952.00
2023/06/28,219.94,227.12,219.94,223.06,1463959,164643904.00
2023/06/29,223.04,223.14,217.77,219.73,998947,110051056.00
2023/06/30,221.02,226.78,219.73,224.43,1587744,178517424.00
2023/07/03,224.33,232.31,224.33,228.39,1706264,195688288.00
2023/07/04,228.49,229.19,222.55,223.26,1539450,173018352.00
2023/07/05,224.45,224.53,220.51,221.35,1318481,146472608.00
2023/07/06,220.02,222.67,217.12,217.14,1031152,112917240.00
2023/07/07,215.93,217.53,213.95,214.28,914932,98543544.00
2023/07/10,215.22,219.69,212.95,215.00,822692,88847144.00
2023/07/11,214.08,217.49,213.87,214.28,1033846,111391488.00
2023/07/12,214.04,214.28,210.12,210.61,2438890,258088464.00
2023/07/13,216.38,229.18,216.38,227.57,5932176,660754560.00
2023/07/14,227.67,231.80,223.65,225.61,3184994,362830368.00
2023/07/17,226.61,226.61,221.73,224.92,1245055,139851216.00
2023/07/18,223.65,225.61,221.14,222.00,1444214,161240224.00
2023/07/19,220.92,223.41,220.04,220.32,1086776,120289648.00
2023/07/20,221.16,226.41,220.34,222.28,1323773,148228272.00
2023/07/21,221.06,226.92,220.71,222.71,1258011,141131184.00
2023/07/24,223.84,224.00,214.83,219.30,2169869,236590208.00
2023/07/25,221.69,225.65,217.40,220.43,2256695,249897920.00
2023/07/26,219.73,222.39,218.75,220.08,1364276,150498880.00
2023/07/27,219.73,226.98,218.26,222.90,2055789,229968224.00
2023/07/28,221.81,232.31,221.71,231.92,2438132,279928480.00
2023/07/31,231.68,235.19,223.82,225.31,3322715,377394912.00
2023/08/01,225.61,229.92,224.04,225.39,1879568,213378656.00
2023/08/02,224.22,226.10,220.94,221.20,1545240,172021488.00
2023/08/03,223.59,228.25,221.51,226.29,2157428,243521856.00
2023/08/04,226.33,228.23,222.06,223.16,2047992,229396736.00
2023/08/07,221.69,223.14,218.51,219.75,2136052,235376736.00
2023/08/08,219.75,223.37,218.77,222.02,1499539,166616352.00
2023/08/09,221.08,221.08,219.18,219.77,1121175,123300728.00
2023/08/10,219.53,221.47,219.16,220.00,699130,77112144.00
2023/08/11,219.49,220.71,214.85,217.32,1806567,196636240.00
2023/08/14,215.61,218.45,214.55,217.87,1782383,193888048.00
2023/08/15,217.71,220.08,215.12,219.06,1254836,136976656.00
2023/08/16,217.57,219.92,215.83,216.79,1278756,139178112.00
2023/08/17,216.22,222.69,215.12,220.04,1664712,183319568.00
2023/08/18,219.63,221.88,217.24,217.57,1148804,126448024.00
2023/08/21,217.22,218.83,209.34,210.36,2493780,265689232.00
2023/08/22,209.10,209.93,193.86,198.32,7816462,778141760.00
2023/08/23,197.85,200.72,196.21,200.13,2704088,268577152.00
2023/08/24,198.56,203.79,198.56,202.46,1855811,186741584.00
2023/08/25,205.01,205.97,197.99,199.17,1842677,184692256.00
2023/08/28,210.52,210.52,194.25,197.99,3134291,310484064.00
2023/08/29,195.58,199.85,194.03,198.76,2601433,256383024.00
2023/08/30,205.34,217.18,204.83,214.69,5373088,569133696.00
2023/08/31,214.55,223.61,209.73,223.16,4225333,465102720.00
2023/09/01,222.67,226.22,219.90,221.92,2102542,235058208.00
2023/09/04,224.22,228.55,218.94,226.00,2908047,328484288.00
2023/09/05,227.57,230.21,224.24,225.84,1987106,225622496.00
2023/09/06,224.20,226.61,219.06,221.41,1800771,199888416.00
2023/09/07,219.81,222.37,215.12,215.22,1629972,177848016.00
2023/09/08,215.28,217.14,214.06,215.46,1250244,134944160.00
2023/09/11,215.20,218.18,213.46,215.36,1770977,191488576.00
2023/09/12,214.97,214.97,210.01,212.28,2201057,233116176.00
2023/09/13,210.12,214.44,210.12,214.04,1696322,180112144.00
2023/09/14,212.87,213.73,209.67,211.30,2114034,223119648.00
2023/09/15,210.48,211.28,204.24,206.77,2919595,302186560.00
2023/09/18,206.77,208.93,206.03,207.56,2162611,224369184.00
2023/09/19,207.30,207.91,204.05,206.97,1747497,179721664.00
2023/09/20,206.77,208.07,205.05,207.11,1516449,156810640.00
2023/09/21,206.01,206.26,204.20,204.95,1015020,104006280.00
2023/09/22,204.24,207.97,203.99,207.71,1572588,162326352.00
2023/09/25,206.99,210.71,205.38,208.28,1625545,169935280.00
2023/09/26,208.50,212.65,208.18,208.18,1143796,120205064.00
2023/09/27,208.71,210.87,207.09,209.93,1507738,158021904.00
2023/09/28,209.36,210.32,201.64,203.26,2465738,251475568.00
2023/10/09,203.26,203.26,197.97,200.15,2091225,209091808.00
2023/10/10,200.05,202.23,198.76,201.05,1784003,178592704.00
2023/10/11,202.26,203.97,199.93,200.32,2105300,212229904.00
2023/10/12,202.07,203.66,197.82,198.32,2908962,291616512.00
2023/10/13,198.17,199.11,195.23,198.64,2036110,200088432.00
2023/10/16,198.11,198.11,192.99,195.37,2569572,250105952.00
2023/10/17,195.80,198.52,193.84,197.19,1325788,130563368.00
2023/10/18,195.74,198.93,194.62,195.62,1388436,136139744.00
2023/10/19,194.25,197.85,193.29,194.27,1282930,125265944.00
2023/10/20,193.46,195.46,191.64,192.27,1215290,116812256.00
2023/10/23,192.64,192.78,185.45,187.15,2206004,205862096.00
2023/10/24,189.76,202.89,188.13,202.44,6513218,645586624.00
2023/10/25,206.75,207.73,196.19,199.72,4796502,477585088.00
2023/10/26,198.46,198.46,192.84,194.64,3226169,312992672.00
2023/10/27,193.82,201.46,193.03,201.05,3952105,390586112.00
2023/10/30,199.30,202.48,197.91,200.87,1954244,195331856.00
2023/10/31,202.85,209.69,200.87,208.44,3482380,357770752.00
2023/11/01,210.57,213.38,208.67,212.81,2592634,273119904.00
2023/11/02,212.69,213.73,209.36,211.10,2125698,223991936.00
2023/11/03,210.67,212.04,208.95,209.71,1440373,150831616.00
2023/11/06,214.20,217.14,209.03,212.67,2080005,220418928.00
2023/11/07,212.67,220.57,211.65,219.49,3242303,352922880.00
2023/11/08,218.90,223.61,217.53,222.43,2660227,294597472.00
2023/11/09,220.47,222.43,218.51,221.10,2244728,246641136.00
2023/11/10,220.47,220.47,215.53,216.36,2701105,292610496.00
2023/11/13,215.67,218.51,208.71,210.22,2842215,299110176.00
2023/11/14,210.67,214.57,210.14,212.42,1838584,194615776.00
2023/11/15,213.95,214.34,208.77,210.07,1883151,197790000.00
2023/11/16,208.48,213.02,208.48,211.44,1415396,149183152.00
2023/11/17,210.50,211.44,207.36,209.30,924970,96140176.00
2023/11/20,209.09,210.30,206.16,209.69,1083724,112707680.00
2023/11/21,209.89,210.73,206.40,206.56,1506554,156362848.00
2023/11/22,206.01,206.01,203.01,204.11,1105410,112392240.00
2023/11/23,202.99,205.40,202.83,204.64,931982,94803784.00
2023/11/24,204.01,205.52,202.46,203.81,701731,71287464.00
2023/11/27,203.81,206.30,200.97,205.64,1558020,157981504.00
2023/11/28,204.20,211.99,203.19,207.65,1297152,134711648.00
2023/11/29,206.75,216.55,206.36,212.28,2096800,223521904.00
2023/11/30,210.65,212.01,205.79,207.54,1400056,144825424.00
2023/12/01,205.69,207.54,199.60,201.05,1828153,183762704.00
2023/12/04,200.97,200.97,196.07,197.91,1617724,159529552.00
2023/12/05,197.50,200.03,196.95,197.66,1775090,175526480.00
2023/12/06,196.66,200.58,195.58,197.93,1350634,132638648.00
2023/12/07,198.25,201.66,196.74,199.78,1038336,102733168.00
2023/12/08,198.93,207.69,198.93,206.75,1943855,197622384.00
2023/12/11,206.58,210.07,205.24,210.07,1857723,192947904.00
2023/12/12,209.69,209.69,206.32,207.81,829398,85759376.00
2023/12/13,206.81,207.69,199.52,199.87,1626442,163175504.00
2023/12/14,201.74,204.79,200.72,201.19,861348,86917080.00
2023/12/15,201.23,201.95,197.93,201.07,1153049,114914472.00
2023/12/18,200.87,201.74,196.95,198.13,931256,92215704.00
2023/12/19,197.05,198.66,191.82,193.33,2282906,220822640.00
2023/12/20,193.72,194.95,190.27,192.64,1161865,111289448.00
2023/12/21,191.17,195.93,191.13,195.21,1318914,127493672.00
2023/12/22,194.99,195.13,189.80,192.74,1136952,108873264.00
2023/12/25,192.78,198.29,192.78,197.46,1180290,115723672.00
2023/12/26,196.95,199.70,195.35,199.17,1080752,106269400.00
2023/12/27,199.13,199.76,192.88,195.58,1466522,142053040.00
2023/12/28,194.95,201.26,193.93,200.48,1519775,150119312.00
2023/12/29,199.11,201.44,198.32,199.70,1082092,107635768.00
2024/01/02,200.27,201.26,197.38,200.32,956599,94955424.00
2024/01/03,199.46,201.17,195.25,196.40,1068095,104694552.00
2024/01/04,195.87,199.76,192.05,193.86,1510808,146500624.00
2024/01/05,193.62,193.62,187.74,187.98,1898779,178713680.00
2024/01/08,187.98,192.23,185.58,186.76,2093124,196421824.00
2024/01/09,187.15,190.29,185.72,189.19,1512743,141373232.00
2024/01/10,188.03,197.89,188.03,196.84,2925722,283636544.00
2024/01/11,195.23,197.07,194.35,194.44,1416829,137862832.00
2024/01/12,193.03,194.44,188.47,190.09,1514158,143403472.00
2024/01/15,187.74,190.62,186.96,189.56,1241020,116466384.00
2024/01/16,188.68,190.52,187.58,190.03,846637,79587960.00
2024/01/17,188.39,190.03,187.21,187.53,1012870,94656408.00
2024/01/18,186.17,187.07,179.12,185.94,1989635,180701632.00
2024/01/19,185.19,188.25,184.43,186.62,1373613,127108632.00
2024/01/22,186.21,186.56,174.90,176.67,2092072,187357376.00
2024/01/23,174.51,176.90,171.67,176.59,1839054,160151776.00
2024/01/24,176.82,179.90,174.98,177.37,2078330,183054832.00
2024/01/25,175.98,181.47,172.88,179.90,1929637,170099552.00
2024/01/26,178.43,179.76,170.83,174.77,2915698,252043504.00
2024/01/29,173.59,175.00,166.30,166.77,3684735,309820864.00
2024/01/30,166.77,166.77,158.77,159.67,4584402,364760672.00
2024/01/31,158.54,167.85,157.50,166.36,3927999,317738592.00
2024/02/01,165.36,166.24,160.26,160.75,2320062,186239536.00
2024/02/02,159.71,162.46,154.81,158.73,2153940,168673952.00
2024/02/05,157.71,162.91,151.89,158.22,3603757,279843712.00
2024/02/06,152.99,167.85,152.99,166.57,3790638,303605760.00
2024/02/07,165.59,175.00,163.63,170.61,3079775,260956288.00
2024/02/08,170.94,173.79,167.79,172.28,2531016,215530976.00
2024/02/19,174.57,180.65,174.57,178.43,1682596,149318112.00
数据来源:通达信
