603607 京华激光 日线 后复权
      日期	    开盘	    最高	    最低	    收盘	    成交量	    成交额
2017/10/25,23.10,23.10,23.10,23.10,11892,274705.00
2017/10/26,25.41,25.41,25.41,25.41,2100,53361.00
2017/10/27,27.95,27.95,27.95,27.95,2780,77701.00
2017/10/30,30.75,30.75,30.75,30.75,7500,230625.00
2017/10/31,33.83,33.83,33.83,33.83,18768,634921.00
2017/11/01,37.21,37.21,37.21,37.21,34000,1265140.00
2017/11/02,40.93,40.93,40.93,40.93,75200,3077936.00
2017/11/03,45.02,45.02,45.02,45.02,134761,6066940.00
2017/11/06,49.52,49.52,49.52,49.52,89308,4422532.00
2017/11/07,54.47,54.47,54.47,54.47,856616,46659872.00
2017/11/08,59.92,59.92,59.92,59.92,576247,34528720.00
2017/11/09,64.00,65.91,63.00,65.91,6961032,451211456.00
2017/11/10,69.00,71.80,68.00,68.85,15659406,1087818752.00
2017/11/13,67.30,70.20,67.30,67.92,9934862,681842304.00
2017/11/14,66.50,67.30,61.13,61.13,10616891,675478336.00
2017/11/15,59.79,62.88,58.61,61.32,7355103,445169504.00
2017/11/16,59.05,60.27,55.19,55.19,7900007,449623584.00
2017/11/17,53.82,54.66,50.68,51.19,5927441,314692416.00
2017/11/20,51.07,52.20,48.83,52.03,3643447,186986208.00
2017/11/21,51.58,52.02,48.02,50.63,5143521,257643664.00
2017/11/22,50.50,52.16,49.60,51.75,4803561,245247200.00
2017/11/23,51.00,51.58,48.06,48.38,3853023,193022048.00
2017/11/24,47.82,48.79,46.38,46.51,2875332,136651088.00
2017/11/27,45.99,47.50,45.50,46.97,2872012,134536048.00
2017/11/28,46.60,47.86,46.60,47.38,2834007,133954504.00
2017/11/29,47.98,49.08,45.65,47.84,4701091,223891408.00
2017/11/30,47.30,48.38,46.70,47.88,3337902,159035824.00
2017/12/01,47.40,47.96,46.66,47.23,2227282,105563576.00
2017/12/04,46.60,46.60,42.51,42.51,3434955,148976112.00
2017/12/05,40.59,41.50,38.51,38.91,3502626,140026576.00
2017/12/06,39.28,39.86,38.66,39.82,1950282,76753240.00
2017/12/07,39.75,39.94,38.91,39.11,1710141,67407216.00
2017/12/08,39.11,41.40,39.11,40.55,3362978,136460128.00
2017/12/11,40.39,40.92,40.20,40.65,1925785,78124848.00
2017/12/12,40.20,40.38,37.83,38.04,2625720,102547352.00
2017/12/13,38.06,39.94,38.03,39.37,2645032,103700912.00
2017/12/14,39.49,40.45,38.50,40.19,2754563,109345080.00
2017/12/15,39.80,40.55,39.20,39.51,1986504,79168944.00
2017/12/18,39.44,39.70,38.10,39.02,1571699,61002000.00
2017/12/19,39.02,39.50,38.61,39.30,1361166,53261788.00
2017/12/20,39.11,39.48,37.41,38.10,1744355,67140672.00
2017/12/21,37.70,39.15,36.87,38.45,2145092,82221128.00
2017/12/22,38.20,39.14,38.20,38.44,1587266,61362220.00
2017/12/25,38.24,39.00,37.00,38.67,2075005,78849456.00
2017/12/26,38.98,41.92,38.60,40.98,4834035,195929408.00
2017/12/27,40.44,42.05,39.88,41.08,4523472,185773008.00
2017/12/28,40.50,42.50,40.30,41.50,3581210,148677984.00
2017/12/29,41.50,42.16,40.44,40.70,2514086,103252512.00
2018/01/02,40.95,41.04,40.22,40.80,1856980,75539896.00
2018/01/03,40.77,41.29,39.45,40.74,2787515,112400928.00
2018/01/04,40.60,40.90,40.05,40.52,1746493,70694232.00
2018/01/05,40.29,40.93,40.23,40.27,1597470,64698656.00
2018/01/08,40.21,40.69,39.11,40.35,2213274,88280520.00
2018/01/09,40.23,43.85,39.85,43.50,5777262,241967584.00
2018/01/10,42.22,42.99,40.91,41.94,4399272,185480544.00
2018/01/11,41.12,43.49,40.71,42.72,4254759,181488688.00
2018/01/12,42.80,45.30,42.55,43.31,4588185,201045232.00
2018/01/15,43.06,45.08,40.81,43.82,4723055,203382176.00
2018/01/16,43.80,47.00,42.79,46.22,7100068,323136864.00
2018/01/17,45.27,47.18,44.47,46.21,5781551,265002800.00
2018/01/18,45.69,46.52,45.00,45.20,3590096,163710096.00
2018/01/19,45.28,46.28,43.55,43.69,3575169,160127152.00
2018/01/22,42.61,43.29,41.25,42.23,2619634,111335264.00
2018/01/23,42.23,43.03,41.73,42.91,2527373,107125768.00
2018/01/24,42.90,44.03,42.50,43.16,2206179,95382888.00
2018/01/25,43.70,44.19,42.50,42.56,1983216,86159848.00
2018/01/26,42.15,43.83,42.10,42.89,2570518,110900720.00
2018/01/29,42.98,43.53,40.30,41.85,2313743,96919544.00
2018/01/30,41.66,41.95,40.40,40.81,1612863,66096796.00
2018/01/31,40.43,41.18,37.13,37.98,2758055,108056712.00
2018/02/01,38.04,38.40,35.55,36.19,2412591,88379944.00
2018/02/02,35.81,36.87,34.38,36.07,1597232,57181060.00
2018/02/05,35.63,35.63,34.11,34.47,1508374,52450580.00
2018/02/06,33.05,33.50,31.02,31.02,2013252,64963912.00
2018/02/07,31.89,31.98,29.67,31.29,2045272,63891968.00
2018/02/08,31.23,31.99,30.70,31.36,1210548,38126024.00
2018/02/09,29.75,30.94,29.15,29.37,1344714,40267372.00
2018/02/12,30.00,31.88,29.56,31.28,1689653,52128692.00
2018/02/13,31.50,31.60,30.51,30.57,1222980,37814736.00
2018/02/14,30.67,30.98,30.25,30.74,869018,26651386.00
2018/02/22,30.96,31.45,30.86,31.33,847810,26455978.00
2018/02/23,31.41,33.30,31.15,32.49,1706270,54956600.00
2018/02/26,32.90,33.98,32.60,33.34,1764103,58695600.00
2018/02/27,33.49,33.95,32.90,33.59,1730324,57794364.00
2018/02/28,33.10,33.49,32.50,32.64,1101968,36175908.00
2018/03/01,32.15,33.41,32.11,33.17,1561848,51618456.00
2018/03/02,32.88,33.25,32.40,32.51,1201445,39405984.00
2018/03/05,32.55,33.74,32.53,33.67,1540800,51092004.00
2018/03/06,33.68,34.56,33.33,34.28,2111534,71917416.00
2018/03/07,34.69,34.69,33.61,34.51,1678185,57411340.00
2018/03/08,34.48,35.35,34.18,35.31,2183363,76415808.00
2018/03/09,35.31,36.14,35.05,35.88,2233363,79607688.00
2018/03/12,36.98,37.39,36.11,36.53,2507494,92001376.00
2018/03/13,36.48,37.90,36.10,36.11,2246250,83224152.00
2018/03/14,35.79,36.18,35.31,35.68,1583546,56471056.00
2018/03/15,35.00,35.37,32.30,33.51,2824714,94992432.00
2018/03/16,33.30,33.75,33.09,33.30,1103823,36927500.00
2018/03/19,33.30,34.40,33.30,34.30,1306110,44521960.00
2018/03/20,33.90,35.44,33.75,35.40,2009586,70314104.00
2018/03/21,35.35,36.15,34.73,34.91,2252163,80219480.00
2018/03/22,34.95,36.54,34.88,35.89,2181478,78373088.00
2018/03/23,34.00,34.71,32.30,32.31,2332224,77995904.00
2018/03/26,31.31,33.58,30.71,33.50,1309308,42227480.00
2018/03/27,33.97,35.11,33.97,35.00,1706274,59243880.00
2018/03/28,34.60,36.60,34.41,35.98,2325600,83082984.00
2018/03/29,36.05,37.98,35.12,37.03,3346800,122988960.00
2018/03/30,36.18,37.18,35.61,36.81,3168309,115375232.00
2018/04/02,36.67,37.16,36.26,36.42,2636042,96895888.00
2018/04/03,36.05,38.32,35.30,38.09,4073549,149997488.00
2018/04/04,37.98,38.30,36.81,36.84,2935710,110337424.00
2018/04/09,36.80,37.93,35.70,37.88,2768046,102510824.00
2018/04/10,38.18,40.96,37.10,40.45,6116313,240680224.00
2018/04/11,41.58,44.50,40.00,44.50,9029103,394344256.00
2018/04/12,45.98,48.95,45.58,45.68,13644274,648406400.00
2018/04/13,41.91,43.67,41.11,41.11,9035564,380871552.00
2018/04/16,39.60,40.30,38.41,39.01,4793365,189115216.00
2018/04/17,39.15,39.92,38.41,38.66,3743200,146845184.00
2018/04/18,38.92,39.14,36.00,38.16,4076987,152963424.00
2018/04/19,37.99,39.30,37.51,39.06,3863542,149045728.00
2018/04/20,38.50,38.93,35.97,36.00,3019586,112806304.00
2018/04/23,34.98,36.63,34.98,36.48,1706144,61614548.00
2018/04/24,36.06,38.37,36.06,38.07,2719135,101877984.00
2018/04/25,37.67,39.80,37.67,38.92,3450798,134183016.00
2018/04/26,39.02,39.30,36.05,36.53,2417026,90946176.00
2018/04/27,36.99,37.79,36.60,36.81,1486188,55168116.00
2018/05/02,37.18,37.38,36.18,36.30,1244489,45780076.00
2018/05/03,36.56,37.87,35.36,37.81,1906311,69993800.00
2018/05/04,37.41,38.50,37.40,37.86,2161382,82079944.00
2018/05/07,38.22,39.79,38.18,39.32,3220157,126081280.00
2018/05/08,39.08,39.57,38.51,39.56,2796471,109180816.00
2018/05/09,39.45,39.88,39.18,39.47,2197317,86768840.00
2018/05/10,39.78,39.78,38.41,39.10,1970643,77144440.00
2018/05/11,39.04,39.23,37.35,37.47,2004343,76451992.00
2018/05/14,37.44,38.25,36.82,37.24,1191900,44769644.00
2018/05/15,37.12,38.39,37.12,38.37,1617780,61172760.00
2018/05/16,38.07,38.37,37.70,37.80,1190789,45179656.00
2018/05/17,37.80,38.50,37.80,38.18,1239514,47241084.00
2018/05/18,38.20,41.40,38.20,40.87,5873917,234744768.00
2018/05/21,41.41,41.71,40.05,41.48,5315349,217926864.00
2018/05/22,40.89,41.65,40.51,41.60,3564434,146522656.00
2018/05/23,41.64,43.30,40.79,42.18,4603683,192241632.00
2018/05/24,41.48,41.98,40.88,41.20,2714053,112403648.00
2018/05/25,41.00,42.26,40.02,41.36,2380700,70042416.00
2018/05/28,41.06,41.10,37.63,38.10,3668274,102639120.00
2018/05/29,37.78,41.87,37.63,41.87,3414040,99146712.00
2018/05/30,43.11,45.45,39.43,40.10,14684857,447802912.00
2018/05/31,38.55,44.08,38.55,44.08,6813257,200164176.00
2018/06/01,46.08,47.72,42.58,44.51,15990278,512410176.00
2018/06/04,43.81,44.47,41.84,41.95,8271873,249823344.00
2018/06/05,41.98,43.76,41.98,43.28,7440710,226239904.00
2018/06/06,45.20,47.57,45.20,47.57,7409196,244629472.00
2018/06/07,47.57,47.57,44.78,44.86,11846951,386860128.00
2018/06/08,43.79,44.86,42.12,44.32,7248769,222799312.00
2018/06/11,43.52,46.56,42.97,45.79,9147534,294787040.00
2018/06/12,44.65,45.33,41.28,44.42,7447051,230265856.00
2018/06/13,43.66,44.02,41.15,41.84,5525738,166714224.00
2018/06/14,41.17,43.21,40.51,42.25,4448588,131845960.00
2018/06/15,41.84,42.39,39.40,39.74,3960036,113587728.00
2018/06/19,39.60,39.60,35.81,35.81,3767629,97665464.00
2018/06/20,34.74,36.80,34.01,35.96,3567475,90260160.00
2018/06/21,35.96,36.79,34.62,34.78,3406270,86377312.00
2018/06/22,33.79,35.82,33.79,35.40,3048614,75945032.00
2018/06/25,35.41,36.59,35.40,35.79,3025799,76607576.00
2018/06/26,34.91,37.77,34.25,37.16,4028080,102980952.00
2018/06/27,36.88,38.59,36.53,37.54,4947926,131426872.00
2018/06/28,37.01,37.98,35.64,35.85,3310968,86526560.00
2018/06/29,36.42,37.82,35.96,37.50,3917452,103309992.00
2018/07/02,37.00,38.16,36.59,37.08,4061268,107423472.00
2018/07/03,37.21,37.85,35.75,37.78,3636032,95616880.00
2018/07/04,37.50,37.51,34.42,35.50,3392572,86924472.00
2018/07/05,35.48,36.48,34.70,35.41,2807800,71125992.00
2018/07/06,35.40,36.10,33.83,34.78,3083060,76326344.00
2018/07/09,35.11,36.35,34.99,35.92,2533200,64005576.00
2018/07/10,36.27,37.72,35.92,37.43,4799590,125237416.00
2018/07/11,35.61,36.62,34.78,35.95,3957769,100178528.00
2018/07/12,35.89,39.50,35.89,39.50,5566658,149169232.00
2018/07/13,39.74,40.83,38.35,38.94,7492991,207443024.00
2018/07/16,39.10,39.75,38.58,39.71,5001943,138807104.00
2018/07/17,39.45,39.54,38.38,39.11,3775896,103897432.00
2018/07/18,39.08,39.15,37.96,38.12,2668627,72849792.00
2018/07/19,38.26,38.72,37.50,37.89,1969000,52828784.00
2018/07/20,37.71,39.40,37.65,39.36,3915703,107286440.00
2018/07/23,39.11,39.82,38.72,39.50,3522752,97508576.00
2018/07/24,39.33,39.87,38.79,39.66,4189411,116807472.00
2018/07/25,39.67,39.80,38.34,38.42,3408511,94056584.00
2018/07/26,38.20,38.42,36.45,36.59,3498398,91941584.00
2018/07/27,36.66,36.93,36.09,36.74,1793387,46307496.00
2018/07/30,36.58,36.65,35.12,35.39,1790020,45237592.00
2018/07/31,35.41,35.67,35.13,35.51,1048458,26250464.00
2018/08/01,35.68,37.91,35.57,36.35,3556342,92546016.00
2018/08/02,34.95,35.37,33.13,34.24,3061704,74081960.00
2018/08/03,34.03,34.88,33.29,33.36,1568196,37755528.00
2018/08/06,33.44,33.93,32.32,32.49,1499454,34935032.00
2018/08/07,33.16,33.72,31.90,33.62,1929060,44978000.00
2018/08/08,33.19,33.58,31.63,31.98,1787200,41140572.00
2018/08/09,31.56,33.16,31.56,32.75,1781508,41105040.00
2018/08/10,32.60,33.43,32.43,33.01,1591220,36929308.00
2018/08/13,32.28,33.37,31.82,33.33,1667268,38484572.00
2018/08/14,33.30,34.56,32.94,33.51,2023800,48148240.00
2018/08/15,33.41,33.58,32.29,32.35,1404740,32537756.00
2018/08/16,31.72,32.61,31.20,31.75,1456860,32813410.00
2018/08/17,33.30,33.38,31.69,31.73,1683680,38502960.00
2018/08/20,30.67,31.48,29.07,30.19,2636443,55614092.00
2018/08/21,30.08,30.54,29.55,30.22,1785672,37927732.00
2018/08/22,29.97,30.16,29.10,29.14,1580964,32929696.00
2018/08/23,29.42,30.01,29.18,29.70,1606807,33588180.00
2018/08/24,29.37,29.94,29.37,29.45,1207480,25218432.00
2018/08/27,29.87,30.25,29.45,30.19,1577318,33374860.00
2018/08/28,30.35,30.35,29.69,30.05,1373252,28952216.00
2018/08/29,30.56,33.02,30.56,31.17,4529540,101365840.00
2018/08/30,30.08,30.54,29.83,29.83,2652361,56320976.00
2018/08/31,29.59,29.80,28.74,28.95,1708954,35336944.00
2018/09/03,28.95,29.13,27.49,28.06,1719229,33932488.00
2018/09/04,28.11,28.61,27.95,28.40,1290328,25752688.00
2018/09/05,28.53,28.72,27.66,27.85,1355946,26967152.00
2018/09/06,27.39,28.11,27.39,27.74,1113486,21748486.00
2018/09/07,27.70,28.54,27.53,27.95,1325092,26237820.00
2018/09/10,27.94,27.99,27.01,27.03,1050808,20245240.00
2018/09/11,27.25,27.46,26.73,27.15,855760,16341178.00
2018/09/12,27.41,27.81,27.06,27.59,1321200,25559128.00
2018/09/13,28.23,28.54,27.49,28.08,1470760,28895260.00
2018/09/14,28.39,28.39,27.08,27.14,1372540,26586580.00
2018/09/17,26.89,26.96,25.26,25.53,1534800,27952172.00
2018/09/18,25.43,25.95,25.19,25.92,1178360,21273108.00
2018/09/19,25.85,26.38,25.42,25.96,1448438,26421904.00
2018/09/20,26.06,26.55,25.89,25.98,1235278,22735038.00
2018/09/21,25.96,26.36,25.84,26.23,1271166,23364356.00
2018/09/25,26.13,26.58,25.99,26.33,1213752,22424860.00
2018/09/26,26.58,26.58,26.10,26.23,1282372,23670124.00
2018/09/27,26.27,26.27,24.52,24.52,2227616,39753916.00
2018/09/28,24.61,25.15,24.61,24.97,1151468,20199128.00
2018/10/08,25.11,25.52,23.99,24.13,2022058,35511160.00
2018/10/09,23.82,24.63,23.82,24.47,1415076,24186658.00
2018/10/10,24.47,26.87,24.27,26.87,3863912,70724056.00
2018/10/11,25.60,29.45,25.60,27.73,8993906,174413328.00
2018/10/12,26.72,28.86,25.01,28.34,6871562,132217832.00
2018/10/15,27.77,28.75,27.29,27.77,4510184,88306592.00
2018/10/16,27.36,27.49,25.63,26.79,4650654,86231488.00
2018/10/17,26.82,29.44,26.44,29.10,8773590,176316576.00
2018/10/18,28.12,28.22,26.23,26.23,6110566,115502064.00
2018/10/19,24.41,25.64,24.41,25.29,4132086,72824136.00
2018/10/22,25.29,27.70,25.01,26.97,5007710,92774440.00
2018/10/23,27.03,27.28,25.61,25.92,4362446,81717144.00
2018/10/24,25.66,28.47,25.66,28.47,5276542,103852552.00
2018/10/25,27.99,30.57,27.84,29.30,11706807,243752032.00
2018/10/26,28.68,30.47,28.51,30.36,8401912,174658864.00
2018/10/29,29.79,29.80,28.76,28.99,4837928,99457680.00
2018/10/30,29.20,29.80,28.13,29.45,4262687,87398904.00
2018/10/31,29.10,29.37,28.55,29.07,4463204,90876312.00
2018/11/01,29.06,30.16,28.82,30.01,5875668,122141152.00
2018/11/02,30.04,31.34,29.45,30.78,7835297,167269696.00
2018/11/05,30.42,30.61,29.59,30.15,4799000,101974232.00
2018/11/06,29.80,29.94,29.07,29.77,2884460,59953608.00
2018/11/07,29.93,30.63,29.32,29.42,3320020,69974992.00
2018/11/08,29.79,29.87,28.97,29.53,2942130,60877696.00
2018/11/09,29.11,29.73,28.96,29.24,2020868,41911336.00
2018/11/12,29.17,29.65,28.81,29.65,2854911,58943772.00
2018/11/13,29.23,29.70,28.93,29.52,3282282,67904368.00
2018/11/14,29.63,30.47,29.31,30.23,4361831,92037568.00
2018/11/15,30.21,31.20,29.87,30.89,5641828,121820272.00
2018/11/16,30.78,30.79,29.94,30.05,4151040,88642896.00
2018/11/19,30.05,30.26,29.55,29.80,2151668,45148824.00
2018/11/20,29.52,29.52,28.44,28.57,2195340,44877964.00
2018/11/21,27.98,28.55,27.84,28.48,1350539,26924288.00
2018/11/22,28.48,28.81,28.30,28.37,1199420,24076338.00
2018/11/23,28.37,28.50,26.34,26.38,2160476,41341000.00
2018/11/26,26.33,26.57,25.87,25.96,1159346,21373040.00
2018/11/27,26.13,26.37,25.75,26.02,1187852,21776562.00
2018/11/28,26.16,27.62,25.77,27.06,2380869,44890956.00
2018/11/29,27.00,28.19,26.59,26.73,2866011,55251600.00
2018/11/30,26.69,28.33,26.44,27.94,3481565,67451936.00
2018/12/03,29.38,29.62,28.29,28.34,4167048,84570008.00
2018/12/04,27.94,28.90,27.85,28.90,2826610,56523248.00
2018/12/05,28.48,31.42,28.26,29.95,6704391,142523232.00
2018/12/06,29.38,29.38,27.92,28.09,4509136,90660784.00
2018/12/07,28.11,28.36,27.43,27.66,2047323,40146960.00
2018/12/10,27.29,27.43,26.79,27.06,1393216,26594536.00
2018/12/11,27.06,27.67,27.06,27.55,1365100,26327028.00
2018/12/12,27.66,27.76,27.29,27.35,873600,16881600.00
2018/12/13,27.28,27.90,27.14,27.62,1360678,26431152.00
2018/12/14,27.63,27.70,26.43,26.43,1576280,29913416.00
2018/12/17,26.17,26.72,25.91,26.69,951456,17661344.00
2018/12/18,26.62,26.86,26.06,26.55,955980,17796320.00
2018/12/19,26.72,26.80,26.34,26.43,874585,16358952.00
2018/12/20,26.43,26.76,26.26,26.66,822760,15360572.00
2018/12/21,26.62,26.90,26.31,26.55,713600,13352759.00
2018/12/24,26.99,27.64,26.57,27.45,1666420,31958276.00
2018/12/25,26.99,27.63,26.45,27.62,1488880,28241146.00
2018/12/26,27.77,27.84,27.18,27.46,1262016,24455324.00
2018/12/27,27.60,27.90,26.43,26.43,1327920,25412704.00
2018/12/28,26.57,26.65,25.88,25.89,832159,15369198.00
2019/01/02,25.89,26.09,25.46,25.74,757236,13767560.00
2019/01/03,25.61,26.22,25.61,25.92,708080,12932353.00
2019/01/04,25.91,27.00,25.60,26.78,1427958,26608898.00
2019/01/07,26.57,27.53,26.44,27.29,1640178,31117194.00
2019/01/08,27.14,27.20,26.64,26.83,1296423,24470704.00
2019/01/09,26.85,27.42,26.73,26.87,1746656,33319678.00
2019/01/10,26.86,26.94,26.09,26.16,1578420,29405606.00
2019/01/11,26.15,26.57,25.95,26.40,1056400,19492814.00
2019/01/14,26.40,26.51,25.96,25.98,747522,13728420.00
2019/01/15,25.99,26.36,25.85,26.30,786360,14449343.00
2019/01/16,26.37,26.57,26.16,26.17,698711,12937435.00
2019/01/17,26.13,26.20,25.61,25.70,802080,14586462.00
2019/01/18,25.60,25.98,25.57,25.89,721420,13090009.00
2019/01/21,25.91,26.13,25.77,25.96,794303,14483359.00
2019/01/22,25.81,26.12,25.74,25.85,593279,10823456.00
2019/01/23,25.75,26.30,25.64,26.30,673696,12255175.00
2019/01/24,25.98,26.36,25.85,26.30,973930,17900968.00
2019/01/25,26.33,26.33,25.77,25.80,617480,11319752.00
2019/01/28,25.89,26.20,25.66,25.67,568341,10371713.00
2019/01/29,25.75,25.75,23.28,24.10,1141439,19568432.00
2019/01/30,24.17,24.47,23.74,23.75,547900,9274604.00
2019/01/31,24.03,24.05,21.50,22.60,1354592,21758596.00
2019/02/01,22.74,23.36,22.69,23.28,749756,12135952.00
2019/02/11,23.43,24.31,23.16,24.21,863100,14517515.00
2019/02/12,24.23,24.80,24.23,24.70,1245920,21464280.00
2019/02/13,24.56,25.24,24.56,25.00,1203799,21101660.00
2019/02/14,24.87,26.29,24.86,25.64,2568360,46209600.00
2019/02/15,25.40,26.29,25.22,25.74,2661439,48368096.00
2019/02/18,25.84,26.27,25.73,26.17,2244859,41125664.00
2019/02/19,26.27,26.58,25.88,26.15,1889500,34833332.00
2019/02/20,26.02,26.64,25.92,26.61,1948622,36033616.00
2019/02/21,26.58,26.80,26.02,26.13,2320681,42955868.00
2019/02/22,26.16,27.27,26.10,27.14,3637147,68677888.00
2019/02/25,27.35,28.19,26.85,28.13,4701249,91028536.00
2019/02/26,27.92,29.38,27.39,28.19,4868894,96744880.00
2019/02/27,27.85,28.16,26.86,27.14,3094849,60251204.00
2019/02/28,27.14,27.74,27.14,27.52,1658849,32081144.00
2019/03/01,27.42,27.67,27.07,27.31,1185890,22762972.00
2019/03/04,27.59,28.09,27.35,27.60,2557586,49887960.00
2019/03/05,27.60,28.23,27.22,28.18,2704719,52888096.00
2019/03/06,28.69,29.10,28.19,28.86,4623610,93391784.00
2019/03/07,28.82,30.57,28.23,30.39,6997183,146070128.00
2019/03/08,29.53,30.14,28.40,28.40,3978380,82329072.00
2019/03/11,28.40,29.81,28.40,29.72,3061620,63072792.00
2019/03/12,29.65,31.02,29.63,30.64,5831016,124845856.00
2019/03/13,30.29,30.50,29.27,29.58,2870060,60463720.00
2019/03/14,29.20,29.59,27.90,29.51,2350635,47277000.00
2019/03/15,29.51,30.05,28.74,29.31,2204900,45839648.00
2019/03/18,29.38,29.74,28.79,29.60,1702694,35038856.00
2019/03/19,29.51,29.73,29.23,29.32,1704451,35319112.00
2019/03/20,29.32,29.59,28.71,29.14,1509863,30965390.00
2019/03/21,29.11,30.22,29.10,29.67,3250970,67935136.00
2019/03/22,29.65,30.07,29.03,29.84,2987952,62421448.00
2019/03/25,29.32,30.77,29.11,29.77,2882712,61020184.00
2019/03/26,29.94,30.11,27.70,28.25,2482996,50662236.00
2019/03/27,28.29,28.81,27.59,28.76,1785166,35686744.00
2019/03/28,28.65,31.61,27.98,31.61,4510256,97414504.00
2019/03/29,32.12,33.51,31.69,32.77,12076130,277337408.00
2019/04/01,32.12,33.79,31.75,33.44,9862291,229107408.00
2019/04/02,32.88,35.20,32.63,33.93,8858082,209111360.00
2019/04/03,33.43,33.79,32.94,33.43,4632378,109003976.00
2019/04/04,33.41,33.41,32.21,32.71,4801469,110926632.00
2019/04/08,32.80,33.09,32.04,32.98,3514620,80812336.00
2019/04/09,32.77,33.29,32.32,32.70,2986648,69298144.00
2019/04/10,32.42,32.42,31.52,31.66,2608880,58594596.00
2019/04/11,31.66,31.94,29.80,30.28,2672100,58709652.00
2019/04/12,30.51,31.61,30.51,31.47,2746680,60294840.00
2019/04/15,31.87,32.15,30.53,30.71,2447160,54178360.00
2019/04/16,30.50,31.12,29.81,31.06,2279920,48931644.00
2019/04/17,31.16,31.34,30.50,30.75,1969740,42913120.00
2019/04/18,30.79,30.81,29.87,29.98,1944280,41501152.00
2019/04/19,30.07,30.21,29.86,30.21,1335659,28278280.00
2019/04/22,30.33,30.95,30.30,30.37,1690603,36466128.00
2019/04/23,30.50,30.65,29.37,29.45,1549036,32470896.00
2019/04/24,29.46,30.22,29.41,30.08,1274236,26806724.00
2019/04/25,30.09,30.09,28.41,28.46,1779120,36685788.00
2019/04/26,28.50,29.06,28.26,28.48,1602140,32374004.00
2019/04/29,28.82,28.92,25.91,27.10,2053640,40006496.00
2019/04/30,27.13,28.26,27.13,27.83,1253240,24461284.00
2019/05/06,27.08,27.25,25.40,25.56,1774680,32891856.00
2019/05/07,25.98,26.27,25.53,26.02,1295076,23621284.00
2019/05/08,25.50,26.69,25.04,25.94,1212540,22309792.00
2019/05/09,25.74,26.52,25.71,25.99,972091,17868828.00
2019/05/10,26.45,26.93,25.43,26.89,1527100,28493872.00
2019/05/13,26.89,26.89,26.29,26.57,871040,16328149.00
2019/05/14,26.44,27.08,26.02,26.65,1223183,23050626.00
2019/05/15,27.03,27.15,26.71,27.01,1063880,20191552.00
2019/05/16,27.03,27.52,27.01,27.29,1150240,22096312.00
2019/05/17,27.25,27.28,25.49,25.53,1896732,35157144.00
2019/05/20,25.53,25.98,25.18,25.89,997936,18058014.00
2019/05/21,25.77,26.24,25.43,26.09,984893,18051924.00
2019/05/22,26.30,26.30,25.73,25.84,805350,14711877.00
2019/05/23,25.77,25.99,25.08,25.15,1011640,18169774.00
2019/05/24,25.31,25.46,24.86,25.04,795577,14023102.00
2019/05/27,25.22,25.92,25.05,25.85,1059282,19039692.00
2019/05/28,25.85,28.40,25.74,26.94,3010538,57677196.00
2019/05/29,26.79,27.28,26.45,27.11,1951386,37136052.00
2019/05/30,26.86,27.01,26.24,26.73,1458142,27274484.00
2019/05/31,26.73,27.07,26.41,27.04,1460707,27587392.00
2019/06/03,27.04,27.04,25.88,26.30,1333018,24820232.00
2019/06/04,26.30,26.80,26.03,26.29,1044720,19446640.00
2019/06/05,26.41,28.88,26.41,27.74,3786302,74122536.00
2019/06/06,27.21,27.66,26.80,27.45,2476810,47441528.00
2019/06/10,27.27,29.27,27.03,28.54,3276864,65341440.00
2019/06/11,28.27,29.51,28.19,29.46,4143480,84314016.00
2019/06/12,29.10,29.20,28.60,28.78,2831566,57627552.00
2019/06/13,28.81,29.52,28.44,29.07,2629392,53822344.00
2019/06/14,28.96,30.18,28.32,29.30,3661436,75579752.00
2019/06/17,29.17,30.35,28.82,30.11,4135992,86811504.00
2019/06/18,29.80,30.08,28.96,28.97,3154711,65123088.00
2019/06/19,29.79,31.83,29.24,30.63,5436293,115730616.00
2019/06/20,30.15,30.88,29.84,30.84,4213196,90152816.00
2019/06/21,30.64,30.95,30.26,30.50,2964902,63855804.00
2019/06/24,30.40,30.40,29.55,30.07,2151380,45377036.00
2019/06/25,29.91,30.05,28.97,29.48,1734600,35950956.00
2019/06/26,29.44,30.79,29.14,30.71,3472200,74024448.00
2019/06/27,30.44,30.44,29.60,29.90,2497240,51942764.00
2019/06/28,29.74,29.79,29.00,29.35,1377866,28100978.00
2019/07/01,29.81,30.15,29.59,29.97,2062298,42818832.00
2019/07/02,29.97,31.41,29.65,30.89,4011710,85362688.00
2019/07/03,30.26,30.68,29.77,29.88,2587760,54289472.00
2019/07/04,29.52,30.16,28.99,29.24,1835540,37357952.00
2019/07/05,29.21,29.60,29.16,29.25,1082860,22086044.00
2019/07/08,29.11,29.16,26.73,27.08,2399278,45920576.00
2019/07/09,26.92,27.46,26.87,27.31,1024700,19286038.00
2019/07/10,27.62,28.01,27.29,27.36,1313238,25166368.00
2019/07/11,27.42,27.99,27.32,27.42,878820,16849764.00
2019/07/12,27.49,27.92,27.39,27.45,747140,14291177.00
2019/07/15,27.45,28.08,27.29,27.95,1050138,20210172.00
2019/07/16,27.95,28.11,27.53,27.98,1257348,24238448.00
2019/07/17,27.95,28.78,27.73,28.33,1465632,28676640.00
2019/07/18,28.40,28.40,27.28,27.39,1541915,29580624.00
2019/07/19,26.97,27.76,26.97,27.45,734572,13988748.00
2019/07/22,27.46,27.63,26.24,26.31,1068880,19804244.00
2019/07/23,26.59,27.42,26.51,27.15,1015314,19021010.00
2019/07/24,27.01,27.92,27.01,27.53,1038766,19850354.00
2019/07/25,27.91,28.26,27.64,27.71,1291582,25011972.00
2019/07/26,27.49,28.05,27.39,27.73,959184,18467760.00
2019/07/29,27.84,28.47,27.39,28.11,1418060,27596662.00
2019/07/30,28.02,28.46,27.81,27.85,1118836,21723248.00
2019/07/31,27.76,27.80,27.07,27.63,929700,17765304.00
2019/08/01,27.78,27.83,27.43,27.60,690520,13211344.00
2019/08/02,27.01,27.43,26.75,27.18,792704,14874835.00
2019/08/05,27.18,27.77,26.97,27.21,785660,14953856.00
2019/08/06,26.90,27.04,25.32,25.89,1359980,24538740.00
2019/08/07,26.57,26.57,25.74,25.92,637084,11497792.00
2019/08/08,25.64,26.51,25.64,25.73,654112,11719229.00
2019/08/09,25.80,26.06,25.24,25.32,919520,16267811.00
2019/08/12,25.46,25.82,25.25,25.80,697340,12320875.00
2019/08/13,25.46,25.98,25.40,25.87,537200,9545059.00
2019/08/14,26.29,26.29,25.88,25.91,845730,15230084.00
2019/08/15,25.60,26.02,25.26,25.91,603020,10688539.00
2019/08/16,25.75,26.65,25.68,26.41,1066235,19468690.00
2019/08/19,26.48,27.18,26.30,27.00,1245200,23185056.00
2019/08/20,26.94,27.21,26.83,26.93,716180,13394872.00
2019/08/21,26.72,27.34,26.72,27.28,1014680,19092160.00
2019/08/22,27.39,27.42,26.87,26.97,678040,12690489.00
2019/08/23,27.14,27.39,26.65,27.25,1258009,23614162.00
2019/08/26,26.79,27.25,26.17,26.37,1444729,26510122.00
2019/08/27,26.44,27.04,26.41,26.97,1190354,22073014.00
2019/08/28,26.94,27.17,26.52,26.72,696866,12896275.00
2019/08/29,26.72,26.96,26.54,26.68,638480,11837118.00
2019/08/30,26.72,26.99,25.88,26.05,1088260,19839880.00
2019/09/02,26.20,26.94,25.89,26.90,1315760,24194988.00
2019/09/03,26.90,27.03,26.66,27.01,967357,17997642.00
2019/09/04,26.85,27.73,26.79,27.46,2020092,38252432.00
2019/09/05,27.62,28.16,27.31,27.99,2933602,56607364.00
2019/09/06,27.78,28.05,27.70,27.88,1244800,24055472.00
2019/09/09,28.12,28.46,27.42,28.39,2817682,54815896.00
2019/09/10,28.46,28.46,28.04,28.30,1306575,25568632.00
2019/09/11,28.30,29.52,28.19,28.74,3183280,63529912.00
2019/09/12,28.61,29.38,28.36,29.27,2109420,42253992.00
2019/09/16,29.30,29.74,29.18,29.41,1749960,35787152.00
2019/09/17,29.59,29.59,28.54,28.79,1222195,24459146.00
2019/09/18,29.07,29.07,28.58,28.82,632900,12639581.00
2019/09/19,29.09,29.49,28.60,29.37,1012100,20438144.00
2019/09/20,29.42,29.49,28.93,29.17,722976,14633160.00
2019/09/23,28.93,29.24,28.61,29.18,685630,13807409.00
2019/09/24,29.11,29.81,29.11,29.31,865006,17653712.00
2019/09/25,29.24,29.24,28.69,28.85,707647,14209570.00
2019/09/26,28.85,29.23,28.20,28.22,911965,18059588.00
2019/09/27,28.25,29.51,28.23,29.42,1394493,28217384.00
2019/09/30,29.95,32.28,29.95,32.28,7205419,159645760.00
2019/10/08,32.91,35.43,32.53,35.43,9748664,237442208.00
2019/10/09,33.90,37.15,33.51,36.18,14258489,349063840.00
2019/10/10,33.36,36.31,32.95,35.12,10110320,243864848.00
2019/10/11,35.23,38.41,34.60,37.78,11849244,302272416.00
2019/10/14,36.52,37.18,34.08,35.01,16965919,418732928.00
2019/10/15,33.72,33.79,31.59,31.59,10580393,239317536.00
2019/10/16,31.12,31.87,30.89,31.00,5253220,114219416.00
2019/10/17,30.92,31.33,30.51,30.65,3352200,72036944.00
2019/10/18,30.63,30.81,29.58,29.93,4015711,84182712.00
2019/10/21,29.83,30.32,29.18,30.25,2650082,54923568.00
2019/10/22,30.08,30.44,29.86,30.43,2272072,47660096.00
2019/10/23,30.29,30.46,29.35,29.67,2309280,47956048.00
2019/10/24,29.80,29.80,29.11,29.56,1683802,34448972.00
2019/10/25,29.59,29.67,29.18,29.41,2115400,43183288.00
2019/10/28,29.62,30.01,29.46,30.00,2340568,48330352.00
2019/10/29,29.94,29.94,28.71,28.85,4388331,88608992.00
2019/10/30,28.57,28.57,27.97,27.97,2863900,56075880.00
2019/10/31,28.11,28.54,27.14,27.52,2438615,46682364.00
2019/11/01,27.57,27.99,27.15,27.78,1999355,38285504.00
2019/11/04,27.91,28.16,27.55,27.77,1963593,37933628.00
2019/11/05,27.71,28.02,27.70,27.84,1665931,32156984.00
2019/11/06,27.87,28.12,27.73,28.06,1730080,33479864.00
2019/11/07,27.99,28.53,27.60,28.29,2580272,50121324.00
2019/11/08,28.40,28.76,28.09,28.74,3511010,69472928.00
2019/11/11,28.54,28.54,27.67,27.83,2389662,46267204.00
2019/11/12,27.66,27.83,27.20,27.70,1662087,31668592.00
2019/11/13,27.73,30.39,27.73,30.39,7259830,149587584.00
2019/11/14,30.50,32.70,29.83,31.51,13011544,282107616.00
2019/11/15,30.25,30.81,29.51,29.69,7282840,152671728.00
2019/11/18,29.69,30.39,28.69,30.39,5119560,105232432.00
2019/11/19,30.14,31.30,29.80,31.13,6986401,149514752.00
2019/11/20,30.92,31.17,30.36,30.47,4168755,89132128.00
2019/11/21,30.53,30.85,30.08,30.78,3058366,65052864.00
2019/11/22,30.78,31.27,30.29,30.64,3503480,74848760.00
2019/11/25,30.89,30.89,28.93,29.10,3547879,73285584.00
2019/11/26,28.82,31.48,28.82,30.08,4882725,103532472.00
2019/11/27,29.65,31.09,28.26,31.06,6303036,132952920.00
2019/11/28,31.05,31.06,30.33,30.42,3718160,79134280.00
2019/11/29,30.46,31.30,29.87,31.07,4842380,103374120.00
2019/12/02,31.06,31.90,30.81,31.79,6643998,145039888.00
2019/12/03,31.56,31.79,31.14,31.77,3863457,84430040.00
2019/12/04,31.48,31.52,30.77,30.85,3777546,81658384.00
2019/12/05,30.89,32.45,30.85,32.03,5510059,121176936.00
2019/12/06,31.76,32.28,31.41,32.15,4884938,108258904.00
2019/12/09,32.15,32.85,31.83,32.81,5757368,129420192.00
2019/12/10,32.56,33.05,32.22,32.61,4410480,100237616.00
2019/12/11,32.49,33.23,31.98,32.63,5360923,122051696.00
2019/12/12,32.46,32.54,31.48,31.62,4569320,101931096.00
2019/12/13,31.70,32.28,31.47,31.62,3886482,86090392.00
2019/12/16,31.83,33.37,31.83,32.87,5896669,134515424.00
2019/12/17,32.82,33.57,32.43,33.29,6323700,145895168.00
2019/12/18,33.24,33.24,32.74,32.88,4005006,91864592.00
2019/12/19,32.74,34.35,32.49,33.80,6322956,147270368.00
2019/12/20,33.64,34.56,33.30,33.90,5711453,135117056.00
2019/12/23,33.79,33.79,32.87,33.13,3451567,79840168.00
2019/12/24,33.16,33.37,32.88,33.30,2968159,68617184.00
2019/12/25,33.23,33.26,32.43,32.73,3611192,82542720.00
2019/12/26,32.75,32.99,31.62,32.11,4451533,99787608.00
2019/12/27,32.01,32.39,31.30,31.35,3112926,69033760.00
2019/12/30,31.21,31.72,30.00,31.55,2504936,54069588.00
2019/12/31,31.38,31.69,31.20,31.63,1843060,40415132.00
2020/01/02,31.83,32.22,31.75,32.12,2364580,52795788.00
2020/01/03,32.21,32.21,31.66,31.82,2328220,51683640.00
2020/01/06,31.34,31.91,31.10,31.59,2628460,57644840.00
2020/01/07,31.66,32.17,31.40,32.17,3031756,67223424.00
2020/01/08,31.90,32.25,31.35,31.37,2936101,64953036.00
2020/01/09,31.62,31.90,31.41,31.90,2125291,46913528.00
2020/01/10,32.12,33.73,32.08,33.31,7428811,170967568.00
2020/01/13,33.34,33.65,32.77,33.62,4386789,101550648.00
2020/01/14,33.72,34.67,33.09,33.10,4713223,110905000.00
2020/01/15,33.08,33.52,32.61,33.33,3490298,80306840.00
2020/01/16,33.31,33.40,32.54,32.60,3161737,72214064.00
2020/01/17,32.61,32.67,31.66,31.76,2800391,62615336.00
2020/01/20,31.62,32.17,31.41,32.12,1560301,34613516.00
2020/01/21,32.11,32.11,31.20,31.47,1594308,35106240.00
2020/01/22,31.31,31.84,30.57,31.68,1870428,40548264.00
2020/01/23,31.35,31.61,29.98,30.14,2172040,46474592.00
2020/02/03,27.21,27.21,27.21,27.21,228400,4305340.00
2020/02/04,24.58,27.00,24.58,25.96,2775510,49473408.00
2020/02/05,26.17,26.86,25.98,26.62,2090240,38450008.00
2020/02/06,26.62,27.08,26.31,26.87,2215300,41063836.00
2020/02/07,26.86,27.14,26.45,27.11,2080030,38580856.00
2020/02/10,26.96,27.63,26.72,27.50,1829316,34619376.00
2020/02/11,27.52,27.69,27.03,27.35,1753220,33251966.00
2020/02/12,27.35,27.92,27.24,27.76,1650980,31639116.00
2020/02/13,27.56,27.92,27.15,27.25,1697440,32325232.00
2020/02/14,27.35,27.67,27.17,27.42,1376110,26127212.00
2020/02/17,27.46,28.64,27.46,28.36,2342440,45668544.00
2020/02/18,28.40,28.92,28.26,28.90,2294910,45664760.00
2020/02/19,28.92,29.20,28.65,28.72,2067780,41417964.00
2020/02/20,28.69,29.21,28.57,29.21,2053780,41284260.00
2020/02/21,29.20,29.70,29.07,29.45,2321980,47405448.00
2020/02/24,29.32,29.84,28.89,29.83,2608120,53173780.00
2020/02/25,29.23,29.37,28.19,29.02,2988340,59910336.00
2020/02/26,28.68,29.07,28.26,28.46,1913038,38073888.00
2020/02/27,28.33,28.71,28.27,28.51,1405898,27792280.00
2020/02/28,27.42,28.06,26.51,26.52,2469280,46476848.00
2020/03/02,26.58,27.83,26.58,27.77,1399283,26625318.00
2020/03/03,28.13,28.41,27.59,27.90,1652320,32160334.00
2020/03/04,27.90,28.20,27.59,28.18,1275172,24672414.00
2020/03/05,28.36,29.04,28.33,28.90,2075632,41365216.00
2020/03/06,28.76,29.53,28.54,29.02,2146120,43325260.00
2020/03/09,28.69,29.02,28.02,28.08,1866580,36850800.00
2020/03/10,27.52,29.02,27.10,28.92,2011400,39024348.00
2020/03/11,29.04,29.30,28.48,28.51,1516302,30397664.00
2020/03/12,28.05,28.51,27.45,27.60,1512440,29169856.00
2020/03/13,25.96,27.39,25.96,26.73,1907100,34994688.00
2020/03/16,26.87,27.21,25.74,25.77,1609833,29420356.00
2020/03/17,25.89,26.23,25.04,25.60,1504910,26568830.00
2020/03/18,25.89,26.22,25.22,25.22,1050100,18716728.00
2020/03/19,25.46,25.80,24.86,25.80,981619,17144308.00
2020/03/20,25.68,26.10,25.60,26.06,889641,15903330.00
2020/03/23,25.52,25.95,25.33,25.39,722260,12784645.00
2020/03/24,26.01,26.17,25.53,26.08,960620,17196504.00
2020/03/25,26.51,26.94,26.27,26.72,1057462,19466772.00
2020/03/26,26.73,27.07,26.44,26.90,969507,17989936.00
2020/03/27,27.14,27.20,26.57,26.76,742460,13821745.00
2020/03/30,26.83,26.83,25.67,26.19,708500,12776831.00
2020/03/31,26.58,26.58,25.96,25.99,336120,6078203.00
2020/04/01,25.88,26.27,25.74,25.74,502100,9044462.00
2020/04/02,25.74,26.29,25.54,26.23,466180,8371373.00
2020/04/03,26.30,26.40,25.91,26.23,558471,10121274.00
2020/04/07,26.44,26.89,26.43,26.73,1110496,20497100.00
2020/04/08,26.54,27.39,26.54,27.39,1556762,29187418.00
2020/04/09,27.50,28.57,27.36,28.06,2880823,55921812.00
2020/04/10,27.43,28.68,27.43,28.39,3005816,59021372.00
2020/04/13,28.46,28.65,28.13,28.48,1787320,35262532.00
2020/04/14,28.16,28.62,28.16,28.53,1126682,22216802.00
2020/04/15,28.54,28.95,28.50,28.88,2229830,44532452.00
2020/04/16,28.71,28.89,28.34,28.83,1143580,22769068.00
2020/04/17,28.95,29.07,28.57,28.81,1198410,23938728.00
2020/04/20,28.82,28.96,28.57,28.82,824260,16425642.00
2020/04/21,28.81,29.20,28.68,28.82,1023280,20476424.00
2020/04/22,28.81,29.77,28.44,29.51,2738883,55600532.00
2020/04/23,29.23,29.73,29.00,29.13,3416941,69791896.00
2020/04/24,28.89,29.80,28.23,29.27,2683269,54311784.00
2020/04/27,29.25,29.65,28.64,28.64,2607620,52760584.00
2020/04/28,28.82,29.51,27.56,28.76,2775608,55868360.00
2020/04/29,28.48,29.46,28.48,29.31,1937030,39180848.00
2020/04/30,29.44,29.80,29.00,29.07,2418383,49107712.00
2020/05/06,28.95,28.95,28.61,28.85,2033520,40599440.00
2020/05/07,28.90,28.95,28.29,28.44,1902267,37692728.00
2020/05/08,28.75,28.81,27.84,28.62,1458608,29007144.00
2020/05/11,28.75,28.78,27.99,28.12,1917560,37743392.00
2020/05/12,28.22,28.41,27.78,28.11,1109262,21618364.00
2020/05/13,28.09,28.27,27.91,28.27,1139564,22186524.00
2020/05/14,28.11,28.29,27.92,27.92,1065741,20763182.00
2020/05/15,28.15,28.48,27.88,27.98,1222858,23820954.00
2020/05/18,28.19,28.26,27.88,28.06,1224800,23846198.00
2020/05/19,28.54,28.54,28.05,28.23,1641823,32233502.00
2020/05/20,28.23,28.32,27.04,27.20,2043663,39100768.00
2020/05/21,27.14,27.63,27.00,27.46,1347389,25548514.00
2020/05/22,27.46,27.52,26.08,26.62,1436460,26749988.00
2020/05/25,27.25,27.39,26.78,26.96,786780,14720612.00
2020/05/26,26.87,27.41,26.87,27.39,785460,14836544.00
2020/05/27,27.31,27.87,27.31,27.69,888140,17016550.00
2020/05/28,27.53,27.83,27.28,27.63,591860,11312503.00
2020/05/29,27.45,27.90,27.31,27.84,731780,14081899.00
2020/06/01,27.95,28.47,27.80,28.39,1149441,22549006.00
2020/06/02,28.39,28.64,28.22,28.62,1114888,21978688.00
2020/06/03,28.58,28.68,28.27,28.27,1061060,20961598.00
2020/06/04,28.47,28.60,28.30,28.50,617451,12177975.00
2020/06/05,28.51,28.67,28.23,28.58,843960,16676293.00
2020/06/08,28.62,28.72,28.34,28.39,665803,13155349.00
2020/06/09,28.39,28.75,28.20,28.67,1011960,19998228.00
2020/06/10,28.67,28.79,28.36,28.43,696800,13781616.00
2020/06/11,28.43,28.75,28.26,28.40,1567501,30990314.00
2020/06/12,27.95,28.29,27.87,28.22,996620,19399656.00
2020/06/15,28.19,28.64,27.94,28.34,1255360,24771600.00
2020/06/16,28.54,31.10,28.32,31.10,6399831,135842256.00
2020/06/17,30.92,32.60,30.58,31.49,11118048,244715248.00
2020/06/18,30.56,32.01,30.56,31.13,3869573,58937576.00
2020/06/19,30.89,30.99,29.76,30.21,6757808,99818760.00
2020/06/22,30.09,32.52,29.93,31.91,11178879,172267424.00
2020/06/23,31.52,32.60,31.52,32.36,9004148,141674752.00
2020/06/24,32.60,32.60,31.66,31.78,5080738,79532104.00
2020/06/29,31.42,32.21,30.89,31.91,3957364,61358288.00
2020/06/30,32.29,32.29,31.27,31.72,4425642,68636056.00
2020/07/01,31.60,31.72,30.86,31.07,4675408,71410144.00
2020/07/02,31.66,31.70,28.09,31.11,4774812,73137440.00
2020/07/03,30.99,31.23,30.33,30.70,4547804,68315544.00
2020/07/06,31.03,31.76,30.60,31.54,6229012,95639392.00
2020/07/07,32.01,33.50,31.33,32.74,10441139,165873824.00
2020/07/08,32.78,33.48,32.44,33.05,8002529,129475904.00
2020/07/09,33.01,36.13,32.82,34.95,11657178,195381776.00
2020/07/10,34.56,34.91,33.99,34.31,6686551,113251640.00
2020/07/13,34.21,36.23,34.15,36.21,7701362,134036824.00
2020/07/14,35.85,38.46,34.56,37.30,10852512,193928800.00
2020/07/15,36.74,37.68,36.25,36.34,5894161,107121032.00
2020/07/16,36.17,36.50,32.84,33.23,6430172,109904904.00
2020/07/17,33.21,34.05,32.50,33.74,3578519,58268176.00
2020/07/20,33.74,34.93,33.74,34.80,3363985,57012108.00
2020/07/21,34.68,34.95,34.17,34.23,2645669,44783584.00
2020/07/22,34.27,34.76,33.97,34.17,2651091,44740848.00
2020/07/23,33.87,34.05,32.60,33.44,3343416,54621432.00
2020/07/24,33.42,34.40,32.50,32.50,3720044,60889364.00
2020/07/27,32.44,33.17,31.84,32.58,2349828,37433820.00
2020/07/28,32.84,32.93,32.07,32.33,2238884,35720032.00
2020/07/29,32.29,32.99,31.82,32.99,2693532,42984812.00
2020/07/30,33.38,34.13,33.19,33.54,3662578,60451224.00
2020/07/31,33.40,33.95,33.09,33.46,2394882,39417140.00
2020/08/03,33.56,34.56,33.50,34.17,3749818,62838672.00
2020/08/04,34.17,34.95,33.52,33.83,3503672,58914208.00
2020/08/05,34.05,36.52,33.33,35.25,6605900,112995544.00
2020/08/06,34.85,35.34,33.76,34.27,4674234,79074496.00
2020/08/07,34.72,34.76,33.52,33.85,2812429,46889648.00
2020/08/10,33.60,33.95,32.72,33.31,2229824,36592088.00
2020/08/11,33.42,33.52,32.40,32.50,2393746,38758212.00
2020/08/12,32.42,32.76,31.91,32.76,1809056,28634968.00
2020/08/13,32.97,33.17,32.68,32.78,1407917,22746780.00
2020/08/14,32.85,33.11,32.50,33.07,1133175,18272090.00
2020/08/17,33.25,33.56,32.99,33.46,1693984,27693412.00
2020/08/18,33.46,33.68,33.09,33.25,1286250,21010924.00
2020/08/19,33.11,33.21,32.38,32.44,1690072,27151802.00
2020/08/20,32.27,32.91,32.21,32.68,1178028,18863848.00
2020/08/21,32.68,33.19,32.68,33.07,1486032,24087602.00
2020/08/24,33.19,33.19,32.46,32.99,1078789,17438668.00
2020/08/25,32.99,33.19,32.74,32.89,990672,16015413.00
2020/08/26,32.91,33.15,32.54,32.82,1372952,22130900.00
2020/08/27,32.93,33.29,32.62,33.15,1695700,27509696.00
2020/08/28,33.38,33.38,32.76,33.27,1681096,27271932.00
2020/08/31,33.29,34.19,33.29,33.62,3963436,65856752.00
2020/09/01,33.78,33.85,32.93,33.34,1864840,30464172.00
2020/09/02,33.27,33.34,32.85,33.11,1607292,26079514.00
2020/09/03,33.11,33.29,32.70,32.76,1291369,20909350.00
2020/09/04,32.74,33.05,32.13,32.85,1550332,24849170.00
2020/09/07,32.84,33.46,32.40,32.76,1672128,27081448.00
2020/09/08,32.78,32.85,32.35,32.72,1164176,18634944.00
2020/09/09,32.60,32.60,31.23,31.23,2134252,33491200.00
2020/09/10,31.56,31.60,30.25,30.46,1466796,22179766.00
2020/09/11,30.44,31.15,30.15,30.99,843050,12663308.00
2020/09/14,30.99,31.52,30.84,31.15,832474,12710417.00
2020/09/15,31.15,31.19,30.66,30.78,857548,12965410.00
2020/09/16,30.64,30.82,30.25,30.46,641336,9560330.00
2020/09/17,30.46,31.70,30.15,31.48,2077924,31904132.00
2020/09/18,31.25,31.74,31.19,31.70,1384072,21366180.00
2020/09/21,31.89,32.31,31.56,32.07,1375553,21557474.00
2020/09/22,31.84,32.50,31.29,31.95,1410922,22119968.00
2020/09/23,32.36,34.01,31.76,33.87,5268104,85839448.00
2020/09/24,33.97,36.30,32.42,32.66,7394846,123672472.00
2020/09/25,32.58,32.60,30.40,30.44,4719822,71143152.00
2020/09/28,30.25,30.35,29.09,29.13,2342452,33691940.00
2020/09/29,29.35,29.74,29.15,29.23,1094576,15718350.00
2020/09/30,29.19,29.33,28.97,28.97,783864,11145050.00
2020/10/09,29.17,30.23,29.17,29.72,1270044,18445012.00
2020/10/12,29.90,30.56,29.86,30.50,1446436,21439740.00
2020/10/13,30.48,30.48,30.01,30.35,952552,14071088.00
2020/10/14,30.35,30.35,30.01,30.05,777880,11456736.00
2020/10/15,29.90,30.21,29.80,29.91,715029,10494723.00
2020/10/16,29.95,30.15,29.62,29.78,691539,10087140.00
2020/10/19,29.80,30.25,29.80,29.93,662832,9712598.00
2020/10/20,29.93,30.33,29.52,30.17,1118380,16452257.00
2020/10/21,30.19,30.19,29.90,30.03,794080,11656789.00
2020/10/22,30.07,30.07,29.46,29.66,729403,10570372.00
2020/10/23,29.66,30.31,29.54,29.99,1444942,21257564.00
2020/10/26,29.99,30.46,29.68,30.33,971128,14368103.00
2020/10/27,30.15,30.89,30.15,30.40,877192,13110833.00
2020/10/28,30.60,30.60,29.90,30.13,669768,9878988.00
2020/10/29,30.13,30.13,29.50,29.64,967036,14016600.00
2020/10/30,29.64,29.74,28.29,28.43,1533372,21611264.00
2020/11/02,28.35,28.72,27.90,27.97,945084,12976207.00
2020/11/03,27.97,28.72,27.97,28.66,902844,12534610.00
2020/11/04,28.68,28.97,28.01,28.37,1156148,16006983.00
2020/11/05,28.35,28.72,28.31,28.62,942932,13141330.00
2020/11/06,28.68,28.76,28.11,28.33,819224,11314576.00
2020/11/09,28.33,29.15,28.33,29.15,1228772,17327816.00
2020/11/10,29.15,29.27,28.64,28.97,1090200,15409263.00
2020/11/11,28.97,29.21,28.68,28.70,613452,8650416.00
2020/11/12,28.70,28.86,28.46,28.54,513304,7173146.00
2020/11/13,28.58,28.76,28.29,28.64,714428,9944116.00
2020/11/16,28.99,29.52,28.92,29.17,1229620,17571920.00
2020/11/17,29.17,29.19,28.72,29.07,952220,13430540.00
2020/11/18,29.01,29.52,28.90,29.25,1066567,15255790.00
2020/11/19,29.46,29.46,28.92,29.03,900800,12808939.00
2020/11/20,28.95,29.23,28.74,28.88,651492,9191269.00
2020/11/23,28.95,29.01,28.68,28.88,740420,10425436.00
2020/11/24,29.03,29.05,28.72,28.82,624200,8798059.00
2020/11/25,28.72,28.86,28.31,28.31,917480,12793484.00
2020/11/26,28.25,28.56,28.15,28.43,587356,8135371.00
2020/11/27,28.35,28.88,28.05,28.82,1065036,14773876.00
2020/11/30,28.84,30.15,28.80,29.84,3473912,50214724.00
2020/12/01,29.78,30.88,29.48,29.66,2607152,38115044.00
2020/12/02,29.66,29.74,29.37,29.48,1702664,24566274.00
2020/12/03,29.93,30.89,29.66,30.05,2365456,35050764.00
2020/12/04,30.93,31.62,30.15,30.62,3607990,54301480.00
2020/12/07,30.01,30.56,29.78,30.11,1661706,24409708.00
2020/12/08,29.88,30.31,29.62,29.66,1263700,18495712.00
2020/12/09,29.93,30.99,29.72,30.72,3388108,50687916.00
2020/12/10,30.40,31.54,30.31,31.42,3698516,56240408.00
2020/12/11,31.42,31.42,30.05,30.62,2696956,40456216.00
2020/12/14,30.70,32.36,30.35,32.27,4745520,73698776.00
2020/12/15,31.87,32.35,31.62,32.11,2654796,41579480.00
2020/12/16,31.93,32.70,31.78,32.56,3990617,63419852.00
2020/12/17,32.62,32.62,31.97,32.35,2400308,37920312.00
2020/12/18,32.36,32.44,31.54,31.87,2452777,38293344.00
2020/12/21,31.82,32.25,31.05,31.33,2241032,34670952.00
2020/12/22,31.05,31.38,30.82,30.93,1423796,21663108.00
2020/12/23,30.88,31.93,30.70,31.42,1878648,28883652.00
2020/12/24,31.42,31.46,30.48,31.21,1810271,27405464.00
2020/12/25,31.21,31.97,30.84,31.86,1821961,28174636.00
2020/12/28,31.72,31.72,30.95,31.21,1295980,19846940.00
2020/12/29,30.95,31.29,30.44,30.50,1539060,23226096.00
2020/12/30,30.42,30.44,29.44,29.60,1519642,22111164.00
2020/12/31,29.46,31.13,29.41,30.27,1339688,19748968.00
2021/01/04,30.76,31.09,30.27,30.93,1474764,22228752.00
2021/01/05,30.74,31.27,30.58,30.93,1180104,17819424.00
2021/01/06,30.93,32.03,30.70,31.40,1992952,30680436.00
2021/01/07,31.11,31.38,30.19,30.86,1911963,28742500.00
2021/01/08,31.11,32.27,30.46,32.23,3532393,55146496.00
2021/01/11,32.01,32.91,31.62,32.72,5620128,89328024.00
2021/01/12,32.60,33.56,32.15,32.44,4904575,79065120.00
2021/01/13,31.86,32.13,30.95,31.76,3748827,57892724.00
2021/01/14,31.58,34.81,31.42,34.81,4873774,82756160.00
2021/01/15,37.75,38.17,36.42,38.17,8661616,161996144.00
2021/01/18,39.46,40.60,34.76,35.85,20009323,365390816.00
2021/01/19,33.54,34.70,32.76,32.91,13803957,228642016.00
2021/01/20,32.27,32.95,32.17,32.58,7675229,122227536.00
2021/01/21,32.62,33.56,32.17,33.33,8117773,131402760.00
2021/01/22,33.33,33.33,32.40,32.46,4648376,74451648.00
2021/01/25,32.40,32.78,30.68,30.89,5756632,88920576.00
2021/01/26,30.82,30.82,29.68,30.44,2577668,38038964.00
2021/01/27,30.48,31.07,30.07,31.01,2023327,30306590.00
2021/01/28,30.64,30.93,30.21,30.29,1584512,23623808.00
2021/01/29,30.42,30.50,29.41,29.70,1880568,27294570.00
2021/02/01,29.97,30.05,28.74,29.64,1409544,20268152.00
2021/02/02,29.62,29.84,29.17,29.27,1072748,15460672.00
2021/02/03,29.46,29.46,28.17,28.23,1811300,25297308.00
2021/02/04,28.23,28.48,27.17,28.29,1582440,21436852.00
2021/02/05,28.27,28.64,27.95,28.33,987312,13648922.00
2021/02/08,28.21,30.58,28.21,29.88,2375368,34692060.00
2021/02/09,29.86,30.15,29.39,29.90,1146100,16699971.00
2021/02/10,30.01,30.44,29.90,30.33,789676,11680071.00
2021/02/18,30.64,31.35,30.64,31.17,1707064,25922608.00
2021/02/19,31.17,31.72,30.84,31.64,1652116,25463088.00
2021/02/22,31.66,32.11,31.64,31.70,1881940,29381452.00
2021/02/23,31.68,32.89,31.44,32.38,2195679,34780800.00
2021/02/24,32.36,32.48,31.74,32.01,1733306,27382132.00
2021/02/25,32.15,32.36,32.01,32.07,1008552,15904540.00
2021/02/26,31.80,32.54,30.99,32.21,1537123,24092238.00
2021/03/01,32.38,32.50,32.05,32.27,1391207,21964128.00
2021/03/02,32.25,32.25,31.07,31.15,1912572,29520418.00
2021/03/03,31.15,32.52,31.13,32.27,2937365,46022084.00
2021/03/04,32.25,32.56,31.58,31.74,1683132,26517528.00
2021/03/05,31.52,32.11,31.44,31.89,1103861,17235476.00
2021/03/08,32.27,32.36,31.07,31.21,1808340,27935924.00
2021/03/09,31.58,31.66,29.58,29.60,2149560,31816144.00
2021/03/10,30.33,30.35,29.07,29.11,763430,10937832.00
2021/03/11,29.13,29.72,29.07,29.50,551904,7952089.00
2021/03/12,29.58,30.40,29.29,29.99,653692,9533662.00
2021/03/15,29.86,30.15,29.84,29.90,492884,7223390.00
2021/03/16,29.95,30.37,29.88,30.17,474568,6983624.00
2021/03/17,30.25,30.62,30.07,30.29,419060,6196624.00
2021/03/18,30.21,30.48,29.97,30.11,475848,7029760.00
2021/03/19,29.82,30.11,29.56,29.70,679549,9903341.00
2021/03/22,29.52,29.90,29.52,29.80,742721,10791003.00
2021/03/23,30.23,32.66,30.05,32.03,7399640,116330856.00
2021/03/24,31.21,32.36,31.09,32.21,4177263,65230180.00
2021/03/25,32.21,32.82,31.72,32.46,3410109,54315408.00
2021/03/26,32.44,32.44,31.70,32.03,2131025,33488376.00
2021/03/29,32.36,32.95,31.86,31.99,2078801,33051764.00
2021/03/30,32.01,32.52,31.42,32.03,1767340,27557220.00
2021/03/31,31.97,32.11,31.38,31.76,1052280,16329206.00
2021/04/01,31.74,31.84,31.37,31.82,912906,14159204.00
2021/04/02,32.01,32.66,31.84,32.40,3459956,55003668.00
2021/04/06,32.40,32.89,31.91,32.36,2122840,33628772.00
2021/04/07,32.33,32.40,31.64,31.89,1408627,22027204.00
2021/04/08,31.93,32.13,31.66,31.78,1173692,18330424.00
2021/04/09,31.76,31.91,31.44,31.76,999428,15533305.00
2021/04/12,31.70,32.50,31.54,32.42,2313736,36513728.00
2021/04/13,32.42,32.85,31.74,31.97,1802327,28424808.00
2021/04/14,31.87,32.85,31.54,32.70,2915508,46315616.00
2021/04/15,32.74,33.17,32.23,32.66,3266644,52413264.00
2021/04/16,31.82,33.29,31.82,32.66,2858732,45880828.00
2021/04/19,32.62,32.80,32.36,32.38,2804800,44786872.00
2021/04/20,32.13,32.44,31.86,31.97,2143588,33822256.00
2021/04/21,31.91,32.11,31.54,31.62,1444495,22478878.00
2021/04/22,31.64,31.91,30.82,30.93,2032433,31128732.00
2021/04/23,30.95,30.99,30.05,30.37,1512496,22489936.00
2021/04/26,30.03,30.74,30.03,30.52,783691,11693510.00
2021/04/27,30.58,30.60,29.90,30.11,888116,13073623.00
2021/04/28,30.11,30.74,28.68,30.66,919801,13584116.00
2021/04/29,30.66,30.78,30.25,30.25,730456,10914444.00
2021/04/30,30.25,30.40,29.48,29.64,953856,13919983.00
2021/05/06,29.58,29.66,29.29,29.52,602632,8664434.00
2021/05/07,29.52,29.86,29.52,29.74,427596,6218256.00
2021/05/10,29.86,30.15,29.80,29.91,516764,7564066.00
2021/05/11,29.91,30.11,29.76,30.01,560756,8207945.00
2021/05/12,29.97,30.11,29.66,30.05,583152,8520683.00
2021/05/13,29.86,30.29,29.68,29.70,801240,11730391.00
2021/05/14,29.70,29.95,29.60,29.90,754500,10992648.00
2021/05/17,29.90,30.03,29.56,29.66,757568,10991823.00
2021/05/18,29.66,29.66,29.17,29.48,921776,13249633.00
2021/05/19,29.64,29.97,29.50,29.93,851460,12431149.00
2021/05/20,29.93,29.95,29.46,29.70,680240,9854197.00
2021/05/21,29.72,30.82,29.60,30.64,1608132,23832166.00
2021/05/24,30.62,30.76,30.35,30.50,964980,14433606.00
2021/05/25,30.44,30.68,30.21,30.58,641692,9560689.00
2021/05/26,30.58,30.80,30.42,30.72,708540,10643248.00
2021/05/27,30.74,30.76,30.39,30.72,863564,12914482.00
2021/05/28,30.93,31.23,30.03,30.05,1356003,20258326.00
2021/05/31,30.05,30.42,29.70,30.29,949536,13967700.00
2021/06/01,30.23,31.31,30.23,31.19,1830185,27712350.00
2021/06/02,31.21,31.35,30.72,30.86,1104205,16753902.00
2021/06/03,30.76,31.52,30.76,31.38,1417440,21753694.00
2021/06/04,31.42,31.72,31.13,31.54,1290536,19859340.00
2021/06/07,31.62,32.09,31.27,31.38,1288352,19970784.00
2021/06/08,31.29,31.97,31.05,31.56,1309820,20260900.00
2021/06/09,31.56,31.82,31.25,31.48,798192,12296954.00
2021/06/10,31.42,31.72,31.21,31.72,846500,13071825.00
2021/06/11,31.72,33.07,31.62,32.58,3284236,52319496.00
2021/06/15,32.60,32.76,32.07,32.25,1185768,18781572.00
2021/06/16,32.15,32.70,31.48,31.58,1393841,21835308.00
2021/06/17,31.58,32.52,31.44,32.42,1179326,18537304.00
2021/06/18,32.56,32.60,31.66,32.46,1349304,20973150.00
2021/06/22,31.29,31.91,30.31,30.60,4999364,74175320.00
2021/06/23,30.44,30.82,30.29,30.66,1705037,25067416.00
2021/06/24,30.68,30.70,30.25,30.35,1188547,17382922.00
2021/06/25,30.35,30.84,30.21,30.56,1612168,23633620.00
2021/06/28,30.50,30.64,30.25,30.40,1139000,16650667.00
2021/06/29,30.37,30.44,29.93,29.93,1225044,17775084.00
2021/06/30,29.95,30.40,29.91,30.23,862484,12506627.00
2021/07/01,30.25,30.35,29.84,29.86,1060040,15338486.00
2021/07/02,29.86,29.99,29.35,29.52,1080848,15362639.00
2021/07/05,29.54,30.15,29.46,30.03,539205,7720046.00
2021/07/06,30.03,30.39,29.86,30.39,662344,9584469.00
2021/07/07,30.17,30.44,29.90,30.03,1533500,22181464.00
2021/07/08,30.03,30.39,29.66,29.70,1417280,20445836.00
2021/07/09,29.70,29.95,29.58,29.95,767507,10973769.00
2021/07/12,29.99,30.62,29.90,30.35,1604318,23414980.00
2021/07/13,30.35,30.44,30.13,30.35,922299,13428392.00
2021/07/14,30.37,30.50,29.99,29.99,874500,12672573.00
2021/07/15,29.99,30.23,29.76,30.11,816248,11772782.00
2021/07/16,30.13,30.25,30.05,30.21,786388,11396302.00
2021/07/19,30.21,31.78,29.80,31.64,4130588,61882464.00
2021/07/20,31.09,31.99,31.03,31.78,1743354,26555956.00
2021/07/21,31.84,31.89,31.52,31.74,1593777,24399336.00
2021/07/22,31.66,31.72,31.33,31.58,1342592,20392290.00
2021/07/23,31.38,31.46,31.05,31.17,2629148,39529172.00
2021/07/26,30.89,31.48,30.27,30.74,1626716,24140636.00
2021/07/27,30.64,31.62,30.39,30.99,2499785,37345264.00
2021/07/28,30.74,30.74,28.07,29.33,2873528,40371628.00
2021/07/29,29.33,30.11,29.33,30.03,1269480,18175844.00
2021/07/30,29.95,30.35,29.60,29.66,1077860,15477613.00
2021/08/02,29.72,30.11,29.35,30.05,1156497,16546695.00
2021/08/03,29.90,30.74,29.78,30.42,1286348,18818620.00
2021/08/04,30.35,30.60,30.11,30.11,775248,11282278.00
2021/08/05,30.11,30.19,29.60,29.78,781948,11190810.00
2021/08/06,29.78,29.90,29.62,29.78,509160,7277946.00
2021/08/09,29.82,30.50,29.78,30.44,1191716,17338228.00
2021/08/10,30.27,31.19,30.27,31.15,2195192,32583052.00
2021/08/11,31.15,31.56,30.89,31.46,2049771,30911276.00
2021/08/12,31.40,31.66,31.13,31.25,2146328,32493492.00
2021/08/13,31.25,32.09,31.15,31.95,2836917,43400392.00
2021/08/16,32.23,32.23,31.29,31.58,2105679,32169452.00
2021/08/17,31.54,31.86,31.03,31.11,2248722,34093396.00
2021/08/18,31.13,31.86,31.11,31.74,2021268,30763340.00
2021/08/19,31.60,31.62,30.99,31.19,1429136,21525662.00
2021/08/20,31.05,31.48,30.66,31.21,1287380,19259060.00
2021/08/23,31.35,32.70,31.07,32.44,3692692,57440640.00
2021/08/24,32.58,32.66,32.05,32.44,2330235,36405876.00
2021/08/25,32.23,32.84,32.17,32.72,2854344,45019976.00
2021/08/26,32.60,32.97,31.78,31.91,3127824,48664832.00
2021/08/27,31.56,32.07,31.46,31.91,1951240,29955326.00
2021/08/30,32.31,34.93,32.03,33.93,10343607,171159168.00
2021/08/31,33.42,35.34,33.31,34.19,7523129,124829592.00
2021/09/01,34.21,34.38,33.29,33.56,4440744,72305888.00
2021/09/02,33.56,33.99,33.25,33.95,3117593,50789804.00
2021/09/03,33.68,34.36,33.15,34.23,3782521,61894688.00
2021/09/06,34.34,34.64,33.52,34.05,2808288,46360804.00
2021/09/07,33.82,34.07,33.34,33.89,2792784,45505628.00
2021/09/08,33.58,34.62,33.58,34.54,3545623,58714860.00
2021/09/09,34.62,34.97,33.97,34.03,3821631,63474808.00
2021/09/10,33.91,34.11,33.27,33.42,2630980,42838704.00
2021/09/13,33.42,34.85,33.13,34.11,2562650,42312132.00
2021/09/14,34.25,35.23,34.03,34.70,4910963,82311600.00
2021/09/15,34.54,34.70,33.58,33.83,3275544,53774064.00
2021/09/16,33.85,34.95,33.82,34.29,4098828,68332760.00
2021/09/17,34.23,34.27,31.72,32.03,5477597,86530592.00
2021/09/22,31.91,32.60,31.66,32.42,2306460,35941480.00
2021/09/23,32.72,35.25,32.60,34.78,10520920,175227360.00
2021/09/24,34.13,34.40,32.31,32.74,6789550,109003528.00
2021/09/27,32.66,32.66,31.03,31.64,4002280,61177968.00
2021/09/28,31.40,31.72,31.17,31.21,1649853,24917792.00
2021/09/29,31.13,31.15,30.01,30.17,2413132,35355664.00
2021/09/30,30.31,30.76,30.25,30.62,1135412,16714458.00
2021/10/08,30.93,31.42,30.86,31.19,1532000,23009446.00
2021/10/11,31.19,31.48,30.93,31.29,1013588,15241209.00
2021/10/12,31.38,31.40,30.37,30.70,1312390,19387516.00
2021/10/13,30.54,31.21,30.37,31.17,869800,12893654.00
2021/10/14,30.99,31.58,30.86,31.46,1135116,17136844.00
2021/10/15,31.70,31.72,30.97,31.17,1005240,15103323.00
2021/10/18,31.11,31.40,30.70,31.37,779820,11696347.00
2021/10/19,31.37,31.60,31.23,31.54,1149472,17432932.00
2021/10/20,31.82,31.82,30.80,30.88,1712032,25618532.00
2021/10/21,30.88,30.97,29.82,30.07,2156108,31353532.00
2021/10/22,30.03,30.21,29.58,29.86,1090120,15675746.00
2021/10/25,29.88,30.19,29.58,30.17,701220,10095767.00
2021/10/26,30.17,30.19,29.29,29.42,1411084,20112316.00
2021/10/27,29.50,29.66,28.88,29.29,1055248,14806893.00
2021/10/28,29.31,29.72,28.70,29.72,1046098,14712081.00
2021/10/29,29.72,29.95,29.37,29.80,1037972,14799871.00
2021/11/01,29.74,30.03,29.46,29.93,619361,8889042.00
2021/11/02,29.93,30.07,29.33,29.50,875275,12462168.00
2021/11/03,29.48,29.86,29.41,29.72,498988,7117584.00
2021/11/04,30.03,30.13,29.76,29.95,827828,11899257.00
2021/11/05,29.95,30.31,29.84,30.27,942072,13662328.00
2021/11/08,30.27,30.31,29.93,30.15,586328,8484592.00
2021/11/09,30.15,30.42,29.93,30.15,773872,11204871.00
2021/11/10,30.29,30.42,29.78,30.40,865526,12530753.00
2021/11/11,30.27,30.48,30.25,30.40,734700,10740282.00
2021/11/12,30.40,30.72,30.07,30.64,968291,14170434.00
2021/11/15,30.62,31.03,30.50,30.95,1141260,16925756.00
2021/11/16,31.11,31.37,30.56,31.03,1770363,26399780.00
2021/11/17,31.33,31.48,30.93,31.38,1997600,30156948.00
2021/11/18,31.25,31.66,30.68,30.82,2313777,34850268.00
2021/11/19,30.58,31.03,30.35,30.84,1371343,20274968.00
2021/11/22,30.88,31.56,30.66,31.52,1652436,24915916.00
2021/11/23,31.52,31.95,31.29,31.93,2032500,31050260.00
2021/11/24,31.89,32.01,31.40,31.68,1459624,22280228.00
2021/11/25,31.72,31.82,31.31,31.68,1258035,19154812.00
2021/11/26,31.62,32.03,31.33,32.01,1869172,28623520.00
2021/11/29,31.72,31.93,31.42,31.64,1545535,23614886.00
2021/11/30,31.66,32.29,31.58,32.27,2673048,41358664.00
2021/12/01,32.21,32.93,32.09,32.52,2987580,46955796.00
2021/12/02,32.50,33.25,32.21,32.29,4075688,64491448.00
2021/12/03,32.66,32.78,31.84,32.19,2808616,43713280.00
2021/12/06,32.07,32.19,31.03,31.23,2812473,42587296.00
2021/12/07,31.21,31.44,30.82,31.09,1410620,21113664.00
2021/12/08,31.09,31.31,30.84,31.17,1304580,19551200.00
2021/12/09,31.31,31.60,31.15,31.25,1169946,17672028.00
2021/12/10,31.25,31.62,30.99,31.58,1325616,20046456.00
2021/12/13,31.72,32.76,31.50,32.70,4117077,64326064.00
2021/12/14,32.80,33.33,32.36,32.99,3692776,58735408.00
2021/12/15,32.97,32.97,32.35,32.54,2272108,35800728.00
2021/12/16,32.76,32.87,32.09,32.82,2170415,34221912.00
2021/12/17,32.82,32.82,32.27,32.31,1498749,23482268.00
2021/12/20,32.31,33.19,32.11,32.60,3233848,51312788.00
2021/12/21,32.68,33.09,32.46,33.07,1709864,27097184.00
2021/12/22,33.09,33.15,32.62,32.80,1427872,22659954.00
2021/12/23,32.74,32.82,32.19,32.19,1333096,20831278.00
2021/12/24,32.21,32.62,31.42,32.31,2317004,35896140.00
2021/12/27,32.31,33.05,31.87,33.01,2141420,33734544.00
2021/12/28,33.09,33.83,32.82,33.27,3404384,54969464.00
2021/12/29,33.29,33.64,32.70,33.09,2369708,38053140.00
2021/12/30,32.84,33.85,32.84,33.78,3312088,53827720.00
2021/12/31,33.82,33.83,33.27,33.48,2393240,38764836.00
2022/01/04,33.74,33.74,33.21,33.72,2314548,37634468.00
2022/01/05,33.72,33.80,33.15,33.68,2154963,34835900.00
2022/01/06,33.48,34.15,33.29,33.78,1866732,30586240.00
2022/01/07,33.64,34.44,32.93,32.99,2583038,41936460.00
2022/01/10,33.48,33.48,32.50,33.13,2143836,34288888.00
2022/01/11,33.33,34.46,32.89,32.99,2485168,40246944.00
2022/01/12,32.91,34.27,32.91,33.87,3530120,57927184.00
2022/01/13,33.85,34.05,33.56,33.58,1445176,23599180.00
2022/01/14,33.46,33.78,32.60,32.70,2697012,43297536.00
2022/01/17,32.70,33.68,32.68,33.40,1944500,31359772.00
2022/01/18,33.29,33.52,32.21,32.36,2999884,47275012.00
2022/01/19,32.38,33.38,32.35,32.99,2166289,34496484.00
2022/01/20,32.97,33.29,31.52,31.70,2686136,41473992.00
2022/01/21,31.72,31.78,31.03,31.42,1610003,24335648.00
2022/01/24,31.19,31.91,30.78,30.89,1389768,20832714.00
2022/01/25,30.89,31.01,29.56,29.86,1911000,27719014.00
2022/01/26,29.90,30.29,29.68,30.11,1042400,15024285.00
2022/01/27,30.11,30.23,29.17,29.37,1932100,27349206.00
2022/01/28,29.37,30.17,29.37,30.07,1401276,20139916.00
2022/02/07,30.35,30.62,30.07,30.33,1277984,18646100.00
2022/02/08,30.29,30.70,30.11,30.64,1292340,18953010.00
2022/02/09,30.56,31.07,30.56,30.93,979080,14540770.00
2022/02/10,30.84,31.07,30.74,30.93,1100700,16379109.00
2022/02/11,30.88,31.01,30.05,30.23,1201188,17600892.00
2022/02/14,30.19,30.62,30.07,30.29,790512,11571234.00
2022/02/15,30.27,30.54,30.03,30.25,908540,13201546.00
2022/02/16,30.37,30.95,30.37,30.89,1109515,16429357.00
2022/02/17,30.68,31.03,30.54,30.62,1169696,17341608.00
2022/02/18,30.64,30.86,30.52,30.86,750000,11092067.00
2022/02/21,30.86,31.11,30.68,31.01,1200090,17883360.00
2022/02/22,30.80,31.25,30.44,30.70,2189900,32550884.00
2022/02/23,30.66,31.07,30.60,30.95,1378276,20525924.00
2022/02/24,30.89,31.01,29.68,30.07,2326224,33901216.00
2022/02/25,30.15,30.58,30.03,30.37,1154844,16900916.00
2022/02/28,30.46,30.62,29.76,30.15,1031232,14857933.00
2022/03/01,30.29,30.72,29.97,30.66,1108520,16270038.00
2022/03/02,30.54,30.78,30.40,30.64,793324,11697260.00
2022/03/03,30.62,31.05,30.62,31.03,1611980,23915860.00
2022/03/04,30.89,31.13,30.46,30.74,1293098,19181542.00
2022/03/07,30.56,30.74,30.17,30.25,1010440,14785816.00
2022/03/08,30.25,30.64,29.74,29.86,1398052,20205292.00
2022/03/09,29.86,30.11,28.29,29.03,2290973,32075524.00
2022/03/10,29.27,29.70,29.25,29.42,1092660,15457860.00
2022/03/11,29.19,29.66,28.74,29.64,1208572,17055944.00
2022/03/14,29.62,29.62,28.82,28.82,1157552,16164434.00
2022/03/15,28.80,28.80,27.01,27.15,1896375,25326732.00
2022/03/16,27.31,28.09,26.68,27.68,1501980,19604724.00
2022/03/17,27.74,28.15,27.52,27.64,1172886,15639542.00
2022/03/18,27.70,28.03,27.64,27.95,789392,10538109.00
2022/03/21,27.99,28.17,27.76,28.17,1051933,14101878.00
2022/03/22,28.13,28.39,27.80,28.07,900595,12088944.00
2022/03/23,28.13,28.19,27.80,27.95,1092392,14634855.00
2022/03/24,27.80,28.09,27.62,27.68,878534,11680712.00
2022/03/25,27.64,28.17,27.64,27.70,765624,10223732.00
2022/03/28,27.58,27.99,27.25,27.72,1199988,15847320.00
2022/03/29,27.68,28.11,27.68,27.82,782801,10426545.00
2022/03/30,27.88,28.58,27.82,28.35,1493940,20281004.00
2022/03/31,28.54,29.56,28.09,29.23,3380640,47026460.00
2022/04/01,29.23,29.33,28.41,28.66,1512500,20806608.00
2022/04/06,28.60,29.76,28.60,29.42,1764084,24724648.00
2022/04/07,29.56,29.62,28.97,28.97,946480,13261619.00
2022/04/08,28.82,29.01,28.43,28.58,778765,10702261.00
2022/04/11,28.48,28.74,27.41,27.60,1952565,26227596.00
2022/04/12,27.74,28.17,27.45,28.17,892320,11875722.00
2022/04/13,28.01,28.35,27.86,28.03,1007300,13582627.00
2022/04/14,27.97,28.21,27.86,28.09,628940,8449922.00
2022/04/15,28.03,28.03,27.11,27.19,1302260,17099382.00
2022/04/18,27.21,27.46,26.74,27.45,591740,7659415.00
2022/04/19,27.45,27.60,27.13,27.41,635800,8310587.00
2022/04/20,27.41,27.90,27.25,27.62,879404,11628215.00
2022/04/21,27.64,27.78,26.80,26.86,898984,11693319.00
2022/04/22,26.86,27.03,26.07,26.96,1048856,13283509.00
2022/04/25,26.88,26.88,25.03,25.15,1330560,16382237.00
2022/04/26,25.15,25.62,24.45,24.45,1042881,12341056.00
2022/04/27,24.27,24.51,23.11,24.33,1471820,16564295.00
2022/04/28,24.47,25.98,24.47,25.60,2730500,32955044.00
2022/04/29,25.27,25.72,25.09,25.70,1978729,23904780.00
2022/05/05,25.66,25.76,24.66,25.56,1367078,16548337.00
2022/05/06,25.13,25.74,24.90,25.62,1327288,16056052.00
2022/05/09,25.58,26.62,25.27,26.47,1638130,20588228.00
2022/05/10,26.03,26.97,26.03,26.72,1566684,19880748.00
2022/05/11,26.70,26.97,26.29,26.35,1229896,15669304.00
2022/05/12,26.25,26.80,25.88,26.56,937600,11820783.00
2022/05/13,26.76,26.80,26.31,26.78,908460,11540120.00
2022/05/16,26.88,26.96,26.45,26.68,780275,9925346.00
2022/05/17,26.48,27.39,26.48,26.74,955340,12190149.00
2022/05/18,26.80,27.07,26.60,26.74,896840,11485125.00
2022/05/19,26.78,27.35,26.64,27.35,1467736,18971568.00
2022/05/20,27.43,27.43,26.96,27.13,910636,11793372.00
2022/05/23,27.17,27.58,27.05,27.50,1083100,14141794.00
2022/05/24,27.37,27.78,26.60,26.64,1267778,16435603.00
2022/05/25,26.62,27.07,26.56,27.03,828948,10651580.00
2022/05/26,27.19,27.45,26.09,27.43,1156524,15000179.00
2022/05/27,27.56,27.56,27.05,27.45,934280,12226745.00
2022/05/30,27.66,27.68,27.31,27.56,645410,8496782.00
2022/05/31,27.80,27.80,27.25,27.72,1084620,14268142.00
2022/06/01,27.80,28.01,27.50,27.80,972988,12946252.00
2022/06/02,27.74,27.99,27.41,27.95,1043818,13865156.00
2022/06/06,27.84,28.23,27.62,28.09,999405,13426159.00
2022/06/07,28.23,28.27,27.56,27.86,856726,11435024.00
2022/06/08,27.99,27.99,27.27,27.72,697128,9235868.00
2022/06/09,27.45,27.70,27.03,27.31,1120740,14653615.00
2022/06/10,27.39,27.76,27.09,27.62,1075852,14188009.00
2022/06/13,27.52,27.95,27.21,27.95,1108080,14687115.00
2022/06/14,27.88,27.88,27.17,27.78,1048591,13788548.00
2022/06/15,27.95,28.11,27.64,27.80,918780,12252252.00
2022/06/16,27.70,28.11,27.70,28.05,1171020,15674612.00
2022/06/17,27.88,27.88,27.11,27.41,1918000,24527590.00
2022/06/20,27.27,27.88,27.15,27.74,1245780,16191620.00
2022/06/21,27.84,28.07,27.50,27.88,1323700,17313512.00
2022/06/22,27.88,27.99,27.27,27.27,679240,8784852.00
2022/06/23,27.21,27.62,27.17,27.52,1027500,13191341.00
2022/06/24,27.72,27.95,27.41,27.84,1291158,16869666.00
2022/06/27,28.05,28.05,27.62,27.86,949054,12393396.00
2022/06/28,27.72,29.15,27.70,28.74,3499964,47103452.00
2022/06/29,28.62,28.72,27.99,28.05,2253067,29973908.00
2022/06/30,28.05,28.35,27.95,28.05,1222628,16169360.00
2022/07/01,28.09,28.44,27.90,28.19,1345500,17856008.00
2022/07/04,28.23,28.78,28.05,28.58,1640321,21926736.00
2022/07/05,28.58,28.86,27.97,28.29,1429780,18983820.00
2022/07/06,28.09,28.41,27.86,28.11,1087588,14331415.00
2022/07/07,28.11,28.25,27.92,27.99,939020,12366393.00
2022/07/08,28.01,28.19,27.58,28.09,1634120,21425584.00
2022/07/11,28.05,28.07,27.35,27.48,1639140,21190202.00
2022/07/12,27.31,27.62,27.21,27.29,1073548,13793437.00
2022/07/13,27.50,28.74,27.13,28.54,2895800,38201536.00
2022/07/14,28.48,28.82,28.23,28.58,2260573,30364188.00
2022/07/15,28.62,29.78,28.09,28.95,3009080,40959464.00
2022/07/18,28.93,29.95,28.93,29.90,2903599,40759648.00
2022/07/19,29.99,30.60,29.70,30.19,4087474,58503040.00
2022/07/20,30.19,31.91,30.19,31.11,4511153,66887372.00
2022/07/21,31.11,31.64,30.84,31.01,4503634,66768572.00
2022/07/22,30.84,31.50,30.17,30.50,2949700,42800696.00
2022/07/25,30.74,30.74,29.72,29.97,1797744,25586384.00
2022/07/26,29.97,30.64,29.66,30.46,1932352,27567868.00
2022/07/27,30.54,30.82,30.27,30.80,1582353,22853930.00
2022/07/28,30.62,31.66,30.54,31.62,3035679,44898472.00
2022/07/29,31.48,31.60,30.89,31.03,2016764,29711328.00
2022/08/01,31.03,31.52,30.68,31.03,1600400,23427044.00
2022/08/02,30.84,30.84,29.44,29.88,3281084,46275372.00
2022/08/03,30.05,30.91,29.70,30.25,2671707,38420136.00
2022/08/04,30.33,31.50,30.17,31.13,1924567,27969986.00
2022/08/05,31.38,31.84,30.60,31.84,4001129,59708136.00
2022/08/08,31.70,31.72,30.93,31.15,2308920,34113344.00
2022/08/09,31.23,31.38,30.64,31.07,1941947,28396576.00
2022/08/10,30.97,31.37,30.66,31.05,1813617,26687020.00
2022/08/11,31.07,31.33,30.84,31.13,1999764,29475460.00
2022/08/12,31.03,31.29,30.23,30.40,2255256,32823824.00
2022/08/15,30.54,30.54,29.95,30.52,1272800,18185548.00
2022/08/16,30.52,33.34,30.05,32.62,6219540,95806224.00
2022/08/17,32.80,33.15,32.03,32.29,7910468,122462824.00
2022/08/18,32.19,33.03,31.56,32.01,5323180,81909568.00
2022/08/19,32.40,32.42,30.54,30.80,4436936,65768908.00
2022/08/22,30.82,31.03,30.35,30.72,2362752,34327468.00
2022/08/23,30.72,30.97,30.23,30.50,3082176,44476360.00
2022/08/24,30.60,30.60,29.11,29.17,2908872,40749384.00
2022/08/25,29.21,29.58,28.84,29.21,1802840,24794068.00
2022/08/26,29.44,30.35,29.42,29.80,2340706,33170776.00
2022/08/29,28.43,29.95,28.43,29.64,1719632,23939736.00
2022/08/30,29.50,30.09,29.23,29.62,1382000,19349682.00
2022/08/31,29.62,29.62,28.70,28.78,1412564,19302224.00
2022/09/01,28.72,29.29,28.70,28.97,950216,12999508.00
2022/09/02,29.05,29.95,29.03,29.78,1923580,26933618.00
2022/09/05,29.84,30.19,29.70,30.07,1151800,16298631.00
2022/09/06,30.40,30.40,29.80,29.97,1341528,18969016.00
2022/09/07,29.91,30.37,29.84,30.21,1136988,16199741.00
2022/09/08,30.35,30.35,29.68,29.72,1038088,14644101.00
2022/09/09,29.70,29.99,29.66,29.93,785960,11076920.00
2022/09/13,30.01,30.52,29.44,30.27,1340321,19176176.00
2022/09/14,29.80,30.05,29.54,29.91,1123900,15787091.00
2022/09/15,29.91,30.13,29.37,29.78,1368188,19200906.00
2022/09/16,29.64,30.03,29.19,29.25,1073132,14964747.00
2022/09/19,29.27,29.44,28.68,29.07,814100,11173143.00
2022/09/20,29.37,29.91,29.11,29.41,707760,9794018.00
2022/09/21,29.31,29.62,28.88,29.42,698300,9630047.00
2022/09/22,29.31,29.56,28.84,28.86,772714,10602302.00
2022/09/23,28.70,29.03,27.99,28.09,1008812,13488835.00
2022/09/26,28.05,28.21,27.64,27.76,1031130,13517005.00
2022/09/27,27.76,28.29,27.76,28.21,528100,6978224.00
2022/09/28,28.21,28.46,27.90,27.90,649351,8600819.00
2022/09/29,28.37,28.39,27.54,27.64,726100,9489486.00
2022/09/30,27.70,28.07,27.50,27.50,642724,8328588.00
2022/10/10,27.78,27.78,26.97,27.03,980700,12517420.00
2022/10/11,27.03,27.27,26.60,26.92,659028,8315322.00
2022/10/12,27.01,27.43,26.66,27.43,902148,11466028.00
2022/10/13,27.48,27.82,27.31,27.58,530240,6860643.00
2022/10/14,27.60,28.09,27.60,27.94,921340,12064183.00
2022/10/17,27.72,28.33,27.72,28.23,1095900,14476062.00
2022/10/18,28.29,28.48,28.15,28.31,853761,11360805.00
2022/10/19,28.29,28.54,28.09,28.13,861900,11477923.00
2022/10/20,28.01,28.44,27.99,28.17,706028,9358638.00
2022/10/21,28.11,28.84,28.11,28.64,1023480,13723058.00
2022/10/24,28.64,29.03,28.33,28.43,1528520,20589924.00
2022/10/25,28.43,28.43,27.56,27.94,1116628,14359722.00
2022/10/26,27.99,28.72,27.60,28.52,1077240,14152644.00
2022/10/27,28.52,29.37,28.35,28.95,1052138,14079636.00
2022/10/28,28.68,29.21,28.09,28.19,1296146,17131200.00
2022/10/31,28.44,28.70,28.03,28.44,1159400,15241077.00
2022/11/01,28.64,28.92,28.39,28.88,976954,12948639.00
2022/11/02,28.78,29.17,28.78,28.93,1282664,17194260.00
2022/11/03,28.90,29.05,28.70,29.03,840892,11240131.00
2022/11/04,29.03,29.33,28.93,29.09,1201040,16169842.00
2022/11/07,29.11,29.25,28.78,29.23,1135600,15283187.00
2022/11/08,29.21,29.21,28.93,29.05,687054,9227375.00
2022/11/09,29.03,29.56,28.99,29.29,1172018,15864416.00
2022/11/10,29.11,29.37,28.90,29.09,563440,7600340.00
2022/11/11,29.54,29.74,29.21,29.35,1608294,21990984.00
2022/11/14,29.37,29.54,29.11,29.27,946628,12840525.00
2022/11/15,29.27,29.56,29.01,29.50,1037640,14124274.00
2022/11/16,29.50,29.82,29.41,29.60,1180632,16206509.00
2022/11/17,29.58,29.93,29.46,29.84,1163940,16027200.00
2022/11/18,29.86,30.39,29.68,29.93,1931392,26911672.00
2022/11/21,30.11,30.11,29.54,29.74,1101000,15157273.00
2022/11/22,29.70,30.82,29.58,30.13,3016540,42344672.00
2022/11/23,30.13,30.13,29.25,29.33,1810320,24743060.00
2022/11/24,29.42,29.64,29.33,29.48,960100,13111185.00
2022/11/25,29.50,29.50,29.05,29.13,787900,10653575.00
2022/11/28,29.13,29.15,28.50,28.70,1010440,13419659.00
2022/11/29,28.82,29.25,28.72,29.19,636760,8553295.00
2022/11/30,29.03,29.91,29.01,29.70,1343620,18460822.00
2022/12/01,29.70,30.09,29.56,29.62,1027120,14198896.00
2022/12/02,29.82,30.09,29.48,29.78,1094680,15172617.00
2022/12/05,29.74,30.27,29.74,30.19,1676772,23413928.00
2022/12/06,30.17,30.42,29.90,30.01,1308760,18310452.00
2022/12/07,30.01,30.19,29.62,30.01,1267740,17595640.00
2022/12/08,29.95,29.97,29.58,29.86,882950,12188004.00
2022/12/09,29.91,30.05,29.68,29.88,737906,10205826.00
2022/12/12,29.86,29.91,29.52,29.56,673104,9249303.00
2022/12/13,29.72,30.99,29.60,30.52,3291910,46367160.00
2022/12/14,30.44,30.70,30.17,30.50,1535884,21707984.00
2022/12/15,30.66,30.93,30.48,30.54,1658732,23698332.00
2022/12/16,30.44,30.89,30.09,30.25,1078800,15218169.00
2022/12/19,30.19,30.39,29.44,29.60,1021220,14072196.00
2022/12/20,29.76,29.76,29.23,29.41,680200,9269309.00
2022/12/21,29.39,29.58,29.21,29.48,770140,10494665.00
2022/12/22,29.54,29.91,29.07,29.07,919634,12573255.00
2022/12/23,28.86,29.62,28.86,29.23,565630,7644752.00
2022/12/26,29.17,29.60,29.07,29.29,655700,8894428.00
2022/12/27,29.33,29.33,28.80,29.05,619200,8306912.00
2022/12/28,29.11,29.11,27.99,27.99,1568356,20507456.00
2022/12/29,28.07,28.17,27.78,27.92,692000,8910493.00
2022/12/30,28.05,28.17,27.64,27.97,1009640,12967929.00
2023/01/03,28.09,28.41,27.92,28.37,1336160,17335948.00
2023/01/04,28.25,28.97,28.25,28.64,1131360,15002054.00
2023/01/05,28.70,28.82,28.43,28.70,680936,9001031.00
2023/01/06,28.64,28.97,28.64,28.80,597900,7963170.00
2023/01/09,28.78,29.03,28.76,28.97,696560,9313864.00
2023/01/10,28.99,28.99,28.58,28.74,564300,7507313.00
2023/01/11,28.84,28.84,28.43,28.50,525260,6940584.00
2023/01/12,28.43,28.66,28.27,28.37,564800,7399719.00
2023/01/13,28.41,28.60,28.33,28.44,435100,5717419.00
2023/01/16,28.70,28.88,28.46,28.74,683480,9075740.00
2023/01/17,28.76,29.17,28.68,28.86,846580,11324961.00
2023/01/18,28.86,29.60,28.86,29.41,1325056,17995284.00
2023/01/19,29.33,30.99,29.19,30.11,4260512,60097112.00
2023/01/20,30.13,30.62,29.95,30.42,1712780,24182592.00
2023/01/30,30.66,31.23,30.15,30.99,2786768,40055560.00
2023/01/31,30.99,32.48,30.84,31.60,4873640,71998896.00
2023/02/01,31.80,32.27,31.50,31.86,3868504,57353888.00
2023/02/02,31.86,31.93,31.56,31.68,1888768,27970900.00
2023/02/03,31.72,32.25,31.37,31.64,1612920,23928048.00
2023/02/06,31.64,31.82,31.38,31.66,1338648,19733410.00
2023/02/07,31.80,32.01,31.48,32.01,1389582,20701020.00
2023/02/08,31.99,32.29,31.68,31.93,1772704,26508928.00
2023/02/09,32.07,32.44,31.89,32.25,1748600,26354792.00
2023/02/10,32.17,33.82,32.17,32.91,4724512,73253464.00
2023/02/13,32.87,33.25,32.72,33.01,2559196,39534300.00
2023/02/14,33.19,33.23,32.70,33.07,1354328,20899856.00
2023/02/15,33.07,33.68,32.89,33.33,1949692,30384202.00
2023/02/16,33.46,33.66,32.11,32.46,3144492,48464236.00
2023/02/17,32.70,33.46,32.68,32.84,2733892,42264676.00
2023/02/20,32.95,33.33,32.80,33.25,1648800,25557630.00
2023/02/21,33.17,33.42,32.80,33.07,1402740,21690424.00
2023/02/22,32.87,33.05,32.60,32.78,1587336,24333272.00
2023/02/23,32.87,32.93,32.46,32.64,1269368,19397386.00
2023/02/24,32.70,32.97,32.31,32.72,1427800,21775604.00
2023/02/27,32.72,32.74,32.23,32.35,1239340,18806912.00
2023/02/28,32.40,32.62,32.07,32.46,1181028,17875748.00
2023/03/01,32.48,32.62,32.31,32.60,1022500,15536874.00
2023/03/02,32.56,33.09,32.48,32.58,1403840,21530844.00
2023/03/03,32.58,32.68,31.93,32.17,1377600,20726940.00
2023/03/06,32.36,32.56,31.95,32.17,1202016,18084572.00
2023/03/07,32.31,32.31,31.38,31.42,1574600,23351252.00
2023/03/08,31.42,31.91,31.40,31.89,1017724,15055338.00
2023/03/09,32.03,32.09,31.68,31.95,689248,10265524.00
2023/03/10,31.95,31.95,31.31,31.48,1245340,18313954.00
2023/03/13,31.48,31.52,31.09,31.48,893072,13029401.00
2023/03/14,31.50,31.62,30.70,30.97,1030880,14885668.00
2023/03/15,31.27,31.66,31.03,31.56,912840,13399380.00
2023/03/16,31.37,31.56,28.88,31.05,920700,13383847.00
2023/03/17,30.97,31.72,30.89,31.42,1623036,23804064.00
2023/03/20,31.13,31.99,30.93,31.64,2899548,42598608.00
2023/03/21,31.64,31.91,31.52,31.62,1632092,24136260.00
2023/03/22,31.64,31.87,31.31,31.72,1398804,20696430.00
2023/03/23,31.82,31.91,31.48,31.72,955700,14138852.00
2023/03/24,31.70,33.21,31.62,32.99,4471815,68563008.00
2023/03/27,32.72,32.95,31.70,31.78,3697100,55350772.00
2023/03/28,31.82,31.99,31.40,31.54,1566820,23143310.00
2023/03/29,31.42,31.86,31.21,31.31,1701300,24950962.00
2023/03/30,31.17,31.40,30.74,30.86,1475196,21346646.00
2023/03/31,31.11,31.38,30.54,31.31,1110000,16097114.00
2023/04/03,31.17,31.70,30.76,31.48,1420400,20670238.00
2023/04/04,31.54,31.62,30.68,30.84,1331800,19229052.00
2023/04/06,30.95,30.95,30.21,30.23,1277940,18005844.00
2023/04/07,30.33,30.35,30.01,30.19,781860,10936968.00
2023/04/10,30.13,30.13,29.21,29.46,2124160,29114116.00
2023/04/11,29.56,29.93,29.19,29.80,1317916,18100646.00
2023/04/12,29.80,29.95,29.60,29.93,737920,10227321.00
2023/04/13,29.91,30.23,29.78,29.95,1077160,15024660.00
2023/04/14,29.99,30.13,29.74,30.01,1185176,16429764.00
2023/04/17,29.93,30.15,29.64,30.05,976500,13602962.00
2023/04/18,30.03,30.03,29.56,29.91,1094980,15086357.00
2023/04/19,29.82,29.82,29.48,29.60,736300,10114830.00
2023/04/20,29.58,29.66,29.13,29.48,739600,10049258.00
2023/04/21,29.50,29.60,28.68,28.70,1221700,16470060.00
2023/04/24,28.70,29.39,28.58,29.17,1245860,16693355.00
2023/04/25,29.23,29.56,28.41,28.84,1088400,14513920.00
2023/04/26,28.84,29.33,28.58,29.17,822400,11064506.00
2023/04/27,28.88,29.66,28.88,29.29,1040880,14134630.00
2023/04/28,29.35,29.86,29.35,29.78,946280,13000170.00
2023/05/04,29.86,30.13,29.56,29.99,982200,13647651.00
2023/05/05,29.99,30.13,29.70,29.95,840600,11649188.00
2023/05/08,29.97,30.37,29.76,30.21,1291420,18064700.00
2023/05/09,30.21,30.29,29.76,29.78,869280,12100919.00
2023/05/10,29.74,30.11,29.56,29.90,756876,10495982.00
2023/05/11,29.99,30.11,29.82,29.91,883320,12267608.00
2023/05/12,29.86,30.11,29.76,29.90,700808,9726160.00
2023/05/15,30.01,30.64,29.72,30.48,1762240,24719228.00
2023/05/16,30.48,30.54,30.21,30.42,846120,11955570.00
2023/05/17,30.39,30.68,30.33,30.64,789440,11219435.00
2023/05/18,30.56,30.84,30.46,30.82,905812,12922933.00
2023/05/19,30.82,30.93,30.64,30.82,1074272,15404267.00
2023/05/22,30.95,30.95,30.68,30.80,955988,13707127.00
2023/05/23,30.93,31.05,30.46,30.46,1003732,14352492.00
2023/05/24,30.54,30.82,30.19,30.56,800484,11378388.00
2023/05/25,30.42,30.56,29.76,30.27,1692884,23639580.00
2023/05/26,30.29,30.44,29.80,30.11,1623312,22629166.00
2023/05/29,30.15,30.44,29.84,29.95,1395300,19444304.00
2023/05/30,30.03,30.09,29.76,30.03,882100,12241097.00
2023/05/31,30.01,30.09,29.64,29.76,931940,12892297.00
2023/06/01,29.76,30.05,29.56,29.84,913980,12661932.00
2023/06/02,30.01,30.39,29.88,30.35,987516,13825809.00
2023/06/05,30.42,30.80,30.09,30.80,1376016,19518956.00
2023/06/06,30.88,30.88,30.11,30.25,1109560,15727232.00
2023/06/07,30.07,30.74,30.07,30.70,1041660,14807583.00
2023/06/08,30.84,30.84,30.27,30.60,1082656,15358041.00
2023/06/09,30.72,30.89,30.44,30.80,1041900,14870528.00
2023/06/12,30.84,31.35,30.56,31.29,2209312,31898990.00
2023/06/13,31.31,31.31,30.88,30.99,1679300,24297084.00
2023/06/14,31.07,32.29,30.72,32.27,6044619,89577656.00
2023/06/15,31.72,32.25,30.91,31.74,5337940,78295424.00
2023/06/16,31.82,32.17,31.17,31.87,4430480,62943944.00
2023/06/19,32.01,32.70,31.66,32.38,3856378,56240808.00
2023/06/20,32.60,32.84,31.80,32.09,4142459,60349220.00
2023/06/21,32.21,32.27,31.42,31.82,2378720,34103860.00
2023/06/26,32.03,32.03,30.84,31.07,1888200,26685028.00
2023/06/27,31.13,32.03,31.05,31.58,2462280,35037872.00
2023/06/28,31.58,31.62,30.89,31.37,2166200,30398132.00
2023/06/29,31.38,32.21,31.15,31.89,2448868,35116476.00
2023/06/30,32.09,32.21,31.84,31.95,1896868,27399474.00
2023/07/03,31.99,32.36,31.82,32.13,2239300,32455488.00
2023/07/04,32.13,32.44,31.91,32.19,1910922,27772920.00
2023/07/05,32.21,32.50,32.07,32.15,1813608,26439676.00
2023/07/06,32.17,32.74,32.01,32.56,3414376,50044912.00
2023/07/07,32.35,33.60,32.35,32.95,6610056,98921392.00
2023/07/10,32.95,33.07,31.97,32.11,2894980,42374280.00
2023/07/11,32.23,32.40,31.97,32.07,2804996,40749068.00
2023/07/12,32.09,32.09,31.38,31.46,1900160,27120088.00
2023/07/13,31.56,31.95,31.46,31.91,1483500,21231244.00
2023/07/14,31.86,32.13,31.56,31.86,1883004,27072964.00
2023/07/17,31.84,32.25,31.46,32.03,848300,12163305.00
2023/07/18,31.91,32.29,31.72,32.17,1499112,21763008.00
2023/07/19,32.25,32.54,32.11,32.40,1723800,25181864.00
2023/07/20,32.46,32.46,31.56,31.62,1511000,21763684.00
2023/07/21,31.62,31.72,31.27,31.46,1102500,15638992.00
2023/07/24,31.52,31.76,31.07,31.70,1367900,19409834.00
2023/07/25,31.78,32.35,31.72,32.29,1846873,26799968.00
2023/07/26,32.36,32.48,32.13,32.25,1143952,16718769.00
2023/07/27,32.35,32.35,31.62,31.72,1427500,20615592.00
2023/07/28,31.72,32.03,31.42,31.89,1257420,18006124.00
2023/07/31,32.09,32.31,31.82,32.27,1511240,21967922.00
2023/08/01,32.40,32.44,31.99,32.40,1871016,27271760.00
2023/08/02,32.60,34.36,32.42,33.58,8817948,134263056.00
2023/08/03,33.44,33.48,32.60,32.91,4334288,64448188.00
2023/08/04,32.91,33.25,32.40,32.48,3321300,49280084.00
2023/08/07,32.52,32.72,31.86,31.93,2969260,43128936.00
2023/08/08,32.05,32.29,31.72,32.01,1760356,25442828.00
2023/08/09,31.86,32.03,31.54,31.54,1599840,22867672.00
2023/08/10,31.54,32.72,31.42,32.31,3052472,44323976.00
2023/08/11,32.27,32.44,31.52,31.62,2173092,31400892.00
2023/08/14,31.35,32.97,31.35,32.93,4907708,72336728.00
2023/08/15,32.89,33.17,32.62,32.95,3216711,47952240.00
2023/08/16,32.95,33.09,32.74,32.74,2752292,41043600.00
2023/08/17,32.72,33.48,32.05,33.46,4170044,62365612.00
2023/08/18,33.48,33.48,32.87,32.89,2916460,43797240.00
2023/08/21,32.72,34.66,32.70,33.91,6780194,104641016.00
2023/08/22,33.64,34.27,33.27,34.25,6215422,95653664.00
2023/08/23,34.07,34.23,32.89,33.01,4715360,71167728.00
2023/08/24,32.97,33.25,32.11,32.46,3560820,52377880.00
2023/08/25,32.46,32.62,31.87,31.93,3414296,49556444.00
2023/08/28,32.62,32.82,31.68,31.93,4328640,62855956.00
2023/08/29,31.76,33.52,31.68,33.42,5714412,85218632.00
2023/08/30,33.42,34.17,33.11,33.68,3708368,56876768.00
2023/08/31,33.68,33.87,33.34,33.44,1666800,25368136.00
2023/09/01,33.50,34.07,33.17,33.87,2697380,41294876.00
2023/09/04,33.82,33.99,33.62,33.62,2458740,37707520.00
2023/09/05,33.40,34.52,33.31,34.52,6406476,99424656.00
2023/09/06,34.62,37.60,33.70,37.60,11597803,190341536.00
2023/09/07,37.23,40.69,36.72,37.58,24480335,436669760.00
2023/09/08,37.03,40.28,37.03,38.79,24114873,433921280.00
2023/09/11,37.01,37.38,35.29,36.03,19242972,316572640.00
2023/09/12,35.46,39.26,34.81,39.26,14904642,260323168.00
2023/09/13,40.54,42.83,40.30,42.83,11755208,229739440.00
2023/09/14,45.24,46.75,41.17,42.81,49506617,1027904896.00
2023/09/15,40.15,46.73,40.09,46.73,43483139,859518208.00
2023/09/18,44.87,45.83,42.42,42.42,34408077,702400640.00
2023/09/19,40.11,40.79,38.54,38.54,30121092,544324032.00
2023/09/20,37.21,39.91,37.01,39.07,27594351,490014816.00
2023/09/21,38.15,39.52,37.85,38.19,17527519,311149248.00
2023/09/22,38.13,38.15,35.85,37.34,18697839,317956032.00
2023/09/25,37.19,39.60,37.01,38.28,21998008,388168128.00
2023/09/26,37.44,38.62,36.15,37.34,20561208,350762432.00
2023/09/27,37.01,37.30,35.97,35.97,14793352,247684480.00
2023/09/28,36.25,36.97,35.60,36.62,11287340,188266784.00
2023/10/09,36.74,36.99,36.23,36.50,8930790,150046640.00
2023/10/10,36.46,37.74,36.30,36.83,11445796,194792000.00
2023/10/11,36.97,38.19,36.58,38.19,17579898,305466656.00
2023/10/12,38.26,38.26,36.07,36.60,14172201,238993680.00
2023/10/13,36.19,36.66,35.74,35.85,9574323,158247888.00
2023/10/16,35.64,35.74,34.99,35.21,8399164,135460928.00
2023/10/17,35.11,35.42,34.76,35.19,5972202,95598672.00
2023/10/18,35.17,35.60,34.21,34.21,7739255,122310712.00
2023/10/19,34.03,35.05,33.97,34.23,7323385,115276576.00
2023/10/20,34.21,34.36,33.42,33.54,5346936,82029464.00
2023/10/23,33.31,33.76,32.31,32.60,5809920,86482960.00
2023/10/24,32.70,33.89,32.64,33.70,6504222,98848848.00
2023/10/25,34.03,34.07,33.64,33.70,4248016,65252192.00
2023/10/26,33.44,33.74,32.89,33.36,3812680,57639816.00
2023/10/27,33.36,34.58,33.05,34.21,8447580,130438032.00
2023/10/30,33.68,34.83,33.60,34.76,7862346,123340672.00
2023/10/31,34.48,35.97,34.17,34.93,10745886,171246080.00
2023/11/01,34.56,35.76,34.56,35.11,9934132,160119296.00
2023/11/02,35.21,35.60,34.62,34.80,8260504,132056592.00
2023/11/03,34.95,35.25,34.64,34.72,5856600,93250272.00
2023/11/06,34.80,35.48,34.80,35.44,6081480,97885720.00
2023/11/07,35.44,35.91,35.23,35.78,7022781,114514640.00
2023/11/08,35.81,36.38,35.60,35.93,6821900,112126664.00
2023/11/09,36.23,36.60,35.44,35.93,6990400,115412536.00
2023/11/10,35.60,38.13,35.30,37.60,21256380,358921408.00
2023/11/13,36.93,40.42,36.70,38.50,27490963,476027776.00
2023/11/14,37.50,38.23,37.21,37.70,15790771,273803456.00
2023/11/15,37.74,37.95,36.64,36.79,12917117,219330400.00
2023/11/16,36.58,37.34,36.46,36.83,10374039,176040160.00
2023/11/17,36.48,36.85,36.27,36.56,7400368,123828736.00
2023/11/20,36.56,37.32,36.46,37.26,9486578,161595744.00
2023/11/21,37.15,37.34,36.58,36.70,8135180,138109520.00
2023/11/22,36.48,36.83,35.91,35.93,6132664,101983888.00
2023/11/23,35.83,36.07,35.54,35.99,4969100,81537336.00
2023/11/24,35.95,35.95,34.95,35.15,6365440,102248232.00
2023/11/27,35.25,35.60,34.89,35.46,3792000,61144872.00
2023/11/28,35.32,35.64,35.15,35.50,2783400,45055704.00
2023/11/29,35.54,35.81,35.17,35.42,3823060,62113776.00
2023/11/30,35.48,35.54,34.52,35.01,3781160,60171332.00
2023/12/01,35.05,35.29,34.89,35.19,2271640,36418748.00
2023/12/04,35.21,35.64,35.21,35.44,3090380,50163512.00
2023/12/05,35.42,35.42,34.52,34.52,2899180,46093048.00
2023/12/06,34.36,34.91,34.32,34.60,2111300,33426936.00
2023/12/07,34.48,34.70,34.13,34.36,2391640,37467696.00
2023/12/08,34.32,34.66,33.80,33.82,2886600,44802020.00
2023/12/11,33.62,34.23,33.52,34.07,2437836,37618968.00
2023/12/12,34.19,34.19,33.93,34.09,1762680,27304604.00
2023/12/13,34.07,34.29,33.85,33.99,2257000,34948644.00
2023/12/14,34.29,34.85,34.29,34.36,3627260,57091456.00
2023/12/15,34.54,37.44,33.89,37.44,20345648,340395168.00
2023/12/18,36.62,37.50,36.15,36.30,18492721,310903008.00
2023/12/19,36.23,36.38,35.25,36.11,13561400,222364688.00
2023/12/20,36.13,37.70,35.50,36.76,18576344,312965024.00
2023/12/21,35.83,38.30,35.74,37.93,21161288,363267936.00
2023/12/22,37.21,38.13,36.34,37.32,15499262,266308880.00
2023/12/25,37.21,37.89,36.62,37.75,11500624,197730512.00
2023/12/26,37.36,39.97,37.01,38.30,21546448,383867680.00
2023/12/27,37.75,39.71,36.81,38.87,16340298,289798976.00
2023/12/28,38.23,39.36,37.60,38.62,13603012,241469088.00
2023/12/29,38.21,41.28,37.95,39.89,20119508,369184832.00
2024/01/02,39.21,39.70,38.87,38.95,11727884,212564144.00
2024/01/03,38.60,40.07,38.32,38.77,10624804,191919712.00
2024/01/04,38.58,38.66,37.01,37.75,9718952,168520304.00
2024/01/05,37.58,37.79,35.93,36.19,9427000,159109216.00
2024/01/08,36.23,36.42,35.38,35.44,4994260,81691888.00
2024/01/09,35.44,38.38,35.42,36.79,11164940,189862080.00
2024/01/10,36.79,36.95,35.62,35.74,6629384,109659416.00
2024/01/11,35.54,36.42,35.23,36.36,5140800,84654592.00
2024/01/12,36.15,37.11,36.15,36.40,4986540,83544248.00
2024/01/15,36.32,37.28,35.78,36.56,5676868,95793184.00
2024/01/16,36.70,36.89,34.85,35.44,7201300,117389064.00
2024/01/17,35.40,35.44,34.07,34.27,4958140,78609952.00
2024/01/18,34.27,34.40,32.87,33.58,6285112,95157480.00
2024/01/19,33.60,34.07,33.09,33.15,3108800,47415016.00
2024/01/22,33.03,33.25,30.31,30.66,6493544,92723616.00
2024/01/23,30.64,31.31,30.40,31.11,4170244,57839976.00
2024/01/24,31.33,31.52,30.03,31.13,4741580,65785608.00
2024/01/25,31.01,32.38,30.88,32.27,4632880,66366348.00
2024/01/26,32.23,32.68,31.97,32.15,3041500,44337568.00
2024/01/29,32.11,33.56,31.58,31.86,4559300,66631988.00
2024/01/30,31.62,31.84,30.93,30.93,2808600,39542000.00
2024/01/31,30.46,31.11,28.97,29.13,4352685,57664592.00
2024/02/01,29.13,29.29,27.60,28.11,3265100,40909960.00
2024/02/02,28.44,28.76,26.37,27.23,3507648,42622508.00
2024/02/05,27.15,27.15,24.88,24.88,3990476,43738824.00
2024/02/06,23.84,25.31,22.76,24.17,6515160,66323448.00
2024/02/07,24.37,24.37,22.43,22.68,6427040,65025152.00
2024/02/08,22.70,24.58,22.70,24.58,6606224,67932096.00
2024/02/19,24.92,25.84,24.76,25.74,3985868,43966436.00
数据来源:通达信
