601658 邮储银行 日线 后复权
      日期	    开盘	    最高	    最低	    收盘	    成交量	    成交额
2019/12/10,5.60,5.65,5.53,5.61,1619472912,9048900608.00
2019/12/11,5.58,5.64,5.55,5.63,463386264,2586905856.00
2019/12/12,5.60,5.61,5.56,5.60,224711848,1255128448.00
2019/12/13,5.61,5.61,5.58,5.59,157036724,878385984.00
2019/12/16,5.59,5.59,5.56,5.58,143874990,801426880.00
2019/12/17,5.58,6.14,5.56,5.85,456119850,2651899136.00
2019/12/18,5.78,5.84,5.71,5.72,220064205,1268629888.00
2019/12/19,5.73,5.83,5.70,5.74,141028076,811746304.00
2019/12/20,5.75,5.84,5.72,5.75,176243052,1017976192.00
2019/12/23,5.76,5.88,5.74,5.82,170998638,994892800.00
2019/12/24,5.83,5.83,5.74,5.80,131189734,758582912.00
2019/12/25,5.78,5.80,5.68,5.69,156835820,898134016.00
2019/12/26,5.68,5.69,5.63,5.69,118575693,670892416.00
2019/12/27,5.68,5.76,5.67,5.74,130905932,749825088.00
2019/12/30,5.71,5.91,5.66,5.81,178952754,1039987968.00
2019/12/31,5.80,5.88,5.79,5.86,122443080,715889088.00
2020/01/02,5.90,6.02,5.90,5.93,151823798,905022464.00
2020/01/03,5.93,6.01,5.85,5.98,136428136,808288512.00
2020/01/06,5.94,5.97,5.87,5.91,88407694,523720064.00
2020/01/07,5.89,5.94,5.88,5.92,53421082,315750304.00
2020/01/08,5.88,5.89,5.81,5.85,92108345,539743104.00
2020/01/09,5.85,5.88,5.80,5.87,61659192,360115904.00
2020/01/10,5.85,5.92,5.82,5.90,69474844,407778112.00
2020/01/13,5.87,5.88,5.76,5.79,173463656,1007044480.00
2020/01/14,5.79,5.79,5.75,5.76,107426682,619921408.00
2020/01/15,5.75,5.76,5.70,5.70,66690964,382018240.00
2020/01/16,5.72,5.73,5.64,5.64,81947017,464438528.00
2020/01/17,5.66,5.71,5.66,5.67,57003597,323989600.00
2020/01/20,5.68,5.73,5.68,5.72,51514468,294220512.00
2020/01/21,5.71,5.73,5.66,5.66,43568345,247628112.00
2020/01/22,5.65,5.73,5.60,5.71,67394500,382449600.00
2020/01/23,5.68,5.69,5.57,5.67,64874834,365265664.00
2020/02/03,5.38,5.56,5.21,5.50,176961451,953108928.00
2020/02/04,5.42,5.55,5.42,5.54,96911067,531487872.00
2020/02/05,5.51,5.54,5.46,5.50,85526603,470326368.00
2020/02/06,5.51,5.52,5.47,5.52,75845643,417002592.00
2020/02/07,5.50,5.50,5.45,5.50,84106442,460296384.00
2020/02/10,5.47,5.51,5.44,5.51,86279516,472076512.00
2020/02/11,5.49,5.53,5.47,5.51,45118758,248425920.00
2020/02/12,5.49,5.50,5.46,5.50,34954140,191802000.00
2020/02/13,5.50,5.51,5.46,5.50,47636304,261156704.00
2020/02/14,5.48,5.50,5.47,5.50,32497450,178394560.00
2020/02/17,5.49,5.56,5.48,5.56,72127754,398249472.00
2020/02/18,5.54,5.54,5.49,5.52,59786603,329300928.00
2020/02/19,5.50,5.52,5.49,5.50,38443822,211473232.00
2020/02/20,5.50,5.58,5.48,5.56,92325644,510405824.00
2020/02/21,5.53,5.56,5.51,5.52,67659740,374241568.00
2020/02/24,5.50,5.52,5.49,5.50,54982652,302330912.00
2020/02/25,5.48,5.50,5.46,5.50,81734852,448032128.00
2020/02/26,5.48,5.57,5.48,5.52,72411642,400447840.00
2020/02/27,5.51,5.55,5.49,5.52,53460459,294545248.00
2020/02/28,5.49,5.52,5.47,5.50,60596071,332798080.00
2020/03/02,5.49,5.53,5.48,5.53,63661948,350909664.00
2020/03/03,5.53,5.56,5.50,5.52,62227280,343972864.00
2020/03/04,5.50,5.51,5.48,5.50,44454221,244199488.00
2020/03/05,5.50,5.70,5.50,5.62,160000595,897360448.00
2020/03/06,5.56,5.56,5.50,5.51,68697890,379372128.00
2020/03/09,5.48,5.50,5.47,5.49,66929367,367007264.00
2020/03/10,5.46,5.50,5.42,5.50,55281095,302374016.00
2020/03/11,5.49,5.51,5.47,5.51,40526422,222386768.00
2020/03/12,5.50,5.54,5.48,5.51,39689935,218318656.00
2020/03/13,5.45,5.55,5.37,5.55,98940727,540599296.00
2020/03/16,5.52,5.52,5.43,5.44,66094422,361555008.00
2020/03/17,5.42,5.46,5.35,5.37,43085720,232226960.00
2020/03/18,5.38,5.40,5.30,5.30,30672237,164211728.00
2020/03/19,5.26,5.28,5.17,5.23,40825651,212867632.00
2020/03/20,5.23,5.26,5.21,5.26,23225842,121675200.00
2020/03/23,5.15,5.18,5.08,5.08,30755312,157597328.00
2020/03/24,5.13,5.16,5.05,5.14,33714143,172372480.00
2020/03/25,5.21,5.26,5.13,5.17,56404876,292631520.00
2020/03/26,5.17,5.35,5.15,5.28,64845855,341744384.00
2020/03/27,5.30,5.35,5.24,5.30,40941872,216636928.00
2020/03/30,5.25,5.27,5.18,5.26,29334189,153081472.00
2020/03/31,5.26,5.29,5.22,5.27,15823551,83171552.00
2020/04/01,5.26,5.27,5.22,5.26,14910314,78229232.00
2020/04/02,5.23,5.27,5.21,5.27,19979418,104644096.00
2020/04/03,5.25,5.27,5.23,5.26,11272065,59132880.00
2020/04/07,5.29,5.30,5.27,5.29,19474050,102978256.00
2020/04/08,5.28,5.29,5.25,5.27,12121542,63810408.00
2020/04/09,5.28,5.29,5.22,5.26,20937071,109970800.00
2020/04/10,5.26,5.26,5.23,5.24,14799846,77614760.00
2020/04/13,5.23,5.25,5.20,5.24,18045077,94210528.00
2020/04/14,5.23,5.26,5.22,5.26,15074546,78964160.00
2020/04/15,5.28,5.28,5.23,5.25,11363683,59619948.00
2020/04/16,5.24,5.25,5.20,5.24,26907935,140494688.00
2020/04/17,5.24,5.26,5.21,5.26,29661326,155335216.00
2020/04/20,5.25,5.25,5.21,5.23,16013588,83657792.00
2020/04/21,5.20,5.23,5.18,5.19,12924296,67207216.00
2020/04/22,5.18,5.18,5.14,5.15,18207989,93863224.00
2020/04/23,5.16,5.16,5.10,5.10,17854457,91361072.00
2020/04/24,5.10,5.10,5.05,5.06,22364386,113307984.00
2020/04/27,5.07,5.13,5.06,5.07,29051636,147881152.00
2020/04/28,5.06,5.07,4.94,5.02,27169484,136145296.00
2020/04/29,5.02,5.13,5.02,5.13,37886300,193285008.00
2020/04/30,5.15,5.23,5.14,5.22,40750390,211775392.00
2020/05/06,5.16,5.17,5.11,5.16,46024693,236244272.00
2020/05/07,5.14,5.15,5.12,5.15,22213204,113986760.00
2020/05/08,5.14,5.18,5.14,5.17,20602461,106317528.00
2020/05/11,5.17,5.19,5.15,5.18,22600855,116929488.00
2020/05/12,5.18,5.22,5.15,5.16,20128500,104168120.00
2020/05/13,5.15,5.16,5.11,5.15,28773969,147567968.00
2020/05/14,5.14,5.14,5.06,5.10,39790161,202541904.00
2020/05/15,5.08,5.09,5.04,5.08,32817453,166114864.00
2020/05/18,5.08,5.08,5.03,5.07,28567615,144273248.00
2020/05/19,5.07,5.10,5.06,5.10,19166739,97292688.00
2020/05/20,5.09,5.11,5.07,5.10,14492528,73737400.00
2020/05/21,5.09,5.11,5.07,5.11,19383968,98695720.00
2020/05/22,5.10,5.10,5.05,5.08,19981645,101242600.00
2020/05/25,5.07,5.09,5.04,5.09,20654426,104580664.00
2020/05/26,5.09,5.11,5.07,5.09,18572282,94354696.00
2020/05/27,5.09,5.09,5.04,5.08,23841008,120774296.00
2020/05/28,5.08,5.11,5.05,5.10,38624237,196491232.00
2020/05/29,5.07,5.09,5.04,5.08,37978282,192245392.00
2020/06/01,5.09,5.11,5.08,5.10,50729922,258220480.00
2020/06/02,5.09,5.10,5.07,5.10,34983074,177759120.00
2020/06/03,5.10,5.15,5.09,5.14,45786621,234742224.00
2020/06/04,5.15,5.16,5.10,5.14,35675986,182850720.00
2020/06/05,5.12,5.15,5.11,5.15,20551668,105379416.00
2020/06/08,5.15,5.22,5.14,5.22,51271285,266134496.00
2020/06/09,5.22,5.27,5.19,5.22,40739747,213076256.00
2020/06/10,5.09,5.10,4.92,5.06,412024653,1962215424.00
2020/06/11,4.98,5.03,4.95,4.97,166235385,793245696.00
2020/06/12,4.94,4.96,4.91,4.91,174041537,821642624.00
2020/06/15,4.91,4.91,4.84,4.87,116282008,541808192.00
2020/06/16,4.88,4.89,4.86,4.89,66496298,310154944.00
2020/06/17,4.87,4.88,4.81,4.85,71443647,330839616.00
2020/06/18,4.83,4.84,4.79,4.83,84095589,386716160.00
2020/06/19,4.82,4.83,4.79,4.83,89210045,410241600.00
2020/06/22,4.82,4.84,4.79,4.82,87084732,401136544.00
2020/06/23,4.80,4.81,4.76,4.77,74522088,340100032.00
2020/06/24,4.77,4.81,4.76,4.79,64497470,295474656.00
2020/06/29,4.81,4.83,4.75,4.76,68241650,311968096.00
2020/06/30,4.77,4.78,4.74,4.78,61311401,278769536.00
2020/07/01,4.76,4.82,4.75,4.81,74707769,341970752.00
2020/07/02,4.79,4.88,4.79,4.88,161922457,749827776.00
2020/07/03,4.88,5.00,4.87,4.98,178948019,846892160.00
2020/07/06,5.03,5.46,5.03,5.46,353926904,1785950208.00
2020/07/07,5.70,5.71,5.33,5.40,355993381,1882912896.00
2020/07/08,5.33,5.47,5.31,5.40,226411234,1169506944.00
2020/07/09,5.39,5.42,5.33,5.36,162173382,836557888.00
2020/07/10,5.33,5.33,5.09,5.11,217479104,1083071104.00
2020/07/13,5.07,5.17,5.05,5.15,162141617,795408576.00
2020/07/14,5.11,5.15,5.05,5.09,115348961,563547840.00
2020/07/15,5.10,5.11,5.00,5.02,112736990,544850112.00
2020/07/16,5.03,5.09,4.97,4.98,130615857,628571712.00
2020/07/17,4.99,5.00,4.89,4.93,107774429,509528576.00
2020/07/20,4.94,5.03,4.92,5.02,94355381,450894528.00
2020/07/21,5.04,5.05,4.96,4.98,71695905,342411232.00
2020/07/22,4.99,5.05,4.95,5.00,93067116,445531168.00
2020/07/23,4.96,4.98,4.86,4.92,99144523,467356160.00
2020/07/24,4.91,4.94,4.81,4.83,107116513,498232160.00
2020/07/27,4.83,4.85,4.78,4.80,61245696,281437824.00
2020/07/28,4.81,4.85,4.80,4.82,54763854,252237696.00
2020/07/29,4.81,4.87,4.79,4.87,60365084,279483584.00
2020/07/30,4.86,4.88,4.83,4.84,41734841,193696880.00
2020/07/31,4.84,4.87,4.83,4.85,48282465,223949856.00
2020/08/03,4.86,4.89,4.85,4.89,65382307,304684608.00
2020/08/04,4.89,4.97,4.86,4.96,100684873,475345984.00
2020/08/05,4.93,4.93,4.87,4.88,68822399,321995392.00
2020/08/06,4.89,4.91,4.84,4.87,62465634,290929632.00
2020/08/07,4.86,4.88,4.82,4.84,53988610,250170224.00
2020/08/10,4.84,4.88,4.82,4.87,43666085,202925968.00
2020/08/11,4.86,4.93,4.85,4.86,69031105,323270304.00
2020/08/12,4.84,4.86,4.80,4.84,72981687,337312224.00
2020/08/13,4.87,4.88,4.84,4.85,54112631,251402448.00
2020/08/14,4.86,4.90,4.84,4.90,56802534,264568640.00
2020/08/17,4.91,5.09,4.90,5.04,216070917,1037958656.00
2020/08/18,5.01,5.04,4.96,4.99,99648275,475654624.00
2020/08/19,4.98,5.03,4.95,4.98,67153978,321028448.00
2020/08/20,4.96,4.97,4.91,4.91,59134603,279616192.00
2020/08/21,4.93,4.94,4.91,4.93,32958534,155360176.00
2020/08/24,4.92,4.93,4.89,4.90,52051469,244509104.00
2020/08/25,4.91,4.93,4.87,4.89,40652527,190604240.00
2020/08/26,4.88,4.90,4.81,4.84,58812362,272866944.00
2020/08/27,4.84,4.85,4.82,4.85,30847526,142673248.00
2020/08/28,4.84,4.89,4.82,4.89,54059183,251672560.00
2020/08/31,4.89,4.90,4.83,4.83,105896943,492843680.00
2020/09/01,4.82,4.86,4.81,4.84,46020587,212914656.00
2020/09/02,4.85,4.86,4.80,4.82,48181439,222093664.00
2020/09/03,4.82,4.83,4.80,4.83,38276704,176167504.00
2020/09/04,4.80,4.81,4.77,4.79,44152676,202018624.00
2020/09/07,4.79,4.81,4.77,4.78,37028731,169536208.00
2020/09/08,4.78,4.84,4.78,4.82,48477623,222954272.00
2020/09/09,4.80,4.82,4.79,4.80,48096783,220937792.00
2020/09/10,4.80,4.82,4.76,4.78,43395371,198622224.00
2020/09/11,4.77,4.79,4.76,4.79,31029052,141737856.00
2020/09/14,4.80,4.81,4.77,4.80,27784999,127265296.00
2020/09/15,4.80,4.80,4.78,4.79,22223121,101827248.00
2020/09/16,4.80,4.81,4.78,4.79,29585920,135479088.00
2020/09/17,4.79,4.79,4.77,4.78,23302835,106464416.00
2020/09/18,4.78,4.83,4.77,4.83,50756337,233148320.00
2020/09/21,4.83,4.84,4.80,4.81,29862817,137476096.00
2020/09/22,4.79,4.83,4.77,4.78,41097626,188188016.00
2020/09/23,4.79,4.79,4.76,4.77,37287516,169942176.00
2020/09/24,4.76,4.76,4.70,4.70,49991206,225506192.00
2020/09/25,4.70,4.72,4.69,4.70,22050706,99141072.00
2020/09/28,4.70,4.72,4.68,4.71,25696718,115355528.00
2020/09/29,4.71,4.75,4.70,4.74,31184184,140680160.00
2020/09/30,4.73,4.75,4.71,4.72,21426470,96834384.00
2020/10/09,4.73,4.75,4.72,4.73,24241292,109730024.00
2020/10/12,4.73,4.79,4.73,4.78,39397986,179431264.00
2020/10/13,4.78,4.85,4.75,4.80,65431652,300619040.00
2020/10/14,4.81,4.85,4.78,4.81,39830068,183087904.00
2020/10/15,4.80,4.85,4.79,4.83,42879773,197816928.00
2020/10/16,4.82,4.92,4.81,4.90,103886041,485227360.00
2020/10/19,4.91,4.98,4.86,4.88,119145608,562746304.00
2020/10/20,4.86,4.88,4.81,4.85,56803517,262939136.00
2020/10/21,4.86,4.88,4.81,4.88,60742262,281640672.00
2020/10/22,4.87,4.89,4.84,4.87,32152550,149575392.00
2020/10/23,4.86,4.92,4.85,4.88,45837350,214608688.00
2020/10/26,4.87,4.91,4.83,4.85,38362674,178300400.00
2020/10/27,4.82,4.84,4.79,4.81,37087493,170480400.00
2020/10/28,4.79,4.81,4.73,4.76,33969284,154432832.00
2020/10/29,4.72,4.75,4.71,4.73,23821285,107584824.00
2020/10/30,4.80,4.94,4.79,4.81,110423507,513885280.00
2020/11/02,4.87,4.92,4.82,4.90,84925463,396084160.00
2020/11/03,4.92,4.96,4.86,4.88,61564446,289729120.00
2020/11/04,4.94,4.95,4.88,4.92,52494799,247214304.00
2020/11/05,4.95,4.97,4.89,4.92,62518343,295312992.00
2020/11/06,4.94,5.00,4.91,4.99,83384924,396186912.00
2020/11/09,4.99,5.00,4.93,4.97,69316226,329540960.00
2020/11/10,4.98,5.06,4.97,4.99,90780495,436105824.00
2020/11/11,4.99,5.07,4.96,5.04,82638728,398023040.00
2020/11/12,5.04,5.05,4.99,5.02,43809706,210477360.00
2020/11/13,5.01,5.07,4.87,4.90,84965708,401125376.00
2020/11/16,4.90,4.96,4.87,4.92,66584976,313827712.00
2020/11/17,4.92,4.94,4.87,4.92,54467268,256020208.00
2020/11/18,4.91,5.04,4.89,5.00,96623129,461686944.00
2020/11/19,5.01,5.03,4.97,5.01,42583034,204081664.00
2020/11/20,4.98,5.01,4.94,4.96,39434937,187406160.00
2020/11/23,4.95,5.07,4.93,5.04,85027032,408295648.00
2020/11/24,5.04,5.12,5.02,5.11,105246399,512927584.00
2020/11/25,5.17,5.39,5.16,5.21,165937222,839405696.00
2020/11/26,5.21,5.29,5.19,5.25,100482066,506084576.00
2020/11/27,5.27,5.39,5.27,5.39,161787209,828379200.00
2020/11/30,5.49,5.78,5.29,5.44,385752185,2061697280.00
2020/12/01,5.32,5.54,5.32,5.47,257749162,1345835392.00
2020/12/02,5.43,5.46,5.27,5.31,152064434,779891904.00
2020/12/03,5.33,5.35,5.24,5.33,88380832,449828352.00
2020/12/04,5.27,5.32,5.10,5.21,85034416,425581376.00
2020/12/07,5.20,5.25,5.06,5.12,122518018,602044864.00
2020/12/08,5.09,5.11,5.01,5.06,99095299,478482688.00
2020/12/09,5.04,5.10,5.02,5.08,70449745,341922432.00
2020/12/10,5.07,5.12,5.02,5.06,61017245,296636448.00
2020/12/11,5.04,5.16,5.04,5.13,98422882,482071136.00
2020/12/14,5.14,5.15,5.01,5.06,86827012,421476384.00
2020/12/15,5.04,5.05,4.97,5.00,40163330,192593712.00
2020/12/16,4.99,5.06,4.98,5.02,41736554,200751312.00
2020/12/17,5.02,5.08,4.98,5.08,35450859,171213344.00
2020/12/18,5.05,5.09,5.03,5.04,35742528,173109792.00
2020/12/21,5.02,5.10,5.01,5.05,38319189,185750064.00
2020/12/22,5.04,5.09,4.98,4.98,35660241,172003440.00
2020/12/23,4.99,5.02,4.91,4.93,48987232,232164960.00
2020/12/24,4.94,4.98,4.92,4.93,25859440,122494608.00
2020/12/25,4.92,4.94,4.89,4.93,28669564,135067936.00
2020/12/28,4.92,5.00,4.89,4.96,46323716,219734576.00
2020/12/29,4.97,5.01,4.92,4.94,36026744,171047632.00
2020/12/30,4.93,4.97,4.91,4.96,34141832,161390384.00
2020/12/31,4.94,5.04,4.94,4.99,71064288,339382368.00
2021/01/04,4.97,4.97,4.80,4.89,158871521,740772096.00
2021/01/05,4.86,4.92,4.83,4.89,72824740,339063008.00
2021/01/06,4.86,4.93,4.86,4.92,54894796,257656736.00
2021/01/07,4.92,4.96,4.86,4.92,54545492,256383648.00
2021/01/08,4.90,5.01,4.89,5.00,56781028,269858368.00
2021/01/11,4.99,5.15,4.98,5.08,153633999,747687488.00
2021/01/12,5.05,5.07,4.94,5.05,95889971,459907456.00
2021/01/13,5.07,5.13,5.04,5.11,99127162,483118144.00
2021/01/14,5.15,5.33,5.12,5.23,172564038,865695296.00
2021/01/15,5.39,5.73,5.39,5.65,729194917,3989542656.00
2021/01/18,5.51,5.57,5.40,5.48,484255287,2550760448.00
2021/01/19,5.47,5.85,5.43,5.57,401409630,2173196288.00
2021/01/20,5.54,5.68,5.47,5.57,206746131,1104847744.00
2021/01/21,5.66,5.86,5.57,5.80,376115800,2087281664.00
2021/01/22,5.72,5.75,5.54,5.61,228420112,1230217600.00
2021/01/25,5.56,5.69,5.40,5.64,204116047,1090970624.00
2021/01/26,5.63,5.83,5.59,5.69,224143275,1232273792.00
2021/01/27,5.66,5.92,5.64,5.77,280536776,1571583616.00
2021/01/28,5.63,5.68,5.55,5.57,170880323,921126336.00
2021/01/29,5.62,5.73,5.56,5.69,221700792,1203032832.00
2021/02/01,5.66,5.89,5.57,5.81,279492824,1546763008.00
2021/02/02,5.72,5.77,5.66,5.69,172310036,946136064.00
2021/02/03,5.69,5.88,5.68,5.78,222965527,1245803136.00
2021/02/04,5.77,6.13,5.73,5.99,347310165,2001221632.00
2021/02/05,6.04,6.49,6.04,6.31,418317068,2551345408.00
2021/02/08,6.36,6.44,6.18,6.41,343377788,2105980160.00
2021/02/09,6.42,6.48,6.23,6.48,230080532,1414416000.00
2021/02/10,6.49,6.67,6.32,6.39,259971219,1627294080.00
2021/02/18,6.46,6.60,6.36,6.45,232168111,1452525952.00
2021/02/19,6.45,6.45,6.22,6.32,220606293,1352521216.00
2021/02/22,6.33,6.35,6.19,6.23,197334609,1195637760.00
2021/02/23,6.22,6.48,6.21,6.30,228350287,1402836096.00
2021/02/24,6.30,6.33,6.08,6.14,191767321,1150333056.00
2021/02/25,6.18,6.45,6.15,6.41,263878919,1613882880.00
2021/02/26,6.24,6.35,6.17,6.33,241877618,1465970304.00
2021/03/01,6.25,6.30,6.18,6.23,114803891,690180288.00
2021/03/02,6.27,6.29,6.01,6.12,165473866,982943680.00
2021/03/03,6.07,6.40,6.04,6.36,215944008,1314268544.00
2021/03/04,6.30,6.39,6.22,6.32,165299280,1006635968.00
2021/03/05,6.23,6.40,6.15,6.37,190841681,1158877312.00
2021/03/08,6.40,6.65,6.29,6.30,254232859,1585831296.00
2021/03/09,6.36,6.41,6.08,6.11,238751598,1430353152.00
2021/03/10,6.06,6.11,5.93,5.95,170938570,989026880.00
2021/03/11,6.00,6.17,5.99,6.11,148763127,876074240.00
2021/03/12,6.12,6.17,6.00,6.15,151844945,893867392.00
2021/03/15,6.16,6.26,6.11,6.16,106478019,635866048.00
2021/03/16,6.18,6.36,6.15,6.35,169522922,1030610560.00
2021/03/17,6.33,6.33,6.17,6.22,134238973,808841600.00
2021/03/18,6.21,6.31,6.12,6.15,147932362,883358656.00
2021/03/19,6.15,6.18,5.99,6.05,114417301,669315264.00
2021/03/22,6.05,6.15,6.01,6.13,102426857,602468928.00
2021/03/23,6.13,6.16,6.05,6.09,64498621,379518528.00
2021/03/24,6.06,6.07,5.91,5.98,90782401,522933760.00
2021/03/25,5.96,6.00,5.86,5.88,78834717,450059168.00
2021/03/26,5.90,5.98,5.88,5.95,65230722,372934272.00
2021/03/29,5.96,6.06,5.91,6.06,86711967,500475008.00
2021/03/30,6.06,6.10,5.97,6.08,108355705,629312896.00
2021/03/31,6.07,6.12,5.97,6.08,109682121,641256384.00
2021/04/01,6.06,6.07,5.93,5.97,90518062,523558432.00
2021/04/02,5.96,5.97,5.85,5.88,115448154,656120256.00
2021/04/06,5.91,5.98,5.86,5.96,76912341,440328448.00
2021/04/07,5.94,5.97,5.89,5.94,73268956,418309600.00
2021/04/08,5.91,5.95,5.86,5.86,83693690,475508672.00
2021/04/09,5.86,5.88,5.77,5.79,84529587,472306944.00
2021/04/12,5.80,5.81,5.72,5.81,89874251,500152032.00
2021/04/13,5.81,5.89,5.77,5.86,104250819,586591360.00
2021/04/14,5.84,5.89,5.78,5.85,73464732,413628864.00
2021/04/15,5.88,5.88,5.68,5.71,109948598,606494720.00
2021/04/16,5.73,5.73,5.63,5.70,83988562,458536128.00
2021/04/19,5.69,5.70,5.62,5.66,137883547,749459584.00
2021/04/20,5.65,5.75,5.63,5.70,92456788,506490240.00
2021/04/21,5.66,5.86,5.65,5.82,121966424,679349504.00
2021/04/22,5.83,5.85,5.69,5.73,89020983,491919648.00
2021/04/23,5.70,5.77,5.68,5.72,58901206,324822816.00
2021/04/26,5.73,5.77,5.64,5.64,69364290,379725792.00
2021/04/27,5.63,5.68,5.60,5.65,43375653,235209184.00
2021/04/28,5.64,5.64,5.56,5.60,71816093,386425824.00
2021/04/29,5.59,5.71,5.58,5.67,115771885,630230976.00
2021/04/30,5.64,5.64,5.18,5.30,481397945,2463332864.00
2021/05/06,5.33,5.38,5.31,5.32,177748181,912468096.00
2021/05/07,5.32,5.44,5.29,5.36,126712981,655813056.00
2021/05/10,5.37,5.57,5.36,5.56,221599400,1171850496.00
2021/05/11,5.53,5.55,5.45,5.53,75878170,401663872.00
2021/05/12,5.52,5.59,5.47,5.55,101160878,538125376.00
2021/05/13,5.50,5.62,5.49,5.57,111539357,598652160.00
2021/05/14,5.60,5.61,5.52,5.60,83183089,445341440.00
2021/05/17,5.60,5.61,5.51,5.58,114277083,612216128.00
2021/05/18,5.57,5.58,5.39,5.48,131361929,689590720.00
2021/05/19,5.45,5.45,5.36,5.39,102762553,532641216.00
2021/05/20,5.40,5.48,5.34,5.48,106824929,557127552.00
2021/05/21,5.46,5.48,5.35,5.37,121474712,630763648.00
2021/05/24,5.38,5.41,5.30,5.32,102383860,524646848.00
2021/05/25,5.33,5.50,5.31,5.48,169096228,878126464.00
2021/05/26,5.51,5.77,5.49,5.66,278065292,1512600320.00
2021/05/27,5.61,5.62,5.51,5.55,163891308,874562880.00
2021/05/28,5.57,5.89,5.57,5.78,335779644,1860504192.00
2021/05/31,5.89,5.89,5.69,5.81,188610514,1049319104.00
2021/06/01,5.78,5.80,5.68,5.75,141342559,781041216.00
2021/06/02,5.72,5.76,5.64,5.69,125914839,689809152.00
2021/06/03,5.70,5.75,5.63,5.66,109898250,601007232.00
2021/06/04,5.65,5.75,5.60,5.74,171309603,937165952.00
2021/06/07,5.69,5.70,5.62,5.65,148830958,810925184.00
2021/06/08,5.64,5.65,5.54,5.63,163854031,883214080.00
2021/06/09,5.62,5.62,5.52,5.56,144849866,773392256.00
2021/06/10,5.54,5.62,5.53,5.59,120968078,648451712.00
2021/06/11,5.57,5.59,5.47,5.48,184487930,979709824.00
2021/06/15,5.49,5.51,5.39,5.45,162152434,849248832.00
2021/06/16,5.46,5.59,5.42,5.52,143173360,760846208.00
2021/06/17,5.53,5.54,5.41,5.43,128434431,674288640.00
2021/06/18,5.41,5.41,5.35,5.37,109407586,565037824.00
2021/06/21,5.35,5.36,5.22,5.27,238379478,1206831616.00
2021/06/22,5.27,5.32,5.19,5.21,217799562,1096629888.00
2021/06/23,5.21,5.24,5.14,5.20,196626091,978828288.00
2021/06/24,5.20,5.23,5.18,5.22,85341603,426531424.00
2021/06/25,5.23,5.30,5.21,5.30,147308603,745109056.00
2021/06/28,5.29,5.30,5.19,5.21,126674045,635517696.00
2021/06/29,5.20,5.24,5.15,5.22,162672937,810465728.00
2021/06/30,5.22,5.24,5.20,5.23,108327131,543076032.00
2021/07/01,5.24,5.28,5.21,5.25,119932119,604469056.00
2021/07/02,5.24,5.25,5.19,5.21,94608476,472813664.00
2021/07/05,5.21,5.21,5.12,5.15,124686250,615652160.00
2021/07/06,5.14,5.16,5.10,5.16,140256385,690270912.00
2021/07/07,5.13,5.16,5.06,5.07,233790686,1139970432.00
2021/07/08,5.09,5.09,4.98,5.01,127088147,611194560.00
2021/07/09,4.98,5.02,4.94,4.97,119601850,569378432.00
2021/07/12,5.01,5.02,4.92,4.95,155871081,740365824.00
2021/07/13,4.95,4.99,4.91,4.98,123503042,586949504.00
2021/07/14,4.99,5.01,4.94,4.99,131334531,626668800.00
2021/07/15,4.98,5.24,4.96,5.20,306820496,1516427264.00
2021/07/16,5.15,5.26,5.13,5.24,184851897,924581440.00
2021/07/19,5.22,5.33,5.16,5.33,183151204,924323200.00
2021/07/20,5.30,5.30,5.19,5.20,109771629,550500928.00
2021/07/21,5.20,5.25,5.16,5.18,89255692,444183712.00
2021/07/22,5.20,5.32,5.18,5.22,132310970,639691840.00
2021/07/23,5.20,5.29,5.14,5.27,127557254,615229184.00
2021/07/26,5.24,5.34,5.16,5.27,180248357,874982592.00
2021/07/27,5.23,5.32,5.21,5.24,163489238,790959168.00
2021/07/28,5.22,5.37,5.21,5.35,206554888,1012140480.00
2021/07/29,5.35,5.35,5.20,5.23,149945594,723315456.00
2021/07/30,5.22,5.22,5.08,5.11,124749750,587283456.00
2021/08/02,5.13,5.29,5.05,5.26,158369256,757782720.00
2021/08/03,5.23,5.31,5.19,5.24,115880361,559698304.00
2021/08/04,5.28,5.32,5.24,5.29,87457271,425780416.00
2021/08/05,5.28,5.35,5.27,5.30,68724218,335971328.00
2021/08/06,5.28,5.33,5.22,5.32,86185433,418893824.00
2021/08/09,5.32,5.46,5.30,5.42,142525955,712525952.00
2021/08/10,5.43,5.50,5.36,5.47,136162888,683696448.00
2021/08/11,5.49,5.75,5.49,5.73,294859309,1551829760.00
2021/08/12,5.69,5.76,5.67,5.69,119214381,630684160.00
2021/08/13,5.67,5.80,5.65,5.75,124812551,663979840.00
2021/08/16,5.81,5.82,5.65,5.69,131589409,698224768.00
2021/08/17,5.68,5.75,5.56,5.59,124036807,646910528.00
2021/08/18,5.61,5.76,5.59,5.74,188231843,993194240.00
2021/08/19,5.71,5.72,5.50,5.57,147238573,757920128.00
2021/08/20,5.57,5.60,5.45,5.59,119196005,609151488.00
2021/08/23,5.57,5.62,5.52,5.56,79691206,409903392.00
2021/08/24,5.53,5.60,5.49,5.50,110509669,565105664.00
2021/08/25,5.50,5.54,5.44,5.47,93828531,474640512.00
2021/08/26,5.46,5.48,5.39,5.41,76889556,385214048.00
2021/08/27,5.40,5.47,5.38,5.42,73416341,367395232.00
2021/08/30,5.46,5.50,5.35,5.41,116976397,584573312.00
2021/08/31,5.41,5.62,5.41,5.56,171674708,877050624.00
2021/09/01,5.55,5.79,5.53,5.77,305309779,1615264768.00
2021/09/02,5.76,5.82,5.69,5.77,171365778,913356992.00
2021/09/03,5.78,5.85,5.65,5.76,168605001,900553856.00
2021/09/06,5.72,5.80,5.69,5.77,122703830,654861184.00
2021/09/07,5.78,5.90,5.71,5.83,175243925,943740736.00
2021/09/08,5.79,5.88,5.79,5.83,117176177,634778432.00
2021/09/09,5.81,5.92,5.78,5.88,149320345,812867904.00
2021/09/10,5.87,6.02,5.81,5.84,239032053,1310834304.00
2021/09/13,5.81,5.98,5.76,5.92,250653837,1375113088.00
2021/09/14,5.91,5.95,5.70,5.72,222583515,1194317440.00
2021/09/15,5.70,5.75,5.64,5.67,137537561,725305600.00
2021/09/16,5.69,5.91,5.61,5.65,208950034,1106956416.00
2021/09/17,5.65,5.66,5.53,5.57,138963300,716840192.00
2021/09/22,5.43,5.50,5.33,5.48,150402841,753000384.00
2021/09/23,5.51,5.57,5.38,5.42,159328816,801870016.00
2021/09/24,5.43,5.45,5.35,5.37,147189729,732747392.00
2021/09/27,5.36,5.43,5.30,5.32,156113708,768724032.00
2021/09/28,5.34,5.52,5.31,5.48,220838549,1107393792.00
2021/09/29,5.43,5.56,5.42,5.51,217570948,1103693056.00
2021/09/30,5.51,5.53,5.37,5.50,146523421,739770816.00
2021/10/08,5.49,5.60,5.48,5.54,136187001,695998912.00
2021/10/11,5.57,5.68,5.56,5.64,182011374,947401536.00
2021/10/12,5.59,5.68,5.51,5.56,141374395,730291712.00
2021/10/13,5.56,5.59,5.48,5.56,78080906,399920512.00
2021/10/14,5.55,5.57,5.50,5.55,64747726,331251680.00
2021/10/15,5.52,5.60,5.51,5.53,103320299,529307360.00
2021/10/18,5.54,5.67,5.51,5.65,178255142,926895808.00
2021/10/19,5.62,5.75,5.59,5.73,123064084,650549568.00
2021/10/20,5.74,5.80,5.69,5.71,121067625,642108672.00
2021/10/21,5.72,5.87,5.71,5.87,189458677,1025144512.00
2021/10/22,5.87,5.90,5.79,5.85,125411540,679075456.00
2021/10/25,5.82,5.82,5.69,5.77,135951374,723118912.00
2021/10/26,5.74,5.82,5.71,5.74,92958735,496111712.00
2021/10/27,5.74,5.78,5.68,5.76,122936637,652211776.00
2021/10/28,5.75,5.80,5.72,5.76,118947666,635275776.00
2021/10/29,5.81,5.89,5.75,5.83,269032402,1454011776.00
2021/11/01,5.82,6.16,5.80,6.04,332899315,1866011392.00
2021/11/02,6.07,6.09,5.90,5.94,197479334,1097315456.00
2021/11/03,5.97,5.98,5.78,5.83,125114226,679363392.00
2021/11/04,5.86,5.87,5.74,5.76,88397145,473327808.00
2021/11/05,5.74,5.84,5.72,5.81,117016704,629587648.00
2021/11/08,5.83,5.97,5.81,5.82,118076999,643667008.00
2021/11/09,5.86,5.88,5.68,5.76,105914789,565208896.00
2021/11/10,5.74,5.82,5.71,5.79,103806527,556033728.00
2021/11/11,5.79,5.84,5.74,5.83,132222509,711619968.00
2021/11/12,5.83,5.84,5.74,5.76,98848358,529016832.00
2021/11/15,5.74,5.79,5.72,5.77,63882853,341551392.00
2021/11/16,5.77,5.79,5.67,5.70,73968756,392059776.00
2021/11/17,5.69,5.70,5.60,5.61,112189023,585101888.00
2021/11/18,5.58,5.65,5.57,5.59,77714438,402678304.00
2021/11/19,5.59,5.65,5.55,5.64,118058076,611748480.00
2021/11/22,5.63,5.64,5.55,5.56,162773436,840645312.00
2021/11/23,5.56,5.62,5.55,5.59,96433256,498372896.00
2021/11/24,5.58,5.65,5.58,5.62,90744688,471662880.00
2021/11/25,5.61,5.67,5.60,5.64,74744680,389945920.00
2021/11/26,5.62,5.64,5.57,5.57,66432276,343577792.00
2021/11/29,5.53,5.58,5.50,5.51,85555037,437277792.00
2021/11/30,5.52,5.55,5.46,5.50,100413286,511673600.00
2021/12/01,5.53,5.64,5.50,5.62,94226652,487469152.00
2021/12/02,5.61,5.72,5.58,5.69,132858867,697071808.00
2021/12/03,5.69,5.70,5.59,5.67,102186312,533656544.00
2021/12/06,5.69,5.82,5.68,5.71,132347128,705172224.00
2021/12/07,5.76,5.84,5.72,5.79,197572002,1060098944.00
2021/12/08,5.79,5.80,5.68,5.71,144618694,765161344.00
2021/12/09,5.71,5.80,5.69,5.77,144085858,768332352.00
2021/12/10,5.72,5.77,5.67,5.71,114703245,606771392.00
2021/12/13,5.72,5.80,5.70,5.70,153102484,816181632.00
2021/12/14,5.68,5.71,5.57,5.63,147794263,767484032.00
2021/12/15,5.61,5.73,5.59,5.71,138458248,727566592.00
2021/12/16,5.74,5.78,5.68,5.75,106289460,565361536.00
2021/12/17,5.75,5.77,5.69,5.70,73194217,388083808.00
2021/12/20,5.68,5.72,5.67,5.69,53582056,282461248.00
2021/12/21,5.70,5.78,5.68,5.74,75388495,400362880.00
2021/12/22,5.74,5.75,5.67,5.68,99985316,527422880.00
2021/12/23,5.69,5.73,5.68,5.72,71297934,376814272.00
2021/12/24,5.72,5.74,5.68,5.70,74809230,395445984.00
2021/12/27,5.71,5.72,5.62,5.64,70262261,368891072.00
2021/12/28,5.64,5.66,5.58,5.62,97343446,505118304.00
2021/12/29,5.62,5.63,5.54,5.56,104196500,537399552.00
2021/12/30,5.56,5.58,5.50,5.53,122403994,626073664.00
2021/12/31,5.53,5.57,5.50,5.52,108318819,552760000.00
2022/01/04,5.53,5.59,5.50,5.58,114587296,587428736.00
2022/01/05,5.58,5.74,5.56,5.74,217698405,1143805312.00
2022/01/06,5.77,5.79,5.68,5.70,122707590,650854272.00
2022/01/07,5.71,5.95,5.71,5.94,287432511,1567801088.00
2022/01/10,5.95,6.05,5.88,6.02,242682515,1346147968.00
2022/01/11,6.05,6.15,5.95,6.05,231772865,1307988992.00
2022/01/12,6.05,6.07,5.96,6.02,148058623,828270208.00
2022/01/13,5.98,6.14,5.97,6.06,123475176,696964544.00
2022/01/14,6.04,6.05,5.87,5.92,181702593,1000722816.00
2022/01/17,5.93,5.99,5.83,5.94,156391958,856865536.00
2022/01/18,5.94,6.09,5.92,6.05,180439540,1010697536.00
2022/01/19,6.05,6.09,6.01,6.07,108242261,609802048.00
2022/01/20,6.07,6.25,6.03,6.20,255633060,1473105408.00
2022/01/21,6.17,6.21,6.10,6.16,174008756,997320960.00
2022/01/24,6.16,6.26,6.09,6.15,134537841,772294336.00
2022/01/25,6.13,6.24,6.08,6.11,146082417,840781376.00
2022/01/26,6.10,6.17,6.07,6.14,84335595,481317984.00
2022/01/27,6.14,6.14,6.03,6.07,97449116,552833856.00
2022/01/28,6.08,6.17,5.99,6.04,113921317,646422016.00
2022/02/07,6.12,6.31,6.12,6.21,166672671,964748928.00
2022/02/08,6.21,6.36,6.21,6.31,184344631,1083644928.00
2022/02/09,6.32,6.41,6.27,6.30,154563395,915459776.00
2022/02/10,6.29,6.37,6.23,6.36,98675260,582190528.00
2022/02/11,6.35,6.51,6.31,6.44,186772861,1126072960.00
2022/02/14,6.44,6.47,6.23,6.26,171923345,1013032192.00
2022/02/15,6.25,6.30,6.01,6.06,279434474,1587126272.00
2022/02/16,6.08,6.15,6.02,6.12,154711450,879278144.00
2022/02/17,6.14,6.23,6.09,6.14,104448208,600219968.00
2022/02/18,6.11,6.23,6.10,6.21,100013013,575817408.00
2022/02/21,6.18,6.19,6.04,6.13,138486916,786561600.00
2022/02/22,6.09,6.18,6.07,6.13,91198993,519500800.00
2022/02/23,6.12,6.16,6.03,6.06,135824894,767778432.00
2022/02/24,6.05,6.07,5.95,5.97,136494486,762539072.00
2022/02/25,6.01,6.04,5.91,5.96,127353465,705708160.00
2022/02/28,5.95,6.00,5.88,6.00,126671668,701294400.00
2022/03/01,5.94,6.12,5.92,6.09,161019999,900276160.00
2022/03/02,6.04,6.17,6.03,6.08,125697413,715475968.00
2022/03/03,6.13,6.25,6.10,6.23,144962859,838883776.00
2022/03/04,6.19,6.25,6.09,6.22,139506795,805358912.00
2022/03/07,6.18,6.29,6.12,6.16,132404978,763433600.00
2022/03/08,6.13,6.23,6.00,6.02,147655903,841716736.00
2022/03/09,6.05,6.09,5.70,5.89,172224806,946382016.00
2022/03/10,5.96,5.98,5.77,5.83,186261998,1013015360.00
2022/03/11,5.72,5.80,5.60,5.78,179950950,952106176.00
2022/03/14,5.70,5.76,5.60,5.61,144886005,761120576.00
2022/03/15,5.60,5.60,5.27,5.31,319894506,1593588992.00
2022/03/16,5.39,5.51,5.23,5.48,223237809,1105856768.00
2022/03/17,5.57,5.63,5.50,5.54,220806655,1134505984.00
2022/03/18,5.55,5.69,5.52,5.56,293199291,1518174848.00
2022/03/21,5.61,5.69,5.50,5.56,192156966,993261120.00
2022/03/22,5.55,5.71,5.54,5.69,123029421,642522112.00
2022/03/23,5.66,5.71,5.62,5.66,122569957,641925440.00
2022/03/24,5.64,5.77,5.61,5.70,122569495,649851712.00
2022/03/25,5.70,5.74,5.61,5.62,126228167,661855232.00
2022/03/28,5.57,5.70,5.55,5.68,132173871,690455808.00
2022/03/29,5.68,5.79,5.66,5.77,108334865,576229632.00
2022/03/30,5.79,5.84,5.73,5.82,128854357,691911936.00
2022/03/31,5.72,5.85,5.66,5.81,232830624,1248764288.00
2022/04/01,5.79,6.08,5.78,6.06,289931254,1607497728.00
2022/04/06,6.01,6.18,5.98,6.15,245379807,1397885696.00
2022/04/07,6.10,6.20,6.08,6.13,206509676,1183549696.00
2022/04/08,6.13,6.18,6.06,6.16,140484517,801123776.00
2022/04/11,6.15,6.17,6.05,6.09,115588204,657944640.00
2022/04/12,6.11,6.16,6.01,6.07,174309345,986305472.00
2022/04/13,6.08,6.19,6.06,6.08,132751924,756973568.00
2022/04/14,6.16,6.22,5.90,5.98,242191626,1353950336.00
2022/04/15,5.94,6.19,5.89,6.11,250098338,1404096768.00
2022/04/18,6.02,6.05,5.85,5.90,223397266,1232216192.00
2022/04/19,5.92,6.08,5.90,6.02,191432733,1067093376.00
2022/04/20,6.02,6.05,5.93,5.94,92759539,515516608.00
2022/04/21,5.92,6.03,5.86,5.88,122461136,677525568.00
2022/04/22,5.85,6.07,5.85,6.02,171363704,955735808.00
2022/04/25,5.93,6.07,5.84,5.86,209054367,1157027968.00
2022/04/26,5.86,5.90,5.74,5.76,160822831,866952640.00
2022/04/27,5.73,5.83,5.69,5.74,155465540,828759936.00
2022/04/28,5.74,5.91,5.70,5.90,154282346,834912512.00
2022/04/29,5.89,5.89,5.70,5.83,201624790,1080973312.00
2022/05/05,5.99,6.08,5.96,6.02,275354085,1540864256.00
2022/05/06,5.97,6.01,5.88,5.89,112717448,621528320.00
2022/05/09,5.85,5.87,5.73,5.76,104286386,558035328.00
2022/05/10,5.71,5.89,5.62,5.84,141336672,753643520.00
2022/05/11,5.82,5.86,5.73,5.77,138214907,740732928.00
2022/05/12,5.75,5.77,5.62,5.67,147425899,774580608.00
2022/05/13,5.67,5.76,5.66,5.70,119877342,634476352.00
2022/05/16,5.71,5.72,5.62,5.67,114943587,600367616.00
2022/05/17,5.69,5.73,5.60,5.68,150280098,789876864.00
2022/05/18,5.69,5.70,5.61,5.66,142248636,741790528.00
2022/05/19,5.59,5.61,5.43,5.59,165223196,845961920.00
2022/05/20,5.59,5.72,5.56,5.70,156705465,821457152.00
2022/05/23,5.68,5.69,5.61,5.64,109794542,574003840.00
2022/05/24,5.65,5.70,5.63,5.65,128189681,672564736.00
2022/05/25,5.65,5.74,5.64,5.71,100398386,530017248.00
2022/05/26,5.71,5.80,5.68,5.78,97684904,520215424.00
2022/05/27,5.81,5.82,5.72,5.74,89896135,479462496.00
2022/05/30,5.76,5.78,5.63,5.65,108057242,568878208.00
2022/05/31,5.64,5.70,5.62,5.67,129511959,678495168.00
2022/06/01,5.65,5.65,5.57,5.59,149246256,772773056.00
2022/06/02,5.56,5.58,5.51,5.54,121974928,624362624.00
2022/06/06,5.53,5.54,5.44,5.47,271108629,1367385728.00
2022/06/07,5.46,5.56,5.43,5.56,204560860,1042681344.00
2022/06/08,5.57,5.58,5.53,5.58,142037945,729959104.00
2022/06/09,5.57,5.68,5.56,5.66,171465191,895318336.00
2022/06/10,5.64,5.69,5.62,5.68,130818674,684452480.00
2022/06/13,5.64,5.65,5.50,5.55,212592769,1089145600.00
2022/06/14,5.51,5.62,5.49,5.62,159989102,823465792.00
2022/06/15,5.62,5.78,5.59,5.69,251176191,1329624960.00
2022/06/16,5.70,5.73,5.62,5.63,140425753,736567552.00
2022/06/17,5.62,5.65,5.58,5.61,101368237,526526656.00
2022/06/20,5.61,5.62,5.54,5.56,188724058,971374784.00
2022/06/21,5.57,5.69,5.55,5.69,209634675,1097590912.00
2022/06/22,5.68,5.69,5.56,5.58,154674271,803146816.00
2022/06/23,5.58,5.61,5.56,5.59,165980817,857128192.00
2022/06/24,5.60,5.61,5.53,5.57,160766063,825745088.00
2022/06/27,5.59,5.63,5.57,5.62,190457572,988709760.00
2022/06/28,5.64,5.71,5.61,5.70,166162842,872647680.00
2022/06/29,5.69,5.77,5.67,5.74,145528481,774578304.00
2022/06/30,5.74,5.82,5.73,5.81,143056214,767597312.00
2022/07/01,5.81,5.86,5.77,5.77,90434288,486614528.00
2022/07/04,5.78,5.78,5.69,5.74,115008034,610206400.00
2022/07/05,5.74,5.82,5.73,5.78,93577565,500736576.00
2022/07/06,5.77,5.79,5.70,5.75,90991430,483869888.00
2022/07/07,5.76,5.76,5.69,5.71,65972988,349630464.00
2022/07/08,5.73,5.74,5.66,5.72,100418426,530351296.00
2022/07/11,5.70,5.73,5.68,5.71,122323853,645887232.00
2022/07/12,5.74,5.85,5.73,5.76,138586478,707804608.00
2022/07/13,5.76,5.77,5.56,5.57,244316073,1211692800.00
2022/07/14,5.51,5.51,5.34,5.39,360341968,1703080704.00
2022/07/15,5.42,5.43,5.32,5.33,224824276,1059830528.00
2022/07/18,5.35,5.42,5.34,5.42,143587253,678392576.00
2022/07/19,5.42,5.48,5.40,5.45,104678446,499579648.00
2022/07/20,5.47,5.49,5.45,5.48,80034462,384731776.00
2022/07/21,5.47,5.47,5.39,5.39,93842271,445380288.00
2022/07/22,5.40,5.43,5.33,5.40,91993882,434084864.00
2022/07/25,5.39,5.46,5.37,5.46,89111178,423882592.00
2022/07/26,5.45,5.48,5.43,5.47,70479858,337562432.00
2022/07/27,5.46,5.47,5.42,5.44,58912135,280779968.00
2022/07/28,5.45,5.46,5.41,5.42,75781578,360997344.00
2022/07/29,5.42,5.43,5.35,5.36,124809048,587883136.00
2022/08/01,5.37,5.37,5.32,5.34,100838485,470487648.00
2022/08/02,5.32,5.33,5.19,5.25,147147497,671894080.00
2022/08/03,5.24,5.26,5.18,5.18,115437761,524134304.00
2022/08/04,5.20,5.21,5.13,5.19,122266343,550043648.00
2022/08/05,5.19,5.24,5.16,5.24,82066951,372115168.00
2022/08/08,5.22,5.26,5.19,5.21,75791929,344390656.00
2022/08/09,5.21,5.22,5.17,5.18,68292915,308513440.00
2022/08/10,5.19,5.20,5.15,5.17,55831840,251323104.00
2022/08/11,5.19,5.25,5.17,5.24,110306890,501477600.00
2022/08/12,5.23,5.25,5.20,5.23,79463171,362031904.00
2022/08/15,5.20,5.23,5.18,5.19,99626968,451165024.00
2022/08/16,5.19,5.21,5.18,5.20,65558685,296469760.00
2022/08/17,5.20,5.22,5.16,5.21,97088717,439162944.00
2022/08/18,5.19,5.20,5.16,5.18,88023965,396956064.00
2022/08/19,5.17,5.21,5.16,5.19,89763062,406083264.00
2022/08/22,5.17,5.20,5.16,5.18,92802340,418822208.00
2022/08/23,5.19,5.19,5.07,5.07,281822149,1249805696.00
2022/08/24,5.07,5.10,5.06,5.07,112325788,494863648.00
2022/08/25,5.07,5.12,5.04,5.11,87072614,383807424.00
2022/08/26,5.11,5.13,5.08,5.10,67572272,299734592.00
2022/08/29,5.06,5.10,5.05,5.10,91393952,402226976.00
2022/08/30,5.09,5.12,5.08,5.10,69536552,307914560.00
2022/08/31,5.09,5.19,5.08,5.18,171337773,766953600.00
2022/09/01,5.16,5.21,5.14,5.16,90324254,407128128.00
2022/09/02,5.17,5.18,5.10,5.12,84965103,379118208.00
2022/09/05,5.11,5.17,5.09,5.17,108698108,484191936.00
2022/09/06,5.17,5.21,5.14,5.16,94694719,425807136.00
2022/09/07,5.15,5.15,5.10,5.12,100762940,448667456.00
2022/09/08,5.13,5.16,5.12,5.13,101196763,452308096.00
2022/09/09,5.14,5.23,5.13,5.22,199118816,902143424.00
2022/09/13,5.22,5.33,5.20,5.27,176795045,813583744.00
2022/09/14,5.23,5.26,5.19,5.20,97396822,443040576.00
2022/09/15,5.23,5.30,5.23,5.27,128469045,591582528.00
2022/09/16,5.26,5.27,5.18,5.19,124254858,563755904.00
2022/09/19,5.20,5.24,5.16,5.23,95947401,435586432.00
2022/09/20,5.24,5.24,5.17,5.18,82093737,370997216.00
2022/09/21,5.19,5.27,5.16,5.24,92232438,419911808.00
2022/09/22,5.22,5.25,5.19,5.23,61007350,277230944.00
2022/09/23,5.23,5.30,5.22,5.27,101964580,469144384.00
2022/09/26,5.26,5.28,5.18,5.19,102256624,465293824.00
2022/09/27,5.17,5.21,5.13,5.20,85523049,384305056.00
2022/09/28,5.19,5.26,5.15,5.22,110792116,504016256.00
2022/09/29,5.23,5.25,5.14,5.17,89153286,402840096.00
2022/09/30,5.16,5.19,5.13,5.13,105182675,471653376.00
2022/10/10,4.92,4.95,4.84,4.91,261145922,1105954432.00
2022/10/11,4.90,4.92,4.84,4.85,159049122,668818496.00
2022/10/12,4.84,4.88,4.78,4.87,139252282,578258880.00
2022/10/13,4.84,4.85,4.79,4.84,161832720,670639616.00
2022/10/14,4.86,4.89,4.84,4.87,133521281,560515200.00
2022/10/17,4.83,4.86,4.80,4.84,111396590,463640896.00
2022/10/18,4.86,4.87,4.81,4.83,95208930,395957856.00
2022/10/19,4.82,4.83,4.79,4.79,102040416,421697568.00
2022/10/20,4.78,4.79,4.76,4.78,86173305,353460608.00
2022/10/21,4.78,4.79,4.76,4.77,66578125,273307008.00
2022/10/24,4.77,4.78,4.65,4.65,176676008,710794752.00
2022/10/25,4.64,4.67,4.62,4.64,114775277,455743840.00
2022/10/26,4.63,4.64,4.59,4.62,153699499,606495104.00
2022/10/27,4.63,4.65,4.61,4.63,107456388,426040992.00
2022/10/28,4.63,4.65,4.61,4.63,128736723,509913408.00
2022/10/31,4.62,4.62,4.53,4.55,156422469,609895296.00
2022/11/01,4.55,4.60,4.51,4.60,165806257,645058112.00
2022/11/02,4.58,4.66,4.57,4.65,114940926,453431392.00
2022/11/03,4.63,4.65,4.60,4.61,87520572,345781664.00
2022/11/04,4.61,4.74,4.60,4.72,161246328,648856192.00
2022/11/07,4.71,4.78,4.69,4.77,122131994,497279808.00
2022/11/08,4.77,4.78,4.73,4.75,75994125,310182400.00
2022/11/09,4.76,4.81,4.74,4.75,88270715,362058528.00
2022/11/10,4.71,4.77,4.69,4.77,77415126,314413952.00
2022/11/11,4.82,4.96,4.80,4.93,226609031,954050752.00
2022/11/14,4.96,5.06,4.94,4.96,215799153,933531072.00
2022/11/15,4.97,5.01,4.92,5.00,132166203,568682880.00
2022/11/16,4.98,4.98,4.90,4.92,136745629,582574464.00
2022/11/17,4.91,4.94,4.89,4.94,94600625,402020384.00
2022/11/18,4.94,4.94,4.88,4.90,89077680,377268928.00
2022/11/21,4.87,4.88,4.82,4.85,76223592,318043392.00
2022/11/22,4.85,5.05,4.83,4.99,200382794,861885504.00
2022/11/23,5.04,5.15,5.02,5.09,229435238,1015407872.00
2022/11/24,5.12,5.12,5.01,5.01,126085996,552534976.00
2022/11/25,5.02,5.16,5.01,5.15,192991210,856373440.00
2022/11/28,5.08,5.09,5.00,5.06,142445550,623445760.00
2022/11/29,5.09,5.26,5.09,5.20,239444546,1081063040.00
2022/11/30,5.16,5.22,5.12,5.13,122042400,547143552.00
2022/12/01,5.19,5.23,5.07,5.08,169371497,755544704.00
2022/12/02,5.08,5.10,5.03,5.05,111125837,486750624.00
2022/12/05,5.08,5.24,5.08,5.21,190906113,859220032.00
2022/12/06,5.20,5.25,5.16,5.20,119962923,543334912.00
2022/12/07,5.22,5.23,5.11,5.13,121766200,546979904.00
2022/12/08,5.13,5.21,5.13,5.17,151626497,682519168.00
2022/12/09,5.16,5.33,5.16,5.32,217403705,999019584.00
2022/12/12,5.28,5.28,5.16,5.18,152274312,691274688.00
2022/12/13,5.18,5.27,5.18,5.25,102817988,469939872.00
2022/12/14,5.23,5.32,5.21,5.28,88653552,407353792.00
2022/12/15,5.25,5.27,5.18,5.21,72551462,328815296.00
2022/12/16,5.19,5.28,5.18,5.28,93907090,430229568.00
2022/12/19,5.27,5.28,5.20,5.23,88595289,405379744.00
2022/12/20,5.21,5.25,5.12,5.13,90696232,407604224.00
2022/12/21,5.16,5.21,5.14,5.15,53949354,243006000.00
2022/12/22,5.19,5.20,5.12,5.13,49600058,222707392.00
2022/12/23,5.10,5.15,5.08,5.10,51526833,229036672.00
2022/12/26,5.10,5.14,5.09,5.09,65416695,290225344.00
2022/12/27,5.12,5.25,5.11,5.20,90657564,410848576.00
2022/12/28,5.19,5.31,5.18,5.27,103002988,473257376.00
2022/12/29,5.25,5.27,5.19,5.23,76669043,349222432.00
2022/12/30,5.26,5.34,5.25,5.29,103847922,480593728.00
2023/01/03,5.29,5.36,5.23,5.33,108619996,503219264.00
2023/01/04,5.36,5.45,5.31,5.43,138367886,654006016.00
2023/01/05,5.44,5.47,5.37,5.41,109062005,517994752.00
2023/01/06,5.41,5.43,5.36,5.40,72795160,343534144.00
2023/01/09,5.40,5.47,5.38,5.43,79447511,377914080.00
2023/01/10,5.43,5.47,5.39,5.42,74516092,353796160.00
2023/01/11,5.44,5.52,5.42,5.50,112289880,541172480.00
2023/01/12,5.51,5.55,5.45,5.53,96905752,468509344.00
2023/01/13,5.54,5.57,5.51,5.56,84712121,413071296.00
2023/01/16,5.57,5.58,5.46,5.49,149510869,724487232.00
2023/01/17,5.48,5.49,5.41,5.45,106699840,509697504.00
2023/01/18,5.45,5.54,5.42,5.53,105004513,507122336.00
2023/01/19,5.51,5.53,5.48,5.50,52801754,254955024.00
2023/01/20,5.53,5.57,5.50,5.57,75051314,365925184.00
2023/01/30,5.61,5.63,5.52,5.52,87277036,426612128.00
2023/01/31,5.52,5.57,5.48,5.48,74021676,358664224.00
2023/02/01,5.50,5.51,5.40,5.43,111874114,532482176.00
2023/02/02,5.44,5.45,5.40,5.41,67882421,322524448.00
2023/02/03,5.41,5.42,5.34,5.35,80181352,376138592.00
2023/02/06,5.32,5.36,5.29,5.32,85253777,396703104.00
2023/02/07,5.34,5.39,5.32,5.34,72347668,338976608.00
2023/02/08,5.36,5.38,5.28,5.30,78843901,367144960.00
2023/02/09,5.30,5.32,5.19,5.23,218316806,1000839424.00
2023/02/10,5.23,5.27,5.20,5.26,163983156,750081472.00
2023/02/13,5.24,5.26,5.17,5.22,126804654,575567040.00
2023/02/14,5.23,5.33,5.22,5.29,109122823,503878048.00
2023/02/15,5.30,5.31,5.21,5.22,99079104,452043840.00
2023/02/16,5.22,5.28,5.21,5.26,154055500,706909184.00
2023/02/17,5.24,5.29,5.23,5.23,65777125,301776992.00
2023/02/20,5.23,5.36,5.22,5.35,199191647,922027904.00
2023/02/21,5.35,5.35,5.29,5.31,100778031,467724704.00
2023/02/22,5.30,5.31,5.25,5.27,98188571,452461760.00
2023/02/23,5.27,5.34,5.26,5.26,125586737,580034240.00
2023/02/24,5.26,5.28,5.20,5.21,114600660,522053600.00
2023/02/27,5.20,5.22,5.17,5.18,78174700,353945440.00
2023/02/28,5.19,5.21,5.17,5.19,96011143,433443616.00
2023/03/01,5.19,5.27,5.18,5.26,179957320,821468352.00
2023/03/02,5.26,5.34,5.23,5.32,151536710,701220480.00
2023/03/03,5.33,5.56,5.32,5.56,359099626,1725081728.00
2023/03/06,5.52,5.56,5.40,5.41,230299587,1099964544.00
2023/03/07,5.41,5.65,5.40,5.54,392218620,1919069824.00
2023/03/08,5.49,5.53,5.43,5.51,140472768,676273728.00
2023/03/09,5.49,5.54,5.47,5.49,160999824,778223744.00
2023/03/10,5.45,5.53,5.37,5.38,159502715,759893440.00
2023/03/13,5.36,5.48,5.35,5.47,130223441,618178432.00
2023/03/14,5.43,5.46,5.36,5.40,133446808,632768512.00
2023/03/15,5.43,5.53,5.38,5.50,181717661,872160384.00
2023/03/16,5.45,5.62,5.44,5.56,273000062,1333456896.00
2023/03/17,5.57,5.67,5.53,5.62,237021730,1172107904.00
2023/03/20,5.62,5.69,5.49,5.51,228069271,1122857344.00
2023/03/21,5.52,5.58,5.41,5.48,150928089,724187648.00
2023/03/22,5.49,5.54,5.45,5.49,148801781,719019712.00
2023/03/23,5.47,5.54,5.46,5.50,117875043,568948096.00
2023/03/24,5.50,5.50,5.33,5.35,238414751,1123875968.00
2023/03/27,5.35,5.35,5.25,5.28,128807517,594154112.00
2023/03/28,5.28,5.35,5.25,5.31,149316391,692000512.00
2023/03/29,5.35,5.35,5.28,5.32,94632181,439762080.00
2023/03/30,5.44,5.52,5.39,5.49,334922067,1601739904.00
2023/03/31,5.42,5.43,5.31,5.32,338791480,1582984192.00
2023/04/03,5.32,5.33,5.28,5.30,161889736,750551296.00
2023/04/04,5.30,5.44,5.29,5.39,252886701,1187683456.00
2023/04/06,5.36,5.41,5.35,5.37,118391351,556312192.00
2023/04/07,5.37,5.39,5.34,5.36,89742844,420530880.00
2023/04/10,5.34,5.38,5.33,5.35,117452801,550294656.00
2023/04/11,5.35,5.36,5.32,5.35,127418601,594627712.00
2023/04/12,5.35,5.49,5.33,5.46,272725040,1300543616.00
2023/04/13,5.46,5.61,5.45,5.60,254466152,1244094208.00
2023/04/14,5.60,5.63,5.53,5.62,152631315,752005376.00
2023/04/17,5.60,5.83,5.57,5.82,316501927,1600440320.00
2023/04/18,5.80,6.00,5.78,5.98,404156684,2128118656.00
2023/04/19,5.98,6.17,5.97,6.08,305554802,1650777088.00
2023/04/20,6.05,6.08,5.90,6.02,175592710,932425792.00
2023/04/21,6.00,6.15,5.93,6.00,221003007,1192283136.00
2023/04/24,6.04,6.13,5.93,6.03,233691552,1256421760.00
2023/04/25,6.02,6.31,6.02,6.25,277814160,1537781248.00
2023/04/26,6.20,6.21,6.00,6.13,206042071,1115393152.00
2023/04/27,6.07,6.20,6.02,6.17,132995502,724272384.00
2023/04/28,6.07,6.22,6.00,6.18,163141876,895037248.00
2023/05/04,6.14,6.47,6.06,6.41,243428065,1381709952.00
2023/05/05,6.41,6.57,6.32,6.39,188471978,1086129280.00
2023/05/08,6.39,6.82,6.39,6.60,336145648,2004598784.00
2023/05/09,6.64,6.66,6.24,6.27,384133202,2201271808.00
2023/05/10,6.27,6.30,6.03,6.06,366385297,1996917248.00
2023/05/11,6.08,6.17,6.02,6.05,134545912,727575296.00
2023/05/12,6.06,6.07,5.88,5.91,210616470,1111685504.00
2023/05/15,5.92,6.12,5.85,6.10,229131661,1218444416.00
2023/05/16,6.07,6.14,6.00,6.01,137616225,741746304.00
2023/05/17,6.00,6.02,5.89,5.95,120865410,637286272.00
2023/05/18,5.95,6.20,5.95,6.10,246429874,1338711936.00
2023/05/19,6.08,6.16,6.00,6.07,113218236,612078272.00
2023/05/22,6.05,6.16,6.03,6.14,109151777,592488640.00
2023/05/23,6.11,6.22,5.99,6.00,154714905,833188160.00
2023/05/24,5.99,6.00,5.84,5.85,153706577,804479424.00
2023/05/25,5.84,5.87,5.75,5.82,106044702,544356928.00
2023/05/26,5.81,5.92,5.78,5.87,64151100,331616288.00
2023/05/29,5.86,5.97,5.86,5.94,113635451,597743936.00
2023/05/30,5.93,5.95,5.79,5.87,114618617,594641984.00
2023/05/31,5.83,5.86,5.80,5.81,75437326,388339296.00
2023/06/01,5.81,5.88,5.75,5.83,95875539,492458976.00
2023/06/02,5.83,5.92,5.80,5.88,107823356,562207616.00
2023/06/05,5.87,5.97,5.84,5.93,96121856,504698848.00
2023/06/06,5.90,6.01,5.87,5.89,134600858,711774016.00
2023/06/07,5.92,5.97,5.87,5.95,82549337,433988352.00
2023/06/08,5.95,6.14,5.88,6.10,152132658,815933248.00
2023/06/09,6.10,6.20,6.06,6.18,131108920,718293952.00
2023/06/12,6.17,6.18,6.05,6.13,145097109,793642368.00
2023/06/13,6.11,6.18,6.11,6.15,62690407,343624832.00
2023/06/14,6.15,6.16,5.90,5.92,164970052,877941504.00
2023/06/15,5.96,5.96,5.86,5.88,124695892,651666624.00
2023/06/16,5.89,5.92,5.77,5.79,163641480,843162432.00
2023/06/19,5.79,5.80,5.69,5.73,144977251,733411392.00
2023/06/20,5.72,5.74,5.62,5.65,135404043,677742976.00
2023/06/21,5.65,5.73,5.62,5.66,90697453,454010656.00
2023/06/26,5.64,5.65,5.51,5.55,124602694,609356096.00
2023/06/27,5.54,5.64,5.51,5.63,106270818,523883328.00
2023/06/28,5.62,5.65,5.58,5.61,85470370,422308128.00
2023/06/29,5.61,5.61,5.54,5.55,86596535,423401312.00
2023/06/30,5.55,5.59,5.51,5.56,114058245,557725376.00
2023/07/03,5.57,5.67,5.55,5.65,162563605,802683072.00
2023/07/04,5.63,5.69,5.60,5.65,103353025,515294592.00
2023/07/05,5.65,5.65,5.59,5.60,81215304,401143136.00
2023/07/06,5.59,5.65,5.55,5.57,95837005,472028960.00
2023/07/07,5.57,5.58,5.53,5.55,62137366,303840192.00
2023/07/10,5.58,5.60,5.55,5.56,58963901,288697056.00
2023/07/11,5.58,5.63,5.56,5.61,92387674,455312096.00
2023/07/12,5.61,5.69,5.60,5.63,117293579,584648832.00
2023/07/13,5.67,5.78,5.64,5.77,155202187,743185024.00
2023/07/14,5.77,5.86,5.75,5.77,114261482,557536000.00
2023/07/17,5.75,5.77,5.67,5.70,72539100,346901632.00
2023/07/18,5.70,5.73,5.66,5.68,79250937,377214624.00
2023/07/19,5.67,5.71,5.65,5.70,52924517,252003936.00
2023/07/20,5.70,5.75,5.69,5.71,90445592,434165248.00
2023/07/21,5.69,5.72,5.66,5.67,79078352,376564640.00
2023/07/24,5.66,5.71,5.64,5.67,48178802,229280592.00
2023/07/25,5.72,5.89,5.72,5.88,162573511,799812928.00
2023/07/26,5.87,5.90,5.80,5.84,72992492,358663392.00
2023/07/27,5.85,5.93,5.84,5.90,97284678,484096864.00
2023/07/28,5.87,6.16,5.85,6.15,215154147,1106022528.00
2023/07/31,6.14,6.29,6.05,6.11,155685435,813392256.00
2023/08/01,6.09,6.16,6.05,6.08,84712721,438556480.00
2023/08/02,6.05,6.05,5.84,5.85,228509579,1140486784.00
2023/08/03,5.84,5.94,5.82,5.90,122199048,605542464.00
2023/08/04,5.93,6.05,5.93,5.96,139836580,708793600.00
2023/08/07,5.93,5.97,5.89,5.91,96030543,480914752.00
2023/08/08,5.90,5.97,5.90,5.92,72261529,361736512.00
2023/08/09,5.90,5.93,5.89,5.92,50014659,249652608.00
2023/08/10,5.92,5.94,5.87,5.91,45627171,227510416.00
2023/08/11,5.91,5.93,5.82,5.84,78647974,388956800.00
2023/08/14,5.80,5.82,5.74,5.78,86669510,420309376.00
2023/08/15,5.77,5.91,5.77,5.87,111283079,547549248.00
2023/08/16,5.85,5.86,5.77,5.82,92934872,454987712.00
2023/08/17,5.80,5.82,5.72,5.77,106944974,518357888.00
2023/08/18,5.76,5.92,5.76,5.81,145068518,716059840.00
2023/08/21,5.82,5.84,5.74,5.74,81455796,395223040.00
2023/08/22,5.77,5.84,5.74,5.84,95889082,466803296.00
2023/08/23,5.82,5.86,5.79,5.80,74106300,363366528.00
2023/08/24,5.81,5.83,5.74,5.75,102019215,494501024.00
2023/08/25,5.74,5.80,5.72,5.77,101164736,489644736.00
2023/08/28,5.94,6.04,5.85,5.90,188491232,940782784.00
2023/08/29,5.89,5.89,5.79,5.84,140770233,692015808.00
2023/08/30,5.82,5.87,5.76,5.82,126678820,617902656.00
2023/08/31,5.82,5.84,5.74,5.78,106306777,515699872.00
2023/09/01,5.79,5.84,5.79,5.82,95507156,467696320.00
2023/09/04,5.85,5.97,5.84,5.92,166131406,832225856.00
2023/09/05,5.91,5.91,5.81,5.83,92388698,454018976.00
2023/09/06,5.81,5.86,5.79,5.84,87789941,430579136.00
2023/09/07,5.83,5.90,5.81,5.83,90894753,448644832.00
2023/09/08,5.82,5.84,5.80,5.82,40524015,198470240.00
2023/09/11,5.82,5.83,5.77,5.80,70358592,343264608.00
2023/09/12,5.80,5.80,5.78,5.80,50341089,245047568.00
2023/09/13,5.80,5.83,5.78,5.82,68695885,335040640.00
2023/09/14,5.82,5.88,5.80,5.87,125956823,619230208.00
2023/09/15,5.87,5.98,5.86,5.91,172422815,863038784.00
2023/09/18,5.89,5.91,5.85,5.91,84294582,418301120.00
2023/09/19,5.89,6.00,5.88,5.98,118975008,599772032.00
2023/09/20,5.98,6.05,5.95,6.04,103095691,525101472.00
2023/09/21,6.03,6.06,5.95,5.96,80867266,409555648.00
2023/09/22,5.98,6.01,5.92,5.99,76374439,385705472.00
2023/09/25,5.99,6.03,5.94,5.98,87377407,443045472.00
2023/09/26,5.98,6.04,5.93,5.94,94338554,476360064.00
2023/09/27,5.96,5.97,5.88,5.89,84987679,424640384.00
2023/09/28,5.91,5.94,5.88,5.89,65054202,324239168.00
2023/10/09,5.87,5.90,5.82,5.88,64731240,320366016.00
2023/10/10,5.90,5.93,5.84,5.85,69777700,345118272.00
2023/10/11,5.87,5.89,5.80,5.84,90116845,443175776.00
2023/10/12,5.90,5.98,5.88,5.98,162418912,815706688.00
2023/10/13,5.95,6.06,5.93,6.00,130447503,663970432.00
2023/10/16,6.01,6.07,5.96,6.05,89536131,457218240.00
2023/10/17,6.04,6.08,6.01,6.07,74285584,381051808.00
2023/10/18,6.06,6.10,6.03,6.05,77866510,400472000.00
2023/10/19,6.05,6.05,5.91,5.92,90879492,457361920.00
2023/10/20,5.90,5.90,5.83,5.84,106199600,524606176.00
2023/10/23,5.82,5.86,5.71,5.75,105138500,511578272.00
2023/10/24,5.77,5.78,5.64,5.66,132028898,629251712.00
2023/10/25,5.70,5.71,5.65,5.67,120006378,569982080.00
2023/10/26,5.66,5.74,5.64,5.72,95002372,453933920.00
2023/10/27,5.71,5.76,5.67,5.71,101758012,487266432.00
2023/10/30,5.68,5.68,5.45,5.48,288566250,1328388864.00
2023/10/31,5.47,5.51,5.43,5.49,116710174,532300288.00
2023/11/01,5.50,5.55,5.48,5.53,122398139,562497024.00
2023/11/02,5.53,5.61,5.52,5.59,113313442,528234240.00
2023/11/03,5.59,5.60,5.55,5.56,78925600,367007648.00
2023/11/06,5.57,5.58,5.52,5.54,101084522,466575968.00
2023/11/07,5.53,5.54,5.49,5.52,79890165,366464640.00
2023/11/08,5.50,5.52,5.47,5.48,72324271,330571904.00
2023/11/09,5.48,5.54,5.47,5.53,73871968,339348928.00
2023/11/10,5.52,5.54,5.47,5.49,71321347,325972448.00
2023/11/13,5.48,5.50,5.40,5.45,129660512,584842624.00
2023/11/14,5.44,5.47,5.41,5.45,102504325,463718752.00
2023/11/15,5.47,5.50,5.45,5.48,90874479,414175584.00
2023/11/16,5.48,5.50,5.46,5.46,59512800,271234368.00
2023/11/17,5.46,5.47,5.42,5.42,68161595,307547264.00
2023/11/20,5.43,5.45,5.41,5.44,61421883,277034400.00
2023/11/21,5.44,5.49,5.44,5.47,95683938,435168352.00
2023/11/22,5.46,5.48,5.44,5.44,50624666,229756240.00
2023/11/23,5.44,5.46,5.43,5.45,46603962,210950848.00
2023/11/24,5.45,5.47,5.44,5.46,72667074,329749664.00
2023/11/27,5.46,5.47,5.35,5.37,131209352,586714752.00
2023/11/28,5.37,5.40,5.34,5.37,86817041,385662720.00
2023/11/29,5.37,5.37,5.25,5.27,173181350,755280256.00
2023/11/30,5.27,5.34,5.26,5.31,121728934,534060160.00
2023/12/01,5.31,5.36,5.31,5.34,89850487,397481024.00
2023/12/04,5.34,5.36,5.31,5.32,60524182,266846272.00
2023/12/05,5.32,5.32,5.27,5.27,62398335,273009280.00
2023/12/06,5.27,5.28,5.20,5.26,70403341,304629344.00
2023/12/07,5.26,5.27,5.20,5.25,85013557,367499552.00
2023/12/08,5.25,5.34,5.23,5.29,105931464,463642400.00
2023/12/11,5.27,5.30,5.20,5.28,110281993,476630016.00
2023/12/12,5.27,5.33,5.25,5.33,87122126,381986304.00
2023/12/13,5.33,5.33,5.27,5.27,65207314,285374432.00
2023/12/14,5.29,5.30,5.23,5.23,64121483,277806144.00
2023/12/15,5.25,5.30,5.24,5.26,77276387,335598144.00
2023/12/18,5.24,5.26,5.21,5.23,86150229,371353152.00
2023/12/19,5.22,5.24,5.18,5.21,89564218,384143968.00
2023/12/20,5.21,5.24,5.17,5.18,80325344,344640576.00
2023/12/21,5.17,5.21,5.15,5.20,70828007,301618016.00
2023/12/22,5.21,5.23,5.17,5.21,94891867,406428992.00
2023/12/25,5.22,5.23,5.19,5.20,66734600,285953632.00
2023/12/26,5.20,5.21,5.16,5.16,66051800,280966944.00
2023/12/27,5.16,5.23,5.13,5.21,85894753,365623808.00
2023/12/28,5.21,5.28,5.20,5.27,138359073,599288576.00
2023/12/29,5.27,5.29,5.26,5.27,66568075,289676320.00
2024/01/02,5.27,5.30,5.23,5.24,81385705,353530272.00
2024/01/03,5.23,5.29,5.23,5.28,99465801,432409056.00
2024/01/04,5.28,5.31,5.26,5.31,95374926,416717312.00
2024/01/05,5.30,5.43,5.29,5.38,206139481,918420608.00
2024/01/08,5.37,5.40,5.32,5.35,123719675,548397312.00
2024/01/09,5.34,5.34,5.28,5.31,103809404,455214208.00
2024/01/10,5.30,5.34,5.29,5.30,74885309,329103744.00
2024/01/11,5.29,5.32,5.26,5.27,86225997,376498432.00
2024/01/12,5.26,5.31,5.26,5.26,71175434,310145728.00
2024/01/15,5.25,5.31,5.23,5.30,70525242,307411008.00
2024/01/16,5.29,5.39,5.28,5.39,158107182,700220672.00
2024/01/17,5.38,5.43,5.34,5.35,139403088,623583104.00
2024/01/18,5.33,5.36,5.21,5.35,154166827,672770368.00
2024/01/19,5.32,5.34,5.29,5.32,90074695,395922016.00
2024/01/22,5.31,5.38,5.30,5.33,164969666,730773568.00
2024/01/23,5.31,5.36,5.29,5.34,114566147,504943296.00
2024/01/24,5.36,5.41,5.33,5.40,153086037,680641216.00
2024/01/25,5.40,5.55,5.39,5.55,227006697,1039818176.00
2024/01/26,5.54,5.61,5.50,5.58,145742279,676152896.00
2024/01/29,5.59,5.74,5.58,5.67,190795502,905649408.00
2024/01/30,5.65,5.72,5.57,5.62,154170591,726320704.00
2024/01/31,5.60,5.70,5.59,5.65,147809597,699850944.00
2024/02/01,5.64,5.67,5.60,5.61,124680059,587110720.00
2024/02/02,5.62,5.68,5.55,5.62,162281773,764625472.00
2024/02/05,5.62,5.72,5.60,5.68,218287182,1034415936.00
2024/02/06,5.68,5.80,5.67,5.78,200782325,968583936.00
2024/02/07,5.77,5.78,5.59,5.68,245966237,1166267264.00
2024/02/08,5.66,5.66,5.51,5.61,219024952,1017928320.00
2024/02/19,5.63,5.72,5.59,5.70,147193808,696535808.00
数据来源:通达信
