605368 蓝天燃气 日线 后复权
      日期	    开盘	    最高	    最低	    收盘	    成交量	    成交额
2021/01/29,17.95,21.54,17.95,21.54,27618049,574294272.00
2021/02/01,19.39,22.07,19.39,20.00,24390080,490145408.00
2021/02/02,19.28,19.28,18.00,18.03,20203287,374146496.00
2021/02/03,17.66,17.66,16.23,16.24,18914533,315225856.00
2021/02/04,15.94,17.68,15.68,16.90,17374292,293894656.00
2021/02/05,16.32,16.69,15.38,15.46,14057819,224488496.00
2021/02/08,15.38,15.38,14.20,14.29,12954662,189127264.00
2021/02/09,14.13,14.90,13.87,14.21,10732988,154079536.00
2021/02/10,14.29,14.77,14.08,14.40,7741972,111393928.00
2021/02/18,14.70,15.49,14.42,15.09,10402245,154121168.00
2021/02/19,14.80,15.21,14.64,15.03,9257179,138276336.00
2021/02/22,15.00,15.40,14.82,15.03,8885323,134487168.00
2021/02/23,14.95,15.09,14.47,14.53,6986469,102515680.00
2021/02/24,14.58,14.65,14.13,14.29,6144081,88684384.00
2021/02/25,14.32,14.77,14.20,14.75,7582209,109841920.00
2021/02/26,14.50,14.69,14.39,14.41,5196377,75330904.00
2021/03/01,14.42,14.54,14.26,14.53,4459773,64406196.00
2021/03/02,14.58,14.87,14.49,14.75,6661599,97761360.00
2021/03/03,14.60,14.62,14.41,14.59,5379973,78143712.00
2021/03/04,14.53,14.70,14.36,14.36,5247414,76144696.00
2021/03/05,14.20,14.88,14.20,14.58,7125165,104012672.00
2021/03/08,14.49,14.80,14.44,14.62,6483455,94855776.00
2021/03/09,14.56,14.58,13.76,14.05,6793529,95979888.00
2021/03/10,14.10,14.20,13.78,14.05,4272354,59658008.00
2021/03/11,14.05,14.17,13.91,14.14,3733720,52586652.00
2021/03/12,14.07,15.40,13.91,14.68,10592089,155333632.00
2021/03/15,14.45,14.90,14.36,14.48,6074206,88468640.00
2021/03/16,14.41,15.28,14.41,14.96,8170969,121204032.00
2021/03/17,14.85,15.34,14.80,15.18,8759362,132509440.00
2021/03/18,15.09,15.19,14.81,15.08,7665034,114856912.00
2021/03/19,14.88,15.58,14.71,15.50,12715516,193558304.00
2021/03/22,15.48,17.05,15.32,17.05,16748571,277325536.00
2021/03/23,17.01,18.76,16.65,18.76,35141785,637348800.00
2021/03/24,18.70,20.22,17.78,18.60,35930879,680355968.00
2021/03/25,17.47,17.97,16.74,16.74,23023549,390450368.00
2021/03/26,16.16,17.53,16.16,16.93,18358268,312852608.00
2021/03/29,17.33,18.62,17.08,18.12,23349348,418746080.00
2021/03/30,17.39,19.20,16.65,17.66,23155121,411074656.00
2021/03/31,17.18,18.48,17.18,17.47,18065480,323069376.00
2021/04/01,17.30,17.34,16.20,16.55,18457286,305065760.00
2021/04/02,16.56,18.21,16.56,18.21,11756369,210934624.00
2021/04/06,19.50,19.50,18.21,18.75,29806755,563612096.00
2021/04/07,18.96,20.63,18.96,20.63,11301768,227331504.00
2021/04/08,21.20,21.65,18.57,18.57,29049859,566657792.00
2021/04/09,17.64,18.35,17.40,17.60,15562112,277319584.00
2021/04/12,17.72,18.20,17.22,17.92,12295745,217938720.00
2021/04/13,17.50,17.59,16.50,16.89,10610896,180262288.00
2021/04/14,16.90,17.14,16.38,16.95,8926288,149155264.00
2021/04/15,16.80,16.94,16.12,16.13,9377956,153934384.00
2021/04/16,16.10,16.36,16.01,16.12,5991622,96991936.00
2021/04/19,16.15,16.33,15.88,16.17,5627823,90891936.00
2021/04/20,16.18,16.58,16.07,16.30,8394965,137318576.00
2021/04/21,16.18,16.25,15.60,15.88,9195443,145315936.00
2021/04/22,15.97,15.98,15.60,15.68,4602619,72292496.00
2021/04/23,15.70,15.70,15.06,15.15,6841192,104271832.00
2021/04/26,15.00,15.25,14.85,15.14,4087955,61664940.00
2021/04/27,15.09,15.12,14.73,14.96,4219586,62759060.00
2021/04/28,14.91,15.08,14.80,14.98,2912912,43601264.00
2021/04/29,15.05,15.59,15.04,15.34,6764671,104105848.00
2021/04/30,15.33,15.33,14.87,14.96,4142754,62261260.00
2021/05/06,14.86,15.42,14.86,15.41,4720941,71625472.00
2021/05/07,15.43,15.65,15.24,15.54,5548923,85755856.00
2021/05/10,15.51,15.54,15.11,15.49,3606852,55490124.00
2021/05/11,15.50,16.32,15.31,16.21,8031154,125980160.00
2021/05/12,16.10,16.60,15.90,16.01,7067815,114283568.00
2021/05/13,15.76,15.85,15.48,15.51,5312927,83021784.00
2021/05/14,15.51,15.87,15.40,15.53,4676317,73140000.00
2021/05/17,15.46,15.50,15.00,15.07,4267238,64582400.00
2021/05/18,15.12,15.39,14.99,15.25,3244480,49258916.00
2021/05/19,15.13,15.29,15.10,15.14,2665030,40408456.00
2021/05/20,15.12,15.28,14.90,15.21,3671002,55441344.00
2021/05/21,15.19,15.78,15.10,15.75,6927905,107621240.00
2021/05/24,15.82,15.88,15.52,15.63,5108231,80006696.00
2021/05/25,15.57,15.76,15.44,15.63,3613415,56323108.00
2021/05/26,15.58,15.87,15.50,15.71,4341658,68197072.00
2021/05/27,15.71,15.86,15.60,15.76,4302732,67690208.00
2021/05/28,15.78,15.79,15.30,15.36,5012370,75055504.00
2021/05/31,15.36,15.66,15.15,15.42,3791824,56289896.00
2021/06/01,15.41,15.44,15.19,15.31,3494460,51632436.00
2021/06/02,15.31,15.65,15.18,15.64,6194184,92776624.00
2021/06/03,15.63,16.30,15.44,15.93,9343023,143876160.00
2021/06/04,15.65,15.89,15.50,15.61,5330428,80740176.00
2021/06/07,15.45,15.61,15.38,15.43,3194836,47731796.00
2021/06/08,15.40,15.63,15.37,15.55,2981441,44718260.00
2021/06/09,15.55,16.30,15.42,16.16,10463151,161882144.00
2021/06/10,15.98,16.08,15.71,15.76,7454965,114285280.00
2021/06/11,15.78,15.94,15.71,15.89,4699178,72110608.00
2021/06/15,15.71,16.04,15.50,15.59,4209620,64150152.00
2021/06/16,15.46,15.46,15.00,15.04,5291910,77842352.00
2021/06/17,14.94,15.19,14.88,14.99,2922852,42485444.00
2021/06/18,14.90,15.01,14.75,14.95,2982852,42914476.00
2021/06/21,14.91,15.10,14.82,15.03,2480044,35983752.00
2021/06/22,15.16,15.44,15.10,15.28,4179144,61860992.00
2021/06/23,15.23,15.23,14.95,14.99,3786077,55057136.00
2021/06/24,15.05,15.06,14.87,14.88,2535036,36522756.00
2021/06/25,14.89,15.02,14.86,14.94,2208606,31857664.00
2021/06/28,14.95,14.98,14.88,14.97,1960124,28282472.00
2021/06/29,14.95,14.95,14.60,14.66,2963756,42303424.00
2021/06/30,14.70,15.00,14.70,14.80,1915343,27428740.00
2021/07/01,14.72,14.87,14.53,14.55,2462048,34817936.00
2021/07/02,14.54,14.54,14.35,14.37,1886697,26219556.00
2021/07/05,14.40,14.48,14.34,14.43,1425130,19827196.00
2021/07/06,14.43,14.72,14.38,14.67,2207570,31194318.00
2021/07/07,14.58,14.74,14.58,14.66,1252620,17734888.00
2021/07/08,14.61,14.70,14.43,14.43,1609239,22553380.00
2021/07/09,14.42,14.73,14.39,14.62,1559358,21933524.00
2021/07/12,14.65,14.68,14.58,14.60,1401404,19774512.00
2021/07/13,14.65,14.65,14.19,14.53,1849632,25892014.00
2021/07/14,14.54,14.59,14.37,14.37,1767724,24685616.00
2021/07/15,14.43,14.43,14.02,14.17,2234824,30602684.00
2021/07/16,14.17,14.29,14.14,14.18,1665300,22845624.00
2021/07/19,14.19,14.20,14.01,14.04,1794312,24299600.00
2021/07/20,13.97,13.97,13.73,13.80,2032600,27080164.00
2021/07/21,13.81,13.97,13.81,13.92,1691012,22665792.00
2021/07/22,13.94,13.99,13.82,13.89,1572900,21090412.00
2021/07/23,13.85,13.95,13.76,13.78,1726400,23002412.00
2021/07/26,13.78,13.81,13.51,13.58,2029444,26569746.00
2021/07/27,13.58,13.90,13.56,13.67,2541964,33701716.00
2021/07/28,13.64,13.64,13.20,13.31,2353474,30217364.00
2021/07/29,13.30,13.61,13.28,13.41,1350012,17450020.00
2021/07/30,13.51,13.64,13.43,13.50,1331964,17363620.00
2021/08/02,13.60,13.67,13.40,13.66,1642208,21449758.00
2021/08/03,13.66,14.00,13.66,13.82,2483966,33279108.00
2021/08/04,13.76,13.89,13.72,13.79,1642266,21845668.00
2021/08/05,13.80,14.61,13.80,14.16,4835622,66263484.00
2021/08/06,14.05,14.16,13.88,14.03,2666640,36004360.00
2021/08/09,14.04,14.38,14.02,14.35,2903932,39895112.00
2021/08/10,14.23,14.31,14.17,14.28,2001216,27484176.00
2021/08/11,14.31,14.39,14.06,14.14,2350536,32147092.00
2021/08/12,14.05,14.38,13.94,14.17,3683683,50506408.00
2021/08/13,14.31,14.50,14.15,14.34,2955287,40730844.00
2021/08/16,14.33,14.98,14.29,14.85,6587109,93197848.00
2021/08/17,15.14,15.14,14.35,14.37,5006405,70861000.00
2021/08/18,14.27,15.07,14.27,14.77,6301076,89808384.00
2021/08/19,14.76,14.92,14.28,14.51,4126086,57708784.00
2021/08/20,14.46,14.46,13.98,14.10,2927420,39943920.00
2021/08/23,14.40,14.90,14.40,14.85,7099777,101314584.00
2021/08/24,14.99,16.00,14.92,15.79,15656208,236477392.00
2021/08/25,15.58,15.62,15.19,15.43,8334036,124166704.00
2021/08/26,15.47,15.74,15.25,15.43,7100401,106448520.00
2021/08/27,15.51,15.72,15.19,15.26,6752912,100959016.00
2021/08/30,15.21,15.41,15.01,15.10,6031404,88536976.00
2021/08/31,15.06,15.15,14.63,14.90,4512504,64629492.00
2021/09/01,14.87,15.41,14.70,14.99,5140556,74751824.00
2021/09/02,15.04,15.63,14.96,15.41,8113972,120693816.00
2021/09/03,15.34,15.90,15.16,15.55,8946590,134297392.00
2021/09/06,15.48,15.85,15.30,15.78,9012702,136068624.00
2021/09/07,15.98,17.30,15.60,16.56,18198078,287294016.00
2021/09/08,16.30,16.79,16.13,16.40,10830158,172954752.00
2021/09/09,16.70,17.58,16.60,17.16,15145043,251381344.00
2021/09/10,16.88,17.52,16.11,16.16,14949730,241648032.00
2021/09/13,15.99,16.35,15.90,16.24,7729461,121082496.00
2021/09/14,16.47,16.62,15.63,15.78,8433228,130720880.00
2021/09/15,15.60,16.14,15.56,16.07,5855642,90467168.00
2021/09/16,16.13,17.03,16.12,16.42,12481593,201381184.00
2021/09/17,16.06,17.29,15.80,16.86,13673508,219739856.00
2021/09/22,16.45,17.56,16.41,17.55,15914601,263964032.00
2021/09/23,17.57,17.57,16.89,16.91,10774210,179465888.00
2021/09/24,17.18,17.47,16.40,16.54,8539623,139496464.00
2021/09/27,16.74,17.39,16.08,17.00,10760410,175301072.00
2021/09/28,17.33,18.01,17.10,17.94,17508096,300439232.00
2021/09/29,17.23,17.40,16.45,16.63,11237207,183859808.00
2021/09/30,16.59,16.99,16.13,16.99,7417960,119945504.00
2021/10/08,17.30,17.82,17.01,17.22,8433102,141682480.00
2021/10/11,17.01,17.20,15.70,16.23,7338724,116126224.00
2021/10/12,16.20,16.45,15.58,15.80,5191416,80157104.00
2021/10/13,15.82,15.88,15.03,15.27,5035499,74649984.00
2021/10/14,15.30,15.47,15.10,15.40,3212255,47629476.00
2021/10/15,15.40,15.43,15.14,15.30,2821100,41688832.00
2021/10/18,15.12,15.68,15.11,15.64,3671100,55186616.00
2021/10/19,15.30,15.58,15.15,15.48,3979855,59248408.00
2021/10/20,15.33,15.35,14.72,14.80,6145487,88479936.00
2021/10/21,14.69,14.90,14.56,14.71,3507516,49888812.00
2021/10/22,14.71,14.71,14.30,14.30,3656272,50857948.00
2021/10/25,14.29,14.80,14.28,14.66,3404004,48155828.00
2021/10/26,14.77,15.12,14.59,14.94,4348016,62418384.00
2021/10/27,14.81,14.81,14.45,14.50,3110352,43728736.00
2021/10/28,14.33,14.55,13.88,13.89,2981595,40568232.00
2021/10/29,13.90,14.09,13.70,14.07,1507739,20266724.00
2021/11/01,14.18,14.54,14.08,14.37,2167779,29951302.00
2021/11/02,14.37,14.40,13.90,14.07,2429455,33167884.00
2021/11/03,14.13,14.47,14.11,14.35,1670856,23125728.00
2021/11/04,14.38,14.84,14.35,14.68,3145279,44551516.00
2021/11/05,14.69,14.75,14.31,14.59,3167704,44287480.00
2021/11/08,14.73,14.90,14.58,14.83,3380351,48201584.00
2021/11/09,14.70,14.78,14.58,14.69,2095196,29661664.00
2021/11/10,14.61,14.62,14.33,14.48,2088331,29064672.00
2021/11/11,14.50,14.57,14.44,14.47,1951400,27297224.00
2021/11/12,14.49,14.55,14.31,14.39,2180800,30296336.00
2021/11/15,14.38,14.82,14.38,14.70,3538971,50041780.00
2021/11/16,14.71,14.83,14.60,14.78,2826414,40131488.00
2021/11/17,14.78,15.34,14.78,15.30,6702248,98430248.00
2021/11/18,15.10,15.39,15.01,15.15,4054504,59421376.00
2021/11/19,15.30,15.35,15.01,15.23,3692102,54332608.00
2021/11/22,15.37,15.43,15.12,15.26,3401898,50268316.00
2021/11/23,15.25,15.25,15.01,15.02,3348647,48776368.00
2021/11/24,15.08,15.28,14.99,15.13,2807300,41064960.00
2021/11/25,15.21,15.27,15.03,15.07,2502500,36581776.00
2021/11/26,15.04,15.26,14.83,15.09,2613504,38060944.00
2021/11/29,14.77,14.88,14.53,14.72,2415502,34333712.00
2021/11/30,14.76,14.95,14.50,14.59,2707719,38475692.00
2021/12/01,14.55,14.95,14.53,14.94,3076320,43992748.00
2021/12/02,14.94,14.94,14.63,14.63,2218603,31604934.00
2021/12/03,14.66,14.69,14.53,14.65,1778900,25114584.00
2021/12/06,14.65,14.75,14.31,14.34,2990500,41735444.00
2021/12/07,14.36,14.44,14.19,14.34,1936304,26701684.00
2021/12/08,14.33,14.46,14.27,14.44,1623324,22537708.00
2021/12/09,14.38,14.53,14.37,14.49,1983504,27718292.00
2021/12/10,14.46,14.59,14.40,14.45,1380155,19292480.00
2021/12/13,14.50,14.55,14.45,14.52,1483708,20770612.00
2021/12/14,14.53,14.53,14.37,14.44,1963000,27341298.00
2021/12/15,14.43,14.62,14.35,14.56,2813810,39429812.00
2021/12/16,14.62,15.10,14.60,14.93,6121173,88280736.00
2021/12/17,14.87,14.99,14.72,14.77,3334300,47773364.00
2021/12/20,14.90,14.91,14.59,14.69,2510600,35674672.00
2021/12/21,14.58,14.81,14.58,14.79,1946216,27645956.00
2021/12/22,15.02,15.93,15.01,15.36,8987042,133635600.00
2021/12/23,15.18,15.30,14.96,14.99,5598543,81767032.00
2021/12/24,15.05,15.34,14.85,15.11,5052249,74065656.00
2021/12/27,15.09,15.49,14.88,15.44,6176000,91245984.00
2021/12/28,15.48,15.49,15.04,15.20,4768904,70050592.00
2021/12/29,15.14,15.16,14.90,14.99,2999208,43389768.00
2021/12/30,14.94,15.04,14.85,14.92,2504332,36151944.00
2021/12/31,14.91,15.03,14.88,14.95,1958428,28307880.00
2022/01/04,14.96,15.19,14.87,15.18,3418416,49891172.00
2022/01/05,15.20,15.21,14.86,14.96,2643800,38271828.00
2022/01/06,14.95,15.19,14.92,15.15,2666671,38946904.00
2022/01/07,15.13,15.38,14.98,15.20,4459182,65513808.00
2022/01/10,15.24,15.26,14.90,15.18,3103848,45211400.00
2022/01/11,15.14,15.23,15.01,15.03,2026632,29541176.00
2022/01/12,15.09,15.11,15.00,15.04,2181842,31717938.00
2022/01/13,15.08,15.32,15.04,15.15,3602837,52821812.00
2022/01/14,15.11,15.12,14.58,14.59,4322030,61628972.00
2022/01/17,14.59,14.62,14.39,14.50,2417601,33800876.00
2022/01/18,14.61,14.61,14.33,14.40,1970249,27378032.00
2022/01/19,14.52,14.55,14.35,14.43,1365900,19060002.00
2022/01/20,14.45,14.52,14.11,14.15,1977200,27263806.00
2022/01/21,14.21,14.34,14.01,14.26,1506600,20546822.00
2022/01/24,14.30,14.42,14.26,14.29,1138299,15717061.00
2022/01/25,14.27,14.27,13.71,13.73,1891400,25404572.00
2022/01/26,13.73,13.90,13.70,13.79,862300,11444977.00
2022/01/27,13.84,13.85,13.45,13.49,1165904,15260053.00
2022/01/28,13.61,13.80,13.43,13.64,989616,12962928.00
2022/02/07,13.50,14.00,13.40,13.87,2498116,33340024.00
2022/02/08,13.82,14.31,13.78,14.20,2796120,37993576.00
2022/02/09,14.11,14.23,14.06,14.17,1295012,17685576.00
2022/02/10,14.15,14.28,14.11,14.20,1444690,19752732.00
2022/02/11,14.13,14.18,13.83,13.89,1837964,24787932.00
2022/02/14,13.95,14.07,13.74,13.81,1510000,20179348.00
2022/02/15,13.99,14.00,13.76,13.85,1148700,15321186.00
2022/02/16,13.89,14.04,13.83,14.00,1528904,20559566.00
2022/02/17,13.98,14.19,13.90,14.05,2063200,27974556.00
2022/02/18,14.12,14.12,13.94,14.10,1012700,13692406.00
2022/02/21,14.11,14.24,14.07,14.18,1334800,18239384.00
2022/02/22,14.20,14.64,14.05,14.45,5052170,70281560.00
2022/02/23,14.33,14.38,14.20,14.33,2503900,34507884.00
2022/02/24,14.65,14.97,14.40,14.64,7952470,112922840.00
2022/02/25,14.48,14.65,14.17,14.45,4076068,56753676.00
2022/02/28,14.55,14.78,14.33,14.44,3021102,42386848.00
2022/03/01,14.49,14.49,14.28,14.47,2985532,41535700.00
2022/03/02,14.64,15.56,14.63,14.66,4999292,71257008.00
2022/03/03,14.75,14.99,14.63,14.88,6305890,90396360.00
2022/03/04,14.86,14.86,14.30,14.39,4428948,61871060.00
2022/03/07,14.49,14.57,14.18,14.18,2410600,33363988.00
2022/03/08,14.16,14.23,13.50,13.55,3135100,41480456.00
2022/03/09,13.56,13.70,12.93,13.28,2913212,37551788.00
2022/03/10,13.52,13.63,13.28,13.32,2837300,36720884.00
2022/03/11,13.23,13.48,12.93,13.43,2143532,27333358.00
2022/03/14,13.43,13.43,13.08,13.09,1613200,20558798.00
2022/03/15,13.15,13.19,12.50,12.51,2713598,33197884.00
2022/03/16,12.51,12.71,12.10,12.62,2885634,34398880.00
2022/03/17,12.67,12.81,12.61,12.70,2204512,26882712.00
2022/03/18,12.70,12.81,12.62,12.79,1443300,17679886.00
2022/03/21,12.75,12.99,12.75,12.90,1769724,21903300.00
2022/03/22,12.82,13.15,12.82,13.13,1663186,20745072.00
2022/03/23,13.38,13.38,12.94,13.02,2411612,30408710.00
2022/03/24,12.99,13.47,12.93,13.08,3163556,40191512.00
2022/03/25,13.03,13.19,12.90,13.02,1939356,24345708.00
2022/03/28,13.00,13.07,12.79,12.96,1549400,19235138.00
2022/03/29,13.00,13.04,12.77,12.81,1180598,14571202.00
2022/03/30,12.76,12.88,12.74,12.81,1448998,17839310.00
2022/03/31,13.95,13.97,13.44,13.48,8136344,106663888.00
2022/04/01,13.38,13.58,13.26,13.57,3714125,48254332.00
2022/04/06,13.55,13.76,13.50,13.70,2800800,36963148.00
2022/04/07,13.67,13.71,13.53,13.59,2388997,31348308.00
2022/04/08,13.66,13.73,13.34,13.42,1917644,24822982.00
2022/04/11,13.39,13.70,13.23,13.25,2656504,34415008.00
2022/04/12,13.25,13.52,13.11,13.50,1803612,23145900.00
2022/04/13,13.49,13.64,13.45,13.45,2292412,29914264.00
2022/04/14,13.46,13.59,13.46,13.55,1685678,21955824.00
2022/04/15,13.54,13.81,13.50,13.64,3287436,43317924.00
2022/04/18,13.60,13.83,13.20,13.80,3356816,44160288.00
2022/04/19,13.84,14.10,13.80,14.01,3943812,53050312.00
2022/04/20,14.02,14.10,13.82,13.87,4072100,54831668.00
2022/04/21,14.17,14.20,13.66,13.72,3316212,44331156.00
2022/04/22,13.72,14.18,13.50,14.05,4457700,60065400.00
2022/04/25,13.90,14.10,13.33,13.33,4018916,53395760.00
2022/04/26,13.50,13.79,13.18,13.31,2804311,36259516.00
2022/04/27,13.08,13.27,12.32,13.18,3552000,42131536.00
2022/04/28,13.07,13.52,13.00,13.27,3604907,44197140.00
2022/04/29,13.40,13.92,13.31,13.74,4914712,62679072.00
2022/05/05,13.87,14.12,13.73,13.99,4660466,60495344.00
2022/05/06,13.91,14.11,13.64,13.99,2781600,36040104.00
2022/05/09,13.94,14.13,13.71,14.11,2790596,36397400.00
2022/05/10,14.01,14.19,13.84,14.18,3362803,43943968.00
2022/05/11,14.28,14.35,14.10,14.14,3283800,43457428.00
2022/05/12,14.15,14.33,14.05,14.22,2821712,37302272.00
2022/05/13,14.30,14.33,14.09,14.13,1590108,20942664.00
2022/05/16,14.26,14.31,14.01,14.04,1557616,20388544.00
2022/05/17,14.10,14.16,13.79,13.85,1905000,24531376.00
2022/05/18,13.85,14.05,13.83,13.87,1752600,22659988.00
2022/05/19,13.74,13.83,13.67,13.75,1639705,20885800.00
2022/05/20,13.78,14.04,13.78,14.02,2946205,38205632.00
2022/05/23,14.08,14.24,14.03,14.19,2874700,37780868.00
2022/05/24,14.30,14.46,13.68,13.68,4199800,54986716.00
2022/05/25,13.66,14.12,13.61,14.04,3407604,44169400.00
2022/05/26,14.10,14.36,13.96,14.33,3795025,50236708.00
2022/05/30,14.38,14.46,13.85,13.98,5226212,68165320.00
2022/05/31,14.00,14.25,13.95,14.20,3733000,48958284.00
2022/06/01,14.18,14.22,13.96,14.15,3009800,39394900.00
2022/06/02,14.16,14.16,13.89,14.08,1980800,25764472.00
2022/06/06,14.06,14.20,14.00,14.17,2767012,36339432.00
2022/06/07,14.16,14.43,14.11,14.28,3926800,52080192.00
2022/06/08,14.38,14.66,14.25,14.44,6070401,81501312.00
2022/06/09,14.45,14.75,14.40,14.68,6885917,93854304.00
2022/06/10,14.59,14.97,14.50,14.85,5535304,76482288.00
2022/06/13,14.78,14.82,14.47,14.59,4435806,60445320.00
2022/06/14,14.58,14.84,14.38,14.79,4981908,68031312.00
2022/06/15,14.83,14.90,14.60,14.60,3666400,50195376.00
2022/06/16,14.70,14.70,14.26,14.34,3435000,46018208.00
2022/06/17,14.26,14.28,14.00,14.22,2431720,32013232.00
2022/06/20,14.20,14.25,14.07,14.10,2321100,30469828.00
2022/06/21,14.15,14.18,13.84,14.04,2575400,33472622.00
2022/06/22,14.02,14.04,13.79,13.80,2313830,29783552.00
2022/06/23,13.80,13.80,13.57,13.75,2904500,36820460.00
2022/06/24,13.73,13.84,13.66,13.79,1983000,25309288.00
2022/06/27,13.85,13.89,13.74,13.80,2150700,27564520.00
2022/06/28,13.80,13.96,13.75,13.85,2456912,31669744.00
2022/06/29,13.85,13.89,13.67,13.69,2436540,31069098.00
2022/06/30,13.69,13.80,13.59,13.60,2390004,30219132.00
2022/07/01,13.64,13.67,13.56,13.63,1632700,20578090.00
2022/07/04,13.66,13.89,13.62,13.89,3252800,41584752.00
2022/07/05,13.89,13.96,13.72,13.86,2882400,37038304.00
2022/07/06,13.78,13.86,13.43,13.51,2977200,37466204.00
2022/07/07,13.79,14.25,13.72,14.02,8862904,115640816.00
2022/07/08,14.03,14.17,13.80,13.84,5073829,65402552.00
2022/07/11,13.85,13.90,13.55,13.66,3218612,40824824.00
2022/07/12,13.65,13.91,13.53,13.69,3940700,50052664.00
2022/07/13,13.61,13.75,13.60,13.69,2035600,25773772.00
2022/07/14,13.66,13.80,13.56,13.72,2505155,31760884.00
2022/07/15,13.71,13.72,13.50,13.51,2286300,28727958.00
2022/07/18,13.50,13.74,13.49,13.72,2693707,34109768.00
2022/07/19,13.72,14.20,13.72,13.94,4858923,62989908.00
2022/07/20,13.94,13.97,13.85,13.95,2210706,28518894.00
2022/07/21,13.99,14.05,13.85,13.96,3492900,45232552.00
2022/07/22,13.90,14.10,13.90,14.00,3099000,40297232.00
2022/07/25,14.11,14.11,13.86,13.92,2441100,31709984.00
2022/07/26,13.94,14.03,13.71,14.02,3025907,39025436.00
2022/07/27,13.97,14.55,13.95,14.43,8888007,119056224.00
2022/07/28,14.41,14.60,14.36,14.53,7327000,98981944.00
2022/07/29,14.50,14.70,14.40,14.40,4576807,61897628.00
2022/08/01,14.41,14.57,14.29,14.36,3136907,42011676.00
2022/08/02,14.25,14.33,13.68,13.81,4765735,61506620.00
2022/08/03,13.79,14.00,13.57,13.60,3201612,40984968.00
2022/08/04,13.65,13.75,13.50,13.73,2511900,31748762.00
2022/08/05,13.72,13.86,13.59,13.84,2900300,36872148.00
2022/08/08,13.72,13.84,13.62,13.82,2317638,29617112.00
2022/08/09,13.85,14.26,13.78,14.10,5013407,65492908.00
2022/08/10,14.00,14.16,13.96,14.13,3619500,47241376.00
2022/08/11,14.21,14.45,14.14,14.35,4319804,57601228.00
2022/08/12,14.30,14.65,14.28,14.46,4818132,65195884.00
2022/08/15,14.50,14.60,14.35,14.46,2876159,38625660.00
2022/08/16,14.49,14.60,14.31,14.39,2412512,32306604.00
2022/08/17,14.44,14.56,14.26,14.37,2304200,30786186.00
2022/08/18,14.37,14.77,14.32,14.47,4660900,62940504.00
2022/08/19,14.45,14.68,14.36,14.60,4549100,61712188.00
2022/08/22,14.63,14.86,14.50,14.81,6177600,84805152.00
2022/08/23,14.84,15.35,14.80,15.19,10935600,153964192.00
2022/08/24,15.02,15.19,14.73,14.77,8602367,119673960.00
2022/08/25,14.90,15.30,14.86,15.20,12258900,172783488.00
2022/08/26,15.14,15.14,14.50,14.79,9767100,135106784.00
2022/08/29,14.55,15.03,14.45,14.99,7636512,106203648.00
2022/08/30,14.88,15.00,14.49,14.59,5678778,77512056.00
2022/08/31,14.55,14.55,13.89,13.96,6475565,84686184.00
2022/09/01,13.89,14.11,13.84,13.88,4023609,52155568.00
2022/09/02,13.97,14.05,13.80,13.92,3355000,43288920.00
2022/09/05,14.00,14.95,13.99,14.83,12722279,173856576.00
2022/09/06,14.79,14.89,14.52,14.87,7254100,99528848.00
2022/09/07,14.76,14.90,14.58,14.73,4690200,64293472.00
2022/09/08,14.54,14.85,14.29,14.30,4577400,61569992.00
2022/09/09,14.47,14.60,14.21,14.26,3268300,43525384.00
2022/09/13,14.27,14.38,14.04,14.08,4351800,57218984.00
2022/09/14,13.90,14.36,13.81,14.12,5906500,77532136.00
2022/09/15,14.18,14.32,13.61,13.79,6993700,90304888.00
2022/09/16,13.70,13.70,13.26,13.30,5526900,68684120.00
2022/09/19,13.25,13.35,13.00,13.13,3385800,41041112.00
2022/09/20,13.15,13.37,13.15,13.29,2886947,35436984.00
2022/09/21,13.23,13.58,13.15,13.50,3418647,42407328.00
2022/09/22,13.38,13.53,13.34,13.42,2777004,34539952.00
2022/09/23,13.46,13.53,13.18,13.31,2803504,34650240.00
2022/09/26,13.21,13.22,12.77,12.83,3146404,37700984.00
2022/09/27,12.90,13.12,12.84,13.11,2540947,30511128.00
2022/09/28,13.49,13.67,13.07,13.13,4993708,61623728.00
2022/09/29,13.14,13.61,13.05,13.18,4340024,53268168.00
2022/09/30,13.08,13.16,12.92,13.00,2910113,35049712.00
2022/10/10,13.13,13.38,13.01,13.09,4303440,52527640.00
2022/10/11,13.46,13.62,13.13,13.50,8365851,103674672.00
2022/10/12,13.50,13.60,13.27,13.58,6852251,85333168.00
2022/10/13,13.45,13.65,13.28,13.62,6449900,80367776.00
2022/10/14,13.62,13.72,13.50,13.67,5985423,75725280.00
2022/10/17,13.52,13.66,13.36,13.60,4621304,57891344.00
2022/10/18,13.51,13.69,13.51,13.61,4021600,50800552.00
2022/10/19,13.56,13.56,13.38,13.38,3615500,45072128.00
2022/10/20,13.35,13.46,13.27,13.33,2801641,34667096.00
2022/10/21,13.33,13.39,13.26,13.34,2243700,27652504.00
2022/10/24,13.60,14.57,13.57,14.57,22401678,301115776.00
2022/10/25,14.78,15.16,14.29,14.45,26823282,369346912.00
2022/10/26,14.44,14.78,14.26,14.48,13169816,177439280.00
2022/10/27,14.53,14.65,14.29,14.54,9307600,125467728.00
2022/10/28,14.37,14.48,14.15,14.29,6599296,87859056.00
2022/10/31,14.24,14.24,13.76,13.95,7612150,98254200.00
2022/11/01,13.89,14.15,13.85,14.04,7467934,97050992.00
2022/11/02,13.98,14.10,13.88,14.10,6101812,79488232.00
2022/11/03,14.03,14.14,13.83,13.96,4927500,63908032.00
2022/11/04,13.90,14.15,13.82,14.15,6614972,86200688.00
2022/11/07,14.21,14.27,14.09,14.24,7030488,92801048.00
2022/11/08,14.19,14.24,14.05,14.19,4590216,60336644.00
2022/11/09,14.12,14.20,14.06,14.19,3903500,51243676.00
2022/11/10,14.09,14.11,13.93,13.97,4281450,55606360.00
2022/11/11,14.11,14.23,14.05,14.16,5299484,69515416.00
2022/11/14,14.22,14.27,13.86,13.94,4980166,65008968.00
2022/11/15,13.90,14.06,13.87,14.06,2968400,38535832.00
2022/11/16,14.11,14.26,14.01,14.23,6354997,83688960.00
2022/11/17,14.13,14.16,14.01,14.13,3709528,48516616.00
2022/11/18,14.05,14.15,14.03,14.04,3224228,42162984.00
2022/11/21,13.86,13.93,13.72,13.83,4210628,53932564.00
2022/11/22,13.78,13.93,13.63,13.66,3664000,46936748.00
2022/11/23,13.67,13.82,13.53,13.78,3444028,43758344.00
2022/11/24,13.86,13.90,13.77,13.82,2227736,28576200.00
2022/11/25,13.78,13.92,13.69,13.88,2828077,36297552.00
2022/11/28,13.69,13.92,13.69,13.92,2329874,29892144.00
2022/11/29,13.90,14.09,13.85,14.09,4116200,53538324.00
2022/11/30,14.11,14.74,14.09,14.69,16057852,217432320.00
2022/12/01,14.81,14.81,14.40,14.55,8816636,119198320.00
2022/12/02,14.54,14.54,14.35,14.42,4978700,66759868.00
2022/12/05,14.45,14.58,14.35,14.53,4206100,56719384.00
2022/12/06,14.48,14.58,14.37,14.50,4183616,56262196.00
2022/12/07,14.40,14.52,14.32,14.52,3051724,40970880.00
2022/12/08,14.48,14.65,14.43,14.58,4189012,56799312.00
2022/12/09,14.60,14.70,14.45,14.48,2567512,34693664.00
2022/12/12,14.57,14.66,14.36,14.37,2666457,35971428.00
2022/12/13,14.30,14.50,14.29,14.37,2271197,30409150.00
2022/12/14,14.39,14.48,14.31,14.34,2019400,26990524.00
2022/12/15,14.34,14.39,14.18,14.26,1765700,23393446.00
2022/12/16,14.26,14.29,14.08,14.11,2076628,27341852.00
2022/12/19,14.12,14.14,13.62,13.70,4386000,56428480.00
2022/12/20,13.65,13.76,13.61,13.69,1451400,18414230.00
2022/12/21,13.69,13.78,13.45,13.50,1565300,19696302.00
2022/12/22,13.59,13.66,13.27,13.32,1494900,18582572.00
2022/12/23,13.39,13.40,13.13,13.28,1389000,17052108.00
2022/12/26,13.30,13.43,13.24,13.41,1230700,15199144.00
2022/12/27,13.45,13.49,13.38,13.49,1420300,17653332.00
2022/12/28,13.42,13.48,13.29,13.35,1338100,16566055.00
2022/12/29,13.28,13.36,13.23,13.28,900741,11066328.00
2022/12/30,13.30,13.39,13.27,13.35,1111600,13706162.00
2023/01/03,13.35,13.55,13.31,13.52,2255700,28150206.00
2023/01/04,13.52,13.53,13.45,13.51,1425600,17805554.00
2023/01/05,13.53,13.64,13.46,13.64,2066100,25954296.00
2023/01/06,13.59,13.71,13.57,13.59,1794184,22640008.00
2023/01/09,13.59,13.66,13.56,13.60,1658816,20924072.00
2023/01/10,13.56,13.67,13.50,13.62,1887700,23764586.00
2023/01/11,13.63,13.70,13.56,13.66,1964600,24852532.00
2023/01/12,13.65,13.69,13.48,13.50,1649600,20715324.00
2023/01/13,13.55,13.59,13.46,13.56,1061200,13273381.00
2023/01/16,13.56,13.68,13.56,13.65,1762500,22269120.00
2023/01/17,13.73,13.73,13.56,13.60,1098200,13863583.00
2023/01/18,13.58,13.65,13.56,13.61,1607428,20264028.00
2023/01/19,13.63,13.69,13.60,13.68,1714700,21691720.00
2023/01/20,13.69,13.81,13.66,13.79,1702300,21689864.00
2023/01/30,13.84,13.89,13.75,13.80,2590800,33217060.00
2023/01/31,13.76,13.83,13.73,13.83,1796292,22998380.00
2023/02/01,13.83,13.99,13.80,13.97,2795612,36035260.00
2023/02/02,13.99,14.07,13.90,13.96,1885500,24431856.00
2023/02/03,13.95,13.95,13.72,13.82,3036500,38875496.00
2023/02/06,13.82,13.86,13.76,13.79,1762700,22580068.00
2023/02/07,13.82,13.87,13.77,13.86,1935481,24838580.00
2023/02/08,13.89,13.90,13.78,13.78,1496569,19202338.00
2023/02/09,13.79,13.88,13.74,13.88,1488800,19087928.00
2023/02/10,13.88,13.95,13.84,13.94,2241600,28878310.00
2023/02/13,13.94,13.99,13.82,13.94,2391900,30858472.00
2023/02/14,13.95,14.07,13.92,14.03,2776700,36109344.00
2023/02/15,14.05,14.09,13.96,14.07,2579700,33600144.00
2023/02/16,14.10,14.10,13.66,13.74,3426800,44310964.00
2023/02/17,13.74,14.05,13.74,13.83,2732700,35190348.00
2023/02/20,13.83,13.94,13.77,13.91,2198185,28241784.00
2023/02/21,13.93,14.02,13.87,13.98,2161900,28001382.00
2023/02/22,13.95,14.05,13.91,14.04,2053100,26679688.00
2023/02/23,14.07,14.09,13.97,13.99,1963222,25577026.00
2023/02/24,14.03,14.05,13.93,14.04,1490052,19369722.00
2023/02/27,14.02,14.08,13.94,13.97,2097468,27299260.00
2023/02/28,13.96,14.03,13.91,14.01,1396300,18114612.00
2023/03/01,14.03,14.04,13.98,13.99,1656300,21545894.00
2023/03/02,14.03,14.09,13.90,14.01,2183645,28456908.00
2023/03/03,14.01,14.03,13.93,13.99,1615681,20959072.00
2023/03/06,13.99,14.03,13.97,13.97,1305100,16963184.00
2023/03/07,13.99,14.10,13.90,13.91,2457900,31974712.00
2023/03/08,13.90,13.91,13.78,13.85,1569712,20148772.00
2023/03/09,13.86,13.92,13.83,13.90,1068800,13757122.00
2023/03/10,13.83,13.90,13.71,13.71,1507500,19248502.00
2023/03/13,13.68,13.83,13.60,13.82,1844884,23484920.00
2023/03/14,13.77,13.82,13.55,13.60,2010900,25447704.00
2023/03/15,13.61,13.84,13.61,13.84,1487698,18996800.00
2023/03/16,13.76,13.83,13.64,13.70,1118800,14241927.00
2023/03/17,13.71,13.77,13.67,13.70,988302,12570916.00
2023/03/20,13.70,13.73,13.63,13.65,1029214,13032364.00
2023/03/21,13.70,13.75,13.65,13.75,955000,12136921.00
2023/03/22,13.76,13.85,13.72,13.84,1217800,15587427.00
2023/03/23,13.86,13.87,13.78,13.85,1192100,15292046.00
2023/03/24,13.90,13.94,13.80,13.86,1460668,18791838.00
2023/03/27,13.87,13.90,13.69,13.88,2194500,28116544.00
2023/03/28,14.59,14.76,14.35,14.41,14170898,191957296.00
2023/03/29,14.41,14.99,14.40,14.45,7230659,98320240.00
2023/03/30,14.55,14.78,14.51,14.60,5414900,73772984.00
2023/03/31,14.69,14.79,14.53,14.64,5368882,73333296.00
2023/04/03,14.72,14.85,14.61,14.73,5021082,68819704.00
2023/04/04,14.68,14.85,14.58,14.62,5949985,81428336.00
2023/04/06,14.68,14.71,14.52,14.55,2939959,39908696.00
2023/04/07,14.60,14.60,14.47,14.54,2200432,29737548.00
2023/04/10,14.54,14.54,14.47,14.48,1862200,25136142.00
2023/04/11,14.48,14.50,14.23,14.36,3065400,40921456.00
2023/04/12,14.36,14.55,14.36,14.49,2913200,39252324.00
2023/04/13,14.51,14.60,14.45,14.50,2004800,27093290.00
2023/04/14,14.50,14.63,14.43,14.59,2942400,39819124.00
2023/04/17,14.63,14.78,14.59,14.78,3706343,50823404.00
2023/04/18,14.79,14.84,14.69,14.76,2671000,36782112.00
2023/04/19,14.76,15.02,14.74,14.89,4866280,67621216.00
2023/04/20,14.90,14.98,14.75,14.88,3378900,46765632.00
2023/04/21,14.89,14.94,14.71,14.71,3433700,47459792.00
2023/04/24,14.71,14.84,14.68,14.77,2521000,34709784.00
2023/04/25,14.73,14.99,14.66,14.85,4757200,65784656.00
2023/04/26,14.95,15.18,14.81,14.93,5548300,77485648.00
2023/04/27,14.99,15.07,14.86,14.94,4374907,61012936.00
2023/04/28,14.96,14.96,14.73,14.83,4140504,57165880.00
2023/05/04,14.82,15.00,14.72,14.90,7085100,98374344.00
2023/05/05,14.88,14.96,14.40,14.49,9495570,85291264.00
2023/05/08,14.52,14.99,14.47,14.74,8929540,81289152.00
2023/05/09,14.73,15.02,14.57,14.73,9100228,83250208.00
2023/05/10,14.67,14.81,14.60,14.66,5092486,46194464.00
2023/05/11,14.68,15.09,14.61,14.99,6451800,59555432.00
2023/05/12,15.03,15.24,14.91,15.22,5777294,53944740.00
2023/05/15,15.30,15.71,14.98,15.65,11567340,110226040.00
2023/05/16,15.61,15.64,15.17,15.23,9794536,93773632.00
2023/05/17,15.17,15.30,14.95,15.27,4687406,44000592.00
2023/05/18,15.20,15.64,15.16,15.55,6613460,63516388.00
2023/05/19,15.45,15.62,15.37,15.38,3828820,36912596.00
2023/05/22,15.38,15.76,15.38,15.66,8119580,78996456.00
2023/05/23,15.66,15.78,15.30,15.31,4769197,45967892.00
2023/05/24,15.31,15.55,15.20,15.33,4075340,38921696.00
2023/05/25,15.30,15.62,15.29,15.51,6344405,60985548.00
2023/05/26,15.57,15.62,15.30,15.55,5148740,49633044.00
2023/05/29,15.54,15.82,15.50,15.55,5532186,53784908.00
2023/05/30,15.55,15.68,15.29,15.44,6680145,64030428.00
2023/05/31,15.44,15.44,15.01,15.12,7527460,70478680.00
2023/06/01,15.09,15.23,14.88,15.20,5243681,49072484.00
2023/06/02,15.37,15.38,15.03,15.12,4012580,37664960.00
2023/06/05,15.09,15.26,15.05,15.13,3045100,28575456.00
2023/06/06,15.13,15.16,14.85,14.91,3930358,36487420.00
2023/06/07,14.89,14.98,14.84,14.91,2025980,18676170.00
2023/06/08,14.87,14.95,14.80,14.82,2327620,21381136.00
2023/06/09,14.84,14.99,14.81,14.96,2233770,20608088.00
2023/06/12,14.91,15.08,14.82,14.98,3081904,28530824.00
2023/06/13,14.96,14.99,14.87,14.88,2192180,20218066.00
2023/06/14,14.88,15.02,14.82,14.95,2650340,24453186.00
2023/06/15,14.95,15.06,14.88,15.06,2403860,22274484.00
2023/06/16,15.05,15.65,15.05,15.37,7637881,73170160.00
2023/06/19,15.34,15.43,15.13,15.20,3981360,37641660.00
2023/06/20,15.15,15.16,14.95,15.01,2757520,25645092.00
2023/06/21,15.02,15.15,14.91,15.10,3088280,28828904.00
2023/06/26,15.10,15.50,14.91,15.29,8948495,84781392.00
2023/06/27,15.29,15.38,15.10,15.30,4199787,39847008.00
2023/06/28,15.31,15.55,15.27,15.48,5699617,54799208.00
2023/06/29,15.48,15.55,15.38,15.44,2822385,27113254.00
2023/06/30,15.43,15.57,15.37,15.40,4685814,45072484.00
2023/07/03,15.37,15.54,15.30,15.48,4177820,40010352.00
2023/07/04,15.43,15.73,15.41,15.62,6271820,60995932.00
2023/07/05,15.62,16.11,15.54,15.78,11413620,113350088.00
2023/07/06,15.90,15.96,15.50,15.76,10117120,99129656.00
2023/07/07,15.80,15.94,15.64,15.89,4887800,48260840.00
2023/07/10,15.94,16.03,15.73,15.85,3078920,30428254.00
2023/07/11,15.83,15.99,15.76,15.87,2894860,28668944.00
2023/07/12,15.87,16.13,15.85,15.90,10108060,100682040.00
2023/07/13,15.92,16.27,15.86,16.10,4934860,49642184.00
2023/07/14,16.10,16.14,15.96,16.00,2891620,28984200.00
2023/07/17,15.94,16.27,15.93,16.21,8654540,86991760.00
2023/07/18,16.21,16.42,16.10,16.39,7821680,79864136.00
2023/07/19,16.41,16.55,16.00,16.10,6652580,67360120.00
2023/07/20,16.08,16.14,15.86,15.89,4648840,46229376.00
2023/07/21,15.87,16.03,15.76,15.93,3771800,37369048.00
2023/07/24,15.93,16.22,15.76,16.14,4577960,46108040.00
2023/07/25,16.18,16.24,15.93,16.03,3809920,38117480.00
2023/07/26,15.97,16.14,15.94,16.14,2940400,29534810.00
2023/07/27,16.17,16.18,15.97,16.03,2379720,23897452.00
2023/07/28,15.96,16.08,15.90,16.04,2744940,27459812.00
2023/07/31,16.08,16.32,15.94,16.03,4270720,42805008.00
2023/08/01,15.99,16.08,15.93,16.03,2984944,29867680.00
2023/08/02,16.04,16.28,15.86,15.89,3329617,33221570.00
2023/08/03,15.94,15.99,15.82,15.86,2404260,23840604.00
2023/08/04,15.86,15.97,15.83,15.89,2718525,27008296.00
2023/08/07,15.93,15.94,15.58,15.69,3604380,35372252.00
2023/08/08,15.75,16.07,15.66,15.97,4480480,44577648.00
2023/08/09,15.96,15.97,15.83,15.86,1642986,16300505.00
2023/08/10,15.92,16.36,15.92,16.24,10931408,110639656.00
2023/08/11,16.41,16.41,15.44,15.55,20167437,198570624.00
2023/08/14,15.51,15.76,15.31,15.71,12379604,119965344.00
2023/08/15,15.09,15.57,15.09,15.38,11167631,106199648.00
2023/08/16,15.30,15.44,15.27,15.27,3569068,34012160.00
2023/08/17,15.23,15.30,15.09,15.27,3957490,37339824.00
2023/08/18,15.19,15.54,15.19,15.34,4693296,44968356.00
2023/08/21,15.34,16.06,15.34,15.92,12963322,128378016.00
2023/08/22,15.87,16.11,15.72,15.92,6868276,68328064.00
2023/08/23,16.00,16.08,15.82,15.92,4754083,47452956.00
2023/08/24,15.92,16.06,15.79,15.82,3901836,38744672.00
2023/08/25,15.66,16.13,15.66,15.94,4993076,49867144.00
2023/08/28,16.14,16.36,15.89,15.93,6519680,65547848.00
2023/08/29,15.94,16.07,15.87,15.92,4310260,42929416.00
2023/08/30,15.86,15.96,15.62,15.65,4523520,44435304.00
2023/08/31,15.65,15.72,15.41,15.51,3841076,37055508.00
2023/09/01,15.55,15.55,15.37,15.47,3571223,34315680.00
2023/09/04,15.52,15.64,15.40,15.61,3375090,32665024.00
2023/09/05,15.61,15.65,15.45,15.59,2494580,24122814.00
2023/09/06,15.59,15.62,15.47,15.57,1981820,19172252.00
2023/09/07,15.57,15.65,15.45,15.64,4192690,40646764.00
2023/09/08,15.69,16.38,15.57,16.22,17533493,175735184.00
2023/09/11,16.20,16.42,16.13,16.41,11660946,119165328.00
2023/09/12,16.32,16.81,16.32,16.49,7673649,79894536.00
2023/09/13,16.55,16.71,16.43,16.52,4877760,50665604.00
2023/09/14,16.57,16.77,16.56,16.63,4221400,44196472.00
2023/09/15,16.66,16.74,16.27,16.34,5508908,56756212.00
2023/09/18,16.35,16.39,16.06,16.21,4044280,40873896.00
2023/09/19,16.24,16.64,16.17,16.41,5377980,55502656.00
2023/09/20,16.43,16.55,16.32,16.35,3326780,34344180.00
2023/09/21,16.38,16.49,16.27,16.29,2343304,24005146.00
2023/09/22,16.28,16.43,16.21,16.36,2690980,27530808.00
2023/09/25,16.42,16.49,16.22,16.27,2773840,28447124.00
2023/09/26,16.32,16.32,16.17,16.18,2374380,24122974.00
2023/09/27,16.18,16.25,16.10,16.11,2133820,21583176.00
2023/09/28,16.18,16.53,16.17,16.35,3259980,33454148.00
2023/10/09,16.31,16.45,16.27,16.43,3269760,33522720.00
2023/10/10,16.42,16.50,16.25,16.28,2890320,29639466.00
2023/10/11,16.32,16.32,16.04,16.13,3254022,32883376.00
2023/10/12,16.13,16.21,16.06,16.10,1929000,19448032.00
2023/10/13,16.10,16.11,15.86,15.90,3651160,36390056.00
2023/10/16,15.89,16.25,15.82,16.10,6064200,61099876.00
2023/10/17,16.08,16.13,15.87,16.10,3211360,32172600.00
2023/10/18,16.07,16.07,15.71,15.73,4998940,49400772.00
2023/10/19,15.76,15.78,15.54,15.65,2825560,27549424.00
2023/10/20,15.54,15.73,15.52,15.59,1671640,16277658.00
2023/10/23,15.61,15.66,15.26,15.36,2686040,25763248.00
2023/10/24,15.34,15.72,15.31,15.69,2820200,27312926.00
2023/10/25,15.72,15.79,15.64,15.68,1656110,16196692.00
2023/10/26,15.68,15.80,15.55,15.79,1587080,15537610.00
2023/10/27,15.79,16.07,15.75,16.00,2198350,21943030.00
2023/10/30,15.96,16.10,15.89,16.03,3785860,37919948.00
2023/10/31,16.00,16.10,15.86,15.94,2035300,20283156.00
2023/11/01,15.89,15.99,15.47,15.54,5429080,52912852.00
2023/11/02,15.54,15.65,15.48,15.52,3034260,29366592.00
2023/11/03,15.51,15.65,15.48,15.59,2003210,19439564.00
2023/11/06,15.59,15.64,15.47,15.58,4070967,39364852.00
2023/11/07,15.55,15.57,15.24,15.36,7128622,68028464.00
2023/11/08,15.33,15.33,15.23,15.29,4120360,39036720.00
2023/11/09,15.27,15.51,15.17,15.44,6871680,65617888.00
2023/11/10,15.44,16.32,15.26,16.20,21193766,212293696.00
2023/11/13,16.21,16.27,15.85,16.27,10441960,105280536.00
2023/11/14,16.21,16.38,16.00,16.32,8065400,81739752.00
2023/11/15,16.32,16.53,16.18,16.41,8162150,83816608.00
2023/11/16,16.39,16.49,16.28,16.39,3985380,40877248.00
2023/11/17,16.49,16.50,16.14,16.21,7538360,76564616.00
2023/11/20,16.20,16.28,16.07,16.27,4718658,47852316.00
2023/11/21,16.27,16.35,16.11,16.18,4872900,49488464.00
2023/11/22,16.14,16.32,16.13,16.22,3317560,33691376.00
2023/11/23,16.21,16.34,16.17,16.27,3134298,31929752.00
2023/11/24,16.27,16.38,16.21,16.34,4323280,44165288.00
2023/11/27,16.39,16.46,16.21,16.43,4252340,43583596.00
2023/11/28,16.45,16.78,16.34,16.64,8992700,93899224.00
2023/11/29,16.64,16.76,16.45,16.55,5134420,53468364.00
2023/11/30,16.56,17.09,16.56,17.06,13868141,147100592.00
2023/12/01,16.98,17.61,16.98,17.53,21297144,234387136.00
2023/12/04,17.60,17.79,17.33,17.39,11247765,124851312.00
2023/12/05,17.37,17.44,17.12,17.20,7175640,78259872.00
2023/12/06,17.33,17.40,17.18,17.33,4576980,50001224.00
2023/12/07,17.39,17.62,17.19,17.57,6953840,76869272.00
2023/12/08,17.55,18.21,17.53,17.82,15068100,171206240.00
2023/12/11,17.74,18.07,17.55,17.96,7682279,87221192.00
2023/12/12,17.93,18.10,17.68,18.06,8155085,92691824.00
2023/12/13,18.02,18.17,17.93,17.97,3633100,41613920.00
2023/12/14,17.90,18.02,17.67,17.78,6185541,69808096.00
2023/12/15,17.78,17.93,17.48,17.61,5880480,65570460.00
2023/12/18,17.54,17.82,17.43,17.62,6398110,71534200.00
2023/12/19,17.78,17.79,17.48,17.67,3267280,36467780.00
2023/12/20,17.69,17.88,17.54,17.54,5454240,61296388.00
2023/12/21,17.64,17.64,17.30,17.53,4113496,45407524.00
2023/12/22,17.53,17.62,17.12,17.37,4360600,47937292.00
2023/12/25,17.26,17.30,16.94,17.12,5899938,63435432.00
2023/12/26,17.15,17.33,16.91,17.13,4413686,47643936.00
2023/12/27,17.15,17.48,17.05,17.32,3775980,41176676.00
2023/12/28,17.32,17.43,16.97,17.04,5356457,57905776.00
2023/12/29,17.01,17.12,16.87,17.08,4107397,44108288.00
2024/01/02,17.06,17.53,16.99,17.43,5763886,63128928.00
2024/01/03,17.33,17.96,17.33,17.86,7242871,81478616.00
2024/01/04,17.81,18.52,17.75,18.30,11817391,137607264.00
2024/01/05,18.27,18.52,18.06,18.24,8691677,101258232.00
2024/01/08,18.23,18.38,18.09,18.17,5755801,66649712.00
2024/01/09,18.25,18.66,18.06,18.35,5236656,61152088.00
2024/01/10,18.31,18.63,18.25,18.38,4819422,56413796.00
2024/01/11,18.34,18.44,18.10,18.20,4444280,51446036.00
2024/01/12,18.17,18.55,18.17,18.45,3566660,41765456.00
2024/01/15,18.48,18.63,18.31,18.37,2519325,29571288.00
2024/01/16,18.32,18.42,18.10,18.37,3531840,40968704.00
2024/01/17,18.30,18.45,17.99,18.03,3946468,45810220.00
2024/01/18,18.03,18.24,17.72,18.23,7210300,82095592.00
2024/01/19,18.09,18.35,17.90,18.10,2857117,32992798.00
2024/01/22,18.13,18.23,17.32,17.43,6853397,76573544.00
2024/01/23,17.44,17.71,17.12,17.58,3263520,35978136.00
2024/01/24,17.60,17.78,17.26,17.69,4191020,46574020.00
2024/01/25,17.74,18.06,17.68,18.00,3766660,42919640.00
2024/01/26,17.88,18.48,17.88,18.24,6530780,75863424.00
2024/01/29,18.13,18.37,18.00,18.10,4849000,56068736.00
2024/01/30,18.02,18.55,17.96,18.03,5887120,68234088.00
2024/01/31,18.16,18.27,17.76,18.02,7122815,81576568.00
2024/02/01,18.07,18.07,17.47,17.74,6918142,78217344.00
2024/02/02,17.79,18.32,17.44,17.76,10050400,114236096.00
2024/02/05,17.51,17.96,17.23,17.57,6771026,75175408.00
2024/02/06,17.55,18.09,17.12,17.85,6806269,76182664.00
2024/02/07,17.93,17.93,17.22,17.27,7549180,83929888.00
2024/02/08,17.37,17.83,16.70,17.76,9141693,100539904.00
2024/02/19,17.68,18.42,17.55,18.34,9097388,105479128.00
数据来源:通达信
