603655 朗博科技 日线 后复权
      日期	    开盘	    最高	    最低	    收盘	    成交量	    成交额
2017/12/29,7.75,9.30,7.75,9.30,10078,92175.00
2018/01/02,10.23,10.23,10.23,10.23,1534,15693.00
2018/01/03,11.25,11.25,11.25,11.25,9635,108394.00
2018/01/04,12.38,12.38,12.38,12.38,3167,39207.00
2018/01/05,13.62,13.62,13.62,13.62,16000,217920.00
2018/01/08,14.98,14.98,14.98,14.98,34523,517155.00
2018/01/09,16.48,16.48,16.48,16.48,67778,1116981.00
2018/01/10,18.13,18.13,18.13,18.13,124715,2261083.00
2018/01/11,19.94,19.94,19.94,19.94,116967,2332322.00
2018/01/12,21.93,21.93,21.93,21.93,126349,2770834.00
2018/01/15,24.12,24.12,24.12,24.12,237884,5737762.00
2018/01/16,26.53,26.53,26.53,26.53,304703,8083771.00
2018/01/17,29.18,29.18,29.18,29.18,154416,4505859.00
2018/01/18,32.10,32.10,28.68,29.99,19686715,602081792.00
2018/01/19,28.15,28.50,26.99,27.01,15607720,429166656.00
2018/01/22,25.52,25.90,24.35,24.53,11136718,278060928.00
2018/01/23,24.56,25.33,24.56,25.17,8417738,210066336.00
2018/01/24,25.10,26.39,24.65,25.94,10071150,258444912.00
2018/01/25,25.42,26.45,25.25,25.39,8601378,221204000.00
2018/01/26,24.61,25.18,24.51,24.89,5054690,125442584.00
2018/01/29,24.80,27.38,24.71,27.38,7206644,189183376.00
2018/01/30,27.80,29.00,26.99,27.08,14687493,411027488.00
2018/01/31,26.08,27.87,24.50,27.64,11378271,296475328.00
2018/02/01,27.38,30.40,27.02,29.16,18489441,549438912.00
2018/02/02,27.23,30.40,26.24,28.15,14922723,416843616.00
2018/02/05,26.19,26.92,25.34,25.34,6585817,170269712.00
2018/02/06,22.81,22.81,22.81,22.81,554400,12645864.00
2018/02/07,20.75,22.81,20.53,21.18,11700283,250412240.00
2018/02/08,20.83,21.56,20.21,20.93,7176286,150070400.00
2018/02/09,19.10,20.45,18.84,18.84,7189392,140202480.00
2018/02/12,19.70,19.97,19.18,19.43,5894091,115382400.00
2018/02/13,19.75,19.75,18.58,18.61,5632119,107862120.00
2018/02/14,18.45,19.50,18.36,18.62,4730554,89288784.00
2018/02/22,18.97,19.51,18.55,19.25,4271500,81740768.00
2018/02/23,19.25,19.68,19.01,19.53,5020784,97354544.00
2018/02/26,20.15,20.90,20.09,20.37,6103764,124347752.00
2018/02/27,20.18,21.78,20.07,21.64,7960980,166382976.00
2018/02/28,21.06,21.20,20.31,20.45,5898220,122571608.00
2018/03/01,20.02,20.80,19.88,20.70,4264124,87516832.00
2018/03/02,20.51,20.66,19.90,19.92,4330296,87250688.00
2018/03/05,20.05,20.83,19.85,20.59,3948306,80484536.00
2018/03/06,20.83,21.20,20.34,20.96,5791998,120856720.00
2018/03/07,20.97,22.99,20.97,21.83,9717753,213120384.00
2018/03/08,21.55,24.00,21.32,23.45,11021558,250589200.00
2018/03/09,23.03,23.90,22.60,23.21,9034736,209278624.00
2018/03/12,23.30,24.24,23.30,23.75,7040301,167641600.00
2018/03/13,23.82,23.95,22.72,23.20,5706071,132833904.00
2018/03/14,23.31,24.81,23.10,23.19,8742197,209809792.00
2018/03/15,21.75,22.16,20.87,21.29,8324571,177489296.00
2018/03/16,20.98,21.80,20.98,21.29,4337723,92949304.00
2018/03/19,21.44,22.97,21.44,22.52,6415477,142559408.00
2018/03/20,22.16,24.77,21.80,24.77,9079087,212031008.00
2018/03/21,25.36,25.76,23.56,23.76,10847597,265159632.00
2018/03/22,23.69,24.24,23.24,24.00,6007332,143385072.00
2018/03/23,22.10,22.80,21.60,21.60,6003969,132397264.00
2018/03/26,20.49,21.76,19.44,21.70,5055698,103851280.00
2018/03/27,21.73,22.77,21.71,22.35,5697280,126829656.00
2018/03/28,21.78,23.85,21.50,23.21,8143595,185766176.00
2018/03/29,23.10,24.60,22.92,23.48,7719543,182843664.00
2018/03/30,23.24,23.90,23.24,23.44,5770873,135814352.00
2018/04/02,23.25,25.00,23.20,24.81,9993999,242322496.00
2018/04/03,23.90,24.39,23.71,24.31,5885891,141951568.00
2018/04/04,24.32,25.71,24.18,24.48,8761231,217935728.00
2018/04/09,24.32,26.93,23.80,26.93,11966715,309888512.00
2018/04/10,27.23,27.55,24.50,26.08,12375340,322390944.00
2018/04/11,25.82,26.30,25.13,25.87,7795307,200911088.00
2018/04/12,25.42,25.64,24.42,24.98,6286379,157684848.00
2018/04/13,24.95,25.45,24.68,25.27,4728472,118916216.00
2018/04/16,24.99,24.99,24.10,24.68,3804366,93402456.00
2018/04/17,24.80,24.98,24.40,24.89,3532541,87326800.00
2018/04/18,25.00,25.28,22.41,24.13,4816058,114762248.00
2018/04/19,23.82,24.50,23.30,23.51,3548618,85191080.00
2018/04/20,23.00,23.29,21.29,21.39,4690307,104217040.00
2018/04/23,21.45,21.85,21.13,21.80,2408297,51908080.00
2018/04/24,21.80,22.75,21.71,22.71,2847020,63888928.00
2018/04/25,22.58,22.94,22.31,22.56,2288903,51690040.00
2018/04/26,22.88,22.88,21.47,21.54,2396580,53159852.00
2018/04/27,21.74,21.94,21.41,21.79,1798959,39060640.00
2018/05/02,21.86,22.35,21.46,21.75,1704068,37280840.00
2018/05/03,21.77,22.43,21.06,22.38,2518188,55063340.00
2018/05/04,22.34,22.65,22.03,22.15,2134515,47695380.00
2018/05/07,22.18,23.53,22.17,23.26,3622906,83696328.00
2018/05/08,23.37,23.78,22.84,23.51,2795929,64994032.00
2018/05/09,23.60,23.99,23.25,23.66,2949726,69546520.00
2018/05/10,23.69,23.98,23.30,23.85,2605291,61775180.00
2018/05/11,23.75,24.75,23.40,23.49,4069577,97989240.00
2018/05/14,23.14,23.65,22.53,23.20,2669412,61777760.00
2018/05/15,23.27,24.43,23.27,24.16,4339031,104076200.00
2018/05/16,23.87,24.16,23.59,23.63,2847695,67907536.00
2018/05/17,24.00,24.65,23.88,24.42,5205882,126483576.00
2018/05/18,24.20,24.48,23.68,24.18,3598671,86816200.00
2018/05/21,24.50,25.68,24.20,25.07,5447855,135608784.00
2018/05/22,24.97,26.08,24.58,25.81,6852664,174235968.00
2018/05/23,26.41,28.39,25.91,28.39,13763179,382508384.00
2018/05/24,27.11,29.88,26.73,28.43,16185478,449032768.00
2018/05/25,27.80,31.20,27.53,29.38,15683082,466487456.00
2018/05/28,29.80,29.80,26.44,26.45,11927785,326903680.00
2018/05/29,25.70,27.50,25.70,26.14,7193842,190557120.00
2018/05/30,25.80,25.92,23.53,23.53,6627842,162067776.00
2018/05/31,23.65,24.27,23.30,24.04,5601493,133834328.00
2018/06/01,23.66,24.54,22.70,23.20,4851311,115110328.00
2018/06/04,23.54,24.03,23.00,23.98,3283711,77718648.00
2018/06/05,24.00,24.87,23.80,24.72,5171005,126129704.00
2018/06/06,24.82,25.29,24.50,25.28,5136798,127798328.00
2018/06/07,25.20,25.42,24.51,24.58,3965696,98529680.00
2018/06/08,24.40,25.19,24.13,24.70,3776981,93177848.00
2018/06/11,24.50,25.88,24.50,25.79,6387174,161688768.00
2018/06/12,25.90,25.90,24.00,25.30,5762449,144671360.00
2018/06/13,24.93,25.00,24.02,24.10,3696947,90758736.00
2018/06/14,23.95,24.90,23.58,24.68,3343182,81749368.00
2018/06/15,24.92,25.58,24.08,24.15,4706302,116930024.00
2018/06/19,22.34,22.77,21.74,21.74,3330880,73804264.00
2018/06/20,21.05,22.40,20.82,22.09,3355066,72734936.00
2018/06/21,22.01,22.28,19.92,20.26,3766144,78743256.00
2018/06/22,20.00,21.05,19.88,20.59,2300127,47193680.00
2018/06/25,20.89,21.59,20.64,21.16,3022882,63952428.00
2018/06/26,20.81,21.67,20.66,21.51,2651090,56536164.00
2018/06/27,21.52,22.15,21.30,21.42,2722281,58942128.00
2018/06/28,21.36,21.78,21.20,21.26,1719217,36993772.00
2018/06/29,21.20,22.00,20.90,21.98,2940009,63288528.00
2018/07/02,22.10,22.60,21.25,21.54,2752747,60293728.00
2018/07/03,21.67,22.16,21.31,22.15,2592669,56623944.00
2018/07/04,22.02,22.30,20.58,20.91,2734367,58380000.00
2018/07/05,20.68,21.20,20.20,20.31,1988080,41299604.00
2018/07/06,20.29,21.10,19.88,20.68,2298234,47275680.00
2018/07/09,20.88,21.55,20.70,21.54,2040134,43275528.00
2018/07/10,21.54,21.89,21.25,21.79,2342799,50375712.00
2018/07/11,21.79,23.54,21.32,22.58,5891333,131419128.00
2018/07/12,22.69,23.60,22.10,23.23,5711606,129856072.00
2018/07/13,22.97,23.28,22.47,22.66,3001735,68011112.00
2018/07/16,22.44,22.80,22.10,22.43,1992289,44217512.00
2018/07/17,22.45,22.47,21.79,22.33,1987401,43778032.00
2018/07/18,22.49,22.57,21.77,21.87,2011334,44642900.00
2018/07/19,21.80,22.25,20.98,21.38,2418206,51759420.00
2018/07/20,21.28,21.80,21.10,21.69,1633381,34991852.00
2018/07/23,21.79,21.79,21.21,21.69,1629748,34895800.00
2018/07/24,21.89,22.63,21.76,22.48,2952030,65446852.00
2018/07/25,22.47,22.52,21.92,21.99,1952367,43124084.00
2018/07/26,21.85,22.14,21.22,21.29,2301267,49334536.00
2018/07/27,21.12,21.58,21.12,21.22,1272800,27091472.00
2018/07/30,21.29,21.34,20.20,20.54,1618667,33439434.00
2018/07/31,20.40,20.90,20.40,20.55,1158969,23848970.00
2018/08/01,20.76,20.87,19.80,19.94,1642834,33208032.00
2018/08/02,20.04,20.04,18.32,19.05,2320515,43935516.00
2018/08/03,19.09,19.17,18.60,18.72,1189700,22320380.00
2018/08/06,18.60,18.75,17.80,18.06,1442067,26112982.00
2018/08/07,18.20,18.73,17.80,18.70,1810200,33105244.00
2018/08/08,18.69,18.86,18.11,18.25,1339003,24595500.00
2018/08/09,18.20,18.91,17.98,18.74,1577179,29292980.00
2018/08/10,18.67,19.05,18.51,18.87,1275918,23832816.00
2018/08/13,18.40,18.94,18.20,18.89,1470077,27200376.00
2018/08/14,18.89,19.19,18.76,19.06,1507199,28433780.00
2018/08/15,19.03,19.03,18.21,18.27,1499729,27691456.00
2018/08/16,18.01,18.38,17.44,18.05,1157848,20779468.00
2018/08/17,18.21,18.38,17.60,17.62,1455886,26024376.00
2018/08/20,17.64,17.98,17.32,17.96,1179086,20713094.00
2018/08/21,18.05,18.17,17.53,18.05,1275767,22732880.00
2018/08/22,17.94,18.03,17.53,17.58,918875,16240736.00
2018/08/23,17.60,17.99,17.45,17.92,1150427,20432020.00
2018/08/24,17.92,18.15,17.60,17.73,996400,17780728.00
2018/08/27,17.76,18.29,17.76,18.26,1473201,26635604.00
2018/08/28,18.33,18.60,18.16,18.45,1385357,25292912.00
2018/08/29,18.23,18.28,18.00,18.15,1021100,18417398.00
2018/08/30,18.15,18.27,17.56,17.58,1203548,21301152.00
2018/08/31,17.52,17.77,17.22,17.26,1305258,22545334.00
2018/09/03,17.22,17.31,16.73,17.15,953753,16137240.00
2018/09/04,17.22,17.38,16.97,17.26,821162,14070979.00
2018/09/05,17.25,17.47,17.09,17.10,1146186,19650312.00
2018/09/06,16.96,17.37,16.71,17.19,1114962,18952052.00
2018/09/07,17.21,17.50,17.01,17.31,1197700,20591600.00
2018/09/10,17.32,17.32,16.75,16.78,1131401,19072824.00
2018/09/11,16.85,17.07,16.60,16.98,843326,14130527.00
2018/09/12,17.01,17.26,16.85,17.14,961541,16344768.00
2018/09/13,17.39,17.48,17.10,17.30,948686,16294837.00
2018/09/14,17.38,17.47,16.99,17.00,974126,16703563.00
2018/09/17,16.95,16.95,16.36,16.41,859600,14161982.00
2018/09/18,16.50,16.67,16.23,16.61,1035662,16983250.00
2018/09/19,16.61,16.87,16.48,16.68,1000795,16586703.00
2018/09/20,16.67,16.74,16.50,16.57,854180,14099840.00
2018/09/21,16.64,17.27,16.52,16.91,1368634,23000440.00
2018/09/25,16.83,17.58,16.69,17.41,2181341,37612564.00
2018/09/26,17.29,17.70,17.11,17.58,2205906,38266560.00
2018/09/27,17.51,18.19,16.80,16.83,2480981,43208536.00
2018/09/28,16.76,17.45,16.76,17.37,1387600,23724988.00
2018/10/08,17.02,17.19,16.60,16.89,1253261,21092164.00
2018/10/09,16.80,17.80,16.80,17.70,2836132,49120264.00
2018/10/10,17.57,18.31,17.48,17.97,3549782,63430944.00
2018/10/11,17.10,17.38,16.18,16.33,2786704,46306808.00
2018/10/12,16.11,16.38,15.13,16.20,2110817,33243180.00
2018/10/15,16.21,16.46,15.90,15.90,1185594,19051854.00
2018/10/16,15.95,16.27,15.49,15.65,1008194,15856648.00
2018/10/17,15.87,16.40,15.60,16.13,1611515,25615568.00
2018/10/18,16.13,17.73,15.90,17.73,3176370,54881612.00
2018/10/19,17.60,17.97,16.81,17.53,5246886,90281104.00
2018/10/22,17.35,18.59,17.21,18.40,5495960,98136840.00
2018/10/23,18.22,18.32,17.64,17.80,3246101,57998064.00
2018/10/24,17.65,17.91,17.20,17.36,2138900,37202264.00
2018/10/25,16.56,16.87,16.36,16.77,2020262,33368566.00
2018/10/26,17.10,17.21,16.59,16.62,1553259,25957684.00
2018/10/29,16.63,16.85,16.20,16.73,1123000,18576656.00
2018/10/30,17.00,17.84,16.91,17.66,3609930,62570356.00
2018/10/31,17.39,19.40,17.25,18.43,4931926,88380264.00
2018/11/01,18.00,18.57,17.75,17.87,4200818,75354688.00
2018/11/02,17.95,18.13,17.81,18.11,2822065,50511796.00
2018/11/05,18.50,18.50,17.75,17.92,2598862,46792000.00
2018/11/06,17.76,17.76,16.90,17.27,2378138,40820508.00
2018/11/07,17.21,17.49,17.01,17.07,1911934,32819172.00
2018/11/08,17.35,17.35,17.10,17.20,1534743,26299080.00
2018/11/09,17.10,17.41,17.00,17.41,1470439,25224004.00
2018/11/12,17.50,18.09,17.46,17.93,2375871,42021420.00
2018/11/13,17.64,18.05,17.52,17.97,2388610,42396352.00
2018/11/14,18.11,18.38,17.76,17.81,2300900,41318916.00
2018/11/15,17.90,18.65,17.88,18.49,3627643,65984488.00
2018/11/16,18.45,18.59,18.15,18.46,2909914,53140656.00
2018/11/19,18.51,19.02,18.30,18.86,3600344,67055732.00
2018/11/20,18.80,18.80,17.90,17.93,2380034,43353384.00
2018/11/21,17.44,18.27,17.41,18.25,1547519,27618858.00
2018/11/22,18.36,18.45,17.84,17.97,1379655,24739856.00
2018/11/23,18.18,18.18,16.65,16.68,2034900,34921056.00
2018/11/26,16.55,16.91,16.12,16.45,1134276,18573444.00
2018/11/27,16.65,16.78,16.37,16.62,696167,11485237.00
2018/11/28,16.62,16.84,16.35,16.82,1009734,16729001.00
2018/11/29,17.00,17.01,16.20,16.23,987267,16295717.00
2018/11/30,16.23,16.49,15.92,16.47,873864,14094645.00
2018/12/03,16.82,17.25,16.68,16.97,1202600,20246972.00
2018/12/04,17.00,17.47,16.90,17.29,1552968,26679794.00
2018/12/05,16.90,17.25,16.63,16.90,1175401,19761600.00
2018/12/06,17.00,17.06,16.45,16.46,841500,13989457.00
2018/12/07,16.53,16.68,16.41,16.58,586600,9641295.00
2018/12/10,16.50,16.50,16.13,16.17,644480,10412761.00
2018/12/11,16.25,16.39,16.21,16.31,446900,7229396.00
2018/12/12,16.45,16.91,16.44,16.63,1131601,18767672.00
2018/12/13,16.72,16.75,16.43,16.67,899695,14863946.00
2018/12/14,16.70,16.70,16.05,16.17,937548,15219941.00
2018/12/17,16.12,16.39,16.01,16.35,612534,9893984.00
2018/12/18,16.34,16.38,16.08,16.30,607700,9792387.00
2018/12/19,16.16,16.29,15.84,15.88,726400,11573400.00
2018/12/20,15.87,16.07,15.87,15.99,548800,8715972.00
2018/12/21,16.02,16.50,15.90,16.44,1455478,23584198.00
2018/12/24,16.32,16.95,16.31,16.83,2015513,33514548.00
2018/12/25,16.51,16.68,15.90,16.47,1836905,29678652.00
2018/12/26,16.52,16.78,16.32,16.51,1766248,29074908.00
2018/12/27,16.64,16.76,15.90,15.98,1252667,20417400.00
2018/12/28,15.98,16.06,15.50,15.70,1375400,21560500.00
2019/01/02,15.70,15.79,15.32,15.45,797367,12246970.00
2019/01/03,15.40,15.40,14.80,14.96,1278000,19205620.00
2019/01/04,14.73,15.17,14.60,15.12,1200481,17845620.00
2019/01/07,15.17,15.25,14.98,15.25,1207333,18198112.00
2019/01/08,15.23,15.23,14.98,15.05,1009433,15130936.00
2019/01/09,15.16,15.50,15.16,15.25,1375449,20968440.00
2019/01/10,15.35,15.35,14.88,14.98,1233467,18442600.00
2019/01/11,15.00,15.19,14.85,15.19,1032982,15402155.00
2019/01/14,15.30,15.30,14.95,14.99,828047,12385424.00
2019/01/15,14.98,15.19,14.90,15.16,833200,12484936.00
2019/01/16,15.22,15.29,15.05,15.14,753557,11333430.00
2019/01/17,14.91,15.14,14.79,14.82,903415,13392404.00
2019/01/18,14.79,15.28,14.61,15.10,1487767,21977976.00
2019/01/21,15.04,15.10,14.91,14.96,909700,13548972.00
2019/01/22,14.96,14.96,14.73,14.73,1006900,14824832.00
2019/01/23,14.70,14.94,14.68,14.68,1102247,16155614.00
2019/01/24,14.70,14.76,14.60,14.75,1182295,17239982.00
2019/01/25,14.70,14.79,14.31,14.31,1091900,15814457.00
2019/01/28,14.56,14.57,14.20,14.21,1050600,15028278.00
2019/01/29,14.10,14.46,13.32,13.74,1432867,19540708.00
2019/01/30,13.48,13.82,13.43,13.48,590003,7983949.00
2019/01/31,13.51,13.59,12.68,12.99,1252700,16321439.00
2019/02/01,13.04,13.46,13.00,13.35,712668,9334269.00
2019/02/11,13.35,13.72,13.35,13.67,880367,11887295.00
2019/02/12,13.65,13.87,13.65,13.73,768280,10476639.00
2019/02/13,13.80,14.02,13.75,13.99,1071767,14819773.00
2019/02/14,14.18,14.18,13.93,14.07,892885,12476147.00
2019/02/15,14.14,14.16,14.01,14.03,695200,9706827.00
2019/02/18,14.74,15.00,14.46,14.63,4035583,58787080.00
2019/02/19,14.64,14.65,14.26,14.45,2532778,36344676.00
2019/02/20,14.42,14.99,14.32,14.91,3339572,48935408.00
2019/02/21,14.81,14.90,14.55,14.60,2344301,34154288.00
2019/02/22,14.50,14.75,14.43,14.72,1589923,23094568.00
2019/02/25,14.76,15.40,14.75,15.37,3052129,45621652.00
2019/02/26,15.39,15.50,15.00,15.07,3021330,45680768.00
2019/02/27,15.08,15.35,14.99,15.09,2392567,36073988.00
2019/02/28,15.10,15.58,15.10,15.49,2985168,45633544.00
2019/03/01,15.49,15.95,15.34,15.79,2572586,40024064.00
2019/03/04,15.75,16.43,15.66,16.40,3738411,59425000.00
2019/03/05,16.28,16.60,16.01,16.31,3758614,60907424.00
2019/03/06,16.18,16.45,16.17,16.39,2846212,46132712.00
2019/03/07,16.48,16.70,16.17,16.50,4012459,65554272.00
2019/03/08,16.30,16.37,15.63,15.63,3422278,54676804.00
2019/03/11,15.92,16.24,15.73,16.18,1791384,28599428.00
2019/03/12,16.20,16.65,16.13,16.29,3305344,53979288.00
2019/03/13,16.60,16.62,15.94,16.04,2509551,40700040.00
2019/03/14,16.05,16.16,15.45,15.65,2189681,34314348.00
2019/03/15,15.67,15.98,15.60,15.88,1874167,29466252.00
2019/03/18,16.15,16.15,15.83,16.12,1765130,28021206.00
2019/03/19,16.29,16.51,16.13,16.21,2545783,41230912.00
2019/03/20,16.29,17.48,16.14,17.18,6012411,100349304.00
2019/03/21,17.19,18.15,17.02,17.18,7522067,131673104.00
2019/03/22,17.11,17.18,16.45,16.85,3561500,59539392.00
2019/03/25,16.50,17.08,16.20,16.96,2256777,37379008.00
2019/03/26,16.80,17.62,16.62,16.80,6023606,103634304.00
2019/03/27,16.50,16.77,16.07,16.36,3534247,57256176.00
2019/03/28,16.15,16.66,16.04,16.46,2067834,33695264.00
2019/03/29,16.36,16.96,16.14,16.90,2348407,38779800.00
2019/04/01,17.00,17.91,16.81,17.76,7466106,129807248.00
2019/04/02,17.50,17.75,17.23,17.33,4459434,77002784.00
2019/04/03,17.29,17.39,17.11,17.34,2124671,36472976.00
2019/04/04,17.36,17.47,17.03,17.11,2281709,38997936.00
2019/04/08,17.18,17.28,16.86,17.10,1869841,31749434.00
2019/04/09,17.05,17.33,17.00,17.26,1497314,25574626.00
2019/04/10,17.28,17.32,17.07,17.28,1467180,25108556.00
2019/04/11,17.29,19.00,17.24,19.00,8084671,145868688.00
2019/04/12,19.02,19.60,17.75,17.78,8249546,150863904.00
2019/04/15,17.70,18.40,17.30,17.37,4127955,73653680.00
2019/04/16,17.39,17.40,16.36,17.05,3757240,63289220.00
2019/04/17,17.08,17.28,16.91,17.28,2927735,49818600.00
2019/04/18,17.30,17.64,17.10,17.55,2447866,42199172.00
2019/04/19,17.55,17.58,17.08,17.44,1670180,28826700.00
2019/04/22,17.50,17.80,17.26,17.33,2158840,37541732.00
2019/04/23,17.21,17.85,17.11,17.35,1628299,28303944.00
2019/04/24,17.20,17.43,17.01,17.30,1365309,23394792.00
2019/04/25,17.30,17.30,16.40,16.40,2019600,33708424.00
2019/04/26,16.40,16.55,16.20,16.43,1091051,17726078.00
2019/04/29,16.42,16.42,15.88,16.15,1210300,19372188.00
2019/04/30,15.90,16.32,15.88,16.22,540271,8671777.00
2019/05/06,15.68,16.09,14.97,15.38,1232067,18809502.00
2019/05/07,15.50,15.60,15.01,15.41,546100,8343681.00
2019/05/08,15.21,15.52,15.08,15.46,622509,9500994.00
2019/05/09,15.35,15.68,15.35,15.58,568380,8799373.00
2019/05/10,15.61,15.94,15.38,15.93,616700,9667050.00
2019/05/13,15.68,16.05,15.68,15.90,613684,9723045.00
2019/05/14,15.70,16.22,15.70,16.08,467799,7455757.00
2019/05/15,16.21,16.40,16.13,16.20,611099,9856473.00
2019/05/16,16.23,16.63,16.19,16.56,848259,13852080.00
2019/05/17,16.80,16.80,15.90,16.00,706800,11454719.00
2019/05/20,15.96,16.57,15.93,16.50,715900,11555688.00
2019/05/21,16.41,16.85,16.24,16.75,765900,12715911.00
2019/05/22,16.75,16.79,16.49,16.65,450900,7441121.00
2019/05/23,16.64,16.70,15.95,16.13,511100,8266905.00
2019/05/24,16.25,16.25,15.85,15.93,241500,3843471.00
2019/05/27,15.91,16.60,15.91,16.50,660650,10752624.00
2019/05/28,16.57,17.10,16.45,16.79,1223564,20479502.00
2019/05/29,16.65,17.17,16.62,16.85,1157633,19515846.00
2019/05/30,16.80,17.20,16.60,17.16,1267300,21383320.00
2019/05/31,17.30,17.66,17.16,17.56,1707383,29608806.00
2019/06/03,17.10,17.86,17.10,17.44,925281,16083221.00
2019/06/04,17.42,17.55,16.86,17.06,719700,12316075.00
2019/06/05,17.43,17.90,17.09,17.40,1627584,28461064.00
2019/06/06,17.42,17.75,17.01,17.25,692535,11924897.00
2019/06/10,17.26,17.92,17.26,17.83,1617900,28486880.00
2019/06/11,17.70,18.15,17.41,18.00,2387171,42450088.00
2019/06/12,17.74,18.39,17.65,18.23,3961884,70801744.00
2019/06/13,18.23,18.37,17.88,18.23,1852071,33394992.00
2019/06/14,18.50,18.52,17.90,18.13,1258900,22770044.00
2019/06/17,18.11,18.60,17.90,18.32,1747600,31989744.00
2019/06/18,18.29,18.66,17.80,17.92,2135931,38765820.00
2019/06/19,18.09,18.32,18.05,18.12,1252214,22668506.00
2019/06/20,18.10,18.10,16.33,16.59,10263756,168762896.00
2019/06/21,15.89,16.34,15.65,16.25,5403244,85708536.00
2019/06/24,16.15,16.18,15.89,15.94,2589000,40875376.00
2019/06/25,15.95,16.03,15.71,15.84,1596200,25003672.00
2019/06/26,15.85,16.15,15.75,16.08,3358795,53168552.00
2019/06/27,16.12,16.30,15.97,16.23,3681864,58669496.00
2019/06/28,16.22,16.40,16.05,16.23,2648100,42313348.00
2019/07/01,16.50,16.50,16.27,16.40,3641080,58853248.00
2019/07/02,16.40,16.53,16.34,16.44,2697103,43803144.00
2019/07/03,16.40,16.56,16.30,16.38,1840913,29806784.00
2019/07/04,16.46,16.48,16.34,16.40,1580164,25587492.00
2019/07/05,16.35,16.48,16.35,16.42,1273500,20649772.00
2019/07/08,16.42,16.49,16.10,16.43,3013888,48623416.00
2019/07/09,16.47,16.47,15.90,16.00,2110504,33734688.00
2019/07/10,16.30,16.58,16.05,16.24,2742097,44271272.00
2019/07/11,16.24,16.38,16.12,16.28,888300,14267006.00
2019/07/12,16.26,16.34,16.15,16.28,721100,11578046.00
2019/07/15,16.15,16.35,16.10,16.22,940101,15049217.00
2019/07/16,16.29,16.35,16.13,16.30,1033800,16545874.00
2019/07/17,16.27,16.28,16.15,16.16,1100669,17601492.00
2019/07/18,16.17,16.21,15.85,16.10,1073200,17004720.00
2019/07/19,16.03,16.25,15.91,16.06,752313,11929896.00
2019/07/22,16.12,16.12,15.30,15.66,839800,13031345.00
2019/07/23,15.50,16.05,15.20,15.99,716266,11212091.00
2019/07/24,15.99,16.29,15.99,16.05,973200,15455099.00
2019/07/25,15.99,16.24,15.97,16.09,818800,13047371.00
2019/07/26,16.21,16.34,16.03,16.23,814800,13051302.00
2019/07/29,16.23,16.75,16.23,16.36,1807366,29369992.00
2019/07/30,16.36,16.49,16.15,16.20,1135200,18227120.00
2019/07/31,16.10,16.20,16.05,16.06,677800,10784008.00
2019/08/01,16.05,16.14,15.98,16.00,402200,6368417.00
2019/08/02,15.75,16.08,15.71,15.83,701481,10963489.00
2019/08/05,15.81,16.15,15.81,15.90,485604,7668626.00
2019/08/06,15.88,15.93,14.95,15.56,1078562,16440714.00
2019/08/07,15.62,15.90,15.62,15.68,415900,6464236.00
2019/08/08,15.87,15.87,15.57,15.57,478600,7394616.00
2019/08/09,15.63,15.65,15.20,15.39,486100,7390015.00
2019/08/12,15.27,15.50,15.27,15.43,309904,4696337.00
2019/08/13,15.39,15.39,15.07,15.20,412197,6170861.00
2019/08/14,15.36,15.60,15.26,15.40,279781,4240067.00
2019/08/15,15.10,15.83,15.00,15.79,634600,9679638.00
2019/08/16,15.79,16.28,15.70,15.93,989978,15649439.00
2019/08/19,16.08,16.47,15.98,16.38,789200,12725771.00
2019/08/20,16.38,16.78,16.38,16.59,1150935,18851544.00
2019/08/21,16.75,16.85,16.51,16.70,880668,14519185.00
2019/08/22,16.87,17.18,16.74,17.04,954597,15965261.00
2019/08/23,17.04,17.18,16.86,16.96,1050067,17609446.00
2019/08/26,16.74,17.16,16.70,17.00,1029200,17269798.00
2019/08/27,17.10,17.43,15.32,17.19,1612700,27353378.00
2019/08/28,16.87,17.37,16.87,17.26,2910762,49664312.00
2019/08/29,17.13,17.44,16.95,16.97,3887600,66142168.00
2019/08/30,17.03,17.48,16.90,17.37,2316215,39513276.00
2019/09/02,17.39,18.19,17.39,18.00,3635449,64306920.00
2019/09/03,18.00,18.35,17.81,18.20,1579182,28288104.00
2019/09/04,18.21,19.48,18.12,19.20,2649390,49224388.00
2019/09/05,19.45,19.55,18.81,19.00,2625667,49799204.00
2019/09/06,19.00,19.48,18.81,18.98,1715181,32244310.00
2019/09/09,19.20,19.75,19.20,19.66,2772367,53475704.00
2019/09/10,19.50,19.70,19.07,19.25,1898600,36332888.00
2019/09/11,19.29,19.59,19.00,19.32,1147067,21863544.00
2019/09/12,19.52,19.52,18.83,19.15,1187567,22415200.00
2019/09/16,19.15,19.40,18.95,19.00,908909,17177530.00
2019/09/17,19.16,19.16,18.32,19.08,1498300,27869024.00
2019/09/18,19.00,19.20,18.69,18.96,1533389,28837892.00
2019/09/19,19.06,19.15,18.55,18.95,1258900,23460950.00
2019/09/20,18.99,18.99,18.03,18.08,1813181,32891268.00
2019/09/23,17.92,18.07,17.08,17.63,2278754,39531800.00
2019/09/24,17.88,18.70,17.78,18.16,1623900,28929752.00
2019/09/25,18.15,18.15,17.40,17.89,1825109,31948076.00
2019/09/26,17.88,18.01,16.70,17.00,1747400,29674632.00
2019/09/27,16.90,17.27,16.43,17.11,1563700,26219680.00
2019/09/30,17.11,17.46,16.80,17.01,1066500,18135968.00
2019/10/08,17.01,17.43,17.00,17.24,828834,14115591.00
2019/10/09,17.20,17.70,17.07,17.51,1343554,23052220.00
2019/10/10,17.50,18.08,17.43,17.66,1320453,23082054.00
2019/10/11,17.67,17.90,17.28,17.61,1042568,18122516.00
2019/10/14,17.56,17.80,17.47,17.63,1094239,19058052.00
2019/10/15,17.69,17.76,17.42,17.73,663527,11560990.00
2019/10/16,17.82,18.30,17.68,18.24,1781200,31688960.00
2019/10/17,18.64,18.69,18.27,18.60,1908268,34905980.00
2019/10/18,18.57,18.89,18.00,18.70,2184900,39615352.00
2019/10/21,18.67,18.67,17.72,18.21,1353336,24200136.00
2019/10/22,18.34,18.35,17.91,17.99,481100,8593971.00
2019/10/23,17.93,18.09,17.67,17.97,364400,6431208.00
2019/10/24,17.98,18.00,17.41,17.65,1004800,17515036.00
2019/10/25,17.59,17.70,17.30,17.41,588890,10135037.00
2019/10/28,17.47,17.70,17.35,17.67,588473,10225340.00
2019/10/29,17.65,17.73,17.52,17.66,846167,14752183.00
2019/10/30,17.75,17.88,17.02,17.80,1224000,20987790.00
2019/10/31,17.80,18.35,17.57,18.15,1781301,31754426.00
2019/11/01,18.00,18.56,17.84,18.23,999234,17859394.00
2019/11/04,18.18,18.30,18.03,18.20,871567,15690055.00
2019/11/05,18.26,18.42,18.10,18.13,867900,15645346.00
2019/11/06,18.32,18.40,18.02,18.19,783200,14088549.00
2019/11/07,18.19,18.31,17.96,18.25,1196867,21492570.00
2019/11/08,18.20,18.70,18.09,18.26,814800,14811310.00
2019/11/11,18.47,18.47,17.79,18.10,595401,10616054.00
2019/11/12,18.10,18.10,17.50,17.81,672601,11803037.00
2019/11/13,17.82,18.20,17.50,18.20,530800,9331771.00
2019/11/14,17.84,18.30,17.51,17.63,1001567,17642408.00
2019/11/15,17.64,17.83,17.30,17.81,869568,15141219.00
2019/11/18,17.59,18.18,17.59,18.11,1294611,22881106.00
2019/11/19,17.95,18.25,17.81,18.16,1402607,25027800.00
2019/11/20,18.16,19.16,18.00,19.06,2783313,51536556.00
2019/11/21,19.22,19.39,18.71,18.90,1762567,33009304.00
2019/11/22,19.07,19.17,18.40,18.95,1708500,31747324.00
2019/11/25,18.71,18.81,18.33,18.47,1071400,19618164.00
2019/11/26,18.55,18.85,18.40,18.54,713200,13102789.00
2019/11/27,18.54,18.58,17.90,17.95,1035567,18574036.00
2019/11/28,17.95,17.95,16.18,16.32,3287890,53505956.00
2019/11/29,16.21,17.93,16.20,17.93,3203400,54067896.00
2019/12/02,18.02,18.49,17.69,18.10,3522879,63466672.00
2019/12/03,18.06,18.15,17.21,18.06,1707610,30104630.00
2019/12/04,18.09,18.15,17.68,17.87,1039755,18441652.00
2019/12/05,17.87,18.08,17.69,17.73,1041500,18392836.00
2019/12/06,17.70,17.81,17.29,17.70,1258400,21810542.00
2019/12/09,17.68,17.90,17.51,17.84,930400,16244698.00
2019/12/10,17.80,18.60,17.75,18.51,2859457,51493424.00
2019/12/11,18.44,18.75,18.30,18.51,1213300,22234560.00
2019/12/12,18.52,18.61,18.14,18.48,1375200,24983062.00
2019/12/13,18.48,19.30,18.12,18.40,2094400,38414144.00
2019/12/16,18.40,18.46,17.90,18.02,1782288,31946368.00
2019/12/17,18.04,18.10,17.57,17.93,1376948,24262288.00
2019/12/18,17.89,17.95,17.64,17.75,1203046,21099940.00
2019/12/19,17.75,18.33,17.55,18.33,2981567,53595768.00
2019/12/20,18.32,18.75,18.05,18.24,2106601,38039832.00
2019/12/23,18.30,19.12,18.29,18.62,4742101,88056752.00
2019/12/24,18.76,19.61,17.90,19.43,5041081,93773024.00
2019/12/25,19.30,21.20,19.17,19.91,5419560,107430528.00
2019/12/26,19.88,20.38,19.48,19.74,2827150,55518280.00
2019/12/27,19.70,21.60,19.35,21.56,7407178,148058896.00
2019/12/30,21.20,23.36,21.06,23.20,6858141,152050976.00
2019/12/31,22.71,23.40,22.20,22.26,3866400,86761736.00
2020/01/02,22.35,22.99,21.83,22.59,4172900,92955976.00
2020/01/03,22.59,22.95,22.08,22.26,3523395,78689808.00
2020/01/06,21.67,22.26,21.50,21.76,2466941,53404060.00
2020/01/07,21.83,22.50,21.75,22.28,3557822,78470864.00
2020/01/08,22.40,22.80,22.15,22.16,2990701,66698840.00
2020/01/09,22.48,22.65,21.95,22.40,2214097,49237176.00
2020/01/10,22.40,22.54,22.00,22.42,1258500,27685624.00
2020/01/13,22.42,23.38,22.20,23.20,3128713,71397760.00
2020/01/14,23.33,24.59,22.82,24.20,3332224,79105272.00
2020/01/15,24.01,24.35,22.80,23.54,2683200,63184672.00
2020/01/16,23.26,25.65,21.28,24.95,9598802,232593808.00
2020/01/17,24.50,25.40,24.26,24.86,5465273,134924432.00
2020/01/20,24.70,25.00,22.39,23.59,5566794,128839064.00
2020/01/21,23.40,23.60,22.02,22.62,3530820,79978216.00
2020/01/22,22.40,22.40,21.30,21.34,2399235,51605880.00
2020/01/23,21.66,22.20,21.35,22.20,1803158,38695472.00
2020/02/03,20.00,20.00,20.00,20.00,59100,1170180.00
2020/02/04,18.02,19.35,18.02,18.60,5601322,100822288.00
2020/02/05,18.59,20.44,18.38,20.42,5898460,115534912.00
2020/02/06,20.19,20.35,19.57,20.14,3943764,77933216.00
2020/02/07,20.04,20.20,19.36,20.10,2469000,48216236.00
2020/02/10,20.00,20.15,19.70,20.06,1197455,23681336.00
2020/02/11,20.07,21.23,20.07,20.96,3555476,72619016.00
2020/02/12,20.80,22.00,20.61,21.30,2787900,58149472.00
2020/02/13,21.20,21.47,20.90,21.00,2563863,53592936.00
2020/02/14,20.90,21.55,20.70,21.13,2627600,55116080.00
2020/02/17,21.25,23.22,21.25,23.22,6396046,144091984.00
2020/02/18,24.20,25.52,23.50,25.52,10666120,260275744.00
2020/02/19,25.30,27.55,25.20,26.56,8912806,230881184.00
2020/02/20,26.53,26.60,23.92,25.99,5375468,137934224.00
2020/02/21,25.88,26.69,25.45,25.50,4525657,116304656.00
2020/02/24,25.20,25.90,24.88,25.84,4983492,126637200.00
2020/02/25,25.40,25.75,24.49,25.40,3246416,82023312.00
2020/02/26,25.18,25.40,23.77,23.90,3411277,83821880.00
2020/02/27,23.85,25.95,23.80,25.95,9833399,240330208.00
2020/02/28,25.70,25.70,23.38,23.96,10009724,240702448.00
2020/03/02,24.00,26.34,24.00,26.34,6457988,164514864.00
2020/03/03,27.08,28.95,26.30,27.58,8212803,223347488.00
2020/03/04,27.01,27.99,26.65,27.87,4648079,125357848.00
2020/03/05,27.92,28.16,27.40,27.99,2716107,75183992.00
2020/03/06,27.63,30.18,27.61,29.88,5152117,149581296.00
2020/03/09,29.21,30.23,28.60,28.94,2784255,80806120.00
2020/03/10,28.30,29.13,27.50,28.92,2957800,84194104.00
2020/03/11,29.08,29.14,27.71,28.20,1772200,49949040.00
2020/03/12,27.97,28.69,27.20,28.20,1020600,28342668.00
2020/03/13,27.21,27.75,26.81,27.55,1199500,32606054.00
2020/03/16,28.15,28.29,26.20,26.47,1631000,44040768.00
2020/03/17,26.55,27.09,23.84,25.19,3454873,85326952.00
2020/03/18,25.48,25.58,24.20,24.42,2239600,54944188.00
2020/03/19,24.42,26.40,24.42,26.20,5427451,137066544.00
2020/03/20,26.23,28.19,26.01,27.80,4824300,128437304.00
2020/03/23,27.30,27.30,26.10,26.45,3228000,85754520.00
2020/03/24,26.80,26.80,25.13,26.56,3828700,98357272.00
2020/03/25,26.55,27.02,26.38,26.81,3868900,102560368.00
2020/03/26,26.70,26.96,25.89,26.76,2977600,78284040.00
2020/03/27,26.85,26.94,26.28,26.37,1447451,38327976.00
2020/03/30,26.36,26.36,25.35,25.40,1329173,34103896.00
2020/03/31,25.73,25.73,24.53,24.63,1855100,45779600.00
2020/04/01,24.65,26.19,24.47,25.75,2384404,60579748.00
2020/04/02,25.70,27.14,25.58,27.14,4614700,121559952.00
2020/04/03,27.10,27.50,26.30,27.13,2666600,71269584.00
2020/04/07,27.09,27.09,25.70,26.24,3739767,97784288.00
2020/04/08,26.19,27.00,25.00,26.81,6134845,157805728.00
2020/04/09,26.81,28.18,26.80,27.67,5715712,157370768.00
2020/04/10,27.61,28.03,26.40,27.09,2857467,76380016.00
2020/04/13,26.97,28.11,26.71,28.08,3386700,93295328.00
2020/04/14,28.07,28.50,27.76,28.24,2928200,81941464.00
2020/04/15,28.90,29.70,28.26,29.05,5242800,150992288.00
2020/04/16,29.00,29.46,28.73,29.18,2519500,72978352.00
2020/04/17,29.49,31.40,29.14,31.15,6033491,182525328.00
2020/04/20,30.83,32.12,30.83,31.70,4753881,148817680.00
2020/04/21,31.55,32.19,31.03,31.16,2930391,91295144.00
2020/04/22,31.15,31.29,30.10,30.40,3749600,113912960.00
2020/04/23,30.90,31.10,29.80,30.78,3029367,92502440.00
2020/04/24,30.61,30.89,29.06,29.26,2831500,84219280.00
2020/04/27,29.65,29.99,28.26,29.20,2942000,85725416.00
2020/04/28,28.55,29.49,26.71,28.57,2870300,80487192.00
2020/04/29,28.63,28.69,27.76,28.00,1978100,55137272.00
2020/04/30,28.10,29.40,28.03,29.32,1992257,56647392.00
2020/05/06,29.00,30.10,28.85,30.00,1563939,46263800.00
2020/05/07,29.93,30.60,29.51,29.60,1892900,55880600.00
2020/05/08,29.67,29.67,28.87,29.19,1263824,36592724.00
2020/05/11,29.19,29.39,28.53,28.95,925300,26648008.00
2020/05/12,29.10,29.39,28.51,29.24,1351600,38864840.00
2020/05/13,29.16,29.72,28.76,29.36,2980000,86954336.00
2020/05/14,29.35,30.65,28.55,30.65,2817791,81923848.00
2020/05/15,29.90,30.21,27.61,27.61,9306648,264608144.00
2020/05/18,24.87,24.87,24.87,24.87,402700,9934609.00
2020/05/19,22.40,25.00,22.40,24.49,7638000,177509200.00
2020/05/20,23.57,23.86,22.99,22.99,2369767,54985892.00
2020/05/21,22.50,22.50,21.30,21.30,3793072,82814920.00
2020/05/22,21.20,22.46,21.01,22.20,3200100,69233448.00
2020/05/25,22.35,22.60,21.66,22.29,2086000,45990864.00
2020/05/26,22.55,22.55,21.50,21.86,1720800,37414524.00
2020/05/27,21.93,21.95,20.70,20.87,2634374,55068916.00
2020/05/28,20.53,21.17,20.53,20.97,1465800,30359736.00
2020/05/29,20.84,21.17,20.72,20.98,1076164,22437092.00
2020/06/01,20.98,21.40,20.98,21.29,1324900,27903660.00
2020/06/02,21.43,21.47,21.00,21.11,1382000,28893236.00
2020/06/03,21.26,23.15,20.95,22.66,3677102,81016312.00
2020/06/04,22.40,23.02,22.40,22.65,2018536,45492092.00
2020/06/05,22.66,24.90,22.18,24.90,5506515,131889568.00
2020/06/08,25.00,25.08,23.90,24.33,5625200,136968304.00
2020/06/09,24.56,24.56,23.90,24.34,2250700,54076072.00
2020/06/10,24.30,24.42,23.92,23.96,1167700,27916986.00
2020/06/11,24.02,24.20,23.51,23.88,1189800,28188736.00
2020/06/12,23.20,24.10,22.83,23.89,964200,22676080.00
2020/06/15,23.89,24.15,23.56,23.60,1108100,26162454.00
2020/06/16,23.60,24.80,23.60,24.65,6527044,158042128.00
2020/06/17,24.70,24.91,24.08,24.75,4390800,107259472.00
2020/06/18,24.60,27.07,24.55,26.58,8795172,227460976.00
2020/06/19,26.73,29.22,26.73,29.22,10719476,305923168.00
2020/06/22,28.85,30.85,28.71,30.60,6284701,186934032.00
2020/06/23,30.30,30.75,29.73,30.27,3495610,105582592.00
2020/06/24,30.66,32.58,30.01,32.22,6701132,209974656.00
2020/06/29,32.20,33.10,31.77,32.97,5318963,171153744.00
2020/06/30,33.03,33.10,31.90,32.99,6134735,197237344.00
2020/07/01,32.96,33.40,29.71,29.71,18843100,596019392.00
2020/07/02,26.76,28.70,26.76,28.70,11625274,312403136.00
2020/07/03,28.08,28.17,27.20,27.58,6450800,176234416.00
2020/07/06,27.21,27.44,25.70,27.20,7735187,206977888.00
2020/07/07,27.20,29.29,26.82,28.61,9438621,261940320.00
2020/07/08,28.22,28.90,27.82,28.59,4720445,132725096.00
2020/07/09,28.70,28.78,28.10,28.41,3795400,106973048.00
2020/07/10,28.41,28.61,27.70,27.70,3423174,95588304.00
2020/07/13,27.79,28.22,27.46,28.01,2779200,77091440.00
2020/07/14,28.35,30.67,28.17,29.95,10706795,310137184.00
2020/07/15,29.20,29.59,26.98,27.99,5984945,167227600.00
2020/07/16,27.57,27.88,26.20,26.20,3375066,89848728.00
2020/07/17,26.07,28.00,26.05,27.71,7203700,195501456.00
2020/07/20,27.95,28.86,27.95,28.12,3973400,112176904.00
2020/07/21,28.82,28.86,27.11,27.53,2791100,76672320.00
2020/07/22,27.69,28.36,27.18,28.25,3991100,109997264.00
2020/07/23,27.80,28.64,27.56,27.63,2959866,82823256.00
2020/07/24,27.86,28.12,27.00,27.20,2587000,70088720.00
2020/07/27,27.40,28.50,27.27,28.20,2327200,64762724.00
2020/07/28,28.72,28.72,28.05,28.22,1739900,48970568.00
2020/07/29,28.15,29.07,28.02,28.85,2012422,57117024.00
2020/07/30,28.96,29.37,28.40,28.77,2717745,78089632.00
2020/07/31,28.80,29.25,28.54,28.69,2084766,59445052.00
2020/08/03,28.70,29.15,28.43,29.02,1750345,50101492.00
2020/08/04,29.12,29.12,28.35,28.92,1664645,47280000.00
2020/08/05,28.93,29.47,28.50,28.89,1467466,42140564.00
2020/08/06,28.77,28.77,26.93,27.64,3567100,97886384.00
2020/08/07,27.47,27.77,27.22,27.60,1600900,43554800.00
2020/08/10,27.57,28.47,27.47,28.07,2493600,69223336.00
2020/08/11,28.07,30.85,27.77,30.85,6237845,184939360.00
2020/08/12,31.01,32.85,29.27,31.53,7614419,234964288.00
2020/08/13,31.21,32.14,30.57,31.53,3389994,105091056.00
2020/08/14,31.17,32.75,31.17,32.06,3209320,102498504.00
2020/08/17,32.23,35.24,32.23,35.24,5991889,204098880.00
2020/08/18,36.26,37.77,35.27,37.05,7448459,269989888.00
2020/08/19,36.47,37.69,36.27,36.85,4389710,161501888.00
2020/08/20,35.82,37.26,34.27,36.37,4559200,164615680.00
2020/08/21,36.75,38.77,36.57,37.19,4506400,167851328.00
2020/08/24,37.71,38.55,36.87,38.23,3606745,134757088.00
2020/08/25,38.27,40.79,37.86,40.67,4073700,159683568.00
2020/08/26,40.60,41.27,39.27,40.61,2579900,102712816.00
2020/08/27,41.33,41.46,39.77,40.42,2123800,85416512.00
2020/08/28,40.39,41.23,39.79,40.98,2123500,85873416.00
2020/08/31,41.17,44.13,40.97,43.45,3919000,168117888.00
2020/09/01,43.77,45.99,43.17,44.27,1988767,87871024.00
2020/09/02,44.37,44.84,42.40,42.94,2808093,120252552.00
2020/09/03,43.39,44.27,42.40,43.15,2176000,93091464.00
2020/09/04,42.51,43.22,41.30,43.10,1649200,69917528.00
2020/09/07,43.05,44.13,42.47,42.61,1381767,59257136.00
2020/09/08,44.73,44.73,41.19,41.60,2407921,100018848.00
2020/09/09,40.79,42.00,40.27,41.82,2652600,107766936.00
2020/09/10,41.81,42.40,40.70,41.66,1932700,79679464.00
2020/09/11,42.12,43.75,40.86,43.43,1602384,67759000.00
2020/09/14,44.43,44.43,39.11,39.11,5365500,211029968.00
2020/09/15,37.21,40.74,36.27,40.27,4273608,163101824.00
2020/09/16,40.27,43.77,39.81,43.34,3397608,141252480.00
2020/09/17,43.34,45.22,43.32,44.83,2281500,100417288.00
2020/09/18,44.84,46.23,44.49,45.34,2155017,97004080.00
2020/09/21,45.55,46.05,41.27,42.77,4073417,175296656.00
2020/09/22,42.72,42.72,38.52,41.55,3138600,122221952.00
2020/09/23,40.73,43.22,37.85,39.07,5316385,210568176.00
2020/09/24,39.07,40.75,38.94,40.06,3462111,136884176.00
2020/09/25,39.97,42.58,39.95,42.27,3422644,140425632.00
2020/09/28,42.27,42.27,39.63,40.77,2030767,81842632.00
2020/09/29,40.74,42.66,40.63,42.22,2209667,92377632.00
2020/09/30,42.69,42.77,40.27,41.55,2373800,96992456.00
2020/10/09,42.18,44.54,40.78,44.27,1824244,77986800.00
2020/10/12,44.27,48.15,44.23,47.85,2587144,118748488.00
2020/10/13,48.84,52.14,47.17,52.13,2473600,122950912.00
2020/10/14,52.38,55.04,51.27,52.77,2488266,132631408.00
2020/10/15,53.38,54.26,52.28,53.14,2047067,108496472.00
2020/10/16,53.42,54.23,52.80,54.09,1294400,69056544.00
2020/10/19,54.20,55.27,53.60,55.13,1725467,93289600.00
2020/10/20,55.27,56.35,54.46,56.33,1725600,95677128.00
2020/10/21,56.27,57.15,54.78,56.07,1966554,109794360.00
2020/10/22,56.11,57.48,53.48,56.07,3051267,169782080.00
2020/10/23,56.26,56.57,53.82,54.55,1613834,88458792.00
2020/10/26,54.73,59.98,54.73,58.54,2651700,150900704.00
2020/10/27,59.41,60.55,58.53,60.04,2436800,144789616.00
2020/10/28,60.35,60.77,57.30,58.71,1620700,95723704.00
2020/10/29,58.27,58.66,56.40,57.62,1344600,76781056.00
2020/10/30,58.38,58.76,56.55,57.92,1675500,97138080.00
2020/11/02,58.23,60.77,58.06,60.56,1348900,80594888.00
2020/11/03,60.86,62.16,59.19,62.07,2931154,178668800.00
2020/11/04,62.07,62.07,57.29,59.77,1945275,115024944.00
2020/11/05,60.07,62.07,58.06,61.42,1721768,104056920.00
2020/11/06,62.27,63.27,61.17,61.23,1790301,111126040.00
2020/11/09,62.00,62.76,59.47,59.74,1097900,65754640.00
2020/11/10,59.26,61.33,58.38,59.77,1288167,76604880.00
2020/11/11,59.76,59.76,55.83,57.62,1730600,99720768.00
2020/11/12,57.52,63.25,57.52,62.40,1879200,114165272.00
2020/11/13,63.36,65.65,62.77,63.49,2368800,151456240.00
2020/11/16,64.26,64.59,62.09,63.77,1273600,80052224.00
2020/11/17,67.27,67.27,60.29,63.89,2492567,155827696.00
2020/11/18,63.26,64.47,60.77,63.80,1972033,122607120.00
2020/11/19,62.89,68.27,61.93,63.95,2406237,154319200.00
2020/11/20,63.47,63.95,57.58,57.58,1985834,118447112.00
2020/11/23,53.27,63.16,53.27,62.79,3082634,179464080.00
2020/11/24,63.77,65.26,59.77,63.54,3128745,194540512.00
2020/11/25,63.99,65.26,62.28,64.17,2541400,161279104.00
2020/11/26,64.27,64.84,63.27,64.17,831200,52895640.00
2020/11/27,64.57,65.77,62.48,65.20,1586234,101151456.00
2020/11/30,65.20,65.72,62.92,62.92,1434422,92077048.00
2020/12/01,56.66,56.66,56.66,56.66,318300,17948936.00
2020/12/02,51.02,51.02,51.02,51.02,166500,8449875.00
2020/12/03,45.95,45.95,45.95,45.95,71300,3256984.00
2020/12/04,41.38,41.38,41.38,41.38,74700,3070917.00
2020/12/07,37.27,37.27,37.27,37.27,57400,2123800.00
2020/12/08,33.57,33.57,33.57,33.57,229100,7629030.00
2020/12/09,30.24,33.57,30.24,30.24,16185906,491465504.00
2020/12/10,27.24,27.77,27.24,27.24,6730572,181584400.00
2020/12/11,24.54,27.95,24.54,25.59,18184434,465087232.00
2020/12/14,24.89,28.12,24.88,28.12,14312468,379315296.00
2020/12/15,28.75,30.91,28.73,30.91,9245216,275094592.00
2020/12/16,31.77,32.22,27.85,27.85,11288316,323974528.00
2020/12/17,25.78,29.15,25.78,27.82,14069872,376504832.00
2020/12/18,27.86,29.17,26.37,28.05,13672300,373685216.00
2020/12/21,27.37,27.93,26.47,26.74,10541900,282738976.00
2020/12/22,26.40,26.67,25.07,25.09,9345600,237537888.00
2020/12/23,24.67,25.56,24.17,24.35,7553894,185256784.00
2020/12/24,24.68,24.68,21.94,21.97,9538258,215118144.00
2020/12/25,22.08,23.29,21.87,22.66,7529244,168325728.00
2020/12/28,22.44,22.62,21.84,22.28,6200800,135608304.00
2020/12/29,22.70,22.70,21.10,21.45,5289500,112196528.00
2020/12/30,21.40,23.27,21.14,22.28,8699800,190566624.00
2020/12/31,22.07,22.47,21.67,21.83,6212700,134908864.00
2021/01/04,21.77,22.18,21.52,21.99,4443400,96151472.00
2021/01/05,22.14,22.72,21.50,21.70,5587200,121279688.00
2021/01/06,21.16,21.59,20.70,21.10,4888737,101580648.00
2021/01/07,20.84,20.93,19.42,19.71,5162500,101595656.00
2021/01/08,19.83,19.94,19.19,19.38,3222600,62378348.00
2021/01/11,19.62,19.62,18.38,18.67,4608200,85893288.00
2021/01/12,18.57,18.87,18.43,18.48,2639300,48366668.00
2021/01/13,18.36,18.62,17.73,17.74,3429843,61086276.00
2021/01/14,17.67,17.69,17.02,17.26,3460300,58907740.00
2021/01/15,17.21,18.96,17.12,18.96,5544650,99376960.00
2021/01/18,19.06,19.41,18.41,18.73,6223500,116004784.00
2021/01/19,18.62,19.34,18.41,18.79,4326100,80742080.00
2021/01/20,18.79,19.02,18.42,18.67,3090643,56954092.00
2021/01/21,18.86,19.57,18.75,18.76,3866850,72827480.00
2021/01/22,18.37,19.35,18.37,18.54,3343000,62195176.00
2021/01/25,18.49,18.54,17.34,17.49,3444939,60166232.00
2021/01/26,17.61,17.93,17.44,17.61,2289600,39927932.00
2021/01/27,17.59,17.87,17.23,17.43,2084067,35917276.00
2021/01/28,17.43,18.18,17.17,17.47,3075700,53617608.00
2021/01/29,17.47,17.57,16.73,16.99,2864300,48159712.00
2021/02/01,16.99,17.07,16.40,16.48,2003724,32747180.00
2021/02/02,16.48,16.97,16.38,16.79,2129824,35039888.00
2021/02/03,16.64,16.77,16.31,16.42,1959366,31759924.00
2021/02/04,16.47,16.55,15.68,15.85,1829500,28744504.00
2021/02/05,15.88,16.32,15.33,15.39,1859600,28803560.00
2021/02/08,15.56,15.56,14.83,14.91,1640200,24181730.00
2021/02/09,14.92,15.17,14.80,14.99,1254000,18466800.00
2021/02/10,14.99,15.32,14.89,15.05,1520800,22553564.00
2021/02/18,15.09,16.53,15.09,16.53,2673400,42017936.00
2021/02/19,17.14,18.16,16.78,18.16,5406300,93615248.00
2021/02/22,18.27,19.95,18.16,19.95,5704878,108684840.00
2021/02/23,20.54,21.92,20.15,21.92,4450667,94327880.00
2021/02/24,23.97,24.09,20.30,23.55,15705011,354252960.00
2021/02/25,22.17,24.37,21.36,22.71,12116534,272489312.00
2021/02/26,21.36,24.95,20.47,23.97,13650131,308324416.00
2021/03/01,23.00,25.04,22.85,24.17,12459450,296157728.00
2021/03/02,23.79,23.94,21.94,22.15,9905494,223103136.00
2021/03/03,22.26,23.17,21.07,22.33,8232300,178948864.00
2021/03/04,21.89,23.55,21.37,22.76,8624382,193170720.00
2021/03/05,22.48,25.01,21.77,25.01,9464683,228355488.00
2021/03/08,26.48,27.48,25.90,27.48,9219094,247358048.00
2021/03/09,29.24,30.15,25.77,26.76,18765334,529657568.00
2021/03/10,24.11,25.26,24.11,24.11,4912250,117859376.00
2021/03/11,21.73,25.57,21.73,23.52,12203342,278679936.00
2021/03/12,22.81,23.00,21.87,22.30,9679914,213739296.00
2021/03/15,21.99,23.37,21.36,22.67,8212984,184021264.00
2021/03/16,22.27,24.91,22.27,24.91,10442637,249042640.00
2021/03/17,25.27,26.47,24.85,25.29,13558645,342140192.00
2021/03/18,24.99,25.24,23.82,24.06,8782834,212062272.00
2021/03/19,23.77,25.78,22.97,25.00,10646533,257443872.00
2021/03/22,24.76,24.97,23.58,23.80,7459232,178888416.00
2021/03/23,23.36,24.26,21.97,22.04,7667375,172968896.00
2021/03/24,21.60,21.91,20.48,20.56,6671134,138307712.00
2021/03/25,20.53,22.13,19.88,21.20,6320400,132365000.00
2021/03/26,20.87,21.75,20.87,21.35,3814267,80024104.00
2021/03/29,21.41,22.07,21.16,21.46,3765400,80077792.00
2021/03/30,21.12,21.31,20.60,20.85,3374800,69584136.00
2021/03/31,21.10,22.66,20.97,22.14,7760000,168881616.00
2021/04/01,21.99,24.33,21.57,24.33,8735034,201527856.00
2021/04/02,25.59,25.62,23.37,23.37,12497310,302354848.00
2021/04/06,23.44,25.07,22.97,24.70,9265783,217843904.00
2021/04/07,24.02,26.66,23.33,25.27,11528757,285707296.00
2021/04/08,24.80,27.07,24.08,24.50,12868509,324719936.00
2021/04/09,23.45,24.22,23.12,23.32,7791308,181106608.00
2021/04/12,23.31,23.95,22.78,22.81,5173148,119182160.00
2021/04/13,22.46,23.20,22.07,22.68,4788241,106673912.00
2021/04/14,22.38,22.55,21.88,22.25,3600000,79156944.00
2021/04/15,22.21,22.48,21.79,21.82,2719191,59186872.00
2021/04/16,21.77,23.98,21.77,23.98,6356476,145613232.00
2021/04/19,24.65,25.08,23.97,24.22,9974358,241085040.00
2021/04/20,24.33,24.70,23.60,23.82,6655033,159007248.00
2021/04/21,23.67,23.87,23.01,23.37,4058434,93764792.00
2021/04/22,23.62,23.76,22.99,23.14,3281615,75379048.00
2021/04/23,23.22,23.25,22.33,22.46,3540110,79029064.00
2021/04/26,22.78,24.21,22.47,22.86,5756600,132171936.00
2021/04/27,22.44,23.09,21.87,22.58,4081800,90257872.00
2021/04/28,22.67,23.25,22.07,22.97,2948200,66650764.00
2021/04/29,22.70,24.62,22.51,24.00,8289567,196197952.00
2021/04/30,23.72,24.08,22.75,22.80,5394400,123879120.00
2021/05/06,22.27,22.80,21.82,22.64,2972700,66107496.00
2021/05/07,22.44,23.77,22.23,23.15,4406727,100353648.00
2021/05/10,22.81,23.09,22.38,22.63,2979876,66584184.00
2021/05/11,22.43,23.52,22.43,22.88,2769200,62908344.00
2021/05/12,22.58,23.52,22.53,23.33,3999800,91964856.00
2021/05/13,23.25,23.87,22.78,22.87,4378967,101094752.00
2021/05/14,22.77,23.09,22.27,22.44,3948375,88006528.00
2021/05/17,22.08,22.71,22.08,22.24,2490000,54854272.00
2021/05/18,22.19,22.54,22.11,22.37,1600900,35191640.00
2021/05/19,22.37,22.37,21.27,21.50,3378500,72611544.00
2021/05/20,21.28,21.49,20.60,20.77,2608400,53894580.00
2021/05/21,20.78,21.67,20.78,21.16,2134900,44828848.00
2021/05/24,20.94,21.38,20.54,20.81,1619300,33245692.00
2021/05/25,20.81,21.24,20.77,20.90,1304775,27006556.00
2021/05/26,20.99,21.67,20.92,21.31,1846333,38802380.00
2021/05/27,21.08,21.54,21.08,21.26,1487800,31332088.00
2021/05/28,21.26,21.46,21.07,21.32,1603975,33603964.00
2021/05/31,21.49,23.43,21.44,23.43,4829100,108020208.00
2021/06/01,24.35,25.75,23.43,23.90,11507775,278591552.00
2021/06/02,23.72,23.89,22.95,23.52,7293800,168331712.00
2021/06/03,23.41,23.67,23.04,23.05,3912366,90170704.00
2021/06/04,23.17,23.67,22.83,23.13,3068400,70669960.00
2021/06/07,23.16,23.80,22.92,23.78,3973134,92338368.00
2021/06/08,23.79,23.86,22.89,23.07,2970776,68043784.00
2021/06/09,23.02,23.41,22.59,23.41,2413967,55089048.00
2021/06/10,23.30,23.77,22.88,22.90,2778667,63702432.00
2021/06/11,22.75,22.86,21.58,21.94,4059267,89039872.00
2021/06/15,21.94,22.72,21.49,22.38,2857175,62734900.00
2021/06/16,22.32,22.50,21.65,21.97,1514800,32947072.00
2021/06/17,21.85,22.43,21.77,22.15,1280800,28029276.00
2021/06/18,21.88,22.32,21.87,22.15,1191400,25970416.00
2021/06/21,22.15,22.15,21.48,21.64,2902100,62242768.00
2021/06/22,21.62,22.45,21.57,21.76,2259600,48984312.00
2021/06/23,21.77,21.89,21.37,21.40,1986308,42101128.00
2021/06/24,21.37,21.61,21.05,21.08,1658700,34769904.00
2021/06/25,21.08,21.24,20.93,21.15,1312900,27317252.00
2021/06/28,21.17,21.77,21.16,21.63,1842800,39225408.00
2021/06/29,21.55,21.62,21.04,21.05,1717600,35940036.00
2021/06/30,20.63,21.27,20.63,20.92,1211200,25042864.00
2021/07/01,21.13,21.46,20.94,21.10,1621100,33937696.00
2021/07/02,21.10,21.37,20.92,21.03,1086703,22661000.00
2021/07/05,20.82,21.27,20.80,21.20,987200,20549382.00
2021/07/06,21.22,21.71,21.09,21.62,1842800,38941280.00
2021/07/07,21.38,21.63,21.34,21.56,1092300,23195684.00
2021/07/08,21.57,21.74,21.31,21.53,1259008,26698192.00
2021/07/09,21.65,21.65,20.74,20.77,2281308,47183448.00
2021/07/12,20.88,21.04,20.77,20.82,1229400,25363976.00
2021/07/13,20.89,20.95,20.37,20.57,1294700,26167200.00
2021/07/14,20.66,20.66,19.98,20.05,1764000,34865512.00
2021/07/15,19.86,19.86,18.50,18.98,2612466,48716040.00
2021/07/16,18.99,19.94,18.99,19.54,1714867,32740636.00
2021/07/19,19.67,20.12,19.31,20.11,1656234,32251988.00
2021/07/20,19.93,20.10,19.70,20.00,954767,18663674.00
2021/07/21,20.10,20.68,20.00,20.49,1674100,33487104.00
2021/07/22,20.57,20.68,20.08,20.46,1490772,29819068.00
2021/07/23,20.37,20.57,20.05,20.21,1395450,27818692.00
2021/07/26,20.25,20.68,20.17,20.57,1995700,40152296.00
2021/07/27,20.57,21.59,20.57,21.35,3337491,69497520.00
2021/07/28,21.02,21.47,19.38,21.47,2616008,52774740.00
2021/07/29,21.58,21.87,21.24,21.65,2548000,54072544.00
2021/07/30,21.87,21.97,20.95,21.32,2181292,45845416.00
2021/08/02,21.18,21.41,20.95,21.27,1262300,26289148.00
2021/08/03,21.30,21.55,20.69,20.78,1331200,27643098.00
2021/08/04,20.72,21.52,20.69,21.47,1769775,36981340.00
2021/08/05,21.46,21.74,21.06,21.53,2154500,45255192.00
2021/08/06,21.72,21.72,21.12,21.17,1013450,21188074.00
2021/08/09,21.07,21.52,21.02,21.27,1231900,25844824.00
2021/08/10,21.22,23.36,21.17,23.36,5887267,130688544.00
2021/08/11,23.25,25.66,22.67,25.32,11604429,282098624.00
2021/08/12,25.43,26.82,24.90,24.99,8934693,225700800.00
2021/08/13,24.99,25.39,23.83,23.90,4797917,114331416.00
2021/08/16,24.19,24.83,23.39,24.00,4122500,98339104.00
2021/08/17,23.94,26.34,23.86,25.18,6384876,158227984.00
2021/08/18,25.18,26.37,23.93,26.15,5831076,148403680.00
2021/08/19,25.89,26.77,25.17,25.42,4213025,107115512.00
2021/08/20,25.80,26.87,24.82,26.64,5873333,152271744.00
2021/08/23,26.66,28.87,25.96,27.89,5507800,150437136.00
2021/08/24,27.89,28.71,27.07,27.89,4456000,122370176.00
2021/08/25,27.89,28.37,27.09,27.19,3235533,87536696.00
2021/08/26,27.20,28.15,26.57,27.40,2957100,80384568.00
2021/08/27,27.36,30.10,27.15,29.04,6692291,193253696.00
2021/08/30,28.37,29.62,27.67,28.03,5330400,149294896.00
2021/08/31,28.27,28.82,26.17,28.71,5379991,144321728.00
2021/09/01,28.10,28.89,26.68,26.77,3760050,102019712.00
2021/09/02,26.45,27.56,25.95,27.06,2229116,59248120.00
2021/09/03,27.46,28.57,26.37,27.86,3249384,89572256.00
2021/09/06,28.15,28.30,26.99,27.64,2331728,63306404.00
2021/09/07,27.53,27.73,26.87,27.37,1657706,44771612.00
2021/09/08,27.91,28.12,26.40,26.72,2640550,70263256.00
2021/09/09,26.72,27.02,26.45,26.89,1271408,33560872.00
2021/09/10,26.97,28.82,26.87,27.78,2840772,78873712.00
2021/09/13,27.72,28.17,26.97,27.87,1671915,45370468.00
2021/09/14,27.87,28.77,27.17,27.37,2342710,64768168.00
2021/09/15,27.17,27.57,26.57,26.87,1540300,40898888.00
2021/09/16,26.81,28.08,26.81,27.32,1591176,43126800.00
2021/09/17,27.67,28.85,26.98,28.67,2958300,81821752.00
2021/09/22,28.49,31.50,27.97,31.50,4527831,136747472.00
2021/09/23,32.62,34.57,31.50,32.92,6544123,211676992.00
2021/09/24,32.87,35.14,32.59,33.64,5204117,174331200.00
2021/09/27,32.92,33.57,31.18,33.14,3787852,122033952.00
2021/09/28,33.37,34.23,32.33,33.58,3209627,105812144.00
2021/09/29,33.40,33.40,30.26,30.26,3323981,103486128.00
2021/09/30,29.15,32.37,29.15,32.07,2894379,89315440.00
2021/10/08,32.13,32.42,29.17,29.74,3049649,90488592.00
2021/10/11,30.32,30.66,29.14,30.03,2034100,60572280.00
2021/10/12,30.22,33.00,30.15,31.68,5879500,188169248.00
2021/10/13,31.89,32.02,29.23,29.72,5236211,154585920.00
2021/10/14,29.20,29.33,27.01,27.43,3695476,101268472.00
2021/10/15,27.56,29.23,27.48,28.18,2619601,73227072.00
2021/10/18,27.96,28.82,27.37,27.97,2519076,69392464.00
2021/10/19,28.38,28.81,27.12,27.41,1883575,51122184.00
2021/10/20,27.04,27.55,26.53,27.07,2648651,70378672.00
2021/10/21,26.97,27.10,25.69,26.53,3145577,81851744.00
2021/10/22,26.63,28.17,26.63,26.73,3268376,88298368.00
2021/10/25,26.74,28.94,25.87,28.60,3583947,99376376.00
2021/10/26,28.60,29.17,28.07,28.83,2292500,64742496.00
2021/10/27,28.68,28.79,27.22,27.43,2107496,57861336.00
2021/10/28,27.03,27.85,26.17,26.82,2434816,64497544.00
2021/10/29,26.60,27.16,26.25,26.31,1667630,43630856.00
2021/11/01,26.62,27.50,26.36,27.13,1743247,46536356.00
2021/11/02,27.30,27.79,25.72,26.11,3459800,91018144.00
2021/11/03,26.11,26.75,23.54,26.68,2004268,51806616.00
2021/11/04,27.07,27.07,26.34,26.57,1438767,37871176.00
2021/11/05,26.56,26.56,25.75,25.97,1447368,37077448.00
2021/11/08,25.40,26.36,25.05,25.40,1910330,47999576.00
2021/11/09,25.28,26.15,25.28,25.97,1516516,38530456.00
2021/11/10,26.07,26.08,25.15,25.47,1676200,42005320.00
2021/11/11,25.53,25.85,25.20,25.49,913698,23017556.00
2021/11/12,25.49,26.16,25.23,25.72,1487368,37532276.00
2021/11/15,25.77,26.55,25.37,25.48,2345198,59900900.00
2021/11/16,25.52,25.52,23.97,24.22,3657800,88084672.00
2021/11/17,24.22,24.59,24.07,24.56,1434318,34383704.00
2021/11/18,24.56,25.22,24.17,24.66,1665116,40671444.00
2021/11/19,24.79,26.56,24.54,26.00,3359050,85096888.00
2021/11/22,26.30,26.84,25.87,26.70,2313250,60443012.00
2021/11/23,26.55,28.15,26.48,27.76,3411572,93344984.00
2021/11/24,27.74,28.67,27.33,27.76,2471700,67800120.00
2021/11/25,27.67,27.97,27.07,27.17,1577500,42569408.00
2021/11/26,26.95,27.19,26.57,26.91,1265150,33510972.00
2021/11/29,26.66,26.76,25.95,26.37,1677800,43457308.00
2021/11/30,26.39,27.05,26.14,26.36,1359305,35718108.00
2021/12/01,26.47,26.60,25.99,26.28,1900705,49061720.00
2021/12/02,26.16,26.57,26.02,26.07,1313300,33983628.00
2021/12/03,26.09,26.42,25.27,25.72,1666200,42042312.00
2021/12/06,25.71,25.71,24.67,24.92,1813735,44575356.00
2021/12/07,24.98,25.04,24.15,24.63,1294600,31261376.00
2021/12/08,24.76,25.39,24.33,25.08,1322050,32419232.00
2021/12/09,25.08,25.17,24.65,24.71,1166600,28528776.00
2021/12/10,24.70,25.57,24.53,25.33,1621967,40342144.00
2021/12/13,25.36,25.55,25.09,25.37,1124600,28056896.00
2021/12/14,25.38,25.43,25.08,25.13,912400,22674066.00
2021/12/15,25.13,25.33,24.70,24.72,957100,23520552.00
2021/12/16,24.57,24.85,24.24,24.49,1340067,32273618.00
2021/12/17,24.07,24.87,23.64,23.65,2147280,50936848.00
2021/12/20,23.63,23.85,22.54,22.72,2080676,47057792.00
2021/12/21,22.64,23.62,22.57,23.36,1528976,34762364.00
2021/12/22,23.37,24.16,23.24,23.57,1107300,25756294.00
2021/12/23,23.57,23.65,23.12,23.60,889176,20483266.00
2021/12/24,23.77,23.77,22.72,22.83,1095500,24863608.00
2021/12/27,22.82,23.31,22.62,23.03,715680,16191284.00
2021/12/28,23.04,23.36,22.64,22.83,805600,18087476.00
2021/12/29,22.73,22.99,22.57,22.57,810439,18061600.00
2021/12/30,22.66,23.17,20.37,22.83,1429400,32187638.00
2021/12/31,22.91,22.92,22.17,22.21,1646300,36276696.00
2022/01/04,22.21,23.12,22.21,22.84,1433372,32087882.00
2022/01/05,22.94,23.13,22.35,23.13,1609076,36036112.00
2022/01/06,23.13,23.31,22.87,23.16,1102963,25070144.00
2022/01/07,23.20,23.20,22.49,22.53,942000,21157338.00
2022/01/10,22.52,22.81,22.09,22.58,673100,14890675.00
2022/01/11,22.57,22.87,22.52,22.72,657900,14702306.00
2022/01/12,22.71,23.37,22.58,23.22,1279887,29185280.00
2022/01/13,23.22,23.87,23.02,23.46,1762097,40823608.00
2022/01/14,23.37,23.99,23.15,23.27,1436500,33397646.00
2022/01/17,23.27,23.80,23.27,23.55,1197087,27738252.00
2022/01/18,23.58,23.83,22.81,22.85,1336000,30398646.00
2022/01/19,22.82,23.57,22.81,23.31,1181300,26988258.00
2022/01/20,23.46,23.46,21.98,22.33,1718000,37897712.00
2022/01/21,22.13,22.24,21.38,21.58,1103600,23474000.00
2022/01/24,21.58,21.79,20.97,21.28,594500,12477486.00
2022/01/25,21.39,22.08,20.37,20.39,1179100,24457270.00
2022/01/26,20.47,21.08,20.39,20.96,907100,18502952.00
2022/01/27,21.04,21.04,20.17,20.43,913894,18349096.00
2022/01/28,20.42,20.97,20.03,20.84,953194,19273144.00
2022/02/07,20.96,21.32,20.76,20.94,561600,11593395.00
2022/02/08,21.02,21.13,20.65,21.10,631600,13015188.00
2022/02/09,21.20,21.23,20.94,21.23,483800,10009665.00
2022/02/10,21.23,21.23,20.64,20.78,927000,18944248.00
2022/02/11,20.86,20.87,20.32,20.47,660700,13270746.00
2022/02/14,20.33,20.79,20.07,20.54,764400,15490079.00
2022/02/15,20.54,20.59,20.17,20.40,474300,9466804.00
2022/02/16,20.55,20.87,20.44,20.68,647800,13158758.00
2022/02/17,20.76,20.82,20.41,20.42,678900,13703278.00
2022/02/18,20.37,20.54,20.17,20.49,674500,13442216.00
2022/02/21,20.56,20.87,20.40,20.78,834100,16965348.00
2022/02/22,20.75,20.76,20.22,20.35,1080562,21584196.00
2022/02/23,20.43,20.95,20.40,20.93,1264000,25813060.00
2022/02/24,20.88,21.10,20.26,20.43,1639606,33328956.00
2022/02/25,20.33,21.06,20.33,20.77,1233400,25221946.00
2022/02/28,20.80,21.03,20.27,20.57,1078359,21760468.00
2022/03/01,20.68,21.02,20.65,20.99,1051059,21575104.00
2022/03/02,20.91,21.22,20.86,21.07,904706,18693032.00
2022/03/03,21.04,21.15,20.89,20.93,838400,17317252.00
2022/03/04,20.93,20.93,20.48,20.60,773300,15668434.00
2022/03/07,20.65,20.65,20.28,20.36,716400,14359352.00
2022/03/08,20.33,20.46,19.31,19.39,1049776,20290628.00
2022/03/09,19.37,19.55,17.61,18.52,1309726,23837260.00
2022/03/10,18.87,19.54,18.34,19.12,978067,18305226.00
2022/03/11,18.73,19.11,18.41,19.00,642700,11809633.00
2022/03/14,19.17,19.17,18.34,18.34,712600,12955012.00
2022/03/15,18.21,18.41,17.50,17.52,1107800,19512324.00
2022/03/16,17.80,17.94,16.97,17.78,1068400,18303770.00
2022/03/17,18.05,18.58,18.00,18.33,1329578,23897228.00
2022/03/18,18.33,18.46,18.18,18.33,627359,11276989.00
2022/03/21,18.33,18.84,18.26,18.76,1160694,21211488.00
2022/03/22,18.76,18.84,18.29,18.39,675300,12179220.00
2022/03/23,18.40,18.77,18.26,18.47,665900,12026474.00
2022/03/24,18.38,18.46,18.02,18.14,639000,11366915.00
2022/03/25,18.42,18.63,18.07,18.17,814100,14628900.00
2022/03/28,18.17,18.18,17.58,17.91,601400,10527488.00
2022/03/29,17.91,18.16,17.37,17.47,774200,13373519.00
2022/03/30,17.62,17.97,17.37,17.93,737200,12822106.00
2022/03/31,17.99,18.78,17.64,18.37,1236567,22236036.00
2022/04/01,18.85,20.17,18.16,20.17,2962787,56268920.00
2022/04/06,20.81,22.05,20.25,20.84,4885700,100663744.00
2022/04/07,20.61,21.46,20.07,20.62,2842621,57470168.00
2022/04/08,20.65,20.67,19.47,19.93,2081300,40756244.00
2022/04/11,19.93,20.15,19.37,19.48,1511421,29171310.00
2022/04/12,19.46,19.61,19.09,19.57,1137587,21640904.00
2022/04/13,19.67,19.95,18.67,18.72,1328100,25003064.00
2022/04/14,18.73,19.35,16.89,18.96,1599300,29735278.00
2022/04/15,18.77,18.78,17.92,18.06,1240000,22059840.00
2022/04/18,18.22,19.83,18.07,19.83,2825800,53881092.00
2022/04/19,19.75,20.96,19.53,19.99,4647500,91919432.00
2022/04/20,19.97,20.23,19.37,19.67,2183100,42295352.00
2022/04/21,19.49,19.51,18.22,18.32,1804700,33168198.00
2022/04/22,17.87,18.58,17.78,17.85,1365162,24060936.00
2022/04/25,17.72,17.72,16.10,16.12,1600900,26175528.00
2022/04/26,15.87,16.10,14.55,14.55,1692300,25054476.00
2022/04/27,13.39,15.05,13.39,14.88,1527000,21140382.00
2022/04/28,14.37,15.02,14.28,14.47,810600,11494315.00
2022/04/29,14.62,15.36,14.62,15.23,953287,14006329.00
2022/05/05,15.17,15.57,15.02,15.30,622400,9334400.00
2022/05/06,15.17,15.25,14.87,14.93,636900,9326795.00
2022/05/09,14.93,15.36,14.87,15.04,669600,9848040.00
2022/05/10,14.84,15.37,14.37,15.31,945867,14011532.00
2022/05/11,15.29,15.89,15.06,15.44,1033900,15793791.00
2022/05/12,15.47,15.82,15.30,15.69,1026800,15670441.00
2022/05/13,15.81,16.87,15.68,16.04,1719267,27165572.00
2022/05/16,16.05,16.36,15.95,16.10,998367,15734145.00
2022/05/17,15.85,16.33,15.81,16.09,927800,14549687.00
2022/05/18,16.10,16.87,15.90,16.74,1488567,24067912.00
2022/05/19,16.39,16.76,16.38,16.73,805100,13066034.00
2022/05/20,16.58,16.86,16.53,16.64,629500,10249141.00
2022/05/23,16.76,17.01,16.58,16.92,723602,11893032.00
2022/05/24,16.92,17.31,16.21,16.24,1169600,19215040.00
2022/05/25,16.24,16.89,15.78,16.50,1215578,19628528.00
2022/05/26,16.74,16.74,16.03,16.30,671400,10718394.00
2022/05/27,16.18,16.75,16.18,16.37,777300,12482271.00
2022/05/30,16.58,16.64,16.09,16.61,661500,10639495.00
2022/05/31,16.96,16.96,16.18,16.41,786300,12612039.00
2022/06/01,16.41,16.95,16.41,16.58,845167,13812962.00
2022/06/02,16.60,17.02,16.30,16.99,1114534,18288846.00
2022/06/06,16.92,17.53,16.92,17.48,1207000,20506814.00
2022/06/07,17.45,17.53,16.85,16.94,1071667,17880664.00
2022/06/08,16.94,17.07,16.48,16.91,907900,14918127.00
2022/06/09,16.91,16.91,15.99,16.22,1200167,19142318.00
2022/06/10,16.22,16.85,15.92,16.75,1376800,22331116.00
2022/06/13,17.21,17.21,16.67,16.99,1123700,18666038.00
2022/06/14,16.87,17.18,16.44,17.08,924000,15174054.00
2022/06/15,17.10,17.46,16.77,16.96,1110600,18665362.00
2022/06/16,16.96,17.31,16.83,17.16,853400,14280300.00
2022/06/17,17.15,17.43,16.97,17.37,1194000,20131152.00
2022/06/20,17.36,18.21,17.36,17.76,1612000,28230736.00
2022/06/21,17.72,17.88,17.20,17.50,1164400,19968166.00
2022/06/22,17.51,17.75,17.17,17.17,1061400,18139112.00
2022/06/23,17.29,18.85,17.22,18.85,2257054,40782948.00
2022/06/24,19.77,20.70,18.76,20.70,7065307,134291472.00
2022/06/27,20.97,22.73,20.71,21.85,9226739,197104384.00
2022/06/28,21.02,21.03,20.02,20.52,6529071,131566856.00
2022/06/29,20.57,20.85,19.18,19.32,5260050,102353656.00
2022/06/30,19.04,19.98,18.77,19.46,4219395,79785400.00
2022/07/01,19.14,19.53,18.62,18.79,2585157,47794428.00
2022/07/04,19.03,19.12,18.62,19.05,1668200,30936756.00
2022/07/05,18.97,19.33,18.41,18.60,1701156,31219604.00
2022/07/06,18.59,19.32,18.31,19.19,2558371,47707908.00
2022/07/07,18.92,19.59,18.77,19.15,2187400,41355532.00
2022/07/08,18.98,19.97,18.94,19.58,2305100,44153280.00
2022/07/11,19.40,19.40,18.48,18.74,1787000,32782032.00
2022/07/12,18.39,18.97,18.27,18.33,1082400,19598380.00
2022/07/13,18.27,18.58,18.07,18.44,944199,16933736.00
2022/07/14,18.30,18.86,18.30,18.71,969300,17705744.00
2022/07/15,18.71,19.21,18.38,18.66,1107300,20443886.00
2022/07/18,18.73,19.30,18.62,18.88,934416,17284862.00
2022/07/19,18.94,19.35,18.86,19.24,1473600,27672292.00
2022/07/20,19.25,19.25,18.75,18.89,865700,16017456.00
2022/07/21,18.73,20.25,18.64,19.69,2592300,49741624.00
2022/07/22,19.55,20.45,19.38,20.20,3385100,66504352.00
2022/07/25,20.20,20.35,19.54,19.55,1638900,31974226.00
2022/07/26,19.55,19.92,19.06,19.86,1198100,22952072.00
2022/07/27,19.85,20.23,19.60,20.05,1239378,24348052.00
2022/07/28,20.07,20.23,19.77,19.83,977778,19106900.00
2022/07/29,19.67,20.07,19.58,19.84,952300,18532124.00
2022/08/01,19.87,20.05,19.30,19.60,867500,16536124.00
2022/08/02,19.49,19.49,18.18,18.48,1440400,26269076.00
2022/08/03,18.47,20.28,18.47,20.28,2572500,50496528.00
2022/08/04,20.81,21.23,19.88,20.38,5000400,100647200.00
2022/08/05,20.37,20.52,19.78,19.90,2433800,47657200.00
2022/08/08,20.03,20.97,19.52,20.77,3171295,63552992.00
2022/08/09,20.80,21.04,20.37,20.67,1803895,36282112.00
2022/08/10,20.83,20.83,20.07,20.65,1308400,26117192.00
2022/08/11,20.78,20.96,20.36,20.72,1774100,35819288.00
2022/08/12,20.72,20.96,20.23,20.23,1374200,27533042.00
2022/08/15,20.32,20.54,20.08,20.46,944800,18835558.00
2022/08/16,20.46,21.06,20.27,20.63,1453000,29380632.00
2022/08/17,20.51,20.67,20.20,20.37,1077900,21459968.00
2022/08/18,20.20,20.76,20.20,20.65,1198300,24096724.00
2022/08/19,20.55,20.87,19.69,19.79,1546800,30155792.00
2022/08/22,19.57,20.17,19.28,20.03,1076389,20758462.00
2022/08/23,20.07,20.47,19.90,19.98,764100,14996012.00
2022/08/24,19.86,20.11,19.17,19.48,1001900,19073812.00
2022/08/25,19.17,19.62,19.11,19.46,666989,12584753.00
2022/08/26,19.45,19.77,19.17,19.18,609200,11542175.00
2022/08/29,19.01,19.35,18.83,19.32,504700,9442546.00
2022/08/30,19.28,19.55,18.96,19.47,671400,12661509.00
2022/08/31,19.17,19.49,18.45,18.57,826100,15200605.00
2022/09/01,18.57,19.03,18.51,18.72,582200,10671257.00
2022/09/02,18.72,19.00,18.58,18.93,322800,5940494.00
2022/09/05,18.97,19.38,18.82,19.02,386900,7207672.00
2022/09/06,19.06,19.17,18.75,19.07,269700,5014892.00
2022/09/07,18.77,19.35,18.77,19.16,319500,5977201.00
2022/09/08,19.26,19.35,18.67,18.68,511700,9452395.00
2022/09/09,18.78,19.13,18.53,18.99,465300,8568138.00
2022/09/13,18.99,19.66,18.99,19.50,792404,14988319.00
2022/09/14,19.43,19.43,19.02,19.29,450900,8463842.00
2022/09/15,19.29,19.37,18.66,18.87,442900,8147535.00
2022/09/16,18.90,19.13,18.33,18.41,388400,7060873.00
2022/09/19,18.41,18.43,17.94,18.06,413500,7303431.00
2022/09/20,18.06,19.75,18.06,19.56,1123904,20987124.00
2022/09/21,19.56,19.56,18.92,18.92,827600,15486108.00
2022/09/22,18.85,19.16,18.58,18.72,499100,9160815.00
2022/09/23,18.73,19.00,17.97,18.08,743300,13138729.00
2022/09/26,18.07,18.22,17.57,17.60,465900,8127147.00
2022/09/27,17.57,18.32,17.57,18.26,556200,9788886.00
2022/09/28,18.26,18.37,17.79,17.95,347500,6110686.00
2022/09/29,17.97,19.17,17.85,18.48,738694,13412866.00
2022/09/30,18.00,18.87,17.97,18.23,449798,7981553.00
2022/10/10,18.21,19.05,18.21,18.66,690800,12603426.00
2022/10/11,18.66,18.97,18.48,18.79,464600,8505748.00
2022/10/12,18.62,19.09,18.57,19.03,436800,8033310.00
2022/10/13,19.03,19.20,18.85,18.92,337200,6250671.00
2022/10/14,19.06,19.14,18.94,19.08,362300,6736345.00
2022/10/17,19.27,19.27,18.92,19.05,254700,4734656.00
2022/10/18,19.46,20.35,19.14,19.40,1059472,20280752.00
2022/10/19,19.25,19.77,19.00,19.02,723100,13650954.00
2022/10/20,18.93,19.97,18.70,19.51,1280172,24446672.00
2022/10/21,19.48,19.57,19.08,19.41,661900,12478991.00
2022/10/24,19.41,19.77,18.97,19.27,643300,12057844.00
2022/10/25,18.97,19.55,18.97,19.45,574900,10851418.00
2022/10/26,19.44,19.65,19.36,19.53,397900,7588887.00
2022/10/27,19.47,19.67,19.43,19.45,298100,5677373.00
2022/10/28,19.27,19.37,18.95,19.00,496600,9238628.00
2022/10/31,19.00,19.31,18.67,19.09,245700,4574730.00
2022/11/01,19.31,19.67,18.92,19.50,608000,11527930.00
2022/11/02,19.45,19.75,19.33,19.66,651042,12455634.00
2022/11/03,19.52,19.97,19.48,19.84,607943,11756755.00
2022/11/04,19.84,20.70,19.84,20.41,2096261,41874336.00
2022/11/07,20.49,21.76,20.43,21.38,2422200,50398912.00
2022/11/08,21.41,23.47,21.41,23.47,4664600,104315376.00
2022/11/09,24.43,24.67,21.97,22.44,6613648,148490736.00
2022/11/10,22.38,22.46,21.97,22.10,3082200,66910776.00
2022/11/11,22.26,22.61,21.68,22.17,2649831,57071072.00
2022/11/14,22.77,22.84,21.68,22.00,1694417,36427744.00
2022/11/15,22.07,22.75,21.86,22.45,2197348,48311448.00
2022/11/16,22.45,22.85,22.37,22.57,1070269,23648196.00
2022/11/17,22.57,23.10,22.28,23.07,1322300,29467766.00
2022/11/18,23.07,23.97,22.83,23.32,1376200,31543172.00
2022/11/21,23.20,23.47,22.61,22.85,1200500,26859298.00
2022/11/22,22.99,24.15,22.47,23.13,2095300,48098700.00
2022/11/23,23.27,23.96,23.18,23.56,1740194,40124744.00
2022/11/24,23.44,24.27,23.44,23.95,1574300,37006952.00
2022/11/25,23.97,23.97,23.17,23.57,1089200,25098510.00
2022/11/28,23.53,23.66,22.99,23.08,1082200,24637428.00
2022/11/29,23.08,23.37,22.44,22.66,1468700,32670160.00
2022/11/30,22.82,23.42,22.61,23.02,2015600,45485104.00
2022/12/01,23.02,23.29,22.52,22.79,1311400,29208170.00
2022/12/02,22.79,22.79,22.29,22.29,818600,18039950.00
2022/12/05,22.47,22.93,22.25,22.65,1688900,37552180.00
2022/12/06,22.78,23.35,22.42,23.10,1868600,42061388.00
2022/12/07,23.10,23.20,22.50,23.02,1287100,28662792.00
2022/12/08,23.01,23.01,22.39,22.60,841900,18656682.00
2022/12/09,22.65,22.94,22.39,22.69,750400,16629905.00
2022/12/12,22.57,24.91,22.57,24.91,4208480,100505704.00
2022/12/13,24.91,25.55,24.05,25.18,5111748,125124136.00
2022/12/14,25.05,26.19,24.96,25.32,2731748,68547072.00
2022/12/15,25.33,26.47,25.03,26.02,2614783,66459200.00
2022/12/16,25.61,25.67,24.64,24.95,2363857,58064676.00
2022/12/19,25.22,25.27,23.95,24.36,2396500,57625864.00
2022/12/20,24.49,25.15,24.08,24.97,1757557,42690728.00
2022/12/21,25.19,25.60,24.56,25.45,1356700,33586880.00
2022/12/22,25.47,25.92,25.00,25.38,1085100,26990508.00
2022/12/23,25.37,25.43,24.22,24.69,1811900,43947652.00
2022/12/26,24.97,25.17,24.17,24.91,1072400,26223864.00
2022/12/27,25.33,25.33,24.46,24.72,751300,18160036.00
2022/12/28,24.81,25.24,24.47,25.06,1070600,26086438.00
2022/12/29,25.06,26.47,25.06,25.31,2003000,50803392.00
2022/12/30,25.47,25.85,24.86,25.37,984800,24406490.00
2023/01/03,25.45,27.57,25.21,27.35,3594300,94563664.00
2023/01/04,27.25,27.67,26.64,27.53,2510700,66954404.00
2023/01/05,27.48,27.70,26.92,27.24,902000,24263976.00
2023/01/06,27.37,28.19,27.08,27.99,1560100,42381252.00
2023/01/09,27.80,28.13,27.48,27.55,1193100,32585228.00
2023/01/10,27.75,27.78,27.17,27.22,1007400,27057388.00
2023/01/11,27.41,27.41,26.67,26.88,819200,21727970.00
2023/01/12,27.00,27.43,26.77,27.04,579401,15451694.00
2023/01/13,27.09,27.40,26.76,26.78,541500,14327717.00
2023/01/16,26.79,28.08,26.68,27.22,1253400,33707244.00
2023/01/17,27.25,27.57,27.02,27.37,504000,13497662.00
2023/01/18,26.97,27.71,26.97,27.43,547100,14770556.00
2023/01/19,27.25,27.92,26.87,26.89,885200,23793148.00
2023/01/20,27.42,27.42,26.83,27.10,474900,12602137.00
2023/01/30,27.13,27.94,27.10,27.61,1275700,34642564.00
2023/01/31,27.85,27.97,27.38,27.74,786500,21455462.00
2023/02/01,27.66,27.90,27.39,27.47,753100,20379784.00
2023/02/02,27.38,27.87,27.27,27.30,733400,19816972.00
2023/02/03,27.41,28.15,27.13,27.27,1239700,33441492.00
2023/02/06,27.28,27.43,26.79,27.02,788200,20965568.00
2023/02/07,27.12,27.67,26.69,26.94,886900,23558274.00
2023/02/08,26.97,27.12,26.47,26.80,1302300,34246840.00
2023/02/09,26.67,27.57,26.67,26.85,1571700,41838912.00
2023/02/10,26.94,27.27,26.16,26.17,1713900,44741544.00
2023/02/13,26.37,28.27,26.05,27.14,2909500,78360504.00
2023/02/14,27.07,27.45,26.97,27.22,758200,20214456.00
2023/02/15,27.35,28.39,27.04,27.14,1697000,45965656.00
2023/02/16,27.29,27.39,26.11,26.17,1641500,43122548.00
2023/02/17,26.17,27.12,26.17,26.43,1003200,26159596.00
2023/02/20,26.47,27.22,26.19,27.08,1320257,34778716.00
2023/02/21,27.09,27.96,26.87,27.89,1810400,49214192.00
2023/02/22,27.89,30.63,27.82,30.63,5075200,150458704.00
2023/03/02,32.47,32.47,27.61,29.37,6964295,198292032.00
2023/03/03,28.54,32.26,28.47,32.26,2756400,83362048.00
2023/03/06,33.47,33.47,31.25,32.37,5443462,173838880.00
2023/03/07,32.05,32.68,30.54,30.62,3677699,114080928.00
2023/03/08,30.79,30.96,29.32,29.97,2955700,86919528.00
2023/03/09,29.97,29.97,28.87,29.11,2101501,60363800.00
2023/03/10,28.87,28.99,28.47,28.77,1527135,43113096.00
2023/03/13,28.82,31.60,28.70,31.60,2683735,79219104.00
2023/03/14,31.76,34.65,31.35,32.96,4638300,150004320.00
2023/03/15,33.15,33.59,32.58,33.31,2704500,88305784.00
2023/03/16,33.96,33.96,32.27,32.47,1832000,59273000.00
2023/03/17,32.32,33.49,32.16,32.88,1703800,55127628.00
2023/03/20,33.20,33.89,32.72,32.85,1467000,47965800.00
2023/03/21,33.02,33.02,31.57,31.82,1584100,49727768.00
2023/03/22,31.83,32.46,31.53,32.33,883200,27981468.00
2023/03/23,32.04,32.77,31.76,32.21,842100,26842794.00
2023/03/24,32.23,32.97,32.10,32.44,788300,25271942.00
2023/03/27,32.30,32.30,31.59,31.78,804200,25169568.00
2023/03/28,32.05,34.91,31.74,32.78,1682879,54536228.00
2023/03/29,32.94,32.95,30.47,32.77,1151800,36609932.00
2023/03/30,32.76,32.76,31.33,31.40,1015600,31855088.00
2023/03/31,31.24,31.97,31.24,31.46,661400,20544580.00
2023/04/03,31.28,31.97,30.87,31.97,852000,26377644.00
2023/04/04,31.47,33.15,31.37,32.82,1020900,32688404.00
2023/04/06,32.53,33.26,32.45,32.65,889400,28749440.00
2023/04/07,33.37,34.16,32.47,32.78,1017600,33498916.00
2023/04/10,32.78,32.94,32.18,32.67,560600,17981316.00
2023/04/11,32.68,32.94,31.67,32.12,754385,23724216.00
2023/04/12,32.07,32.46,31.68,32.14,410400,12956333.00
2023/04/13,32.24,32.24,31.48,31.59,485700,15217246.00
2023/04/14,31.59,32.67,31.59,31.98,591700,18744492.00
2023/04/17,31.81,32.35,31.49,32.02,552700,17348488.00
2023/04/18,32.25,32.90,31.60,32.90,843700,26950734.00
2023/04/19,32.91,33.36,31.82,31.91,802600,25446608.00
2023/04/20,31.91,31.91,30.92,31.12,836400,25761836.00
2023/04/21,31.30,31.46,30.17,30.17,666279,20110820.00
2023/04/24,30.16,30.37,28.55,28.69,1759646,50336016.00
2023/04/25,27.83,28.46,26.80,26.84,2651600,71676120.00
2023/04/26,28.16,28.19,26.40,26.79,1670600,44275656.00
2023/04/27,26.64,27.75,26.62,27.10,778900,20850038.00
2023/04/28,27.37,27.44,26.98,27.27,628900,16820706.00
2023/05/04,27.42,28.07,26.67,27.50,859000,23088056.00
2023/05/05,27.51,27.62,26.70,26.73,743400,19770668.00
2023/05/08,27.25,27.35,26.61,26.77,595100,15710569.00
2023/05/09,27.03,27.03,25.77,25.88,1070600,27497680.00
2023/05/10,26.50,26.68,25.47,26.53,597800,15402870.00
2023/05/11,26.05,26.91,26.05,26.38,452000,11827279.00
2023/05/12,26.33,26.67,25.85,26.15,383400,9906938.00
2023/05/15,26.41,26.86,26.21,26.59,602300,15706010.00
2023/05/16,27.18,27.18,25.72,25.88,752700,19316664.00
2023/05/17,25.88,26.36,25.77,26.29,644900,16521177.00
2023/05/18,26.33,26.80,26.23,26.71,506000,13187558.00
2023/05/19,26.71,27.22,26.10,27.06,1050300,27455856.00
2023/05/22,26.94,27.47,26.76,27.32,647600,17293602.00
2023/05/23,27.77,28.60,27.03,27.40,1149800,31429612.00
2023/05/24,27.41,27.72,27.07,27.19,659300,17695752.00
2023/05/25,27.31,27.63,26.97,27.63,559100,14996255.00
2023/05/26,28.04,28.16,27.20,27.58,509100,13782971.00
2023/05/29,27.47,29.27,27.28,28.66,1653793,46503660.00
2023/05/30,28.66,29.36,28.26,28.66,1362400,38427952.00
2023/05/31,28.47,28.79,28.19,28.53,843622,23618244.00
2023/06/01,28.53,28.63,28.06,28.37,609322,16953816.00
2023/06/02,28.44,28.73,28.01,28.05,547100,15203088.00
2023/06/05,27.94,28.17,26.97,27.68,1257000,34086356.00
2023/06/06,27.07,27.73,26.47,26.63,1043800,27653616.00
2023/06/07,26.99,27.01,26.27,26.39,685600,17883268.00
2023/06/08,25.98,26.79,25.19,25.45,1432841,35980744.00
2023/06/09,24.49,26.11,23.84,24.43,2110541,50837864.00
2023/06/12,24.13,24.78,23.52,24.53,1259200,29916436.00
2023/06/13,24.58,25.56,24.58,25.11,999400,24565894.00
2023/06/14,25.10,25.27,24.32,24.47,968100,23339882.00
2023/06/15,24.19,24.66,24.16,24.39,932700,22267854.00
2023/06/16,24.47,24.65,23.95,24.25,648800,15403634.00
2023/06/19,24.22,24.55,23.88,23.96,1014900,24102102.00
2023/06/20,23.96,24.12,23.54,23.75,863000,20048274.00
2023/06/21,23.81,24.02,23.47,23.53,707600,16413593.00
2023/06/26,23.53,23.78,23.05,23.13,845600,19328812.00
2023/06/27,23.13,23.85,22.86,23.77,1050600,24203356.00
2023/06/28,23.94,24.12,23.27,23.82,811500,18826656.00
2023/06/29,23.82,24.87,23.79,24.53,1430979,34441712.00
2023/06/30,24.40,26.40,24.37,25.53,2052738,51365932.00
2023/07/03,25.47,25.76,24.78,24.95,1178900,29055282.00
2023/07/04,24.97,26.31,24.97,25.85,1169159,29611956.00
2023/07/05,24.97,25.96,24.97,25.21,761000,19032518.00
2023/07/06,25.63,25.63,25.00,25.11,555000,13716776.00
2023/07/07,25.18,25.42,24.77,24.89,542200,13274004.00
2023/07/10,24.73,25.07,24.70,24.83,607000,14791882.00
2023/07/11,25.04,25.52,24.65,25.48,609600,15033748.00
2023/07/12,25.49,26.20,25.40,25.45,915100,23132448.00
2023/07/13,25.45,25.90,25.24,25.46,770700,19208428.00
2023/07/14,25.36,25.48,24.86,25.03,544500,13404149.00
2023/07/17,25.04,25.41,24.72,25.37,564900,13899563.00
2023/07/18,25.33,25.72,24.85,25.50,537000,13298345.00
2023/07/19,25.43,25.67,24.97,25.06,492900,12176431.00
2023/07/20,25.02,25.16,24.49,24.53,636500,15415992.00
2023/07/21,24.63,24.85,24.34,24.57,535400,12906238.00
2023/07/24,24.82,25.22,24.24,24.65,657900,15949245.00
2023/07/25,24.97,25.32,24.65,25.24,708900,17408868.00
2023/07/26,25.36,25.52,24.68,24.75,490200,11949323.00
2023/07/27,24.66,25.50,24.66,24.76,876700,21507648.00
2023/07/28,24.52,25.40,24.37,25.19,907500,22235942.00
2023/07/31,25.14,25.61,25.08,25.19,709000,17589224.00
2023/08/01,25.17,25.46,24.97,25.07,688400,16949990.00
2023/08/02,24.99,25.40,24.92,25.32,550100,13577027.00
2023/08/03,24.94,25.49,24.92,25.00,540259,13275841.00
2023/08/04,25.22,25.22,24.60,24.76,707300,17196712.00
2023/08/07,24.91,25.05,24.54,24.67,399100,9675193.00
2023/08/08,25.04,25.04,24.23,24.34,470500,11270420.00
2023/08/09,24.21,24.63,23.90,23.92,352100,8316388.00
2023/08/10,24.20,24.20,23.49,23.86,399200,9316744.00
2023/08/11,23.97,24.10,23.52,23.53,508700,11813078.00
2023/08/14,23.58,23.61,22.94,23.52,660000,14966045.00
2023/08/15,23.57,23.63,22.97,23.17,508600,11527724.00
2023/08/16,23.08,23.19,22.62,22.69,477500,10685687.00
2023/08/17,22.52,23.15,22.25,23.14,814700,18031044.00
2023/08/18,23.30,23.70,23.01,23.10,624300,14281213.00
2023/08/21,23.08,23.66,22.82,22.92,540100,12242079.00
2023/08/22,23.08,23.42,22.36,22.80,533800,11837266.00
2023/08/23,22.36,22.94,22.22,22.25,598300,13097620.00
2023/08/24,22.24,22.81,21.92,22.44,785000,17157022.00
2023/08/25,22.27,22.72,21.72,21.82,776200,16725737.00
2023/08/28,22.97,23.01,21.16,21.28,952100,20340104.00
2023/08/29,21.29,23.29,21.23,23.16,1855300,41020016.00
2023/08/30,23.15,24.34,22.88,24.03,1187682,27760460.00
2023/08/31,23.94,23.94,23.45,23.67,845200,19627172.00
2023/09/01,23.67,23.96,23.36,23.48,461400,10634841.00
2023/09/04,23.57,23.82,23.22,23.52,555100,12709424.00
2023/09/05,23.68,23.72,23.15,23.33,428200,9799931.00
2023/09/06,23.29,24.06,23.16,23.98,756900,17594560.00
2023/09/07,23.63,24.02,23.31,23.41,573400,13303701.00
2023/09/08,23.13,23.89,23.13,23.59,500400,11561077.00
2023/09/11,23.81,24.02,23.22,23.59,601848,13873988.00
2023/09/12,23.66,23.94,23.32,23.82,482100,11179273.00
2023/09/13,24.05,24.05,22.92,23.15,663600,15072195.00
2023/09/14,23.16,23.47,22.84,23.17,811300,18358216.00
2023/09/15,22.94,23.38,22.59,23.19,666100,14968231.00
2023/09/18,23.15,24.27,22.68,23.79,993700,23101856.00
2023/09/19,23.88,23.88,23.22,23.50,531700,12173182.00
2023/09/20,23.23,23.82,23.18,23.32,494600,11354957.00
2023/09/21,23.18,23.44,22.87,22.94,475300,10737813.00
2023/09/22,22.95,23.46,22.85,23.42,418200,9466323.00
2023/09/25,23.40,23.90,23.31,23.50,384200,8848568.00
2023/09/26,23.50,23.50,22.42,22.49,845700,18904184.00
2023/09/27,22.67,23.58,22.67,23.51,1410700,32099308.00
2023/09/28,23.46,23.46,21.65,21.95,2582200,55924196.00
2023/10/09,21.97,24.09,21.97,24.09,1732900,40140664.00
2023/10/10,24.34,24.79,23.08,23.37,6499922,149384304.00
2023/10/11,23.31,23.33,22.17,22.78,4779100,105217608.00
2023/10/12,22.54,22.77,22.13,22.64,3432322,75132712.00
2023/10/13,22.54,24.85,22.32,22.96,5035900,115104192.00
2023/10/16,22.34,22.81,22.02,22.40,3635200,79005648.00
2023/10/17,22.11,22.17,20.33,20.68,3768022,76896648.00
2023/10/18,20.77,22.07,20.54,21.19,3051323,63310992.00
2023/10/19,20.92,21.46,20.44,21.05,2202500,45217232.00
2023/10/20,20.96,21.38,20.58,20.74,1897000,38492896.00
2023/10/23,20.74,21.19,20.72,21.06,2054400,42075336.00
2023/10/24,21.29,22.33,20.94,22.32,5631200,120112840.00
2023/10/25,22.82,22.82,20.95,21.68,6163000,127817800.00
2023/10/26,21.09,21.20,20.67,21.01,2445900,49927760.00
2023/10/27,20.86,21.22,20.78,20.98,2136200,43659408.00
2023/10/30,20.98,21.31,20.74,21.29,2563882,52750912.00
2023/10/31,21.12,22.07,21.07,21.97,3524400,74524200.00
2023/11/01,21.98,22.53,21.30,21.41,4618176,98804888.00
2023/11/02,21.22,21.74,21.07,21.52,3237900,67892864.00
2023/11/03,21.72,21.78,20.92,21.25,2713200,56406676.00
2023/11/06,21.41,21.92,21.14,21.79,2613900,54915544.00
2023/11/07,21.58,22.10,21.58,21.92,1614000,34413900.00
2023/11/08,22.02,22.17,21.70,21.93,1424376,30432532.00
2023/11/09,21.93,22.17,21.68,21.78,916900,19515908.00
2023/11/10,21.82,21.97,21.54,21.73,870800,18441100.00
2023/11/13,21.69,22.01,21.69,21.91,1705896,36347784.00
2023/11/14,21.93,22.10,21.79,21.92,1025200,21923440.00
2023/11/15,22.01,22.46,21.84,22.34,1700599,36849232.00
2023/11/16,22.34,22.50,22.12,22.14,801300,17444192.00
2023/11/17,22.20,22.45,22.13,22.32,813996,17690948.00
2023/11/20,22.23,22.63,22.15,22.58,1134000,24871172.00
2023/11/21,22.58,22.76,22.27,22.32,1084900,23844000.00
2023/11/22,22.24,23.00,22.17,22.82,2068600,45727608.00
2023/11/23,22.82,23.71,22.57,23.67,4153300,94781256.00
2023/11/24,23.68,24.32,23.33,23.91,2806000,65434384.00
2023/11/27,24.08,24.61,23.31,24.09,2140500,50190848.00
2023/11/28,24.08,24.51,23.57,23.90,2120230,49705944.00
2023/11/29,23.90,24.08,23.44,23.60,1399800,32483092.00
2023/11/30,23.54,23.59,22.97,23.18,1201800,27271402.00
2023/12/01,23.16,23.32,22.86,23.00,983700,22091372.00
2023/12/04,23.00,23.11,22.80,22.87,1373201,30723580.00
2023/12/05,22.87,22.96,22.58,22.65,1136801,25297616.00
2023/12/06,22.71,23.20,22.60,22.71,993300,22164060.00
2023/12/07,22.62,22.79,22.23,22.30,865900,18936548.00
2023/12/08,22.45,22.52,21.78,21.78,947000,20371248.00
2023/12/11,21.57,22.19,21.57,22.02,899000,19284208.00
2023/12/12,22.07,22.12,21.73,21.86,689200,14681699.00
2023/12/13,21.98,22.11,21.75,21.86,779700,16711623.00
2023/12/14,22.00,22.19,21.71,21.84,647300,13822569.00
2023/12/15,21.90,22.07,21.73,21.75,708500,15114722.00
2023/12/18,21.90,22.15,21.55,21.60,1074300,22911340.00
2023/12/19,21.60,21.85,21.42,21.82,639800,13523888.00
2023/12/20,21.82,22.02,21.52,21.53,740900,15757459.00
2023/12/21,21.70,21.75,20.95,21.64,882400,18428490.00
2023/12/22,21.63,21.77,21.22,21.35,829900,17325884.00
2023/12/25,21.45,21.45,20.89,20.91,1100400,22569636.00
2023/12/26,21.01,21.01,20.41,20.41,915150,18329546.00
2023/12/27,20.52,20.71,20.09,20.45,979000,19481184.00
2023/12/28,20.60,21.29,20.28,20.98,1030700,21017108.00
2023/12/29,21.03,21.51,20.84,21.34,966600,20070412.00
2024/01/02,21.34,22.10,21.34,21.99,1154700,24541772.00
2024/01/03,21.88,22.07,21.39,21.71,1018600,21663880.00
2024/01/04,21.72,21.95,21.62,21.82,905000,19267902.00
2024/01/05,21.86,22.24,21.35,21.48,883500,18716776.00
2024/01/08,21.05,21.56,21.02,21.02,802100,16570665.00
2024/01/09,21.20,21.64,21.04,21.29,957400,19961018.00
2024/01/10,21.29,21.43,20.82,20.98,861600,17787216.00
2024/01/11,21.21,21.37,20.84,21.31,666900,13770490.00
2024/01/12,21.27,21.62,20.93,21.08,674200,13981793.00
2024/01/15,21.00,21.83,20.87,21.82,1225500,25613374.00
2024/01/16,21.64,22.29,21.43,22.10,2315700,49550612.00
2024/01/17,21.95,22.38,21.89,22.15,2331100,50484992.00
2024/01/18,22.02,22.60,21.52,22.42,2685620,58060504.00
2024/01/19,22.42,23.02,22.33,22.86,2657850,58867192.00
2024/01/22,22.84,22.89,20.63,20.63,3197350,68611592.00
2024/01/23,18.93,19.82,18.62,18.62,2575000,46888208.00
2024/01/24,18.15,18.40,17.07,17.93,4135050,71708976.00
2024/01/25,17.82,19.26,17.54,19.12,3184100,57071736.00
2024/01/26,19.03,19.20,18.53,18.77,1809600,33154232.00
2024/01/29,19.12,19.45,18.05,18.19,1706400,30975930.00
2024/01/30,18.15,18.21,17.34,17.40,1387700,23897592.00
2024/01/31,17.44,17.69,16.23,16.28,1868500,30495772.00
2024/02/01,16.02,16.60,16.00,16.31,1532850,24197296.00
2024/02/02,16.44,16.46,14.73,14.93,2081300,30773652.00
2024/02/05,14.92,14.93,13.49,13.49,988600,13141588.00
2024/02/06,12.19,13.27,12.19,12.68,3157022,37687736.00
2024/02/07,12.69,12.86,11.46,11.46,3210000,36321792.00
2024/02/08,11.46,12.54,10.52,12.54,3455072,37850828.00
2024/02/19,12.90,13.70,12.90,13.36,1934400,24780078.00
数据来源:通达信
