603211 晋拓股份 日线 后复权
      日期	    开盘	    最高	    最低	    收盘	    成交量	    成交额
2022/07/25,7.86,9.43,7.86,9.43,1279951,12027623.00
2022/07/26,10.37,10.37,10.37,10.37,422832,4384768.00
2022/07/27,11.41,11.41,11.41,11.41,297946,3399564.00
2022/07/28,12.55,12.55,12.55,12.55,257651,3233520.00
2022/07/29,13.81,13.81,13.81,13.81,1052516,14535246.00
2022/08/01,15.19,15.19,15.19,15.19,927531,14089196.00
2022/08/02,16.71,16.71,16.71,16.71,1668366,27878396.00
2022/08/03,18.38,18.38,18.38,18.38,692718,12732157.00
2022/08/04,20.22,20.22,20.22,20.22,2046081,41371760.00
2022/08/05,22.24,22.24,22.24,22.24,19529439,434334720.00
2022/08/08,22.17,24.46,20.77,24.46,56349079,1271208064.00
2022/08/09,23.99,26.91,22.89,26.91,47910615,1189448064.00
2022/08/10,24.22,24.22,24.22,24.22,4573000,110758064.00
2022/08/11,21.80,23.08,21.80,21.80,43940345,972138112.00
2022/08/12,20.95,22.85,20.78,22.44,37228382,809599808.00
2022/08/15,21.51,22.22,21.06,21.70,23599476,510438592.00
2022/08/16,22.02,22.36,21.20,21.36,22978520,500361056.00
2022/08/17,21.02,21.18,20.15,20.43,24284903,500062688.00
2022/08/18,20.66,21.11,20.30,20.86,19284804,402030688.00
2022/08/19,20.80,21.88,20.42,21.32,23277596,495322368.00
2022/08/22,21.18,21.38,20.25,20.69,14954091,309720288.00
2022/08/23,20.72,21.85,20.43,21.73,20097239,427336736.00
2022/08/24,22.23,22.57,19.56,19.56,24213562,506749728.00
2022/08/25,18.56,18.77,17.60,17.60,20249025,363243264.00
2022/08/26,17.34,17.66,16.53,16.61,13267871,226811728.00
2022/08/29,16.50,17.06,16.33,16.84,8902081,149481296.00
2022/08/30,16.70,17.12,16.60,16.78,6787647,114416032.00
2022/08/31,16.71,16.85,15.64,15.68,9532287,152775072.00
2022/09/01,15.76,16.06,15.62,15.92,5532234,87516712.00
2022/09/02,15.95,16.52,15.83,16.39,7977453,129795680.00
2022/09/05,16.25,16.46,15.91,16.33,6137985,99269504.00
2022/09/06,16.33,16.57,16.20,16.38,5965117,97779760.00
2022/09/07,16.38,17.17,16.35,16.69,8404129,140966480.00
2022/09/08,16.55,17.00,16.03,16.03,7595953,124502504.00
2022/09/09,15.87,16.04,15.42,15.45,6853016,107079608.00
2022/09/13,15.43,17.00,15.41,17.00,8110270,134647392.00
2022/09/14,17.42,18.50,17.41,17.63,26398725,473380864.00
2022/09/15,17.20,17.48,16.16,16.50,17101626,288417248.00
2022/09/16,16.90,18.15,16.90,18.15,11267083,202382448.00
2022/09/19,18.88,19.50,17.74,17.90,28301416,529339744.00
2022/09/20,17.20,18.88,17.10,18.65,20298310,368264320.00
2022/09/21,18.18,18.40,17.52,18.02,13710401,247231680.00
2022/09/22,17.86,18.35,17.50,18.12,13826309,248317392.00
2022/09/23,18.00,18.00,16.31,16.31,15716502,265819504.00
2022/09/26,15.80,16.23,15.55,15.97,9219598,146818976.00
2022/09/27,15.97,16.75,15.97,16.44,8581929,140341216.00
2022/09/28,16.40,16.40,15.24,15.35,9286385,146140752.00
2022/09/29,15.52,15.85,14.63,14.66,8662033,130157736.00
2022/09/30,14.82,14.84,13.90,13.91,6848071,97300240.00
2022/10/10,14.09,14.25,13.22,13.59,5304482,72559584.00
2022/10/11,13.71,13.75,13.43,13.60,3946990,53692944.00
2022/10/12,13.68,14.40,13.60,14.24,8151279,114161696.00
2022/10/13,14.19,14.41,14.09,14.15,5907255,84229232.00
2022/10/14,14.25,14.59,14.12,14.48,5816037,83603232.00
2022/10/17,14.25,14.70,14.13,14.64,5184841,74895296.00
2022/10/18,14.76,15.68,14.44,15.11,10841447,163318720.00
2022/10/19,14.85,14.91,14.48,14.64,7556008,110832944.00
2022/10/20,14.59,15.05,14.31,14.71,6753260,99204976.00
2022/10/21,14.70,14.83,14.28,14.31,4423897,64121848.00
2022/10/24,14.31,15.15,14.30,14.48,7488695,110597296.00
2022/10/25,14.37,15.04,14.12,14.89,6273136,91484696.00
2022/10/26,14.90,15.25,14.52,15.06,7352573,109629224.00
2022/10/27,14.95,15.18,14.45,14.47,6328865,93518240.00
2022/10/28,14.27,14.82,13.75,13.87,5477385,77190280.00
2022/10/31,13.77,14.47,13.66,14.15,4242719,60203124.00
2022/11/01,14.28,14.50,14.05,14.39,3858378,55160868.00
2022/11/02,14.54,14.92,14.35,14.80,6135457,90200288.00
2022/11/03,14.66,15.18,14.60,14.95,6047713,90331176.00
2022/11/04,15.01,15.36,14.86,15.20,6339082,96020432.00
2022/11/07,15.27,15.47,15.17,15.35,5393923,82575272.00
2022/11/08,15.40,15.40,15.00,15.12,4026816,60831876.00
2022/11/09,15.21,15.30,15.00,15.07,3482400,52696576.00
2022/11/10,14.92,15.20,14.75,14.89,3584494,53480772.00
2022/11/11,15.15,15.30,14.70,14.71,3957332,59308528.00
2022/11/14,14.68,14.84,14.36,14.45,3392946,49297268.00
2022/11/15,14.52,15.90,14.42,15.90,5713527,89087496.00
2022/11/16,16.50,16.68,15.62,15.79,18419999,293939264.00
2022/11/17,15.71,15.79,15.42,15.58,7267615,112934304.00
2022/11/18,15.58,15.60,15.04,15.05,6658772,101726496.00
2022/11/21,15.07,15.35,14.90,15.25,5911275,89550904.00
2022/11/22,15.13,15.39,14.70,14.75,6265921,93905224.00
2022/11/23,14.64,14.80,13.80,14.23,8049704,113927776.00
2022/11/24,14.32,14.60,14.25,14.37,4508974,65031480.00
2022/11/25,14.38,14.39,13.94,13.94,3602097,50691616.00
2022/11/28,13.90,13.94,13.65,13.82,2810834,38804384.00
2022/11/29,13.80,14.06,13.80,13.98,3344368,46618160.00
2022/11/30,14.02,14.30,13.85,14.20,5279859,74508912.00
2022/12/01,14.45,14.50,14.17,14.18,4821128,68923784.00
2022/12/02,14.19,14.28,14.09,14.18,2832356,40136136.00
2022/12/05,14.22,14.30,14.12,14.24,2719290,38630944.00
2022/12/06,14.20,14.33,14.13,14.19,2776013,39430184.00
2022/12/07,14.15,14.32,14.05,14.12,3277687,46389632.00
2022/12/08,14.21,14.41,13.95,14.15,3866830,54696928.00
2022/12/09,14.18,14.99,14.17,14.33,8710878,126073248.00
2022/12/12,14.34,14.38,14.03,14.04,4479458,63281560.00
2022/12/13,14.00,14.09,13.68,13.71,4126835,57188124.00
2022/12/14,13.68,14.26,13.68,13.80,3370353,46873436.00
2022/12/15,13.75,14.06,13.59,13.96,3169653,44016624.00
2022/12/16,13.94,13.94,13.34,13.42,3949166,53605996.00
2022/12/19,13.41,13.54,13.14,13.17,2511474,33471260.00
2022/12/20,13.18,13.40,12.96,13.36,2744555,36315384.00
2022/12/21,13.37,13.40,12.81,12.94,2514000,32811034.00
2022/12/22,12.96,13.03,12.62,12.68,2466293,31591788.00
2022/12/23,12.60,12.75,12.46,12.66,1760163,22182168.00
2022/12/26,12.62,13.05,12.62,13.03,1784284,22952476.00
2022/12/27,13.03,13.12,12.80,12.99,1659622,21484678.00
2022/12/28,12.96,12.96,12.66,12.68,1722894,22002848.00
2022/12/29,12.61,12.89,12.50,12.50,1781136,22550128.00
2022/12/30,12.55,12.72,12.50,12.56,1543399,19431592.00
2023/01/03,12.56,12.89,12.50,12.89,2372935,30338576.00
2023/01/04,12.80,12.93,12.71,12.78,1677400,21488982.00
2023/01/05,12.85,13.06,12.78,13.00,2414164,31240024.00
2023/01/06,12.90,13.21,12.90,12.98,2252807,29411780.00
2023/01/09,13.05,13.26,13.00,13.11,1847834,24223788.00
2023/01/10,13.11,13.17,12.92,13.16,1890007,24729096.00
2023/01/11,13.16,13.18,12.88,12.90,1747727,22730458.00
2023/01/12,12.91,13.33,12.91,13.07,2637600,34697424.00
2023/01/13,13.15,13.23,13.02,13.11,1929314,25292252.00
2023/01/16,13.12,13.18,13.04,13.08,1859526,24371772.00
2023/01/17,13.08,13.23,12.96,13.15,1732800,22714632.00
2023/01/18,13.16,13.94,13.10,13.39,4965369,66445168.00
2023/01/19,13.17,13.40,13.17,13.32,2554497,33962072.00
2023/01/20,13.50,13.86,13.37,13.73,5335650,72818416.00
2023/01/30,14.20,14.31,13.90,13.99,7407304,104348184.00
2023/01/31,13.81,14.14,13.81,14.05,4067700,57003824.00
2023/02/01,14.10,14.50,14.04,14.39,6026174,86286240.00
2023/02/02,14.38,14.93,14.20,14.56,9830735,144294672.00
2023/02/03,14.56,14.61,14.15,14.24,6286259,90092464.00
2023/02/06,14.24,14.27,13.90,14.06,3378374,47594648.00
2023/02/07,14.06,14.33,13.99,14.29,3133565,44468376.00
2023/02/08,14.25,14.44,14.09,14.10,2483987,35268120.00
2023/02/09,14.16,14.47,14.08,14.37,3986790,57270432.00
2023/02/10,14.47,14.48,14.10,14.12,3283407,46674184.00
2023/02/13,14.11,14.12,13.97,14.10,2457704,34569248.00
2023/02/14,14.10,14.26,13.96,14.02,2232980,31421902.00
2023/02/15,14.03,14.19,14.01,14.04,2072300,29187490.00
2023/02/16,13.99,14.07,13.36,13.54,4419781,60887624.00
2023/02/17,13.50,13.77,13.41,13.58,2111788,28674688.00
2023/02/20,13.50,13.64,13.38,13.63,1776788,24023448.00
2023/02/21,13.63,14.99,13.62,14.99,9851212,141991936.00
2023/02/22,16.49,16.49,16.22,16.49,21627872,356356352.00
2023/02/23,17.18,18.14,17.18,18.14,13485664,238667520.00
2023/02/24,18.88,19.95,17.18,19.95,33724967,644613120.00
2023/02/27,18.67,19.96,18.57,19.20,41029150,784841792.00
2023/02/28,19.12,20.74,18.91,19.60,39117795,772808576.00
2023/03/01,18.97,20.66,18.31,20.27,42161135,811037120.00
2023/03/02,19.48,19.50,18.68,19.00,32606222,620436096.00
2023/03/03,18.46,19.34,18.22,18.61,25777666,485155168.00
2023/03/06,18.11,18.18,16.79,16.83,27179146,467855872.00
2023/03/07,16.90,17.20,16.79,17.02,18609400,316161024.00
2023/03/08,16.90,17.58,16.80,17.40,19403858,335553216.00
2023/03/09,17.40,17.40,16.67,16.81,14812883,250842400.00
2023/03/10,16.55,17.00,16.40,16.49,11396587,189983312.00
2023/03/13,16.36,16.55,16.12,16.50,10105220,164840912.00
2023/03/14,16.37,16.49,15.72,15.92,10427665,167078688.00
2023/03/15,16.14,16.36,16.00,16.08,7393100,119448344.00
2023/03/16,16.04,16.19,15.62,15.66,7563800,119685144.00
2023/03/17,15.85,16.03,15.60,15.94,8701900,137743808.00
2023/03/20,15.84,16.14,15.50,16.14,9026887,143264256.00
2023/03/21,16.14,16.20,15.76,16.13,7647600,122552192.00
2023/03/22,16.15,16.31,16.02,16.24,8431100,136393552.00
2023/03/23,16.00,16.26,15.84,16.17,7369004,118622552.00
2023/03/24,16.23,16.50,15.90,15.92,11007159,178296224.00
2023/03/27,16.03,16.25,15.82,15.97,6620611,105872496.00
2023/03/28,16.00,16.29,15.81,16.26,8831434,142438960.00
2023/03/29,16.30,16.47,15.76,15.76,8055400,129106656.00
2023/03/30,15.74,16.67,15.40,16.53,18429464,298772224.00
2023/03/31,16.54,17.17,16.27,16.75,18075819,302924640.00
2023/04/03,16.50,16.53,16.03,16.48,14800525,241386960.00
2023/04/04,16.35,16.35,15.81,15.83,10762491,171931984.00
2023/04/06,15.58,15.89,15.52,15.64,6578784,102747672.00
2023/04/07,15.66,15.98,15.54,15.64,4915987,77038200.00
2023/04/10,15.66,15.67,14.98,14.98,6880112,104603224.00
2023/04/11,14.95,15.13,14.83,15.00,3696465,55325020.00
2023/04/12,15.09,15.09,14.68,14.68,5239111,77589560.00
2023/04/13,14.60,14.67,14.25,14.25,6443265,92830064.00
2023/04/14,14.26,14.42,14.20,14.30,3344919,47830576.00
2023/04/17,14.32,14.50,14.17,14.29,3247600,46489612.00
2023/04/18,14.33,14.38,14.07,14.15,2336587,33136306.00
2023/04/19,14.13,14.24,13.97,14.06,3430178,48254644.00
2023/04/20,14.10,14.10,13.76,13.82,3518733,48710768.00
2023/04/21,13.83,13.84,13.25,13.25,4710814,63625896.00
2023/04/24,13.25,13.42,13.05,13.29,2861382,37945568.00
2023/04/25,13.25,13.25,12.57,12.77,3805300,48849064.00
2023/04/26,12.79,13.07,12.74,12.96,2909587,37687320.00
2023/04/27,12.92,13.09,12.79,12.84,2314100,29929158.00
2023/04/28,12.84,13.15,12.83,13.13,2597340,33916624.00
2023/05/04,13.11,13.31,13.08,13.19,2640000,34791864.00
2023/05/05,13.17,13.17,12.93,13.00,2541976,33071332.00
2023/05/08,13.00,13.20,12.96,13.09,2025526,26518040.00
2023/05/09,13.16,13.16,12.79,12.80,2575287,33223016.00
2023/05/10,12.68,13.17,12.68,13.12,3127120,40586920.00
2023/05/11,13.20,13.26,12.97,13.09,2160400,28292408.00
2023/05/12,13.09,13.12,12.88,12.90,1768700,22911040.00
2023/05/15,12.83,13.10,12.79,13.10,1853707,24024316.00
2023/05/16,13.06,13.13,12.96,13.05,1360000,17722556.00
2023/05/17,13.05,13.27,13.01,13.27,2563012,33790152.00
2023/05/18,13.29,13.61,13.15,13.46,5840442,78464576.00
2023/05/19,13.45,13.51,13.28,13.39,2883111,38584880.00
2023/05/22,13.39,14.73,13.37,14.73,10932509,155079200.00
2023/05/23,15.05,16.20,14.80,16.20,16107016,252452368.00
2023/05/24,17.00,17.82,16.37,16.88,41168878,705751104.00
2023/05/25,15.71,17.51,15.71,15.76,31145838,516546368.00
2023/05/26,15.10,16.53,14.50,15.46,29347966,444361088.00
2023/05/29,15.54,17.01,15.54,17.01,21375333,356235616.00
2023/05/30,16.91,17.00,15.71,16.22,29160915,475376992.00
2023/05/31,16.05,16.53,15.57,15.92,20738689,331783648.00
2023/06/01,15.70,16.10,15.38,15.99,16998496,268150560.00
2023/06/02,15.78,15.78,15.12,15.18,17117804,262908496.00
2023/06/05,15.06,15.37,15.02,15.29,8417794,128084024.00
2023/06/06,15.16,15.88,15.04,15.86,18462236,287429664.00
2023/06/07,15.89,15.91,15.36,15.67,13859206,216344096.00
2023/06/08,15.60,15.60,15.06,15.16,7849209,119682128.00
2023/06/09,15.23,16.30,15.23,15.70,13139166,206939248.00
2023/06/12,15.57,16.50,15.24,16.34,18948404,305837248.00
2023/06/13,16.40,17.29,15.91,16.52,22112508,363224544.00
2023/06/14,16.18,16.58,16.01,16.14,13432143,218000320.00
2023/06/15,16.10,17.28,15.83,16.67,19768721,330240256.00
2023/06/16,16.43,16.76,15.96,16.22,13956022,224841120.00
2023/06/19,16.08,16.37,15.42,15.55,14168606,222375536.00
2023/06/20,15.47,15.86,15.28,15.73,8968110,139370624.00
2023/06/21,15.68,17.30,15.31,17.30,22915936,381876256.00
2023/06/26,17.73,18.98,17.59,18.40,38701735,708342848.00
2023/06/27,17.51,18.28,16.83,18.23,24736720,432607616.00
2023/06/28,17.93,19.10,17.43,18.68,30183387,554883200.00
2023/06/29,18.15,18.96,17.77,18.06,22341297,407493632.00
2023/06/30,17.70,19.86,17.41,18.46,26404282,493719104.00
2023/07/03,18.82,19.25,17.89,18.03,18056110,328871456.00
2023/07/04,18.02,19.23,17.75,18.56,23724574,439988320.00
2023/07/05,18.71,20.00,18.09,19.27,28596111,544175168.00
2023/07/06,18.58,19.76,17.93,19.54,25483664,475472416.00
2023/07/07,18.98,19.65,18.13,18.19,18237623,342014976.00
2023/07/10,17.88,18.55,17.73,18.11,10431300,188285888.00
2023/07/11,17.99,19.50,17.58,18.88,19891087,367589824.00
2023/07/12,18.58,19.65,18.45,19.01,23451844,446813152.00
2023/07/13,18.93,18.93,17.97,18.28,16071437,292075232.00
2023/07/14,18.21,18.34,17.23,17.27,14175494,249797776.00
2023/07/17,17.08,17.16,16.06,16.44,11819001,193276032.00
2023/07/18,16.52,16.65,16.21,16.27,7926207,129478040.00
2023/07/19,16.27,16.44,16.10,16.35,5270007,85345688.00
2023/07/20,16.36,16.46,15.83,15.87,7470593,119474304.00
2023/07/21,15.71,15.99,15.44,15.50,6560007,102043864.00
2023/07/24,15.37,15.52,15.13,15.19,4075900,62033680.00
2023/07/25,15.28,15.68,15.23,15.50,5154200,79132248.00
2023/07/26,15.39,15.49,14.92,14.94,5914400,88837880.00
2023/07/27,15.09,15.65,15.09,15.24,8118500,124252008.00
2023/07/28,15.15,15.49,14.88,15.25,5435376,82075960.00
2023/07/31,15.32,15.88,15.26,15.71,7379782,114796216.00
2023/08/01,15.71,15.82,15.34,15.57,5175100,79887808.00
2023/08/02,15.44,15.55,15.19,15.42,4219186,64482676.00
2023/08/03,15.29,15.36,14.99,15.01,4793100,72100096.00
2023/08/04,15.08,15.28,14.98,15.14,4349107,65377496.00
2023/08/07,15.12,15.23,14.98,15.05,2680137,40197840.00
2023/08/08,15.14,15.28,14.98,15.02,3477724,52199640.00
2023/08/09,14.98,14.98,14.59,14.70,4489000,65682328.00
2023/08/10,14.68,14.81,14.64,14.72,1911200,27970910.00
2023/08/11,14.72,14.83,14.47,14.47,2417600,35204716.00
2023/08/14,14.45,14.78,14.39,14.77,2737607,39732776.00
2023/08/15,14.64,14.85,14.52,14.66,2509086,36680744.00
2023/08/16,14.68,15.12,14.64,14.84,5674807,83743528.00
2023/08/17,14.69,15.12,14.34,15.08,7551187,111321816.00
2023/08/18,14.97,15.11,14.77,14.77,4653000,69167536.00
2023/08/21,14.69,15.00,14.64,14.64,2644000,38918720.00
2023/08/22,14.65,14.83,14.16,14.55,4304900,61671016.00
2023/08/23,14.54,14.54,14.08,14.10,3080600,43724352.00
2023/08/24,14.05,14.32,13.90,14.01,3044400,42720636.00
2023/08/25,14.01,14.01,13.53,13.58,3699600,50424648.00
2023/08/28,14.28,14.41,13.60,13.66,3529561,49055604.00
2023/08/29,13.63,14.77,13.58,14.57,7587500,108368752.00
2023/08/30,14.56,14.94,14.53,14.86,5280100,77791624.00
2023/08/31,14.84,14.88,14.58,14.62,2710500,39584024.00
2023/09/01,14.63,14.84,14.51,14.77,2570300,37591928.00
2023/09/04,14.77,15.02,14.73,14.99,3557887,52739036.00
2023/09/05,14.98,15.05,14.81,14.88,2366487,35093808.00
2023/09/06,14.90,15.23,14.77,15.08,4184100,62672964.00
2023/09/07,15.03,15.08,14.62,14.66,3450100,50712820.00
2023/09/08,14.76,14.80,14.53,14.68,2296700,33550464.00
2023/09/11,14.70,15.13,14.54,14.95,4214900,62570428.00
2023/09/12,15.03,15.19,14.90,15.00,3082000,46010792.00
2023/09/13,14.95,15.00,14.38,14.56,3615861,52416100.00
2023/09/14,14.55,14.66,14.27,14.34,2330386,33355746.00
2023/09/15,14.38,14.44,14.13,14.18,2079000,29385584.00
2023/09/18,14.17,14.83,14.10,14.66,4186874,60801240.00
2023/09/19,14.66,14.68,14.18,14.20,2734800,38929616.00
2023/09/20,14.18,14.30,13.92,13.95,2185100,30599520.00
2023/09/21,13.97,14.07,13.73,13.83,1664667,22905620.00
2023/09/22,13.90,14.23,13.78,14.22,2308567,32271784.00
2023/09/25,14.37,14.51,14.06,14.20,2457135,34717092.00
2023/09/26,14.20,14.20,13.98,14.02,1428600,19953840.00
2023/09/27,14.03,14.24,13.86,14.04,1911767,26804916.00
2023/09/28,14.16,14.52,14.15,14.45,3178200,45436480.00
2023/10/09,14.46,15.18,14.45,14.83,6977846,102849664.00
2023/10/10,14.90,15.96,14.64,15.93,14365542,220009184.00
2023/10/11,15.39,16.16,15.32,15.68,11479609,178206784.00
2023/10/12,15.59,15.76,15.40,15.68,7795200,120872112.00
2023/10/13,15.63,15.86,15.45,15.47,6459500,100630112.00
2023/10/16,16.07,17.01,15.76,17.01,27416402,460184448.00
2023/10/17,17.03,17.63,15.95,15.97,24186221,403448928.00
2023/10/18,16.24,16.73,15.88,16.11,13774461,222475904.00
2023/10/19,15.85,17.71,15.67,17.71,18788086,312378848.00
2023/10/20,18.58,19.47,17.94,19.47,21946017,417611328.00
2023/10/23,21.06,21.41,18.08,18.24,49121347,993981696.00
2023/10/24,16.42,17.33,16.42,16.52,36912261,611168064.00
2023/10/25,15.96,17.06,15.74,16.68,25532350,417703968.00
2023/10/26,16.28,16.38,15.83,16.37,19000841,305549536.00
2023/10/27,16.23,16.61,15.95,16.07,15260367,245364688.00
2023/10/30,15.92,16.07,15.39,15.97,15153363,236639712.00
2023/10/31,15.96,15.97,15.08,15.21,15099000,231690752.00
2023/11/01,15.14,15.52,15.14,15.35,8668000,132377360.00
2023/11/02,15.34,15.88,15.23,15.33,10065010,155219408.00
2023/11/03,15.48,15.91,15.44,15.74,12779117,200031584.00
2023/11/06,15.88,16.91,15.60,16.61,22125123,359673792.00
2023/11/07,16.51,16.73,16.39,16.58,14548560,239765680.00
2023/11/08,16.56,16.72,16.19,16.56,11872163,194450736.00
2023/11/09,16.47,16.47,16.00,16.16,9572000,154000592.00
2023/11/10,16.10,16.27,15.92,16.03,6018800,96163712.00
2023/11/13,16.06,16.33,16.06,16.29,6316988,102136432.00
2023/11/14,16.37,16.71,16.14,16.67,13927002,229337568.00
2023/11/15,16.78,17.06,16.53,16.99,15838987,265346128.00
2023/11/16,16.99,17.17,16.69,16.70,9397186,157243840.00
2023/11/17,16.62,16.94,16.59,16.94,8927194,149590448.00
2023/11/20,16.94,17.36,16.80,17.11,10558186,179519200.00
2023/11/21,17.08,17.32,16.74,16.79,10848786,183361408.00
2023/11/22,16.94,16.96,16.39,16.40,6906700,113824416.00
2023/11/23,16.50,16.87,16.40,16.70,6089900,101008144.00
2023/11/24,16.87,16.87,16.14,16.24,5368200,87293456.00
2023/11/27,16.24,16.46,16.13,16.33,3831300,62088608.00
2023/11/28,16.29,17.96,16.26,17.96,13938044,238945520.00
2023/11/29,19.75,19.75,19.75,19.75,8352500,164293680.00
2023/11/30,21.72,21.72,21.72,21.72,6151000,133107640.00
2023/12/01,22.27,23.88,19.84,23.88,40889706,892825984.00
2023/12/04,24.35,25.86,21.50,22.46,52758861,1202399488.00
2023/12/05,20.22,22.05,20.22,20.24,38339134,788930048.00
2023/12/06,19.58,20.96,19.35,19.85,28545453,571814336.00
2023/12/07,19.53,19.71,18.59,18.77,23895474,450211328.00
2023/12/08,18.77,19.30,18.59,19.09,19038187,359397024.00
2023/12/11,19.02,19.46,18.67,19.44,17538287,334865984.00
2023/12/12,19.39,19.44,18.98,19.14,15297305,292461568.00
2023/12/13,19.09,19.41,18.86,18.89,14222120,270629376.00
2023/12/14,18.78,18.88,17.98,18.13,16693145,304217280.00
2023/12/15,18.15,18.28,17.68,17.68,11522700,204764512.00
2023/12/18,17.69,17.83,17.38,17.47,7202700,126159456.00
2023/12/19,17.47,17.48,17.09,17.25,6391227,109696392.00
2023/12/20,17.36,17.67,17.29,17.41,9289806,161697216.00
2023/12/21,17.41,17.69,16.94,17.65,9456681,163672240.00
2023/12/22,17.70,18.30,17.24,17.36,15234100,269628064.00
2023/12/25,17.46,18.19,17.09,18.19,14037879,247516864.00
2023/12/26,18.08,19.97,17.96,19.28,28533844,538669504.00
2023/12/27,18.79,19.08,18.28,18.94,16210219,302016000.00
2023/12/28,18.58,18.94,18.44,18.79,12720087,236908240.00
2023/12/29,18.79,19.57,18.60,19.32,15776862,301979392.00
2024/01/02,19.17,19.17,18.68,18.78,10517774,197768304.00
2024/01/03,18.83,20.65,18.17,19.89,31316085,615391616.00
2024/01/04,19.61,21.06,19.38,20.10,28769376,580510336.00
2024/01/05,19.66,20.38,19.01,19.34,17509902,340575584.00
2024/01/08,19.20,19.21,18.19,18.54,11833600,219556224.00
2024/01/09,18.63,20.39,18.58,20.39,6946400,139269984.00
2024/01/10,21.91,21.91,19.28,19.55,28842600,588638528.00
2024/01/11,19.21,20.65,18.75,20.19,21313438,423039360.00
2024/01/12,19.94,22.20,19.88,21.30,34139938,716396864.00
2024/01/15,20.68,21.26,20.39,20.55,21765887,448433888.00
2024/01/16,20.49,21.14,19.91,21.12,22173165,456693984.00
2024/01/17,20.68,20.84,19.35,19.59,16211158,325674304.00
2024/01/18,19.09,19.09,17.64,18.31,17471987,314809184.00
2024/01/19,18.08,18.11,16.49,16.49,14982377,255249232.00
2024/01/22,16.45,17.28,16.17,16.23,9873000,163730208.00
2024/01/23,16.04,17.38,15.30,16.95,11709787,191771808.00
2024/01/24,16.76,17.78,16.69,17.38,12042151,207559584.00
2024/01/25,17.47,17.88,17.09,17.68,10057777,176180416.00
2024/01/26,17.56,17.67,16.88,16.88,10801220,184854016.00
2024/01/29,16.96,17.38,16.26,16.36,6417507,106009752.00
2024/01/30,16.37,16.37,15.31,15.36,7496287,117391944.00
2024/01/31,15.27,15.33,14.09,14.13,9641291,139530992.00
2024/02/01,14.13,14.93,14.03,14.61,7182000,103638520.00
2024/02/02,14.72,14.88,13.50,14.02,7277554,102693608.00
2024/02/05,13.87,13.87,12.63,12.63,6717500,85973360.00
2024/02/06,12.08,12.97,11.38,12.53,8839500,105640216.00
2024/02/07,12.51,12.96,12.09,12.25,8060174,100065520.00
2024/02/08,12.27,13.33,12.09,13.22,7816584,98765520.00
2024/02/19,13.26,13.94,13.26,13.80,4469263,60863320.00
数据来源:通达信
