603583 捷昌驱动 日线 后复权
      日期	    开盘	    最高	    最低	    收盘	    成交量	    成交额
2018/09/21,35.00,42.00,35.00,42.00,44712,1870904.00
2018/09/25,46.20,46.20,46.20,46.20,47465,2192883.00
2018/09/26,50.82,50.82,50.82,50.82,284538,14460221.00
2018/09/27,55.90,55.90,52.69,52.91,16910663,907320320.00
2018/09/28,52.39,54.44,51.18,52.49,12207670,646545728.00
2018/10/08,50.03,50.64,48.33,49.51,8147054,403656800.00
2018/10/09,49.53,50.80,49.10,50.13,6568378,328015232.00
2018/10/10,50.10,50.76,48.35,49.41,7344970,363692704.00
2018/10/11,45.54,46.20,44.47,44.47,4211207,190390656.00
2018/10/12,42.60,43.20,40.46,41.18,7285025,306505632.00
2018/10/15,42.00,42.18,40.51,40.58,4978765,206047408.00
2018/10/16,39.92,40.88,38.19,39.95,6448364,255915552.00
2018/10/17,41.20,41.20,38.88,40.00,4969970,199864592.00
2018/10/18,39.20,39.45,37.25,37.99,4337116,165522656.00
2018/10/19,37.45,39.60,37.20,39.35,4777474,184817504.00
2018/10/22,39.95,41.80,38.76,41.00,7585296,307613248.00
2018/10/23,40.47,42.43,40.20,40.20,6364091,261577584.00
2018/10/24,40.50,40.86,37.88,39.11,5085271,199903040.00
2018/10/25,39.50,43.02,39.50,43.02,10956128,462758464.00
2018/10/26,45.00,47.32,44.56,47.32,14526877,676275712.00
2018/10/29,48.65,49.30,42.59,42.59,13942878,638680384.00
2018/10/30,41.83,44.70,41.15,43.60,10812363,461196064.00
2018/10/31,43.02,45.68,43.01,44.05,9533539,421031232.00
2018/11/01,44.10,45.24,43.31,43.45,7920570,349445024.00
2018/11/02,44.00,44.99,43.40,44.50,8485028,375527072.00
2018/11/05,45.97,48.48,44.44,45.18,11222513,514972128.00
2018/11/06,43.51,43.88,40.90,43.30,8020924,339157856.00
2018/11/07,42.91,47.60,42.91,46.00,10039144,458409408.00
2018/11/08,47.01,48.29,45.81,46.11,8977637,421524128.00
2018/11/09,45.46,46.65,44.62,45.70,5270774,239818512.00
2018/11/12,45.80,47.49,45.37,46.60,5265937,245746192.00
2018/11/13,45.66,47.26,45.38,47.08,6036992,280305408.00
2018/11/14,47.08,48.34,46.16,46.40,5902270,278610656.00
2018/11/15,46.58,49.28,46.08,48.42,7909932,377426592.00
2018/11/16,48.19,48.58,47.53,47.90,4874760,233749664.00
2018/11/19,48.43,49.30,47.63,48.26,4753152,229896064.00
2018/11/20,47.20,48.22,45.68,45.82,4359472,204874176.00
2018/11/21,45.30,46.28,44.70,46.08,3132525,143271776.00
2018/11/22,45.92,46.38,44.80,45.04,3120845,141922480.00
2018/11/23,44.99,45.75,43.65,44.97,3961987,177361280.00
2018/11/26,44.99,45.48,43.38,44.25,3229533,142953904.00
2018/11/27,44.75,44.97,43.80,44.60,2434022,107864216.00
2018/11/28,44.30,45.44,44.30,45.12,2883256,129474512.00
2018/11/29,45.38,45.47,41.30,41.30,5030351,219780464.00
2018/11/30,41.05,41.38,39.72,41.02,3263836,133034784.00
2018/12/03,42.27,43.88,42.01,43.29,3898900,168121824.00
2018/12/04,43.29,43.44,42.33,42.83,2546411,109107800.00
2018/12/05,41.86,42.83,41.41,42.20,2322638,97699824.00
2018/12/06,41.95,42.47,41.30,41.48,1566125,65411816.00
2018/12/07,41.70,41.79,40.96,41.06,1332296,54984420.00
2018/12/10,40.39,41.28,39.71,40.62,1487307,60113376.00
2018/12/11,41.10,41.49,40.57,41.40,1610564,66180768.00
2018/12/12,41.40,42.50,41.39,41.73,2442211,102442232.00
2018/12/13,41.80,42.20,40.91,41.95,2310473,96286520.00
2018/12/14,41.65,41.82,40.81,40.93,1776607,73178704.00
2018/12/17,40.43,41.25,40.05,41.17,1332078,54496672.00
2018/12/18,40.95,40.97,40.01,40.56,1294369,52486916.00
2018/12/19,40.66,41.13,40.22,40.36,996224,40552348.00
2018/12/20,40.35,41.78,40.20,41.32,1853955,76150208.00
2018/12/21,41.07,41.67,40.95,41.59,1425991,58891204.00
2018/12/24,41.60,42.67,41.47,42.40,1953898,82621504.00
2018/12/25,41.75,42.25,40.51,42.00,1932618,80085768.00
2018/12/26,41.90,42.64,41.71,41.92,1533259,64575432.00
2018/12/27,42.50,42.58,40.64,40.79,1705044,71018640.00
2018/12/28,40.80,41.23,39.00,39.28,2436294,97722120.00
2019/01/02,39.03,39.66,38.51,39.28,1342777,52451792.00
2019/01/03,39.11,39.88,38.10,38.21,1535907,59635780.00
2019/01/04,37.90,39.57,37.70,39.37,2040908,78935392.00
2019/01/07,39.30,40.18,38.88,39.86,2132260,84416968.00
2019/01/08,39.59,39.81,39.26,39.50,1028868,40680864.00
2019/01/09,39.72,40.70,39.50,40.03,2074142,83527392.00
2019/01/10,39.87,40.27,39.50,39.68,982869,39218264.00
2019/01/11,39.91,42.20,39.55,41.82,3021849,123870040.00
2019/01/14,41.82,41.88,40.18,40.23,2568285,104681152.00
2019/01/15,39.89,40.85,39.44,40.70,1699919,68326160.00
2019/01/16,40.70,41.86,40.51,41.32,2013627,83065528.00
2019/01/17,41.02,41.19,40.52,40.65,1422254,58056320.00
2019/01/18,40.71,42.66,40.71,41.98,2607526,109126120.00
2019/01/21,42.99,44.15,42.74,42.87,3509163,151925360.00
2019/01/22,42.75,45.18,42.75,43.91,4318246,190714960.00
2019/01/23,43.70,44.69,43.11,44.42,2341809,103089160.00
2019/01/24,44.04,45.37,43.90,43.91,2250145,100320088.00
2019/01/25,43.63,48.17,43.62,46.91,5469455,252550048.00
2019/01/28,47.02,48.17,46.03,47.20,3803702,178758352.00
2019/01/29,46.60,47.49,45.36,47.30,2639021,122553112.00
2019/01/30,51.70,52.03,50.14,51.00,7784953,400998144.00
2019/01/31,51.30,53.96,51.13,52.00,6969702,363085760.00
2019/02/01,52.97,57.20,52.11,57.20,5298547,288330048.00
2019/02/11,58.90,62.00,57.28,60.30,4790747,284524064.00
2019/02/12,59.50,60.50,58.69,60.20,3697946,219479504.00
2019/02/13,59.09,60.26,58.64,59.95,3111844,185286976.00
2019/02/14,59.43,61.24,57.54,58.83,3946057,233283184.00
2019/02/15,58.35,60.50,58.01,59.53,2721985,161405824.00
2019/02/18,59.13,62.45,59.09,61.75,3539381,216438448.00
2019/02/19,61.60,61.60,58.86,59.54,3150812,189326912.00
2019/02/20,59.23,62.92,59.23,61.50,2974290,182350176.00
2019/02/21,61.00,67.50,59.95,64.00,4006534,255675408.00
2019/02/22,64.50,67.58,63.36,65.95,3615095,236053440.00
2019/02/25,65.00,68.50,64.70,67.26,3284343,218989488.00
2019/02/26,67.21,67.21,63.61,64.50,2630844,171146848.00
2019/02/27,64.59,66.45,63.20,65.87,1723745,111608288.00
2019/02/28,64.64,69.50,64.64,67.39,1606850,107512144.00
2019/03/01,67.39,72.80,67.00,72.56,2255296,158102304.00
2019/03/04,71.05,72.67,69.15,70.56,2199689,155185936.00
2019/03/05,70.00,70.39,69.10,70.35,1254718,87436584.00
2019/03/06,70.40,70.41,68.04,69.30,1651142,114109728.00
2019/03/07,68.50,71.30,65.61,67.99,2529209,171903824.00
2019/03/08,65.15,69.13,65.12,66.10,1350835,90843264.00
2019/03/11,66.10,70.01,66.10,68.98,1506987,103817552.00
2019/03/12,71.78,75.88,69.21,74.48,3046411,227888992.00
2019/03/13,73.52,75.80,69.01,70.00,1761397,127424256.00
2019/03/14,69.38,71.63,68.69,69.30,970143,68030592.00
2019/03/15,69.69,74.40,69.21,74.00,1326488,95942360.00
2019/03/18,73.99,76.86,71.13,75.40,1109720,82862952.00
2019/03/19,75.20,76.21,73.01,75.03,746188,55846164.00
2019/03/20,75.97,77.80,71.00,73.56,954678,71012560.00
2019/03/21,73.55,75.00,72.20,73.00,712984,52422672.00
2019/03/22,72.71,73.50,70.59,72.40,829712,59756956.00
2019/03/25,71.14,72.37,70.70,71.11,910713,65016476.00
2019/03/26,71.10,72.35,68.59,69.35,899786,63304504.00
2019/03/27,69.98,72.30,68.90,71.99,899484,63609520.00
2019/03/28,71.99,72.80,69.77,69.79,733752,52163084.00
2019/03/29,70.58,71.88,69.79,71.80,1112882,78696304.00
2019/04/01,72.95,73.25,71.30,72.16,1681755,121115648.00
2019/04/02,72.20,72.20,67.80,68.30,2743167,190632704.00
2019/04/03,68.42,69.38,66.35,68.36,1824496,123140504.00
2019/04/04,68.14,69.26,67.28,68.00,1121103,76648976.00
2019/04/08,68.44,68.83,65.62,65.80,1599715,106512184.00
2019/04/09,66.45,67.23,65.86,67.00,810133,54037696.00
2019/04/10,66.58,68.10,66.52,66.65,706900,47565292.00
2019/04/11,66.29,66.68,64.68,64.96,742417,48593632.00
2019/04/12,65.13,66.16,64.60,65.25,669509,43711524.00
2019/04/15,66.30,67.69,63.60,63.60,1266490,82923848.00
2019/04/16,63.39,68.01,63.38,67.25,1738331,114516224.00
2019/04/17,67.20,68.86,66.86,67.50,944624,63962316.00
2019/04/18,67.50,69.38,67.50,67.63,997869,68247600.00
2019/04/19,68.48,70.40,68.03,69.89,930161,64511076.00
2019/04/22,70.50,71.26,68.50,70.32,1148471,80499440.00
2019/04/23,70.80,71.65,66.01,67.81,2141145,147986528.00
2019/04/24,68.97,70.86,68.16,70.09,1680748,117297024.00
2019/04/25,69.75,71.47,69.00,69.08,1215548,85783048.00
2019/04/26,68.88,69.60,67.16,67.34,830777,56729336.00
2019/04/29,67.00,71.20,67.00,69.90,1108654,77082232.00
2019/04/30,69.99,71.44,69.20,70.44,876230,61832760.00
2019/05/06,66.00,66.00,63.40,63.40,523000,33410020.00
2019/05/07,62.98,63.40,57.06,58.70,3672603,213714576.00
2019/05/08,56.30,60.79,56.30,58.84,2087619,123386352.00
2019/05/09,58.00,59.50,56.05,56.35,1397119,80363136.00
2019/05/10,58.00,61.99,57.02,59.99,3353616,201690352.00
2019/05/13,59.70,59.70,57.43,57.48,1265175,74039144.00
2019/05/14,56.00,57.48,55.60,55.93,1640597,92276648.00
2019/05/15,56.35,59.30,56.35,58.65,1222995,70618952.00
2019/05/16,58.59,59.80,58.00,59.20,875001,51542748.00
2019/05/17,59.40,60.39,56.71,57.65,965044,56262844.00
2019/05/20,57.65,57.65,51.89,51.97,2408806,127013344.00
2019/05/21,52.00,53.89,51.06,53.61,1994925,104209112.00
2019/05/22,53.28,54.87,52.59,54.78,1432708,76919208.00
2019/05/23,54.00,54.07,52.00,52.27,1124921,59571024.00
2019/05/24,51.59,53.16,51.59,52.59,742503,38944160.00
2019/05/27,52.28,54.78,52.10,54.26,971697,52145568.00
2019/05/28,54.36,55.29,53.46,54.08,947005,35073696.00
2019/05/29,53.20,54.45,52.04,54.04,1323184,47790132.00
2019/05/30,53.50,53.52,51.04,51.79,1810459,63734608.00
2019/05/31,52.26,54.33,51.49,52.72,2630228,94368584.00
2019/06/03,53.11,53.64,50.88,50.95,2179873,76937152.00
2019/06/04,50.37,51.39,50.05,50.45,1192201,40746156.00
2019/06/05,50.91,51.46,49.34,49.58,1659329,56002416.00
2019/06/06,48.85,49.56,46.97,47.11,1806643,58269744.00
2019/06/10,47.21,50.91,47.11,49.21,2472966,82107376.00
2019/06/11,49.92,50.85,49.33,50.66,2328874,79117864.00
2019/06/12,50.65,51.32,49.87,50.02,1351858,46151056.00
2019/06/13,50.20,50.85,49.55,50.59,914650,31133512.00
2019/06/14,50.59,50.84,48.10,48.34,1389633,46087152.00
2019/06/17,48.53,50.16,48.53,49.20,1116862,37150828.00
2019/06/18,49.69,49.71,47.95,48.14,1430928,46913292.00
2019/06/19,51.61,52.85,51.17,52.85,7630503,271535104.00
2019/06/20,53.06,53.56,51.17,52.87,6942536,245421856.00
2019/06/21,53.04,55.38,52.32,54.36,4827973,176921952.00
2019/06/24,54.43,54.87,52.97,54.35,2730001,99535864.00
2019/06/25,53.93,54.36,51.82,52.69,2493110,88892200.00
2019/06/26,52.43,53.62,52.26,52.87,1554932,55724100.00
2019/06/27,52.92,56.38,52.92,55.23,3224519,119539544.00
2019/06/28,55.81,55.81,53.94,54.46,1967933,72656096.00
2019/07/01,58.13,58.13,55.82,56.51,4221668,162443360.00
2019/07/02,56.03,57.62,55.72,56.78,2371754,91390352.00
2019/07/03,56.54,56.68,53.27,53.85,4388653,162003056.00
2019/07/04,53.23,53.85,51.79,52.11,3673149,130668376.00
2019/07/05,52.27,54.51,52.27,54.19,2640303,95619392.00
2019/07/08,54.46,54.51,51.50,52.36,2538979,90135424.00
2019/07/09,51.69,52.30,48.68,49.92,4069587,137469504.00
2019/07/10,49.29,50.49,48.92,49.07,2010094,67389808.00
2019/07/11,49.55,50.16,48.42,48.71,2030146,67497664.00
2019/07/12,48.69,49.36,48.56,48.78,1449394,47871460.00
2019/07/15,48.04,48.34,46.10,46.82,5747383,181313872.00
2019/07/16,46.68,47.53,45.99,47.43,3387728,106890496.00
2019/07/17,47.28,48.46,46.27,47.36,4382902,139865152.00
2019/07/18,46.60,47.11,44.91,45.72,3758994,116029744.00
2019/07/19,45.66,46.02,45.08,45.14,1832187,56261436.00
2019/07/22,45.78,45.78,42.79,43.09,3196678,93915904.00
2019/07/23,43.01,44.14,42.77,44.04,1759098,51573152.00
2019/07/24,44.12,45.91,44.12,45.57,3009194,92015768.00
2019/07/25,45.56,48.39,45.37,48.13,4655656,148494912.00
2019/07/26,48.11,48.69,47.24,48.02,2565525,83038064.00
2019/07/29,48.56,48.56,47.44,47.84,1561866,50405288.00
2019/07/30,47.55,48.20,47.26,47.52,2282100,73585232.00
2019/07/31,47.26,48.11,46.75,47.70,1865217,60003816.00
2019/08/01,47.04,48.04,47.04,47.82,1719675,55125648.00
2019/08/02,45.96,46.39,44.62,45.41,3275994,100271568.00
2019/08/05,45.44,47.04,45.08,45.69,2969520,92398672.00
2019/08/06,44.50,45.56,43.66,45.30,2860166,86202448.00
2019/08/07,45.66,46.50,44.66,44.78,1912251,58743316.00
2019/08/08,44.66,45.86,44.66,44.69,1588329,48335896.00
2019/08/09,45.24,45.24,43.04,43.14,2311954,68299128.00
2019/08/12,43.33,44.04,42.91,43.99,1423676,41631640.00
2019/08/13,43.56,43.76,43.12,43.64,1136685,33296624.00
2019/08/14,44.79,47.91,44.79,47.91,4303509,136273504.00
2019/08/15,46.39,52.61,46.10,51.50,10704066,355745952.00
2019/08/16,50.30,51.75,50.04,50.47,6139165,210700336.00
2019/08/19,50.49,52.30,49.97,51.81,5610845,194445392.00
2019/08/20,51.56,54.48,51.03,54.04,7523162,270776448.00
2019/08/21,53.49,53.78,52.59,53.27,3846231,138298048.00
2019/08/22,53.27,53.74,52.56,53.52,3132626,112741824.00
2019/08/23,53.64,54.64,51.43,52.10,3649879,130405248.00
2019/08/26,49.14,51.97,49.14,50.94,3309392,113368288.00
2019/08/27,54.23,55.81,51.76,52.39,4669655,167345920.00
2019/08/28,52.56,53.78,50.59,51.39,4614795,162462672.00
2019/08/29,51.03,51.26,50.04,50.04,3123265,106617344.00
2019/08/30,50.47,50.95,48.42,48.50,4698361,157608480.00
2019/09/02,48.59,49.72,47.76,49.39,3352900,111275240.00
2019/09/03,49.56,50.10,48.94,49.68,3074845,102760952.00
2019/09/04,49.81,49.81,48.72,49.36,3111270,103319560.00
2019/09/05,49.65,54.20,49.43,53.68,10028492,355887808.00
2019/09/06,53.03,53.66,52.10,52.68,5339660,190534208.00
2019/09/09,52.88,54.40,52.43,54.37,6244079,225818032.00
2019/09/10,53.71,53.97,52.91,53.45,3876823,139941968.00
2019/09/11,53.46,55.35,53.23,53.27,4889516,179144464.00
2019/09/12,53.20,54.36,52.55,53.78,3383429,122638480.00
2019/09/16,53.91,54.04,52.92,53.19,2392286,86351784.00
2019/09/17,53.17,53.17,51.03,51.32,3231928,112991792.00
2019/09/18,51.10,51.97,51.10,51.29,1703423,59301440.00
2019/09/19,51.21,51.97,50.59,51.88,2040005,70872928.00
2019/09/20,51.75,51.87,50.31,50.52,3336241,115122608.00
2019/09/23,50.16,51.24,49.76,50.98,2301650,78644096.00
2019/09/24,50.47,52.59,50.45,51.47,4579319,160538672.00
2019/09/25,50.88,51.03,48.71,48.71,4170206,139065024.00
2019/09/26,49.00,49.26,45.95,46.60,3480045,110813704.00
2019/09/27,46.53,48.31,46.50,48.14,2589707,83310520.00
2019/09/30,46.10,47.20,44.30,46.79,3732894,115522288.00
2019/10/08,46.76,47.75,45.98,46.34,2118699,67022012.00
2019/10/09,46.34,47.53,45.66,47.47,2035303,64257252.00
2019/10/10,47.47,48.13,47.01,48.04,1905851,61245428.00
2019/10/11,48.36,50.52,47.75,50.31,4403950,147533424.00
2019/10/14,51.17,51.32,49.84,50.16,4026191,137165696.00
2019/10/15,49.63,50.01,49.01,49.89,1862065,62181224.00
2019/10/16,49.72,49.89,48.37,48.46,1924820,63732064.00
2019/10/17,48.53,49.46,48.20,48.85,1450912,48120008.00
2019/10/18,49.30,49.42,48.42,49.00,1429343,47184176.00
2019/10/21,48.68,48.68,46.79,47.82,1989061,63773088.00
2019/10/22,48.07,50.24,47.57,50.17,2719914,90681152.00
2019/10/23,50.16,50.69,49.65,50.07,1977480,67134256.00
2019/10/24,50.07,50.72,49.66,50.39,1868933,63671544.00
2019/10/25,50.30,51.34,49.87,50.33,2331690,79714680.00
2019/10/28,50.30,50.76,49.81,50.49,1797316,60943400.00
2019/10/29,50.34,50.34,48.72,49.24,1860278,62157632.00
2019/10/30,48.91,49.24,47.76,49.08,1439168,47100004.00
2019/10/31,50.30,53.75,50.30,52.63,7492624,265316416.00
2019/11/01,52.19,55.27,52.19,54.11,6901306,254326176.00
2019/11/04,54.98,55.62,54.01,55.06,5071253,188825920.00
2019/11/05,55.29,56.54,54.40,55.13,4916375,184105840.00
2019/11/06,55.23,57.45,54.56,55.81,4754015,180503120.00
2019/11/07,55.67,56.19,54.68,55.68,2959980,111187624.00
2019/11/08,60.45,60.45,55.78,55.88,6724230,263658480.00
2019/11/11,54.91,55.94,53.29,53.40,4169805,153504384.00
2019/11/12,54.14,54.36,52.07,52.91,2872937,102659760.00
2019/11/13,52.48,53.56,52.37,53.21,2479000,88752000.00
2019/11/14,52.97,56.00,52.48,55.62,3514558,130157032.00
2019/11/15,55.78,56.72,54.90,55.88,2284165,86573408.00
2019/11/18,56.48,56.48,54.94,55.29,1778255,66855124.00
2019/11/19,55.43,56.59,55.07,55.80,1760677,66388164.00
2019/11/20,55.80,56.00,54.04,54.26,2283749,84905352.00
2019/11/21,54.14,55.32,53.64,54.49,1764347,65219684.00
2019/11/22,54.30,56.65,54.04,56.52,4927397,186946592.00
2019/11/25,56.25,56.29,54.06,55.01,3681497,137319152.00
2019/11/26,55.07,57.26,54.36,56.90,3653058,139361232.00
2019/11/27,56.85,58.83,55.94,58.74,5115032,200917552.00
2019/11/28,57.78,60.86,57.42,59.03,5236148,210208656.00
2019/11/29,58.86,59.42,56.90,59.03,3401955,134324176.00
2019/12/02,59.00,60.35,58.29,60.13,3412024,138016800.00
2019/12/03,59.44,59.71,57.26,58.83,3206873,127096280.00
2019/12/04,58.25,61.18,57.55,61.18,3413653,137178208.00
2019/12/05,61.18,62.34,60.45,60.45,3991325,166389712.00
2019/12/06,60.71,62.34,60.70,61.06,3635627,151905152.00
2019/12/09,61.18,61.84,59.70,60.02,2663606,109173592.00
2019/12/10,60.10,62.45,59.01,62.18,3436422,142226048.00
2019/12/11,62.18,65.16,61.29,64.16,3378783,145856080.00
2019/12/12,64.32,65.09,63.61,64.87,1913930,83447976.00
2019/12/13,66.54,68.35,64.97,66.61,4562022,206242672.00
2019/12/16,66.25,68.25,66.02,67.80,2607313,119361344.00
2019/12/17,67.56,67.56,65.67,66.25,2616020,118105352.00
2019/12/18,66.02,67.27,65.09,66.03,2492140,111625352.00
2019/12/19,66.02,67.24,65.37,66.61,1671350,75485352.00
2019/12/20,66.70,67.03,64.64,64.80,1834676,81386368.00
2019/12/23,64.80,64.89,62.54,63.68,1824717,78784632.00
2019/12/24,63.81,66.66,63.63,65.21,1779775,79081248.00
2019/12/25,65.02,66.21,65.02,65.93,1147969,51272216.00
2019/12/26,65.96,66.55,64.58,64.83,1503265,66648984.00
2019/12/27,64.95,65.44,63.94,64.05,1660591,72804736.00
2019/12/30,63.50,65.87,62.16,65.28,1953870,85546816.00
2019/12/31,65.60,66.19,64.61,65.57,1282541,57099176.00
2020/01/02,65.60,67.24,65.12,67.24,2681842,121082368.00
2020/01/03,67.42,67.42,64.95,65.96,3149637,141538544.00
2020/01/06,65.80,65.80,63.35,64.23,3156774,137621216.00
2020/01/07,64.23,70.46,63.44,69.21,4244101,194352304.00
2020/01/08,69.44,69.45,67.31,67.69,2045010,94823264.00
2020/01/09,68.18,70.57,67.19,70.11,2563211,120002888.00
2020/01/10,69.82,71.76,68.50,68.61,2147841,101768024.00
2020/01/13,68.51,69.92,67.27,69.11,2171809,101485728.00
2020/01/14,69.05,71.72,68.73,70.72,2279221,109271288.00
2020/01/15,70.22,72.78,69.73,72.14,1821773,88378384.00
2020/01/16,72.63,75.60,72.05,73.83,2637590,133243152.00
2020/01/17,73.50,75.07,72.78,75.04,1642955,82465192.00
2020/01/20,74.30,74.66,72.05,73.59,1338485,67038880.00
2020/01/21,73.63,75.60,73.07,74.66,1577815,80001392.00
2020/01/22,72.63,76.52,72.63,76.20,1550438,79187912.00
2020/01/23,75.27,77.15,70.61,72.59,1859644,93639848.00
2020/02/03,65.42,67.58,65.42,65.42,2238251,99949680.00
2020/02/04,65.67,70.75,65.67,70.01,2274580,105901848.00
2020/02/05,70.28,73.62,69.45,71.18,1682931,81974360.00
2020/02/06,71.18,72.49,70.19,71.67,1363075,66018248.00
2020/02/07,71.09,72.22,69.86,70.59,2096840,100684312.00
2020/02/10,70.09,76.65,69.96,75.75,2531514,126883672.00
2020/02/11,75.66,81.04,73.91,79.82,3335470,176525216.00
2020/02/12,78.79,84.78,78.79,84.67,2731991,152974560.00
2020/02/13,84.58,84.58,81.29,81.84,2182868,122338992.00
2020/02/14,82.46,83.49,79.62,80.17,2154313,119416696.00
2020/02/17,81.03,81.55,79.30,81.30,2260123,124129800.00
2020/02/18,80.61,84.23,80.07,83.17,1898615,106947944.00
2020/02/19,83.17,84.13,78.73,79.37,1911912,105158184.00
2020/02/20,80.72,83.00,78.36,82.61,1820595,100581208.00
2020/02/21,81.91,84.93,81.33,84.09,2233130,126278024.00
2020/02/24,84.09,87.86,83.39,85.65,1859641,108739864.00
2020/02/25,84.69,84.69,77.20,80.75,6256575,341617152.00
2020/02/26,77.85,79.02,76.34,78.58,3272911,173633712.00
2020/02/27,78.84,79.26,77.17,78.44,1124054,59924376.00
2020/02/28,74.95,75.24,70.70,71.75,4443143,218595296.00
2020/03/02,71.73,73.21,70.47,71.89,3719844,182503008.00
2020/03/03,72.99,77.24,72.31,73.09,3448775,175150320.00
2020/03/04,72.43,74.15,71.12,72.60,1593477,78671984.00
2020/03/05,74.14,76.23,72.79,73.89,2813496,143132688.00
2020/03/06,73.28,74.33,71.98,72.54,2176528,107978184.00
2020/03/09,70.86,71.48,66.34,66.96,4264704,197214528.00
2020/03/10,66.41,69.15,64.38,68.72,2954188,134733072.00
2020/03/11,68.44,69.63,66.15,66.53,2547610,117153024.00
2020/03/12,65.42,66.55,63.36,64.92,3116055,137816992.00
2020/03/13,61.33,64.15,59.80,63.41,3882812,163834928.00
2020/03/16,64.08,64.08,58.19,58.35,4483756,184717808.00
2020/03/17,58.99,60.28,55.38,57.42,2831910,110218960.00
2020/03/18,58.00,61.36,56.22,56.32,4778938,190365040.00
2020/03/19,56.10,57.48,55.29,56.83,3728858,142134848.00
2020/03/20,57.55,58.45,55.56,56.65,2973870,114072704.00
2020/03/23,58.12,61.44,57.56,58.52,6225573,248788496.00
2020/03/24,59.36,59.87,56.11,57.70,5169482,202040960.00
2020/03/25,59.29,62.26,57.99,61.62,5924255,242643152.00
2020/03/26,60.74,62.60,60.13,61.41,3717896,154430000.00
2020/03/27,62.31,62.48,59.39,60.16,3451092,141908480.00
2020/03/30,58.86,60.06,56.62,58.28,2545912,100428264.00
2020/03/31,59.23,59.70,57.55,58.78,1691993,67250488.00
2020/04/01,58.28,59.58,57.87,58.51,1536842,61332164.00
2020/04/02,57.77,60.73,57.67,60.33,1773808,71367032.00
2020/04/03,60.12,60.86,59.17,59.67,1140528,46404088.00
2020/04/07,61.31,65.54,61.31,64.83,4528615,196720928.00
2020/04/08,64.70,66.57,63.80,65.95,3092597,137742768.00
2020/04/09,67.24,68.14,65.53,67.99,3308917,150875264.00
2020/04/10,68.14,68.99,65.57,68.15,3173298,146511184.00
2020/04/13,67.64,68.72,65.96,66.89,2298444,105282328.00
2020/04/14,67.60,69.41,67.09,69.14,2541488,118428440.00
2020/04/15,69.88,74.23,69.51,71.96,3859458,189064656.00
2020/04/16,71.96,72.85,71.01,72.12,1698406,83051520.00
2020/04/17,70.64,73.11,69.88,70.27,2904255,140304976.00
2020/04/20,69.99,72.34,69.12,71.25,1807906,87020320.00
2020/04/21,71.24,71.24,67.48,68.45,3578289,167870640.00
2020/04/22,68.69,68.69,67.12,67.93,2107325,97285192.00
2020/04/23,68.02,68.35,66.02,66.77,2681093,121822184.00
2020/04/24,67.34,67.34,64.81,66.03,2081871,93235432.00
2020/04/27,66.44,68.35,66.02,67.51,2536659,116227664.00
2020/04/28,66.70,68.86,63.34,67.98,2389083,108437120.00
2020/04/29,67.40,70.17,66.87,69.72,1781527,82904712.00
2020/04/30,69.56,74.17,69.56,72.76,2768521,136332000.00
2020/05/06,71.44,73.28,71.40,72.78,1773420,87278288.00
2020/05/07,72.78,74.86,72.78,72.99,1407519,70345312.00
2020/05/08,74.05,77.68,73.18,77.43,2530724,131617224.00
2020/05/11,76.46,78.58,74.60,75.25,3243008,167919296.00
2020/05/12,75.89,75.89,73.91,75.33,2110823,107483424.00
2020/05/13,74.33,78.66,73.50,78.21,2420335,125957280.00
2020/05/14,77.42,78.58,76.55,77.05,1738737,91517728.00
2020/05/15,77.69,79.52,75.53,78.79,2721332,143272448.00
2020/05/18,78.85,80.56,76.59,77.04,2232770,119125328.00
2020/05/19,77.85,82.03,77.85,81.95,2210395,121026960.00
2020/05/20,82.93,85.83,80.05,80.75,3120862,175043424.00
2020/05/21,80.75,82.91,78.56,79.16,1818744,99481152.00
2020/05/22,79.02,79.27,75.10,76.26,2262928,118265936.00
2020/05/25,76.28,77.13,74.95,75.82,1771678,91405904.00
2020/05/26,76.11,79.81,75.97,77.23,2404647,126779536.00
2020/05/27,77.85,77.85,75.75,76.72,1569610,81786256.00
2020/05/28,75.60,77.13,74.98,76.04,1050800,54246128.00
2020/05/29,75.92,77.71,74.25,76.12,1336927,69520472.00
2020/06/01,76.31,81.33,76.31,80.46,2291961,125238664.00
2020/06/02,80.52,82.72,79.37,81.94,1993744,110151264.00
2020/06/03,81.98,83.33,80.87,82.39,1604805,89871216.00
2020/06/04,83.24,87.51,82.72,86.99,2593805,151316256.00
2020/06/05,87.25,91.25,86.26,91.16,2296073,138811712.00
2020/06/08,91.13,92.55,89.89,90.48,1458870,90628040.00
2020/06/09,92.76,92.76,88.96,91.00,1026306,63419772.00
2020/06/10,92.06,95.64,91.16,95.11,1466248,94001392.00
2020/06/11,95.09,95.98,92.19,93.00,1768786,113403544.00
2020/06/12,87.62,94.50,87.62,92.81,1831036,115270096.00
2020/06/15,93.51,99.46,91.89,97.14,2747034,180972032.00
2020/06/16,98.25,99.53,95.58,98.99,1587830,105956192.00
2020/06/17,100.18,103.20,98.24,101.51,1508030,103428888.00
2020/06/18,101.73,101.91,96.96,98.32,2290235,154570400.00
2020/06/19,98.51,100.75,96.28,97.57,3192031,213565104.00
2020/06/22,97.00,98.44,95.48,96.54,2172957,143453584.00
2020/06/23,98.01,99.01,96.15,98.47,1238230,82554632.00
2020/06/24,97.90,99.93,96.71,97.72,1123470,74921312.00
2020/06/29,97.72,100.91,95.84,97.06,1848110,123440128.00
2020/06/30,97.45,101.49,97.45,100.15,1958041,133025496.00
2020/07/01,100.56,105.84,99.60,104.25,2241410,158794544.00
2020/07/02,103.69,104.24,100.24,101.01,2124377,147712064.00
2020/07/03,100.60,102.65,99.63,101.27,1303005,90095112.00
2020/07/06,102.27,103.34,98.38,100.34,2825702,193379472.00
2020/07/07,99.60,103.01,96.76,101.49,3879918,265185680.00
2020/07/08,101.09,102.91,99.89,102.50,1773934,123310456.00
2020/07/09,103.20,111.20,102.44,107.87,2648914,192366720.00
2020/07/10,109.96,118.41,108.30,112.58,2716114,149840496.00
2020/07/13,110.70,116.56,107.29,112.97,7144563,383379104.00
2020/07/14,111.35,112.54,108.40,110.33,3473744,184968768.00
2020/07/15,110.74,113.29,108.91,111.99,2790638,150985968.00
2020/07/16,111.99,112.87,104.46,104.46,3377619,178111744.00
2020/07/17,104.20,110.29,103.47,109.29,2684825,140457984.00
2020/07/20,110.33,116.66,110.33,116.05,3832457,212234272.00
2020/07/21,117.58,121.25,114.82,120.74,3022720,172879680.00
2020/07/22,120.68,123.22,118.55,119.89,2095518,122992520.00
2020/07/23,120.24,124.62,116.83,123.93,2831942,165561584.00
2020/07/24,124.60,124.60,113.46,113.46,4522570,257980720.00
2020/07/27,115.36,117.41,112.40,116.68,2264316,127098672.00
2020/07/28,117.80,119.06,113.62,114.39,2187464,122281768.00
2020/07/29,114.29,119.02,113.44,118.21,2820911,160304160.00
2020/07/30,117.46,121.25,116.42,117.23,1900641,109592904.00
2020/07/31,117.48,122.31,116.64,120.74,2263776,131305080.00
2020/08/03,121.62,122.25,115.47,118.45,4047644,231310432.00
2020/08/04,120.48,122.69,118.04,118.27,2752488,161063424.00
2020/08/05,119.47,119.47,116.54,118.17,1573241,90011608.00
2020/08/06,117.48,120.18,115.97,117.70,2957395,168463216.00
2020/08/07,116.99,127.00,115.61,123.57,5465586,327253760.00
2020/08/10,123.73,134.14,123.73,133.35,4111585,260822528.00
2020/08/11,132.66,136.78,132.03,133.15,3280050,214080096.00
2020/08/12,133.68,137.31,131.46,135.91,3556183,232153296.00
2020/08/13,136.48,139.77,134.43,138.00,2553559,170797600.00
2020/08/14,139.36,142.81,136.13,139.26,1715326,115922600.00
2020/08/17,140.29,140.37,134.28,136.15,2591623,171882576.00
2020/08/18,136.72,139.60,135.48,137.94,2048047,136928880.00
2020/08/19,138.40,140.90,135.10,136.07,1887420,125863720.00
2020/08/20,137.00,137.31,134.30,135.71,1070969,70746848.00
2020/08/21,137.23,140.68,135.77,139.03,1925381,129827616.00
2020/08/24,141.75,143.60,137.98,143.40,1981400,136030816.00
2020/08/25,145.86,150.93,135.95,140.17,5929358,408925856.00
2020/08/26,138.77,143.48,138.20,140.58,2830100,194406672.00
2020/08/27,141.19,148.58,141.15,147.64,2145386,151928912.00
2020/08/28,147.07,150.34,144.84,149.51,2549601,183921056.00
2020/08/31,149.98,154.99,148.47,152.31,2331906,172460800.00
2020/09/01,153.06,161.81,151.74,161.00,3162927,242001808.00
2020/09/02,157.28,161.71,157.28,160.90,2352272,183143440.00
2020/09/03,161.08,167.54,160.33,161.89,2647223,210901824.00
2020/09/04,158.60,162.81,154.44,161.89,2185753,168977584.00
2020/09/07,161.71,163.09,151.86,154.08,2823450,215993360.00
2020/09/08,155.05,156.29,148.88,151.86,2274009,168290144.00
2020/09/09,151.17,151.80,142.83,143.62,3294668,233543376.00
2020/09/10,145.57,150.08,143.85,145.39,2814415,201419024.00
2020/09/11,146.22,149.06,144.19,149.00,1578522,113310504.00
2020/09/14,149.77,150.26,144.27,147.66,1778525,127227456.00
2020/09/15,149.00,160.92,145.92,159.17,2363525,177392848.00
2020/09/16,159.17,160.04,153.67,154.93,1818431,137776336.00
2020/09/17,153.98,156.90,150.16,155.84,1378121,103456048.00
2020/09/18,155.15,158.46,154.69,157.47,1532438,117474704.00
2020/09/21,157.55,158.54,148.74,150.91,2380368,175317936.00
2020/09/22,150.91,154.89,147.84,151.54,1379448,101827704.00
2020/09/23,154.16,155.78,151.13,153.06,1721097,129141816.00
2020/09/24,154.04,154.04,145.35,145.75,2314744,166874304.00
2020/09/25,148.51,148.51,137.65,137.98,3604121,245176720.00
2020/09/28,138.00,139.36,134.02,134.83,3159673,209129920.00
2020/09/29,136.11,136.11,130.28,133.35,4225932,273715008.00
2020/09/30,133.53,139.26,132.40,136.13,3661485,243128320.00
2020/10/09,138.75,140.39,136.54,137.65,2497047,167700336.00
2020/10/12,139.34,145.63,136.84,145.35,3496970,240459488.00
2020/10/13,145.61,149.41,142.83,148.60,1600308,114204592.00
2020/10/14,148.29,151.90,146.14,149.00,1512996,109829992.00
2020/10/15,150.32,152.96,147.91,149.79,1509058,110167328.00
2020/10/16,147.95,152.27,146.42,147.78,1566851,113672608.00
2020/10/19,149.14,149.83,138.75,138.81,2772197,190436368.00
2020/10/20,139.66,145.00,137.07,144.31,2296627,157706848.00
2020/10/21,146.08,146.08,139.10,142.87,1487443,102589608.00
2020/10/22,143.16,144.80,137.49,138.34,1596450,108291432.00
2020/10/23,138.73,139.62,127.54,128.03,3754270,240500304.00
2020/10/26,128.60,137.41,126.79,136.40,2779731,180721856.00
2020/10/27,133.47,134.79,127.16,131.95,3569090,227628304.00
2020/10/28,131.67,134.18,130.81,132.86,2058152,132922184.00
2020/10/29,130.87,139.42,130.00,136.52,2832393,187275200.00
2020/10/30,137.92,142.46,134.43,136.13,2268513,152581488.00
2020/11/02,138.55,139.52,134.69,136.82,2152330,143558352.00
2020/11/03,138.08,140.17,133.29,138.97,1702985,114039784.00
2020/11/04,137.92,143.74,137.92,141.17,1970070,135173184.00
2020/11/05,143.13,151.95,141.80,149.51,3473276,250539728.00
2020/11/06,149.51,151.86,146.08,150.93,1642081,119418328.00
2020/11/09,151.95,162.05,149.98,161.49,3238234,250749920.00
2020/11/10,157.24,161.40,151.25,156.76,3178330,242177648.00
2020/11/11,155.76,159.31,149.92,150.67,3204923,241262048.00
2020/11/12,151.76,152.96,146.10,150.22,1453969,106395072.00
2020/11/13,151.88,151.88,145.45,146.26,1783221,128002776.00
2020/11/16,146.46,147.60,142.75,144.72,1346853,94556296.00
2020/11/17,145.61,145.61,137.41,138.69,2094036,142235200.00
2020/11/18,139.36,142.24,136.98,140.15,1836505,124957864.00
2020/11/19,140.31,143.22,137.92,142.00,1530158,104982768.00
2020/11/20,141.80,145.04,141.08,142.00,1028118,71450072.00
2020/11/23,141.43,143.38,138.34,141.23,951031,65454588.00
2020/11/24,141.35,142.40,139.44,139.99,837116,57248272.00
2020/11/25,140.88,140.88,136.11,136.72,952670,63882168.00
2020/11/26,136.29,138.14,133.68,135.12,833491,54759168.00
2020/11/27,134.89,135.85,130.95,132.48,1295722,83476392.00
2020/11/30,129.92,132.01,124.82,129.82,2519313,156985664.00
2020/12/01,128.50,136.92,128.50,133.96,2052624,132834448.00
2020/12/02,133.96,137.13,130.69,130.83,2061747,134027312.00
2020/12/03,131.28,134.02,127.59,133.15,1451371,92836152.00
2020/12/04,132.44,134.65,130.63,133.68,1127662,73139584.00
2020/12/07,133.61,134.87,132.05,133.78,1307398,84799736.00
2020/12/08,135.91,138.75,133.49,138.57,1925354,128691080.00
2020/12/09,139.36,139.36,131.67,131.71,1924205,125343312.00
2020/12/10,130.33,134.57,130.33,133.13,1008289,65070060.00
2020/12/11,133.25,134.16,128.60,129.66,1523344,96961472.00
2020/12/14,129.55,139.36,127.73,138.06,3316650,218424944.00
2020/12/15,138.61,145.45,137.94,144.23,2684457,186207632.00
2020/12/16,145.55,146.36,142.20,144.23,1291817,90850904.00
2020/12/17,142.81,146.26,142.22,143.60,995806,69590744.00
2020/12/18,143.42,145.04,139.30,142.85,1301862,90143312.00
2020/12/21,142.26,143.09,136.72,140.48,1972415,134031840.00
2020/12/22,139.58,140.62,136.09,136.25,1300862,87129872.00
2020/12/23,137.39,139.07,134.28,137.61,1223161,81476376.00
2020/12/24,137.65,144.84,136.17,138.38,1570982,107607416.00
2020/12/25,138.34,141.35,137.35,140.78,927339,63093992.00
2020/12/28,141.80,142.79,138.71,138.71,1468286,100494704.00
2020/12/29,137.53,141.08,136.01,138.45,1240073,83490952.00
2020/12/30,138.20,152.13,136.92,152.11,3126394,224967184.00
2020/12/31,152.13,159.62,150.95,158.54,2345366,178514272.00
2021/01/04,159.05,161.28,156.37,156.86,1672121,128971320.00
2021/01/05,156.86,168.19,155.19,166.93,2034863,159806448.00
2021/01/06,166.85,166.85,161.49,164.75,1715333,136855456.00
2021/01/07,164.35,174.15,162.10,167.27,2005876,163597312.00
2021/01/08,167.29,169.69,158.04,158.44,2413433,191342496.00
2021/01/11,158.48,162.48,156.01,161.28,1541243,120108944.00
2021/01/12,161.85,166.60,157.30,162.97,1226800,97171600.00
2021/01/13,165.08,165.87,156.65,159.33,1443950,112634560.00
2021/01/14,159.33,161.61,154.44,158.58,912530,70517048.00
2021/01/15,158.36,169.36,156.05,163.21,1580120,125900760.00
2021/01/18,163.13,179.37,163.13,176.91,2556310,218244544.00
2021/01/19,176.87,181.99,174.84,177.14,1975485,171846096.00
2021/01/20,174.28,181.99,174.28,180.57,1524563,133076544.00
2021/01/21,179.74,191.90,179.74,190.31,1927180,176528976.00
2021/01/22,190.11,206.76,189.18,201.68,2812698,274187232.00
2021/01/25,201.68,204.52,194.58,197.64,2254723,217856912.00
2021/01/26,197.23,200.62,188.24,194.31,1500045,141387984.00
2021/01/27,194.31,200.67,191.12,193.76,1565440,148957280.00
2021/01/28,190.52,196.54,186.72,188.38,1161243,107652432.00
2021/01/29,189.70,195.69,184.18,186.05,2105433,196084848.00
2021/02/01,185.81,190.52,178.60,189.48,1241732,112922128.00
2021/02/02,189.70,194.13,183.41,193.46,1109978,103215736.00
2021/02/03,192.71,194.86,187.63,191.61,1139180,106798392.00
2021/02/04,188.04,196.18,185.85,189.87,830804,77057952.00
2021/02/05,190.52,202.45,179.92,180.20,2020262,187188192.00
2021/02/08,176.00,189.09,174.86,184.08,2408576,214830240.00
2021/02/09,193.05,193.05,173.87,181.36,1511937,133515568.00
2021/02/10,181.87,188.22,176.87,181.56,1597339,140297280.00
2021/02/18,181.89,187.88,174.32,176.10,1668150,145163920.00
2021/02/19,171.25,177.44,171.19,176.83,1122004,95534712.00
2021/02/22,178.07,178.58,169.22,169.83,1459426,122350296.00
2021/02/23,165.69,171.23,163.88,166.72,975140,79713200.00
2021/02/24,168.12,170.30,163.84,164.65,1207667,97875504.00
2021/02/25,162.50,169.20,162.50,165.71,1052166,85041296.00
2021/02/26,162.79,167.17,160.07,166.44,1158091,93087984.00
2021/03/01,169.06,171.01,155.80,156.41,2413570,188849072.00
2021/03/02,156.01,157.57,141.84,145.86,5527290,400533952.00
2021/03/03,145.35,153.87,143.85,152.96,3585412,262347584.00
2021/03/04,153.69,154.32,147.48,148.94,2136635,154799184.00
2021/03/05,147.30,156.78,145.21,152.80,3231620,239327360.00
2021/03/08,152.94,152.94,140.17,141.19,2822655,198586448.00
2021/03/09,140.56,147.03,135.60,141.59,2369752,164028800.00
2021/03/10,140.66,148.43,140.37,147.07,2065410,146935424.00
2021/03/11,148.53,148.88,143.26,144.03,1088000,77343200.00
2021/03/12,143.01,146.26,141.71,144.64,900107,63166944.00
2021/03/15,143.58,148.96,140.17,148.49,1524767,106943920.00
2021/03/16,145.86,154.87,143.89,153.73,2020774,147401984.00
2021/03/17,151.52,155.36,147.89,153.59,1195365,88122928.00
2021/03/18,152.96,153.61,150.32,150.87,448282,33068360.00
2021/03/19,150.44,150.65,143.83,146.14,925568,65933840.00
2021/03/22,144.84,148.33,144.15,144.54,654400,46349820.00
2021/03/23,143.91,145.02,141.59,142.49,591478,41134228.00
2021/03/24,141.13,142.51,134.26,134.85,830374,55442324.00
2021/03/25,135.18,139.46,134.39,136.98,870294,58071344.00
2021/03/26,138.34,148.09,136.90,143.05,1930120,135312992.00
2021/03/29,145.16,152.61,140.17,149.71,1736696,125607728.00
2021/03/30,148.51,152.35,143.85,144.39,1421829,102330568.00
2021/03/31,145.47,147.42,143.60,146.38,770329,54631548.00
2021/04/01,144.29,151.86,144.29,151.07,1116794,81466408.00
2021/04/02,151.60,152.86,143.83,147.50,1237938,88811328.00
2021/04/06,147.48,150.10,147.42,148.07,723076,52379192.00
2021/04/07,149.87,149.87,137.88,139.40,2219308,151197008.00
2021/04/08,139.03,140.17,136.31,138.06,1015416,68108504.00
2021/04/09,136.88,138.06,128.80,131.69,3523898,225380336.00
2021/04/12,131.08,132.01,123.97,125.17,2041893,126035848.00
2021/04/13,125.01,130.63,123.85,128.36,1473833,91823192.00
2021/04/14,127.59,130.61,126.57,127.71,1158583,72347184.00
2021/04/15,127.71,128.23,124.74,126.73,999613,61171132.00
2021/04/16,127.59,136.31,126.31,134.61,2176596,139378272.00
2021/04/19,137.11,137.88,129.23,133.37,3835055,247532016.00
2021/04/20,133.27,133.27,120.28,130.18,7280725,443814304.00
2021/04/21,125.58,131.58,123.99,129.92,3380151,210437888.00
2021/04/22,132.46,132.78,127.06,130.79,1431966,90497480.00
2021/04/23,131.28,133.43,128.84,131.67,1581697,100675672.00
2021/04/26,131.24,132.60,127.65,127.65,1282912,80775832.00
2021/04/27,127.56,129.57,126.35,127.87,1172052,72828704.00
2021/04/28,129.62,129.62,126.61,127.36,605911,37472844.00
2021/04/29,127.28,127.97,125.15,125.84,954776,58427960.00
2021/04/30,125.84,127.99,124.93,126.00,698062,42904544.00
2021/05/06,124.54,126.69,122.41,125.80,1120723,67746352.00
2021/05/07,125.56,125.84,119.04,120.48,1845690,108718096.00
2021/05/10,119.55,121.25,117.78,121.15,1222809,71076984.00
2021/05/11,120.83,126.27,119.49,124.95,1870978,112580304.00
2021/05/12,124.70,128.60,122.86,127.56,1046474,64217180.00
2021/05/13,127.54,127.54,122.10,122.63,887108,53353968.00
2021/05/14,123.36,127.38,121.82,125.60,1088041,66308752.00
2021/05/17,126.25,135.30,125.72,134.28,2655415,171164032.00
2021/05/18,134.28,138.69,133.23,134.57,1143866,75383952.00
2021/05/19,134.57,136.35,132.72,133.59,1146880,74838136.00
2021/05/20,132.66,137.74,132.56,137.57,1383336,92105392.00
2021/05/21,138.55,138.55,134.49,135.26,886214,58232968.00
2021/05/24,135.26,137.11,131.44,136.11,956170,62555648.00
2021/05/25,136.37,136.37,133.31,133.78,1389556,90526280.00
2021/05/26,134.04,134.69,129.84,133.41,1062180,68258480.00
2021/05/27,133.17,134.04,131.00,132.86,1438244,92804320.00
2021/05/28,138.79,140.94,133.21,135.68,2935420,194230784.00
2021/05/31,134.49,140.76,132.56,139.66,2523511,169071632.00
2021/06/01,140.54,145.31,137.76,144.43,2655033,185061472.00
2021/06/02,143.58,150.63,143.58,147.68,2855391,205911168.00
2021/06/03,149.10,149.10,142.87,146.87,954645,67878504.00
2021/06/04,145.86,146.20,140.94,142.02,1373410,95608416.00
2021/06/07,142.11,146.77,138.36,140.97,1896910,93000280.00
2021/06/08,138.70,140.74,134.92,137.13,1711396,81048528.00
2021/06/09,136.59,142.65,136.14,138.75,1451776,69874584.00
2021/06/10,138.95,141.03,136.76,137.50,1150970,54897376.00
2021/06/11,138.10,139.58,130.43,130.97,2668727,123489248.00
2021/06/15,133.55,133.70,129.06,131.08,1826105,82586144.00
2021/06/16,131.34,132.59,124.40,125.06,2438423,106482904.00
2021/06/17,126.11,127.98,123.18,124.20,1497179,64409348.00
2021/06/18,123.83,127.59,123.61,126.02,1505890,65596260.00
2021/06/21,125.97,132.42,124.20,131.93,2249013,100203968.00
2021/06/22,131.90,137.82,130.80,135.60,2720574,127589576.00
2021/06/23,136.85,142.31,134.18,140.06,2831506,136462624.00
2021/06/24,140.09,141.57,135.40,136.96,1834824,87329584.00
2021/06/25,137.56,140.37,136.40,139.81,1898780,91321344.00
2021/06/28,139.75,144.61,138.07,141.31,2400162,118015536.00
2021/06/29,141.03,148.76,138.04,146.85,3649672,182741408.00
2021/06/30,146.83,147.28,142.53,146.40,1844536,92795704.00
2021/07/01,146.91,147.39,143.56,144.84,1068418,53469764.00
2021/07/02,144.89,144.89,140.46,140.80,1783527,87440136.00
2021/07/05,140.80,144.21,140.06,143.19,907505,44818744.00
2021/07/06,143.27,144.44,137.53,139.44,2007497,96566032.00
2021/07/07,140.80,142.51,137.28,139.44,1527924,73927024.00
2021/07/08,140.63,140.63,133.72,134.12,2250489,105860080.00
2021/07/09,133.30,133.52,129.80,131.85,2628019,118793952.00
2021/07/12,132.42,141.45,128.15,136.85,5655839,265266384.00
2021/07/13,138.64,148.93,138.64,148.93,6005729,302089984.00
2021/07/14,149.92,156.01,148.93,153.62,5703897,300989696.00
2021/07/15,152.82,152.96,146.91,150.75,3729907,192943984.00
2021/07/16,150.15,150.52,144.49,145.32,3154562,160354368.00
2021/07/19,146.06,146.94,140.94,142.82,3812938,188727504.00
2021/07/20,143.30,147.68,142.42,147.34,2580265,130176256.00
2021/07/21,148.02,148.02,142.34,144.78,3014191,151157664.00
2021/07/22,145.77,145.77,142.68,145.15,2714317,134958992.00
2021/07/23,145.57,145.57,137.30,139.10,2449615,118582688.00
2021/07/26,138.38,142.51,136.96,139.10,2500348,120510696.00
2021/07/27,138.95,145.46,137.67,142.90,3921051,192433744.00
2021/07/28,142.08,142.87,132.56,134.29,3341350,157387248.00
2021/07/29,134.78,138.56,131.85,136.96,3568845,165444064.00
2021/07/30,136.94,144.58,136.25,140.32,3474597,170279904.00
2021/08/02,141.20,150.32,141.00,149.75,4939400,250302976.00
2021/08/03,150.89,151.17,144.64,146.11,2586526,131345024.00
2021/08/04,145.86,158.11,145.03,155.78,4102330,217774272.00
2021/08/05,155.01,158.11,150.55,152.94,3400214,180316832.00
2021/08/06,150.89,152.79,146.11,148.93,2266374,116197632.00
2021/08/09,149.18,154.02,147.51,152.59,3301594,173794304.00
2021/08/10,152.59,155.10,148.33,150.63,3509045,183160800.00
2021/08/11,151.46,151.51,146.26,147.48,2938528,150532192.00
2021/08/12,147.45,147.45,140.89,143.22,3744318,185085872.00
2021/08/13,142.62,147.39,140.37,141.74,3001970,147967728.00
2021/08/16,142.08,148.05,139.41,146.94,3883843,194310560.00
2021/08/17,147.48,152.03,144.64,147.48,4368027,224750768.00
2021/08/18,150.04,151.09,146.06,147.93,2454803,125924608.00
2021/08/19,146.54,153.16,146.54,151.74,3425908,179033136.00
2021/08/20,151.74,151.74,144.92,150.32,3837077,197270800.00
2021/08/23,148.56,153.42,148.47,153.42,3037052,159520384.00
2021/08/24,152.45,155.10,143.64,147.76,5113298,260966736.00
2021/08/25,143.22,156.66,141.00,155.04,8950413,470310336.00
2021/08/26,153.16,155.95,147.48,152.28,4051758,212958912.00
2021/08/27,150.95,153.16,146.23,148.27,2887233,148487152.00
2021/08/30,146.71,148.84,142.25,144.35,4534918,226718288.00
2021/08/31,143.90,147.34,142.36,145.49,2879894,143592128.00
2021/09/01,144.98,144.98,142.39,142.70,2399449,118530616.00
2021/09/02,142.73,143.98,134.49,138.75,3954479,190088192.00
2021/09/03,138.95,138.95,129.29,129.35,4820436,220885120.00
2021/09/06,129.35,134.86,126.76,134.41,3931048,177885920.00
2021/09/07,133.84,135.83,131.88,133.01,2680496,123286912.00
2021/09/08,132.42,132.50,125.60,126.87,5067950,223749760.00
2021/09/09,127.53,131.45,127.05,129.55,3363978,150583552.00
2021/09/10,128.35,130.20,126.79,128.66,1661747,73345824.00
2021/09/13,127.78,127.78,121.93,124.43,3803284,162094320.00
2021/09/14,122.95,129.94,122.75,127.59,3028025,133414608.00
2021/09/15,127.87,129.01,121.93,124.00,2121513,91072536.00
2021/09/16,123.35,125.94,120.88,120.96,1747015,74214088.00
2021/09/17,120.91,123.04,120.51,121.19,1937906,81232536.00
2021/09/22,120.34,121.90,115.79,121.02,1308901,53744876.00
2021/09/23,121.02,122.98,117.07,118.72,1941021,79441512.00
2021/09/24,118.72,118.72,112.95,113.12,2872915,112817912.00
2021/09/27,116.61,124.17,116.61,124.17,6635172,281083104.00
2021/09/28,118.72,128.64,117.64,126.19,5226902,226260464.00
2021/09/29,125.25,126.14,120.51,120.68,3617906,152663776.00
2021/09/30,121.59,124.52,119.31,123.21,2268375,95632672.00
2021/10/08,125.20,133.52,125.20,130.23,3951211,178463424.00
2021/10/11,131.42,135.83,129.09,134.69,4172851,192859904.00
2021/10/12,134.06,139.46,131.56,133.41,2950545,137810720.00
2021/10/13,132.50,137.48,132.42,135.51,1992256,92639784.00
2021/10/14,134.24,135.74,129.20,130.00,1662458,75479392.00
2021/10/15,129.74,129.74,126.39,127.87,1496432,65942884.00
2021/10/18,127.90,129.43,124.17,128.30,1401507,61198996.00
2021/10/19,128.15,132.84,124.74,132.16,1441281,64987000.00
2021/10/20,131.51,134.06,130.43,131.00,1460521,66739752.00
2021/10/21,130.17,131.79,127.22,127.61,883460,39170784.00
2021/10/22,129.86,132.08,126.82,131.05,1420658,63719344.00
2021/10/25,130.91,135.77,128.72,133.92,1784966,82167984.00
2021/10/26,134.04,134.04,130.82,131.54,1403630,63855792.00
2021/10/27,131.42,132.13,123.61,124.83,3268334,141285424.00
2021/10/28,126.16,137.05,124.86,137.05,5699912,267677888.00
2021/10/29,136.28,136.91,129.86,132.90,5624552,259131040.00
2021/11/01,133.92,144.44,132.05,142.79,5181910,251528816.00
2021/11/02,142.36,149.75,142.36,145.40,3609142,182585488.00
2021/11/03,145.89,147.28,140.66,142.48,1952086,96206528.00
2021/11/04,141.80,144.30,140.18,142.11,1690284,83064616.00
2021/11/05,141.97,148.90,141.85,144.44,2805803,141158816.00
2021/11/08,143.16,151.32,142.36,149.75,3293529,168328688.00
2021/11/09,149.21,154.02,149.21,152.34,2161406,113910688.00
2021/11/10,152.31,162.54,149.64,160.69,3900104,211906448.00
2021/11/11,162.54,162.80,154.58,158.36,3244373,178164528.00
2021/11/12,157.45,159.93,155.44,159.07,1671668,91568992.00
2021/11/15,159.07,171.18,158.16,165.07,3652541,207017568.00
2021/11/16,165.10,173.06,161.97,165.13,3553290,206435024.00
2021/11/17,164.53,165.55,157.43,159.90,3475871,193392304.00
2021/11/18,159.13,159.50,151.74,154.30,3029760,162066336.00
2021/11/19,154.81,159.96,152.31,156.89,2362685,128322896.00
2021/11/22,157.23,161.12,154.87,155.98,1666316,90506976.00
2021/11/23,155.98,159.59,154.04,155.55,1182488,63690768.00
2021/11/24,155.29,158.19,152.88,153.39,2032865,109410856.00
2021/11/25,153.28,155.75,150.66,153.16,1506423,79672272.00
2021/11/26,153.16,158.51,151.15,156.86,2244854,119934688.00
2021/11/29,156.03,162.77,148.79,151.32,3812802,202470096.00
2021/11/30,154.58,155.44,147.48,148.70,2478533,128153848.00
2021/12/01,152.99,152.99,143.50,147.91,2864110,144696752.00
2021/12/02,146.34,150.83,146.34,147.59,2490329,128147088.00
2021/12/03,147.76,153.59,146.51,153.19,1949987,101854488.00
2021/12/06,152.28,154.27,149.18,149.53,1599633,83346944.00
2021/12/07,149.81,151.54,145.66,149.67,1588173,81272144.00
2021/12/08,148.81,153.70,146.63,148.87,2119476,109354040.00
2021/12/09,149.84,155.44,147.73,154.16,2286108,120774960.00
2021/12/10,154.19,159.70,149.35,158.28,2623797,140927840.00
2021/12/13,158.36,162.40,156.01,158.73,2656849,146883040.00
2021/12/14,159.07,160.27,156.29,158.48,1513635,83000992.00
2021/12/15,157.74,160.92,154.58,155.66,1171165,63964584.00
2021/12/16,153.76,158.79,151.03,157.08,2303808,124453136.00
2021/12/17,157.99,157.99,153.31,153.31,777467,41651768.00
2021/12/20,153.31,154.41,147.71,148.87,1727757,89269080.00
2021/12/21,148.13,151.43,147.76,149.24,911052,47178396.00
2021/12/22,150.24,151.43,148.45,149.44,899586,46655040.00
2021/12/23,147.99,150.86,146.06,149.89,697446,35889656.00
2021/12/24,150.07,153.67,146.51,152.31,1735678,90820008.00
2021/12/27,153.48,153.59,146.91,147.37,951877,49131948.00
2021/12/28,147.62,154.73,147.62,149.47,1244913,64668140.00
2021/12/29,149.75,152.59,141.08,148.53,3642618,183629808.00
2021/12/30,148.53,149.44,144.01,144.81,3915865,197696576.00
2021/12/31,144.81,146.77,143.59,143.59,1565090,78321992.00
2022/01/04,143.59,144.64,141.31,142.51,1492940,73548704.00
2022/01/05,141.80,141.82,137.82,139.29,1334992,64365420.00
2022/01/06,138.38,138.81,133.44,135.54,1946046,90952160.00
2022/01/07,134.92,138.07,132.08,132.93,2092753,96816872.00
2022/01/10,132.42,134.69,128.98,134.52,1632190,74393992.00
2022/01/11,135.83,137.05,128.18,129.32,2118872,96132864.00
2022/01/12,129.06,132.98,128.15,132.70,1289959,58499268.00
2022/01/13,132.73,133.33,129.86,130.14,854181,38683960.00
2022/01/14,130.57,131.19,126.36,127.93,1413342,62438228.00
2022/01/17,127.93,128.95,125.68,126.85,1500950,65653356.00
2022/01/18,127.30,128.41,124.40,126.53,952420,41501016.00
2022/01/19,127.07,127.07,124.20,125.31,1013356,43761784.00
2022/01/20,125.37,125.97,121.87,123.15,1153812,49180124.00
2022/01/21,123.61,126.62,121.62,125.97,1310233,56494296.00
2022/01/24,126.31,132.70,124.17,130.77,2568286,115089096.00
2022/01/25,130.65,132.30,127.30,127.70,1034096,46289332.00
2022/01/26,127.59,128.66,124.43,125.03,1156471,50105236.00
2022/01/27,124.17,129.01,121.36,121.59,895503,38225264.00
2022/01/28,120.48,125.23,119.63,120.28,1262639,53027892.00
2022/02/07,121.36,125.20,119.94,120.31,1113162,46962304.00
2022/02/08,120.37,121.90,115.05,117.15,1454373,58558780.00
2022/02/09,118.12,118.15,113.66,116.56,1515013,60290916.00
2022/02/10,116.90,117.41,115.36,115.82,1507300,60276788.00
2022/02/11,115.11,115.36,108.20,109.11,3817191,145739824.00
2022/02/14,109.06,109.91,106.33,107.63,1646155,61231260.00
2022/02/15,107.61,113.32,107.29,112.07,2067829,78933352.00
2022/02/16,112.72,114.17,110.82,112.75,1053222,40850604.00
2022/02/17,112.75,113.94,111.61,113.01,684081,26592472.00
2022/02/18,112.81,112.81,109.68,111.70,1503341,57471516.00
2022/02/21,111.61,114.23,111.10,112.10,1187941,45855984.00
2022/02/22,112.10,112.10,108.91,111.07,1422094,54043240.00
2022/02/23,111.93,113.20,110.85,112.30,1581616,60751564.00
2022/02/24,112.52,112.95,106.84,108.12,1810630,68215496.00
2022/02/25,108.26,112.12,108.12,108.83,1937266,73001336.00
2022/02/28,110.14,110.14,104.54,106.13,3188837,115805216.00
2022/03/01,106.10,106.53,101.55,103.94,3337545,119048344.00
2022/03/02,102.01,103.29,101.21,101.86,2355246,82405872.00
2022/03/03,102.01,102.43,97.49,97.57,4028310,136231120.00
2022/03/04,97.18,99.62,96.32,98.26,2959600,99538112.00
2022/03/07,97.97,98.23,93.71,94.53,2210027,71990320.00
2022/03/08,94.76,95.44,90.24,90.64,2986931,94086432.00
2022/03/09,91.15,91.43,84.39,88.42,3809792,114044600.00
2022/03/10,90.98,92.06,88.96,89.50,3683166,113585576.00
2022/03/11,89.45,90.07,87.11,89.79,1804044,54725008.00
2022/03/14,90.01,90.01,85.75,86.26,2292920,68068432.00
2022/03/15,86.43,86.43,81.06,81.32,3197284,91234496.00
2022/03/16,82.40,84.44,78.48,83.62,3260166,90339944.00
2022/03/17,83.99,91.07,83.99,88.11,3932344,118305456.00
2022/03/18,87.80,88.37,86.01,87.94,2095327,62452664.00
2022/03/21,87.77,89.39,86.38,88.19,1546730,46499412.00
2022/03/22,88.19,88.65,86.66,87.97,1350861,40528944.00
2022/03/23,88.05,89.45,87.26,88.85,1202683,36396256.00
2022/03/24,96.27,97.49,93.48,97.49,6609287,218951936.00
2022/03/25,99.90,101.89,90.41,91.78,9945613,322867552.00
2022/03/28,90.01,90.07,84.67,86.38,6812013,202401152.00
2022/03/29,87.23,87.65,83.53,84.30,3653772,105658960.00
2022/03/30,85.15,87.46,84.33,86.83,3864271,113509296.00
2022/03/31,87.17,87.17,84.67,86.15,2147866,63166960.00
2022/04/01,86.12,86.12,83.85,84.67,2326079,67051952.00
2022/04/06,84.22,85.32,82.99,83.68,1518443,43589800.00
2022/04/07,82.97,83.99,81.97,82.14,1681070,47371952.00
2022/04/08,82.14,82.65,79.27,80.92,1686625,46361000.00
2022/04/11,80.78,80.78,77.00,77.99,1917937,51032328.00
2022/04/12,77.25,78.67,75.32,77.31,2053233,53650204.00
2022/04/13,76.80,78.13,74.18,75.49,1993233,51360456.00
2022/04/14,75.69,77.45,74.72,77.08,1484113,38520848.00
2022/04/15,77.05,77.05,74.72,75.24,1058341,27191642.00
2022/04/18,74.81,77.71,73.36,77.42,1614492,41608412.00
2022/04/19,77.51,78.62,74.24,74.81,1433625,36936112.00
2022/04/20,74.89,76.94,74.58,76.43,2183696,56390692.00
2022/04/21,76.29,77.28,72.14,72.56,2440140,61642372.00
2022/04/22,72.14,73.16,69.47,71.80,2632488,63652176.00
2022/04/25,71.06,71.23,66.11,66.74,2435400,56700720.00
2022/04/26,67.53,73.16,66.77,71.11,5531734,134215232.00
2022/04/27,69.44,77.68,69.21,76.14,6524819,162062384.00
2022/04/28,75.24,76.86,72.59,74.01,3767398,95213688.00
2022/04/29,73.93,79.53,73.73,78.13,3179815,83393912.00
2022/05/05,79.56,85.69,79.56,85.69,3767630,108272432.00
2022/05/06,85.50,89.45,82.94,86.83,5323035,158215520.00
2022/05/09,85.52,92.06,84.98,90.81,5171342,158045520.00
2022/05/10,88.88,97.94,87.80,91.58,7167292,227339648.00
2022/05/11,94.59,96.78,90.07,90.61,6177575,196940736.00
2022/05/12,89.36,92.91,88.31,92.15,3095652,96593896.00
2022/05/13,92.26,94.76,90.27,90.78,3414771,107619976.00
2022/05/16,90.67,91.52,89.25,90.04,2905438,89569544.00
2022/05/17,89.22,91.21,87.54,90.64,1886471,57667136.00
2022/05/18,90.13,92.60,88.28,91.41,2175643,67692296.00
2022/05/19,90.10,96.75,89.79,94.28,3961577,127111256.00
2022/05/20,94.90,94.93,92.69,92.88,1883516,60083208.00
2022/05/23,91.69,93.42,91.01,91.38,1751438,54937392.00
2022/05/24,91.89,92.88,86.86,87.26,2344976,71868224.00
2022/05/25,86.69,89.22,86.69,88.62,1512295,45541076.00
2022/05/26,88.79,89.67,87.14,87.54,1912353,57704472.00
2022/05/27,88.37,93.14,87.94,88.93,3466484,107312424.00
2022/05/30,88.25,88.93,85.78,88.11,3089771,91820704.00
2022/05/31,89.05,90.55,86.66,90.38,2193663,66839208.00
2022/06/01,90.35,93.40,89.50,92.20,2253722,71038912.00
2022/06/02,92.17,93.20,90.89,91.83,1721902,54057888.00
2022/06/06,92.34,96.78,91.72,96.32,3033498,98801448.00
2022/06/07,98.80,98.80,95.41,96.86,2497780,82755592.00
2022/06/08,97.09,103.40,96.41,100.07,2984841,102624728.00
2022/06/09,101.41,101.41,96.81,98.31,2731735,91767296.00
2022/06/10,96.92,97.74,95.81,96.89,2310335,76641072.00
2022/06/13,96.89,97.91,95.19,96.52,2720528,89611336.00
2022/06/14,94.93,96.92,93.48,96.61,2254378,73407560.00
2022/06/15,98.82,105.64,97.29,97.77,3798421,131138528.00
2022/06/16,97.63,103.43,96.32,101.72,3631707,125775088.00
2022/06/17,100.59,103.17,99.53,101.75,1476971,51486812.00
2022/06/20,101.98,107.72,101.98,107.72,4329592,157835328.00
2022/06/21,107.72,109.40,104.00,106.04,4577874,167849056.00
2022/06/22,105.70,106.27,100.73,101.27,3090762,109117576.00
2022/06/23,101.30,103.40,100.39,102.60,2852707,99725248.00
2022/06/24,102.40,104.48,102.26,104.48,2566231,91124072.00
2022/06/27,104.82,104.82,100.90,102.18,2763541,96824216.00
2022/06/28,102.21,102.83,98.82,100.53,3795783,129522096.00
2022/06/29,100.05,102.32,97.89,98.17,3788438,129448464.00
2022/06/30,97.49,100.02,95.75,97.43,2792820,92972288.00
2022/07/01,97.46,99.08,96.41,98.71,1901158,63761048.00
2022/07/04,99.36,99.36,95.61,98.88,2645948,88400136.00
2022/07/05,102.63,103.57,98.40,100.70,3552878,121568944.00
2022/07/06,99.51,99.79,96.69,97.23,4260000,142697040.00
2022/07/07,97.26,98.45,92.88,93.42,5641569,180126256.00
2022/07/08,93.48,97.94,93.48,97.03,4406858,144606464.00
2022/07/11,96.61,96.61,92.23,93.08,2829615,89928576.00
2022/07/12,93.85,93.85,90.30,90.58,2214140,68753528.00
2022/07/13,90.64,91.21,88.14,90.04,2079717,63214440.00
2022/07/14,89.64,93.88,89.22,91.89,1908436,59714068.00
2022/07/15,91.38,94.96,90.95,92.91,1930414,61148496.00
2022/07/18,92.97,95.81,92.17,95.02,2398648,76866536.00
2022/07/19,95.50,98.63,95.50,96.32,2212661,72976320.00
2022/07/20,97.23,97.23,94.79,95.67,1086800,35394880.00
2022/07/21,95.67,97.06,94.13,96.12,2143084,70252176.00
2022/07/22,97.01,97.89,93.68,94.59,2714465,87568088.00
2022/07/25,95.02,95.53,91.83,92.57,1998932,63360792.00
2022/07/26,92.57,93.82,91.01,92.77,1427158,44865420.00
2022/07/27,93.23,97.09,92.69,96.83,2009941,65037560.00
2022/07/28,97.89,98.63,96.01,97.49,1589753,52684508.00
2022/07/29,98.06,98.06,96.04,96.72,1399942,46187844.00
2022/08/01,96.07,100.53,94.39,100.19,3191295,107026480.00
2022/08/02,99.76,100.59,92.12,94.11,3278361,106643792.00
2022/08/03,94.39,98.09,93.48,93.88,2851209,92907616.00
2022/08/04,94.70,95.75,92.71,94.93,2711023,86734456.00
2022/08/05,93.94,95.73,93.20,95.50,1540860,49579572.00
2022/08/08,94.36,99.17,93.85,98.54,3064848,101522824.00
2022/08/09,99.11,100.16,95.24,95.98,2561532,84307680.00
2022/08/10,95.16,96.29,93.59,94.67,2038092,65306044.00
2022/08/11,94.85,97.43,94.25,97.01,2116567,69263512.00
2022/08/12,97.01,97.40,95.53,96.38,1842274,60310756.00
2022/08/15,95.98,97.09,94.96,95.87,1351488,44052052.00
2022/08/16,96.07,96.86,95.16,96.44,2085582,68339720.00
2022/08/17,96.49,99.14,94.70,97.09,2345200,77135120.00
2022/08/18,97.12,97.15,95.02,95.44,1914324,62138592.00
2022/08/19,95.53,97.23,92.66,92.69,1767966,56695068.00
2022/08/22,90.70,93.77,90.07,93.42,1397570,43986576.00
2022/08/23,93.42,93.85,91.49,93.37,1575876,49606952.00
2022/08/24,92.63,93.14,87.31,87.63,2848396,86525104.00
2022/08/25,88.42,88.45,84.16,86.66,1864854,54268520.00
2022/08/26,87.48,88.22,86.09,86.55,1289240,38059264.00
2022/08/29,86.01,92.69,85.01,92.51,2742589,83564136.00
2022/08/30,91.26,92.69,86.38,86.89,4132743,123550240.00
2022/08/31,87.65,87.74,83.73,84.39,2484823,71764688.00
2022/09/01,82.74,86.66,82.74,85.89,3554887,102371864.00
2022/09/02,86.01,89.42,85.24,87.54,2537295,75574560.00
2022/09/05,87.46,88.11,84.16,84.81,1641200,47499816.00
2022/09/06,85.15,85.38,83.53,84.59,1202441,34364012.00
2022/09/07,84.16,85.10,83.11,83.28,1545604,43896872.00
2022/09/08,83.90,84.13,81.94,82.20,1213300,33953204.00
2022/09/09,82.03,83.08,81.35,83.05,1218288,34035292.00
2022/09/13,82.34,84.24,81.69,82.99,1893786,53004056.00
2022/09/14,81.49,82.40,80.64,80.98,1590974,43653912.00
2022/09/15,80.89,81.54,76.80,78.73,3135363,82971712.00
2022/09/16,78.90,83.68,77.48,80.69,2892620,79783104.00
2022/09/19,79.02,80.64,78.48,79.61,2078650,55690144.00
2022/09/20,80.12,81.32,79.02,79.36,1445056,39006680.00
2022/09/21,79.33,79.33,77.03,77.85,1373235,36127192.00
2022/09/22,78.05,78.96,76.49,76.66,1354380,35408232.00
2022/09/23,77.08,77.14,73.76,75.21,1680149,42620440.00
2022/09/26,74.78,77.51,73.59,76.06,1655656,42552924.00
2022/09/27,76.91,78.93,75.63,78.84,1569306,41236704.00
2022/09/28,79.13,81.32,77.91,78.82,1718400,46342368.00
2022/09/29,78.93,82.26,78.33,79.78,1954830,53270032.00
2022/09/30,79.38,80.58,76.86,76.94,1389504,36690128.00
2022/10/10,77.40,78.05,73.76,73.76,1590025,40337160.00
2022/10/11,74.27,74.72,72.99,73.64,993781,24693946.00
2022/10/12,74.33,77.79,71.65,77.71,1666704,42072160.00
2022/10/13,76.68,78.87,76.63,77.54,1650071,43516312.00
2022/10/14,78.28,81.03,77.82,80.41,1599840,43281248.00
2022/10/17,79.53,82.94,78.48,82.06,1362143,37667584.00
2022/10/18,82.17,84.16,80.92,84.02,1935923,54302176.00
2022/10/19,83.22,83.62,81.32,82.40,1516432,42379584.00
2022/10/20,81.35,83.28,80.49,81.35,1219928,33729880.00
2022/10/21,80.01,83.22,80.01,82.11,1283218,35522236.00
2022/10/24,84.13,84.16,78.42,78.93,2782256,75476272.00
2022/10/25,77.08,79.27,74.38,74.78,3231709,82945288.00
2022/10/26,75.29,80.27,74.78,79.75,3658457,97055240.00
2022/10/27,79.33,80.89,77.54,77.62,2122900,56616756.00
2022/10/28,77.05,78.13,72.79,73.27,2234956,56473004.00
2022/10/31,73.13,75.41,72.65,73.93,1760778,43972672.00
2022/11/01,74.16,79.33,74.07,79.19,2563605,66928292.00
2022/11/02,78.73,81.83,78.73,80.75,2763855,75142824.00
2022/11/03,80.04,81.60,79.61,81.00,1480376,40363076.00
2022/11/04,80.27,82.48,80.27,82.06,2244658,61977028.00
2022/11/07,82.00,84.53,81.63,83.45,2582604,72977080.00
2022/11/08,84.19,84.19,80.29,80.83,3164473,86833456.00
2022/11/09,80.95,81.09,79.56,80.18,1613660,43758172.00
2022/11/10,80.15,80.72,78.36,78.82,1784262,47723300.00
2022/11/11,80.55,86.38,80.55,86.38,4804341,138102416.00
2022/11/14,88.54,92.00,86.40,87.23,11269883,338436768.00
2022/11/15,87.83,89.42,85.47,89.19,6828878,202785040.00
2022/11/16,88.31,89.47,86.72,87.46,3488937,103805320.00
2022/11/17,87.51,87.51,85.24,86.15,3282278,95636000.00
2022/11/18,88.34,89.33,85.86,87.54,4805043,143552064.00
2022/11/21,85.81,88.45,84.70,88.39,3542973,104263344.00
2022/11/22,87.14,87.65,83.28,84.02,4913650,141819104.00
2022/11/23,83.85,84.50,82.17,83.56,2744824,77157208.00
2022/11/24,83.59,85.72,83.56,84.33,2623260,75151552.00
2022/11/25,83.93,84.30,81.03,81.63,2731769,75902840.00
2022/11/28,79.44,81.29,79.21,80.18,2181435,58855612.00
2022/11/29,80.44,82.08,79.90,81.32,2169202,59515328.00
2022/11/30,81.32,81.74,79.44,79.78,2434252,66004572.00
2022/12/01,80.61,82.43,80.44,80.78,3775460,103963008.00
2022/12/02,80.69,81.32,79.47,79.87,2635836,71428776.00
2022/12/05,80.32,80.61,79.04,79.87,2549252,68567880.00
2022/12/06,79.87,81.15,79.21,81.00,2699868,73347832.00
2022/12/07,80.86,81.35,79.98,80.75,2030212,55308576.00
2022/12/08,81.29,82.97,79.98,80.07,4056151,111797168.00
2022/12/09,79.67,80.07,77.91,78.39,3514597,93245760.00
2022/12/12,78.48,81.18,78.25,79.50,3183489,85622096.00
2022/12/13,79.07,79.30,77.62,78.11,1919384,50686708.00
2022/12/14,77.85,78.70,77.14,77.31,1601882,42067016.00
2022/12/15,77.34,78.70,77.08,78.28,1453816,38210888.00
2022/12/16,77.91,78.25,76.12,76.66,1607550,41657160.00
2022/12/19,76.97,76.97,74.27,74.95,2030476,51467068.00
2022/12/20,74.30,76.00,74.21,75.12,1398345,35384144.00
2022/12/21,74.84,75.26,73.10,73.93,1748209,43562456.00
2022/12/22,74.38,75.60,73.42,74.50,1643679,41334176.00
2022/12/23,73.81,74.47,73.16,74.30,1276756,31683464.00
2022/12/26,73.98,75.35,73.93,74.98,1352155,34188676.00
2022/12/27,75.35,76.34,74.75,76.23,1271738,32411934.00
2022/12/28,75.97,77.37,75.21,75.38,1614994,41470960.00
2022/12/29,75.29,76.29,74.78,75.52,914533,23282442.00
2022/12/30,75.43,76.63,75.43,75.80,973028,24926852.00
2023/01/03,75.69,76.60,74.64,76.32,1885913,48219456.00
2023/01/04,76.20,77.00,75.60,76.43,1309643,33717336.00
2023/01/05,77.00,78.65,76.26,78.11,2492008,65433868.00
2023/01/06,78.05,79.13,77.76,78.50,2037708,54025268.00
2023/01/09,78.50,78.96,77.91,78.13,1943625,51405364.00
2023/01/10,78.05,78.56,77.62,77.88,1410175,37166232.00
2023/01/11,77.68,78.33,76.77,77.14,1630837,42680520.00
2023/01/12,77.14,77.96,77.05,77.51,831096,21738372.00
2023/01/13,77.76,77.79,75.78,76.66,3306528,85041896.00
2023/01/16,76.71,78.19,76.66,77.48,4160553,108887120.00
2023/01/17,77.76,77.76,76.63,77.59,3579236,93344520.00
2023/01/18,77.54,77.88,76.34,76.60,3971552,102742496.00
2023/01/19,76.71,76.77,75.63,76.06,3666845,93886552.00
2023/01/20,76.40,77.85,75.95,76.43,4508452,116689032.00
2023/01/30,77.25,80.38,77.22,78.56,8050629,214563952.00
2023/01/31,78.48,80.46,78.13,79.84,4417486,118764432.00
2023/02/01,79.84,80.89,79.10,80.69,3906335,105627152.00
2023/02/02,80.69,81.29,79.33,79.61,6521122,175942528.00
2023/02/03,79.64,79.70,78.19,79.13,4596132,122489448.00
2023/02/06,79.02,80.04,78.70,79.19,3556018,95307496.00
2023/02/07,79.16,84.16,78.90,83.70,10800284,300188352.00
2023/02/08,83.22,85.24,82.99,83.51,8601146,244763248.00
2023/02/09,83.48,85.75,83.02,85.10,6477149,185742624.00
2023/02/10,85.04,86.03,83.53,85.47,5839634,167965056.00
2023/02/13,86.15,91.83,85.30,91.29,11978844,365716096.00
2023/02/14,91.26,91.80,89.27,91.49,6499089,199613984.00
2023/02/15,91.49,91.49,90.07,90.61,2977692,91553784.00
2023/02/16,90.92,91.21,87.57,88.48,6075177,184838432.00
2023/02/17,88.45,89.02,86.94,87.88,4398190,131536920.00
2023/02/20,87.83,90.27,86.69,90.13,4590895,138465104.00
2023/02/21,90.13,90.35,87.54,88.02,2859238,85986880.00
2023/02/22,87.48,88.17,86.60,87.00,2009013,59328280.00
2023/02/23,87.03,88.34,85.72,88.31,3906095,115535336.00
2023/02/24,87.77,89.25,87.14,87.37,2293799,68479160.00
2023/02/27,87.00,87.91,85.58,85.92,2138366,62589016.00
2023/02/28,85.98,86.66,84.27,85.38,2775442,79989976.00
2023/03/01,85.58,86.26,84.39,85.32,2828875,81590960.00
2023/03/02,85.38,86.66,84.47,85.24,2696605,78075624.00
2023/03/03,85.30,85.44,83.53,83.96,2881725,82147424.00
2023/03/06,83.88,84.42,82.48,82.91,3946837,110963496.00
2023/03/07,83.05,83.11,80.89,81.06,4073815,112369184.00
2023/03/08,80.61,82.17,80.32,81.54,2028232,55881640.00
2023/03/09,81.26,82.11,81.15,81.40,1409467,38893624.00
2023/03/10,80.46,81.03,79.36,79.53,2147250,57985568.00
2023/03/13,79.61,79.87,77.62,78.13,3980650,105328296.00
2023/03/14,78.16,78.16,75.43,75.63,6508249,167466288.00
2023/03/15,76.20,76.88,74.78,75.15,3630872,92823656.00
2023/03/16,74.72,75.21,72.59,72.88,4952316,122805784.00
2023/03/17,73.22,73.59,71.80,72.00,4324803,105778112.00
2023/03/20,71.91,72.19,69.47,71.03,6876908,163652304.00
2023/03/21,71.20,73.64,70.69,73.50,5200753,127253960.00
2023/03/22,73.81,74.21,72.25,72.76,4653596,114269888.00
2023/03/23,72.79,72.79,71.37,72.22,3594489,87147048.00
2023/03/24,72.39,73.50,72.19,72.90,2926195,71740512.00
2023/03/27,72.79,74.13,72.42,73.16,4605825,113826088.00
2023/03/28,73.22,73.62,71.65,71.91,3564211,86990872.00
2023/03/29,71.91,72.56,71.85,72.14,1798146,43669416.00
2023/03/30,72.22,72.62,71.54,72.54,2318408,56183880.00
2023/03/31,72.56,73.13,72.31,73.13,2048041,50154484.00
2023/04/03,73.22,74.50,72.88,73.79,3236646,80254592.00
2023/04/04,73.73,73.73,71.51,72.00,3865342,94002272.00
2023/04/06,71.85,72.71,70.80,71.03,4075075,97714560.00
2023/04/07,71.26,72.79,70.89,72.00,3093665,75078456.00
2023/04/10,72.28,73.42,71.68,72.73,3361956,82145424.00
2023/04/11,73.02,73.02,71.43,72.11,3719734,90099584.00
2023/04/12,71.97,72.36,71.31,71.74,2777617,66964896.00
2023/04/13,71.80,73.25,71.37,73.25,5281814,129153072.00
2023/04/14,73.08,74.04,72.51,72.71,3200803,78633224.00
2023/04/17,72.88,73.44,71.91,72.85,3821664,93422944.00
2023/04/18,72.96,72.96,71.65,72.22,1878839,45619480.00
2023/04/19,71.88,71.94,69.89,70.18,4459978,105584408.00
2023/04/20,69.78,70.21,68.59,69.13,2639689,61316036.00
2023/04/21,69.44,70.09,67.14,67.28,3052159,70280088.00
2023/04/24,67.48,67.65,64.69,65.43,5763587,126797616.00
2023/04/25,62.87,62.87,59.21,59.21,6810750,135398752.00
2023/04/26,57.16,62.13,56.51,60.29,13522550,272982976.00
2023/04/27,60.14,61.68,59.21,59.41,5151055,102428584.00
2023/04/28,59.35,60.26,58.15,58.33,4461581,87532760.00
2023/05/04,57.59,58.30,56.88,57.05,5980681,113910472.00
2023/05/05,57.13,57.42,55.88,56.22,3289773,61625328.00
2023/05/08,55.94,58.67,55.94,57.64,4411390,84373064.00
2023/05/09,57.59,57.81,55.97,55.97,3405900,64067392.00
2023/05/10,56.02,57.96,55.74,56.96,3384306,63941288.00
2023/05/11,57.44,57.56,56.73,57.10,1803873,34229492.00
2023/05/12,57.25,57.42,55.97,56.14,1987141,37266520.00
2023/05/15,55.91,57.59,55.91,57.33,3779427,71288656.00
2023/05/16,57.36,57.87,56.54,56.85,2140841,40525800.00
2023/05/17,56.68,57.05,56.31,56.99,1724541,32492308.00
2023/05/18,56.99,57.79,56.90,57.27,2123819,40442368.00
2023/05/19,56.99,58.10,56.93,57.67,2898389,55607312.00
2023/05/22,57.56,58.55,57.25,58.47,2808376,54249464.00
2023/05/23,58.44,59.04,57.44,57.47,2667729,51716028.00
2023/05/24,57.53,58.38,57.16,57.47,2088347,40064996.00
2023/05/25,57.50,57.96,56.62,57.33,2603379,49456488.00
2023/05/26,57.33,57.42,55.37,57.36,3918872,73471752.00
2023/05/29,57.47,60.74,56.42,60.60,8904604,174894352.00
2023/05/30,62.42,64.15,57.16,58.58,18110655,366777536.00
2023/05/31,58.15,58.33,56.25,56.36,9053633,171742752.00
2023/06/01,55.91,56.82,54.74,54.92,7976654,146912944.00
2023/06/02,54.92,57.67,54.77,57.13,8352755,157228144.00
2023/06/05,57.16,57.73,55.37,55.74,4971500,92423808.00
2023/06/06,55.68,55.77,53.15,53.32,6166547,110666856.00
2023/06/07,53.27,54.94,53.07,54.15,3861118,68987072.00
2023/06/08,53.98,54.63,52.39,52.73,3876973,68156984.00
2023/06/09,52.73,53.10,51.76,52.19,3118479,53912768.00
2023/06/12,52.27,55.65,52.04,54.97,7132138,128646464.00
2023/06/13,54.94,56.73,54.49,55.97,4785591,88350464.00
2023/06/14,55.74,55.94,54.72,54.77,3297181,60067148.00
2023/06/15,54.77,57.93,54.55,57.33,7341293,138750784.00
2023/06/16,57.44,57.96,56.34,57.25,6100371,115742808.00
2023/06/19,57.42,57.73,56.79,56.79,3135600,59511224.00
2023/06/20,57.16,62.16,56.56,62.16,14255491,285700736.00
2023/06/21,63.70,64.18,61.37,61.45,21318260,447531488.00
2023/06/26,61.25,64.09,59.72,60.37,12047391,248000272.00
2023/06/27,60.31,61.62,59.35,60.54,8643456,173807904.00
2023/06/28,59.83,60.49,58.07,59.23,8689662,171361680.00
2023/06/29,59.23,64.83,59.21,64.83,11767140,246540544.00
2023/06/30,65.20,65.29,63.27,64.38,18484370,397656640.00
2023/07/03,64.38,67.02,64.24,65.40,17013465,373588064.00
2023/07/04,64.98,70.43,64.27,66.99,20043286,453137472.00
2023/07/05,66.51,66.68,63.44,63.84,13489445,291131264.00
2023/07/06,63.78,67.79,62.47,64.44,15834735,339282880.00
2023/07/07,64.15,64.44,61.99,62.62,9262515,192370624.00
2023/07/10,62.65,63.16,61.85,62.08,6121680,125829352.00
2023/07/11,62.02,62.84,61.91,62.42,5232159,107782152.00
2023/07/12,63.01,63.55,61.31,61.34,6405335,131476248.00
2023/07/13,61.74,62.16,61.22,61.37,4875699,98982624.00
2023/07/14,61.22,62.45,60.49,61.17,5987580,121276288.00
2023/07/17,60.51,61.05,59.89,60.88,4805445,95565560.00
2023/07/18,60.74,61.14,59.23,59.46,6452320,127090472.00
2023/07/19,59.52,59.55,58.47,58.78,4613501,89120968.00
2023/07/20,58.58,59.26,57.93,57.96,4406948,84859240.00
2023/07/21,58.13,58.35,57.22,57.36,3996568,75570536.00
2023/07/24,57.33,57.44,56.79,56.96,2811700,52556120.00
2023/07/25,57.84,59.09,57.42,58.72,4737490,90900064.00
2023/07/26,58.72,58.78,57.98,58.15,2810436,53777840.00
2023/07/27,58.33,58.84,57.56,57.67,3438900,65752828.00
2023/07/28,57.19,58.38,57.02,58.24,3097963,58725688.00
2023/07/31,58.24,59.83,57.93,58.95,4175242,81199496.00
2023/08/01,58.67,59.26,58.50,58.89,2700833,52244052.00
2023/08/02,59.12,60.14,58.89,59.23,3448900,67547616.00
2023/08/03,59.23,59.60,58.55,58.75,2829157,54732736.00
2023/08/04,58.75,61.28,58.75,60.60,6402018,126772208.00
2023/08/07,60.57,61.28,60.31,60.83,3645126,73034304.00
2023/08/08,60.46,62.05,60.40,61.68,5160991,104119992.00
2023/08/09,61.42,61.99,59.83,60.17,4617437,92116640.00
2023/08/10,60.29,60.46,59.46,59.97,2676180,52807760.00
2023/08/11,59.66,60.09,58.50,58.50,3527728,68654808.00
2023/08/14,58.38,58.38,55.94,56.82,4591300,85539776.00
2023/08/15,57.27,57.27,54.92,55.43,4226040,76928184.00
2023/08/16,55.48,56.02,54.55,54.57,3534900,63733768.00
2023/08/17,54.55,57.02,53.98,56.48,5012918,91555024.00
2023/08/18,56.19,57.10,55.28,55.31,3277582,60308376.00
2023/08/21,55.17,55.88,54.63,54.63,2522878,45580840.00
2023/08/22,54.83,55.23,52.61,54.03,6365471,111245224.00
2023/08/23,53.55,53.98,52.56,52.61,3233135,56061280.00
2023/08/24,52.67,53.41,52.10,52.78,2984500,51385724.00
2023/08/25,52.78,53.24,52.10,52.33,3420910,58581000.00
2023/08/28,56.02,56.02,51.68,51.93,5486158,95391816.00
2023/08/29,51.90,54.49,51.62,54.09,6753702,118317088.00
2023/08/30,54.09,55.63,54.09,55.03,4273668,76959672.00
2023/08/31,54.97,55.00,54.38,54.66,2456655,43851296.00
2023/09/01,54.66,55.20,54.23,54.74,2280668,40792460.00
2023/09/04,55.20,55.46,54.60,55.43,2320110,41816560.00
2023/09/05,55.11,56.19,55.09,55.60,2786040,50612936.00
2023/09/06,55.37,56.19,54.94,56.08,2569659,46835928.00
2023/09/07,56.05,56.25,54.86,54.92,3156910,57347736.00
2023/09/08,54.66,55.80,54.57,55.00,2041489,36880752.00
2023/09/11,55.23,55.77,54.55,55.28,2787572,50399408.00
2023/09/12,55.57,55.65,54.77,55.51,1860948,33651280.00
2023/09/13,55.09,55.74,54.46,54.89,2748180,49532752.00
2023/09/14,54.63,54.89,53.64,54.01,2300300,40600480.00
2023/09/15,54.29,54.80,53.72,53.95,1887786,33399250.00
2023/09/18,54.09,55.28,53.49,54.77,2509758,44841904.00
2023/09/19,54.80,54.94,53.52,53.86,2072500,36425764.00
2023/09/20,53.66,54.12,53.10,53.27,1753300,30645648.00
2023/09/21,53.41,53.44,52.47,52.70,2140240,36850600.00
2023/09/22,52.64,54.18,52.47,54.15,3304475,57491848.00
2023/09/25,54.09,54.97,53.72,54.23,2323742,41114828.00
2023/09/26,54.23,54.32,53.24,53.58,1871488,32745044.00
2023/09/27,55.85,57.50,55.00,55.09,9000204,164240432.00
2023/09/28,54.94,55.37,54.15,54.29,5650332,100880848.00
2023/10/09,54.06,56.56,54.03,56.17,6857885,124394888.00
2023/10/10,55.77,56.05,54.60,54.77,5621986,101134920.00
2023/10/11,55.06,55.77,54.23,55.00,5023659,90561672.00
2023/10/12,55.03,55.40,54.38,55.20,3473164,62371040.00
2023/10/13,55.68,60.34,55.63,60.34,20520741,397266336.00
2023/10/16,60.74,62.22,59.32,61.65,24030375,480288256.00
2023/10/17,60.68,61.03,60.12,60.77,8951384,178252720.00
2023/10/18,60.43,63.24,59.75,62.05,15497035,315052768.00
2023/10/19,61.22,62.11,59.01,60.46,12343399,245188032.00
2023/10/20,59.89,61.65,59.32,60.57,8540400,170629600.00
2023/10/23,60.03,60.43,57.93,58.78,8577538,165786080.00
2023/10/24,59.23,59.89,57.53,59.38,8348869,161363216.00
2023/10/25,60.03,61.31,58.95,59.21,9733779,192521888.00
2023/10/26,58.75,59.97,57.70,59.97,8350076,160805472.00
2023/10/27,60.46,63.24,59.72,62.59,20428483,415874656.00
2023/10/30,61.74,63.30,61.03,62.25,12520751,256456000.00
2023/10/31,61.82,61.82,59.55,60.77,11862949,237125488.00
2023/11/01,61.17,61.39,60.06,60.54,6548388,130734024.00
2023/11/02,60.54,64.58,60.06,63.33,19981274,414255520.00
2023/11/03,64.81,67.99,62.90,63.95,25107603,541151744.00
2023/11/06,64.09,65.15,63.16,64.72,13318012,283074848.00
2023/11/07,64.86,65.69,63.92,64.58,8580488,183371200.00
2023/11/08,64.95,66.31,64.27,66.28,11510845,247565984.00
2023/11/09,65.86,65.86,62.16,62.33,15113087,316707360.00
2023/11/10,62.02,62.67,61.31,61.76,7202134,147282464.00
2023/11/13,62.22,62.73,60.91,62.70,7002069,143232080.00
2023/11/14,62.90,64.35,62.73,63.36,7879751,165306656.00
2023/11/15,63.84,65.23,63.47,64.15,9291429,197588912.00
2023/11/16,63.75,64.29,63.07,63.19,4771817,99980944.00
2023/11/17,62.79,64.01,62.62,63.58,4297070,90045976.00
2023/11/20,63.58,64.66,63.07,64.18,6221641,131506544.00
2023/11/21,64.27,64.52,62.62,62.84,7747240,161963904.00
2023/11/22,62.30,63.16,60.94,60.97,7176209,145769632.00
2023/11/23,61.05,62.33,60.74,62.22,5081277,103233704.00
2023/11/24,62.16,62.16,61.17,61.45,4419686,89570040.00
2023/11/27,60.94,62.36,60.88,61.85,3635015,73826800.00
2023/11/28,61.85,63.16,61.31,62.45,3478384,71769640.00
2023/11/29,62.19,62.99,61.96,62.25,3396148,70012696.00
2023/11/30,66.43,67.90,61.93,63.07,16534298,350708416.00
2023/12/01,61.82,62.16,60.60,61.22,10041842,202147408.00
2023/12/04,61.11,61.51,60.63,60.80,3982036,79880488.00
2023/12/05,60.68,60.71,59.43,59.49,4080554,80632280.00
2023/12/06,59.15,60.20,59.15,59.49,3736383,73390728.00
2023/12/07,59.32,59.89,59.12,59.18,3094110,60532104.00
2023/12/08,58.89,59.75,58.33,58.44,4517325,87194560.00
2023/12/11,58.35,60.29,57.73,60.06,4993545,97416408.00
2023/12/12,59.89,60.51,59.66,60.06,2582857,51084536.00
2023/12/13,60.17,60.71,59.21,59.63,3404700,67041388.00
2023/12/14,59.77,60.46,59.55,59.63,2400991,47341420.00
2023/12/15,59.69,60.46,59.23,59.52,2307600,45212284.00
2023/12/18,59.52,59.80,59.04,59.06,2639100,51553684.00
2023/12/19,59.01,59.46,58.47,59.26,1780789,34540368.00
2023/12/20,59.09,60.06,58.64,58.67,2547866,49645096.00
2023/12/21,58.30,59.60,57.90,59.55,3394642,65664540.00
2023/12/22,59.32,60.29,58.84,59.35,3620540,70807080.00
2023/12/25,59.32,60.06,58.92,59.80,2688131,52664196.00
2023/12/26,59.60,59.77,56.31,56.93,6198822,116472928.00
2023/12/27,56.82,58.15,56.68,58.04,3773290,71310296.00
2023/12/28,57.90,60.49,57.79,60.26,4940304,96754088.00
2023/12/29,60.17,61.17,59.89,60.83,3625800,72553456.00
2024/01/02,61.05,61.20,60.57,60.77,3452245,69208648.00
2024/01/03,60.77,61.05,60.14,60.46,2761960,54978684.00
2024/01/04,60.46,60.66,59.92,60.06,1812176,35926196.00
2024/01/05,60.17,61.85,59.55,60.26,4482549,89153240.00
2024/01/08,60.06,63.58,60.06,61.99,14232250,292424736.00
2024/01/09,61.99,64.09,61.31,63.19,12670425,263118112.00
2024/01/10,62.67,62.67,61.31,61.59,6147138,125503888.00
2024/01/11,61.59,62.39,61.14,62.25,5490642,111864688.00
2024/01/12,62.11,62.25,60.51,60.66,5052495,101943840.00
2024/01/15,60.20,61.31,59.92,60.40,4105558,81800768.00
2024/01/16,61.28,62.65,60.91,62.08,6903131,140444016.00
2024/01/17,61.82,62.50,60.12,60.14,5304990,107096504.00
2024/01/18,59.32,60.12,57.02,58.67,6737576,128884616.00
2024/01/19,58.33,58.47,55.97,56.90,6467418,120211288.00
2024/01/22,56.54,56.54,52.78,53.35,5885005,105082632.00
2024/01/23,53.21,53.69,51.99,53.35,4575482,78920816.00
2024/01/24,53.49,54.66,51.79,53.61,3623786,62807808.00
2024/01/25,53.49,55.14,52.61,54.69,4440802,78454848.00
2024/01/26,54.55,54.86,53.81,53.89,3085298,54627408.00
2024/01/29,54.49,54.72,52.30,52.36,2827395,48915592.00
2024/01/30,52.07,52.47,50.31,50.31,3496520,58306816.00
2024/01/31,50.17,50.85,47.53,47.61,4545321,71907672.00
2024/02/01,47.64,47.90,46.02,46.76,4781867,72587240.00
2024/02/02,46.56,47.58,43.26,45.39,5141436,74936752.00
2024/02/05,44.94,44.94,41.25,42.50,5980733,81743600.00
2024/02/06,41.70,45.96,40.48,45.68,5562142,77215816.00
2024/02/07,45.54,47.67,45.39,47.16,5825776,88177072.00
2024/02/08,47.67,50.91,47.18,50.54,5303861,85820552.00
2024/02/19,51.36,51.39,49.66,50.14,3506397,57312648.00
数据来源:通达信
