688066 航天宏图 日线 后复权
      日期	    开盘	    最高	    最低	    收盘	    成交量	    成交额
2019/07/22,43.00,68.50,30.60,47.60,28812199,1201782528.00
2019/07/23,40.80,46.59,38.61,43.52,13971244,598684800.00
2019/07/24,44.44,49.90,43.52,49.40,17045933,806849472.00
2019/07/25,50.00,54.22,48.00,51.40,18048560,925660416.00
2019/07/26,49.80,53.80,47.50,53.59,16368339,841928960.00
2019/07/29,58.00,63.89,54.70,60.88,19304626,1134171264.00
2019/07/30,58.21,65.66,57.31,65.01,18794993,1134672256.00
2019/07/31,63.00,65.68,60.65,65.21,16230393,1038925056.00
2019/08/01,64.20,68.60,63.61,67.14,16569280,1098456832.00
2019/08/02,65.08,75.80,65.02,69.40,21200749,1469288320.00
2019/08/05,69.39,75.69,66.50,75.10,16872844,1211870336.00
2019/08/06,73.49,77.89,61.20,63.89,18897392,1379394816.00
2019/08/07,65.99,66.72,60.60,64.20,11846307,754533568.00
2019/08/08,63.00,65.80,58.00,58.00,11131808,679798208.00
2019/08/09,58.30,61.89,55.65,60.93,13201024,779681984.00
2019/08/12,60.49,61.36,57.01,59.99,8501474,504830208.00
2019/08/13,60.01,61.90,58.00,61.90,11316036,683668096.00
2019/08/14,63.00,63.80,61.19,63.33,10745345,673478848.00
2019/08/15,61.00,67.88,60.60,66.90,13965524,907295104.00
2019/08/16,66.95,67.44,64.61,64.80,10121796,666186240.00
2019/08/19,63.90,64.88,61.80,63.18,8011032,505691232.00
2019/08/20,63.22,66.03,62.93,64.50,9976807,644287424.00
2019/08/21,64.73,64.73,56.81,57.83,11698746,702591808.00
2019/08/22,57.56,58.83,55.42,55.54,6532441,371190240.00
2019/08/23,56.18,58.40,51.15,53.20,9326819,514695712.00
2019/08/26,54.00,55.20,53.05,54.94,6685705,363126688.00
2019/08/27,55.05,58.79,52.88,57.40,10405113,582177600.00
2019/08/28,56.15,59.75,55.96,57.03,9165562,530913088.00
2019/08/29,56.00,59.42,55.15,57.90,9018809,522156768.00
2019/08/30,57.40,61.00,57.40,59.94,10906412,647733376.00
2019/09/02,62.00,63.44,59.57,59.95,10502835,642777088.00
2019/09/03,58.80,64.73,58.00,63.28,13465936,832659904.00
2019/09/04,62.17,63.89,60.75,60.99,8238157,510887296.00
2019/09/05,61.01,62.12,60.26,60.76,6688914,408522368.00
2019/09/06,60.75,61.40,57.00,57.10,7436434,439607424.00
2019/09/09,57.50,58.00,56.87,57.65,3757213,215874080.00
2019/09/10,57.71,59.50,57.50,57.65,4056760,236611040.00
2019/09/11,57.78,58.33,56.78,57.30,3425408,197797424.00
2019/09/12,57.50,57.50,54.70,55.27,4331264,241248912.00
2019/09/16,55.45,56.50,55.21,56.35,2880077,161121344.00
2019/09/17,56.09,59.49,56.09,57.92,7985337,465131360.00
2019/09/18,57.58,57.96,54.88,56.15,5437708,304140448.00
2019/09/19,55.74,58.39,55.00,56.80,5054644,289193536.00
2019/09/20,56.60,57.60,55.89,56.80,3079394,175197440.00
2019/09/23,56.60,57.93,56.59,56.90,3319067,190012336.00
2019/09/24,56.90,58.53,56.22,58.25,5207799,301194144.00
2019/09/25,57.98,58.98,54.80,54.80,5090328,289365984.00
2019/09/26,54.67,54.67,48.31,48.60,6291940,319502272.00
2019/09/27,48.85,50.78,48.00,49.70,3331388,164589312.00
2019/09/30,49.45,49.45,45.17,45.92,3826510,178871264.00
2019/10/08,45.73,46.23,43.90,44.29,2215830,98959736.00
2019/10/09,44.30,44.94,43.89,44.65,1858635,82771864.00
2019/10/10,44.70,45.90,44.57,45.16,1974762,89230760.00
2019/10/11,45.18,45.58,44.15,44.20,1776514,79603600.00
2019/10/14,44.42,45.15,43.96,44.69,1849179,82616792.00
2019/10/15,44.00,44.78,42.88,43.11,2026451,88858544.00
2019/10/16,43.37,43.45,40.91,41.08,2727515,115009688.00
2019/10/17,41.07,41.41,39.60,39.67,2752538,110652336.00
2019/10/18,39.81,41.37,39.67,40.08,2468369,100104416.00
2019/10/21,40.00,40.09,37.61,38.22,2717071,104232504.00
2019/10/22,38.22,38.80,37.92,38.55,1682581,64635184.00
2019/10/23,39.05,42.32,38.60,41.68,5270839,214185120.00
2019/10/24,41.00,42.89,40.70,41.45,3898905,163340256.00
2019/10/25,41.18,41.43,39.68,39.90,2539888,102462920.00
2019/10/28,40.50,41.85,39.95,41.07,2601399,106553184.00
2019/10/29,41.15,41.62,39.30,39.40,2429476,98193496.00
2019/10/30,39.92,39.98,38.68,39.29,1915162,75047128.00
2019/10/31,39.82,40.33,37.80,37.99,2179358,84416800.00
2019/11/01,37.98,38.40,37.30,37.99,1408071,53349640.00
2019/11/04,38.10,39.32,38.10,38.80,1729261,67339848.00
2019/11/05,38.90,39.10,37.61,37.90,1753264,66783008.00
2019/11/06,37.91,38.83,37.85,37.92,1361196,52129856.00
2019/11/07,37.92,38.49,37.44,38.07,1644182,62375468.00
2019/11/08,38.11,38.66,37.82,38.18,1455222,55672036.00
2019/11/11,37.79,38.05,34.66,34.76,2809614,101075184.00
2019/11/12,34.88,34.99,33.41,34.77,1871215,64158844.00
2019/11/13,34.67,35.31,34.55,34.75,1333350,46526320.00
2019/11/14,34.97,35.35,34.01,34.97,1542029,53788956.00
2019/11/15,34.74,35.56,34.49,34.60,1483781,51946888.00
2019/11/18,34.79,35.05,33.85,33.96,1119527,38514888.00
2019/11/19,34.58,34.58,34.01,34.47,1104498,37945940.00
2019/11/20,34.47,34.55,32.90,33.09,1878202,63412220.00
2019/11/21,33.09,33.09,31.66,31.75,1881876,60788540.00
2019/11/22,31.75,32.24,31.09,31.25,1771644,55960344.00
2019/11/25,31.26,31.96,31.01,31.60,1439949,45323680.00
2019/11/26,31.71,31.94,31.30,31.52,919219,29007760.00
2019/11/27,31.58,31.84,31.11,31.34,780690,24624142.00
2019/11/28,31.33,32.32,31.30,31.67,1624770,51871912.00
2019/11/29,31.66,32.20,31.44,32.18,1399815,44639796.00
2019/12/02,32.40,32.48,31.70,31.85,1036846,33322000.00
2019/12/03,31.55,31.55,30.20,30.77,1712547,52719404.00
2019/12/04,30.75,31.47,30.55,31.14,1226327,38139004.00
2019/12/05,31.14,31.38,30.81,31.00,1040875,32281842.00
2019/12/06,31.01,31.28,30.82,30.92,917868,28459968.00
2019/12/09,31.19,33.15,31.10,32.99,3234054,103731736.00
2019/12/10,32.60,37.87,32.60,36.08,6216774,220739088.00
2019/12/11,35.50,36.69,34.51,34.85,3241465,115121064.00
2019/12/12,35.02,36.60,34.75,35.39,2616691,93837536.00
2019/12/13,36.01,36.90,35.44,35.90,2354840,84884792.00
2019/12/16,35.98,36.84,35.81,36.58,1895048,68870528.00
2019/12/17,36.57,37.86,36.57,37.14,2407200,89733344.00
2019/12/18,37.10,39.97,37.01,39.45,5119105,199832496.00
2019/12/19,40.25,40.68,38.10,38.47,3438056,133377544.00
2019/12/20,37.91,38.95,37.70,37.70,2065190,79138320.00
2019/12/23,37.28,38.08,35.45,35.52,2433234,89505768.00
2019/12/24,35.80,36.88,35.56,36.88,1533275,55889632.00
2019/12/25,36.66,38.30,36.66,37.78,2071161,78235872.00
2019/12/26,38.16,38.65,37.18,37.89,1739503,65831048.00
2019/12/27,38.07,39.98,37.90,38.60,4159974,163203680.00
2019/12/30,38.06,39.94,38.06,38.73,2737363,107094856.00
2019/12/31,38.23,39.16,37.88,38.30,1702815,65289796.00
2020/01/02,39.00,39.80,38.56,39.33,2461942,96719136.00
2020/01/03,39.33,41.90,39.25,41.90,5142205,208377280.00
2020/01/06,45.65,46.50,42.65,43.40,6871548,305519136.00
2020/01/07,43.03,44.77,42.20,44.28,4845689,210620624.00
2020/01/08,44.74,48.20,44.38,46.44,5855454,272157728.00
2020/01/09,45.51,46.37,44.50,45.89,3982350,181518432.00
2020/01/10,46.35,46.42,43.41,44.01,3669070,163520816.00
2020/01/13,43.05,44.38,43.05,44.20,2178746,95598896.00
2020/01/14,44.55,45.66,44.24,44.27,2968913,133077824.00
2020/01/15,44.04,44.60,42.80,42.90,2491708,108290384.00
2020/01/16,43.10,44.98,43.09,44.51,3571027,158109984.00
2020/01/17,45.45,47.80,45.45,46.89,5934138,277781888.00
2020/01/20,47.04,48.06,44.00,46.93,4842942,224994864.00
2020/01/21,46.46,47.93,45.02,45.25,3286808,152242528.00
2020/01/22,44.60,45.53,42.10,45.34,3605073,158470224.00
2020/01/23,44.00,50.83,43.55,47.70,8033629,384847936.00
2020/02/03,39.30,40.88,38.16,38.16,5134838,199923120.00
2020/02/04,38.00,42.60,38.00,41.78,6507981,264385072.00
2020/02/05,41.49,50.14,41.00,50.14,12425446,597155264.00
2020/02/06,51.51,55.55,49.74,53.66,12824400,681294080.00
2020/02/07,53.00,56.97,48.58,54.50,11211277,597868736.00
2020/02/10,58.00,62.60,56.00,56.30,11457345,674845312.00
2020/02/11,55.01,55.67,50.51,52.20,8541316,449592864.00
2020/02/12,51.90,58.70,51.90,57.58,9276325,517587648.00
2020/02/13,56.85,59.73,54.72,56.96,9096959,522378144.00
2020/02/14,56.41,59.60,55.69,58.20,8205287,474805536.00
2020/02/17,58.55,62.70,57.67,60.00,8232479,499650336.00
2020/02/18,59.47,61.97,57.15,59.55,7092410,419440192.00
2020/02/19,58.50,58.70,54.53,54.67,6706651,380417536.00
2020/02/20,55.40,56.96,54.60,55.56,5314110,296267616.00
2020/02/21,54.00,58.20,54.00,57.15,6123314,345199392.00
2020/02/24,56.01,58.93,56.01,57.56,4550847,259853072.00
2020/02/25,55.18,57.50,54.60,56.94,4500368,253382496.00
2020/02/26,55.50,59.60,55.00,55.33,5777859,332222048.00
2020/02/27,55.12,56.60,50.95,51.01,6060577,317821760.00
2020/02/28,47.50,48.49,45.90,47.01,5216920,245829888.00
2020/03/02,47.55,49.46,46.50,48.90,3691074,177506528.00
2020/03/03,50.60,52.54,49.45,50.00,4382070,222583024.00
2020/03/04,49.49,51.24,48.00,50.28,3084152,153649968.00
2020/03/05,51.97,52.58,50.01,51.18,2958931,151892864.00
2020/03/06,50.01,50.98,49.23,49.80,2495579,125151760.00
2020/03/09,49.45,49.45,46.52,46.65,2756809,131838808.00
2020/03/10,46.15,49.43,46.00,49.10,3843996,183615872.00
2020/03/11,49.39,54.94,49.38,50.61,6592839,344153920.00
2020/03/12,47.76,50.48,47.60,48.43,3474620,168518864.00
2020/03/13,45.60,48.87,45.07,47.82,3294095,154964576.00
2020/03/16,48.50,49.00,44.44,44.52,3347791,157645776.00
2020/03/17,45.49,46.17,43.06,44.40,2243922,99989352.00
2020/03/18,45.50,46.30,43.50,43.70,2713120,122664272.00
2020/03/19,43.59,45.06,43.00,44.62,2298485,101270944.00
2020/03/20,45.23,46.00,43.95,44.77,1582456,70741896.00
2020/03/23,42.50,43.84,40.60,40.92,1853083,78207064.00
2020/03/24,42.80,42.80,40.04,42.13,1560387,64952412.00
2020/03/25,43.80,44.00,42.69,43.66,1816895,79061216.00
2020/03/26,43.03,43.71,42.28,42.30,1356710,58383996.00
2020/03/27,43.22,43.32,41.40,41.40,1485748,63054768.00
2020/03/30,40.60,41.20,39.28,39.89,1445707,57719908.00
2020/03/31,40.02,40.88,39.59,40.10,1120003,44974512.00
2020/04/01,39.50,41.20,39.50,40.13,1323557,53593304.00
2020/04/02,40.13,41.70,39.79,41.66,1587308,64911884.00
2020/04/03,41.20,42.39,40.77,40.98,1311965,54246496.00
2020/04/07,42.50,45.55,42.11,45.32,3623861,161222768.00
2020/04/08,44.60,46.80,44.36,45.46,3247488,147990688.00
2020/04/09,46.00,46.77,45.02,45.20,1903393,87046992.00
2020/04/10,45.21,45.55,43.10,43.38,1965876,86292272.00
2020/04/13,43.22,44.70,42.02,44.25,1764475,77227752.00
2020/04/14,44.44,46.19,44.02,45.69,1892870,85930552.00
2020/04/15,45.50,46.49,44.68,45.01,1634333,74346632.00
2020/04/16,44.80,45.80,44.27,45.20,1193289,53941072.00
2020/04/17,45.20,46.35,44.87,45.24,1810785,82610504.00
2020/04/20,45.31,47.98,44.95,47.64,2699168,126220544.00
2020/04/21,47.60,48.30,46.63,47.04,2311624,109204448.00
2020/04/22,46.48,47.80,46.05,47.59,1765532,83412136.00
2020/04/23,48.12,49.78,47.79,48.53,3073517,149761952.00
2020/04/24,47.81,48.49,46.75,46.96,1909482,90608824.00
2020/04/27,46.30,47.50,45.69,46.36,1231570,57021132.00
2020/04/28,45.50,45.75,38.50,43.80,3822474,162626080.00
2020/04/29,42.93,44.20,41.83,42.13,2024538,86773944.00
2020/04/30,42.14,44.60,42.14,44.11,1841898,80795304.00
2020/05/06,44.00,48.56,43.81,48.54,3623733,169778672.00
2020/05/07,48.84,49.56,47.60,48.01,3020518,146798256.00
2020/05/08,48.13,50.99,48.13,49.98,4213744,210101888.00
2020/05/11,49.88,50.49,48.30,49.18,2518681,124682664.00
2020/05/12,49.30,49.34,47.58,48.54,1886020,91270864.00
2020/05/13,48.04,48.80,47.71,48.07,1745506,84160872.00
2020/05/14,47.62,51.50,47.60,50.55,4224992,210698448.00
2020/05/15,51.00,51.77,49.29,50.32,2884520,145528000.00
2020/05/18,50.59,53.07,49.00,51.00,4415410,228244976.00
2020/05/19,51.31,52.29,50.25,52.02,3037365,156060704.00
2020/05/20,51.58,54.00,50.22,50.91,3299849,172139296.00
2020/05/21,50.50,51.53,48.60,49.41,2689699,134256784.00
2020/05/22,50.30,53.55,49.42,50.00,5262117,270861952.00
2020/05/25,48.70,48.70,45.57,46.16,3933302,184888656.00
2020/05/26,46.02,47.97,46.00,47.84,2280127,107592208.00
2020/05/27,47.71,51.57,47.51,49.16,4992963,250490608.00
2020/05/28,48.55,49.55,46.00,47.51,3636737,173128992.00
2020/05/29,46.89,50.64,46.50,50.00,3781773,183097136.00
2020/06/01,50.55,52.50,49.71,51.45,3930036,202002576.00
2020/06/02,51.16,55.48,50.85,53.07,6074141,325287072.00
2020/06/03,52.41,54.32,51.83,52.82,4266840,226094384.00
2020/06/04,52.05,53.96,51.62,53.30,3311414,175095184.00
2020/06/05,53.76,54.87,52.66,53.80,3728011,200617440.00
2020/06/08,54.70,55.80,51.90,52.77,4357977,234800800.00
2020/06/09,52.00,53.80,51.18,52.23,2472094,129546392.00
2020/06/10,52.39,54.50,51.89,53.95,4124688,221026928.00
2020/06/11,53.98,56.49,53.58,54.37,5648444,310930880.00
2020/06/12,52.86,56.15,52.30,56.06,4799253,261856704.00
2020/06/15,56.06,57.49,53.80,53.92,4851472,265426240.00
2020/06/16,53.41,53.70,51.60,52.90,4795948,251375952.00
2020/06/17,53.00,54.20,52.19,53.52,3503302,186669952.00
2020/06/18,52.30,52.74,51.56,52.30,2491010,129747224.00
2020/06/19,52.10,52.60,51.78,52.36,2147145,112239672.00
2020/06/22,54.00,54.54,52.82,53.60,4193188,225257760.00
2020/06/23,54.50,55.68,52.00,52.40,4991174,267976384.00
2020/06/24,52.50,52.69,50.14,50.96,3930659,200822480.00
2020/06/29,50.80,51.30,50.03,50.68,1813337,91825936.00
2020/06/30,50.86,51.60,50.74,51.15,1860967,95179936.00
2020/07/01,51.17,51.40,49.50,50.00,2475807,124792336.00
2020/07/02,49.90,50.99,49.36,50.21,2322902,117011040.00
2020/07/03,50.20,51.16,49.80,50.91,2361740,119209416.00
2020/07/06,50.96,53.75,50.95,53.40,4053321,213727632.00
2020/07/07,53.99,56.59,52.87,54.99,5670473,311847232.00
2020/07/08,55.26,58.36,54.71,58.06,6573739,375694208.00
2020/07/09,58.04,59.91,56.12,59.09,7524412,436020064.00
2020/07/10,58.61,58.61,55.27,55.86,4943932,281995808.00
2020/07/13,56.06,57.15,55.41,57.15,4057521,229667440.00
2020/07/14,57.07,58.94,54.74,56.29,4383544,249883872.00
2020/07/15,55.70,56.28,51.56,51.65,4996684,266390576.00
2020/07/16,51.56,51.95,48.06,48.06,3365323,167905024.00
2020/07/17,48.46,49.91,47.96,48.40,2042825,99659760.00
2020/07/20,49.04,50.40,46.06,50.25,3254996,156780080.00
2020/07/21,49.34,50.35,48.85,49.13,2100107,103927232.00
2020/07/22,49.16,50.57,48.83,48.83,3510694,174110368.00
2020/07/23,48.44,50.74,47.26,50.11,4424495,217534192.00
2020/07/24,49.07,49.54,46.14,46.14,3408475,164068112.00
2020/07/27,45.67,45.67,43.45,44.18,2293951,101541872.00
2020/07/28,44.36,45.94,44.26,44.99,1668017,75115024.00
2020/07/29,45.52,47.54,44.76,47.46,2415644,112345536.00
2020/07/30,50.17,52.34,49.37,49.95,5611512,284207072.00
2020/07/31,49.64,50.06,48.26,48.64,3760880,184134400.00
2020/08/03,49.57,56.02,48.76,56.01,9980168,531629568.00
2020/08/04,56.06,57.75,52.94,53.71,6967923,382651488.00
2020/08/05,54.38,55.61,52.36,54.56,4696346,255762240.00
2020/08/06,54.45,55.43,53.06,54.11,4012461,218034336.00
2020/08/07,53.16,53.66,51.46,52.30,3609588,188782048.00
2020/08/10,51.98,54.61,51.21,52.44,3521964,185905952.00
2020/08/11,52.17,52.84,49.56,49.96,2624081,134433120.00
2020/08/12,49.35,49.96,46.83,47.76,3134716,149544848.00
2020/08/13,47.57,48.90,47.57,48.12,1847499,89066328.00
2020/08/14,47.56,49.37,47.56,49.21,1991349,96698888.00
2020/08/17,49.21,50.51,48.66,49.99,1786156,88775752.00
2020/08/18,49.96,50.50,49.29,49.60,1221426,60726376.00
2020/08/19,50.06,50.37,48.26,48.55,1885198,93032624.00
2020/08/20,47.80,48.25,47.17,47.31,1533259,72978048.00
2020/08/21,46.81,48.91,45.17,48.54,3655125,171400912.00
2020/08/24,48.07,49.61,47.36,49.21,2252157,109348992.00
2020/08/25,50.05,50.62,48.81,48.89,1544673,76682832.00
2020/08/26,49.61,49.94,46.07,46.96,1711023,81937136.00
2020/08/27,46.17,47.44,45.63,46.36,1627623,75387680.00
2020/08/28,46.06,47.13,45.66,46.32,1860638,85935832.00
2020/08/31,46.36,47.76,46.23,46.99,1676323,78736392.00
2020/09/01,47.11,47.86,46.59,47.56,1493483,70559736.00
2020/09/02,47.56,48.35,47.29,47.86,1936443,92782968.00
2020/09/03,47.64,48.94,47.16,47.59,1688450,80728320.00
2020/09/04,46.72,48.35,46.72,47.79,1118148,53138852.00
2020/09/07,47.80,48.59,47.26,47.48,2252903,108256808.00
2020/09/08,48.26,48.26,46.26,46.26,1591930,74523496.00
2020/09/09,46.06,46.06,44.28,44.40,1564797,70178440.00
2020/09/10,44.69,45.05,42.81,42.88,2027617,88215304.00
2020/09/11,42.02,42.89,40.37,42.65,1968048,81918088.00
2020/09/14,42.89,45.21,42.89,45.02,1756942,78269288.00
2020/09/15,45.01,45.30,44.04,44.49,797922,35484336.00
2020/09/16,44.50,44.51,43.37,43.58,734953,32151518.00
2020/09/17,43.45,44.97,43.25,44.55,1850970,81728352.00
2020/09/18,44.96,45.55,44.51,44.93,1298263,58448376.00
2020/09/21,45.06,45.94,44.59,45.22,1931209,87745632.00
2020/09/22,44.95,45.30,44.26,44.52,885973,39627468.00
2020/09/23,45.02,47.20,44.57,45.99,2464209,113102608.00
2020/09/24,46.04,46.16,45.06,45.24,1470210,67019672.00
2020/09/25,45.43,45.80,44.49,44.56,865131,38879848.00
2020/09/28,44.98,44.98,43.56,43.79,688255,30248676.00
2020/09/29,43.79,45.39,43.61,44.79,1265789,56845288.00
2020/09/30,44.87,45.14,44.39,44.79,1570788,70384920.00
2020/10/09,45.77,46.64,45.46,46.16,1504242,69451264.00
2020/10/12,46.56,46.92,46.04,46.69,2267420,105323720.00
2020/10/13,46.58,46.58,45.69,46.12,1638927,75303224.00
2020/10/14,46.05,46.71,45.72,46.35,1216580,56088040.00
2020/10/15,46.30,46.69,45.73,46.06,1231896,56669360.00
2020/10/16,45.80,46.28,45.39,46.08,978566,44787576.00
2020/10/19,46.06,46.48,45.78,45.94,884686,40665212.00
2020/10/20,45.56,46.29,45.50,45.62,930377,42544452.00
2020/10/21,45.46,45.97,44.10,45.05,1344969,60382956.00
2020/10/22,45.24,45.24,44.26,44.71,640112,28511668.00
2020/10/23,44.62,44.99,43.63,43.98,889763,39159888.00
2020/10/26,43.76,44.56,43.06,44.32,711906,31265180.00
2020/10/27,44.06,45.03,43.86,44.81,851475,37916008.00
2020/10/28,45.21,47.03,45.13,45.44,1580239,72224360.00
2020/10/29,44.91,45.65,44.58,45.24,925971,41795328.00
2020/10/30,45.24,45.73,44.66,45.05,1176459,53218760.00
2020/11/02,45.06,45.26,43.56,44.02,997060,44028468.00
2020/11/03,44.18,45.56,44.08,45.51,1179734,53242860.00
2020/11/04,45.93,45.96,45.10,45.45,946267,43072036.00
2020/11/05,46.51,46.51,45.38,45.84,1041538,47577304.00
2020/11/06,45.84,46.04,44.60,44.78,1263880,56945960.00
2020/11/09,44.78,46.43,44.76,46.34,1776667,81472880.00
2020/11/10,46.44,46.44,44.56,45.00,1933918,87975344.00
2020/11/11,45.06,45.06,43.46,43.66,1388947,60986800.00
2020/11/12,43.65,44.03,43.24,43.74,520687,22699024.00
2020/11/13,44.19,44.24,43.16,44.03,676397,29556302.00
2020/11/16,45.54,45.54,43.77,44.21,1514171,66919040.00
2020/11/17,44.64,44.64,41.72,42.26,2057104,87427688.00
2020/11/18,42.24,42.76,41.74,42.27,1008453,42521488.00
2020/11/19,42.06,43.01,41.85,42.86,901538,38246828.00
2020/11/20,42.67,42.85,41.75,42.26,934028,39291280.00
2020/11/23,42.07,42.24,41.24,41.96,1319029,54741772.00
2020/11/24,41.86,42.33,41.46,41.67,903790,37683800.00
2020/11/25,41.67,41.94,41.44,41.49,628687,26141736.00
2020/11/26,41.54,41.78,41.34,41.50,427909,17751732.00
2020/11/27,41.16,41.75,41.16,41.64,564531,23393978.00
2020/11/30,41.39,42.23,41.39,42.16,639062,26780560.00
2020/12/01,41.81,42.51,41.81,42.38,666743,28109310.00
2020/12/02,42.54,42.75,41.82,41.90,904090,38024164.00
2020/12/03,41.92,41.92,41.21,41.48,973466,40248084.00
2020/12/04,41.46,41.53,40.84,41.49,1029685,42372952.00
2020/12/07,42.33,43.53,41.61,42.97,1898872,80903272.00
2020/12/08,43.06,43.39,41.57,42.14,1301225,54707776.00
2020/12/09,41.97,41.97,40.94,41.13,1399808,57710580.00
2020/12/10,41.71,41.96,40.62,41.05,1408672,57776516.00
2020/12/11,40.27,41.46,40.25,41.46,1837534,74427848.00
2020/12/14,40.97,41.53,39.95,41.23,1144815,46700296.00
2020/12/15,41.03,41.17,40.14,40.61,1086741,44125312.00
2020/12/16,40.41,40.74,38.97,39.18,1239677,49161384.00
2020/12/17,39.03,39.81,38.72,39.77,927809,36361824.00
2020/12/18,39.62,39.94,38.85,39.79,1387284,54416220.00
2020/12/21,39.29,40.73,39.16,40.24,1238950,49494368.00
2020/12/22,40.06,40.33,39.58,39.96,685298,27314682.00
2020/12/23,39.32,40.36,39.01,40.36,1033034,40942860.00
2020/12/24,40.11,42.12,39.65,41.24,2510089,103303336.00
2020/12/25,41.25,41.26,40.01,41.15,1335375,54092256.00
2020/12/28,41.10,41.10,40.00,40.26,1130076,45419060.00
2020/12/29,39.56,40.80,39.56,40.20,733171,29450538.00
2020/12/30,39.88,41.26,39.66,40.77,1178234,47567748.00
2020/12/31,40.96,42.34,40.66,42.31,2047245,85151680.00
2021/01/04,42.35,46.04,41.95,44.96,3997936,177395680.00
2021/01/05,44.64,48.42,44.34,46.27,5212880,244409632.00
2021/01/06,45.86,47.12,45.58,46.32,2740799,126763920.00
2021/01/07,45.78,46.26,43.44,44.16,2330256,104171792.00
2021/01/08,43.99,44.73,42.21,42.71,2153586,92826744.00
2021/01/11,42.65,43.19,41.25,41.79,1774242,74500128.00
2021/01/12,41.58,42.66,40.96,41.26,1863681,77412320.00
2021/01/13,41.26,41.51,40.06,40.06,1999963,81068928.00
2021/01/14,40.40,42.66,40.06,41.70,2242950,92965312.00
2021/01/15,42.53,42.53,40.36,41.18,1390718,57086664.00
2021/01/18,41.15,42.20,40.91,41.71,1299663,54242400.00
2021/01/19,41.94,44.56,41.71,44.50,2564034,109865856.00
2021/01/20,43.76,45.05,43.37,44.06,1890029,83291920.00
2021/01/21,43.86,44.72,42.94,44.08,1606640,70230680.00
2021/01/22,43.57,44.00,42.09,42.76,1920934,82089776.00
2021/01/25,42.44,43.81,41.91,42.20,1705595,72686680.00
2021/01/26,41.81,42.64,40.60,40.95,1346273,55555352.00
2021/01/27,41.02,41.06,40.26,40.72,776717,31454852.00
2021/01/28,40.96,41.78,40.28,40.74,1030127,42191864.00
2021/01/29,40.50,41.16,39.84,41.16,1227751,49459404.00
2021/02/01,40.31,41.86,40.31,41.56,893690,36773012.00
2021/02/02,41.70,41.70,40.55,40.73,1027405,41995008.00
2021/02/03,40.66,40.67,39.44,39.46,1102147,43989368.00
2021/02/04,39.12,39.73,37.46,39.14,1389510,53471376.00
2021/02/05,39.61,39.82,38.10,38.63,741415,28818788.00
2021/02/08,38.86,38.94,38.24,38.61,617013,23798292.00
2021/02/09,39.08,39.41,38.62,39.16,632411,24635882.00
2021/02/10,39.17,39.55,38.99,39.42,755919,29597764.00
2021/02/18,40.02,40.83,39.44,40.12,927952,37217736.00
2021/02/19,39.86,40.78,39.86,40.68,961369,38820472.00
2021/02/22,40.72,41.60,40.54,41.07,1173006,48137816.00
2021/02/23,40.81,41.34,40.22,40.91,951488,38634704.00
2021/02/24,40.58,41.26,40.06,40.06,1227994,50040344.00
2021/02/25,40.54,40.54,38.51,38.62,1535204,60296928.00
2021/02/26,38.31,39.66,38.31,38.76,1350150,52482564.00
2021/03/01,39.07,39.37,38.84,39.10,826720,32272168.00
2021/03/02,39.51,39.56,38.66,39.03,779507,30359836.00
2021/03/03,38.83,39.25,38.51,39.17,557620,21724460.00
2021/03/04,39.30,39.92,38.92,39.56,1691770,66893724.00
2021/03/05,39.53,40.70,39.28,40.07,1168015,46888588.00
2021/03/08,41.06,41.07,39.49,39.51,1031613,41209672.00
2021/03/09,39.94,40.12,38.23,38.24,982040,38207324.00
2021/03/10,38.86,38.88,37.66,38.26,556365,21191078.00
2021/03/11,38.75,38.75,37.85,38.47,647779,24703484.00
2021/03/12,39.05,39.05,37.66,37.85,830388,31529280.00
2021/03/15,37.94,38.05,36.37,36.61,960790,35352524.00
2021/03/16,36.84,37.26,36.34,37.24,398113,14662762.00
2021/03/17,37.28,37.34,36.87,37.26,341287,12685575.00
2021/03/18,37.36,37.56,37.01,37.21,486645,18089390.00
2021/03/19,36.85,37.48,36.44,37.31,557049,20607760.00
2021/03/22,37.32,37.56,37.12,37.36,498659,18583222.00
2021/03/23,37.41,38.01,37.07,37.36,705285,26431788.00
2021/03/24,37.27,37.50,36.69,37.01,570425,21093810.00
2021/03/25,36.91,37.39,36.67,37.10,517004,19172620.00
2021/03/26,37.35,37.35,36.82,37.16,574579,21251308.00
2021/03/29,37.30,37.72,36.71,36.75,815448,30268104.00
2021/03/30,36.93,36.93,35.66,35.85,1155624,41789836.00
2021/03/31,36.05,36.05,34.94,35.16,872464,30677218.00
2021/04/01,35.21,36.21,35.06,35.72,842767,29938124.00
2021/04/02,35.56,36.11,35.17,35.89,819710,29307538.00
2021/04/06,36.24,36.57,36.12,36.31,662090,24003640.00
2021/04/07,36.10,36.34,35.97,36.10,379356,13666865.00
2021/04/08,36.19,37.63,35.90,36.29,1020764,37392520.00
2021/04/09,36.28,36.28,35.65,36.11,617047,22143600.00
2021/04/12,36.10,36.10,35.46,35.56,577683,20605986.00
2021/04/13,36.16,36.26,35.16,35.45,433738,15390535.00
2021/04/14,35.62,35.79,34.97,35.64,492941,17427510.00
2021/04/15,35.66,36.11,35.24,35.96,657535,23527860.00
2021/04/16,35.91,37.25,35.86,37.00,1187502,43614852.00
2021/04/19,36.86,37.55,36.76,37.36,1101807,41031456.00
2021/04/20,37.31,37.61,36.77,36.84,940360,34875828.00
2021/04/21,36.84,37.76,36.62,37.07,845982,31386294.00
2021/04/22,37.09,37.41,36.92,36.96,823922,30535590.00
2021/04/23,36.96,36.96,36.27,36.27,985541,35903080.00
2021/04/26,37.17,37.62,36.86,36.86,1126610,41965744.00
2021/04/27,37.05,37.51,36.40,37.13,786921,28982134.00
2021/04/28,36.85,38.08,36.64,37.99,1636893,61553032.00
2021/04/29,36.95,37.04,35.61,35.78,2351456,84915696.00
2021/04/30,35.86,36.04,34.61,35.20,1456304,51065216.00
2021/05/06,35.44,35.64,35.06,35.34,629302,22176808.00
2021/05/07,35.12,35.87,35.07,35.87,506923,17924954.00
2021/05/10,35.81,36.21,35.38,35.91,768078,27533674.00
2021/05/11,35.66,36.15,35.66,36.09,435146,15627903.00
2021/05/12,35.74,36.37,35.56,36.26,642426,23185100.00
2021/05/13,36.26,36.50,35.77,36.31,411374,14905587.00
2021/05/14,36.39,36.56,36.19,36.49,526221,19145598.00
2021/05/17,36.46,36.76,35.87,36.44,631307,22784904.00
2021/05/18,36.07,36.44,35.84,36.12,528255,19037516.00
2021/05/19,36.18,36.33,35.57,35.94,584645,20985950.00
2021/05/20,35.76,36.41,35.61,36.20,617124,22228924.00
2021/05/21,36.02,36.20,35.50,35.80,576048,20597256.00
2021/05/24,35.83,38.58,35.61,38.23,2241049,83976616.00
2021/05/25,38.24,41.34,38.12,41.10,3902609,154864256.00
2021/05/26,40.86,40.87,39.93,40.23,1965927,79126928.00
2021/05/27,39.94,40.74,39.76,40.67,1227440,49452452.00
2021/05/28,41.01,43.13,40.36,41.33,1770757,72629704.00
2021/05/31,42.08,42.30,40.13,41.97,2502568,102831872.00
2021/06/01,41.95,43.28,41.14,42.37,3182150,133427312.00
2021/06/02,42.03,42.30,40.94,41.14,1801506,74575728.00
2021/06/03,41.10,41.54,40.01,40.12,1527203,62040552.00
2021/06/04,40.74,42.84,40.34,40.73,2880820,119549824.00
2021/06/07,41.13,41.69,40.03,40.52,2072534,84264504.00
2021/06/08,40.64,40.73,39.35,39.90,2095243,83145144.00
2021/06/09,40.03,41.00,39.23,40.18,1840706,73461168.00
2021/06/10,40.13,41.71,39.57,41.52,2646379,108008704.00
2021/06/11,41.16,41.63,39.73,39.83,2048649,82502208.00
2021/06/15,39.73,40.63,39.29,40.08,1407980,56220412.00
2021/06/16,41.00,41.23,39.63,40.01,1478054,59541024.00
2021/06/17,40.48,40.61,39.10,40.21,1701446,67488304.00
2021/06/18,39.43,40.91,39.43,40.05,1639882,65981468.00
2021/06/21,39.93,41.17,39.66,41.13,2162263,87760840.00
2021/06/22,41.13,41.88,40.63,40.84,2372199,97218320.00
2021/06/23,41.63,41.63,40.45,40.71,1645848,67037532.00
2021/06/24,40.71,40.95,39.93,40.08,1249554,50253052.00
2021/06/25,39.83,40.42,39.72,39.96,1076965,42979280.00
2021/06/28,39.96,41.60,39.63,41.32,2150300,88239928.00
2021/06/29,41.37,41.90,40.58,40.58,1599110,65578640.00
2021/06/30,40.61,41.59,40.55,41.32,1319618,54285864.00
2021/07/01,41.45,41.45,39.73,40.23,1790475,72144040.00
2021/07/02,39.75,41.22,39.41,40.57,1630699,65788768.00
2021/07/05,40.90,43.60,40.13,43.33,3668125,155273264.00
2021/07/06,42.79,43.98,42.53,43.43,3511728,151140272.00
2021/07/07,43.10,43.38,42.26,43.03,2796780,119263136.00
2021/07/08,42.93,46.79,42.75,45.73,5438822,245307760.00
2021/07/09,45.26,45.48,44.41,45.09,3007633,134863888.00
2021/07/12,45.43,45.85,44.64,45.02,2339055,105338448.00
2021/07/13,45.02,46.03,43.93,45.04,1844540,82341384.00
2021/07/14,45.04,45.04,43.57,43.57,1402325,61528552.00
2021/07/15,43.24,43.83,41.72,42.92,2021341,85817376.00
2021/07/16,43.28,43.62,42.42,42.93,1220556,52361072.00
2021/07/19,42.74,43.93,42.64,43.52,1605155,69642024.00
2021/07/20,43.49,43.71,42.23,43.52,1589208,68080088.00
2021/07/21,44.01,46.57,43.75,45.56,3721308,169478128.00
2021/07/22,45.63,45.63,43.85,43.85,2668494,118560608.00
2021/07/23,44.00,44.13,42.51,43.38,2045522,87907424.00
2021/07/26,44.01,46.01,43.32,44.94,2956499,132076672.00
2021/07/27,45.48,46.53,44.44,44.81,3609702,163427616.00
2021/07/28,44.68,44.73,42.03,42.34,3240215,139407392.00
2021/07/29,42.88,44.22,42.79,43.88,2187102,95020848.00
2021/07/30,43.57,43.63,42.13,42.53,2689574,114946120.00
2021/08/02,42.40,43.58,42.17,43.28,2133089,91668208.00
2021/08/03,43.62,46.11,43.62,44.02,3676714,164359792.00
2021/08/04,43.72,45.96,43.63,45.52,3761762,169735680.00
2021/08/05,45.47,48.51,45.07,47.57,4661252,220234896.00
2021/08/06,47.34,48.93,47.18,48.13,3847952,185193648.00
2021/08/09,48.11,48.68,47.03,47.65,2560051,121809480.00
2021/08/10,47.47,49.01,47.33,47.82,3322764,159565584.00
2021/08/11,47.81,47.81,45.93,46.25,2907449,134765248.00
2021/08/12,46.61,47.41,46.15,47.00,2216691,103621792.00
2021/08/13,46.81,48.11,46.51,47.60,2313832,109926704.00
2021/08/16,48.13,51.45,47.44,50.83,4623710,231305488.00
2021/08/17,50.61,52.87,50.10,50.33,4438626,227439136.00
2021/08/18,50.15,52.46,49.69,51.52,3192368,163803616.00
2021/08/19,51.16,53.50,50.74,52.73,2566702,133632672.00
2021/08/20,52.27,54.04,51.83,52.31,2335874,122824840.00
2021/08/23,53.67,56.11,52.31,55.13,2497795,136350304.00
2021/08/24,54.88,55.27,53.87,54.74,2165427,117739176.00
2021/08/25,54.67,55.97,53.13,53.77,2522534,136169296.00
2021/08/26,54.53,54.85,52.42,52.69,2340438,124341688.00
2021/08/27,52.69,53.21,50.77,51.07,3231614,167471488.00
2021/08/30,51.34,53.12,50.63,52.15,4586529,237896432.00
2021/08/31,52.33,52.33,47.93,49.92,5621187,277131616.00
2021/09/01,49.98,50.73,47.97,48.58,2926399,143317664.00
2021/09/02,48.59,50.34,47.14,49.93,3214545,156213696.00
2021/09/03,49.63,51.61,49.15,49.29,3247593,163249504.00
2021/09/06,49.28,50.88,48.78,49.95,3192032,158648448.00
2021/09/07,50.01,51.39,49.42,49.79,2554545,128135896.00
2021/09/08,50.13,50.13,47.62,49.04,2876676,139811104.00
2021/09/09,49.08,49.73,47.55,48.24,2073549,99857472.00
2021/09/10,48.52,51.33,48.24,50.61,3863516,194046592.00
2021/09/13,50.33,50.33,47.21,47.95,3443199,164388640.00
2021/09/14,47.53,48.43,46.83,47.46,1868089,88749024.00
2021/09/15,47.79,47.79,45.88,46.43,2040640,94334128.00
2021/09/16,46.67,46.72,45.16,45.16,1751078,80057808.00
2021/09/17,45.14,46.43,44.73,46.30,1499124,67946384.00
2021/09/22,45.23,46.28,44.41,45.96,1722078,77904704.00
2021/09/23,45.95,47.09,45.63,46.33,1645105,76337352.00
2021/09/24,46.31,46.62,45.09,46.03,1123892,51386540.00
2021/09/27,46.03,46.32,44.23,45.99,1443760,65133392.00
2021/09/28,45.64,45.91,44.83,45.04,986477,44406136.00
2021/09/29,45.13,45.55,44.28,45.03,890981,39947892.00
2021/09/30,45.13,45.71,44.73,45.62,689921,31215162.00
2021/10/08,45.63,46.05,43.58,43.71,1258165,55612368.00
2021/10/11,43.79,44.50,43.45,43.67,1281898,56145536.00
2021/10/12,43.52,43.52,41.73,42.33,1509992,63904672.00
2021/10/13,41.95,42.87,41.95,42.54,906283,38411728.00
2021/10/14,42.15,43.31,41.81,42.43,1383133,58547036.00
2021/10/15,43.57,45.60,42.48,43.30,3232842,141562464.00
2021/10/18,43.88,47.07,43.41,46.79,4248622,193791920.00
2021/10/19,45.85,49.03,45.85,48.60,3614308,172543856.00
2021/10/20,48.68,54.77,48.68,54.10,6118420,318977664.00
2021/10/21,54.26,55.10,52.63,54.52,3396955,183849584.00
2021/10/22,54.53,55.52,53.63,53.82,2913905,158361328.00
2021/10/25,54.27,54.35,51.73,53.81,3598806,190285104.00
2021/10/26,52.71,55.68,52.43,52.81,1986909,105701696.00
2021/10/27,52.13,53.13,50.88,51.22,1837702,94618528.00
2021/10/28,51.61,54.97,51.08,53.06,3737886,199508256.00
2021/10/29,53.78,54.38,52.13,52.93,2133827,113096176.00
2021/11/01,52.93,54.68,51.80,54.31,2765309,148788016.00
2021/11/02,54.32,54.70,53.30,54.16,2345167,126409704.00
2021/11/03,54.63,54.63,52.54,53.39,1372830,72977520.00
2021/11/04,53.86,60.13,52.77,58.30,4487286,255309712.00
2021/11/05,58.66,59.50,56.94,57.64,1803633,104272072.00
2021/11/08,56.87,57.81,55.44,57.15,1976465,111960168.00
2021/11/09,57.11,59.79,56.63,58.62,2001798,116559680.00
2021/11/10,58.62,59.24,56.20,58.62,1958826,112814504.00
2021/11/11,58.86,59.59,57.57,58.66,1351999,78997360.00
2021/11/12,58.75,66.55,58.35,65.42,6212453,394570752.00
2021/11/15,65.64,68.62,59.84,60.13,5447542,339398144.00
2021/11/16,60.57,62.31,59.68,60.82,2351345,143727216.00
2021/11/17,60.86,65.01,60.44,63.74,3229597,204145360.00
2021/11/18,63.37,64.63,62.68,63.93,1802497,114728240.00
2021/11/19,64.13,64.13,62.43,63.26,1486795,93354784.00
2021/11/22,63.00,67.46,62.43,66.43,3112468,204175248.00
2021/11/23,66.25,66.84,64.13,64.97,1453456,94403384.00
2021/11/24,65.13,66.03,61.02,63.15,3048458,190553088.00
2021/11/25,63.27,64.38,61.70,63.33,1574792,99613200.00
2021/11/26,62.33,65.00,62.13,64.08,1500861,95849872.00
2021/11/29,62.63,65.21,62.55,64.66,1629999,103839864.00
2021/11/30,64.71,66.14,63.14,64.18,1829883,117839408.00
2021/12/01,64.18,66.79,63.26,65.88,2639536,173445872.00
2021/12/02,66.09,66.09,62.57,64.08,1762265,112010792.00
2021/12/03,63.04,65.61,61.54,62.01,2441906,152734928.00
2021/12/06,61.75,61.85,59.01,60.00,2731887,163979360.00
2021/12/07,59.80,61.31,59.11,60.39,2289527,137679872.00
2021/12/08,60.99,68.34,60.81,66.29,4140288,271578144.00
2021/12/09,66.29,66.99,64.98,66.63,1975006,130170272.00
2021/12/10,66.01,66.79,63.44,63.90,1809807,116361888.00
2021/12/13,63.49,64.90,62.90,64.17,1051665,67117440.00
2021/12/14,63.77,68.63,62.01,67.29,2665653,175901360.00
2021/12/15,67.13,68.00,65.63,65.68,1293107,85849464.00
2021/12/16,66.58,71.79,65.13,70.93,3647506,254893904.00
2021/12/17,71.09,71.10,66.75,67.54,2937537,199324800.00
2021/12/20,67.01,68.71,65.93,66.36,1894681,127052144.00
2021/12/21,66.16,68.42,65.64,67.23,1133406,75813736.00
2021/12/22,68.00,74.13,66.46,72.43,2932636,210635424.00
2021/12/23,74.90,76.01,71.73,72.25,1777246,129423328.00
2021/12/24,71.97,73.70,70.13,70.93,1090624,78039104.00
2021/12/27,70.06,71.11,68.65,70.15,1033078,72184520.00
2021/12/28,68.15,71.31,67.37,69.84,1786167,124771304.00
2021/12/29,70.57,70.95,67.72,68.32,1427362,98523152.00
2021/12/30,68.18,73.38,68.18,72.74,1808477,130106376.00
2021/12/31,72.22,73.89,70.83,72.83,1723872,124268512.00
2022/01/04,72.88,72.88,68.48,68.93,2067337,143559360.00
2022/01/05,68.82,69.06,65.55,66.43,1489836,98982784.00
2022/01/06,66.43,67.93,64.63,67.22,979196,64999904.00
2022/01/07,66.64,68.36,64.36,65.27,1630095,106701840.00
2022/01/10,64.63,65.66,62.40,64.78,1321227,84740016.00
2022/01/11,65.15,67.93,64.13,64.79,2008580,132446704.00
2022/01/12,64.82,67.77,64.82,67.18,1519695,101469544.00
2022/01/13,67.18,67.93,63.13,63.75,2072703,133075720.00
2022/01/14,61.88,63.12,60.54,61.46,3734545,229567440.00
2022/01/17,60.63,65.53,60.63,65.08,2547810,162360784.00
2022/01/18,65.25,65.96,63.13,64.07,1906442,122199920.00
2022/01/19,64.05,64.83,62.09,62.53,1493517,93821544.00
2022/01/20,62.47,62.56,59.73,60.67,1900503,114885600.00
2022/01/21,60.67,61.11,58.53,61.11,1651780,98157912.00
2022/01/24,58.13,61.27,57.23,61.01,6498245,386193760.00
2022/01/25,61.01,64.40,60.15,62.68,4888253,306352448.00
2022/01/26,62.68,64.10,61.55,62.08,1730003,107900960.00
2022/01/27,61.68,64.75,59.99,63.72,3657624,227777792.00
2022/01/28,63.43,65.07,60.21,63.19,3016866,188509936.00
2022/02/07,64.13,64.50,60.96,61.64,1823938,113748584.00
2022/02/08,62.13,62.37,60.63,61.63,785159,48199472.00
2022/02/09,62.36,65.51,61.44,64.90,1648973,106142968.00
2022/02/10,65.83,65.83,63.83,64.13,1477533,95657600.00
2022/02/11,63.68,65.21,63.02,64.13,970343,62154488.00
2022/02/14,63.84,63.84,60.73,62.33,1333714,82503040.00
2022/02/15,62.22,65.93,61.24,64.85,1441059,92613448.00
2022/02/16,65.03,65.50,63.71,63.86,621062,39893584.00
2022/02/17,63.48,64.43,62.74,62.82,680889,43149496.00
2022/02/18,62.82,64.13,62.23,64.11,818508,51613288.00
2022/02/21,63.98,65.83,63.26,65.55,1658692,107654008.00
2022/02/22,65.14,65.88,63.38,65.84,1527882,99169984.00
2022/02/23,66.71,70.00,66.71,68.33,1880899,129247568.00
2022/02/24,67.13,68.27,64.13,64.79,1577882,103678016.00
2022/02/25,65.13,66.79,65.13,66.62,790504,52224816.00
2022/02/28,66.85,72.33,66.34,71.64,2380952,167408016.00
2022/03/01,71.92,74.06,70.64,72.32,2949593,213059488.00
2022/03/02,71.98,73.43,71.34,72.93,1245211,90432112.00
2022/03/03,73.30,74.13,72.19,72.85,1605270,117148856.00
2022/03/04,72.87,73.12,69.68,70.10,1630252,115862680.00
2022/03/07,70.24,70.87,68.14,69.13,1338482,92721888.00
2022/03/08,69.13,71.62,67.13,68.12,1471284,102533040.00
2022/03/09,67.00,69.83,65.16,66.98,1718537,115200352.00
2022/03/10,69.42,69.47,65.75,66.43,1299832,87500624.00
2022/03/11,64.90,68.48,63.63,68.46,1846513,122861208.00
2022/03/14,67.89,67.90,64.23,64.34,1395875,91485504.00
2022/03/15,64.26,65.62,61.63,62.29,1642049,104620552.00
2022/03/16,63.29,68.43,61.84,67.32,2013859,130699688.00
2022/03/17,68.93,71.43,68.13,70.17,1801550,126239536.00
2022/03/18,70.08,70.27,67.82,68.68,849881,58502904.00
2022/03/21,69.09,71.04,68.27,69.82,662410,46115680.00
2022/03/22,68.68,70.20,67.88,68.54,676624,46607736.00
2022/03/23,68.23,69.53,67.63,68.44,843580,57670020.00
2022/03/24,68.43,68.46,66.64,67.90,676395,45653148.00
2022/03/25,67.14,68.19,66.13,67.12,764896,51398340.00
2022/03/28,66.63,67.12,64.80,65.40,856327,56357824.00
2022/03/29,65.41,67.43,65.04,65.53,1053457,69361456.00
2022/03/30,65.24,67.57,64.43,66.63,1186307,78303616.00
2022/03/31,66.42,70.08,65.16,69.06,990285,67639192.00
2022/04/01,68.95,69.23,67.24,69.08,835290,57163216.00
2022/04/06,68.74,69.30,67.93,67.98,405099,27673976.00
2022/04/07,67.98,69.35,67.63,67.64,580687,39559196.00
2022/04/08,68.01,68.22,65.21,66.50,1183618,78085432.00
2022/04/11,65.35,66.25,60.71,61.11,1323475,82467560.00
2022/04/12,61.03,61.23,57.31,61.05,2238882,131918664.00
2022/04/13,60.76,64.12,60.76,62.81,1509168,94969096.00
2022/04/14,63.18,64.10,60.45,63.25,1009679,62644176.00
2022/04/15,62.35,62.43,59.80,61.89,1027781,62609460.00
2022/04/18,61.68,62.12,59.43,61.63,914033,55370492.00
2022/04/19,64.13,66.10,62.13,63.41,1195720,77110968.00
2022/04/20,63.38,64.50,62.14,62.15,585064,36880208.00
2022/04/21,62.15,62.42,59.24,60.31,826268,49843260.00
2022/04/22,59.58,60.12,58.25,59.93,696742,40975068.00
2022/04/25,59.13,59.13,50.23,50.93,2468498,132125280.00
2022/04/26,50.82,53.30,50.15,51.01,1538059,79460312.00
2022/04/27,50.89,57.13,50.51,56.65,1644603,88395144.00
2022/04/28,56.65,57.87,54.28,56.03,1064275,59424732.00
2022/04/29,58.48,60.98,55.39,60.31,1589186,93052608.00
2022/05/05,60.30,62.63,58.98,62.13,1741730,105684280.00
2022/05/06,60.13,63.76,59.64,63.13,1309706,80719744.00
2022/05/09,62.16,63.67,62.13,63.26,859170,53957668.00
2022/05/10,63.01,64.09,61.64,62.83,896763,56289828.00
2022/05/11,63.98,64.93,62.73,63.13,914584,58418800.00
2022/05/12,62.13,65.93,62.13,65.00,968620,62805772.00
2022/05/13,64.63,66.59,64.14,65.21,650469,42340552.00
2022/05/16,66.19,66.19,62.68,63.01,776853,49413764.00
2022/05/17,63.01,63.37,60.78,63.01,1369588,84959992.00
2022/05/18,63.10,63.43,61.88,62.74,567625,35523912.00
2022/05/19,62.21,63.12,61.74,62.68,546751,34102732.00
2022/05/20,62.21,64.63,61.29,63.06,1119294,69755360.00
2022/05/23,62.45,64.21,62.33,62.95,983392,61865712.00
2022/05/24,62.94,66.53,62.13,62.16,1337354,86048544.00
2022/05/25,62.74,64.62,62.16,63.40,917344,58293724.00
2022/05/26,64.08,64.23,60.17,63.43,1239490,77287888.00
2022/05/27,65.13,65.13,61.65,63.06,789116,49508888.00
2022/05/30,62.53,63.37,61.58,62.74,663693,41495252.00
2022/05/31,63.13,65.28,61.24,64.16,1391551,87945424.00
2022/06/01,64.16,67.91,63.76,66.33,1274266,84379264.00
2022/06/02,66.13,71.03,65.90,68.13,1884676,127676880.00
2022/06/06,68.23,72.68,68.23,71.60,2388147,169269632.00
2022/06/07,70.84,72.34,69.94,70.09,1547714,109261496.00
2022/06/08,70.73,73.33,69.14,70.79,1687576,119358464.00
2022/06/09,70.64,71.30,69.14,70.16,872937,61327048.00
2022/06/10,70.16,74.01,69.34,73.13,1599694,116077432.00
2022/06/13,72.63,72.90,69.92,71.56,1433680,101847160.00
2022/06/14,70.90,71.24,68.45,70.20,778176,54138360.00
2022/06/15,70.31,74.85,70.24,72.79,1410791,102941128.00
2022/06/16,74.10,74.96,72.43,72.78,540211,39480848.00
2022/06/17,73.63,74.31,72.03,73.93,678872,49728008.00
2022/06/20,74.34,75.13,72.90,73.63,703570,51750608.00
2022/06/21,73.13,74.61,71.03,72.12,828490,59769888.00
2022/06/22,73.11,73.56,69.48,70.11,821643,58187580.00
2022/06/23,70.11,74.15,69.79,73.51,1289536,92830128.00
2022/06/24,74.03,76.83,73.66,76.11,1404019,106166392.00
2022/06/27,76.12,76.97,71.84,72.99,1727983,126438016.00
2022/06/28,72.59,78.91,72.30,77.36,1798501,136924128.00
2022/06/29,76.94,78.49,75.36,75.36,1007611,77043320.00
2022/06/30,76.12,80.13,74.88,78.93,2110356,165724096.00
2022/07/01,80.53,81.03,75.13,76.73,1496373,114497136.00
2022/07/04,76.44,78.72,74.33,77.43,866855,66644520.00
2022/07/05,76.93,77.70,74.09,75.01,723226,54377904.00
2022/07/06,74.64,75.86,72.25,73.16,838709,61954308.00
2022/07/07,72.71,75.56,72.70,74.63,868433,64710756.00
2022/07/08,74.15,75.46,73.73,74.19,710744,52902416.00
2022/07/11,73.63,75.00,72.57,74.13,563931,41425100.00
2022/07/12,73.75,74.00,70.45,71.41,1144320,81751432.00
2022/07/13,72.07,72.22,69.50,70.08,664688,46868256.00
2022/07/14,70.23,73.03,69.42,70.24,1192709,84499304.00
2022/07/15,70.24,72.73,68.80,70.39,857594,60102576.00
2022/07/18,69.81,69.83,67.25,68.54,1084417,74078448.00
2022/07/19,68.54,72.20,68.53,71.12,1268431,89535040.00
2022/07/20,71.45,73.41,70.35,71.23,813199,57953464.00
2022/07/21,70.88,75.82,70.88,73.93,1490205,110596056.00
2022/07/22,75.11,75.63,72.80,73.79,713278,52755560.00
2022/07/25,74.12,74.12,72.04,72.26,767772,55654672.00
2022/07/26,72.19,77.94,71.85,77.44,2057898,156406464.00
2022/07/27,77.73,80.03,76.74,79.26,1313007,103560816.00
2022/07/28,78.23,78.77,76.23,76.60,1748952,134992112.00
2022/07/29,76.62,77.93,74.31,75.57,1235695,92837936.00
2022/08/01,75.83,78.62,74.33,77.44,1114025,85785192.00
2022/08/02,77.44,80.18,75.99,78.73,1453060,113594376.00
2022/08/03,78.73,82.19,77.58,77.58,1456939,116394336.00
2022/08/04,79.29,79.29,76.56,78.53,641231,49792688.00
2022/08/05,78.24,80.41,77.76,79.97,1109690,87964944.00
2022/08/08,80.23,80.78,78.00,78.53,727458,57087868.00
2022/08/09,78.14,78.49,76.23,78.30,780689,60095264.00
2022/08/10,77.44,79.83,76.99,78.74,712803,56085628.00
2022/08/11,79.09,83.03,77.34,82.35,1420948,115355872.00
2022/08/12,82.03,83.11,80.63,81.83,938556,76356040.00
2022/08/15,80.44,82.10,78.64,81.70,1194666,95698224.00
2022/08/16,81.40,82.58,79.53,80.12,781693,62906904.00
2022/08/17,80.09,80.56,77.75,78.61,1201991,94468800.00
2022/08/18,78.24,79.60,77.90,79.23,594759,46835560.00
2022/08/19,80.23,82.01,69.96,74.83,4296649,316629664.00
2022/08/22,73.39,75.71,73.03,74.93,1612853,120434864.00
2022/08/23,75.67,78.22,74.97,77.09,1578369,120548168.00
2022/08/24,76.24,76.34,74.23,74.23,875266,65408632.00
2022/08/25,74.70,75.40,72.95,74.83,764832,56722376.00
2022/08/26,74.27,76.23,72.74,73.92,812935,60152708.00
2022/08/29,73.22,74.58,71.76,74.14,664146,48853240.00
2022/08/30,73.83,75.13,72.89,73.97,554824,40836784.00
2022/08/31,73.86,74.08,71.75,73.13,744240,54176040.00
2022/09/01,73.55,75.21,72.45,73.85,565403,41723948.00
2022/09/02,73.42,79.21,72.86,78.98,1457800,112388200.00
2022/09/05,78.76,78.93,76.85,78.03,826369,64058704.00
2022/09/06,77.87,79.38,76.76,77.23,1224779,94902528.00
2022/09/07,77.14,78.58,76.84,78.08,636369,49376924.00
2022/09/08,78.21,80.21,77.13,77.30,574494,44963652.00
2022/09/09,77.72,77.72,74.66,75.60,792631,59710688.00
2022/09/13,75.26,75.98,73.83,74.12,898771,66649224.00
2022/09/14,73.92,77.11,72.94,75.57,1514651,113851064.00
2022/09/15,75.23,77.66,74.24,76.88,1588353,121293392.00
2022/09/16,76.23,79.03,76.23,77.07,1404184,108885768.00
2022/09/19,77.66,79.11,72.25,73.96,1313961,97733088.00
2022/09/20,74.16,74.98,72.83,73.11,827464,60772324.00
2022/09/21,72.56,73.07,71.28,72.10,646233,46511760.00
2022/09/22,71.34,74.20,71.23,72.11,1172465,84759712.00
2022/09/23,72.21,73.19,68.28,71.03,1480514,103800432.00
2022/09/26,69.57,71.62,68.53,70.39,1812916,126368552.00
2022/09/27,70.46,72.02,69.74,71.68,800360,56790368.00
2022/09/28,72.05,73.62,70.78,71.73,739544,53302948.00
2022/09/29,71.74,75.43,71.47,75.01,1555126,115166328.00
2022/09/30,75.26,75.57,72.12,72.70,1006147,73466288.00
2022/10/10,72.28,72.87,70.37,71.32,891678,63634784.00
2022/10/11,71.13,72.76,70.00,70.23,577002,41067380.00
2022/10/12,70.17,76.61,70.06,76.24,1462965,108147776.00
2022/10/13,76.53,77.21,75.45,76.23,1194919,91154280.00
2022/10/14,77.11,80.55,75.73,79.65,1260161,99077400.00
2022/10/17,79.45,82.78,79.41,79.88,1245597,100759600.00
2022/10/18,79.88,83.69,79.48,82.99,1534602,126025744.00
2022/10/19,82.56,84.61,81.03,82.84,886295,73387104.00
2022/10/20,82.84,83.84,81.34,82.24,535738,44125072.00
2022/10/21,81.63,84.01,80.71,82.87,1241012,101994720.00
2022/10/24,84.23,87.41,83.23,84.34,2496258,212351168.00
2022/10/25,84.11,87.23,82.94,85.79,2007361,170731680.00
2022/10/26,85.79,87.40,84.61,85.80,1280279,109887080.00
2022/10/27,86.11,89.11,84.43,85.54,2003905,174300576.00
2022/10/28,84.23,86.66,81.24,85.13,1427656,121192456.00
2022/10/31,84.37,92.03,83.73,90.28,3470522,309093856.00
2022/11/01,90.32,97.11,90.32,94.19,3182388,299508640.00
2022/11/02,95.20,96.89,89.33,89.91,3513865,325088320.00
2022/11/03,89.88,93.11,88.44,91.68,2537575,230730256.00
2022/11/04,91.01,92.67,88.81,91.25,2561545,231277968.00
2022/11/07,91.23,91.83,87.63,90.23,2072246,185201536.00
2022/11/08,89.54,90.61,87.28,89.76,1293559,114251768.00
2022/11/09,89.89,93.11,86.89,89.42,1649670,148639968.00
2022/11/10,88.96,89.35,87.26,87.55,1018499,89541280.00
2022/11/11,89.02,90.39,87.11,87.23,1315412,116195168.00
2022/11/14,87.42,87.42,83.33,86.85,2132050,181307360.00
2022/11/15,86.23,89.03,85.44,88.74,1383250,121414080.00
2022/11/16,88.91,88.91,86.24,88.34,1321787,115477472.00
2022/11/17,88.13,90.71,86.34,89.84,1347024,118851040.00
2022/11/18,90.23,93.03,86.73,87.51,2851668,253649632.00
2022/11/21,87.03,89.03,86.23,87.52,1766143,155003824.00
2022/11/22,87.03,87.59,85.23,85.33,1257493,107828368.00
2022/11/23,85.82,85.83,82.93,83.39,2000432,167201408.00
2022/11/24,84.49,85.51,82.74,83.36,1879732,156568992.00
2022/11/25,83.61,83.61,80.54,81.23,1937259,157569280.00
2022/11/28,79.53,80.59,78.12,79.85,2323774,184399248.00
2022/11/29,80.23,80.54,77.88,79.63,2320117,182438080.00
2022/11/30,79.39,82.21,78.27,80.20,1670018,133764224.00
2022/12/01,81.68,82.60,79.86,80.73,1598209,129006680.00
2022/12/02,80.55,85.23,80.41,81.93,2324283,191364160.00
2022/12/05,82.03,82.76,80.03,82.23,1730876,140738496.00
2022/12/06,82.04,82.96,79.89,80.11,1968631,158721840.00
2022/12/07,80.48,83.53,78.91,81.83,2421267,198365008.00
2022/12/08,81.80,84.85,79.74,80.49,1578172,127183264.00
2022/12/09,80.70,81.23,78.19,78.25,1946498,152963328.00
2022/12/12,78.85,83.21,78.18,83.11,2017347,163540416.00
2022/12/13,83.10,84.07,80.25,80.97,1172787,95321296.00
2022/12/14,80.23,81.51,80.07,80.33,994017,79900632.00
2022/12/15,80.31,81.40,78.91,79.58,935182,74313288.00
2022/12/16,79.76,79.76,76.20,77.17,1624396,124903464.00
2022/12/19,76.76,77.82,74.83,76.33,1387786,104885600.00
2022/12/20,77.24,78.83,75.76,76.94,1653492,127692608.00
2022/12/21,76.99,79.08,75.53,77.18,1229718,94767896.00
2022/12/22,77.23,78.41,75.92,77.22,965529,74313536.00
2022/12/23,76.50,77.00,75.11,76.18,970754,73354272.00
2022/12/26,76.22,82.85,75.41,81.24,2380687,190679200.00
2022/12/27,80.94,89.23,80.06,86.70,3310567,280982368.00
2022/12/28,86.60,87.45,84.73,85.32,1636949,139815568.00
2022/12/29,84.68,86.32,84.53,85.01,987764,83959112.00
2022/12/30,85.40,87.22,84.64,85.73,1864593,159560480.00
2023/01/03,86.23,91.70,85.03,89.48,2871057,255496336.00
2023/01/04,90.00,91.23,89.17,90.93,2458271,222067424.00
2023/01/05,91.48,91.48,88.64,90.32,2164890,193849664.00
2023/01/06,89.90,90.19,86.27,87.83,3558935,311561184.00
2023/01/09,88.23,89.93,87.32,88.22,1926185,170585600.00
2023/01/10,88.00,88.92,86.59,86.97,1486391,129429864.00
2023/01/11,87.21,87.95,85.86,86.59,1532996,132899536.00
2023/01/12,86.36,87.43,85.94,86.62,1069073,92187560.00
2023/01/13,86.80,87.20,83.82,86.81,1783108,151370272.00
2023/01/16,86.73,88.07,86.08,87.02,1591760,138138592.00
2023/01/17,87.09,90.33,86.68,88.72,1457863,129099712.00
2023/01/18,89.06,89.74,87.33,88.97,1305771,115713752.00
2023/01/19,88.73,93.83,88.20,93.73,2660285,243754896.00
2023/01/20,93.34,94.11,90.11,90.77,2331521,213132496.00
2023/01/30,90.73,92.71,87.58,89.35,1993139,178051872.00
2023/01/31,89.34,89.79,87.45,88.19,1614519,142218544.00
2023/02/01,88.12,90.53,87.27,90.23,1683163,149851168.00
2023/02/02,90.23,94.72,89.45,92.98,1638775,152015568.00
2023/02/03,93.04,96.08,91.61,95.23,1960402,185301696.00
2023/02/06,95.43,97.73,93.40,95.16,1496390,142897024.00
2023/02/07,96.01,96.05,91.41,95.18,1603177,149238160.00
2023/02/08,96.48,96.53,92.74,94.40,1493135,140338048.00
2023/02/09,94.53,95.23,93.03,93.81,765447,71548400.00
2023/02/10,93.35,95.51,92.11,92.43,1304577,121193664.00
2023/02/13,91.74,93.15,90.29,92.33,2180562,198928272.00
2023/02/14,92.23,92.23,90.08,91.06,1164317,105756160.00
2023/02/15,90.32,91.67,89.93,91.00,1043287,94459448.00
2023/02/16,90.28,92.80,89.32,89.37,1319007,119571136.00
2023/02/17,89.23,89.35,87.28,87.72,1194232,104807672.00
2023/02/20,88.32,94.51,88.18,93.03,2585051,237368944.00
2023/02/21,93.03,93.03,89.11,89.91,1088754,98297008.00
2023/02/22,89.90,91.73,89.01,91.01,1068524,96786232.00
2023/02/23,92.20,94.01,91.05,92.74,1116925,103355912.00
2023/02/24,94.23,95.01,92.24,92.49,863368,80537616.00
2023/02/27,93.73,98.73,93.16,97.23,3653688,352274336.00
2023/02/28,98.45,98.90,95.44,97.09,1242758,119815240.00
2023/03/01,97.24,104.11,97.13,102.82,2558968,259728256.00
2023/03/02,102.07,103.88,101.23,101.70,1703192,173623600.00
2023/03/03,101.67,101.88,97.73,98.43,1773157,175155904.00
2023/03/06,98.61,103.03,98.23,101.67,1398250,141212144.00
2023/03/07,101.73,102.12,96.78,96.96,2371381,231409312.00
2023/03/08,96.92,99.21,96.30,97.70,1394240,136189616.00
2023/03/09,97.90,100.15,96.75,98.96,1194454,117860568.00
2023/03/10,98.95,102.89,97.81,98.01,1782786,177532672.00
2023/03/13,97.44,102.23,97.41,101.18,1384038,139422640.00
2023/03/14,101.81,102.51,98.60,98.89,1367753,136697696.00
2023/03/15,97.68,98.89,93.13,94.36,3540319,335936928.00
2023/03/16,94.31,95.08,93.16,93.94,1338029,125197232.00
2023/03/17,94.31,96.43,92.53,94.05,2164148,203694192.00
2023/03/20,92.47,94.73,92.47,93.29,1678318,157327504.00
2023/03/21,93.69,98.03,93.08,96.23,1686437,161797392.00
2023/03/22,95.74,96.53,94.43,95.28,845164,80412200.00
2023/03/23,95.36,98.01,94.24,97.83,1339404,129052240.00
2023/03/24,97.24,100.18,95.84,98.58,1424019,139183232.00
2023/03/27,98.57,104.73,98.55,102.60,2037619,208971456.00
2023/03/28,103.28,104.07,101.10,102.05,1205451,122952968.00
2023/03/29,101.43,102.39,99.13,101.23,1017893,102305632.00
2023/03/30,100.53,102.63,99.18,100.80,1528061,153700416.00
2023/03/31,100.83,100.83,94.24,95.48,3563798,341765184.00
2023/04/03,96.23,100.40,94.84,96.40,3592063,349175904.00
2023/04/04,96.44,98.22,93.03,93.93,3170401,299399232.00
2023/04/06,93.19,98.63,92.75,96.95,2480814,240333168.00
2023/04/07,97.70,102.95,95.63,100.68,2064217,206257776.00
2023/04/10,101.63,111.11,101.63,107.44,4247464,455491648.00
2023/04/11,107.53,107.53,100.26,101.63,3068147,314063648.00
2023/04/12,100.43,107.08,100.38,104.46,2224841,231446368.00
2023/04/13,104.14,104.14,99.23,99.91,1497947,150744048.00
2023/04/14,100.22,101.89,99.39,100.84,1417580,142470368.00
2023/04/17,100.83,100.83,96.28,97.74,1879749,183074480.00
2023/04/18,97.60,99.34,96.52,97.76,1188714,116329712.00
2023/04/19,98.98,99.41,96.75,97.21,2364790,230000000.00
2023/04/20,97.91,98.44,95.23,97.02,1735503,167678352.00
2023/04/21,95.75,97.72,91.83,92.44,3035168,284599872.00
2023/04/24,93.83,96.82,92.28,94.51,2986670,283119808.00
2023/04/25,94.23,96.73,91.89,94.22,2874608,269658880.00
2023/04/26,93.76,94.22,90.08,92.83,2491993,229819920.00
2023/04/27,91.96,94.23,90.89,94.22,2250333,207830592.00
2023/04/28,93.24,101.03,90.84,100.30,5061286,480147072.00
2023/05/04,97.63,98.72,91.51,95.18,4859046,454463968.00
2023/05/05,93.39,93.70,85.79,90.23,5925207,526712320.00
2023/05/08,90.18,92.13,88.61,90.04,2514635,226196000.00
2023/05/09,88.61,90.02,81.78,83.57,5335795,449396384.00
2023/05/10,84.17,89.58,81.73,88.35,4547379,390022336.00
2023/05/11,86.73,90.12,84.81,85.03,2295568,197966608.00
2023/05/12,85.30,87.10,83.03,83.25,2349866,197935344.00
2023/05/15,83.23,84.22,81.25,83.43,1531086,126309464.00
2023/05/16,82.63,84.03,81.01,81.34,1967984,160909520.00
2023/05/17,81.23,81.77,79.03,81.14,2853460,228969632.00
2023/05/18,81.32,84.71,81.21,84.33,3398907,282633856.00
2023/05/19,83.65,87.03,83.26,85.73,2095831,178827504.00
2023/05/22,85.33,88.89,84.45,85.37,1982750,170901024.00
2023/05/23,86.23,87.54,83.47,83.83,1172171,99851192.00
2023/05/24,84.02,86.13,83.24,84.94,1080216,91386600.00
2023/05/25,84.43,85.40,82.64,83.73,1392746,116198880.00
2023/05/26,84.07,85.23,82.73,84.74,1094294,91889416.00
2023/05/29,84.72,85.14,82.98,83.94,1899098,113227424.00
2023/05/30,84.12,86.16,82.26,85.73,2634199,158911280.00
2023/05/31,85.18,85.74,79.68,81.29,6152728,355383872.00
2023/06/01,82.02,83.10,81.00,81.46,3146819,183276464.00
2023/06/02,82.09,82.79,81.30,81.39,1328756,77297928.00
2023/06/05,81.39,82.09,79.33,79.89,1811966,103407472.00
2023/06/06,80.58,80.58,75.26,76.22,3749364,205600208.00
2023/06/07,76.50,81.84,75.91,78.69,4341937,243564240.00
2023/06/08,78.74,78.77,76.22,77.13,2122844,116452312.00
2023/06/09,77.19,79.01,76.57,78.13,2876587,159271504.00
2023/06/12,79.06,81.28,76.08,76.11,3412603,189376000.00
2023/06/13,76.11,79.11,75.93,78.49,2248154,124270872.00
2023/06/14,78.20,80.98,77.76,80.16,2669703,151681568.00
2023/06/15,80.03,83.78,79.99,80.81,4539501,264186960.00
2023/06/16,80.23,84.54,80.17,82.21,4823293,284066368.00
2023/06/19,82.13,88.75,82.12,86.04,5144295,316839104.00
2023/06/20,87.86,93.08,87.86,92.25,9311965,603778240.00
2023/06/21,92.07,94.58,90.31,90.74,7960201,522168032.00
2023/06/26,89.17,92.11,85.56,86.02,4742657,296575872.00
2023/06/27,86.74,87.90,84.40,85.57,3599307,219618416.00
2023/06/28,85.20,86.02,80.31,83.14,3516477,205803984.00
2023/06/29,82.31,85.57,81.44,84.36,2773573,164866448.00
2023/06/30,84.97,86.04,83.42,85.62,2597642,157007568.00
2023/07/03,84.40,86.46,83.03,83.87,2634189,158042416.00
2023/07/04,83.87,86.40,83.45,85.88,2316270,140162096.00
2023/07/05,85.84,88.98,85.21,87.39,4088320,254557696.00
2023/07/06,87.51,94.10,87.42,89.17,4283995,277652352.00
2023/07/07,89.23,89.84,84.93,86.61,2457181,151173120.00
2023/07/10,87.14,91.72,86.68,88.04,3423529,217155120.00
2023/07/11,87.62,92.91,87.62,92.00,3750217,243838816.00
2023/07/12,91.85,92.45,87.70,88.12,3188443,202167264.00
2023/07/13,88.42,88.95,87.32,88.21,1661698,104291272.00
2023/07/14,87.16,95.53,87.16,94.90,5211254,344026912.00
2023/07/17,94.16,95.11,92.14,92.98,2745123,182635968.00
2023/07/18,92.98,94.14,91.96,94.14,2100504,139758672.00
2023/07/19,94.18,100.97,94.18,99.48,8157495,571170240.00
2023/07/20,97.03,98.23,95.56,95.63,4163395,285378656.00
2023/07/21,95.56,96.52,91.19,91.59,3390898,224289024.00
2023/07/24,91.73,96.89,90.80,95.28,4086647,276355072.00
2023/07/25,96.35,96.79,94.28,95.18,2635594,178444528.00
2023/07/26,95.42,95.98,92.76,93.76,2226353,148363168.00
2023/07/27,93.97,94.45,88.99,89.68,3233226,208636480.00
2023/07/28,89.68,90.66,86.41,87.94,4103417,256134672.00
2023/07/31,87.80,89.23,85.07,86.25,2998356,184971264.00
2023/08/01,86.13,86.54,84.09,84.73,3038581,183584896.00
2023/08/02,84.73,85.28,82.56,85.04,3388078,202011936.00
2023/08/03,84.92,87.44,84.09,86.74,2648874,162785328.00
2023/08/04,87.32,90.80,85.35,90.31,3568014,225150288.00
2023/08/07,89.41,91.12,88.72,89.68,1098842,70016736.00
2023/08/08,89.94,91.62,88.60,89.70,1679643,107819200.00
2023/08/09,88.71,91.71,88.64,89.54,1531419,98301456.00
2023/08/10,89.96,90.22,88.56,89.84,798732,50860480.00
2023/08/11,91.29,91.90,89.44,90.57,2165978,140356768.00
2023/08/14,89.96,90.50,86.60,90.21,2371653,149755472.00
2023/08/15,90.22,90.24,86.97,87.91,1618117,101067792.00
2023/08/16,87.94,88.18,85.76,86.48,1242255,76667200.00
2023/08/17,86.88,89.91,85.76,89.26,1644983,103670400.00
2023/08/18,89.90,94.11,88.60,89.12,2549576,165680976.00
2023/08/21,89.40,89.40,85.21,86.15,2220478,136850656.00
2023/08/22,87.17,89.93,85.32,89.68,2905399,182266672.00
2023/08/23,88.56,89.23,84.33,84.64,2719762,167496496.00
2023/08/24,85.06,86.46,81.68,82.48,2638733,156763520.00
2023/08/25,81.56,82.03,75.79,78.31,8253132,455927392.00
2023/08/28,81.71,82.40,75.24,75.51,4364981,240925184.00
2023/08/29,75.68,79.72,73.73,78.78,4261317,232750128.00
2023/08/30,79.30,83.91,79.04,82.96,4908686,287539200.00
2023/08/31,83.47,84.08,78.97,79.19,5523720,318988896.00
2023/09/01,79.25,81.56,78.22,80.31,3000818,171219472.00
2023/09/04,80.37,81.22,77.10,78.06,4598635,255665152.00
2023/09/05,78.06,79.81,77.36,77.78,3047201,169580352.00
2023/09/06,77.71,80.88,76.24,80.16,3688575,208589072.00
2023/09/07,81.00,81.11,77.78,78.50,2623543,146531232.00
2023/09/08,78.22,82.79,77.40,82.24,3008385,172815792.00
2023/09/11,82.09,82.48,78.48,81.15,3563282,203942688.00
2023/09/12,81.28,81.28,78.49,78.81,2584302,146210096.00
2023/09/13,78.73,78.95,75.91,76.78,3156150,172409312.00
2023/09/14,76.80,76.80,73.93,74.49,2873489,152977104.00
2023/09/15,74.49,75.13,72.50,73.32,3263170,170061232.00
2023/09/18,73.86,74.15,71.76,73.44,1724144,89916752.00
2023/09/19,73.23,73.23,70.72,70.85,3074146,156222256.00
2023/09/20,71.00,71.00,67.67,68.42,7001084,343219328.00
2023/09/21,68.12,68.91,67.32,67.58,3874564,186693072.00
2023/09/22,67.89,69.77,67.60,69.12,4308686,210102320.00
2023/09/25,69.39,70.68,68.13,69.85,4494608,222140576.00
2023/09/26,69.85,72.43,69.07,72.02,3696068,187057344.00
2023/09/27,71.53,73.30,70.52,72.68,3323284,170185920.00
2023/09/28,72.75,73.41,71.06,71.80,2463364,126015824.00
2023/10/09,71.80,76.91,71.80,76.46,7053075,378740512.00
2023/10/10,76.40,76.49,71.06,71.70,8340321,433081024.00
2023/10/11,71.76,73.42,69.67,71.90,4334718,220747504.00
2023/10/12,71.81,71.81,64.92,66.10,11515403,550140608.00
2023/10/13,65.60,67.16,64.62,66.10,5496156,256890352.00
2023/10/16,65.95,66.14,63.38,63.97,3866594,176263952.00
2023/10/17,63.43,64.63,62.08,63.93,4333295,194660032.00
2023/10/18,63.43,64.66,61.41,63.36,3771880,169342304.00
2023/10/19,63.19,65.46,62.29,63.10,2910925,132406624.00
2023/10/20,62.80,63.33,61.26,61.44,2644072,117018880.00
2023/10/23,61.38,62.43,60.01,60.46,3052199,133052104.00
2023/10/24,60.56,61.75,59.88,60.25,2409039,103552872.00
2023/10/25,62.91,68.47,62.52,63.08,9396290,431770688.00
2023/10/26,62.05,63.64,61.09,62.92,3980944,176204656.00
2023/10/27,62.89,63.34,60.30,61.73,5474521,238547456.00
2023/10/30,60.05,63.73,57.17,62.87,12423685,537508096.00
2023/10/31,61.83,63.31,60.42,61.27,5285539,231408096.00
2023/11/01,61.40,61.77,58.53,58.64,5076980,213476624.00
2023/11/02,58.46,59.56,56.48,56.52,6441593,262943424.00
2023/11/03,56.86,61.26,56.66,60.09,6313771,267282720.00
2023/11/06,60.11,63.36,60.00,61.70,5363578,235908272.00
2023/11/07,61.59,66.32,60.75,66.30,9486459,431708416.00
2023/11/08,67.56,69.74,65.47,68.26,12638835,607803392.00
2023/11/09,68.26,68.61,65.39,66.74,7120689,338343808.00
2023/11/10,66.58,68.90,65.32,67.00,5553236,265711504.00
2023/11/13,67.56,70.01,66.16,69.49,5848610,286120992.00
2023/11/14,70.68,74.53,70.68,72.81,10981410,569699584.00
2023/11/15,72.47,72.78,70.50,70.93,5433133,275592192.00
2023/11/16,70.43,71.31,68.98,69.25,4463865,221958368.00
2023/11/17,69.25,70.51,68.26,69.66,3619863,178955904.00
2023/11/20,71.95,75.93,70.80,75.14,9550335,497097664.00
2023/11/21,74.08,75.96,72.26,72.82,8139342,428666560.00
2023/11/22,72.46,74.54,71.76,73.62,3746345,195714752.00
2023/11/23,73.48,76.46,72.15,74.05,3603185,191006640.00
2023/11/24,73.67,73.81,70.31,70.51,4015398,203631808.00
2023/11/27,71.20,72.57,70.24,70.75,2100097,106235408.00
2023/11/28,70.75,71.76,70.19,70.92,1749843,88241992.00
2023/11/29,70.92,70.92,68.98,69.45,2257190,111880064.00
2023/11/30,69.59,69.74,66.58,67.53,3397214,163022832.00
2023/12/01,67.57,68.56,66.45,68.21,2695460,129454648.00
2023/12/04,67.91,71.59,67.57,70.12,4377229,217901584.00
2023/12/05,70.08,70.08,67.42,67.57,2788175,134853744.00
2023/12/06,66.95,69.47,66.30,68.56,2604957,125590200.00
2023/12/07,68.37,70.62,67.85,69.78,3892202,191468288.00
2023/12/08,69.31,73.59,69.31,72.82,6755305,344092768.00
2023/12/11,72.67,74.19,70.78,72.95,4341584,224284928.00
2023/12/12,72.74,72.74,70.85,71.59,2522271,128207488.00
2023/12/13,71.49,73.30,70.83,71.39,3139092,161234400.00
2023/12/14,71.62,73.42,70.92,71.22,2662849,136430064.00
2023/12/15,71.74,71.74,69.78,69.94,2146037,107254256.00
2023/12/18,69.35,70.19,67.42,67.42,2681132,129836664.00
2023/12/19,67.53,68.90,66.48,67.40,2139718,102725632.00
2023/12/20,67.51,68.89,63.44,63.58,3675925,169800880.00
2023/12/21,63.85,64.88,62.15,64.34,2437182,110037480.00
2023/12/22,64.34,64.87,62.80,63.54,2354357,106404800.00
2023/12/25,62.88,64.38,60.49,60.70,3484348,152171776.00
2023/12/26,60.74,60.77,57.07,58.11,4470479,185024448.00
2023/12/27,58.15,58.44,55.80,56.50,4652769,186996896.00
2023/12/28,57.06,59.30,56.17,57.87,4189167,172718976.00
2023/12/29,57.99,59.93,56.64,59.49,6786673,282388928.00
2024/01/02,59.27,59.45,55.38,55.47,7283979,292937952.00
2024/01/03,55.75,56.16,48.66,49.01,20171059,722788160.00
2024/01/04,49.57,50.04,46.67,47.06,12316737,417330720.00
2024/01/05,47.27,47.27,43.94,44.54,10736421,345008224.00
2024/01/08,44.44,44.81,43.66,43.76,6210438,194160080.00
2024/01/09,43.73,44.26,42.29,42.99,7849694,239821984.00
2024/01/10,42.64,43.38,41.88,42.38,5694911,171687456.00
2024/01/11,42.47,43.69,42.24,43.35,6602071,200996736.00
2024/01/12,43.34,43.48,42.36,42.64,4268648,129327904.00
2024/01/15,42.55,42.92,41.89,41.94,4363584,130620424.00
2024/01/16,42.09,42.12,40.82,41.59,3982864,116350912.00
2024/01/17,41.66,41.67,39.84,40.07,3841592,110309352.00
2024/01/18,39.98,40.35,38.97,40.27,6378819,178867184.00
2024/01/19,40.14,40.47,38.98,39.12,4108843,114769608.00
2024/01/22,39.01,39.39,36.08,36.46,5687550,151297408.00
2024/01/23,36.46,37.16,36.28,36.55,5005103,129649112.00
2024/01/24,35.08,36.50,34.15,35.68,10388600,258580816.00
2024/01/25,35.78,37.30,34.85,37.18,7923513,205029056.00
2024/01/26,37.12,37.27,35.79,35.85,4670112,120092304.00
2024/01/29,36.17,36.27,34.21,34.21,4479486,110338864.00
2024/01/30,34.07,34.75,33.38,33.44,4077526,98109592.00
2024/01/31,33.65,33.65,31.30,31.39,6189443,140620048.00
2024/02/01,32.00,32.46,30.60,31.25,5937822,132355608.00
2024/02/02,31.23,31.83,28.20,29.35,8236471,173940608.00
2024/02/05,29.08,29.25,24.95,26.30,10561564,198277392.00
2024/02/06,26.26,28.01,24.41,27.53,9990826,185366256.00
2024/02/07,27.66,28.64,26.49,27.28,9985627,194173120.00
2024/02/08,27.60,32.04,27.12,31.58,13067137,275288512.00
2024/02/19,32.56,32.56,29.90,30.62,9006081,195858640.00
数据来源:通达信
