688509 正元地信 日线 后复权
      日期	    开盘	    最高	    最低	    收盘	    成交量	    成交额
2021/07/30,12.61,12.80,7.89,8.31,107469148,1034762944.00
2021/08/02,7.68,7.76,7.03,7.24,62553917,457988320.00
2021/08/03,7.24,7.45,7.05,7.11,38263732,276505728.00
2021/08/04,7.12,7.16,6.77,6.89,35239247,242872384.00
2021/08/05,6.82,7.01,6.80,6.87,24061857,166230000.00
2021/08/06,6.89,6.95,6.54,6.58,27178560,181274528.00
2021/08/09,6.58,6.69,6.53,6.62,14004548,92718880.00
2021/08/10,6.59,6.81,6.59,6.67,18373526,122955616.00
2021/08/11,6.65,6.93,6.63,6.88,24672608,167727728.00
2021/08/12,6.85,6.92,6.74,6.74,16011664,108661408.00
2021/08/13,6.76,6.87,6.66,6.86,17092999,115710360.00
2021/08/16,6.87,7.27,6.83,6.99,24772475,175142704.00
2021/08/17,6.96,7.31,6.96,7.28,28766571,205458288.00
2021/08/18,7.30,7.44,7.05,7.17,22577524,162081472.00
2021/08/19,7.13,7.30,6.90,6.92,18919718,133674008.00
2021/08/20,6.91,6.94,6.70,6.86,14014049,95185840.00
2021/08/23,6.86,7.01,6.85,6.94,10997073,76329216.00
2021/08/24,6.96,7.10,6.93,6.94,11665515,81608464.00
2021/08/25,6.94,7.03,6.85,6.86,11039612,76094720.00
2021/08/26,6.84,6.87,6.73,6.74,8970478,60805712.00
2021/08/27,6.76,6.76,6.64,6.69,7894206,52735772.00
2021/08/30,6.99,7.32,6.85,6.88,26865562,190711408.00
2021/08/31,6.91,6.93,6.69,6.75,15197755,103018176.00
2021/09/01,6.71,6.88,6.66,6.83,12012828,81368912.00
2021/09/02,6.84,7.24,6.80,7.10,16342884,115545776.00
2021/09/03,7.06,7.61,7.03,7.48,29528512,217252928.00
2021/09/06,7.43,7.60,7.25,7.30,16602937,121932880.00
2021/09/07,7.33,7.35,7.19,7.27,12662227,91836096.00
2021/09/08,7.26,7.40,7.19,7.30,12255319,89112632.00
2021/09/09,7.24,7.27,7.09,7.13,10978958,78508360.00
2021/09/10,7.13,7.18,7.06,7.10,6088152,43317200.00
2021/09/13,7.12,7.15,7.03,7.10,6268483,44414364.00
2021/09/14,7.08,7.13,6.81,6.88,11489599,80016440.00
2021/09/15,6.86,6.95,6.84,6.88,5129486,35403952.00
2021/09/16,6.88,6.97,6.72,6.74,7380442,50418596.00
2021/09/17,6.75,6.79,6.66,6.75,5134905,34520852.00
2021/09/22,6.70,6.80,6.68,6.79,4035879,27253456.00
2021/09/23,6.80,6.85,6.77,6.80,4588961,31215810.00
2021/09/24,6.78,6.80,6.52,6.53,7964219,53017876.00
2021/09/27,6.56,6.56,6.20,6.23,8227757,52271388.00
2021/09/28,6.20,6.27,6.16,6.25,2997426,18659424.00
2021/09/29,6.16,6.26,6.14,6.14,3289464,20330904.00
2021/09/30,6.18,6.25,6.17,6.23,2518449,15627212.00
2021/10/08,6.28,6.33,6.24,6.30,2926663,18409360.00
2021/10/11,6.33,6.34,6.27,6.30,2233772,14065426.00
2021/10/12,6.30,6.30,6.10,6.16,3050491,18845944.00
2021/10/13,6.21,6.35,6.20,6.32,2980239,18720474.00
2021/10/14,6.32,6.55,6.29,6.44,3634775,23390708.00
2021/10/15,6.50,6.56,6.38,6.40,3795069,24607180.00
2021/10/18,6.40,6.40,6.29,6.37,2850299,18051312.00
2021/10/19,6.38,6.41,6.32,6.35,1633892,10401703.00
2021/10/20,6.38,6.42,6.30,6.31,1577395,10011055.00
2021/10/21,6.30,6.31,6.15,6.17,3601424,22366556.00
2021/10/22,6.19,6.21,6.13,6.15,1840915,11345912.00
2021/10/25,6.15,6.15,6.01,6.02,2991734,18093532.00
2021/10/26,6.02,6.08,5.90,5.94,2413519,14436148.00
2021/10/27,5.94,5.94,5.64,5.71,4732176,27168094.00
2021/10/28,5.70,5.70,5.45,5.51,4787083,26416194.00
2021/10/29,5.50,5.69,5.48,5.66,3393289,18974714.00
2021/11/01,5.66,5.78,5.59,5.70,2899391,16525539.00
2021/11/02,5.73,5.74,5.50,5.54,2627975,14782823.00
2021/11/03,5.52,5.64,5.46,5.56,2649939,14709280.00
2021/11/04,5.54,5.77,5.54,5.75,3968746,22614912.00
2021/11/05,5.72,5.87,5.70,5.79,3661150,21226748.00
2021/11/08,5.75,5.83,5.75,5.78,1835343,10640522.00
2021/11/09,5.78,5.90,5.78,5.88,2577494,15084671.00
2021/11/10,5.89,5.89,5.80,5.88,2628191,15341488.00
2021/11/11,5.87,6.05,5.82,6.05,4503741,26854178.00
2021/11/12,6.06,6.12,5.95,6.12,3197540,19363376.00
2021/11/15,6.14,6.22,6.07,6.17,4195805,25882112.00
2021/11/16,6.18,6.21,6.08,6.12,3175073,19479480.00
2021/11/17,6.15,6.28,6.10,6.19,3887250,24140510.00
2021/11/18,6.20,6.23,6.05,6.08,3695739,22664476.00
2021/11/19,6.05,6.17,6.05,6.14,2393262,14670544.00
2021/11/22,6.14,6.16,6.10,6.12,2116882,12953361.00
2021/11/23,6.12,6.12,5.99,6.05,3964840,24013392.00
2021/11/24,6.08,6.16,6.03,6.10,3369175,20549242.00
2021/11/25,6.10,6.43,6.10,6.32,6266170,39324724.00
2021/11/26,6.31,6.34,6.10,6.11,4507141,27861836.00
2021/11/29,6.02,6.43,5.99,6.19,7467379,46556668.00
2021/11/30,6.22,7.42,6.17,6.79,31447049,216999792.00
2021/12/01,6.80,6.90,6.64,6.82,16310070,110345096.00
2021/12/02,6.74,6.80,6.51,6.55,9793655,64828588.00
2021/12/03,6.54,6.60,6.41,6.44,6600815,42681312.00
2021/12/06,6.45,6.51,6.24,6.26,7686102,49040164.00
2021/12/07,6.27,6.32,6.11,6.16,5216073,32257964.00
2021/12/08,6.16,6.22,6.13,6.19,3327573,20558648.00
2021/12/09,6.19,6.21,6.14,6.16,3637116,22450370.00
2021/12/10,6.19,6.21,6.14,6.16,2554507,15761899.00
2021/12/13,6.19,6.40,6.17,6.24,4234302,26487076.00
2021/12/14,6.21,6.27,6.15,6.19,4728977,29313232.00
2021/12/15,6.20,6.39,6.18,6.33,6176115,38850400.00
2021/12/16,6.34,6.50,6.29,6.41,5480625,35062180.00
2021/12/17,6.41,6.41,6.22,6.23,4959849,31233478.00
2021/12/20,6.22,6.32,6.13,6.13,3666145,22789976.00
2021/12/21,6.18,6.40,6.10,6.35,5875209,36605932.00
2021/12/22,6.42,6.72,6.40,6.53,10008883,65541984.00
2021/12/23,6.54,6.56,6.36,6.43,5562150,35798604.00
2021/12/24,6.43,6.45,6.19,6.23,4265864,26864594.00
2021/12/27,6.26,6.27,6.16,6.25,2256656,14049293.00
2021/12/28,6.27,6.28,6.22,6.24,1841651,11519573.00
2021/12/29,6.24,6.30,6.23,6.25,2214675,13851374.00
2021/12/30,6.24,6.32,6.24,6.28,2375682,14884628.00
2021/12/31,6.26,6.36,6.26,6.31,2487425,15672028.00
2022/01/04,6.35,6.51,6.32,6.50,5254439,33728048.00
2022/01/05,6.47,6.58,6.43,6.56,5164991,33427808.00
2022/01/06,6.55,6.59,6.47,6.57,4173478,27222552.00
2022/01/07,6.57,6.78,6.43,6.45,7591934,49988048.00
2022/01/10,6.53,6.84,6.50,6.68,8543334,57154120.00
2022/01/11,6.83,6.83,6.55,6.56,6257346,41604724.00
2022/01/12,6.60,6.73,6.51,6.61,4193242,27668824.00
2022/01/13,6.60,6.81,6.59,6.64,5173072,34460332.00
2022/01/14,6.62,6.65,6.43,6.44,6231422,40520232.00
2022/01/17,6.40,6.96,6.40,6.83,12717939,85733040.00
2022/01/18,6.88,7.27,6.77,7.02,25642265,179442368.00
2022/01/19,7.15,7.40,7.02,7.09,19321274,138602352.00
2022/01/20,7.14,7.55,6.97,7.25,20934861,153548208.00
2022/01/21,7.15,7.23,6.84,6.85,15723819,109984456.00
2022/01/24,6.80,6.97,6.68,6.74,9100387,61545504.00
2022/01/25,6.73,6.75,6.20,6.25,10650657,67980456.00
2022/01/26,6.24,6.31,6.06,6.09,5499385,33733984.00
2022/01/27,6.02,6.08,5.82,5.85,6076831,35857888.00
2022/01/28,5.85,5.98,5.82,5.91,3737090,22032620.00
2022/02/07,5.98,6.28,5.78,6.04,9181873,54660392.00
2022/02/08,6.03,6.46,6.01,6.29,9067669,56685080.00
2022/02/09,6.30,6.66,6.30,6.45,8410058,54506376.00
2022/02/10,6.44,6.77,6.44,6.57,7597009,50155708.00
2022/02/11,6.56,6.61,6.33,6.39,7675536,49101188.00
2022/02/14,6.34,6.43,6.27,6.38,4189181,26571336.00
2022/02/15,6.41,6.41,6.24,6.35,3782489,23798868.00
2022/02/16,6.36,6.44,6.29,6.41,5125703,32473436.00
2022/02/17,6.50,6.62,6.29,6.32,7128645,45782600.00
2022/02/18,6.26,6.52,6.24,6.48,6052862,38491284.00
2022/02/21,6.48,6.74,6.46,6.73,8487529,56324536.00
2022/02/22,6.76,6.80,6.53,6.65,7437864,49380152.00
2022/02/23,6.64,6.69,6.55,6.67,4749066,31434914.00
2022/02/24,6.61,6.62,6.22,6.33,8791618,56284512.00
2022/02/25,6.34,6.46,6.31,6.33,3426400,21810634.00
2022/02/28,6.34,6.40,6.16,6.22,3479342,21573878.00
2022/03/01,6.22,6.25,6.18,6.21,3975295,24613580.00
2022/03/02,6.20,6.24,6.13,6.23,2753162,17039226.00
2022/03/03,6.21,6.26,6.10,6.13,5613243,34456360.00
2022/03/04,6.15,6.28,6.09,6.10,6840362,42092752.00
2022/03/07,6.00,6.18,6.00,6.07,4070640,24685740.00
2022/03/08,6.11,6.11,5.85,5.87,4684500,27741668.00
2022/03/09,5.87,5.92,5.57,5.77,5053561,29074562.00
2022/03/10,5.87,6.21,5.82,6.14,8793927,52677544.00
2022/03/11,5.98,6.08,5.83,6.03,5587657,33153060.00
2022/03/14,5.99,5.99,5.72,5.75,6257130,36496376.00
2022/03/15,5.73,5.75,5.38,5.38,5100923,28346296.00
2022/03/16,5.47,5.56,5.34,5.52,4162408,22636008.00
2022/03/17,5.55,5.75,5.55,5.62,4388217,24695768.00
2022/03/18,5.59,5.74,5.59,5.72,2574492,14613599.00
2022/03/21,5.72,5.77,5.64,5.69,3561876,20218434.00
2022/03/22,5.69,5.78,5.65,5.69,2391614,13599251.00
2022/03/23,5.71,5.74,5.62,5.65,3501772,19783968.00
2022/03/24,5.62,5.62,5.50,5.51,2738501,15107988.00
2022/03/25,5.53,5.54,5.43,5.44,3760171,20551012.00
2022/03/28,5.48,5.51,5.36,5.45,1927600,10463896.00
2022/03/29,5.48,5.48,5.34,5.39,2327626,12505457.00
2022/03/30,5.42,5.44,5.32,5.41,3210905,17274444.00
2022/03/31,5.44,5.61,5.42,5.52,4536790,24993568.00
2022/04/01,5.50,5.50,5.43,5.44,3391021,18432096.00
2022/04/06,5.44,5.56,5.42,5.54,2355705,12931905.00
2022/04/07,5.52,5.54,5.41,5.41,2908764,15852175.00
2022/04/08,5.42,5.51,5.35,5.40,3304520,17806450.00
2022/04/11,5.38,5.38,5.08,5.12,4003306,20833900.00
2022/04/12,5.16,5.30,5.11,5.28,2748010,14245203.00
2022/04/13,5.26,5.26,5.14,5.14,1816211,9376480.00
2022/04/14,5.17,5.21,5.14,5.15,1603923,8259580.00
2022/04/15,5.17,5.17,5.01,5.01,3496682,17594086.00
2022/04/18,5.03,5.03,4.89,5.00,3720910,18373768.00
2022/04/19,4.97,5.05,4.95,4.99,1489861,7398420.00
2022/04/20,5.04,5.06,4.92,4.97,1827242,9085795.00
2022/04/21,4.97,4.97,4.79,4.80,2666465,12930039.00
2022/04/22,4.82,4.84,4.73,4.80,1377583,6558501.00
2022/04/25,4.73,4.79,4.23,4.24,4426753,19590712.00
2022/04/26,4.24,4.43,4.18,4.21,2944873,12561940.00
2022/04/27,4.22,4.42,4.11,4.41,3020128,12861293.00
2022/04/28,4.39,4.41,4.24,4.30,2462187,10608439.00
2022/04/29,4.36,4.54,4.36,4.51,3155376,13988817.00
2022/05/05,4.53,4.58,4.43,4.55,2248504,10182381.00
2022/05/06,4.52,4.67,4.43,4.54,3277136,14877243.00
2022/05/09,4.54,4.70,4.53,4.66,2512690,11635506.00
2022/05/10,4.64,5.23,4.61,5.18,14202996,70762496.00
2022/05/11,5.20,5.30,5.00,5.02,6220257,31879796.00
2022/05/12,5.02,5.06,4.91,4.99,3246614,16115876.00
2022/05/13,5.04,5.06,4.87,4.92,2191950,10796339.00
2022/05/16,5.01,5.01,4.90,4.94,2313574,11407179.00
2022/05/17,4.94,5.05,4.81,4.82,3840320,18571706.00
2022/05/18,4.87,5.02,4.83,4.84,5845116,28565626.00
2022/05/19,4.78,4.90,4.77,4.85,2867492,13823127.00
2022/05/20,4.91,4.97,4.81,4.84,5069844,24611484.00
2022/05/23,4.89,4.91,4.82,4.89,2395443,11629961.00
2022/05/24,4.91,4.93,4.61,4.63,4416091,20916056.00
2022/05/25,4.67,4.72,4.63,4.71,1498187,6994658.00
2022/05/26,4.71,4.77,4.64,4.72,2119559,9946105.00
2022/05/27,4.73,4.78,4.67,4.71,1898617,8953823.00
2022/05/30,4.83,5.01,4.76,4.93,5442344,26550292.00
2022/05/31,4.97,5.91,4.82,5.41,25679213,140406256.00
2022/06/01,5.42,5.99,5.29,5.64,26379022,147903216.00
2022/06/02,5.80,6.76,5.47,6.76,51745520,326167424.00
2022/06/06,6.81,6.81,6.29,6.52,41612563,271560512.00
2022/06/07,6.37,6.50,5.75,5.80,33591752,203824096.00
2022/06/08,5.94,5.94,5.56,5.69,19945237,113738304.00
2022/06/09,5.63,5.75,5.42,5.51,15771113,87865736.00
2022/06/10,5.51,5.62,5.47,5.50,12031829,66314976.00
2022/06/13,5.43,5.59,5.35,5.45,10409793,56543288.00
2022/06/14,5.43,5.43,5.18,5.36,8927667,47291088.00
2022/06/15,5.35,5.47,5.30,5.31,8073728,43478532.00
2022/06/16,5.40,5.60,5.38,5.45,11842789,64875636.00
2022/06/17,5.40,5.46,5.28,5.31,7940795,42267560.00
2022/06/20,5.33,5.39,5.26,5.35,5786723,30708548.00
2022/06/21,5.36,5.46,5.28,5.33,6955396,37194244.00
2022/06/22,5.33,5.40,5.21,5.21,5490543,28941112.00
2022/06/23,5.24,5.38,5.23,5.32,5234797,27722896.00
2022/06/24,5.34,5.74,5.34,5.52,12405442,68664336.00
2022/06/27,5.57,5.60,5.44,5.45,5654501,30884220.00
2022/06/28,5.46,5.70,5.38,5.58,7253886,40269564.00
2022/06/29,5.55,5.57,5.39,5.41,5607620,30598016.00
2022/06/30,5.41,5.49,5.39,5.41,5048703,27303464.00
2022/07/01,5.41,5.45,5.31,5.32,3861116,20650144.00
2022/07/04,5.32,5.33,5.24,5.31,3190331,16797784.00
2022/07/05,5.27,5.33,5.18,5.24,3569673,18612620.00
2022/07/06,5.25,5.28,5.14,5.14,2952553,15249202.00
2022/07/07,5.16,5.21,5.12,5.19,2894589,14922997.00
2022/07/08,5.20,5.37,5.17,5.32,4993261,26267570.00
2022/07/11,5.31,5.31,5.16,5.22,4148380,21585940.00
2022/07/12,5.17,5.20,5.03,5.05,4367319,22278588.00
2022/07/13,5.08,5.17,5.07,5.15,2221257,11350206.00
2022/07/14,5.15,5.25,5.11,5.22,3473777,18002696.00
2022/07/15,5.27,5.30,5.05,5.07,3608178,18338754.00
2022/07/18,5.08,5.46,5.02,5.39,7906652,42042160.00
2022/07/19,5.38,5.39,5.29,5.33,5175025,27490974.00
2022/07/20,5.34,5.35,5.28,5.31,3700165,19553174.00
2022/07/21,5.31,5.36,5.27,5.32,3599977,19074904.00
2022/07/22,5.29,5.36,5.19,5.23,3852848,20228884.00
2022/07/25,5.23,5.30,5.16,5.18,2754418,14333331.00
2022/07/26,5.22,5.22,5.14,5.20,1742878,8995042.00
2022/07/27,5.19,5.20,5.12,5.15,2628082,13502660.00
2022/07/28,5.18,5.26,5.16,5.20,3707413,19223740.00
2022/07/29,5.23,5.30,5.19,5.20,3737409,19568966.00
2022/08/01,5.24,5.28,5.16,5.22,3456512,17975028.00
2022/08/02,5.22,5.22,4.74,4.88,6803029,33460876.00
2022/08/03,4.87,5.02,4.85,4.89,3880888,19105090.00
2022/08/04,4.84,5.00,4.84,4.96,3035793,14950726.00
2022/08/05,4.93,5.12,4.93,5.09,3935208,19850852.00
2022/08/08,5.12,5.25,5.07,5.21,4287661,22034884.00
2022/08/09,5.18,5.24,5.10,5.14,3458723,17725380.00
2022/08/10,5.13,5.20,5.09,5.15,3025741,15499672.00
2022/08/11,5.16,5.28,5.16,5.25,4494963,23474238.00
2022/08/12,5.25,5.31,5.21,5.22,4617333,24186004.00
2022/08/15,5.24,5.24,5.13,5.18,3417745,17601716.00
2022/08/16,5.18,5.22,5.14,5.17,3343648,17249460.00
2022/08/17,5.19,5.22,5.16,5.18,3236245,16674501.00
2022/08/18,5.16,5.18,5.09,5.14,3280287,16708872.00
2022/08/19,5.16,5.20,5.07,5.09,3608308,18410052.00
2022/08/22,5.09,5.13,4.99,5.01,4133803,20678862.00
2022/08/23,5.01,5.03,4.96,4.99,2542782,12619864.00
2022/08/24,5.00,5.01,4.85,4.87,3725533,18187920.00
2022/08/25,4.87,4.91,4.78,4.84,3216782,15412552.00
2022/08/26,4.87,4.87,4.76,4.78,2729506,13049035.00
2022/08/29,4.75,4.78,4.70,4.77,2161925,10191953.00
2022/08/30,4.78,4.85,4.76,4.80,3255023,15524478.00
2022/08/31,4.80,4.80,4.63,4.66,3541630,16544559.00
2022/09/01,4.65,4.72,4.62,4.63,2700282,12516260.00
2022/09/02,4.63,4.80,4.63,4.76,4411885,20716082.00
2022/09/05,4.74,4.79,4.67,4.71,4017162,18890428.00
2022/09/06,4.71,4.75,4.67,4.75,2989522,13980674.00
2022/09/07,4.70,4.74,4.68,4.71,3126142,14620230.00
2022/09/08,4.70,4.72,4.63,4.63,2136909,9898528.00
2022/09/09,4.63,4.65,4.60,4.62,2168954,9959805.00
2022/09/13,4.62,4.67,4.60,4.61,1998073,9171930.00
2022/09/14,4.55,4.58,4.47,4.56,2868943,12909256.00
2022/09/15,4.56,4.59,4.44,4.49,2208178,9871812.00
2022/09/16,4.48,4.56,4.39,4.39,3063499,13640914.00
2022/09/19,4.39,4.44,4.32,4.33,2413974,10448096.00
2022/09/20,4.36,4.38,4.34,4.37,1596883,6911488.00
2022/09/21,4.32,4.46,4.25,4.43,2919700,12633772.00
2022/09/22,4.38,4.46,4.37,4.38,1778202,7801354.00
2022/09/23,4.38,4.41,4.31,4.31,1765209,7617700.00
2022/09/26,4.27,4.29,4.12,4.14,3047070,12737310.00
2022/09/27,4.14,4.31,4.14,4.30,2921614,12310325.00
2022/09/28,4.27,4.31,4.19,4.19,1720791,7254325.00
2022/09/29,4.20,4.24,4.13,4.14,2039237,8458131.00
2022/09/30,4.08,4.17,4.08,4.11,1262676,5182032.00
2022/10/10,4.11,4.17,4.02,4.03,2174010,8808393.00
2022/10/11,4.03,4.11,4.00,4.11,2197822,8854015.00
2022/10/12,4.09,4.25,4.04,4.24,3036324,12491461.00
2022/10/13,4.23,4.35,4.20,4.31,4333332,18490194.00
2022/10/14,4.31,4.50,4.28,4.38,3650016,15866576.00
2022/10/17,4.36,4.83,4.30,4.58,6584581,29736290.00
2022/10/18,4.68,4.68,4.50,4.53,4519511,20389370.00
2022/10/19,4.56,4.56,4.47,4.47,2659371,11876903.00
2022/10/20,4.45,4.56,4.42,4.47,3994473,17808216.00
2022/10/21,4.47,4.55,4.44,4.49,3778976,16875800.00
2022/10/24,4.53,4.56,4.37,4.42,4363012,19373132.00
2022/10/25,4.47,4.47,4.33,4.41,3296547,14398064.00
2022/10/26,4.42,4.72,4.41,4.59,6396905,29074290.00
2022/10/27,4.63,4.64,4.55,4.58,4137604,18900228.00
2022/10/28,4.63,4.63,4.34,4.38,4666578,20649970.00
2022/10/31,4.37,4.65,4.37,4.51,7436536,33707008.00
2022/11/01,4.60,4.63,4.51,4.60,4964892,22537330.00
2022/11/02,4.63,4.65,4.56,4.63,5280629,24119844.00
2022/11/03,4.58,4.62,4.55,4.57,3554892,16167918.00
2022/11/04,4.59,4.64,4.55,4.61,5171565,23587488.00
2022/11/07,4.61,4.70,4.57,4.61,5412216,24824240.00
2022/11/08,4.60,4.62,4.54,4.62,3819087,17407312.00
2022/11/09,4.62,4.63,4.56,4.56,3017858,13725302.00
2022/11/10,4.55,4.58,4.50,4.53,4924094,22240962.00
2022/11/11,4.61,4.67,4.52,4.53,6014012,27322436.00
2022/11/14,4.54,4.57,4.49,4.52,3957740,17814448.00
2022/11/15,4.56,4.71,4.49,4.65,8300806,38087712.00
2022/11/16,4.67,4.69,4.61,4.63,5037032,23255496.00
2022/11/17,4.65,4.84,4.59,4.81,12753797,59994400.00
2022/11/18,4.82,4.83,4.67,4.67,6448701,30465636.00
2022/11/21,4.66,4.67,4.55,4.60,4656025,21276432.00
2022/11/22,4.62,4.62,4.53,4.56,6751872,30657176.00
2022/11/23,4.59,4.77,4.52,4.76,15447558,71957616.00
2022/11/24,4.72,4.79,4.56,4.59,14005656,64614420.00
2022/11/25,4.57,4.65,4.53,4.56,8668113,39389464.00
2022/11/28,4.54,4.54,4.37,4.42,10034046,44154808.00
2022/11/29,4.43,4.49,4.43,4.47,6462574,28655800.00
2022/11/30,4.48,4.51,4.41,4.45,7430917,32784756.00
2022/12/01,4.45,4.55,4.45,4.46,4776824,21260972.00
2022/12/02,4.48,4.79,4.48,4.65,14552603,67463872.00
2022/12/05,4.71,4.81,4.63,4.79,12871726,60537824.00
2022/12/06,4.75,4.78,4.66,4.70,6806150,31905242.00
2022/12/07,4.71,4.71,4.65,4.68,4021326,18662584.00
2022/12/08,4.65,4.67,4.59,4.60,3857201,17726882.00
2022/12/09,4.62,4.62,4.56,4.61,3214664,14681336.00
2022/12/12,4.54,4.54,4.44,4.47,7078272,31499388.00
2022/12/13,4.47,4.50,4.43,4.44,3564199,15779207.00
2022/12/14,4.43,4.46,4.39,4.42,3656988,16084266.00
2022/12/15,4.41,4.47,4.38,4.41,4217050,18522188.00
2022/12/16,4.42,4.42,4.29,4.33,5339120,23015978.00
2022/12/19,4.35,4.35,4.18,4.20,3453822,14535809.00
2022/12/20,4.20,4.25,4.19,4.23,1833440,7689664.00
2022/12/21,4.26,4.26,4.19,4.20,1569152,6573192.00
2022/12/22,4.22,4.22,4.09,4.10,2464594,10204773.00
2022/12/23,4.09,4.20,4.09,4.14,2698487,11099254.00
2022/12/26,4.15,4.19,4.13,4.17,1442790,5958848.00
2022/12/27,4.17,4.18,4.10,4.13,2490586,10202302.00
2022/12/28,4.14,4.14,4.05,4.07,2709793,10972817.00
2022/12/29,4.08,4.11,4.04,4.05,2586226,10458456.00
2022/12/30,4.08,4.10,4.06,4.07,1228401,4971310.00
2023/01/03,4.08,4.25,4.08,4.23,3731790,15533725.00
2023/01/04,4.22,4.33,4.22,4.27,2918744,12411619.00
2023/01/05,4.30,4.31,4.25,4.26,2203677,9334189.00
2023/01/06,4.26,4.30,4.22,4.22,1639386,6927320.00
2023/01/09,4.23,4.29,4.22,4.24,1637999,6897783.00
2023/01/10,4.27,4.27,4.20,4.23,1334996,5606183.00
2023/01/11,4.23,4.25,4.16,4.17,1280965,5344169.00
2023/01/12,4.16,4.18,4.13,4.15,1385747,5723786.00
2023/01/13,4.16,4.18,4.13,4.15,1126867,4643462.00
2023/01/16,4.15,4.25,4.15,4.24,2458748,10307448.00
2023/01/17,4.24,4.27,4.19,4.21,1491080,6242629.00
2023/01/18,4.23,4.27,4.20,4.25,1204282,5074627.00
2023/01/19,4.26,4.33,4.25,4.31,2708998,11543438.00
2023/01/20,4.31,4.39,4.30,4.36,2731604,11819475.00
2023/01/30,4.42,4.46,4.40,4.42,4589819,20206932.00
2023/01/31,4.42,4.43,4.39,4.41,2708096,11845126.00
2023/02/01,4.41,4.54,4.41,4.51,3526980,15693466.00
2023/02/02,4.54,4.59,4.50,4.53,5405694,24376528.00
2023/02/03,4.54,4.59,4.49,4.58,6106273,27622440.00
2023/02/06,4.60,4.64,4.55,4.61,5488531,25053772.00
2023/02/07,4.63,4.66,4.58,4.65,6113749,28030620.00
2023/02/08,4.66,4.70,4.59,4.63,5254211,24172248.00
2023/02/09,4.65,4.68,4.59,4.66,5642892,25965472.00
2023/02/10,4.68,4.72,4.62,4.66,4693515,21787076.00
2023/02/13,4.66,4.71,4.59,4.69,4840117,22461130.00
2023/02/14,4.71,4.71,4.61,4.64,5237444,24122328.00
2023/02/15,4.64,4.77,4.61,4.75,6460965,30143856.00
2023/02/16,4.73,4.86,4.61,4.63,11230813,52875652.00
2023/02/17,4.65,4.67,4.56,4.57,4925962,22591444.00
2023/02/20,4.59,4.62,4.54,4.59,3939370,17895440.00
2023/02/21,4.62,4.75,4.59,4.66,6012193,27976176.00
2023/02/22,4.68,4.72,4.61,4.68,4658459,21555894.00
2023/02/23,4.66,4.69,4.58,4.62,5473998,25194044.00
2023/02/24,4.63,4.65,4.57,4.60,3095782,14163250.00
2023/02/27,4.62,4.75,4.54,4.55,6889310,31638184.00
2023/02/28,4.84,4.96,4.67,4.77,17724402,84349256.00
2023/03/01,4.78,5.16,4.78,5.05,31612723,156100512.00
2023/03/02,5.03,5.21,4.98,5.01,26072225,131611728.00
2023/03/03,5.01,5.06,4.96,5.00,14269086,71034120.00
2023/03/06,5.02,5.15,4.94,4.98,15961365,79708568.00
2023/03/07,5.01,5.04,4.82,4.84,13007902,63584664.00
2023/03/08,4.86,5.06,4.84,5.04,15559283,77041568.00
2023/03/09,5.03,5.13,4.97,5.07,14885926,74635816.00
2023/03/10,5.03,5.36,5.02,5.11,21728167,112065568.00
2023/03/13,5.17,5.21,5.01,5.17,18442431,93746352.00
2023/03/14,5.14,5.31,5.10,5.21,22365609,115689408.00
2023/03/15,5.24,5.26,5.11,5.14,13716175,70410440.00
2023/03/16,5.16,5.18,5.03,5.05,12397095,62642104.00
2023/03/17,5.06,5.17,5.06,5.10,13201576,67240320.00
2023/03/20,5.14,5.17,5.02,5.04,12293168,62086340.00
2023/03/21,5.04,5.19,5.00,5.11,11523342,58503648.00
2023/03/22,5.13,5.20,5.07,5.20,9726825,49845940.00
2023/03/23,5.17,5.21,5.12,5.19,9527651,48866712.00
2023/03/24,5.20,5.23,5.09,5.18,11045336,56690776.00
2023/03/27,5.20,5.24,5.10,5.22,10537852,54309020.00
2023/03/28,5.20,5.23,5.10,5.12,8381568,42940524.00
2023/03/29,5.11,5.16,5.03,5.05,9027343,45698280.00
2023/03/30,5.11,5.11,5.00,5.02,8094143,40626348.00
2023/03/31,5.04,5.11,4.97,5.07,8037725,40212456.00
2023/04/03,5.06,5.22,5.06,5.22,11667855,59936976.00
2023/04/04,5.22,5.25,5.10,5.14,11203097,57408376.00
2023/04/06,5.13,5.21,5.05,5.12,10170328,51986704.00
2023/04/07,5.16,5.45,5.07,5.37,20319571,107366400.00
2023/04/10,5.43,5.57,5.13,5.17,20371617,107359200.00
2023/04/11,5.13,5.21,5.08,5.13,13468684,68720784.00
2023/04/12,5.15,5.37,5.13,5.30,11416174,59636808.00
2023/04/13,5.27,5.33,5.20,5.21,9819054,51381468.00
2023/04/14,5.22,5.33,5.09,5.28,11753813,60850732.00
2023/04/17,5.26,5.30,5.13,5.17,9866059,50810160.00
2023/04/18,5.17,5.20,5.07,5.09,7227602,36712672.00
2023/04/19,5.07,5.20,5.06,5.10,7063449,36009264.00
2023/04/20,5.08,5.14,5.05,5.12,7919364,40035628.00
2023/04/21,5.10,5.10,4.75,4.77,14827707,72248968.00
2023/04/24,4.73,4.86,4.70,4.72,7253415,34288080.00
2023/04/25,4.73,4.78,4.49,4.53,9998811,45543380.00
2023/04/26,4.49,4.59,4.45,4.48,10318717,46237036.00
2023/04/27,4.45,4.51,4.40,4.43,8150890,36066700.00
2023/04/28,4.45,4.69,4.43,4.68,9786041,44698168.00
2023/05/04,4.68,4.70,4.54,4.60,9550149,43511216.00
2023/05/05,4.61,4.66,4.54,4.62,6751823,30886318.00
2023/05/08,4.64,5.07,4.62,5.02,21380934,103546264.00
2023/05/09,5.10,5.13,4.88,4.90,18305826,90852616.00
2023/05/10,4.88,5.16,4.87,5.02,15306542,76306240.00
2023/05/11,4.97,5.08,4.86,4.88,13422921,65785256.00
2023/05/12,4.85,4.97,4.78,4.79,7461308,36143520.00
2023/05/15,4.89,4.91,4.70,4.79,6662527,31622036.00
2023/05/16,4.79,4.79,4.66,4.68,6804446,31777028.00
2023/05/17,4.68,4.97,4.65,4.94,11439611,54886184.00
2023/05/18,4.95,5.17,4.88,5.04,14422390,72166784.00
2023/05/19,5.04,5.10,4.96,5.02,7694375,38356132.00
2023/05/22,5.00,5.01,4.86,4.96,8569577,42004328.00
2023/05/23,4.93,4.94,4.82,4.84,7657901,36992872.00
2023/05/24,4.82,4.90,4.76,4.81,6411900,30799070.00
2023/05/25,4.79,4.91,4.72,4.87,8822490,42184720.00
2023/05/26,4.91,5.00,4.88,4.96,9896035,48698380.00
2023/05/29,4.95,5.14,4.95,5.03,12486392,62743992.00
2023/05/30,5.03,5.11,4.94,5.09,9875295,49614232.00
2023/05/31,5.08,5.15,5.03,5.12,9219770,46685632.00
2023/06/01,5.10,5.19,5.01,5.12,13189214,66906732.00
2023/06/02,5.13,5.13,5.05,5.08,8456495,42743256.00
2023/06/05,5.08,5.11,5.01,5.04,7571506,38021388.00
2023/06/06,5.02,5.19,4.97,4.97,10373745,52243564.00
2023/06/07,4.98,5.18,4.94,5.10,10710544,54321360.00
2023/06/08,5.09,5.28,5.08,5.17,17908527,92660136.00
2023/06/09,5.16,5.23,5.10,5.13,15377565,78772280.00
2023/06/12,5.15,5.18,5.07,5.12,8727541,44402708.00
2023/06/13,5.13,5.14,5.05,5.11,8856369,44904888.00
2023/06/14,5.12,5.16,5.07,5.09,7416924,37650368.00
2023/06/15,5.08,5.13,5.04,5.07,8231906,41459564.00
2023/06/16,5.06,5.26,5.03,5.14,12498083,64068324.00
2023/06/19,5.14,5.21,5.09,5.10,9731916,49700204.00
2023/06/20,5.11,5.14,5.04,5.10,9367278,47365624.00
2023/06/21,5.08,5.10,4.93,4.94,11984014,59315856.00
2023/06/26,4.93,4.99,4.79,4.84,8227665,39719196.00
2023/06/27,4.85,4.91,4.78,4.84,6772702,32611722.00
2023/06/28,4.83,4.86,4.63,4.83,10330590,48758908.00
2023/06/29,4.81,4.98,4.79,4.95,8816181,43083624.00
2023/06/30,4.92,5.01,4.89,5.00,5428845,26774852.00
2023/07/03,4.98,5.01,4.86,4.89,8224377,40128192.00
2023/07/04,4.88,4.94,4.87,4.88,3681539,17929224.00
2023/07/05,4.89,4.94,4.81,4.82,4904833,23736440.00
2023/07/06,4.80,4.85,4.76,4.76,4237618,20179540.00
2023/07/07,4.76,4.81,4.69,4.77,5781600,27261380.00
2023/07/10,4.77,4.89,4.75,4.85,6099155,29314760.00
2023/07/11,4.84,5.10,4.81,5.05,16504697,82179720.00
2023/07/12,5.10,5.15,4.91,4.94,12466520,62335496.00
2023/07/13,4.94,4.99,4.87,4.96,8578146,42133752.00
2023/07/14,4.94,5.10,4.94,5.02,10618711,52954060.00
2023/07/17,4.99,5.07,4.94,4.97,8285209,41065500.00
2023/07/18,4.99,4.99,4.87,4.91,9831267,48023596.00
2023/07/19,4.89,4.96,4.88,4.91,3834682,18747568.00
2023/07/20,4.90,4.92,4.75,4.77,9228457,44157340.00
2023/07/21,4.76,4.81,4.72,4.74,6095119,28829320.00
2023/07/24,4.73,4.79,4.68,4.77,6570917,30992272.00
2023/07/25,4.80,4.86,4.78,4.83,8139367,39066856.00
2023/07/26,4.84,4.84,4.73,4.76,6594948,31264068.00
2023/07/27,4.78,4.82,4.69,4.73,8450774,39889476.00
2023/07/28,4.71,4.97,4.66,4.94,19111796,92158664.00
2023/07/31,4.91,4.97,4.88,4.91,12010025,58762036.00
2023/08/01,4.92,4.92,4.83,4.87,9475600,45851168.00
2023/08/02,4.89,4.90,4.83,4.87,5386302,26005520.00
2023/08/03,4.85,4.86,4.77,4.80,8494856,40566020.00
2023/08/04,4.80,4.96,4.79,4.93,12722334,62059720.00
2023/08/07,4.95,4.95,4.84,4.87,7668355,37212312.00
2023/08/08,4.90,4.91,4.85,4.86,6030109,29200344.00
2023/08/09,4.85,4.97,4.81,4.83,9012879,43641324.00
2023/08/10,4.79,4.86,4.79,4.84,6085327,29184492.00
2023/08/11,4.88,4.88,4.71,4.71,7109765,33755768.00
2023/08/14,4.68,4.77,4.65,4.77,6342252,29581856.00
2023/08/15,4.79,4.79,4.67,4.69,4392429,20560096.00
2023/08/16,4.70,4.70,4.60,4.60,4972584,22917164.00
2023/08/17,4.61,4.70,4.52,4.68,5076569,23281504.00
2023/08/18,4.77,4.98,4.74,4.78,24532406,118969360.00
2023/08/21,4.75,4.98,4.75,4.87,16000407,77811544.00
2023/08/22,4.93,5.04,4.87,5.01,19180556,94549472.00
2023/08/23,4.99,5.05,4.95,4.97,14747228,73209584.00
2023/08/24,5.00,5.01,4.86,4.89,12869996,62843084.00
2023/08/25,4.92,4.96,4.72,4.73,13578726,65162308.00
2023/08/28,4.99,5.02,4.82,4.84,13732774,66801744.00
2023/08/29,4.83,5.41,4.83,5.24,39336932,200580176.00
2023/08/30,5.31,5.59,5.27,5.52,53795654,291094432.00
2023/08/31,5.50,5.56,5.24,5.26,33292963,176142880.00
2023/09/01,5.29,5.31,5.01,5.06,28605018,144990928.00
2023/09/04,5.05,5.09,4.95,5.04,17900552,88953064.00
2023/09/05,5.00,5.06,4.95,4.99,13421766,66501800.00
2023/09/06,4.97,5.07,4.87,5.04,14610774,72430832.00
2023/09/07,5.01,5.06,4.91,4.92,13330446,65562896.00
2023/09/08,4.91,5.07,4.88,5.03,12226468,60472464.00
2023/09/11,5.03,5.06,4.96,5.00,12007762,59653304.00
2023/09/12,4.98,5.00,4.91,4.92,9662048,47346740.00
2023/09/13,4.92,4.93,4.79,4.83,11945940,57334656.00
2023/09/14,4.84,4.86,4.76,4.78,7235955,34399840.00
2023/09/15,4.80,4.85,4.76,4.79,7538629,35831508.00
2023/09/18,4.77,4.83,4.74,4.81,6904113,32781816.00
2023/09/19,4.80,4.81,4.67,4.71,11743654,54961704.00
2023/09/20,4.70,4.71,4.64,4.65,5649179,26180840.00
2023/09/21,4.64,4.72,4.62,4.66,6036414,28006648.00
2023/09/22,4.65,4.78,4.64,4.78,6342031,29767292.00
2023/09/25,4.75,4.98,4.75,4.82,14138516,68034192.00
2023/09/26,4.82,4.83,4.77,4.79,5319377,25273208.00
2023/09/27,4.79,4.83,4.75,4.78,5232707,24871636.00
2023/09/28,4.80,4.92,4.78,4.90,8833955,42728852.00
2023/10/09,4.91,4.94,4.83,4.89,8081375,39156336.00
2023/10/10,4.89,4.92,4.86,4.89,6845850,33212788.00
2023/10/11,4.90,4.91,4.82,4.87,7162235,34568488.00
2023/10/12,4.88,4.91,4.81,4.84,6407500,30744632.00
2023/10/13,4.83,4.83,4.75,4.79,6500470,30812052.00
2023/10/16,4.78,4.79,4.72,4.75,5906656,27827036.00
2023/10/17,4.76,4.84,4.75,4.80,5933929,28252836.00
2023/10/18,4.79,4.79,4.69,4.72,5634817,26435488.00
2023/10/19,4.77,4.89,4.67,4.73,9151645,43574448.00
2023/10/20,4.69,4.83,4.67,4.70,8449056,39759524.00
2023/10/23,4.66,4.70,4.51,4.53,8113581,36840900.00
2023/10/24,4.56,4.70,4.51,4.69,7642867,35158680.00
2023/10/25,4.92,5.02,4.86,4.93,20043341,98042712.00
2023/10/26,4.92,4.92,4.81,4.85,10652063,51171068.00
2023/10/27,4.80,4.86,4.73,4.77,12262833,58231476.00
2023/10/30,4.75,4.86,4.74,4.84,6799387,32527240.00
2023/10/31,4.85,4.85,4.75,4.79,5993016,28467396.00
2023/11/01,4.82,4.84,4.75,4.76,5263497,24993760.00
2023/11/02,4.78,4.81,4.70,4.72,5948541,28074098.00
2023/11/03,4.71,4.82,4.71,4.78,6337915,30076126.00
2023/11/06,4.80,4.87,4.80,4.85,6972514,33470048.00
2023/11/07,4.85,4.89,4.81,4.88,4872179,23450650.00
2023/11/08,4.88,5.06,4.86,4.95,15004342,74059872.00
2023/11/09,4.95,5.01,4.89,4.92,8189019,40115528.00
2023/11/10,4.91,4.97,4.85,4.94,6125807,29940284.00
2023/11/13,4.98,5.08,4.96,5.06,8929539,44540764.00
2023/11/14,5.06,5.18,5.03,5.16,12175810,61932228.00
2023/11/15,5.17,5.22,5.09,5.11,12767064,65062468.00
2023/11/16,5.11,5.19,5.07,5.08,7456975,37859472.00
2023/11/17,5.10,5.12,5.05,5.09,6865229,34597532.00
2023/11/20,5.11,5.20,5.09,5.14,9817635,50078740.00
2023/11/21,5.13,5.16,5.08,5.11,8491474,43183448.00
2023/11/22,5.09,5.20,5.09,5.09,9921704,50677688.00
2023/11/23,5.10,5.17,5.05,5.16,9639441,49046272.00
2023/11/24,5.17,5.17,5.03,5.07,9070090,45708216.00
2023/11/27,5.06,5.28,5.04,5.21,18203372,93588976.00
2023/11/28,5.19,5.25,5.12,5.17,11230529,57627420.00
2023/11/29,5.19,5.19,5.06,5.08,8235005,41712204.00
2023/11/30,5.08,5.10,4.97,5.05,7794688,38926924.00
2023/12/01,5.05,5.15,4.99,5.10,7312491,36775192.00
2023/12/04,5.11,5.21,5.09,5.17,9484411,48567680.00
2023/12/05,5.15,5.15,5.04,5.04,8847769,44608276.00
2023/12/06,5.09,5.09,4.99,5.04,6603801,33029130.00
2023/12/07,5.03,5.11,5.01,5.08,8113585,40705840.00
2023/12/08,5.09,5.13,4.94,4.99,9063836,45216456.00
2023/12/11,4.98,5.14,4.94,5.13,13444594,67760296.00
2023/12/12,5.11,5.17,5.08,5.14,7132646,36278836.00
2023/12/13,5.14,5.21,5.10,5.14,8926358,45625476.00
2023/12/14,5.13,5.26,5.11,5.19,12853680,66065432.00
2023/12/15,5.20,5.23,5.09,5.13,10043217,51346512.00
2023/12/18,5.12,5.13,4.95,5.02,9212185,46107624.00
2023/12/19,4.99,5.06,4.96,5.02,7880246,39191060.00
2023/12/20,5.02,5.08,4.92,4.94,6622131,32804560.00
2023/12/21,4.92,5.04,4.86,5.00,10819738,53174440.00
2023/12/22,4.99,5.02,4.82,4.83,10494647,51125612.00
2023/12/25,4.83,4.85,4.68,4.73,8296909,39049472.00
2023/12/26,4.74,4.74,4.60,4.63,5272605,24209850.00
2023/12/27,4.63,4.74,4.62,4.71,6696424,31033252.00
2023/12/28,4.71,4.82,4.66,4.77,5634678,26533008.00
2023/12/29,4.76,4.88,4.75,4.87,5646808,27067648.00
2024/01/02,4.88,4.96,4.85,4.91,7353358,35825720.00
2024/01/03,4.90,4.92,4.84,4.87,6020997,29079704.00
2024/01/04,4.91,4.94,4.85,4.91,5072000,24645456.00
2024/01/05,4.91,4.92,4.78,4.82,6387271,30670316.00
2024/01/08,4.79,4.84,4.71,4.72,4958271,23434064.00
2024/01/09,4.74,4.80,4.70,4.75,5031057,23727168.00
2024/01/10,4.74,4.74,4.63,4.67,5313202,24631534.00
2024/01/11,4.65,4.74,4.64,4.70,5956435,27691904.00
2024/01/12,4.69,4.75,4.64,4.64,5726265,26649900.00
2024/01/15,4.64,4.64,4.57,4.62,4766754,21789820.00
2024/01/16,4.60,4.62,4.50,4.60,7979097,35967468.00
2024/01/17,4.57,4.60,4.48,4.49,5106404,22987722.00
2024/01/18,4.45,4.50,4.31,4.45,8638439,37648716.00
2024/01/19,4.45,4.45,4.33,4.33,5473983,23765796.00
2024/01/22,4.30,4.34,4.04,4.05,10231597,42175964.00
2024/01/23,4.05,4.06,3.97,4.03,9745597,38793120.00
2024/01/24,4.04,4.21,4.00,4.19,13553941,55064644.00
2024/01/25,4.17,4.47,4.17,4.46,13097081,56384636.00
2024/01/26,4.44,4.52,4.39,4.41,8973592,39590780.00
2024/01/29,4.47,4.51,4.29,4.31,8459693,36632060.00
2024/01/30,4.25,4.30,4.12,4.14,7910125,32989192.00
2024/01/31,4.07,4.14,3.90,3.90,12778862,50729604.00
2024/02/01,3.89,3.89,3.67,3.73,12992604,48229660.00
2024/02/02,3.72,3.82,3.37,3.52,12476079,44403500.00
2024/02/05,3.44,3.46,2.90,2.98,19000669,58122684.00
2024/02/06,2.93,3.14,2.71,3.04,21950373,62723244.00
2024/02/07,3.02,3.07,2.83,2.90,16003020,46721696.00
2024/02/08,2.96,3.22,2.82,3.22,16476956,49471204.00
2024/02/19,3.28,3.48,3.27,3.40,13177301,43966144.00
数据来源:通达信
