688433 华曙高科 日线 后复权
      日期	    开盘	    最高	    最低	    收盘	    成交量	    成交额
2023/04/17,40.00,40.28,30.80,30.90,27036528,915579264.00
2023/04/18,29.08,29.60,26.75,27.00,16392706,454924384.00
2023/04/19,27.13,27.62,26.40,26.74,7063618,190816000.00
2023/04/20,26.61,27.27,25.80,26.70,7690592,203939888.00
2023/04/21,26.50,27.46,25.49,25.49,6552543,174113760.00
2023/04/24,25.40,25.71,24.14,24.34,5855933,145232208.00
2023/04/25,24.93,24.93,23.49,24.10,5468397,132447552.00
2023/04/26,24.10,24.65,23.82,24.29,3296792,80099424.00
2023/04/27,24.29,25.26,24.08,24.54,3957815,97659720.00
2023/04/28,25.05,26.84,24.84,26.52,6779532,177196448.00
2023/05/04,26.08,26.50,25.88,26.30,2802687,73288200.00
2023/05/05,26.25,26.82,25.63,25.93,3202222,83979000.00
2023/05/08,25.66,26.47,25.30,26.33,2626034,68209064.00
2023/05/09,26.40,26.40,24.90,24.92,3017723,76767112.00
2023/05/10,24.91,25.16,24.60,24.80,1221608,30314488.00
2023/05/11,24.96,25.00,24.04,24.19,1736117,42538128.00
2023/05/12,24.19,24.50,24.08,24.25,1049204,25436364.00
2023/05/15,24.36,24.36,23.80,24.26,1170297,28188372.00
2023/05/16,24.26,24.93,23.80,24.53,1783175,43656856.00
2023/05/17,24.42,25.98,24.20,25.98,3416281,86115608.00
2023/05/18,25.80,26.52,25.68,26.00,2454735,64070104.00
2023/05/19,26.26,27.16,25.85,26.87,3651036,97199688.00
2023/05/22,26.41,26.73,26.00,26.27,2080513,54510872.00
2023/05/23,26.52,26.52,25.89,25.97,1317272,34336272.00
2023/05/24,25.64,27.74,25.61,27.51,4113190,111011952.00
2023/05/25,27.80,28.39,27.02,27.56,3331606,91920424.00
2023/05/26,27.36,27.39,26.50,26.67,1928679,51746896.00
2023/05/29,26.66,27.20,26.42,26.93,2188656,58757840.00
2023/05/30,26.94,27.18,26.28,26.50,1568416,41810172.00
2023/05/31,26.29,29.45,26.24,28.14,5608451,158049424.00
2023/06/01,27.77,28.36,27.62,27.69,2226030,62130224.00
2023/06/02,27.60,27.77,27.32,27.34,1532901,42066568.00
2023/06/05,27.47,28.25,27.30,27.88,1903610,52845668.00
2023/06/06,27.93,27.93,26.59,26.62,1812537,49173904.00
2023/06/07,26.60,28.53,26.60,27.99,4324971,120127088.00
2023/06/08,28.29,29.29,28.02,28.75,3212342,91965936.00
2023/06/09,28.93,33.30,28.74,31.89,7632697,241108224.00
2023/06/12,31.62,32.49,30.40,30.80,4016671,126124968.00
2023/06/13,31.00,31.54,30.10,31.12,2995231,92725448.00
2023/06/14,31.15,31.32,30.41,30.68,2510732,77453736.00
2023/06/15,30.99,31.59,30.35,30.76,2516891,77908608.00
2023/06/16,30.75,32.96,30.75,32.14,3865649,124169536.00
2023/06/19,32.14,32.23,30.85,30.94,3100254,97632840.00
2023/06/20,31.28,33.85,30.43,32.90,5104589,164960720.00
2023/06/21,33.06,33.79,32.13,33.30,4369012,144422416.00
2023/06/26,31.79,33.00,31.60,31.76,2987767,95991536.00
2023/06/27,32.08,32.08,30.27,30.75,3026676,93351152.00
2023/06/28,30.67,31.58,30.28,31.10,1725692,53581652.00
2023/06/29,30.80,32.80,30.70,32.48,2555305,82181544.00
2023/06/30,31.80,34.22,31.40,34.00,3720787,123473832.00
2023/07/03,33.80,34.20,32.60,33.50,3150415,105187584.00
2023/07/04,33.40,34.44,33.22,34.36,3146906,106550944.00
2023/07/05,34.11,35.87,33.70,34.38,3570234,125018912.00
2023/07/06,34.53,35.68,33.60,35.19,2622766,91150872.00
2023/07/07,34.88,35.20,34.00,34.79,1578705,54722164.00
2023/07/10,34.50,34.51,33.60,33.73,1670070,56537248.00
2023/07/11,33.73,34.37,32.90,33.80,2451789,82502920.00
2023/07/12,34.28,34.96,33.39,34.69,2151948,73394712.00
2023/07/13,34.69,36.92,34.04,36.00,3483318,125371352.00
2023/07/14,35.73,39.58,35.73,38.33,4115353,156030928.00
2023/07/17,42.30,43.10,39.41,42.39,7609224,317902912.00
2023/07/18,42.66,43.98,41.08,42.14,5404415,228301088.00
2023/07/19,42.38,43.10,38.67,38.87,6235023,251343488.00
2023/07/20,38.98,40.39,36.63,36.68,5029958,192464800.00
2023/07/21,36.65,38.13,35.66,36.74,4094542,150361280.00
2023/07/24,35.66,36.96,35.60,36.32,2200014,80003560.00
2023/07/25,35.55,37.24,35.02,35.22,2410886,86464768.00
2023/07/26,35.19,35.50,34.68,35.32,1300521,45662036.00
2023/07/27,35.45,35.79,35.00,35.45,1596441,56420368.00
2023/07/28,35.45,37.28,35.45,36.73,2472361,90824688.00
2023/07/31,37.14,37.28,35.07,36.50,2468567,89816768.00
2023/08/01,37.02,37.02,35.16,35.61,1203312,42803180.00
2023/08/02,35.61,35.88,33.88,34.05,1787327,61751176.00
2023/08/03,34.33,34.99,33.33,33.88,1376098,46903888.00
2023/08/04,34.48,34.48,33.20,33.83,1353810,45483980.00
2023/08/07,33.81,34.00,33.09,33.34,607276,20343448.00
2023/08/08,33.13,33.56,32.96,33.04,473992,15741308.00
2023/08/09,32.86,33.60,32.68,32.88,665786,22017352.00
2023/08/10,32.76,33.06,32.66,32.88,414927,13630643.00
2023/08/11,33.16,33.16,32.00,32.03,564530,18239624.00
2023/08/14,31.81,32.44,31.76,32.19,549603,17654280.00
2023/08/15,32.00,32.49,31.10,31.20,657958,20819326.00
2023/08/16,31.03,31.42,30.37,30.37,591285,18229730.00
2023/08/17,30.36,31.44,30.10,31.00,591250,18215776.00
2023/08/18,30.86,33.18,30.75,32.12,1650488,53555320.00
2023/08/21,32.12,32.18,30.86,31.07,657218,20663468.00
2023/08/22,31.37,31.58,30.34,31.16,612806,18946144.00
2023/08/23,31.34,31.34,30.40,30.41,331092,10163568.00
2023/08/24,31.00,31.09,30.00,30.57,436972,13366886.00
2023/08/25,30.10,30.55,28.40,28.78,1517857,43976120.00
2023/08/28,30.00,31.47,28.70,28.79,1209496,36288932.00
2023/08/29,29.50,32.36,28.62,31.94,1843725,56929424.00
2023/08/30,32.01,33.76,31.74,32.85,1789955,59092012.00
2023/08/31,36.00,37.23,33.00,33.39,4787588,166801360.00
2023/09/01,32.96,33.79,32.20,32.97,2026650,66558884.00
2023/09/04,32.88,33.77,32.32,32.96,1482664,48861780.00
2023/09/05,32.77,34.09,32.68,33.55,1987962,66683428.00
2023/09/06,33.16,34.55,33.16,33.98,1509416,51032600.00
2023/09/07,33.70,33.87,32.43,32.58,1342724,44292112.00
2023/09/08,31.81,34.88,31.81,34.35,2021002,68455000.00
2023/09/11,34.60,34.74,33.09,33.80,2041456,68975600.00
2023/09/12,34.01,34.65,33.52,34.40,2023465,68914880.00
2023/09/13,33.19,33.33,31.00,32.02,3423837,109245384.00
2023/09/14,32.07,32.20,30.80,31.20,1293047,40582688.00
2023/09/15,31.21,31.67,30.60,31.07,1157008,35813532.00
2023/09/18,30.86,31.05,30.43,30.69,975681,29988944.00
2023/09/19,30.69,30.75,30.01,30.14,1219973,36950648.00
2023/09/20,30.36,30.36,29.29,29.33,744429,22069116.00
2023/09/21,29.18,29.45,28.90,29.05,417461,12172158.00
2023/09/22,28.88,30.16,28.80,29.93,951264,28045700.00
2023/09/25,29.74,30.40,29.41,29.90,712096,21216276.00
2023/09/26,29.71,30.29,29.41,30.05,710641,21344228.00
2023/09/27,30.28,30.89,29.66,30.56,694909,21265880.00
2023/09/28,30.93,31.21,30.31,30.46,856996,26310894.00
2023/10/09,30.46,31.20,29.60,30.01,1205553,36709512.00
2023/10/10,30.01,30.01,28.91,29.14,914141,26900856.00
2023/10/11,29.14,29.73,28.96,29.23,739815,21722420.00
2023/10/12,29.29,29.29,28.20,28.54,1069299,30436688.00
2023/10/13,28.48,28.55,27.98,28.22,543716,15322499.00
2023/10/16,28.30,28.40,27.32,27.42,927367,25661696.00
2023/10/17,27.23,27.38,25.53,26.87,2702821,71511104.00
2023/10/18,26.73,27.77,26.73,27.44,1888595,51740960.00
2023/10/19,27.42,28.17,26.60,27.40,1073870,29727688.00
2023/10/20,27.00,29.65,26.98,29.06,2811308,81352544.00
2023/10/23,29.03,29.06,27.56,28.20,1953346,54980192.00
2023/10/24,28.40,28.99,27.55,28.88,1188729,33687396.00
2023/10/25,28.88,30.17,28.50,29.28,1659793,48338428.00
2023/10/26,29.70,31.56,29.12,30.80,3000078,91426904.00
2023/10/27,32.70,33.66,30.02,32.30,5125398,164047648.00
2023/10/30,32.30,34.28,31.51,33.71,4687747,155098480.00
2023/10/31,33.40,33.50,32.08,32.81,2202354,72141288.00
2023/11/01,32.69,35.61,32.59,33.81,5747480,196989136.00
2023/11/02,33.64,35.48,33.00,33.20,3235325,110282072.00
2023/11/03,33.20,34.74,32.50,34.29,2871940,96556544.00
2023/11/06,34.07,35.88,34.07,35.49,4779101,167725376.00
2023/11/07,35.24,35.25,34.00,34.77,2556981,88664072.00
2023/11/08,34.70,34.70,33.66,34.00,2373952,80891704.00
2023/11/09,33.96,34.26,32.99,33.07,2247431,75053672.00
2023/11/10,33.15,33.99,32.77,33.00,1660677,55052812.00
2023/11/13,33.03,34.11,32.65,34.05,2791776,94031592.00
2023/11/14,34.19,34.41,33.43,34.19,2034389,69103760.00
2023/11/15,34.30,34.30,33.40,33.74,1282478,43295200.00
2023/11/16,33.90,35.30,33.35,34.28,3796499,131381872.00
2023/11/17,34.28,36.41,33.84,35.77,2865659,102180024.00
2023/11/20,35.78,36.45,35.02,35.71,1848683,65858812.00
2023/11/21,35.71,35.71,34.00,34.05,2165301,74918992.00
2023/11/22,33.83,34.69,33.18,33.29,2145655,72735440.00
2023/11/23,33.01,33.77,32.80,33.28,1632126,54219240.00
2023/11/24,33.30,33.58,32.77,32.88,1501516,49684560.00
2023/11/27,33.02,33.40,32.57,33.15,845476,27913446.00
2023/11/28,33.31,34.28,32.64,34.00,1768700,59882364.00
2023/11/29,34.30,35.02,33.83,34.13,1292439,44483092.00
2023/11/30,34.00,34.44,33.41,33.89,1120592,37921032.00
2023/12/01,33.90,33.90,31.81,31.99,2743200,89022200.00
2023/12/04,31.89,31.97,31.01,31.38,1083167,34140232.00
2023/12/05,31.33,32.09,30.93,31.10,1085394,34119652.00
2023/12/06,31.00,31.87,30.03,30.20,1469395,45038536.00
2023/12/07,30.07,30.60,29.87,30.26,802137,24362828.00
2023/12/08,30.26,30.69,29.91,30.42,732800,22253740.00
2023/12/11,30.03,32.44,30.03,31.73,1458743,46081688.00
2023/12/12,31.32,32.79,31.32,32.49,1215264,39130180.00
2023/12/13,32.81,33.01,32.00,32.51,1083660,35320720.00
2023/12/14,32.51,32.85,31.06,31.32,1016462,32247364.00
2023/12/15,31.17,31.55,30.80,31.01,824754,25689296.00
2023/12/18,31.62,31.62,29.30,29.40,1509700,45222536.00
2023/12/19,29.23,30.26,29.12,29.93,1002277,29803898.00
2023/12/20,29.97,32.30,29.97,30.50,2436656,76108576.00
2023/12/21,30.48,31.36,29.21,30.12,1396943,41936232.00
2023/12/22,29.91,30.66,29.56,29.77,868772,26147460.00
2023/12/25,29.30,30.44,29.23,30.42,1177069,35527872.00
2023/12/26,30.42,30.42,29.26,29.40,778461,23002276.00
2023/12/27,29.68,30.05,29.43,29.71,745186,22163820.00
2023/12/28,29.47,30.78,29.40,30.58,984590,29761522.00
2023/12/29,30.57,31.35,30.05,31.25,1213302,37613396.00
2024/01/02,31.20,31.25,30.17,30.91,1204920,36887052.00
2024/01/03,30.51,30.70,28.75,28.93,1936638,57066952.00
2024/01/04,29.15,29.80,28.81,29.40,1182868,34802576.00
2024/01/05,29.40,29.91,28.41,28.56,1161297,33681876.00
2024/01/08,28.51,28.56,27.70,27.77,1155740,32339660.00
2024/01/09,27.78,28.47,27.77,28.01,660777,18589082.00
2024/01/10,28.43,29.40,27.77,28.80,1309958,37598544.00
2024/01/11,29.04,30.67,28.30,30.08,1808389,53358816.00
2024/01/12,29.86,30.30,29.40,29.43,910408,27085000.00
2024/01/15,29.14,29.58,28.22,28.36,1028358,29649940.00
2024/01/16,28.00,28.85,27.45,27.87,1064860,29692856.00
2024/01/17,28.25,28.25,27.00,27.10,958424,26452656.00
2024/01/18,27.10,27.30,26.01,26.85,1126810,29880444.00
2024/01/19,26.74,27.00,25.95,26.13,587192,15464359.00
2024/01/22,26.18,26.51,24.40,24.90,1204881,30761372.00
2024/01/23,24.21,25.23,24.21,25.15,1111935,27559054.00
2024/01/24,25.20,25.44,24.00,24.96,1135773,27683658.00
2024/01/25,25.00,25.96,24.43,25.67,1199364,30414676.00
2024/01/26,25.47,25.85,24.53,24.61,737732,18429700.00
2024/01/29,24.86,25.19,24.00,24.10,997102,24381246.00
2024/01/30,23.76,24.38,23.19,23.22,740275,17536476.00
2024/01/31,22.87,23.34,22.00,22.06,1109566,25015964.00
2024/02/01,22.30,23.25,21.94,22.48,1089209,24606608.00
2024/02/02,23.19,23.19,20.34,21.05,1282360,27446382.00
2024/02/05,21.05,21.06,18.18,18.75,1725186,33398028.00
2024/02/06,18.01,21.43,17.88,20.89,2076868,40528784.00
2024/02/07,20.70,22.27,19.33,19.85,2914859,60543052.00
2024/02/08,19.85,21.78,16.53,21.14,4488635,86007024.00
2024/02/19,21.13,21.98,20.88,21.11,1884743,40386888.00
数据来源:通达信
