688513 苑东生物 日线 后复权
      日期	    开盘	    最高	    最低	    收盘	    成交量	    成交额
2020/09/02,78.00,88.00,74.60,74.72,17928815,1428405248.00
2020/09/03,71.10,79.44,70.12,73.30,10138729,765733440.00
2020/09/04,72.00,72.00,65.28,65.37,8494163,577098688.00
2020/09/07,64.51,65.99,59.58,59.73,6034315,376869664.00
2020/09/08,59.70,61.10,55.38,56.50,5131143,297213696.00
2020/09/09,56.00,56.89,52.20,52.20,4115266,223853264.00
2020/09/10,52.50,52.84,49.61,50.18,3063283,156614320.00
2020/09/11,49.74,52.47,49.51,51.27,2775367,142314544.00
2020/09/14,52.10,52.51,51.28,51.73,1893534,98248288.00
2020/09/15,51.11,54.24,51.11,53.10,2750837,145768208.00
2020/09/16,52.99,54.77,52.50,54.31,2261922,121604712.00
2020/09/17,53.93,59.30,53.60,57.15,4760626,271099616.00
2020/09/18,56.16,57.00,55.42,56.19,2154346,120781816.00
2020/09/21,55.92,56.49,54.55,55.00,1633346,89969776.00
2020/09/22,54.58,57.68,54.58,55.47,1936578,108517504.00
2020/09/23,55.30,57.20,55.30,56.70,2126516,120317136.00
2020/09/24,56.50,56.50,54.63,55.07,1520559,83994840.00
2020/09/25,55.40,56.36,54.22,54.48,1174853,64842392.00
2020/09/28,54.39,54.43,51.00,51.20,1702625,88586480.00
2020/09/29,52.00,52.18,50.86,51.62,849472,43853272.00
2020/09/30,52.00,52.16,51.33,51.60,930665,48078824.00
2020/10/09,52.60,53.17,52.19,53.00,1182149,62348420.00
2020/10/12,53.00,55.12,52.90,55.03,1534035,83225744.00
2020/10/13,55.14,55.98,54.49,55.68,1339979,74191352.00
2020/10/14,55.50,58.66,55.06,56.58,2467044,140081472.00
2020/10/15,56.34,56.34,54.58,54.72,1474380,81203176.00
2020/10/16,54.83,55.72,54.28,55.56,1153712,63268944.00
2020/10/19,55.57,57.00,55.05,55.34,1191106,66709368.00
2020/10/20,55.55,56.88,55.00,56.22,1275918,71633024.00
2020/10/21,56.52,57.14,55.42,56.36,1336051,75130256.00
2020/10/22,55.98,56.23,54.30,54.80,1379462,75717056.00
2020/10/23,54.80,55.47,52.50,52.84,1338186,71935664.00
2020/10/26,52.84,53.95,52.51,53.80,732259,39118648.00
2020/10/27,54.14,55.28,54.14,54.47,1082721,59288884.00
2020/10/28,54.61,54.80,53.80,54.50,767954,41772240.00
2020/10/29,54.39,54.39,53.50,53.73,907573,48828784.00
2020/10/30,54.25,54.27,52.11,52.16,1021937,54330788.00
2020/11/02,52.05,52.10,49.80,51.27,1378432,70096936.00
2020/11/03,51.20,52.91,51.03,52.78,806444,42131380.00
2020/11/04,52.81,53.36,52.40,52.95,542050,28629528.00
2020/11/05,53.73,53.99,52.82,53.50,682980,36412480.00
2020/11/06,53.86,54.95,53.40,54.01,1079438,58517432.00
2020/11/09,54.48,55.38,53.76,55.12,1550644,84888128.00
2020/11/10,55.59,56.65,55.11,56.07,1882506,105656552.00
2020/11/11,55.85,56.13,54.45,54.79,1112430,61228360.00
2020/11/12,54.99,55.24,53.85,54.01,701235,38190912.00
2020/11/13,54.01,54.89,53.52,54.89,612179,33147860.00
2020/11/16,55.18,55.68,54.78,55.27,781431,43107220.00
2020/11/17,55.08,55.45,53.42,53.62,819777,44332348.00
2020/11/18,53.70,54.57,53.61,54.48,578952,31411392.00
2020/11/19,54.20,57.81,54.02,56.85,2290157,129962616.00
2020/11/20,57.00,57.47,56.03,57.10,1372970,77942680.00
2020/11/23,56.90,60.80,56.88,58.67,2848813,169260784.00
2020/11/24,58.06,59.30,57.73,58.25,1318188,76897576.00
2020/11/25,58.42,58.58,55.86,56.13,1445289,81659160.00
2020/11/26,56.13,56.49,54.67,55.00,890875,49120348.00
2020/11/27,55.01,55.27,52.88,53.60,1215699,65610096.00
2020/11/30,53.38,54.09,52.71,53.48,617284,33037732.00
2020/12/01,53.49,54.16,53.49,54.05,553155,29842336.00
2020/12/02,54.27,54.43,53.62,54.08,603275,32546396.00
2020/12/03,54.01,54.32,53.52,53.94,532614,28724200.00
2020/12/04,53.67,54.04,53.60,53.96,481656,25904272.00
2020/12/07,53.90,54.63,53.82,53.98,513088,27819060.00
2020/12/08,54.30,54.30,53.07,53.07,568533,30440228.00
2020/12/09,53.07,53.29,51.84,52.25,599794,31397684.00
2020/12/10,52.23,52.99,52.02,52.41,364401,19119548.00
2020/12/11,52.51,52.51,50.61,50.99,761209,39013308.00
2020/12/14,51.00,51.47,50.72,51.12,330024,16866756.00
2020/12/15,51.00,52.23,51.00,52.12,384595,19846780.00
2020/12/16,51.91,52.24,51.00,51.02,405809,20845784.00
2020/12/17,51.17,52.44,51.15,52.37,597099,30930004.00
2020/12/18,52.59,53.44,52.25,52.50,590673,31177188.00
2020/12/21,52.77,52.98,51.50,51.82,550037,28553580.00
2020/12/22,51.80,52.27,49.84,50.35,810478,41644864.00
2020/12/23,50.35,51.30,49.18,49.40,882141,43886400.00
2020/12/24,49.40,49.40,47.02,47.25,987635,47155544.00
2020/12/25,47.02,47.54,46.76,47.40,362700,17123210.00
2020/12/28,47.50,47.50,46.35,46.55,448338,20947344.00
2020/12/29,46.50,47.39,46.35,46.96,299063,14047268.00
2020/12/30,46.71,47.00,46.54,46.95,323012,15126717.00
2020/12/31,46.92,47.70,46.82,47.59,312237,14787530.00
2021/01/04,47.42,48.79,47.42,48.59,482717,23259916.00
2021/01/05,48.69,49.05,48.11,48.50,445787,21663860.00
2021/01/06,48.47,48.69,46.62,46.98,680347,32304532.00
2021/01/07,46.75,47.15,44.44,44.65,1027607,46639424.00
2021/01/08,44.65,45.66,44.01,45.41,525430,23689324.00
2021/01/11,47.21,48.46,47.11,47.42,1065699,50856340.00
2021/01/12,46.62,47.40,46.51,47.28,407520,19119844.00
2021/01/13,47.10,47.58,46.50,46.79,365443,17153180.00
2021/01/14,46.81,48.46,45.92,48.16,616900,29409962.00
2021/01/15,48.27,50.03,48.02,49.17,827100,40782488.00
2021/01/18,49.16,49.45,48.06,48.33,477558,23233740.00
2021/01/19,48.33,49.30,48.18,48.45,384466,18761336.00
2021/01/20,48.52,48.99,48.22,48.61,327654,15895526.00
2021/01/21,48.74,49.78,48.73,48.92,429346,21133794.00
2021/01/22,49.30,49.30,48.25,48.79,488760,23745664.00
2021/01/25,48.88,48.88,47.07,47.25,518900,24747276.00
2021/01/26,47.28,47.39,46.88,46.98,292581,13784712.00
2021/01/27,47.40,47.79,46.80,47.41,262880,12460928.00
2021/01/28,47.00,47.60,46.01,46.45,350090,16344663.00
2021/01/29,46.98,46.98,45.51,45.90,294840,13576483.00
2021/02/01,45.63,46.52,45.63,46.43,253937,11712823.00
2021/02/02,46.77,47.38,46.23,46.78,298330,13982089.00
2021/02/03,46.77,46.89,45.30,45.60,323930,14874902.00
2021/02/04,45.58,46.10,44.21,45.94,431288,19402796.00
2021/02/05,46.00,46.95,45.94,46.33,336338,15638557.00
2021/02/08,46.50,47.19,46.23,46.88,232144,10856406.00
2021/02/09,46.99,47.09,46.68,47.08,228753,10732176.00
2021/02/10,47.30,47.34,46.82,46.90,291822,13721112.00
2021/02/18,47.30,48.05,47.11,47.85,467644,22274704.00
2021/02/19,48.02,48.10,47.62,47.99,361635,17330212.00
2021/02/22,47.99,48.90,47.82,47.98,571112,27612372.00
2021/02/23,47.92,48.15,47.30,47.50,314255,14937128.00
2021/02/24,47.70,47.92,47.00,47.26,315297,14954865.00
2021/02/25,47.55,47.70,46.28,46.28,385332,18018864.00
2021/02/26,45.73,46.76,45.72,46.58,232992,10776966.00
2021/03/01,46.88,47.30,46.52,47.26,338124,15934313.00
2021/03/02,47.00,47.00,45.78,45.90,861977,39823888.00
2021/03/03,45.58,46.19,45.58,46.16,346666,15938355.00
2021/03/04,46.15,46.34,45.43,45.44,422848,19357720.00
2021/03/05,45.45,46.00,45.28,45.87,236044,10782893.00
2021/03/08,45.98,46.40,45.44,45.45,413925,19018196.00
2021/03/09,45.51,45.85,44.64,45.01,375579,16978644.00
2021/03/10,45.40,45.54,44.36,44.80,296013,13250683.00
2021/03/11,44.77,45.21,44.62,44.89,218708,9825459.00
2021/03/12,44.97,45.22,44.22,44.35,390043,17341006.00
2021/03/15,44.43,44.43,43.90,44.14,317556,13999258.00
2021/03/16,44.35,44.70,44.13,44.48,225963,10034413.00
2021/03/17,44.45,44.68,44.26,44.52,301749,13408758.00
2021/03/18,44.69,45.40,44.58,45.25,304316,13693842.00
2021/03/19,45.11,45.75,45.03,45.26,354670,16111655.00
2021/03/22,45.29,45.92,45.23,45.85,282324,12885506.00
2021/03/23,45.87,45.93,45.09,45.25,292541,13266028.00
2021/03/24,45.25,45.90,45.18,45.65,235287,10690869.00
2021/03/25,45.53,45.85,45.00,45.23,216818,9839195.00
2021/03/26,45.23,46.06,45.23,45.98,321272,14722297.00
2021/03/29,46.18,46.54,45.92,46.07,420216,19439480.00
2021/03/30,45.23,45.91,44.05,44.18,789815,35072840.00
2021/03/31,44.29,44.34,44.00,44.28,180225,7968452.00
2021/04/01,44.21,45.10,44.05,44.70,348458,15591058.00
2021/04/02,45.10,45.10,44.42,44.43,292945,13033933.00
2021/04/06,44.26,44.41,43.91,44.24,315030,13888403.00
2021/04/07,44.38,44.40,43.98,44.33,232099,10244689.00
2021/04/08,44.39,44.76,44.17,44.55,384239,17088296.00
2021/04/09,44.55,44.55,44.16,44.40,265733,11763835.00
2021/04/12,44.53,44.53,43.84,43.94,334691,14735404.00
2021/04/13,43.98,43.98,43.37,43.40,268621,11685642.00
2021/04/14,43.39,43.39,42.08,42.62,476313,20272880.00
2021/04/15,42.60,43.39,42.32,43.25,317800,13623577.00
2021/04/16,43.69,45.42,43.33,44.76,758082,33796392.00
2021/04/19,44.47,45.53,44.47,45.47,595266,26878364.00
2021/04/20,45.30,45.89,44.71,44.81,484078,21873096.00
2021/04/21,44.79,45.38,44.73,44.73,412889,18563752.00
2021/04/22,45.09,45.10,44.65,44.82,208222,9334554.00
2021/04/23,44.82,44.82,44.00,44.15,374046,16559424.00
2021/04/26,44.69,45.98,44.69,45.50,841180,38306456.00
2021/04/27,45.33,45.33,44.00,44.89,538862,24191808.00
2021/04/28,44.85,44.95,44.06,44.37,379225,16814292.00
2021/04/29,44.30,44.50,43.30,43.33,480252,21054168.00
2021/04/30,43.34,43.70,42.76,43.40,434255,18765694.00
2021/05/06,43.07,43.60,42.90,43.19,255543,11042033.00
2021/05/07,43.13,43.39,42.26,42.31,511831,21801136.00
2021/05/10,42.32,42.49,42.09,42.40,213892,9030838.00
2021/05/11,42.32,42.85,41.85,42.71,245475,10417983.00
2021/05/12,42.71,43.00,42.23,42.85,232194,9913898.00
2021/05/13,43.50,45.16,43.50,44.92,1101239,49208244.00
2021/05/14,44.70,44.74,44.12,44.43,608373,27048006.00
2021/05/17,44.60,44.75,43.96,43.96,461376,20314802.00
2021/05/18,44.19,46.97,43.48,45.90,950227,42945580.00
2021/05/19,45.56,46.23,45.18,45.19,533240,24084446.00
2021/05/20,45.21,45.75,44.73,45.40,508489,22824632.00
2021/05/21,45.45,46.52,45.10,46.00,730615,33360278.00
2021/05/24,46.20,46.68,45.16,46.57,895364,40908856.00
2021/05/25,46.41,47.00,46.15,46.89,764332,35367488.00
2021/05/26,46.50,49.18,46.46,48.60,1650096,79238464.00
2021/05/27,48.40,48.67,47.70,48.25,670616,32084120.00
2021/05/28,48.20,48.20,47.18,47.80,725586,34413020.00
2021/05/31,47.71,48.75,47.10,48.48,778930,37227184.00
2021/06/01,48.62,48.85,47.67,47.77,699835,33404968.00
2021/06/02,47.77,48.90,47.30,48.86,1064666,50918568.00
2021/06/03,48.45,49.50,48.10,48.13,822298,39680696.00
2021/06/04,48.24,48.83,47.94,48.11,707806,33997952.00
2021/06/07,47.91,48.71,47.70,48.60,1110489,53418640.00
2021/06/08,48.50,48.62,47.14,47.30,533612,25330752.00
2021/06/09,47.19,47.57,46.18,46.22,661460,30784968.00
2021/06/10,46.37,46.38,45.80,46.00,659634,30137188.00
2021/06/11,46.00,46.70,45.83,45.98,530521,24395944.00
2021/06/15,45.95,45.97,44.71,44.94,646249,29046668.00
2021/06/16,44.94,45.27,44.33,44.41,316089,14025243.00
2021/06/17,44.49,44.85,44.36,44.70,239332,10592168.00
2021/06/18,44.88,45.05,44.52,45.01,347293,15453475.00
2021/06/21,45.02,45.69,44.92,45.44,383803,17337730.00
2021/06/22,45.45,47.15,45.17,46.50,1031660,47465168.00
2021/06/23,46.45,46.81,46.16,46.60,346051,15983609.00
2021/06/24,47.22,47.22,45.95,46.20,431578,19894766.00
2021/06/25,46.00,46.40,45.80,46.00,344948,15785433.00
2021/06/28,45.61,46.38,45.61,46.05,471721,21599292.00
2021/06/29,46.07,46.07,44.98,45.00,404274,18249420.00
2021/06/30,45.01,45.63,44.80,45.35,373084,16760654.00
2021/07/01,45.50,46.43,44.91,45.74,549094,25053492.00
2021/07/02,45.59,46.77,45.51,46.60,738188,34032232.00
2021/07/05,46.68,47.40,46.13,46.63,611407,28397476.00
2021/07/06,46.47,46.85,45.08,45.41,757804,34462616.00
2021/07/07,45.05,45.85,45.05,45.66,340231,15403375.00
2021/07/08,45.59,45.59,44.80,44.90,534282,23933218.00
2021/07/09,44.80,45.30,44.68,45.20,293543,13101407.00
2021/07/12,45.20,45.70,45.04,45.68,357516,16164766.00
2021/07/13,45.68,46.15,45.63,45.70,319092,14539673.00
2021/07/14,45.61,46.30,45.53,46.17,467751,21371344.00
2021/07/15,46.04,46.28,44.81,45.20,443835,19965776.00
2021/07/16,45.26,45.52,45.01,45.30,273237,12279416.00
2021/07/19,45.10,45.60,44.68,45.40,364093,16315154.00
2021/07/20,45.28,46.13,45.28,46.02,430540,19647940.00
2021/07/21,46.20,46.40,45.69,45.82,555016,25379356.00
2021/07/22,45.82,48.07,45.58,47.59,1115006,52214088.00
2021/07/23,47.32,47.70,46.60,46.82,671134,31374920.00
2021/07/26,46.82,47.69,46.33,46.75,699969,32684536.00
2021/07/27,46.60,47.38,46.41,46.49,532447,24794822.00
2021/07/28,46.50,46.51,43.90,44.61,664510,29594724.00
2021/07/29,44.95,45.53,44.95,45.42,335488,15088706.00
2021/07/30,46.09,49.15,45.75,48.18,1555217,73877896.00
2021/08/02,48.75,48.84,47.65,48.29,780521,37338012.00
2021/08/03,48.00,50.75,47.99,49.60,1453829,71761440.00
2021/08/04,49.76,50.67,49.22,50.07,944317,46756312.00
2021/08/05,50.07,50.54,49.17,49.17,925934,45706600.00
2021/08/06,49.14,49.31,47.66,48.02,927456,44326828.00
2021/08/09,48.13,48.41,47.84,48.30,409750,19607898.00
2021/08/10,48.26,48.49,47.53,48.39,663793,31695044.00
2021/08/11,48.50,48.59,47.27,47.55,604839,28628076.00
2021/08/12,47.48,48.08,47.42,47.87,361762,17173144.00
2021/08/13,48.00,48.40,47.43,48.29,437270,20872040.00
2021/08/16,48.30,48.66,47.81,48.63,562615,27031550.00
2021/08/17,48.43,48.63,47.07,47.13,712664,33751920.00
2021/08/18,47.16,47.86,46.66,46.96,637480,29867172.00
2021/08/19,47.53,49.61,47.39,48.70,1306160,63550644.00
2021/08/20,48.60,48.94,47.21,47.48,882147,41979024.00
2021/08/23,47.65,48.16,46.94,48.15,587648,27852970.00
2021/08/24,48.15,49.29,48.00,49.17,828028,40225928.00
2021/08/25,48.79,50.92,48.79,49.95,1304090,65017588.00
2021/08/26,49.90,49.90,48.40,48.68,766941,37357252.00
2021/08/27,48.33,48.65,47.31,47.44,637030,30239784.00
2021/08/30,47.42,47.67,47.06,47.15,445870,20970064.00
2021/08/31,47.15,48.08,46.90,47.76,432551,20411524.00
2021/09/01,47.76,47.77,46.80,47.49,466742,21899572.00
2021/09/02,47.38,47.44,46.43,46.46,715775,33275036.00
2021/09/03,46.37,46.90,46.18,46.30,799396,36982064.00
2021/09/06,46.74,46.87,46.10,46.82,1097677,50727300.00
2021/09/07,46.90,47.23,46.62,46.80,659693,30690588.00
2021/09/08,46.79,46.95,46.46,46.58,536796,24903716.00
2021/09/09,46.57,46.57,45.61,45.80,739766,33867048.00
2021/09/10,45.80,46.06,45.70,45.97,377326,17197680.00
2021/09/13,45.85,46.05,44.99,45.10,798314,35992776.00
2021/09/14,45.28,45.30,44.61,44.85,533937,23848986.00
2021/09/15,44.89,45.09,44.60,45.00,343533,15305513.00
2021/09/16,44.91,45.45,44.70,44.96,474394,21265444.00
2021/09/17,44.96,45.93,44.95,45.86,569862,25808724.00
2021/09/22,45.81,46.30,45.57,46.23,475124,21698748.00
2021/09/23,46.23,46.38,45.71,45.71,460949,21055094.00
2021/09/24,45.84,45.99,45.12,45.26,474050,21429434.00
2021/09/27,45.03,45.88,45.00,45.22,365056,16452118.00
2021/09/28,45.11,45.30,44.86,45.10,207668,9295704.00
2021/09/29,45.08,45.08,43.90,44.15,508829,22406796.00
2021/09/30,44.29,44.55,44.10,44.38,234821,10339263.00
2021/10/08,44.61,45.89,44.61,45.56,426826,19277820.00
2021/10/11,45.31,45.85,45.15,45.30,298065,13446126.00
2021/10/12,45.12,45.19,44.18,44.25,344550,15237821.00
2021/10/13,44.42,45.75,44.20,45.39,442180,19706812.00
2021/10/14,45.47,45.80,45.15,45.38,312338,14132568.00
2021/10/15,45.60,45.60,44.92,45.50,263869,11845202.00
2021/10/18,45.59,45.60,44.97,45.30,239325,10762627.00
2021/10/19,45.11,45.60,45.11,45.30,262646,11809990.00
2021/10/20,45.39,45.90,45.14,45.88,413598,18758240.00
2021/10/21,45.88,46.46,45.56,46.38,557098,25457684.00
2021/10/22,46.75,46.75,45.51,45.71,692713,31558578.00
2021/10/25,45.60,46.31,45.35,45.41,331585,15011405.00
2021/10/26,45.35,45.58,44.96,45.24,330927,14869113.00
2021/10/27,45.33,45.33,44.28,44.56,423141,18773542.00
2021/10/28,44.30,44.72,43.96,44.21,305133,13397563.00
2021/10/29,44.40,44.73,44.19,44.69,232804,10302995.00
2021/11/01,44.48,45.65,44.26,45.44,386311,17281096.00
2021/11/02,45.40,45.48,44.33,44.58,310762,13840494.00
2021/11/03,44.80,45.88,44.61,45.58,371818,16807960.00
2021/11/04,45.73,45.80,45.30,45.60,347927,15732536.00
2021/11/05,45.41,45.80,45.20,45.28,342111,15452642.00
2021/11/08,45.28,45.67,44.94,45.51,385821,17392500.00
2021/11/09,45.31,45.82,45.10,45.59,484912,21969164.00
2021/11/10,46.31,47.10,45.61,46.25,1097528,50496712.00
2021/11/11,46.28,46.50,45.79,46.09,838619,38371552.00
2021/11/12,46.07,46.20,45.82,46.00,630316,28798818.00
2021/11/15,46.08,47.58,46.02,46.30,1946077,90194880.00
2021/11/16,46.42,46.72,45.97,46.20,1054982,48563716.00
2021/11/17,46.11,46.48,45.63,45.91,1313679,59985692.00
2021/11/18,45.88,46.05,45.13,45.17,947777,42801724.00
2021/11/19,45.08,45.27,44.78,45.18,605001,27040306.00
2021/11/22,45.17,45.48,44.79,45.34,727325,32557800.00
2021/11/23,45.28,45.57,45.07,45.37,585209,26325456.00
2021/11/24,45.29,45.65,45.02,45.44,711115,32075268.00
2021/11/25,45.48,47.53,45.44,47.40,2277984,105648000.00
2021/11/26,47.19,48.28,47.11,47.49,1953081,92483768.00
2021/11/29,47.67,48.15,47.07,48.00,1369589,64791460.00
2021/11/30,47.99,48.26,47.41,47.86,945140,44823748.00
2021/12/01,47.78,48.00,47.20,47.49,896915,42348688.00
2021/12/02,47.21,47.66,46.92,47.03,770507,36154508.00
2021/12/03,47.04,47.66,46.92,47.19,928462,43579960.00
2021/12/06,47.31,47.31,45.85,45.88,1146590,52733156.00
2021/12/07,45.90,46.20,45.15,45.26,1045605,47170292.00
2021/12/08,45.34,45.79,45.13,45.69,648807,29313088.00
2021/12/09,45.69,45.90,45.40,45.78,637476,28937424.00
2021/12/10,45.96,45.96,45.69,45.87,513749,23379368.00
2021/12/13,45.98,46.11,45.75,45.77,582645,26557950.00
2021/12/14,45.75,46.20,45.71,45.90,541094,24693956.00
2021/12/15,45.81,46.01,45.40,45.58,524741,23857820.00
2021/12/16,45.58,45.69,45.36,45.51,536634,24264790.00
2021/12/17,45.58,45.94,45.29,45.43,567804,25657702.00
2021/12/20,45.50,45.87,45.31,45.37,521975,23605612.00
2021/12/21,45.36,45.61,45.35,45.50,415373,18764512.00
2021/12/22,45.65,46.09,45.56,45.80,506008,23005172.00
2021/12/23,45.69,45.88,45.46,45.50,395130,17875288.00
2021/12/24,45.50,45.50,44.92,45.12,670505,30041484.00
2021/12/27,45.12,45.95,45.07,45.67,521957,23585408.00
2021/12/28,45.60,45.88,45.30,45.52,526767,23823232.00
2021/12/29,45.59,46.74,45.43,46.18,1384448,63604880.00
2021/12/30,46.19,46.50,45.93,46.48,785814,36151184.00
2021/12/31,46.58,47.17,46.55,46.70,852942,39711368.00
2022/01/04,46.68,47.50,46.61,46.95,1476913,69196624.00
2022/01/05,46.67,47.06,46.10,46.19,1058934,48844016.00
2022/01/06,46.25,47.25,46.18,47.20,1118984,51899496.00
2022/01/07,47.80,50.05,47.56,47.62,2145694,103190280.00
2022/01/10,48.03,49.56,48.03,49.13,1901396,92470640.00
2022/01/11,49.65,56.74,49.60,55.19,6074717,325162528.00
2022/01/12,55.00,56.53,53.30,55.86,3642813,200851664.00
2022/01/13,55.86,58.31,55.30,56.27,3520783,198803536.00
2022/01/14,56.30,57.17,54.80,55.76,2624473,145328112.00
2022/01/17,55.80,56.55,53.52,55.46,1992506,109619064.00
2022/01/18,55.37,56.15,53.97,54.27,1800050,97634160.00
2022/01/19,54.07,55.64,53.49,55.32,1952855,106655344.00
2022/01/20,55.19,55.80,54.31,54.53,1101422,60101296.00
2022/01/21,54.57,55.27,52.47,53.48,1726823,92016328.00
2022/01/24,53.44,54.18,51.80,51.90,1297980,67717112.00
2022/01/25,51.80,52.77,50.30,50.42,1025812,52435792.00
2022/01/26,50.40,51.07,48.88,49.30,1004990,49636112.00
2022/01/27,49.62,49.70,47.51,47.55,1026766,49082768.00
2022/01/28,48.11,48.63,47.31,47.62,798666,38052232.00
2022/02/07,48.15,48.29,47.40,47.93,725519,34517712.00
2022/02/08,48.14,48.44,47.33,47.79,653858,30982316.00
2022/02/09,47.79,48.13,47.10,48.13,754967,35777780.00
2022/02/10,48.28,48.70,47.53,47.56,848314,40409924.00
2022/02/11,47.31,47.61,45.45,45.52,1252760,57579708.00
2022/02/14,45.51,46.26,45.30,45.62,762428,34737076.00
2022/02/15,46.07,48.70,46.07,48.39,1424896,68011304.00
2022/02/16,48.38,48.58,47.70,48.28,520732,24922048.00
2022/02/17,48.29,48.90,47.31,47.88,735181,35107544.00
2022/02/18,49.30,52.12,48.40,51.37,1716561,86657632.00
2022/02/21,51.10,52.39,50.30,52.30,1045719,53595232.00
2022/02/22,52.08,52.30,50.95,51.27,621324,31720918.00
2022/02/23,51.23,52.30,50.84,51.96,518131,26633688.00
2022/02/24,51.68,52.74,50.28,51.25,1060957,54389432.00
2022/02/25,51.61,53.04,51.61,52.85,947298,49455840.00
2022/02/28,52.75,52.92,50.81,52.43,1446969,74575976.00
2022/03/01,52.60,52.86,51.62,52.01,628699,32607222.00
2022/03/02,52.16,52.30,51.60,51.62,353717,18235036.00
2022/03/03,51.68,52.22,50.42,52.00,804247,41088012.00
2022/03/04,52.24,55.79,52.20,55.36,2089163,114014288.00
2022/03/07,55.96,56.35,54.50,54.65,1124164,61892280.00
2022/03/08,55.10,55.59,53.98,54.10,1540587,83835520.00
2022/03/09,53.80,54.90,51.00,52.42,2371487,122836760.00
2022/03/10,53.67,55.30,52.59,52.70,1032498,55097884.00
2022/03/11,52.19,55.15,52.02,54.95,1254093,66845340.00
2022/03/14,54.65,55.09,53.47,53.88,825451,44456304.00
2022/03/15,53.69,53.76,50.45,50.50,1057853,54992580.00
2022/03/16,51.17,51.74,48.30,51.50,1459732,72649648.00
2022/03/17,51.50,54.95,51.48,54.08,1411444,75419048.00
2022/03/18,53.40,54.80,53.40,53.66,629862,33855084.00
2022/03/21,53.50,56.11,53.50,55.42,976753,53558424.00
2022/03/22,55.51,56.78,54.58,55.30,1161520,64656120.00
2022/03/23,55.04,55.45,54.10,55.00,641019,34936384.00
2022/03/24,54.63,56.13,54.10,55.20,898009,49404220.00
2022/03/25,55.30,57.05,54.57,55.06,1235215,68814216.00
2022/03/28,55.18,55.49,54.12,55.09,598918,32696802.00
2022/03/29,55.08,55.08,52.55,52.55,1011592,53599720.00
2022/03/30,52.47,54.27,50.70,53.92,1320498,69167152.00
2022/03/31,53.30,54.95,53.30,53.53,467042,25109928.00
2022/04/01,53.33,53.77,51.67,53.35,675946,35344412.00
2022/04/06,52.30,54.24,52.30,52.94,644426,34328260.00
2022/04/07,52.96,53.25,50.94,52.16,613989,31842000.00
2022/04/08,52.00,52.52,51.01,51.31,553086,28241840.00
2022/04/11,50.32,50.99,49.81,50.37,459588,22996336.00
2022/04/12,49.90,50.75,48.65,50.70,429466,21233500.00
2022/04/13,50.70,50.70,48.97,49.06,361357,17772116.00
2022/04/14,49.99,49.99,48.50,49.00,245754,11929935.00
2022/04/15,48.52,49.18,47.51,48.82,410630,19632128.00
2022/04/18,48.82,49.50,46.60,49.44,698932,33191956.00
2022/04/19,48.98,49.10,47.84,48.33,213763,10319140.00
2022/04/20,48.36,48.70,47.59,47.75,202895,9700542.00
2022/04/21,47.75,48.30,46.20,46.45,295115,13803430.00
2022/04/22,46.55,47.00,45.85,46.27,327604,15020056.00
2022/04/25,46.30,47.58,44.66,44.70,616226,28309176.00
2022/04/26,45.30,46.18,44.36,45.44,510494,23089908.00
2022/04/27,45.34,47.01,44.48,46.30,317875,14424616.00
2022/04/28,45.55,46.40,44.19,46.20,776987,35181596.00
2022/04/29,46.68,46.96,45.77,46.08,809466,36624232.00
2022/05/05,45.65,49.05,45.38,48.46,762741,35253216.00
2022/05/06,48.46,50.53,48.01,50.11,822282,39841932.00
2022/05/09,49.96,50.68,49.71,50.51,415241,20422712.00
2022/05/10,50.68,51.64,49.55,50.88,383516,19117856.00
2022/05/11,50.88,51.85,50.26,50.54,507522,25349838.00
2022/05/12,50.68,51.22,49.97,50.78,382947,18991988.00
2022/05/13,51.35,51.87,50.85,51.28,276386,13916437.00
2022/05/16,51.72,52.10,51.12,51.64,386417,19573442.00
2022/05/17,51.64,52.27,50.73,51.79,504015,25506572.00
2022/05/18,51.79,53.00,51.50,52.28,493347,25274488.00
2022/05/19,51.81,52.88,51.81,52.68,379798,19507632.00
2022/05/20,52.37,53.33,52.14,52.73,306866,15843050.00
2022/05/23,52.74,53.31,52.38,53.08,494690,25663432.00
2022/05/24,52.89,53.78,51.21,51.21,448838,23115218.00
2022/05/25,51.09,51.98,50.93,51.94,408925,20570180.00
2022/05/26,52.19,52.42,50.73,51.88,455870,22989270.00
2022/05/27,51.88,52.38,51.11,51.12,324519,16405149.00
2022/05/30,51.35,52.33,50.92,52.09,213888,10893569.00
2022/05/31,52.27,53.05,51.51,52.78,199998,10267271.00
2022/06/01,52.61,53.70,52.61,53.38,276257,14446307.00
2022/06/02,53.50,53.96,52.72,53.58,317038,16532964.00
2022/06/06,53.86,54.36,53.29,53.59,579373,30483320.00
2022/06/07,53.31,54.21,52.14,52.98,659566,34229884.00
2022/06/08,52.98,53.30,50.61,51.59,429428,21748440.00
2022/06/09,51.08,51.75,49.48,50.08,782062,38290228.00
2022/06/10,50.06,50.59,49.08,50.30,509931,24901568.00
2022/06/13,49.88,51.24,49.76,51.14,348329,17176560.00
2022/06/14,50.70,51.41,49.86,50.75,263854,13083923.00
2022/06/15,50.67,51.28,50.24,50.25,286897,14237809.00
2022/06/16,50.26,51.24,50.26,50.60,219826,10920344.00
2022/06/17,50.34,50.58,49.05,50.38,384014,18744120.00
2022/06/20,50.01,50.81,49.42,49.65,435647,21278144.00
2022/06/21,49.88,49.88,49.17,49.48,196756,9518670.00
2022/06/22,49.88,49.91,49.14,49.19,173812,8392839.00
2022/06/23,49.19,49.39,48.70,49.33,155694,7476430.00
2022/06/24,49.36,51.06,49.26,50.43,355238,17511924.00
2022/06/27,50.52,52.75,50.52,51.57,639818,32554648.00
2022/06/28,51.68,51.68,50.39,50.89,420868,20887078.00
2022/06/29,50.89,51.88,50.68,50.78,379613,19018690.00
2022/06/30,50.46,52.25,50.39,50.60,472440,23563092.00
2022/07/01,50.80,52.40,50.80,52.13,443529,22484876.00
2022/07/04,51.68,56.63,51.68,56.58,2350099,127317360.00
2022/07/05,56.65,56.79,54.71,55.40,835496,45397544.00
2022/07/06,56.05,56.53,55.08,55.38,551809,30066510.00
2022/07/07,55.33,56.05,54.54,54.82,542491,29289578.00
2022/07/08,54.41,55.30,54.13,54.46,399828,21413706.00
2022/07/11,54.49,55.62,54.18,54.99,361283,19440888.00
2022/07/12,54.99,55.37,54.08,54.28,408780,21876980.00
2022/07/13,53.96,57.58,53.88,55.01,1125359,62001568.00
2022/07/14,54.88,56.97,54.58,55.11,887673,48536544.00
2022/07/15,55.03,56.17,54.95,55.08,768095,41823776.00
2022/07/18,55.31,59.09,55.21,58.58,1559354,88485800.00
2022/07/19,59.05,59.83,58.09,59.27,959217,55655096.00
2022/07/20,59.54,59.94,58.24,59.58,641289,37310404.00
2022/07/21,59.71,61.50,58.98,59.98,1042520,61935516.00
2022/07/22,60.18,62.98,59.99,62.38,1398531,84881288.00
2022/07/25,62.48,63.28,60.08,60.43,1056262,63608716.00
2022/07/26,60.84,61.24,58.87,61.22,1148079,67726896.00
2022/07/27,61.22,62.13,60.36,60.58,833614,50086716.00
2022/07/28,60.78,60.97,59.41,59.98,1079201,63727496.00
2022/07/29,60.45,62.01,59.44,60.57,1199561,71469088.00
2022/08/01,60.58,60.58,58.08,59.76,1253483,72746464.00
2022/08/02,59.48,59.48,57.29,58.58,798665,45554168.00
2022/08/03,58.23,59.27,58.08,58.08,725182,41730576.00
2022/08/04,58.60,58.87,56.99,57.56,653163,37016800.00
2022/08/05,58.07,59.81,58.07,58.93,677188,39261320.00
2022/08/08,59.10,60.24,58.09,59.08,615736,35848876.00
2022/08/09,59.03,59.56,57.92,58.89,586930,33675692.00
2022/08/10,58.52,58.78,58.09,58.26,310539,17790328.00
2022/08/11,58.34,60.88,58.10,60.88,597555,35201528.00
2022/08/12,60.68,61.19,59.76,60.56,523348,31090326.00
2022/08/15,60.58,60.92,59.60,60.48,346690,20485100.00
2022/08/16,60.48,60.48,59.73,59.98,328690,19336544.00
2022/08/17,59.71,61.25,59.51,61.25,582369,34566672.00
2022/08/18,61.14,61.38,59.41,61.18,825778,49024200.00
2022/08/19,60.89,61.41,58.74,58.78,509786,29901236.00
2022/08/22,58.21,60.08,57.77,59.78,614317,35587616.00
2022/08/23,59.80,60.06,58.08,58.28,478237,27699984.00
2022/08/24,58.32,58.53,56.13,56.20,496626,27799998.00
2022/08/25,55.99,57.45,55.39,56.73,384532,21306040.00
2022/08/26,56.54,58.05,56.54,56.93,227363,12804564.00
2022/08/29,56.56,58.44,55.59,58.28,266688,15143379.00
2022/08/30,57.99,58.67,57.54,58.28,140823,8030900.00
2022/08/31,57.93,59.44,56.63,57.60,432227,24719510.00
2022/09/01,58.28,59.06,56.63,57.53,319127,18109772.00
2022/09/02,57.52,59.53,57.12,59.15,353650,20252336.00
2022/09/05,59.13,59.81,58.23,59.46,290293,16857418.00
2022/09/06,59.67,59.68,58.58,58.83,201215,11639870.00
2022/09/07,58.77,59.03,58.33,58.91,133424,7676515.00
2022/09/08,58.79,59.26,57.91,58.33,390302,22422004.00
2022/09/09,58.69,58.69,57.18,57.94,228372,12906950.00
2022/09/13,57.94,59.21,56.20,56.20,305807,17206880.00
2022/09/14,55.64,56.17,55.15,55.88,353109,19212630.00
2022/09/15,55.69,56.58,55.36,55.36,252493,13808414.00
2022/09/16,55.93,56.37,54.73,54.73,301078,16439374.00
2022/09/19,54.61,55.26,53.66,54.48,256418,13609522.00
2022/09/20,55.03,55.20,54.40,54.74,207334,11134806.00
2022/09/21,54.57,54.96,53.58,54.15,118493,6273380.00
2022/09/22,54.09,54.81,53.39,53.55,179697,9490293.00
2022/09/23,53.03,53.88,52.59,53.49,241518,12570107.00
2022/09/26,53.08,53.78,52.21,52.59,161899,8390328.00
2022/09/27,52.88,53.43,52.41,53.35,178189,9258385.00
2022/09/28,53.38,53.94,51.69,51.69,283279,14535131.00
2022/09/29,52.18,54.18,51.88,52.93,248853,12954705.00
2022/09/30,52.46,54.20,52.46,53.18,185360,9687869.00
2022/10/10,53.58,54.48,51.85,52.01,239694,12533736.00
2022/10/11,51.94,51.94,49.85,51.10,289555,14374032.00
2022/10/12,50.91,52.58,50.40,52.30,214798,10751431.00
2022/10/13,52.78,54.93,51.98,54.38,223144,11824550.00
2022/10/14,54.38,57.05,54.03,56.60,554318,30548004.00
2022/10/17,56.33,60.57,56.33,60.05,1497964,86935176.00
2022/10/18,59.83,63.06,59.31,61.87,1775686,107785632.00
2022/10/19,61.39,62.18,60.55,61.13,793722,47911024.00
2022/10/20,60.89,61.68,60.14,60.38,687232,41236352.00
2022/10/21,60.08,66.88,60.08,66.43,3185959,201784752.00
2022/10/24,66.60,66.96,63.08,63.35,1737427,110708152.00
2022/10/25,63.28,63.35,58.48,60.87,1597692,94588232.00
2022/10/26,60.87,65.02,60.14,64.80,1458100,91359608.00
2022/10/27,65.20,65.29,61.88,62.19,1184718,73270264.00
2022/10/28,62.57,62.57,60.78,61.22,576630,35011436.00
2022/10/31,61.11,63.97,60.59,62.70,504406,31062240.00
2022/11/01,62.30,65.15,61.09,63.08,937623,57509848.00
2022/11/02,63.13,64.92,62.12,63.16,690580,43460736.00
2022/11/03,62.88,64.99,62.58,64.44,611095,38454588.00
2022/11/04,64.94,64.94,63.33,64.08,705047,44333136.00
2022/11/07,63.93,64.48,62.71,63.14,527745,32845316.00
2022/11/08,63.57,63.57,61.74,62.80,311215,19086460.00
2022/11/09,62.80,65.91,62.60,63.93,729606,46194040.00
2022/11/10,63.93,64.98,62.71,62.83,436319,27351234.00
2022/11/11,63.03,65.84,60.55,61.10,1455599,90336656.00
2022/11/14,61.06,64.61,60.65,62.68,1280698,79274648.00
2022/11/15,63.38,64.01,62.28,63.60,734709,45823248.00
2022/11/16,63.99,63.99,62.00,62.27,456883,28117108.00
2022/11/17,62.55,63.37,61.58,63.12,409878,25144500.00
2022/11/18,63.66,65.05,63.25,63.87,423286,26626968.00
2022/11/21,63.87,64.46,62.55,63.88,414810,25878684.00
2022/11/22,63.88,64.95,61.16,61.24,558710,34528160.00
2022/11/23,61.36,61.54,59.61,60.46,345269,20493752.00
2022/11/24,60.82,61.20,60.14,60.77,244433,14531166.00
2022/11/25,60.97,60.97,59.34,60.11,262839,15461158.00
2022/11/28,59.10,60.22,57.71,57.77,765261,43999008.00
2022/11/29,58.29,59.21,57.48,58.46,561319,32142816.00
2022/11/30,58.47,58.79,57.36,57.83,368743,20954000.00
2022/12/01,58.50,60.05,57.60,59.65,541667,31346584.00
2022/12/02,59.64,60.23,58.20,58.64,419198,24277008.00
2022/12/05,59.09,60.16,58.19,59.40,574514,33312688.00
2022/12/06,59.08,60.17,57.41,57.90,542831,31004776.00
2022/12/07,57.78,58.63,56.56,58.51,596042,33779468.00
2022/12/08,58.14,59.20,57.30,58.46,496392,28352760.00
2022/12/09,58.33,59.09,56.81,57.03,588593,33429216.00
2022/12/12,57.18,59.26,56.52,59.16,393748,22584620.00
2022/12/13,59.72,61.69,58.67,59.36,993668,58607296.00
2022/12/14,60.92,60.92,57.10,57.35,856698,48869684.00
2022/12/15,57.32,57.70,56.35,56.80,509997,28414532.00
2022/12/16,56.59,61.42,56.18,61.01,1312068,77402880.00
2022/12/19,60.41,60.41,54.88,55.42,1178959,66137804.00
2022/12/20,55.35,57.03,54.41,55.65,563997,30738556.00
2022/12/21,55.64,56.54,53.58,53.66,665383,35805056.00
2022/12/22,54.19,54.46,53.28,53.70,863914,45528568.00
2022/12/23,53.20,56.73,53.20,56.08,782650,42211096.00
2022/12/26,55.53,58.64,54.96,57.14,789439,44067676.00
2022/12/27,57.34,58.28,55.49,57.93,471165,26415938.00
2022/12/28,57.82,59.03,57.36,58.52,446582,25637824.00
2022/12/29,58.17,61.06,58.06,59.56,623113,36703972.00
2022/12/30,60.06,62.45,58.84,61.92,1025792,61823824.00
2023/01/03,61.49,63.06,61.49,61.86,496248,30349900.00
2023/01/04,61.91,63.78,61.59,62.44,605092,37369228.00
2023/01/05,62.19,63.01,61.68,61.85,508171,31080810.00
2023/01/06,62.08,62.08,60.61,61.70,749089,45211480.00
2023/01/09,62.00,63.08,61.74,62.14,438568,26894718.00
2023/01/10,62.65,64.24,61.38,63.81,766076,47548624.00
2023/01/11,64.38,64.38,61.71,62.68,671141,41396052.00
2023/01/12,62.58,63.47,61.34,61.52,704056,43125704.00
2023/01/13,61.58,62.73,61.08,61.56,689137,41780276.00
2023/01/16,61.58,63.87,61.58,61.82,865095,53311404.00
2023/01/17,62.02,62.02,59.76,60.22,680302,40332424.00
2023/01/18,59.93,61.38,59.63,59.95,406447,24057328.00
2023/01/19,60.53,62.94,59.75,62.49,726450,44242424.00
2023/01/20,62.62,62.63,61.68,61.94,271521,16581710.00
2023/01/30,62.08,62.74,60.89,61.14,330861,19997392.00
2023/01/31,60.71,61.50,60.14,60.20,304577,18171494.00
2023/02/01,60.18,60.67,60.13,60.59,221329,13125330.00
2023/02/02,60.43,61.23,59.46,59.69,530626,31367016.00
2023/02/03,59.82,59.82,58.26,59.32,416938,24103508.00
2023/02/06,58.91,59.30,57.83,58.47,339937,19498212.00
2023/02/07,58.75,58.96,57.54,58.18,488463,27817464.00
2023/02/08,58.07,58.76,57.63,57.87,349156,19901468.00
2023/02/09,57.82,60.41,57.66,60.08,757862,44176520.00
2023/02/10,60.06,60.75,58.74,59.53,328868,19206618.00
2023/02/13,59.28,60.28,59.28,60.27,258793,15249964.00
2023/02/14,60.29,60.82,60.10,60.72,272971,16220469.00
2023/02/15,60.72,60.96,59.94,60.56,327425,19426300.00
2023/02/16,60.56,60.65,58.96,58.97,265761,15577042.00
2023/02/17,58.98,59.14,58.09,58.39,203433,11687593.00
2023/02/20,58.88,58.88,57.36,58.08,670519,38069172.00
2023/02/21,58.30,58.30,57.36,57.66,444438,25150532.00
2023/02/22,57.38,58.26,57.38,57.54,181715,10310503.00
2023/02/23,57.41,58.03,57.38,57.61,208330,11778658.00
2023/02/24,57.69,58.28,57.21,58.16,239823,13610609.00
2023/02/27,58.07,58.07,56.78,57.32,393780,22113036.00
2023/02/28,56.79,59.38,56.33,59.18,666829,38016200.00
2023/03/01,59.59,60.44,59.20,59.91,538418,31674904.00
2023/03/02,60.28,60.28,58.07,58.13,404645,23453292.00
2023/03/03,57.27,58.63,56.70,56.88,446339,25097704.00
2023/03/06,56.96,59.88,56.83,57.29,581396,33213822.00
2023/03/07,57.28,57.84,56.49,56.57,366537,20515274.00
2023/03/08,57.07,57.26,56.42,56.84,160895,8951967.00
2023/03/09,56.91,57.56,56.84,57.11,195674,10960093.00
2023/03/10,56.79,57.31,55.88,56.48,555232,30699364.00
2023/03/13,56.10,56.67,54.88,55.08,543009,29610618.00
2023/03/14,55.44,55.78,54.36,54.77,817794,44036356.00
2023/03/15,55.35,56.58,55.25,55.88,481600,26427658.00
2023/03/16,55.99,56.76,55.13,55.88,436281,23895280.00
2023/03/17,56.15,56.15,54.90,55.57,501629,27244852.00
2023/03/20,55.34,55.86,53.86,54.87,774584,41527640.00
2023/03/21,54.64,55.48,54.48,54.86,350908,18842952.00
2023/03/22,55.12,55.38,54.33,55.27,488647,26326912.00
2023/03/23,55.26,55.36,54.85,55.25,221539,11968920.00
2023/03/24,55.36,55.91,55.08,55.38,228709,12425032.00
2023/03/27,55.66,55.77,54.63,55.08,445047,24045872.00
2023/03/28,55.04,55.22,54.54,54.64,232909,12519332.00
2023/03/29,55.04,55.04,54.10,54.26,272389,14491413.00
2023/03/30,54.78,54.78,53.43,53.97,451290,23816278.00
2023/03/31,54.05,54.57,53.66,54.26,223732,11897173.00
2023/04/03,54.42,54.42,53.73,54.35,335886,17789256.00
2023/04/04,54.44,55.77,54.12,54.87,517448,27818924.00
2023/04/06,55.24,60.88,54.93,60.57,2089428,120312248.00
2023/04/07,60.57,61.02,59.26,60.31,915551,54002088.00
2023/04/10,60.11,60.89,59.58,60.17,469865,27718720.00
2023/04/11,60.05,60.55,59.56,60.18,564651,33314104.00
2023/04/12,60.18,61.03,58.98,60.61,794713,46890016.00
2023/04/13,60.41,62.59,59.06,62.23,955720,57655752.00
2023/04/14,61.97,64.76,61.97,63.36,1528552,95544976.00
2023/04/17,62.98,64.73,62.23,62.30,408273,25319044.00
2023/04/18,62.61,63.21,61.61,62.38,481346,29479492.00
2023/04/19,61.99,62.41,60.63,61.02,933786,56325672.00
2023/04/20,61.52,61.52,59.73,59.96,510167,30151648.00
2023/04/21,60.18,61.02,59.45,59.67,303373,17996076.00
2023/04/24,59.67,60.05,58.27,58.45,522636,30265820.00
2023/04/25,58.45,58.74,55.60,56.69,876789,48657992.00
2023/04/26,56.69,58.25,56.68,57.79,382390,21614464.00
2023/04/27,57.72,59.58,57.29,58.86,439504,25328152.00
2023/04/28,58.54,59.39,57.64,58.08,390246,22332336.00
2023/05/04,57.48,59.74,56.96,59.40,460404,26309876.00
2023/05/05,59.40,59.40,57.68,58.88,299265,17147604.00
2023/05/08,58.86,58.86,57.78,58.46,261822,14974188.00
2023/05/09,57.88,58.05,56.68,56.93,231370,13029431.00
2023/05/10,57.16,57.36,56.44,57.30,122705,6831469.00
2023/05/11,56.64,58.54,56.64,56.88,145008,8208326.00
2023/05/12,57.42,57.42,56.28,56.37,123761,6864997.00
2023/05/15,56.01,57.28,55.87,57.24,154671,8573034.00
2023/05/16,56.63,58.36,56.53,57.62,113761,6448180.00
2023/05/17,57.64,57.66,56.23,57.03,265823,14797803.00
2023/05/18,57.05,57.37,55.28,56.18,305286,16813348.00
2023/05/19,55.77,56.47,55.36,55.76,163551,8963861.00
2023/05/22,56.07,56.76,55.45,56.28,295481,16267916.00
2023/05/23,56.44,57.86,56.42,57.21,135756,7554843.00
2023/05/24,56.65,57.44,56.65,57.19,113646,6295342.00
2023/05/25,57.00,58.49,56.90,58.31,249485,14016278.00
2023/05/26,57.74,59.74,57.74,59.49,279647,16042275.00
2023/05/29,59.61,60.01,58.43,59.14,280966,16130988.00
2023/05/30,59.26,59.59,57.94,58.57,222672,12685917.00
2023/05/31,57.95,58.99,57.37,57.51,425799,24092520.00
2023/06/01,57.39,57.62,56.89,56.90,214006,11885094.00
2023/06/02,57.16,57.49,56.04,56.06,339584,18635924.00
2023/06/05,56.14,57.19,56.04,56.53,180235,9893862.00
2023/06/06,56.64,56.82,55.23,55.23,169010,9171744.00
2023/06/07,55.92,55.92,54.64,55.15,368692,19629116.00
2023/06/08,54.89,55.12,53.64,54.54,282690,14984857.00
2023/06/09,54.83,56.12,54.29,56.09,242757,13052323.00
2023/06/12,56.09,56.43,54.77,55.82,232058,12494115.00
2023/06/13,55.82,55.82,55.04,55.33,116839,6274163.00
2023/06/14,55.77,55.82,53.94,54.59,505766,26916524.00
2023/06/15,54.39,54.90,54.24,54.83,138563,7338403.00
2023/06/16,54.68,55.00,54.39,54.76,152188,8071902.00
2023/06/19,54.50,55.44,54.50,55.25,103215,5528639.00
2023/06/20,54.90,55.45,54.81,55.09,104503,5582856.00
2023/06/21,54.71,55.69,54.64,55.23,190143,10165073.00
2023/06/26,54.95,55.05,54.45,54.54,238364,12657007.00
2023/06/27,54.45,55.52,54.45,55.43,145743,7807168.00
2023/06/28,55.15,55.39,54.70,55.22,87267,4655421.00
2023/06/29,54.89,56.24,54.89,55.95,131914,7136970.00
2023/06/30,55.68,56.60,55.67,56.50,244065,13287791.00
2023/07/03,56.44,56.80,55.74,56.25,186890,10199470.00
2023/07/04,56.36,56.91,55.78,56.46,226200,12381256.00
2023/07/05,56.47,56.76,55.74,55.79,115511,6290461.00
2023/07/06,55.94,55.94,55.23,55.40,159116,8580440.00
2023/07/07,55.33,55.86,54.68,55.34,201582,10816456.00
2023/07/10,55.72,55.72,54.22,54.77,354879,18847348.00
2023/07/11,54.84,55.12,53.64,54.44,359107,18860864.00
2023/07/12,54.34,54.41,51.52,51.59,616316,31372092.00
2023/07/13,52.02,52.02,49.46,50.03,1128415,54928496.00
2023/07/14,50.04,51.02,49.81,50.48,298447,14608096.00
2023/07/17,50.51,50.87,49.99,50.30,176968,8592659.00
2023/07/18,50.15,50.73,49.95,50.25,190951,9303481.00
2023/07/19,50.31,51.84,50.31,50.51,288857,14234976.00
2023/07/20,50.74,51.41,50.55,50.63,141480,6966614.00
2023/07/21,51.27,51.54,49.99,51.01,298055,14708243.00
2023/07/24,50.64,52.04,50.64,51.35,144579,7217116.00
2023/07/25,51.33,51.93,51.21,51.73,164838,8228296.00
2023/07/26,51.65,52.53,51.63,51.73,157933,7965094.00
2023/07/27,51.74,51.75,50.74,51.22,129662,6424223.00
2023/07/28,51.22,51.83,50.95,51.58,110933,5526895.00
2023/07/31,51.83,51.83,50.59,50.75,233732,11496350.00
2023/08/01,50.80,51.01,50.22,50.26,117557,5742407.00
2023/08/02,50.60,50.71,49.79,50.10,141393,6847786.00
2023/08/03,49.67,50.32,49.56,49.82,157053,7562994.00
2023/08/04,50.16,50.16,49.53,49.85,231008,11112985.00
2023/08/07,49.85,49.91,47.86,48.03,406742,19087488.00
2023/08/08,47.88,48.91,47.88,48.89,236270,11107672.00
2023/08/09,48.88,49.66,48.46,49.27,156267,7441127.00
2023/08/10,49.50,49.86,48.62,49.64,133472,6397185.00
2023/08/11,49.66,49.87,48.64,48.70,119177,5667564.00
2023/08/14,48.74,49.49,48.17,49.38,200084,9429486.00
2023/08/15,50.29,52.92,50.29,52.23,995802,49845112.00
2023/08/16,52.23,52.23,50.56,51.34,491340,24409886.00
2023/08/17,50.87,51.82,50.87,51.72,175105,8695776.00
2023/08/18,50.97,52.87,50.64,51.54,569157,28471484.00
2023/08/21,51.05,51.05,50.21,50.30,302891,14802934.00
2023/08/22,50.04,50.94,49.77,50.75,251953,12265406.00
2023/08/23,50.78,51.14,48.64,50.13,528734,25463116.00
2023/08/24,50.48,50.48,48.64,49.63,264744,12636360.00
2023/08/25,49.63,50.11,48.65,48.86,149136,7099715.00
2023/08/28,50.19,51.14,46.94,48.93,609345,28554260.00
2023/08/29,48.82,51.07,48.22,50.48,330409,15986938.00
2023/08/30,50.46,51.84,50.28,51.37,252983,12554793.00
2023/08/31,51.14,52.09,50.69,51.52,129377,6443429.00
2023/09/01,51.21,51.34,50.90,51.09,71516,3538020.00
2023/09/04,51.52,51.52,50.20,50.73,193501,9473385.00
2023/09/05,50.73,51.20,50.32,50.82,138311,6789267.00
2023/09/06,50.44,51.17,50.34,50.91,163329,8027148.00
2023/09/07,50.91,51.17,50.54,50.78,99798,4910595.00
2023/09/08,50.67,51.17,50.64,50.78,99551,4892491.00
2023/09/11,51.39,53.30,50.81,52.44,403486,20425876.00
2023/09/12,52.09,52.96,51.64,52.40,178067,9052801.00
2023/09/13,52.01,52.53,51.17,51.50,196800,9856586.00
2023/09/14,51.49,52.19,51.13,52.13,111207,5582176.00
2023/09/15,52.34,53.38,51.79,52.98,232562,11918288.00
2023/09/18,52.98,54.22,52.84,53.31,250427,12990341.00
2023/09/19,53.32,54.03,52.86,53.08,138558,7161727.00
2023/09/20,52.98,53.89,52.69,52.84,150614,7790269.00
2023/09/21,53.37,53.37,52.10,52.36,84505,4301850.00
2023/09/22,52.50,54.30,51.99,53.98,239303,12435562.00
2023/09/25,54.88,56.89,54.81,56.28,805614,43924432.00
2023/09/26,56.64,56.64,54.84,54.94,344119,18555926.00
2023/09/27,55.47,55.77,54.66,55.54,373022,19984130.00
2023/09/28,55.84,57.43,55.37,56.84,921816,50855500.00
2023/10/09,57.14,57.14,55.86,56.56,326488,17917166.00
2023/10/10,56.56,56.59,55.73,56.28,334663,18226194.00
2023/10/11,56.27,57.08,56.25,56.25,163280,8992457.00
2023/10/12,56.76,57.08,56.23,56.67,208132,11455995.00
2023/10/13,57.03,57.32,56.31,56.94,304194,16821260.00
2023/10/16,56.83,57.58,55.97,56.41,328671,18090308.00
2023/10/17,56.17,56.98,55.80,56.74,253456,13870038.00
2023/10/18,56.45,56.71,55.49,55.91,271218,14724183.00
2023/10/19,55.69,55.87,54.64,55.07,165350,8850398.00
2023/10/20,55.41,55.41,53.90,54.55,257660,13590069.00
2023/10/23,53.86,55.41,53.44,54.49,220239,11612762.00
2023/10/24,54.10,54.57,53.65,54.34,151282,7951694.00
2023/10/25,54.77,54.89,53.90,54.24,390320,20535668.00
2023/10/26,54.06,55.96,54.00,55.89,731999,38907272.00
2023/10/27,55.78,56.53,53.79,55.74,833623,44752308.00
2023/10/30,55.15,57.59,55.15,56.73,873411,48139776.00
2023/10/31,57.10,57.74,56.52,57.12,289131,16141969.00
2023/11/01,57.24,57.54,56.14,57.30,382131,21126740.00
2023/11/02,57.12,57.12,55.74,55.94,322045,17634626.00
2023/11/03,56.33,56.49,55.36,55.82,396535,21473380.00
2023/11/06,55.85,57.14,55.64,57.13,381948,21085552.00
2023/11/07,57.07,57.51,56.29,56.38,279187,15372645.00
2023/11/08,56.41,57.13,55.99,56.98,299243,16511254.00
2023/11/09,57.14,57.72,55.44,55.76,342298,18739360.00
2023/11/10,55.47,56.50,55.47,55.74,253484,13757772.00
2023/11/13,55.20,56.15,55.20,56.15,142860,7740644.00
2023/11/14,56.36,56.41,55.16,56.26,215940,11694304.00
2023/11/15,56.23,56.77,56.07,56.17,118087,6461627.00
2023/11/16,56.29,56.56,55.52,56.08,211564,11485327.00
2023/11/17,57.04,59.23,56.02,59.10,1695438,95639840.00
2023/11/20,58.94,59.15,57.61,58.54,857847,48669840.00
2023/11/21,58.35,58.52,57.33,57.62,405873,22773118.00
2023/11/22,57.17,57.75,55.84,55.85,341364,18789146.00
2023/11/23,55.85,56.62,55.52,56.07,371874,20200986.00
2023/11/24,56.14,56.31,55.27,55.89,369362,20034968.00
2023/11/27,55.94,57.13,55.89,56.60,450015,24705248.00
2023/11/28,57.42,58.44,55.93,58.26,878381,49333860.00
2023/11/29,58.13,59.12,57.64,58.06,399249,22607998.00
2023/11/30,57.70,57.85,56.80,57.35,475724,26475636.00
2023/12/01,57.41,57.92,56.25,57.16,583058,32285400.00
2023/12/04,56.83,57.84,56.37,57.18,411682,22842086.00
2023/12/05,57.08,58.81,56.82,57.59,414727,23227760.00
2023/12/06,57.51,58.30,56.74,57.48,215151,12001011.00
2023/12/07,57.44,60.08,57.05,58.95,994650,56922100.00
2023/12/08,59.07,60.49,58.77,59.85,1004991,58576612.00
2023/12/11,59.57,62.92,59.10,62.35,1236169,73715192.00
2023/12/12,62.63,64.43,61.27,62.32,772611,47174104.00
2023/12/13,62.07,63.14,60.57,61.11,759264,45288628.00
2023/12/14,60.64,61.78,59.64,59.84,743025,43520104.00
2023/12/15,59.67,59.67,58.05,58.34,558796,31903034.00
2023/12/18,58.25,59.43,57.70,58.44,439675,25100482.00
2023/12/19,58.45,59.86,57.77,59.20,533382,30646816.00
2023/12/20,59.20,59.48,58.72,59.15,244800,14076033.00
2023/12/21,59.00,59.80,58.01,59.66,272285,15621237.00
2023/12/22,59.70,61.64,59.25,61.25,636771,37695048.00
2023/12/25,60.74,61.68,60.04,61.09,250555,14811484.00
2023/12/26,60.55,61.20,58.80,60.40,351893,20436896.00
2023/12/27,60.26,61.82,59.17,61.77,408084,23963228.00
2023/12/28,61.53,63.12,61.24,63.02,511769,31174076.00
2023/12/29,63.18,65.89,62.60,65.42,726764,45819024.00
2024/01/02,65.42,65.51,62.68,62.83,735243,45425704.00
2024/01/03,62.63,63.54,60.85,62.26,678613,41009512.00
2024/01/04,61.44,62.73,61.01,61.86,255844,15373063.00
2024/01/05,61.74,61.83,59.50,59.97,340321,20047084.00
2024/01/08,60.09,60.09,57.14,57.58,422768,23920700.00
2024/01/09,57.24,58.49,57.17,57.44,221691,12427957.00
2024/01/10,57.24,58.47,56.99,57.74,320731,17994904.00
2024/01/11,57.80,59.98,57.75,59.08,327914,18782832.00
2024/01/12,58.67,59.33,58.44,58.51,101027,5778101.00
2024/01/15,57.94,59.76,57.93,58.03,243323,13895456.00
2024/01/16,57.70,58.40,56.72,57.03,354068,19691394.00
2024/01/17,56.91,57.60,56.35,56.50,314972,17404674.00
2024/01/18,57.08,57.49,55.24,57.49,406759,22091128.00
2024/01/19,57.64,59.24,57.16,58.73,281927,16058702.00
2024/01/22,59.25,59.26,55.23,55.44,410074,22495358.00
2024/01/23,54.85,56.82,53.97,56.71,378054,20302260.00
2024/01/24,56.69,56.84,55.05,56.03,240054,12989812.00
2024/01/25,55.67,57.93,54.75,56.55,489156,26769024.00
2024/01/26,56.54,56.54,53.64,54.02,704222,37376452.00
2024/01/29,54.00,54.00,51.94,52.87,666076,34118952.00
2024/01/30,52.16,52.31,50.53,51.08,915127,45494208.00
2024/01/31,50.65,51.94,50.15,50.44,455851,22590204.00
2024/02/01,50.17,51.21,48.53,48.72,475265,22591888.00
2024/02/02,48.82,49.11,46.66,47.34,650361,30002764.00
2024/02/05,46.87,48.61,45.05,47.36,670331,30450108.00
2024/02/06,47.15,50.74,45.80,48.69,760491,34946032.00
2024/02/07,48.54,51.34,48.03,49.15,623579,29979012.00
2024/02/08,49.17,54.09,48.30,52.85,710846,35423616.00
2024/02/19,52.85,54.52,51.90,53.06,256925,13267400.00
数据来源:通达信
