688717 艾罗能源 日线 后复权
      日期	    开盘	    最高	    最低	    收盘	    成交量	    成交额
2024/01/03,98.00,100.03,87.39,87.93,12815648,1212080128.00
2024/01/04,87.00,95.18,83.68,92.41,8507516,769523136.00
2024/01/05,91.80,95.50,85.50,85.61,6576595,593732096.00
2024/01/08,85.48,86.90,81.98,82.30,4388060,370152704.00
2024/01/09,82.20,92.88,82.20,86.90,6966382,611404288.00
2024/01/10,84.44,104.28,84.01,101.44,9115558,882973504.00
2024/01/11,100.00,121.73,100.00,121.73,8079674,895265664.00
2024/01/12,121.00,125.00,115.18,118.05,6252356,746730240.00
2024/01/15,117.35,124.45,116.18,120.00,4641203,554603648.00
2024/01/16,119.98,119.98,110.00,115.85,5868266,673550848.00
2024/01/17,113.65,114.00,106.18,107.18,4499090,492422144.00
2024/01/18,108.00,113.48,106.48,108.90,5494461,605710912.00
2024/01/19,106.22,110.50,93.33,94.50,5965676,605289856.00
2024/01/22,93.50,95.60,88.01,89.53,3680581,340151200.00
2024/01/23,90.32,104.60,89.65,96.85,4690437,454098048.00
2024/01/24,95.00,100.84,93.01,96.67,3652374,353165120.00
2024/01/25,96.97,97.10,89.65,94.71,3633601,337719776.00
2024/01/26,93.50,95.71,87.24,88.87,3100899,281752512.00
2024/01/29,91.10,92.58,84.00,84.25,3004400,265288960.00
2024/01/30,82.71,89.58,82.71,85.66,2580767,222364288.00
2024/01/31,86.18,86.97,77.30,79.30,3122767,254221792.00
2024/02/01,77.50,84.88,77.50,80.35,2767614,226654800.00
2024/02/02,79.88,80.88,73.60,76.38,2530585,196290240.00
2024/02/05,76.00,76.18,68.67,70.30,2091488,149464592.00
2024/02/06,69.49,76.50,68.53,75.11,2407304,177073664.00
2024/02/07,75.15,79.52,73.54,74.01,2722077,210508272.00
2024/02/08,74.59,79.20,70.03,78.22,2821960,213617376.00
2024/02/19,77.88,77.88,75.50,75.99,1506215,115609312.00
数据来源:通达信
