688347 华虹公司 日线 后复权
      日期	    开盘	    最高	    最低	    收盘	    成交量	    成交额
2023/08/07,58.88,59.88,52.30,53.06,62845036,3436275200.00
2023/08/08,51.40,54.16,51.01,53.39,31695044,1669754368.00
2023/08/09,52.87,53.53,51.86,52.98,22302415,1172289152.00
2023/08/10,52.41,55.23,52.22,53.17,28123645,1522027136.00
2023/08/11,52.12,52.38,50.75,50.80,21691597,1116413696.00
2023/08/14,49.87,49.99,47.80,48.90,16330674,797313216.00
2023/08/15,48.70,48.93,48.03,48.45,7939469,384474464.00
2023/08/16,48.38,49.45,48.03,48.53,7386279,360025792.00
2023/08/17,48.02,49.18,48.01,49.03,8137798,396250784.00
2023/08/18,49.50,50.74,48.86,48.86,12981110,649059328.00
2023/08/21,48.70,49.06,47.41,47.48,10283599,495799776.00
2023/08/22,47.89,47.89,45.37,46.48,15785656,731123392.00
2023/08/23,46.11,46.11,44.88,44.89,7437854,338350976.00
2023/08/24,45.10,46.33,44.98,45.70,8445708,386945472.00
2023/08/25,45.20,45.20,43.45,43.83,9620174,424271296.00
2023/08/28,46.77,46.79,44.10,44.33,11803535,539178944.00
2023/08/29,44.39,49.76,44.34,49.46,23291841,1113941248.00
2023/08/30,51.05,52.79,50.11,51.13,27005744,1392649344.00
2023/08/31,50.64,53.43,50.55,52.10,20106726,1048569024.00
2023/09/01,51.90,52.70,50.41,51.20,11682461,597399360.00
2023/09/04,51.25,51.64,50.50,51.64,9339070,476633280.00
2023/09/05,51.80,52.16,49.60,50.16,14942276,757749312.00
2023/09/06,50.10,51.85,49.61,51.50,14272987,724275968.00
2023/09/07,51.00,51.03,48.70,48.70,11455988,569913408.00
2023/09/08,48.65,49.46,48.56,48.94,5787497,283326240.00
2023/09/11,48.62,49.55,48.40,48.95,5749409,281571648.00
2023/09/12,48.90,48.90,47.81,48.24,5864113,283332320.00
2023/09/13,48.14,48.18,46.59,47.12,6064329,286581088.00
2023/09/14,47.15,47.18,46.13,46.28,4422390,205649808.00
2023/09/15,46.37,47.47,45.83,46.55,6296670,294534592.00
2023/09/18,46.17,47.13,45.66,46.55,4724636,220120672.00
2023/09/19,46.47,46.60,45.82,46.01,3695599,170500912.00
2023/09/20,46.09,46.50,45.38,45.38,3934291,180854736.00
2023/09/21,45.44,46.15,45.44,45.70,3774838,172980752.00
2023/09/22,45.55,47.48,45.41,47.37,7324866,341438080.00
2023/09/25,47.10,47.10,46.35,46.57,4498736,209970256.00
2023/09/26,46.57,46.93,46.34,46.41,2901587,135213376.00
2023/09/27,46.41,46.90,46.23,46.44,3355595,156249872.00
2023/09/28,46.51,46.65,45.81,46.00,5453889,252316096.00
2023/10/09,46.00,46.00,45.26,45.68,3322570,151349792.00
2023/10/10,45.62,46.55,45.62,45.90,3592533,165656960.00
2023/10/11,46.00,47.33,45.88,47.10,6306587,293937888.00
2023/10/12,47.10,47.10,46.25,46.82,5492032,256171600.00
2023/10/13,46.40,47.57,46.31,46.81,6042176,284315968.00
2023/10/16,47.04,47.20,44.68,45.00,6692082,305204352.00
2023/10/17,45.18,47.45,44.96,47.20,9449282,440763520.00
2023/10/18,47.00,47.69,45.80,45.81,6116063,284449024.00
2023/10/19,45.30,47.91,45.21,46.69,10286356,484142688.00
2023/10/20,46.55,46.76,45.48,45.70,7441002,341705312.00
2023/10/23,45.25,45.43,43.75,43.88,6157750,272279840.00
2023/10/24,44.02,44.80,43.60,44.31,4116065,181911712.00
2023/10/25,44.56,45.08,43.90,44.18,5198176,231121936.00
2023/10/26,43.59,43.69,42.45,43.24,6917880,297957632.00
2023/10/27,43.00,44.73,42.85,44.52,6465942,284981696.00
2023/10/30,44.50,46.06,44.11,45.98,6587319,299561504.00
2023/10/31,45.75,46.13,45.13,45.32,4396657,200030416.00
2023/11/01,45.36,46.18,45.26,45.29,4743856,216743312.00
2023/11/02,45.55,46.12,44.97,44.99,4195354,190934304.00
2023/11/03,45.25,46.75,45.05,46.53,7566267,348499008.00
2023/11/06,46.76,47.45,46.75,46.96,6618782,311632192.00
2023/11/07,46.60,47.12,46.44,46.90,4771574,223187904.00
2023/11/08,46.79,47.32,46.38,46.74,6226079,291743136.00
2023/11/09,46.50,46.98,46.10,46.38,4321506,200756832.00
2023/11/10,44.49,45.08,43.45,43.98,11345246,501049440.00
2023/11/13,44.01,44.80,43.98,44.23,5578491,247483360.00
2023/11/14,44.26,45.56,44.04,45.21,7486601,337359136.00
2023/11/15,45.77,46.16,45.27,45.40,5513108,251663024.00
2023/11/16,45.35,45.35,44.20,44.25,5539553,246853840.00
2023/11/17,44.19,44.49,43.95,44.32,3384485,149548048.00
2023/11/20,44.33,44.48,43.88,44.26,4068890,179738032.00
2023/11/21,44.43,44.44,43.58,43.65,5109575,224658960.00
2023/11/22,43.66,43.75,43.00,43.01,4103536,177309344.00
2023/11/23,43.01,43.48,42.75,43.48,2896884,125098336.00
2023/11/24,43.33,43.47,42.72,42.85,3175061,136299072.00
2023/11/27,42.72,43.18,42.59,43.03,2543175,109036376.00
2023/11/28,43.06,43.32,42.83,43.15,2243722,96714152.00
2023/11/29,43.26,43.41,42.76,42.78,2405712,103490416.00
2023/11/30,42.77,42.90,42.41,42.56,2713800,115526456.00
2023/12/01,42.51,42.98,42.42,42.97,2209653,94362144.00
2023/12/04,43.30,43.40,43.06,43.30,2665512,115240224.00
2023/12/05,43.30,44.56,43.20,43.42,5625667,246777040.00
2023/12/06,43.42,43.70,42.96,42.99,4056583,175280912.00
2023/12/07,42.80,43.19,42.67,43.05,2623426,112611928.00
2023/12/08,43.13,43.60,43.10,43.48,2790660,121069560.00
2023/12/11,43.48,43.68,42.76,43.67,2717344,117677120.00
2023/12/12,43.68,43.70,43.19,43.38,2329432,101033040.00
2023/12/13,43.30,43.33,42.78,42.81,2012987,86561640.00
2023/12/14,43.42,45.46,43.42,44.67,12748325,569027456.00
2023/12/15,44.67,44.94,43.89,44.89,7206507,320977696.00
2023/12/18,44.55,44.59,43.30,43.47,4502953,197650240.00
2023/12/19,43.37,43.52,42.88,43.11,3076896,132608904.00
2023/12/20,43.09,43.42,42.88,42.91,1980754,85451168.00
2023/12/21,42.70,43.47,42.51,43.21,2257780,97129848.00
2023/12/22,43.23,43.35,42.89,42.90,2034853,87572128.00
2023/12/25,42.90,43.23,42.52,42.78,1684414,72124520.00
2023/12/26,42.71,42.72,41.60,41.60,3038902,127794528.00
2023/12/27,41.50,41.66,40.39,41.47,2766771,113539824.00
2023/12/28,41.23,42.56,41.23,42.36,2660568,112095376.00
2023/12/29,42.32,42.95,42.25,42.77,2349914,100380944.00
2024/01/02,42.80,42.85,42.00,42.09,2051843,86677016.00
2024/01/03,41.99,42.35,41.47,41.62,1524125,63761244.00
2024/01/04,41.73,41.74,41.00,41.14,1385600,57167808.00
2024/01/05,41.12,41.49,40.83,41.07,2035141,83847960.00
2024/01/08,40.96,40.96,39.77,39.82,2249452,90589296.00
2024/01/09,39.99,40.33,39.70,40.24,1604272,64291160.00
2024/01/10,40.00,40.20,39.48,39.56,1284206,51088064.00
2024/01/11,39.56,40.25,39.45,40.01,1512011,60272120.00
2024/01/12,39.90,40.13,39.72,39.72,1176342,46917956.00
2024/01/15,39.62,39.88,38.76,39.16,2133919,83932288.00
2024/01/16,39.01,39.29,38.32,38.83,2009925,77828832.00
2024/01/17,38.72,38.82,37.32,37.36,2505446,95047360.00
2024/01/18,37.20,37.92,36.78,37.87,2506346,93384216.00
2024/01/19,37.84,38.24,37.12,37.17,1963208,74088560.00
2024/01/22,37.36,37.38,34.91,35.27,2840957,102244456.00
2024/01/23,35.27,36.09,35.00,35.79,1807564,64513992.00
2024/01/24,35.98,36.10,34.59,35.95,2644422,93559528.00
2024/01/25,35.95,37.36,35.42,37.30,3067140,112637504.00
2024/01/26,37.00,37.48,36.73,36.84,1984193,73540744.00
2024/01/29,37.80,38.58,36.93,37.06,3164290,119634048.00
2024/01/30,36.62,36.62,34.93,35.01,2669266,95632520.00
2024/01/31,34.61,35.14,33.28,33.39,3650156,123861872.00
2024/02/01,33.25,34.22,32.70,33.41,2691843,90166072.00
2024/02/02,33.50,33.83,31.40,32.05,2894572,94158672.00
2024/02/05,31.67,32.32,29.50,30.63,4337256,133778440.00
2024/02/06,30.03,33.66,29.98,33.16,4209641,134775696.00
2024/02/07,32.49,32.49,27.90,29.48,40477376,1207285248.00
2024/02/08,28.99,30.98,28.71,30.51,24055489,724514560.00
2024/02/19,31.10,31.26,29.88,29.99,18603340,568463616.00
数据来源:通达信
