688293 奥浦迈 日线 后复权
      日期	    开盘	    最高	    最低	    收盘	    成交量	    成交额
2022/09/02,125.00,134.05,122.28,127.24,12434897,1581989760.00
2022/09/05,127.20,131.50,111.16,115.00,8728066,1051480576.00
2022/09/06,111.99,121.00,108.00,118.04,4710806,543633920.00
2022/09/07,116.99,123.56,116.40,119.70,2748547,329801184.00
2022/09/08,122.88,128.00,118.89,125.68,4735344,588554176.00
2022/09/09,123.59,126.72,121.00,123.00,2150433,265433664.00
2022/09/13,125.00,133.17,120.10,122.00,2530253,320695008.00
2022/09/14,119.82,130.60,118.34,129.60,2134942,267233296.00
2022/09/15,128.03,132.00,123.20,125.00,1533010,194652528.00
2022/09/16,125.98,127.09,121.33,122.58,1276121,158058928.00
2022/09/19,122.14,128.60,119.20,120.50,1868941,232636080.00
2022/09/20,120.50,132.60,120.50,130.10,1646467,209929088.00
2022/09/21,130.10,133.70,124.65,126.00,1016307,130719864.00
2022/09/22,124.20,132.85,122.57,132.50,1290561,167028976.00
2022/09/23,131.95,137.99,117.27,118.78,1992088,246280736.00
2022/09/26,116.95,121.99,116.46,119.30,1304955,156154192.00
2022/09/27,118.65,126.00,115.99,123.86,1279363,156533600.00
2022/09/28,126.62,129.66,121.20,121.33,1050726,131747280.00
2022/09/29,122.81,128.90,120.29,127.53,936197,118256728.00
2022/09/30,125.95,129.66,121.02,123.12,537752,67328960.00
2022/10/10,123.18,124.00,113.30,113.32,774566,91285672.00
2022/10/11,114.15,117.78,113.59,117.00,530125,61462688.00
2022/10/12,115.18,115.18,96.01,108.00,1887923,193827632.00
2022/10/13,107.00,115.00,103.02,112.05,1350377,148661056.00
2022/10/14,113.27,130.00,111.84,126.50,1744533,215472400.00
2022/10/17,126.00,128.94,112.30,117.78,1701141,203165744.00
2022/10/18,116.99,117.89,110.32,113.09,1436075,162735952.00
2022/10/19,114.00,114.00,107.08,109.55,983779,107896392.00
2022/10/20,106.99,113.83,104.89,107.92,1351804,147993840.00
2022/10/21,108.08,111.80,100.01,110.20,2035165,216253552.00
2022/10/24,108.00,108.98,104.10,105.21,609103,65248336.00
2022/10/25,102.12,106.95,100.00,101.64,836992,85953344.00
2022/10/26,101.00,117.47,100.20,111.32,1490838,164913344.00
2022/10/27,111.21,116.97,110.00,114.33,1034426,117415168.00
2022/10/28,114.15,119.99,112.55,115.10,1195461,139869360.00
2022/10/31,118.90,122.95,115.30,121.67,867230,103861976.00
2022/11/01,121.96,125.55,114.60,118.08,1180772,138748608.00
2022/11/02,118.00,126.80,117.00,121.64,1063559,130579792.00
2022/11/03,121.64,126.76,118.12,125.27,1072776,132269376.00
2022/11/04,126.14,128.88,122.71,127.21,928845,117735464.00
2022/11/07,125.32,131.27,122.85,123.85,711995,89561168.00
2022/11/08,125.40,127.94,122.50,127.49,552147,69538392.00
2022/11/09,128.67,128.99,121.98,123.62,690949,86216472.00
2022/11/10,124.29,127.49,118.61,119.00,648117,79275024.00
2022/11/11,121.00,128.00,120.33,122.65,873168,108431256.00
2022/11/14,122.16,130.50,119.50,129.05,661061,82232840.00
2022/11/15,129.00,130.00,125.18,128.49,791790,101109408.00
2022/11/16,127.60,131.40,125.13,125.60,696919,89174792.00
2022/11/17,127.16,127.16,118.23,122.30,1186704,143478064.00
2022/11/18,122.15,123.85,116.86,116.98,882134,106250776.00
2022/11/21,115.78,119.43,113.01,116.33,598881,69605592.00
2022/11/22,115.53,117.90,110.11,110.72,758678,85547328.00
2022/11/23,110.27,112.55,105.79,110.10,565421,61612908.00
2022/11/24,109.66,112.27,109.60,110.60,372293,41294872.00
2022/11/25,109.00,110.51,106.00,106.30,413653,44303048.00
2022/11/28,104.92,106.98,103.31,104.32,370924,38877104.00
2022/11/29,106.07,111.00,104.50,108.35,605039,65455680.00
2022/11/30,108.36,108.87,104.80,106.05,353546,37429248.00
2022/12/01,107.99,109.00,104.35,107.65,686202,73054208.00
2022/12/02,107.02,109.80,105.20,107.85,309406,33516420.00
2022/12/05,108.69,111.30,106.10,110.50,402181,43850428.00
2022/12/06,110.70,112.52,105.10,105.99,501229,54063920.00
2022/12/07,105.27,110.33,103.58,108.24,726614,77859000.00
2022/12/08,107.73,110.44,107.20,108.28,320738,34777360.00
2022/12/09,108.00,111.45,106.50,108.34,511901,56099072.00
2022/12/12,107.61,109.50,106.32,106.86,231992,24791268.00
2022/12/13,106.32,107.21,104.67,105.22,201485,21281242.00
2022/12/14,105.23,106.34,102.88,105.40,217662,22798958.00
2022/12/15,104.77,106.93,102.93,103.00,294675,30668296.00
2022/12/16,102.02,104.45,100.91,102.90,266731,27462644.00
2022/12/19,103.00,103.00,96.86,98.44,518074,51378664.00
2022/12/20,98.40,98.67,96.10,98.67,296814,28829772.00
2022/12/21,97.99,102.60,97.99,100.20,235764,23825888.00
2022/12/22,100.21,103.01,98.50,98.52,141791,14187410.00
2022/12/23,98.03,104.10,96.52,102.72,531396,53859800.00
2022/12/26,102.03,104.50,100.82,103.92,253195,25985836.00
2022/12/27,103.04,103.87,99.80,102.87,251938,25720518.00
2022/12/28,102.60,102.99,101.07,101.85,80227,8167580.00
2022/12/29,101.84,106.60,100.96,104.38,405274,42061560.00
2022/12/30,104.38,106.79,103.01,103.20,230095,24151088.00
2023/01/03,102.03,111.50,102.03,110.86,551215,59759852.00
2023/01/04,113.21,113.24,109.35,112.00,449025,50007080.00
2023/01/05,112.00,117.77,110.37,115.18,519752,60035016.00
2023/01/06,114.69,119.35,113.00,114.80,463703,53930624.00
2023/01/09,115.80,120.00,113.69,118.50,400264,47278076.00
2023/01/10,117.94,118.95,114.88,115.50,202295,23518052.00
2023/01/11,115.47,116.36,112.41,113.51,310635,35344200.00
2023/01/12,112.03,115.62,112.03,115.00,104557,12019761.00
2023/01/13,114.99,118.74,114.11,115.00,281826,32701332.00
2023/01/16,115.50,122.76,114.00,121.00,455005,55005544.00
2023/01/17,122.50,124.65,121.10,122.96,460490,56829512.00
2023/01/18,122.46,122.81,119.37,122.15,169786,20526936.00
2023/01/19,120.20,126.76,120.20,125.48,260544,32606008.00
2023/01/20,125.95,129.60,125.95,128.00,582734,74747312.00
2023/01/30,129.72,129.93,125.00,129.00,483290,61756496.00
2023/01/31,126.13,127.19,123.59,126.69,368796,46387264.00
2023/02/01,126.07,126.69,117.02,120.00,723610,87058144.00
2023/02/02,118.90,127.01,118.05,126.30,551536,67790168.00
2023/02/03,124.97,127.55,121.20,122.98,356585,43980800.00
2023/02/06,123.00,123.00,118.45,121.70,263148,31789194.00
2023/02/07,122.00,122.00,117.15,119.00,205779,24515984.00
2023/02/08,118.03,121.49,118.03,119.73,143829,17281984.00
2023/02/09,120.08,121.49,117.52,120.60,335424,40145128.00
2023/02/10,120.60,120.90,114.64,115.42,465514,54457856.00
2023/02/13,116.68,119.80,114.66,119.30,486684,57172080.00
2023/02/14,117.41,119.95,117.41,119.55,188450,22348300.00
2023/02/15,118.56,123.61,117.07,122.02,387719,47011976.00
2023/02/16,121.01,122.79,117.20,117.93,178762,21379624.00
2023/02/17,117.05,119.13,115.56,115.61,157842,18442448.00
2023/02/20,115.07,117.76,110.99,114.39,322275,36622608.00
2023/02/21,113.10,116.65,112.37,114.76,178740,20452292.00
2023/02/22,115.00,118.91,113.06,116.70,245901,28738628.00
2023/02/23,116.16,117.40,112.22,113.26,113034,12905876.00
2023/02/24,113.66,114.49,111.34,113.17,120182,13549816.00
2023/02/27,112.10,113.98,109.00,110.33,253757,28259120.00
2023/02/28,110.82,114.89,110.34,111.83,238466,26817468.00
2023/03/01,111.41,114.88,110.53,113.72,226881,25643420.00
2023/03/02,111.28,115.49,110.25,112.52,563839,63180368.00
2023/03/03,113.00,116.90,111.54,114.00,306795,34979040.00
2023/03/06,114.94,116.59,111.80,116.33,293549,33544804.00
2023/03/07,115.80,120.00,113.60,113.60,275724,32240060.00
2023/03/08,113.15,113.19,111.00,112.14,260436,29132400.00
2023/03/09,112.14,112.80,109.22,109.99,236582,26166208.00
2023/03/10,109.12,111.28,108.24,109.97,240472,26415926.00
2023/03/13,110.10,112.79,107.16,108.45,392199,43014124.00
2023/03/14,108.31,109.98,106.22,107.29,234743,25329730.00
2023/03/15,107.30,110.80,106.99,107.63,242031,26312780.00
2023/03/16,108.30,108.74,104.39,104.55,270018,28606220.00
2023/03/17,105.48,106.10,102.22,102.50,356663,36874368.00
2023/03/20,102.50,107.72,100.13,107.23,446483,46789728.00
2023/03/21,106.00,113.28,106.00,113.00,490175,53710096.00
2023/03/22,113.23,115.49,111.61,112.30,196184,22148584.00
2023/03/23,112.30,113.68,109.45,110.17,189104,20981578.00
2023/03/24,110.83,113.00,107.00,107.50,241425,26398648.00
2023/03/27,106.45,109.07,102.99,104.86,362282,38185712.00
2023/03/28,104.10,105.50,102.20,102.88,319398,33006394.00
2023/03/29,102.83,106.25,102.62,103.00,330069,34320800.00
2023/03/30,105.00,116.20,105.00,113.49,794450,89031464.00
2023/03/31,112.34,115.49,108.01,110.20,540279,59730420.00
2023/04/03,110.58,113.20,108.43,108.88,298628,32832462.00
2023/04/04,109.67,109.81,105.49,107.57,359746,38481760.00
2023/04/06,106.89,110.53,106.89,107.70,668076,72227768.00
2023/04/07,108.34,115.00,107.23,112.29,801238,89734328.00
2023/04/10,113.10,113.10,101.90,103.00,1469723,155621200.00
2023/04/11,103.73,106.20,102.00,104.61,642790,67182016.00
2023/04/12,105.88,108.80,103.89,104.79,615271,65495672.00
2023/04/13,104.81,111.09,102.50,108.50,734894,78927824.00
2023/04/14,109.45,113.73,109.44,110.31,644695,71709376.00
2023/04/17,110.69,116.28,109.58,111.11,700992,78494616.00
2023/04/18,111.11,111.35,108.51,111.00,381750,42057132.00
2023/04/19,111.18,111.66,108.75,111.22,334753,36911164.00
2023/04/20,112.03,114.80,109.53,111.79,446687,50139952.00
2023/04/21,111.00,111.34,105.69,105.81,348823,37600104.00
2023/04/24,107.20,107.57,104.08,105.97,372979,39317936.00
2023/04/25,106.74,106.74,99.41,99.64,447855,45442368.00
2023/04/26,100.87,101.73,99.37,99.77,226406,22686608.00
2023/04/27,99.13,102.77,98.51,100.90,318924,32150284.00
2023/04/28,97.13,97.13,83.03,84.11,2267898,200335728.00
2023/05/04,82.67,84.98,82.33,82.82,768890,63990036.00
2023/05/05,83.01,83.85,82.01,82.99,465897,38751380.00
2023/05/08,83.04,85.58,83.01,84.19,355938,29986392.00
2023/05/09,85.98,85.98,82.00,82.05,299336,24822382.00
2023/05/10,82.05,83.38,81.03,82.45,178122,14603836.00
2023/05/11,83.40,83.58,81.00,82.11,185224,15293849.00
2023/05/12,82.37,82.37,78.72,79.00,393134,22301708.00
2023/05/15,78.72,80.82,77.75,80.55,373811,20886516.00
2023/05/16,81.10,81.70,78.58,79.14,348758,19697484.00
2023/05/17,79.14,80.12,78.33,79.17,231821,12996864.00
2023/05/18,79.17,79.52,77.88,78.08,235817,13109485.00
2023/05/19,78.01,80.22,77.10,79.00,290981,16270411.00
2023/05/22,79.28,79.83,78.02,78.82,315450,17604284.00
2023/05/23,78.44,79.42,77.73,78.82,371736,20746706.00
2023/05/24,78.72,79.95,77.33,78.99,389971,21732780.00
2023/05/25,79.00,79.32,77.33,77.92,268059,14832264.00
2023/05/26,77.74,79.56,77.39,78.06,257652,14299555.00
2023/05/29,77.85,78.94,77.00,78.69,389815,21580572.00
2023/05/30,78.68,78.97,75.37,75.92,699057,37918068.00
2023/05/31,75.64,77.03,74.37,74.55,500811,26756422.00
2023/06/01,74.87,75.81,73.81,75.02,355728,18884946.00
2023/06/02,75.26,76.42,74.38,75.70,430902,23044820.00
2023/06/05,75.08,76.06,71.57,72.07,1222528,63209056.00
2023/06/06,71.92,71.92,69.38,69.76,898913,44834464.00
2023/06/07,69.76,70.45,69.27,69.90,357287,17671116.00
2023/06/08,70.12,70.12,67.53,67.65,531804,25704314.00
2023/06/09,67.80,70.29,67.44,69.03,569809,27803996.00
2023/06/12,69.34,69.40,68.05,68.50,317505,15442553.00
2023/06/13,68.68,69.00,65.97,66.40,781126,37005204.00
2023/06/14,66.61,66.67,65.49,65.80,378900,17681368.00
2023/06/15,66.04,66.79,65.00,66.62,469180,21897500.00
2023/06/16,66.65,67.04,65.13,65.71,1016502,47215184.00
2023/06/19,65.31,66.68,65.20,65.55,529879,24718228.00
2023/06/20,65.84,66.25,64.62,64.93,464132,21384564.00
2023/06/21,65.10,65.11,62.68,62.96,814034,36508608.00
2023/06/26,62.76,65.50,62.30,63.91,1046986,47530592.00
2023/06/27,64.08,64.76,63.32,64.24,395324,17880272.00
2023/06/28,64.26,64.38,63.05,63.88,289972,13068129.00
2023/06/29,63.95,65.21,63.33,64.82,365685,16692211.00
2023/06/30,65.00,68.60,64.83,67.34,1581186,75675576.00
2023/07/03,68.42,70.03,67.03,67.55,918853,44482716.00
2023/07/04,67.91,69.87,66.41,69.47,1137868,55264888.00
2023/07/05,69.55,71.22,66.39,66.61,1085821,52270388.00
2023/07/06,67.24,68.01,65.84,66.82,777433,36626188.00
2023/07/07,66.75,67.97,65.85,65.90,587650,27664704.00
2023/07/10,66.40,67.07,65.31,66.67,535598,25089386.00
2023/07/11,66.43,69.83,65.91,69.48,838386,40342932.00
2023/07/12,69.27,69.27,64.19,64.48,1402027,65400288.00
2023/07/13,64.48,66.12,64.30,64.72,1257995,57811508.00
2023/07/14,64.76,64.80,62.44,63.45,1378906,61700236.00
2023/07/17,63.26,63.26,61.23,61.93,638164,27957140.00
2023/07/18,62.06,62.96,61.51,61.68,487694,21400770.00
2023/07/19,63.15,65.95,61.99,62.47,1597546,72177320.00
2023/07/20,62.47,62.87,61.39,61.42,563768,24757252.00
2023/07/21,62.03,64.12,61.43,62.82,679767,30308352.00
2023/07/24,62.82,64.54,62.28,63.45,645063,29021868.00
2023/07/25,63.73,64.55,63.12,64.45,528357,23926172.00
2023/07/26,64.55,71.02,63.78,68.99,1984990,96104088.00
2023/07/27,68.92,70.56,67.52,69.59,1224944,59979464.00
2023/07/28,68.88,70.50,67.84,70.46,1232344,60411960.00
2023/07/31,70.60,72.95,69.37,70.46,1170942,58719712.00
2023/08/01,70.46,74.60,69.56,71.02,1490423,76839816.00
2023/08/02,70.53,72.63,69.33,70.85,1124952,56656400.00
2023/08/03,70.60,77.11,70.59,75.04,2066327,109729104.00
2023/08/04,74.97,75.04,72.43,73.78,1425351,74212416.00
2023/08/07,72.76,73.78,69.62,70.60,1090097,54428152.00
2023/08/08,70.66,70.68,67.81,70.26,887723,43520436.00
2023/08/09,69.80,72.60,69.62,71.31,1084220,54856480.00
2023/08/10,71.05,73.33,69.90,72.99,742880,37660644.00
2023/08/11,73.47,75.77,72.28,72.77,799675,41941692.00
2023/08/14,73.50,73.50,70.32,71.15,531596,26817792.00
2023/08/15,71.92,71.92,68.78,70.18,521284,25779460.00
2023/08/16,70.18,74.20,69.69,70.01,1023706,52344176.00
2023/08/17,69.77,72.25,68.08,71.86,609895,30203216.00
2023/08/18,71.40,72.98,68.19,68.37,800780,39513880.00
2023/08/21,68.43,68.58,66.83,66.99,384947,18394804.00
2023/08/22,67.79,67.93,63.63,65.52,728221,33586792.00
2023/08/23,65.52,67.07,63.96,64.54,787734,36528228.00
2023/08/24,64.54,68.15,63.08,66.69,1015870,47417676.00
2023/08/25,65.71,66.57,61.22,62.20,981479,44031308.00
2023/08/28,65.00,67.77,61.29,61.96,901760,40203036.00
2023/08/29,61.72,66.06,61.72,65.45,789863,35933760.00
2023/08/30,63.63,67.66,63.43,65.99,751808,34934856.00
2023/08/31,66.40,66.40,63.00,63.04,960730,43292920.00
2023/09/01,63.05,63.43,61.65,61.98,1185312,52301560.00
2023/09/04,61.70,62.75,60.70,61.95,958296,41694256.00
2023/09/05,61.60,63.00,61.39,62.69,619419,27285488.00
2023/09/06,62.66,64.01,61.93,64.01,858612,38220180.00
2023/09/07,63.84,63.84,61.99,62.09,811801,35832960.00
2023/09/08,61.33,64.69,61.33,63.88,1107789,49738484.00
2023/09/11,63.87,65.95,63.15,65.00,1274815,58695320.00
2023/09/12,64.09,66.75,64.03,66.33,899553,41774612.00
2023/09/13,66.61,66.96,65.04,66.34,451537,21147446.00
2023/09/14,66.53,66.64,63.60,64.71,495793,22703078.00
2023/09/15,64.71,72.08,64.16,69.47,1691698,82574584.00
2023/09/18,69.35,70.60,68.25,69.09,1014294,49822648.00
2023/09/19,69.20,71.30,68.84,69.42,776140,38398408.00
2023/09/20,69.42,69.42,67.11,68.12,631333,30438008.00
2023/09/21,67.63,67.79,65.90,66.12,386836,18218192.00
2023/09/22,66.09,67.81,64.87,67.74,420376,19735716.00
2023/09/25,67.52,69.10,66.15,68.07,618061,29599936.00
2023/09/26,67.80,69.03,66.62,68.58,604293,29190746.00
2023/09/27,69.07,72.70,67.84,71.99,1218398,61591636.00
2023/09/28,73.37,73.71,69.37,69.73,768652,38669656.00
2023/10/09,69.48,70.32,67.42,69.59,865876,42294960.00
2023/10/10,69.59,69.90,67.66,68.58,532769,25904884.00
2023/10/11,69.40,75.92,69.06,75.09,1676289,87201544.00
2023/10/12,76.49,77.04,74.53,75.56,845519,45011860.00
2023/10/13,74.81,77.91,74.81,77.40,987543,53436748.00
2023/10/16,77.47,77.87,73.41,73.83,597175,31530680.00
2023/10/17,73.83,76.44,73.06,73.69,637935,33468290.00
2023/10/18,72.62,72.62,70.45,71.47,971200,48768588.00
2023/10/19,70.21,71.47,69.59,70.12,399091,19847384.00
2023/10/20,70.61,70.61,68.72,68.88,284563,13883445.00
2023/10/23,68.39,68.42,65.88,66.55,599529,28442254.00
2023/10/24,66.62,69.02,65.66,68.57,537137,25614672.00
2023/10/25,68.47,69.87,66.72,66.72,285612,13619699.00
2023/10/26,66.09,67.98,65.45,66.95,209032,9790684.00
2023/10/27,66.82,72.90,66.36,72.41,593736,29462906.00
2023/10/30,71.92,78.58,71.61,77.85,1329204,71456288.00
2023/10/31,75.09,80.95,74.79,78.83,1848994,103127376.00
2023/11/01,78.83,83.96,77.22,77.50,1817912,102971416.00
2023/11/02,78.02,79.13,76.20,76.27,1124938,61227036.00
2023/11/03,75.74,77.40,75.25,75.64,755805,40518644.00
2023/11/06,77.19,80.08,77.19,78.83,1176176,65430560.00
2023/11/07,78.29,81.45,77.21,79.01,832226,46888284.00
2023/11/08,78.76,83.16,78.54,82.98,1290779,74217072.00
2023/11/09,82.35,85.72,81.90,84.18,1133374,67113984.00
2023/11/10,83.68,85.59,80.75,84.49,720725,42553256.00
2023/11/13,84.50,84.73,82.77,83.45,714076,42205972.00
2023/11/14,85.51,85.59,82.11,83.13,325627,19145044.00
2023/11/15,84.03,85.44,82.09,82.72,612360,36020464.00
2023/11/16,82.49,83.77,81.41,82.35,333174,19405880.00
2023/11/17,81.67,85.29,81.67,85.03,439749,25968672.00
2023/11/20,85.01,89.49,83.33,84.33,1602291,98000896.00
2023/11/21,84.33,86.04,82.09,82.19,716544,42090744.00
2023/11/22,82.23,83.83,80.72,81.30,660586,38236040.00
2023/11/23,81.14,83.77,80.71,82.46,381963,22144408.00
2023/11/24,81.55,83.62,80.32,81.39,445473,25555672.00
2023/11/27,80.76,83.49,80.34,82.11,588502,34214168.00
2023/11/28,82.12,89.56,82.11,89.09,1584643,98094824.00
2023/11/29,89.05,91.39,86.97,87.26,707188,44396876.00
2023/11/30,86.57,87.65,84.91,87.25,731113,44610936.00
2023/12/01,87.13,87.23,84.75,85.03,410785,24801940.00
2023/12/04,85.08,85.08,81.98,82.14,964087,56472008.00
2023/12/05,83.19,83.19,80.81,82.09,501690,29034352.00
2023/12/06,82.47,86.66,81.41,83.41,662898,39400728.00
2023/12/07,83.41,85.16,82.23,83.58,782901,46256176.00
2023/12/08,82.40,86.60,82.23,84.89,873263,52395168.00
2023/12/11,84.89,86.27,82.54,82.57,772625,45780548.00
2023/12/12,83.21,84.14,81.81,82.33,458910,26748798.00
2023/12/13,82.29,84.88,81.77,83.07,416417,24521008.00
2023/12/14,84.18,84.85,81.98,82.00,283946,16718067.00
2023/12/15,82.70,83.70,81.67,82.09,340758,19925222.00
2023/12/18,82.28,82.28,79.29,80.32,1017509,57823364.00
2023/12/19,79.52,80.06,77.63,78.36,455546,25250436.00
2023/12/20,77.54,80.39,76.49,77.08,751149,41127156.00
2023/12/21,76.51,77.70,75.25,76.96,815853,44025076.00
2023/12/22,77.04,77.45,75.09,75.30,424003,22702582.00
2023/12/25,74.49,76.76,74.49,75.86,226976,12146802.00
2023/12/26,75.26,77.19,74.11,75.08,417885,22213180.00
2023/12/27,75.09,76.70,74.56,76.03,318548,17007588.00
2023/12/28,76.14,78.83,75.09,77.89,529572,29026478.00
2023/12/29,77.70,79.99,77.70,78.13,416312,23141716.00
2024/01/02,77.80,79.11,76.91,77.12,198031,10810645.00
2024/01/03,77.47,78.54,76.17,77.18,344785,18780596.00
2024/01/04,77.82,77.82,74.93,75.78,306370,16377288.00
2024/01/05,79.41,79.41,72.99,73.41,728171,38138624.00
2024/01/08,74.63,74.63,70.19,70.70,994668,50203748.00
2024/01/09,70.77,71.23,69.58,70.95,651993,32377504.00
2024/01/10,71.13,71.19,69.37,69.91,1005053,49631744.00
2024/01/11,69.51,70.96,69.51,70.17,395415,19597676.00
2024/01/12,70.12,70.50,68.37,69.05,473616,23165542.00
2024/01/15,68.85,69.62,67.66,69.00,418009,20275020.00
2024/01/16,68.36,69.00,66.67,67.93,502784,24027632.00
2024/01/17,66.65,67.88,63.32,63.56,1405024,64019176.00
2024/01/18,63.56,64.17,61.74,63.54,702092,31005964.00
2024/01/19,63.03,64.66,62.52,62.96,376032,16771046.00
2024/01/22,61.98,63.10,57.23,60.10,1203205,51733700.00
2024/01/23,60.53,60.91,58.29,60.79,1043502,43776408.00
2024/01/24,61.35,61.35,58.41,60.09,648342,27215624.00
2024/01/25,60.10,62.06,58.87,61.75,708995,30086336.00
2024/01/26,61.36,61.74,58.15,58.70,527406,22108302.00
2024/01/29,59.04,59.65,57.26,58.18,697542,28506256.00
2024/01/30,57.97,58.06,55.56,55.73,540923,21606230.00
2024/01/31,56.82,56.85,54.65,55.14,869812,34197968.00
2024/02/01,54.81,55.48,53.02,55.48,1565754,59618408.00
2024/02/02,54.23,55.07,50.72,51.28,1701151,62688672.00
2024/02/05,51.81,51.81,44.32,50.24,1658517,56097640.00
2024/02/06,49.89,54.36,47.12,53.69,1404213,50378212.00
2024/02/07,53.25,55.33,51.46,54.11,1260660,47190544.00
2024/02/08,53.94,59.11,53.39,58.22,592035,23572476.00
2024/02/19,58.22,58.56,56.49,57.24,330352,13334023.00
数据来源:通达信
