688211 中科微至 日线 后复权
      日期	    开盘	    最高	    最低	    收盘	    成交量	    成交额
2021/10/26,90.00,90.00,78.70,78.81,14491023,1194057984.00
2021/10/27,80.00,81.00,74.12,79.00,8918023,692090112.00
2021/10/28,80.00,80.00,75.23,77.87,4946834,384073632.00
2021/10/29,76.29,77.69,74.30,75.15,4077594,308478784.00
2021/11/01,74.45,74.45,70.33,71.91,3745026,269078112.00
2021/11/02,71.40,73.56,70.30,70.56,2820093,202958320.00
2021/11/03,70.57,73.55,70.57,73.20,2203390,159522496.00
2021/11/04,72.70,73.68,72.27,72.63,1480917,107701240.00
2021/11/05,72.00,76.80,71.80,75.25,3166958,238605920.00
2021/11/08,77.20,80.99,76.68,79.00,4962769,392653216.00
2021/11/09,78.90,81.88,77.95,80.10,3223556,257125168.00
2021/11/10,81.80,81.80,77.82,80.55,2922755,233245184.00
2021/11/11,80.03,83.75,79.20,83.00,3412565,279657664.00
2021/11/12,82.98,84.10,81.00,82.01,2751649,228465744.00
2021/11/15,81.52,84.43,81.02,82.49,2685130,223100304.00
2021/11/16,82.00,82.97,78.88,79.44,2303552,185066784.00
2021/11/17,78.51,81.08,77.82,80.01,1837785,146839824.00
2021/11/18,79.99,82.20,79.50,80.00,1293506,104548560.00
2021/11/19,80.10,80.98,77.81,78.70,2078076,163146208.00
2021/11/22,78.84,81.66,78.82,80.12,1610185,128724760.00
2021/11/23,80.12,80.30,78.09,78.69,1217562,95867560.00
2021/11/24,78.43,78.74,76.00,78.05,1776428,137346144.00
2021/11/25,77.14,81.49,77.14,81.05,1932993,154731408.00
2021/11/26,80.43,81.30,79.00,79.47,880114,70216032.00
2021/11/29,78.10,79.28,76.00,78.00,2292111,176851984.00
2021/11/30,77.35,78.04,77.03,77.37,960564,74341856.00
2021/12/01,77.37,78.01,76.53,77.00,1356845,104461784.00
2021/12/02,77.40,77.84,76.70,77.00,933684,72276008.00
2021/12/03,77.00,79.10,77.00,77.47,1817705,141428736.00
2021/12/06,77.60,79.58,77.58,78.77,1860157,146626656.00
2021/12/07,78.75,78.75,76.00,77.59,1114598,86135792.00
2021/12/08,77.23,77.93,76.60,77.50,819766,63389040.00
2021/12/09,77.78,77.78,76.38,76.67,802863,61596024.00
2021/12/10,76.45,76.78,75.01,75.17,922963,69921560.00
2021/12/13,75.05,75.29,73.00,73.50,1239252,91241232.00
2021/12/14,73.70,75.10,73.18,74.78,1291071,96003048.00
2021/12/15,74.50,76.19,74.11,75.72,1048796,78982568.00
2021/12/16,75.72,75.72,74.32,74.60,555701,41527760.00
2021/12/17,74.60,74.65,72.17,73.51,1262112,92325944.00
2021/12/20,72.93,73.08,72.20,72.30,456331,33125526.00
2021/12/21,72.32,72.55,72.03,72.29,562578,40615048.00
2021/12/22,72.32,72.88,72.25,72.49,521129,37800760.00
2021/12/23,72.80,72.80,72.17,72.45,539683,39079392.00
2021/12/24,72.46,72.46,71.17,71.25,497612,35626820.00
2021/12/27,71.67,71.67,70.80,71.25,527728,37487624.00
2021/12/28,71.25,72.83,71.25,71.46,858020,61677240.00
2021/12/29,71.64,74.36,71.51,73.85,2130367,155590960.00
2021/12/30,73.40,74.50,72.86,74.20,998686,73829848.00
2021/12/31,74.20,75.96,73.72,75.00,1290594,97352712.00
2022/01/04,75.00,75.60,72.76,73.37,1114227,81968440.00
2022/01/05,73.08,73.70,72.03,72.46,563237,40906948.00
2022/01/06,72.46,72.50,71.20,71.50,1046826,75000216.00
2022/01/07,71.65,71.82,70.25,71.17,1332203,94484496.00
2022/01/10,71.17,71.20,70.13,70.69,749488,52986600.00
2022/01/11,70.69,70.88,70.49,70.75,396146,27994820.00
2022/01/12,70.78,71.20,70.77,71.11,376580,26738378.00
2022/01/13,71.11,71.48,70.45,70.45,388349,27496520.00
2022/01/14,70.69,71.10,70.30,70.45,401837,28415584.00
2022/01/17,70.48,71.09,70.18,71.05,590010,41746648.00
2022/01/18,70.95,71.23,70.26,70.45,498357,35194340.00
2022/01/19,70.45,71.08,70.20,70.65,508864,35982944.00
2022/01/20,70.99,70.99,69.88,69.99,587196,41195864.00
2022/01/21,70.03,70.37,67.50,67.67,757706,51918356.00
2022/01/24,67.48,67.62,66.66,67.17,343616,23055820.00
2022/01/25,66.91,67.33,63.48,63.50,650518,42542340.00
2022/01/26,64.00,66.00,63.81,65.43,713654,46405260.00
2022/01/27,65.35,65.69,64.20,64.52,263047,17046832.00
2022/01/28,64.90,65.15,63.00,65.00,406934,26223524.00
2022/02/07,65.54,66.05,65.01,65.91,171667,11295045.00
2022/02/08,65.90,65.98,65.42,65.95,175712,11535652.00
2022/02/09,66.10,66.48,65.56,66.08,175378,11576865.00
2022/02/10,66.03,66.27,65.50,65.60,229142,15062683.00
2022/02/11,65.40,65.55,63.04,63.22,372351,23785532.00
2022/02/14,63.01,63.60,63.01,63.26,138152,8733847.00
2022/02/15,63.40,64.31,62.91,63.53,213334,13532448.00
2022/02/16,63.47,63.79,63.38,63.53,277485,17631306.00
2022/02/17,63.45,63.63,62.94,63.09,315208,19909616.00
2022/02/18,63.00,63.00,61.93,62.40,464917,28913120.00
2022/02/21,62.30,62.78,61.00,62.48,406260,25271326.00
2022/02/22,62.10,62.10,60.70,60.76,409385,25014850.00
2022/02/23,60.75,62.40,60.72,62.18,552458,34083484.00
2022/02/24,61.90,63.50,60.51,61.11,598975,37163024.00
2022/02/25,61.17,62.09,61.03,61.19,348171,21395078.00
2022/02/28,61.95,62.20,60.88,62.00,502020,30840340.00
2022/03/01,61.87,62.96,61.82,62.90,435113,27125248.00
2022/03/02,62.75,62.75,61.84,62.04,294488,18270852.00
2022/03/03,62.08,62.12,61.40,61.58,322371,19891864.00
2022/03/04,61.19,61.77,60.80,60.95,327925,20070174.00
2022/03/07,60.60,60.62,57.90,58.15,576079,34108312.00
2022/03/08,58.15,58.56,55.33,55.57,756088,42493284.00
2022/03/09,55.80,55.99,50.60,52.93,788794,42022520.00
2022/03/10,53.90,54.72,51.63,52.20,1162456,61533368.00
2022/03/11,52.10,52.37,50.62,52.08,613783,31642304.00
2022/03/14,52.02,52.02,50.54,50.80,493102,25132464.00
2022/03/15,50.42,50.99,47.77,47.77,832027,40922040.00
2022/03/16,48.12,48.88,46.87,48.73,631704,30432876.00
2022/03/17,49.15,50.59,49.15,49.49,750677,37509504.00
2022/03/18,49.50,49.88,49.10,49.67,375099,18590888.00
2022/03/21,49.60,50.50,49.11,50.19,565501,28204064.00
2022/03/22,50.01,50.26,49.30,49.56,429453,21408206.00
2022/03/23,49.32,49.98,49.32,49.41,481570,23845522.00
2022/03/24,49.38,49.38,47.91,48.20,513581,24796248.00
2022/03/25,48.61,48.77,47.78,47.81,303088,14616056.00
2022/03/28,47.40,47.90,46.72,47.20,300468,14185999.00
2022/03/29,47.01,47.65,45.69,45.98,589557,27370292.00
2022/03/30,46.17,46.74,45.73,46.50,529717,24498656.00
2022/03/31,46.65,47.20,46.23,46.50,318757,14885446.00
2022/04/01,46.45,46.58,45.80,46.29,296234,13683007.00
2022/04/06,46.29,47.37,46.12,47.22,422174,19784224.00
2022/04/07,47.09,47.09,45.90,46.00,405366,18778172.00
2022/04/08,45.84,46.29,45.06,45.47,388955,17699772.00
2022/04/11,46.14,47.99,45.47,45.82,817743,38140028.00
2022/04/12,45.00,45.59,44.53,45.46,561523,25275440.00
2022/04/13,45.46,50.60,44.76,48.96,2139901,104081288.00
2022/04/14,48.17,48.96,47.14,48.33,1256827,60241044.00
2022/04/15,48.00,48.00,46.55,46.71,829380,39072896.00
2022/04/18,46.50,47.19,45.69,46.90,516039,23969576.00
2022/04/19,46.90,47.29,46.57,46.73,345116,16181217.00
2022/04/20,46.74,47.13,46.34,46.84,374210,17538368.00
2022/04/21,46.31,47.00,44.86,45.10,658482,30012708.00
2022/04/22,45.10,45.10,44.02,44.20,415023,18413828.00
2022/04/25,44.00,44.00,39.88,39.91,764931,32114216.00
2022/04/26,37.78,37.85,32.90,33.20,2602290,90915496.00
2022/04/27,32.18,34.60,31.80,33.60,1903137,63570840.00
2022/04/28,33.64,33.80,31.90,32.68,1109487,36318752.00
2022/04/29,32.97,35.28,32.51,34.94,1141391,39274560.00
2022/05/05,35.01,35.92,34.56,35.41,676246,24016236.00
2022/05/06,34.83,35.70,34.53,35.30,521812,18425666.00
2022/05/09,35.50,36.18,34.83,35.93,499528,17896204.00
2022/05/10,35.60,36.64,35.23,36.48,467689,16973072.00
2022/05/11,36.17,37.94,36.15,37.00,864927,32327476.00
2022/05/12,37.00,37.67,36.70,37.26,506971,18891116.00
2022/05/13,37.01,37.68,36.90,37.25,376933,14069811.00
2022/05/16,37.45,37.97,36.64,36.90,411885,15300979.00
2022/05/17,36.70,37.14,36.51,36.74,316356,11631998.00
2022/05/18,37.01,37.42,36.70,36.99,336991,12494734.00
2022/05/19,36.50,36.98,36.22,36.62,314435,11522325.00
2022/05/20,36.62,37.19,36.52,37.14,352461,13026480.00
2022/05/23,37.10,39.40,36.92,38.63,899111,34420652.00
2022/05/24,38.63,38.96,36.40,36.45,558542,20979828.00
2022/05/25,36.36,36.79,35.92,36.36,360309,13061739.00
2022/05/26,36.37,36.39,35.55,35.96,327146,11775587.00
2022/05/27,36.28,36.29,35.73,35.85,230173,8284324.00
2022/05/30,35.70,36.18,35.62,35.85,248795,8922008.00
2022/05/31,35.73,37.96,35.51,37.83,1047348,39025544.00
2022/06/01,38.00,42.50,37.52,40.58,2327864,94381080.00
2022/06/02,40.99,47.00,39.94,45.90,3611658,156707904.00
2022/06/06,45.88,48.30,44.94,45.85,3340685,154582672.00
2022/06/07,45.25,45.72,43.18,43.53,2287817,100824672.00
2022/06/08,44.07,44.07,41.80,42.50,2138402,91488552.00
2022/06/09,42.18,42.50,40.58,40.90,1142409,47237436.00
2022/06/10,40.62,42.95,40.58,42.23,1727400,72136096.00
2022/06/13,41.99,43.36,40.86,41.26,1289202,54004704.00
2022/06/14,40.90,40.91,39.15,40.46,991870,39602016.00
2022/06/15,40.53,41.28,40.40,40.40,931602,38041296.00
2022/06/16,41.19,42.36,40.52,41.73,1483595,61963732.00
2022/06/17,41.61,41.73,40.43,41.07,797168,32769856.00
2022/06/20,41.06,41.70,40.95,41.28,617622,25539404.00
2022/06/21,41.18,41.38,40.30,40.91,725232,29674676.00
2022/06/22,40.92,41.00,39.75,39.83,632921,25432012.00
2022/06/23,40.13,40.56,39.59,40.54,519080,20551432.00
2022/06/24,40.60,41.99,40.60,41.73,979592,40110100.00
2022/06/27,41.81,42.64,41.49,42.10,834964,34693080.00
2022/06/28,41.82,42.77,41.50,42.60,776327,32352728.00
2022/06/29,42.20,43.01,41.41,41.41,1024979,42488608.00
2022/06/30,41.49,41.73,41.11,41.33,563893,23003292.00
2022/07/01,41.23,41.47,40.46,40.58,589859,23724324.00
2022/07/04,40.69,40.81,40.26,40.79,442057,17660016.00
2022/07/05,40.60,40.79,39.48,39.90,475973,18780048.00
2022/07/06,39.90,40.42,39.40,39.58,342653,13438481.00
2022/07/07,39.58,39.58,38.90,39.20,287077,11113245.00
2022/07/08,39.28,40.35,39.19,39.49,367851,14409457.00
2022/07/11,39.30,39.50,38.60,38.71,372710,14264693.00
2022/07/12,38.61,38.99,37.82,37.82,413092,15501044.00
2022/07/13,37.90,38.47,37.82,38.29,256409,9630707.00
2022/07/14,38.28,39.29,38.12,39.18,452259,17317972.00
2022/07/15,38.92,40.45,38.43,39.69,1065365,41384136.00
2022/07/18,39.46,39.94,39.10,39.70,510531,19878530.00
2022/07/19,39.69,43.57,39.48,42.78,2584646,107369384.00
2022/07/20,42.38,43.20,42.22,42.32,855011,35905148.00
2022/07/21,42.34,42.81,42.06,42.08,695341,29035342.00
2022/07/22,42.07,42.45,41.34,41.53,411438,16945574.00
2022/07/25,41.67,42.46,41.11,41.56,490033,20106936.00
2022/07/26,41.52,42.79,40.82,42.26,585777,24289296.00
2022/07/27,42.26,42.80,42.12,42.51,398087,16675071.00
2022/07/28,42.51,44.04,42.51,43.82,1011830,43389864.00
2022/07/29,43.87,44.34,43.45,43.93,985620,42596532.00
2022/08/01,43.93,44.68,43.25,43.94,892544,38759056.00
2022/08/02,43.88,44.91,42.28,44.44,1772386,76228776.00
2022/08/03,44.46,46.57,43.70,44.00,1569288,69949968.00
2022/08/04,43.91,44.55,42.22,43.28,1258676,53418952.00
2022/08/05,43.16,44.80,43.11,44.30,1047125,45459176.00
2022/08/08,44.40,46.94,44.40,46.73,1588815,72170240.00
2022/08/09,46.80,46.90,45.62,46.16,680651,30863584.00
2022/08/10,48.07,50.17,47.01,49.63,2566600,123720928.00
2022/08/11,49.18,49.99,48.80,49.49,1264288,61576752.00
2022/08/12,49.12,49.60,47.38,47.38,1037275,49510124.00
2022/08/15,46.91,49.38,46.48,48.48,1005566,47933068.00
2022/08/16,48.38,49.05,47.45,47.70,696172,33180204.00
2022/08/17,47.70,48.13,47.20,47.66,661649,31174166.00
2022/08/18,47.56,48.76,47.10,48.40,721429,34185888.00
2022/08/19,48.34,48.68,46.37,46.41,765787,35707800.00
2022/08/22,46.20,46.71,44.78,44.99,779459,34941648.00
2022/08/23,44.98,46.08,44.75,45.10,520749,23301148.00
2022/08/24,45.01,45.08,42.96,43.10,819501,35347384.00
2022/08/25,43.56,43.75,42.90,43.20,349750,14930771.00
2022/08/26,43.17,43.88,43.10,43.29,348936,14932348.00
2022/08/29,42.65,43.09,42.22,42.49,371694,15594219.00
2022/08/30,41.80,42.40,41.46,42.13,592001,24379684.00
2022/08/31,41.64,41.70,40.71,40.91,405302,16485530.00
2022/09/01,41.10,41.45,40.89,41.06,240782,9772265.00
2022/09/02,41.06,41.81,40.90,41.64,270922,11076303.00
2022/09/05,41.78,41.94,41.10,41.20,254513,10352562.00
2022/09/06,41.30,41.69,41.23,41.57,184416,7540216.00
2022/09/07,41.32,42.08,41.32,41.75,196626,8088007.00
2022/09/08,41.61,42.35,41.61,41.95,333231,13820370.00
2022/09/09,41.95,41.95,41.05,41.40,217081,8838238.00
2022/09/13,41.69,42.07,41.52,41.75,163520,6738223.00
2022/09/14,41.01,41.49,40.85,41.22,169449,6868617.00
2022/09/15,41.65,41.69,40.22,40.48,289672,11617445.00
2022/09/16,40.70,40.70,38.98,39.19,277768,10843120.00
2022/09/19,38.91,39.50,37.75,38.14,258744,9799686.00
2022/09/20,38.14,38.76,38.14,38.58,153557,5815084.00
2022/09/21,38.35,38.88,37.71,38.68,116862,4406681.00
2022/09/22,38.50,39.50,38.20,38.89,181716,6978722.00
2022/09/23,38.80,38.96,37.48,37.77,264321,9899179.00
2022/09/26,37.44,37.86,36.78,36.80,196224,7187659.00
2022/09/27,37.10,37.59,36.50,36.84,433146,15651990.00
2022/09/28,36.79,36.79,36.27,36.27,230804,8285443.00
2022/09/29,36.57,36.57,35.86,35.97,122443,4364561.00
2022/09/30,35.97,36.24,35.60,35.95,113968,4018264.00
2022/10/10,35.96,36.55,35.15,35.21,121830,4236888.00
2022/10/11,35.21,35.21,34.22,34.72,186185,6327537.00
2022/10/12,34.94,35.70,34.20,35.43,292999,10129227.00
2022/10/13,35.23,36.26,35.23,35.85,214697,7599155.00
2022/10/14,36.40,37.23,35.94,36.78,311433,11256414.00
2022/10/17,37.02,37.79,36.73,37.56,266366,9834830.00
2022/10/18,37.55,38.29,37.12,38.21,291977,10814487.00
2022/10/19,38.21,38.21,36.80,36.81,415219,15247506.00
2022/10/20,37.28,40.56,36.74,39.15,992988,37810504.00
2022/10/21,39.57,39.78,38.49,39.53,543169,21039444.00
2022/10/24,40.20,40.20,38.01,38.01,402882,15457373.00
2022/10/25,38.28,38.33,37.11,37.22,394363,14567968.00
2022/10/26,37.42,39.43,37.23,38.38,559440,21240256.00
2022/10/27,38.08,40.11,37.93,38.96,687204,26313400.00
2022/10/28,38.73,38.95,37.17,37.52,601223,22392664.00
2022/10/31,36.61,38.52,35.92,37.80,884372,32410664.00
2022/11/01,37.60,38.40,37.05,38.27,653178,24391306.00
2022/11/02,38.31,38.86,38.01,38.41,778255,29444972.00
2022/11/03,38.41,38.53,37.87,38.42,561097,21148680.00
2022/11/04,38.44,38.69,38.19,38.44,928887,35167944.00
2022/11/07,38.48,39.75,38.21,39.20,1326458,50888904.00
2022/11/08,39.03,39.52,39.00,39.21,686862,26537520.00
2022/11/09,39.55,39.72,39.02,39.11,368602,14282641.00
2022/11/10,39.05,39.38,38.70,39.33,1126951,43435512.00
2022/11/11,39.93,40.59,39.35,39.44,578095,22618396.00
2022/11/14,39.24,39.70,39.02,39.19,342212,13222804.00
2022/11/15,39.89,43.32,39.89,42.87,2127404,88654432.00
2022/11/16,42.65,43.96,42.40,43.02,1766611,75410728.00
2022/11/17,43.23,43.23,42.28,42.59,564058,23634512.00
2022/11/18,42.59,43.55,42.30,42.60,725806,30783176.00
2022/11/21,43.19,43.49,42.20,42.88,588888,24930716.00
2022/11/22,42.90,43.19,41.76,41.94,458782,19177332.00
2022/11/23,41.81,41.94,40.86,41.76,556208,22679840.00
2022/11/24,41.95,42.20,41.35,41.91,252661,10421040.00
2022/11/25,42.06,42.06,40.96,41.20,301053,12271262.00
2022/11/28,40.60,41.50,40.44,41.22,310520,12539115.00
2022/11/29,41.20,42.18,40.81,42.09,314019,12963044.00
2022/11/30,41.90,44.62,41.90,43.20,763738,32800580.00
2022/12/01,43.60,43.69,42.85,42.89,491266,20991644.00
2022/12/02,43.19,43.78,43.06,43.32,460772,19769560.00
2022/12/05,43.48,43.96,43.28,43.51,481945,20726876.00
2022/12/06,43.40,44.10,42.96,43.53,427895,18438408.00
2022/12/07,43.73,44.35,42.81,42.99,422353,17995462.00
2022/12/08,43.26,44.68,42.68,44.18,973331,42285336.00
2022/12/09,44.04,44.89,43.80,44.46,705523,30978680.00
2022/12/12,44.28,44.70,43.40,43.60,491010,21200672.00
2022/12/13,43.69,43.78,43.32,43.39,176539,7571555.00
2022/12/14,44.04,44.04,42.21,42.25,435082,18328676.00
2022/12/15,42.10,43.90,42.10,43.40,617521,26388894.00
2022/12/16,43.00,43.55,42.90,42.95,107571,4566429.00
2022/12/19,43.32,44.79,42.62,44.16,1349346,58699644.00
2022/12/20,44.16,44.16,42.66,42.93,449746,19193608.00
2022/12/21,43.28,43.40,42.42,42.48,267747,11306393.00
2022/12/22,41.71,42.99,41.00,41.19,338386,13945992.00
2022/12/23,40.83,43.02,40.83,42.22,422835,17681004.00
2022/12/26,42.75,43.13,42.00,42.56,183997,7742215.00
2022/12/27,42.99,43.86,42.22,43.43,481370,20535228.00
2022/12/28,43.44,43.64,42.10,42.93,462441,19547008.00
2022/12/29,42.39,43.80,42.39,43.12,462092,19738256.00
2022/12/30,43.16,43.16,42.21,42.21,228357,9566014.00
2023/01/03,42.45,43.10,42.06,42.78,427546,17926128.00
2023/01/04,42.43,42.96,42.40,42.40,287295,12056985.00
2023/01/05,42.41,43.33,42.41,43.08,345768,14640398.00
2023/01/06,43.08,43.73,42.93,43.10,369286,15742616.00
2023/01/09,43.51,43.58,42.90,43.03,589104,25114638.00
2023/01/10,43.01,43.33,42.40,42.63,288455,12143082.00
2023/01/11,42.41,42.87,41.72,42.08,273426,11383156.00
2023/01/12,42.38,42.38,41.61,41.82,148268,6126640.00
2023/01/13,42.11,42.11,41.69,41.80,139082,5735399.00
2023/01/16,42.10,42.61,41.80,42.11,466065,19386652.00
2023/01/17,42.10,42.41,41.87,42.15,126281,5247147.00
2023/01/18,42.33,42.33,42.06,42.20,111434,4634276.00
2023/01/19,42.35,42.75,42.06,42.75,227166,9524359.00
2023/01/20,43.00,43.47,42.66,42.87,262326,11103584.00
2023/01/30,43.20,44.08,43.20,43.71,485542,20910378.00
2023/01/31,43.30,43.47,42.30,42.55,1031528,43409752.00
2023/02/01,42.40,44.80,42.30,44.79,1362152,59083172.00
2023/02/02,44.60,45.75,44.41,45.16,866618,38681988.00
2023/02/03,45.45,45.51,44.76,45.20,459738,20464984.00
2023/02/06,44.98,45.53,44.58,44.61,462800,20561308.00
2023/02/07,45.10,48.51,44.50,48.20,2321071,107579680.00
2023/02/08,47.91,48.55,46.09,46.20,1908768,88972784.00
2023/02/09,46.27,46.45,45.05,45.45,1953327,87456456.00
2023/02/10,45.40,46.08,44.53,44.78,1247591,55748512.00
2023/02/13,44.90,45.01,44.03,44.44,1608651,70439872.00
2023/02/14,44.39,44.46,43.60,43.92,1317616,57157356.00
2023/02/15,43.96,45.45,43.65,45.39,1625545,71484136.00
2023/02/16,45.40,45.60,43.65,43.85,1258056,55278504.00
2023/02/17,43.87,44.34,43.33,43.69,756959,32677270.00
2023/02/20,43.87,43.87,43.20,43.30,716053,30631856.00
2023/02/21,43.55,43.56,43.10,43.36,527030,22481482.00
2023/02/22,43.42,44.02,43.28,43.53,447976,19292460.00
2023/02/23,43.32,43.86,43.06,43.28,380983,16288484.00
2023/02/24,43.39,43.44,43.10,43.29,164073,6994564.00
2023/02/27,43.21,43.79,42.92,43.46,546728,23414542.00
2023/02/28,43.13,43.93,42.87,43.57,561550,24100256.00
2023/03/01,43.40,44.70,43.40,44.33,815456,35614020.00
2023/03/02,44.14,44.55,43.60,43.62,398768,17291636.00
2023/03/03,43.58,44.19,43.42,44.19,262971,11307490.00
2023/03/06,43.69,44.16,43.48,43.85,248500,10720974.00
2023/03/07,43.45,43.80,42.90,42.90,343379,14685420.00
2023/03/08,42.91,43.19,42.79,42.98,210167,8897657.00
2023/03/09,43.00,43.24,42.89,42.97,234260,9945015.00
2023/03/10,43.02,43.20,42.80,42.91,162951,6919312.00
2023/03/13,42.80,43.18,41.90,42.45,329548,13735541.00
2023/03/14,42.45,42.72,41.93,42.71,240572,10039355.00
2023/03/15,42.71,43.40,42.62,43.07,215615,9186016.00
2023/03/16,42.90,43.07,41.95,42.10,343271,14336592.00
2023/03/17,42.34,42.43,42.01,42.28,383153,15930994.00
2023/03/20,42.35,42.90,42.04,42.65,238824,9996391.00
2023/03/21,42.89,43.15,42.48,43.11,181594,7669838.00
2023/03/22,43.25,44.36,42.91,44.11,618669,26776416.00
2023/03/23,44.09,44.58,43.88,44.27,429314,18753974.00
2023/03/24,44.48,44.48,43.73,43.92,414441,17997664.00
2023/03/27,43.70,44.58,43.63,43.98,376822,16422985.00
2023/03/28,44.20,44.20,43.68,43.70,220216,9538762.00
2023/03/29,43.90,44.03,43.48,43.78,303524,13114973.00
2023/03/30,43.90,43.90,42.80,42.95,728693,31036378.00
2023/03/31,43.05,43.28,42.45,42.52,384135,16204755.00
2023/04/03,42.75,46.28,42.62,45.20,3037006,135923328.00
2023/04/04,45.50,45.81,44.49,44.71,1235621,55056664.00
2023/04/06,44.71,45.22,44.31,44.59,700740,30858780.00
2023/04/07,44.48,45.30,44.37,45.17,612966,27154816.00
2023/04/10,45.88,47.58,43.77,44.19,1239121,55985216.00
2023/04/11,44.39,44.40,43.33,43.84,701461,30274844.00
2023/04/12,44.03,44.98,43.71,44.66,499642,21854872.00
2023/04/13,44.65,45.01,43.80,43.98,423899,18575736.00
2023/04/14,43.90,44.16,43.17,43.65,489230,20995364.00
2023/04/17,43.63,43.97,42.80,42.97,633316,26967004.00
2023/04/18,43.13,43.17,42.48,42.49,501092,21064380.00
2023/04/19,42.65,43.53,42.40,42.75,629867,26733020.00
2023/04/20,42.62,42.80,42.14,42.45,346808,14475822.00
2023/04/21,42.20,42.51,40.97,41.40,520506,21391194.00
2023/04/24,41.40,41.56,39.88,39.95,394386,15702793.00
2023/04/25,39.95,40.55,39.75,40.55,247039,9764501.00
2023/04/26,40.16,40.79,40.16,40.31,142185,5675869.00
2023/04/27,40.26,40.58,40.20,40.48,161682,6428487.00
2023/04/28,41.55,47.03,41.40,46.48,4770866,214273776.00
2023/05/04,46.55,49.02,46.28,48.68,3461178,164266304.00
2023/05/05,48.68,49.70,47.30,48.92,2115448,101682096.00
2023/05/08,48.49,49.11,46.31,46.53,1668633,77273664.00
2023/05/09,46.55,46.58,43.80,44.05,1755646,77689368.00
2023/05/10,43.70,44.31,43.25,43.55,861850,37141392.00
2023/05/11,43.43,43.46,42.94,43.24,508788,21661084.00
2023/05/12,43.45,43.45,42.59,42.59,494777,20888262.00
2023/05/15,42.72,42.72,41.71,42.35,653650,27138684.00
2023/05/16,42.40,42.79,41.91,42.35,787855,32961390.00
2023/05/17,42.60,43.19,42.19,43.07,479648,20239872.00
2023/05/18,43.32,44.50,43.31,44.32,1070803,46490072.00
2023/05/19,44.30,45.18,43.78,44.40,1016250,44689096.00
2023/05/22,44.57,46.06,44.57,45.73,1292594,58178596.00
2023/05/23,45.22,46.49,45.22,46.00,993656,45196344.00
2023/05/24,45.60,46.70,45.40,46.51,927969,42408420.00
2023/05/25,46.20,46.66,45.60,46.06,855459,38958768.00
2023/05/26,46.29,47.00,45.75,46.79,867803,39827312.00
2023/05/29,46.79,48.99,46.70,46.81,1772485,83635672.00
2023/05/30,47.47,47.47,46.25,46.77,612419,28185384.00
2023/05/31,47.29,47.85,46.31,46.78,465864,21626194.00
2023/06/01,47.62,47.88,45.71,46.57,1077205,49814316.00
2023/06/02,46.84,47.34,46.12,46.69,595604,27457328.00
2023/06/05,47.07,47.16,46.39,46.43,417359,19250170.00
2023/06/06,46.27,46.62,44.86,44.91,472866,21190584.00
2023/06/07,44.69,45.36,44.52,45.07,460681,20461598.00
2023/06/08,44.85,45.29,44.58,44.92,354806,15723279.00
2023/06/09,45.20,45.71,44.62,45.26,389944,17388020.00
2023/06/12,45.55,46.14,44.82,45.68,423366,19048192.00
2023/06/13,46.00,46.00,45.42,45.71,263348,11870724.00
2023/06/14,45.71,45.71,44.81,45.35,304674,13604720.00
2023/06/15,45.26,45.65,44.99,45.39,242500,10846230.00
2023/06/16,45.20,45.80,45.05,45.48,313539,14033418.00
2023/06/19,45.65,46.13,44.60,44.70,856173,38336960.00
2023/06/20,44.80,46.48,44.41,45.85,992710,44742704.00
2023/06/21,45.90,46.20,43.85,43.99,806087,35385188.00
2023/06/26,44.10,44.10,43.03,43.25,434526,18609112.00
2023/06/27,43.39,43.88,42.96,43.60,414267,17726064.00
2023/06/28,43.83,43.83,42.37,43.44,477106,20181428.00
2023/06/29,43.44,44.73,43.01,44.57,482690,21049020.00
2023/06/30,44.70,45.83,44.22,45.77,991631,44457736.00
2023/07/03,46.01,46.25,45.30,45.41,418732,18857088.00
2023/07/04,45.30,45.78,45.25,45.38,264665,11862234.00
2023/07/05,45.58,45.78,44.76,44.95,252669,11237544.00
2023/07/06,45.18,45.55,44.20,45.10,378253,16802088.00
2023/07/07,45.20,45.20,44.46,44.94,274181,12129368.00
2023/07/10,44.72,45.04,44.03,44.35,405719,17771974.00
2023/07/11,44.49,44.78,43.96,44.00,412175,17980856.00
2023/07/12,44.20,44.40,43.62,43.69,349966,15167323.00
2023/07/13,44.01,44.15,43.61,44.11,290791,12599255.00
2023/07/14,44.11,45.10,43.93,44.09,623540,27337712.00
2023/07/17,44.30,44.32,43.67,43.94,281284,12182782.00
2023/07/18,44.20,44.57,43.80,43.94,367767,16012377.00
2023/07/19,43.73,44.10,43.45,43.58,552381,23773620.00
2023/07/20,43.88,43.88,42.46,42.52,672560,28447696.00
2023/07/21,42.66,42.74,41.53,41.85,649839,26983928.00
2023/07/24,42.00,42.16,41.51,41.60,369581,15199171.00
2023/07/25,42.08,42.39,41.62,42.26,629253,26083836.00
2023/07/26,42.35,42.35,41.72,41.84,303411,12509570.00
2023/07/27,41.84,42.16,41.52,41.72,282848,11653987.00
2023/07/28,41.60,42.00,41.37,41.94,279840,11502983.00
2023/07/31,41.36,42.55,41.36,42.47,369684,15395587.00
2023/08/01,42.48,43.10,42.29,42.90,538184,22735714.00
2023/08/02,43.02,43.02,42.37,42.88,272360,11474402.00
2023/08/03,42.88,43.37,42.41,42.71,331984,13998294.00
2023/08/04,42.71,42.98,42.37,42.37,374833,15724962.00
2023/08/07,42.37,42.44,41.85,42.26,283992,11795567.00
2023/08/08,42.37,42.37,41.68,41.70,236175,9746445.00
2023/08/09,41.66,41.89,41.52,41.68,213936,8782958.00
2023/08/10,41.60,41.96,41.36,41.86,162554,6684417.00
2023/08/11,42.05,42.05,40.92,41.00,387517,15781155.00
2023/08/14,41.30,41.30,40.13,40.65,352895,14078256.00
2023/08/15,40.60,40.94,40.15,40.58,247621,9871261.00
2023/08/16,40.21,40.78,40.03,40.26,282563,11221951.00
2023/08/17,40.00,40.75,39.63,40.57,343589,13685565.00
2023/08/18,40.57,41.07,40.48,40.60,376610,15135643.00
2023/08/21,40.45,40.99,39.88,40.30,440802,17514688.00
2023/08/22,40.30,40.48,39.31,40.28,566311,22246582.00
2023/08/23,40.48,40.48,39.25,39.35,350587,13616371.00
2023/08/24,39.35,39.59,38.53,39.10,435287,16675507.00
2023/08/25,38.71,39.10,37.60,37.73,408302,15375365.00
2023/08/28,39.46,40.05,38.20,38.40,702515,26939760.00
2023/08/29,38.56,39.87,38.22,39.75,1268802,49247228.00
2023/08/30,39.96,41.47,39.87,41.02,1724652,69544208.00
2023/08/31,40.60,40.95,39.67,39.68,1408910,55752992.00
2023/09/01,39.61,40.04,38.70,38.94,983940,37891976.00
2023/09/04,38.95,39.14,38.02,38.63,1181652,44680064.00
2023/09/05,38.60,38.88,38.23,38.63,501820,19072820.00
2023/09/06,38.40,38.85,38.40,38.75,731126,27759876.00
2023/09/07,38.71,38.85,37.98,37.98,727556,27431988.00
2023/09/08,37.81,38.50,37.81,38.23,516741,19417116.00
2023/09/11,38.46,38.83,38.10,38.70,416762,15830869.00
2023/09/12,38.58,38.87,38.42,38.48,329576,12531321.00
2023/09/13,38.38,38.63,37.77,38.03,718896,26908626.00
2023/09/14,37.96,38.25,37.45,37.72,410422,15212288.00
2023/09/15,37.61,38.16,37.47,37.86,324759,12082101.00
2023/09/18,37.75,38.22,37.38,38.07,308494,11534623.00
2023/09/19,37.74,38.00,37.53,37.58,346017,12821154.00
2023/09/20,37.48,37.68,37.35,37.37,262472,9679569.00
2023/09/21,37.31,37.43,36.48,36.71,488415,17685360.00
2023/09/22,36.50,38.30,36.50,38.13,754592,27995874.00
2023/09/25,38.66,38.66,37.28,37.41,476752,17679040.00
2023/09/26,37.35,37.49,37.03,37.15,311397,11400301.00
2023/09/27,37.30,37.59,37.00,37.43,327674,12015443.00
2023/09/28,37.38,38.15,37.20,38.03,326833,12182991.00
2023/10/09,38.20,38.24,37.80,37.82,268197,10036290.00
2023/10/10,37.90,38.13,37.20,37.28,402232,14823942.00
2023/10/11,37.59,38.28,37.26,37.87,578410,21590742.00
2023/10/12,38.18,38.18,37.53,37.91,528757,19638668.00
2023/10/13,37.91,37.91,37.36,37.49,384084,14196315.00
2023/10/16,37.77,37.77,36.97,37.13,368490,13476998.00
2023/10/17,37.13,37.14,36.51,36.85,452986,16362533.00
2023/10/18,36.60,36.84,36.18,36.21,460133,16439485.00
2023/10/19,36.12,36.75,35.98,36.21,448065,16048509.00
2023/10/20,36.23,36.39,35.77,36.05,296377,10496465.00
2023/10/23,36.05,36.05,34.35,34.66,596844,20423716.00
2023/10/24,34.66,34.80,34.06,34.43,909814,30747650.00
2023/10/25,34.60,35.06,34.41,34.41,627700,21333716.00
2023/10/26,34.40,34.67,33.59,34.65,476919,15964744.00
2023/10/27,34.91,35.73,34.61,35.60,647483,22426004.00
2023/10/30,34.36,37.80,34.11,36.40,1384694,48203664.00
2023/10/31,35.80,36.60,35.31,36.20,1331570,46902792.00
2023/11/01,36.20,36.47,35.80,36.01,399239,14201957.00
2023/11/02,35.90,36.90,35.61,35.63,539842,19190600.00
2023/11/03,36.00,37.46,35.63,37.09,910585,33102304.00
2023/11/06,37.33,37.62,36.80,37.54,493376,18146178.00
2023/11/07,37.55,37.56,37.10,37.40,412020,15134207.00
2023/11/08,37.41,37.58,37.01,37.27,354527,13005233.00
2023/11/09,37.10,37.56,37.08,37.17,369911,13571119.00
2023/11/10,37.00,37.41,36.75,37.04,230049,8405201.00
2023/11/13,37.05,37.57,37.05,37.55,367958,13540731.00
2023/11/14,37.70,37.77,37.40,37.65,386295,14285400.00
2023/11/15,37.95,37.95,37.49,37.53,295375,10962764.00
2023/11/16,37.50,37.87,37.14,37.14,338762,12499848.00
2023/11/17,37.16,37.40,37.03,37.33,270195,9897281.00
2023/11/20,37.73,39.46,37.56,38.69,1546888,58860640.00
2023/11/21,38.58,38.58,37.81,37.85,890342,33459206.00
2023/11/22,37.61,38.16,37.37,37.41,477751,17710860.00
2023/11/23,37.16,37.78,37.11,37.75,345583,12740817.00
2023/11/24,37.68,37.68,37.23,37.40,307192,11293627.00
2023/11/27,37.22,38.65,37.15,38.20,665224,24864348.00
2023/11/28,38.28,38.48,37.89,38.28,278760,10492509.00
2023/11/29,38.47,38.54,37.90,37.96,367520,13825534.00
2023/11/30,37.90,38.45,37.19,37.67,312542,11569877.00
2023/12/01,37.80,37.80,37.20,37.65,292108,10760146.00
2023/12/04,37.57,37.67,37.30,37.34,219940,8102290.00
2023/12/05,37.33,37.49,36.49,36.49,327966,11910979.00
2023/12/06,36.40,37.03,36.30,36.83,234145,8448351.00
2023/12/07,36.84,36.98,36.49,36.79,195371,7058317.00
2023/12/08,36.79,37.34,36.58,36.77,309365,11267578.00
2023/12/11,36.76,37.30,36.36,37.24,360003,13079759.00
2023/12/12,37.04,37.68,36.86,37.57,345451,12690547.00
2023/12/13,37.57,37.85,37.26,37.35,271412,10024059.00
2023/12/14,37.40,38.15,37.40,37.49,251760,9344447.00
2023/12/15,37.51,37.78,36.92,37.01,303376,11101220.00
2023/12/18,36.88,37.10,36.34,36.46,203518,7332695.00
2023/12/19,36.32,36.86,36.12,36.46,219707,7873026.00
2023/12/20,36.67,36.83,36.11,36.11,230090,8246949.00
2023/12/21,36.35,36.53,35.65,36.36,245631,8695519.00
2023/12/22,36.40,36.52,36.01,36.28,270848,9657470.00
2023/12/25,36.25,36.54,35.80,36.14,168620,5999923.00
2023/12/26,36.25,36.25,35.18,35.38,287858,10067630.00
2023/12/27,35.38,36.15,35.18,36.05,275862,9702654.00
2023/12/28,35.71,36.95,35.65,36.83,229962,8262469.00
2023/12/29,36.55,37.38,36.55,37.27,268103,9811761.00
2024/01/02,37.27,37.69,37.12,37.52,271814,10031811.00
2024/01/03,37.51,37.93,37.20,37.59,290061,10727782.00
2024/01/04,37.31,37.50,37.16,37.40,166408,6116409.00
2024/01/05,37.44,37.75,36.61,36.80,217058,7950717.00
2024/01/08,36.90,36.98,35.70,35.75,231775,8240872.00
2024/01/09,35.75,36.58,35.75,36.04,170241,6067453.00
2024/01/10,35.86,35.87,34.25,34.95,705581,24178996.00
2024/01/11,34.71,35.40,34.45,35.21,285255,9764494.00
2024/01/12,35.00,36.36,34.90,35.75,627297,22168618.00
2024/01/15,35.98,36.22,35.29,35.47,284576,9972336.00
2024/01/16,35.48,35.79,34.91,35.36,186581,6471392.00
2024/01/17,35.37,35.49,34.52,34.53,172556,5931933.00
2024/01/18,34.27,34.82,33.78,34.60,298925,10067003.00
2024/01/19,34.70,34.82,34.15,34.44,156264,5300159.00
2024/01/22,34.62,34.63,32.21,32.48,351457,11486768.00
2024/01/23,32.42,32.94,31.98,32.40,269294,8557233.00
2024/01/24,32.32,32.68,30.67,31.90,420121,13021486.00
2024/01/25,31.90,33.45,31.73,33.35,288102,9270607.00
2024/01/26,33.35,33.57,32.98,33.26,147950,4832531.00
2024/01/29,33.19,33.79,32.61,32.73,200163,6486359.00
2024/01/30,32.60,32.87,31.49,32.35,331874,10464625.00
2024/01/31,32.47,32.54,31.10,31.90,501936,15588425.00
2024/02/01,31.10,31.90,30.70,31.17,259306,7921487.00
2024/02/02,31.38,31.49,29.11,29.80,407334,12107017.00
2024/02/05,29.60,30.51,26.20,28.70,634217,17419312.00
2024/02/06,27.82,29.61,27.45,29.12,378932,10547969.00
2024/02/07,28.91,29.66,28.63,29.03,381644,10947853.00
2024/02/08,28.67,30.50,28.67,30.36,485566,14221713.00
2024/02/19,30.61,31.15,30.00,30.68,189181,5660289.00
数据来源:通达信
