688038 中科通达 日线 后复权
      日期	    开盘	    最高	    最低	    收盘	    成交量	    成交额
2021/07/13,40.00,42.83,31.01,31.22,20054735,732616768.00
2021/07/14,30.50,33.40,30.20,31.51,14002687,443228736.00
2021/07/15,30.60,30.60,27.13,27.17,9905467,280528128.00
2021/07/16,28.00,28.33,25.80,27.20,6713218,180723984.00
2021/07/19,27.09,27.70,25.88,27.12,5219156,139229856.00
2021/07/20,26.50,27.65,25.85,25.89,3942540,104813200.00
2021/07/21,26.12,26.26,25.56,25.65,3929007,101498832.00
2021/07/22,25.55,25.82,24.42,24.48,4072751,101115944.00
2021/07/23,24.69,24.90,23.48,23.50,2801066,67278864.00
2021/07/26,23.27,23.41,22.63,23.12,2318643,53369672.00
2021/07/27,23.30,24.39,22.92,23.31,2773787,65591472.00
2021/07/28,23.38,23.40,21.92,21.92,2168270,48924720.00
2021/07/29,21.84,22.84,21.61,22.38,2181048,48843700.00
2021/07/30,22.22,23.00,21.85,22.88,1996505,45172220.00
2021/08/02,22.51,24.48,22.18,23.73,3463157,81428720.00
2021/08/03,23.50,24.43,23.30,23.76,2896998,69105952.00
2021/08/04,23.55,24.18,23.39,23.85,2106188,50103088.00
2021/08/05,23.62,23.86,22.88,23.01,1878752,43780312.00
2021/08/06,23.01,23.25,22.18,22.39,1437689,32374914.00
2021/08/09,22.38,24.28,22.08,23.95,2639640,62104424.00
2021/08/10,23.82,24.12,23.38,24.08,1974770,47059584.00
2021/08/11,24.00,24.79,23.62,24.08,2350301,56662640.00
2021/08/12,24.20,24.68,24.00,24.55,2745450,66977832.00
2021/08/13,24.80,25.28,23.95,24.13,2366718,58128108.00
2021/08/16,23.65,23.92,23.13,23.80,1540774,36353704.00
2021/08/17,23.99,24.50,23.50,23.51,1957334,46902112.00
2021/08/18,23.15,23.66,23.13,23.34,1597762,37299024.00
2021/08/19,23.25,23.60,22.94,22.95,1182330,27410884.00
2021/08/20,22.86,22.86,22.10,22.24,1301595,29116634.00
2021/08/23,22.11,23.07,22.11,22.89,1169357,26621306.00
2021/08/24,22.89,23.24,22.89,23.05,980761,22611434.00
2021/08/25,22.87,22.89,22.45,22.67,1124884,25501250.00
2021/08/26,22.67,22.67,21.76,21.80,1683292,37253056.00
2021/08/27,21.80,22.11,21.29,21.42,1335751,28799624.00
2021/08/30,21.98,22.10,21.22,21.37,960363,20701232.00
2021/08/31,21.43,21.50,20.59,20.66,941961,19692606.00
2021/09/01,20.87,21.10,20.50,20.86,1073745,22353780.00
2021/09/02,20.86,21.74,20.68,21.43,1368054,28984368.00
2021/09/03,21.28,21.65,21.17,21.48,1075680,23012800.00
2021/09/06,21.31,21.90,21.28,21.71,796143,17123964.00
2021/09/07,21.68,21.80,21.44,21.59,718075,15490476.00
2021/09/08,21.66,21.71,21.39,21.60,845709,18203840.00
2021/09/09,21.59,21.59,21.15,21.21,746656,15920969.00
2021/09/10,21.16,21.28,21.01,21.08,697673,14748044.00
2021/09/13,21.05,21.06,20.76,20.92,565694,11824999.00
2021/09/14,20.90,21.19,20.74,20.85,632663,13247064.00
2021/09/15,20.65,20.86,20.63,20.78,406067,8420878.00
2021/09/16,20.69,20.78,20.40,20.40,642686,13231992.00
2021/09/17,20.40,20.48,19.90,19.99,613671,12322546.00
2021/09/22,19.93,20.08,19.78,19.80,531361,10545599.00
2021/09/23,19.91,20.23,19.79,20.09,583278,11705638.00
2021/09/24,20.11,20.11,19.46,19.76,691998,13665863.00
2021/09/27,19.76,19.78,19.13,19.14,676785,13139767.00
2021/09/28,19.26,19.36,19.06,19.09,313522,6007572.00
2021/09/29,19.13,19.13,18.33,18.36,573699,10659404.00
2021/09/30,18.40,18.61,18.40,18.48,333823,6182998.00
2021/10/08,18.51,18.98,18.51,18.81,418786,7862898.00
2021/10/11,18.80,19.55,18.66,19.35,593596,11427384.00
2021/10/12,19.35,19.49,18.83,18.96,454994,8643535.00
2021/10/13,18.96,19.52,18.87,19.30,594970,11484165.00
2021/10/14,19.30,19.39,19.05,19.25,445977,8562420.00
2021/10/15,19.50,20.29,19.50,19.81,1120516,22390764.00
2021/10/18,19.63,19.63,19.00,19.26,532392,10250101.00
2021/10/19,19.26,19.30,19.08,19.30,428155,8215165.00
2021/10/20,19.38,19.38,19.08,19.27,300158,5765216.00
2021/10/21,19.23,19.23,18.51,18.58,557421,10457178.00
2021/10/22,18.70,18.75,18.46,18.51,283221,5269395.00
2021/10/25,18.55,18.69,18.38,18.69,203627,3769597.00
2021/10/26,18.60,18.75,18.52,18.60,258931,4820941.00
2021/10/27,18.55,18.59,17.53,18.03,672290,12027221.00
2021/10/28,17.80,17.90,17.32,17.41,421954,7391339.00
2021/10/29,16.53,17.00,16.51,16.70,828347,13827662.00
2021/11/01,17.36,17.36,16.61,16.95,476924,8047374.00
2021/11/02,16.85,17.30,16.37,16.67,481050,8101991.00
2021/11/03,16.98,17.25,16.69,17.05,537532,9179002.00
2021/11/04,17.28,17.38,16.97,17.31,429089,7380534.00
2021/11/05,17.31,17.77,17.31,17.50,515601,9034047.00
2021/11/08,17.50,17.68,17.20,17.36,330525,5736682.00
2021/11/09,17.58,17.90,17.39,17.77,558483,9915613.00
2021/11/10,17.60,17.96,17.55,17.90,450601,7998313.00
2021/11/11,17.70,18.18,17.57,17.97,520549,9378100.00
2021/11/12,18.27,18.29,17.80,18.19,536729,9669945.00
2021/11/15,18.28,19.10,18.26,18.88,1069409,20098664.00
2021/11/16,18.80,19.33,18.54,19.20,1623843,30853060.00
2021/11/17,19.55,19.55,19.11,19.50,1020846,19746308.00
2021/11/18,19.55,19.55,18.65,18.71,945971,18002304.00
2021/11/19,18.85,19.40,18.71,19.05,706971,13515737.00
2021/11/22,19.30,19.42,18.86,19.28,678784,13041367.00
2021/11/23,19.48,19.70,19.17,19.66,869011,16978052.00
2021/11/24,19.66,20.45,19.60,20.10,982523,19668216.00
2021/11/25,20.26,20.26,19.50,19.87,706832,14025674.00
2021/11/26,19.82,19.82,19.20,19.61,818932,15933869.00
2021/11/29,19.14,19.59,19.08,19.24,454376,8794447.00
2021/11/30,19.20,19.88,19.19,19.68,921596,18136578.00
2021/12/01,19.68,20.30,19.50,20.00,999597,20003256.00
2021/12/02,20.08,20.16,19.38,19.44,827835,16262502.00
2021/12/03,19.45,19.68,19.13,19.21,590646,11452615.00
2021/12/06,19.39,19.48,18.50,18.52,607570,11387274.00
2021/12/07,18.72,18.72,17.91,18.05,620184,11239717.00
2021/12/08,18.02,18.20,17.93,18.07,304078,5499585.00
2021/12/09,18.08,18.30,17.95,18.18,303789,5529828.00
2021/12/10,18.55,18.70,17.80,17.99,294238,5295252.00
2021/12/13,18.18,18.18,17.89,17.95,333508,5992515.00
2021/12/14,17.80,18.18,17.80,18.05,403561,7279018.00
2021/12/15,18.31,20.72,18.18,20.10,3765717,74891576.00
2021/12/16,19.73,20.24,19.51,20.21,2551795,50880636.00
2021/12/17,20.28,20.29,19.34,19.69,1599374,31408024.00
2021/12/20,19.79,19.82,18.88,19.03,964234,18574544.00
2021/12/21,18.95,19.25,18.81,19.23,665962,12699517.00
2021/12/22,19.22,19.57,19.05,19.50,840254,16309689.00
2021/12/23,19.66,19.66,18.72,18.72,947311,17893176.00
2021/12/24,18.73,18.89,18.13,18.16,913860,16879026.00
2021/12/27,18.18,18.50,17.82,18.36,533636,9726296.00
2021/12/28,18.40,18.78,18.40,18.63,499106,9299688.00
2021/12/29,18.69,18.90,18.29,18.73,508585,9493703.00
2021/12/30,18.80,19.10,18.78,18.81,559474,10597326.00
2021/12/31,18.76,19.19,18.66,19.11,724172,13811909.00
2022/01/04,19.31,19.92,19.10,19.81,1395973,27357954.00
2022/01/05,19.81,19.81,19.21,19.42,838312,16273169.00
2022/01/06,19.50,19.57,19.20,19.48,690041,13379597.00
2022/01/07,19.43,19.75,18.84,18.92,705917,13588925.00
2022/01/10,18.94,19.55,18.69,19.47,803464,15477699.00
2022/01/11,19.67,19.73,19.36,19.41,560249,10936096.00
2022/01/12,19.61,19.78,19.39,19.69,796901,15673070.00
2022/01/13,19.40,20.40,19.00,19.55,1160819,22866284.00
2022/01/14,19.55,19.73,19.16,19.17,673203,13038673.00
2022/01/17,19.46,20.70,19.20,20.61,3674998,74575392.00
2022/01/18,20.73,21.03,19.91,20.02,2354304,47974144.00
2022/01/19,19.97,20.49,19.78,20.49,1889150,38307360.00
2022/01/20,20.52,20.71,19.66,19.76,1668149,33276964.00
2022/01/21,19.69,20.13,19.35,19.78,1139405,22523336.00
2022/01/24,19.80,20.26,19.30,19.34,1176891,23211564.00
2022/01/25,19.30,19.47,18.00,18.01,1432427,26567484.00
2022/01/26,18.20,18.32,17.71,17.99,678560,12171959.00
2022/01/27,18.10,18.10,17.20,17.28,833091,14517817.00
2022/01/28,17.50,17.78,17.24,17.30,503987,8832863.00
2022/02/07,17.49,17.78,17.13,17.66,434192,7602336.00
2022/02/08,17.65,17.98,17.33,17.98,442874,7882069.00
2022/02/09,18.00,18.44,17.91,18.28,507549,9257339.00
2022/02/10,18.16,18.25,17.90,18.02,327016,5894705.00
2022/02/11,17.86,18.10,17.33,17.48,547699,9606613.00
2022/02/14,17.23,17.59,17.20,17.42,257255,4487875.00
2022/02/15,17.98,17.98,17.42,17.61,329661,5805098.00
2022/02/16,17.85,17.95,17.59,17.69,479064,8487857.00
2022/02/17,17.65,17.82,17.41,17.47,570977,10052819.00
2022/02/18,17.47,17.96,17.42,17.92,806374,14331941.00
2022/02/21,17.92,18.38,17.92,18.26,759994,13891455.00
2022/02/22,18.16,18.37,17.70,17.80,595969,10713907.00
2022/02/23,18.03,18.43,17.81,18.35,656132,11964837.00
2022/02/24,18.31,18.41,17.52,17.86,602367,10821883.00
2022/02/25,18.20,18.25,17.62,17.73,528130,9433092.00
2022/02/28,17.77,17.95,17.01,17.27,755910,13000434.00
2022/03/01,17.50,17.57,17.21,17.41,363494,6340519.00
2022/03/02,17.45,17.67,17.22,17.55,287161,5033063.00
2022/03/03,17.70,17.77,17.35,17.38,348850,6088965.00
2022/03/04,17.43,17.43,17.05,17.11,370820,6380440.00
2022/03/07,17.28,17.28,16.71,16.85,447286,7559945.00
2022/03/08,16.83,17.00,16.08,16.20,561580,9245095.00
2022/03/09,16.40,16.40,15.42,16.18,437605,6980253.00
2022/03/10,16.27,16.63,16.16,16.27,352349,5780503.00
2022/03/11,16.36,16.57,15.62,16.42,287086,4647243.00
2022/03/14,16.10,16.56,15.99,16.10,242275,3919672.00
2022/03/15,16.14,16.14,15.09,15.18,504314,7864683.00
2022/03/16,15.74,15.74,14.76,15.57,518220,7906636.00
2022/03/17,15.76,16.08,15.60,15.92,510937,8131668.00
2022/03/18,15.72,16.17,15.72,16.06,364280,5829367.00
2022/03/21,16.06,16.48,15.85,16.28,470873,7644492.00
2022/03/22,16.28,16.33,16.07,16.24,264348,4274944.00
2022/03/23,16.24,16.33,16.01,16.14,332743,5369943.00
2022/03/24,16.00,16.02,15.67,15.70,318375,5027110.00
2022/03/25,15.90,16.16,15.73,15.79,305132,4868382.00
2022/03/28,15.79,16.08,15.52,16.01,278187,4409303.00
2022/03/29,16.05,16.22,15.58,15.59,282513,4440266.00
2022/03/30,15.89,15.89,15.50,15.71,221990,3465066.00
2022/03/31,15.88,15.88,15.58,15.78,316822,4985049.00
2022/04/01,15.77,15.92,15.40,15.53,278709,4333738.00
2022/04/06,15.57,15.89,15.45,15.79,280414,4419151.00
2022/04/07,15.51,15.66,15.40,15.42,322611,5006219.00
2022/04/08,15.69,15.69,14.90,14.90,274708,4148855.00
2022/04/11,15.01,15.01,14.12,14.27,316866,4574934.00
2022/04/12,14.35,14.69,14.12,14.69,314454,4529701.00
2022/04/13,14.69,14.88,14.33,14.49,232013,3383098.00
2022/04/14,14.85,14.85,14.41,14.58,151491,2202231.00
2022/04/15,14.62,14.62,13.95,13.97,329553,4647029.00
2022/04/18,14.01,14.12,13.39,14.10,225135,3119665.00
2022/04/19,14.05,14.19,13.89,14.17,171544,2417404.00
2022/04/20,14.28,14.74,14.22,14.28,296197,4282779.00
2022/04/21,14.00,14.21,13.73,13.83,236571,3316391.00
2022/04/22,13.88,14.38,13.66,13.94,508453,7118396.00
2022/04/25,13.85,13.85,12.57,12.58,673987,8824045.00
2022/04/26,12.58,13.27,11.94,11.96,439104,5431919.00
2022/04/27,12.18,12.29,11.58,12.20,430660,5116132.00
2022/04/28,12.18,12.38,11.89,12.08,347942,4225661.00
2022/04/29,12.18,12.74,12.17,12.60,485557,6049797.00
2022/05/05,12.50,12.86,12.30,12.55,395994,4995962.00
2022/05/06,12.40,12.74,12.04,12.63,325226,4062913.00
2022/05/09,12.53,12.98,12.17,12.68,243711,3098924.00
2022/05/10,12.48,13.11,12.39,12.94,339080,4368116.00
2022/05/11,13.00,13.26,12.82,12.99,369859,4838657.00
2022/05/12,12.88,13.10,12.70,12.90,482552,6201328.00
2022/05/13,12.98,12.99,12.70,12.85,210804,2711933.00
2022/05/16,12.96,13.14,12.85,12.91,279594,3642201.00
2022/05/17,12.99,12.99,12.70,12.88,289671,3705488.00
2022/05/18,12.84,13.38,12.84,13.08,479680,6333339.00
2022/05/19,12.90,13.21,12.53,13.13,331033,4316166.00
2022/05/20,13.21,13.24,12.82,13.09,232404,3039165.00
2022/05/23,13.17,13.29,13.04,13.11,203760,2677149.00
2022/05/24,13.23,13.23,12.18,12.18,524550,6640579.00
2022/05/25,12.31,12.63,12.23,12.60,296525,3701212.00
2022/05/26,12.60,12.75,12.20,12.55,275277,3433935.00
2022/05/27,12.64,12.75,12.21,12.26,399033,4970540.00
2022/05/30,12.54,12.54,12.35,12.42,253077,3148294.00
2022/05/31,12.57,13.70,12.28,13.20,1206556,15830580.00
2022/06/01,13.14,14.24,13.02,13.95,2009853,27514832.00
2022/06/02,13.72,15.13,13.72,14.83,2266852,32722916.00
2022/06/06,14.85,16.33,14.63,15.88,3329782,51326848.00
2022/06/07,15.51,15.60,14.52,14.79,2468187,36729440.00
2022/06/08,14.99,15.05,14.08,14.41,1756679,25521712.00
2022/06/09,14.41,14.42,13.73,13.82,1007009,14042171.00
2022/06/10,13.83,13.96,13.75,13.85,635693,8802040.00
2022/06/13,13.80,14.10,13.58,13.80,888906,12331329.00
2022/06/14,13.66,13.79,13.25,13.67,695685,9389331.00
2022/06/15,13.73,14.06,13.60,13.85,808380,11193408.00
2022/06/16,13.96,14.16,13.87,14.00,711936,9991746.00
2022/06/17,13.89,14.05,13.53,13.78,536649,7399753.00
2022/06/20,13.77,13.98,13.65,13.80,578763,7998311.00
2022/06/21,14.01,14.12,13.74,13.82,683326,9490196.00
2022/06/22,13.98,13.98,13.38,13.45,579766,7846879.00
2022/06/23,13.74,13.79,13.40,13.73,393886,5365726.00
2022/06/24,13.90,14.09,13.73,13.92,505796,7064235.00
2022/06/27,13.93,14.08,13.75,13.89,540248,7497367.00
2022/06/28,14.03,14.23,13.73,14.18,841370,11845282.00
2022/06/29,14.14,14.20,13.80,13.84,616450,8600147.00
2022/06/30,14.70,14.70,13.84,14.03,545590,7615449.00
2022/07/01,13.91,14.09,13.66,13.71,431779,5959720.00
2022/07/04,13.89,13.89,13.54,13.62,277008,3777538.00
2022/07/05,13.61,13.64,13.05,13.18,460383,6131031.00
2022/07/06,13.45,13.50,13.00,13.17,442508,5864361.00
2022/07/07,13.14,13.28,13.03,13.16,301421,3962133.00
2022/07/08,13.16,13.50,13.16,13.28,422977,5614231.00
2022/07/11,13.23,13.36,13.13,13.17,235611,3087377.00
2022/07/12,13.14,13.14,12.75,12.75,400313,5106476.00
2022/07/13,12.88,13.05,12.76,12.94,465954,5979933.00
2022/07/14,12.91,12.95,12.71,12.86,797839,10144208.00
2022/07/15,12.86,12.95,12.47,12.62,936011,11857871.00
2022/07/18,12.62,13.00,12.62,12.97,678801,8702762.00
2022/07/19,13.03,13.27,12.92,13.25,700844,9128405.00
2022/07/20,13.26,13.35,13.11,13.19,651845,8513986.00
2022/07/21,13.19,13.47,13.11,13.36,995598,13221867.00
2022/07/22,13.40,13.56,13.09,13.21,674098,8864824.00
2022/07/25,13.29,13.45,13.18,13.41,589455,7816688.00
2022/07/26,13.38,13.49,13.12,13.38,438756,5764634.00
2022/07/27,13.37,13.46,13.29,13.44,479865,6376397.00
2022/07/28,13.46,13.69,13.46,13.63,548863,7422544.00
2022/07/29,13.66,13.98,13.57,13.79,689469,9432340.00
2022/08/01,13.63,13.93,13.47,13.79,562591,7694473.00
2022/08/02,13.80,13.80,12.93,13.03,740034,9651620.00
2022/08/03,13.03,13.55,13.00,13.24,725462,9596342.00
2022/08/04,13.24,13.59,13.24,13.47,453949,6045924.00
2022/08/05,13.47,14.09,13.47,14.09,1533512,21208684.00
2022/08/08,14.10,14.40,13.85,14.17,1020914,14239866.00
2022/08/09,14.02,14.43,13.94,14.28,1030764,14517574.00
2022/08/10,14.40,15.10,14.10,14.92,2247752,33060880.00
2022/08/11,15.00,15.18,14.85,15.03,1388539,20725940.00
2022/08/12,15.03,15.16,14.40,14.43,1453911,21110058.00
2022/08/15,14.40,14.65,14.24,14.27,661147,9434460.00
2022/08/16,14.32,14.56,14.31,14.40,419539,6006294.00
2022/08/17,14.44,14.47,14.26,14.38,436300,6236622.00
2022/08/18,14.26,14.94,14.17,14.76,1056069,15343389.00
2022/08/19,14.75,15.08,14.36,14.39,792665,11541269.00
2022/08/22,14.80,15.69,14.62,15.10,2660861,40132656.00
2022/08/23,15.10,15.34,14.91,15.13,1004728,15060631.00
2022/08/24,15.27,15.30,14.40,14.57,988634,14476034.00
2022/08/25,15.10,15.10,14.41,14.49,890670,12907601.00
2022/08/26,14.98,14.98,14.40,14.49,1137779,16573046.00
2022/08/29,14.12,14.64,14.12,14.46,910852,13044000.00
2022/08/30,14.15,14.66,14.15,14.21,967623,13824293.00
2022/08/31,14.40,14.46,13.78,13.83,910294,12643559.00
2022/09/01,13.71,14.28,13.44,14.08,1027342,14319019.00
2022/09/02,14.07,14.72,14.02,14.59,1269325,18152106.00
2022/09/05,14.57,14.68,14.33,14.45,1055313,15161168.00
2022/09/06,14.92,14.92,14.25,14.36,889496,12686034.00
2022/09/07,14.06,14.42,14.06,14.19,754138,10681024.00
2022/09/08,14.20,14.21,13.74,13.75,746263,10309423.00
2022/09/09,13.71,13.90,13.57,13.63,704556,9583259.00
2022/09/13,13.46,13.93,13.46,13.70,694197,9477145.00
2022/09/14,13.66,13.80,13.40,13.65,623770,8424943.00
2022/09/15,13.68,13.70,13.37,13.53,621728,8347691.00
2022/09/16,13.61,13.61,13.11,13.17,528923,6996767.00
2022/09/19,13.28,13.35,12.71,12.90,541845,6939204.00
2022/09/20,13.06,13.08,12.65,12.79,740431,9420805.00
2022/09/21,12.78,13.07,12.47,13.00,466352,5953181.00
2022/09/22,12.80,13.21,12.76,13.05,275282,3561676.00
2022/09/23,13.09,13.09,12.23,12.30,1189904,14772900.00
2022/09/26,12.44,12.52,11.93,12.01,564798,6867465.00
2022/09/27,12.38,12.55,12.26,12.47,805357,9912961.00
2022/09/28,12.65,12.65,12.31,12.31,475300,5872636.00
2022/09/29,12.40,12.43,12.10,12.14,436575,5323115.00
2022/09/30,12.14,12.63,12.01,12.39,1059073,13095593.00
2022/10/10,12.26,12.63,12.05,12.32,684565,8399196.00
2022/10/11,12.23,12.44,12.01,12.11,613437,7402189.00
2022/10/12,12.01,12.53,11.98,12.51,632645,7686076.00
2022/10/13,12.70,13.02,12.49,12.82,937336,11930572.00
2022/10/14,13.05,13.09,12.76,13.04,1329488,17072252.00
2022/10/17,13.06,13.44,12.98,13.40,1113964,14700926.00
2022/10/18,13.48,13.48,13.13,13.26,785122,10334024.00
2022/10/19,13.08,13.32,13.05,13.18,741349,9702146.00
2022/10/20,13.26,13.42,13.08,13.33,731023,9661911.00
2022/10/21,13.28,13.43,13.05,13.42,758030,9993705.00
2022/10/24,13.37,13.69,13.10,13.22,947613,12576302.00
2022/10/25,13.33,13.38,12.92,13.05,942256,12277178.00
2022/10/26,12.82,13.81,12.82,13.69,2106626,28163770.00
2022/10/27,13.59,13.91,13.59,13.68,2202718,30222916.00
2022/10/28,13.70,13.85,13.22,13.25,1528621,20462966.00
2022/10/31,13.59,14.43,13.50,13.98,4161307,57846240.00
2022/11/01,13.90,14.07,13.55,13.80,3629169,49621536.00
2022/11/02,13.83,13.97,13.64,13.89,2373841,32601504.00
2022/11/03,13.90,13.90,13.48,13.75,1858910,25281564.00
2022/11/04,13.80,13.88,13.60,13.85,1905550,26027572.00
2022/11/07,13.86,14.11,13.70,13.83,1790357,24640296.00
2022/11/08,13.75,14.06,13.61,14.05,1910884,26357600.00
2022/11/09,14.05,14.07,13.80,13.95,1620111,22422536.00
2022/11/10,13.92,14.31,13.76,14.13,2794796,39086476.00
2022/11/11,14.28,14.40,13.76,13.77,2268341,31658784.00
2022/11/14,13.90,13.90,13.61,13.74,1141799,15552878.00
2022/11/15,13.74,14.19,13.70,14.10,1876229,26133388.00
2022/11/16,14.21,14.44,14.10,14.20,1889113,26797248.00
2022/11/17,14.09,14.48,14.02,14.42,1637621,23248624.00
2022/11/18,14.42,14.92,14.32,14.69,3684840,54007164.00
2022/11/21,14.72,14.82,14.18,14.40,2033351,29112652.00
2022/11/22,14.45,14.76,14.07,14.13,1995623,28536282.00
2022/11/23,14.28,14.28,13.50,13.81,1549144,21185196.00
2022/11/24,13.87,13.92,13.56,13.68,966589,13167297.00
2022/11/25,13.73,13.83,13.01,13.05,2631949,34695904.00
2022/11/28,13.04,13.15,12.75,12.82,1449474,18523110.00
2022/11/29,12.82,13.17,12.82,13.10,1006130,12997973.00
2022/11/30,13.21,13.21,12.88,12.93,1119863,14451880.00
2022/12/01,13.00,13.24,13.00,13.12,1092638,14235635.00
2022/12/02,13.09,13.53,13.04,13.43,1451321,19280374.00
2022/12/05,13.52,13.67,13.25,13.54,1155795,15450128.00
2022/12/06,13.42,13.67,13.36,13.45,985054,13216093.00
2022/12/07,13.45,13.47,13.26,13.35,797231,10549771.00
2022/12/08,13.41,13.41,13.03,13.10,865027,11277218.00
2022/12/09,13.12,13.13,12.91,13.05,1070490,13830944.00
2022/12/12,12.98,13.18,12.92,13.13,733737,9510347.00
2022/12/13,13.18,13.18,12.86,12.88,663036,8543137.00
2022/12/14,12.92,13.01,12.71,12.76,905595,11582311.00
2022/12/15,12.77,13.04,12.70,12.94,930221,11946019.00
2022/12/16,12.90,12.98,12.51,12.54,1085832,13616055.00
2022/12/19,12.51,12.58,12.11,12.15,1109665,13474431.00
2022/12/20,12.27,12.31,12.02,12.15,817138,9852260.00
2022/12/21,12.15,12.25,11.93,11.98,1010713,12085133.00
2022/12/22,12.05,12.11,11.74,11.82,843722,9991684.00
2022/12/23,11.70,12.12,11.70,11.99,908067,10762522.00
2022/12/26,11.80,12.24,11.80,12.15,877147,10533353.00
2022/12/27,12.29,12.31,11.93,12.06,756892,9080696.00
2022/12/28,12.06,12.06,11.76,11.78,718447,8453143.00
2022/12/29,11.84,11.98,11.73,11.80,535269,6283154.00
2022/12/30,11.80,12.18,11.76,11.99,770968,9109697.00
2023/01/03,11.91,12.54,11.91,12.50,1354522,16623038.00
2023/01/04,12.51,12.68,12.49,12.62,1359148,16974204.00
2023/01/05,12.69,12.72,12.52,12.66,682548,8563681.00
2023/01/06,12.76,12.76,12.46,12.49,827853,10331352.00
2023/01/09,12.54,12.77,12.47,12.50,742793,9295001.00
2023/01/10,12.41,12.56,12.36,12.46,542269,6712146.00
2023/01/11,12.39,12.52,12.24,12.24,695926,8534707.00
2023/01/12,12.24,12.42,12.16,12.32,511526,6230019.00
2023/01/13,12.39,12.46,12.21,12.40,935208,11427243.00
2023/01/16,12.41,12.82,12.41,12.66,806451,10122923.00
2023/01/17,12.68,12.82,12.56,12.73,868749,10951445.00
2023/01/18,12.76,13.29,12.67,12.95,2580877,33377960.00
2023/01/19,13.05,13.34,12.96,13.25,2308110,30327440.00
2023/01/20,13.17,13.48,13.09,13.22,1460329,19265390.00
2023/01/30,13.15,13.35,13.02,13.31,2385568,31205908.00
2023/01/31,13.31,13.36,13.09,13.16,1623226,21218506.00
2023/02/01,13.16,13.78,13.12,13.78,2686665,35952700.00
2023/02/02,13.70,13.94,13.55,13.69,1889981,25641236.00
2023/02/03,13.62,14.04,13.56,13.99,2797155,38433348.00
2023/02/06,14.00,14.97,13.92,14.93,7085395,101916496.00
2023/02/07,14.81,14.87,14.31,14.58,5105375,73677576.00
2023/02/08,14.50,14.66,14.13,14.40,3744772,53361152.00
2023/02/09,14.45,15.08,14.17,14.79,4161413,60644396.00
2023/02/10,14.90,15.46,14.69,14.87,5169061,77086864.00
2023/02/13,14.76,14.93,14.50,14.70,3769334,55076848.00
2023/02/14,14.93,15.57,14.75,15.00,6418270,96783216.00
2023/02/15,14.98,15.35,14.93,15.20,4476738,67368864.00
2023/02/16,15.22,15.50,14.68,14.93,6721896,100583120.00
2023/02/17,14.93,15.05,14.20,14.30,5690940,81874072.00
2023/02/20,14.45,14.46,14.13,14.30,2653059,37643072.00
2023/02/21,14.38,14.62,14.16,14.22,3170358,45218904.00
2023/02/22,14.19,14.39,14.05,14.28,1824045,25782712.00
2023/02/23,14.30,14.40,13.93,13.98,2195502,30722472.00
2023/02/24,14.03,14.29,13.98,14.18,1715625,24118944.00
2023/02/27,14.25,14.25,13.70,13.74,1567246,21634580.00
2023/02/28,13.89,14.25,13.86,14.08,2194737,30540948.00
2023/03/01,13.98,15.04,13.94,14.85,5826459,84953200.00
2023/03/02,14.87,15.48,14.73,15.16,5213204,78674296.00
2023/03/03,15.29,15.29,14.67,14.85,2978013,44079928.00
2023/03/06,14.87,15.26,14.70,14.98,3010822,44949508.00
2023/03/07,15.69,17.60,15.69,16.16,12973095,213592848.00
2023/03/08,16.78,17.52,15.68,16.42,13687041,221355216.00
2023/03/09,16.23,16.23,15.22,15.63,12827999,198760704.00
2023/03/10,15.48,16.84,15.48,16.19,13766130,222727312.00
2023/03/13,16.32,16.42,15.74,16.05,7668704,122001224.00
2023/03/14,16.06,16.25,15.61,15.75,6320269,99808688.00
2023/03/15,16.08,16.25,15.72,16.10,8070770,128643744.00
2023/03/16,16.10,16.30,15.70,15.94,6366361,101425088.00
2023/03/17,16.10,16.55,15.98,16.35,8178056,132319760.00
2023/03/20,16.60,16.75,16.04,16.08,6286751,102181128.00
2023/03/21,16.10,16.40,15.81,16.25,5008450,80555040.00
2023/03/22,15.92,16.60,15.81,16.47,5753295,93428192.00
2023/03/23,16.58,16.99,16.20,16.62,4741265,77731408.00
2023/03/24,16.65,16.81,16.42,16.61,4326972,71569272.00
2023/03/27,16.84,16.84,16.15,16.51,4474209,73211744.00
2023/03/28,16.68,16.68,16.21,16.23,3480131,56719588.00
2023/03/29,16.28,16.67,16.13,16.22,4249182,69209208.00
2023/03/30,16.20,16.36,15.65,15.75,4329535,68385544.00
2023/03/31,15.88,16.25,15.64,16.20,3091619,49178048.00
2023/04/03,16.30,16.65,15.97,16.63,5725702,93316048.00
2023/04/04,16.79,16.92,16.23,16.66,5460658,90147488.00
2023/04/06,16.55,16.97,16.26,16.56,4912677,81067904.00
2023/04/07,16.58,16.70,15.92,16.35,3653451,59154032.00
2023/04/10,16.46,16.62,15.65,15.69,3917958,62538664.00
2023/04/11,15.69,15.93,15.42,15.76,3140343,48806856.00
2023/04/12,15.76,16.87,15.56,16.79,6673375,108751064.00
2023/04/13,17.03,17.28,16.26,16.87,8583031,143569424.00
2023/04/14,16.98,17.03,16.05,16.47,7141469,116771968.00
2023/04/17,16.69,16.70,15.40,15.60,6219066,98061080.00
2023/04/18,15.54,15.55,14.87,14.87,5523911,82875552.00
2023/04/19,14.70,15.38,14.64,14.98,3940663,59069972.00
2023/04/20,14.82,15.02,14.68,14.92,2345734,34619728.00
2023/04/21,14.91,14.98,13.86,13.90,3986837,56438904.00
2023/04/24,13.84,14.30,13.79,13.90,3109119,43227120.00
2023/04/25,13.88,13.90,12.76,12.86,4640106,60482388.00
2023/04/26,12.83,13.38,12.80,12.98,4085817,52987440.00
2023/04/27,13.08,13.16,12.66,12.85,3385486,43370816.00
2023/04/28,12.82,14.28,12.82,14.07,5999553,82358136.00
2023/05/04,14.07,14.49,13.66,14.06,4250361,59212344.00
2023/05/05,14.16,14.20,13.85,14.10,2399173,33386452.00
2023/05/08,14.12,14.37,13.87,14.15,2187311,30603920.00
2023/05/09,14.03,14.15,13.85,13.95,2407582,33399290.00
2023/05/10,13.89,14.28,13.80,14.02,2058623,28706742.00
2023/05/11,14.02,14.31,13.82,14.05,1853191,25953256.00
2023/05/12,14.00,14.30,13.81,13.81,1238473,17270828.00
2023/05/15,13.81,14.00,13.66,13.90,1633824,22438628.00
2023/05/16,14.10,14.12,13.49,13.51,1898310,25705052.00
2023/05/17,13.48,14.11,13.44,14.09,2001426,27626104.00
2023/05/18,14.18,14.40,13.94,14.38,2682958,38079192.00
2023/05/19,14.40,14.63,14.22,14.52,2779473,39983932.00
2023/05/22,14.57,14.87,14.30,14.67,5101131,73999912.00
2023/05/23,14.67,14.80,14.46,14.61,2515902,36617328.00
2023/05/24,14.59,14.80,14.12,14.68,1616216,23556928.00
2023/05/25,14.75,14.84,14.52,14.74,1768271,25776716.00
2023/05/26,14.82,14.99,14.56,14.78,1612684,23684880.00
2023/05/29,14.78,14.87,14.60,14.79,1779517,26035128.00
2023/05/30,14.79,15.12,14.64,15.01,2056680,30498624.00
2023/05/31,15.10,15.35,15.01,15.13,2248538,33968084.00
2023/06/01,15.19,15.34,14.86,15.17,2597121,39103680.00
2023/06/02,15.40,15.40,14.96,15.09,2456643,37092128.00
2023/06/05,15.21,15.40,15.06,15.33,1820663,27655012.00
2023/06/06,15.32,15.35,14.61,14.79,2173473,32297136.00
2023/06/07,14.78,15.32,14.74,15.15,2061485,30955628.00
2023/06/08,15.26,15.26,14.73,14.85,1366651,20255390.00
2023/06/09,14.96,15.27,14.74,15.07,1985275,29689368.00
2023/06/12,15.16,15.24,15.00,15.07,1607726,24107248.00
2023/06/13,15.00,15.51,14.85,15.35,2384250,36160580.00
2023/06/14,15.31,15.37,15.05,15.22,1331932,20130236.00
2023/06/15,15.09,15.26,14.88,14.92,1371237,20507094.00
2023/06/16,14.76,15.46,14.72,15.28,2189649,33116176.00
2023/06/19,15.30,15.97,15.23,15.86,3363787,52341504.00
2023/06/20,15.86,15.86,15.41,15.56,2217791,34301264.00
2023/06/21,15.61,15.61,14.89,15.00,2499704,37555320.00
2023/06/26,15.11,15.18,14.47,14.51,2803881,41122760.00
2023/06/27,14.47,15.04,14.47,14.94,1835842,27096464.00
2023/06/28,14.92,14.92,14.21,14.81,2199571,31825944.00
2023/06/29,14.83,15.28,14.73,15.07,1880224,28063464.00
2023/06/30,15.04,15.21,14.77,15.06,2295412,34226088.00
2023/07/03,15.12,15.37,14.55,14.81,3436398,50501488.00
2023/07/04,14.79,15.05,14.72,14.98,1778434,26315588.00
2023/07/05,15.02,15.45,14.88,14.96,1961353,29564116.00
2023/07/06,14.89,15.23,14.77,14.96,1849718,27574600.00
2023/07/07,14.96,14.96,14.50,14.51,1580105,23028208.00
2023/07/10,14.64,14.64,14.34,14.44,1344950,19337058.00
2023/07/11,14.50,14.64,14.38,14.51,1450838,20938668.00
2023/07/12,14.52,14.55,14.15,14.17,1503587,21427260.00
2023/07/13,14.14,14.43,14.14,14.35,2062506,29331418.00
2023/07/14,14.49,15.15,14.33,15.02,4079921,60454288.00
2023/07/17,15.28,15.55,15.03,15.29,3557955,54202844.00
2023/07/18,15.28,15.38,15.04,15.30,2632804,39829624.00
2023/07/19,15.18,15.47,15.10,15.17,1644361,24861292.00
2023/07/20,15.25,15.26,14.65,14.72,2193523,32520878.00
2023/07/21,14.76,14.91,14.27,14.29,2235849,32212388.00
2023/07/24,14.18,14.63,14.18,14.33,1731893,24714676.00
2023/07/25,14.52,14.61,14.25,14.53,1339459,19237004.00
2023/07/26,14.53,14.63,14.33,14.48,1489695,21395166.00
2023/07/27,14.38,14.58,14.15,14.22,2029160,28925032.00
2023/07/28,14.19,14.36,14.05,14.29,1674336,23601780.00
2023/07/31,14.55,14.56,14.21,14.31,1756174,25029804.00
2023/08/01,14.25,14.36,13.95,14.03,2172843,30309040.00
2023/08/02,14.09,14.09,13.78,13.92,1836185,25396024.00
2023/08/03,13.84,13.99,13.80,13.90,1823325,25108984.00
2023/08/04,13.88,14.45,13.88,14.29,2217794,31457992.00
2023/08/07,14.29,14.56,14.25,14.43,1594526,22828650.00
2023/08/08,14.43,14.79,14.34,14.67,2269204,33014792.00
2023/08/09,14.50,15.08,14.50,14.81,2593006,38285888.00
2023/08/10,14.84,15.00,14.65,14.90,2010316,29707978.00
2023/08/11,14.99,14.99,14.59,14.64,1412450,20742204.00
2023/08/14,14.21,14.36,13.79,14.29,4245193,59269304.00
2023/08/15,14.29,14.39,13.77,13.90,3109403,43258676.00
2023/08/16,13.96,13.96,13.36,13.44,2621333,35273216.00
2023/08/17,13.44,13.72,13.15,13.59,2072572,27764246.00
2023/08/18,13.75,13.96,13.59,13.70,3437131,46989964.00
2023/08/21,13.60,14.34,13.52,13.82,3174952,44106900.00
2023/08/22,13.97,14.27,13.52,13.93,3936232,54242916.00
2023/08/23,13.98,13.98,13.67,13.70,2509050,34422608.00
2023/08/24,13.81,13.89,13.43,13.55,2348756,31808024.00
2023/08/25,13.52,13.53,12.82,12.92,2426802,31613152.00
2023/08/28,13.60,13.68,12.82,12.89,2463938,32087336.00
2023/08/29,12.85,13.71,12.83,13.65,3065752,40898848.00
2023/08/30,13.78,14.38,13.68,14.34,3507421,49424976.00
2023/08/31,14.24,14.66,14.12,14.42,3387203,48524288.00
2023/09/01,14.29,14.52,14.07,14.12,2436830,34334528.00
2023/09/04,14.20,14.35,13.75,14.01,3792062,52315348.00
2023/09/05,14.02,14.23,13.96,14.03,3502318,48998132.00
2023/09/06,13.97,14.23,13.91,14.17,1853218,25959360.00
2023/09/07,14.19,14.41,13.98,14.02,2451615,34569564.00
2023/09/08,14.03,14.30,13.93,14.22,2086847,29316012.00
2023/09/11,14.17,14.44,14.04,14.40,2157198,30664804.00
2023/09/12,14.40,14.40,14.12,14.16,1840018,25923500.00
2023/09/13,14.21,14.21,13.75,13.85,1274797,17612714.00
2023/09/14,13.89,13.91,13.51,13.62,1384326,18761384.00
2023/09/15,13.63,13.67,13.47,13.53,1563098,21028968.00
2023/09/18,13.46,13.73,13.36,13.65,1319465,17846124.00
2023/09/19,13.60,13.65,13.25,13.29,1423584,18919062.00
2023/09/20,13.26,13.48,13.21,13.28,1737486,23080754.00
2023/09/21,13.31,13.49,13.20,13.22,1476195,19525662.00
2023/09/22,13.29,13.75,13.18,13.75,2518758,33803668.00
2023/09/25,13.74,13.80,13.43,13.50,1944921,26132252.00
2023/09/26,13.50,13.61,13.38,13.47,1294652,17368284.00
2023/09/27,13.41,13.57,13.28,13.38,1647830,21996148.00
2023/09/28,13.45,13.65,13.40,13.60,1475204,19825276.00
2023/10/09,13.64,13.69,13.46,13.53,1864640,25132384.00
2023/10/10,13.63,13.73,13.49,13.65,1646198,22260296.00
2023/10/11,13.88,13.88,13.42,13.64,1476934,19991370.00
2023/10/12,13.67,13.73,13.51,13.61,1561016,21070524.00
2023/10/13,13.54,13.54,13.35,13.41,1400072,18638528.00
2023/10/16,13.40,13.44,13.25,13.35,1342987,17778588.00
2023/10/17,13.44,13.50,13.26,13.34,1060744,14071590.00
2023/10/18,13.36,13.36,12.98,13.08,1311620,17018974.00
2023/10/19,13.02,13.55,13.02,13.06,1537635,20236184.00
2023/10/20,13.05,13.20,12.75,12.78,1626090,20797428.00
2023/10/23,12.78,12.78,12.29,12.36,1520111,18817884.00
2023/10/24,12.39,12.90,12.28,12.86,1880476,23675368.00
2023/10/25,12.76,13.26,12.70,13.04,1970608,25440208.00
2023/10/26,12.90,13.19,12.90,13.10,1269829,16468613.00
2023/10/27,13.10,13.23,12.92,13.13,1634662,21217680.00
2023/10/30,13.16,13.39,13.06,13.31,1634023,21562868.00
2023/10/31,13.34,13.48,13.20,13.31,1242152,16442341.00
2023/11/01,13.35,13.50,13.25,13.36,1113450,14810668.00
2023/11/02,13.38,13.50,13.16,13.16,1052461,13901115.00
2023/11/03,13.20,13.55,13.15,13.36,1338031,17795804.00
2023/11/06,13.54,13.72,13.46,13.72,1960474,26493848.00
2023/11/07,13.69,13.80,13.55,13.77,1464322,19922032.00
2023/11/08,13.75,14.14,13.73,14.03,2376190,32994816.00
2023/11/09,13.98,14.20,13.83,13.92,1821754,25329912.00
2023/11/10,14.02,14.02,13.75,13.78,1047686,14380606.00
2023/11/13,13.98,14.42,13.88,14.34,2867282,40509024.00
2023/11/14,14.42,14.64,14.25,14.55,2225142,32010132.00
2023/11/15,14.64,14.69,14.40,14.41,1465634,21084664.00
2023/11/16,14.44,14.63,14.31,14.38,1583542,22789840.00
2023/11/17,14.64,14.64,14.33,14.47,1230249,17635020.00
2023/11/20,14.50,14.59,14.34,14.54,1249972,17981464.00
2023/11/21,14.48,14.60,14.32,14.39,1222654,17560990.00
2023/11/22,14.47,14.57,14.25,14.28,1442654,20618868.00
2023/11/23,14.33,14.39,14.06,14.34,1439277,20383924.00
2023/11/24,14.39,14.39,13.90,14.03,1385987,19337016.00
2023/11/27,14.03,14.48,14.00,14.24,2576380,36470784.00
2023/11/28,14.29,14.81,14.05,14.80,3179881,45910780.00
2023/11/29,14.80,16.06,14.54,15.05,13167687,201728016.00
2023/11/30,15.30,15.50,14.55,14.86,5724754,84448432.00
2023/12/01,14.80,15.39,14.80,15.18,4703388,70691968.00
2023/12/04,15.26,16.57,15.25,16.03,10500974,166146944.00
2023/12/05,16.03,16.04,15.30,15.40,7948487,122936368.00
2023/12/06,15.49,15.55,15.03,15.09,4009327,60562096.00
2023/12/07,15.13,15.58,15.04,15.45,4270828,65202412.00
2023/12/08,15.55,16.00,14.95,14.99,6875210,105300272.00
2023/12/11,14.97,15.24,14.70,15.02,5710144,84722880.00
2023/12/12,14.95,15.06,14.81,14.96,2574796,38125384.00
2023/12/13,14.81,15.14,14.78,14.96,2976979,44358164.00
2023/12/14,15.07,15.21,14.80,14.86,2284829,33906032.00
2023/12/15,14.90,15.12,14.71,14.99,2385505,35410436.00
2023/12/18,14.80,15.10,14.63,14.74,2587806,38164416.00
2023/12/19,14.71,14.90,14.55,14.83,2127122,31140484.00
2023/12/20,14.95,15.06,14.77,14.81,2364814,34999792.00
2023/12/21,14.71,14.84,14.34,14.67,3026442,43822724.00
2023/12/22,14.64,15.09,14.39,14.43,2882800,41961440.00
2023/12/25,14.38,14.56,13.97,14.10,2337496,32820072.00
2023/12/26,14.08,14.13,13.37,13.47,3033892,40867432.00
2023/12/27,13.49,13.91,13.47,13.77,2239214,30529078.00
2023/12/28,13.78,13.96,13.39,13.67,2140264,29147892.00
2023/12/29,13.65,14.51,13.63,14.51,2960942,41711872.00
2024/01/02,14.50,14.79,14.46,14.63,2689290,38970484.00
2024/01/03,14.61,14.68,14.20,14.25,1999546,28529968.00
2024/01/04,14.38,14.38,14.06,14.15,1391990,19637748.00
2024/01/05,14.20,14.39,14.00,14.10,2025221,28514708.00
2024/01/08,14.02,14.16,13.64,13.72,1374512,18913028.00
2024/01/09,13.83,14.10,13.62,13.89,1961752,27124576.00
2024/01/10,13.91,13.98,13.55,13.65,1566302,21324236.00
2024/01/11,13.59,13.95,13.56,13.85,1505775,20653534.00
2024/01/12,13.89,13.90,13.50,13.51,1739187,23628896.00
2024/01/15,13.54,13.56,13.27,13.38,1063056,14157616.00
2024/01/16,13.41,13.47,13.02,13.33,1806695,23760620.00
2024/01/17,13.34,13.43,12.96,12.96,1543656,20199112.00
2024/01/18,12.94,13.19,12.42,12.71,2612410,32842072.00
2024/01/19,12.76,12.76,12.37,12.45,1523906,18943572.00
2024/01/22,12.55,12.55,11.42,11.54,2360704,28069900.00
2024/01/23,11.47,11.79,11.15,11.29,2652526,29695244.00
2024/01/24,11.35,11.57,10.91,11.35,2318226,25872972.00
2024/01/25,11.35,12.18,11.26,12.15,2496048,29154118.00
2024/01/26,12.22,12.46,12.16,12.20,1782929,21703592.00
2024/01/29,12.27,12.36,11.43,11.48,2234726,25971600.00
2024/01/30,11.37,11.49,10.95,10.99,1924483,21374878.00
2024/01/31,10.71,11.08,9.82,9.99,4191491,42407872.00
2024/02/01,9.89,9.97,9.44,9.69,3146647,30270748.00
2024/02/02,9.75,9.99,8.62,8.94,3597107,32802920.00
2024/02/05,8.77,8.78,7.17,7.17,6648557,49421036.00
2024/02/06,6.96,7.23,6.14,6.95,7644812,49578848.00
2024/02/07,6.95,6.95,6.05,6.22,8128240,51168096.00
2024/02/08,6.22,7.17,5.76,7.14,8216251,52842248.00
2024/02/19,7.25,7.76,7.25,7.42,4822255,35569408.00
数据来源:通达信
