688665 四方光电 日线 后复权
      日期	    开盘	    最高	    最低	    收盘	    成交量	    成交额
2021/02/09,61.00,79.30,46.50,65.50,11176045,634037824.00
2021/02/10,57.00,62.00,47.00,47.79,8180192,454633408.00
2021/02/18,48.60,56.00,48.50,51.00,6248005,322963872.00
2021/02/19,50.00,55.73,48.02,55.66,4306335,228267648.00
2021/02/22,57.50,64.39,57.50,63.30,4498714,271311840.00
2021/02/23,62.00,63.98,57.06,58.49,3361776,201239216.00
2021/02/24,57.52,59.60,55.74,58.60,2349122,135382608.00
2021/02/25,59.77,70.25,59.00,68.49,4637666,301219808.00
2021/02/26,66.02,73.15,62.01,69.99,3989311,269912352.00
2021/03/01,69.00,75.88,66.28,73.00,3415371,239157488.00
2021/03/02,71.50,74.97,69.00,70.50,2528036,179667392.00
2021/03/03,70.05,72.97,66.00,70.50,1992176,140245840.00
2021/03/04,69.00,71.76,65.80,66.55,1477391,100662312.00
2021/03/05,66.49,69.77,65.57,68.77,1543403,104314528.00
2021/03/08,69.59,71.48,62.64,63.20,2296670,152568192.00
2021/03/09,61.21,63.64,57.70,58.90,1878958,113488632.00
2021/03/10,58.71,59.84,56.20,57.65,821731,47637460.00
2021/03/11,57.12,59.88,55.75,58.87,901105,52184688.00
2021/03/12,58.40,59.89,56.30,58.82,806067,46925848.00
2021/03/15,58.52,60.82,55.49,55.50,1124482,64928068.00
2021/03/16,55.03,56.26,53.70,55.65,876232,47931952.00
2021/03/17,55.70,55.70,53.34,54.61,674653,36492596.00
2021/03/18,54.98,54.98,52.00,52.24,815977,43315024.00
2021/03/19,51.12,54.62,51.12,53.98,798023,42735952.00
2021/03/22,54.98,62.38,54.78,62.38,1660992,97737920.00
2021/03/23,63.27,65.59,61.00,62.58,1209952,76522704.00
2021/03/24,61.50,65.43,61.50,63.54,1207356,76600424.00
2021/03/25,63.57,64.42,59.36,61.18,722361,45087696.00
2021/03/26,60.26,65.88,60.26,65.14,1077608,68786352.00
2021/03/29,65.20,69.66,60.11,63.00,1889658,124680832.00
2021/03/30,63.66,64.67,61.49,61.62,1076377,67475696.00
2021/03/31,61.00,63.94,59.40,59.95,993576,60444976.00
2021/04/01,60.05,62.27,59.01,61.74,962580,58436144.00
2021/04/02,61.13,63.26,59.49,60.53,930723,56649832.00
2021/04/06,59.99,61.80,59.00,60.91,742363,44840584.00
2021/04/07,60.24,60.76,57.54,58.57,886987,52314348.00
2021/04/08,58.49,61.90,56.30,60.61,1631539,96516848.00
2021/04/09,59.99,60.49,58.00,58.68,912237,53663688.00
2021/04/12,58.71,60.96,56.50,57.99,1012000,59736600.00
2021/04/13,56.87,60.72,56.50,60.00,812452,48222236.00
2021/04/14,62.09,65.98,62.09,65.10,1804157,116214320.00
2021/04/15,65.00,66.87,63.03,65.96,1135358,74155488.00
2021/04/16,65.31,67.00,64.80,66.90,785508,51745552.00
2021/04/19,66.18,70.49,66.18,70.00,1225664,83462464.00
2021/04/20,70.70,71.70,66.60,68.35,1193813,81685960.00
2021/04/21,65.73,68.53,65.73,67.60,525344,35391764.00
2021/04/22,67.61,77.81,67.40,76.00,1616871,117414952.00
2021/04/23,76.20,77.85,73.00,76.12,1313789,98988736.00
2021/04/26,76.10,84.62,74.40,82.95,1816255,143367456.00
2021/04/27,82.09,85.58,81.00,83.30,1242421,103019520.00
2021/04/28,84.00,89.29,83.01,85.22,994246,85147544.00
2021/04/29,84.99,86.55,82.38,83.30,736690,61878972.00
2021/04/30,83.00,92.00,82.28,88.45,816989,71015512.00
2021/05/06,88.77,94.10,86.11,93.46,682321,61796308.00
2021/05/07,92.60,94.69,86.00,87.48,753662,67209656.00
2021/05/10,87.10,87.98,85.00,86.50,765976,66120276.00
2021/05/11,86.50,90.17,85.50,87.40,734490,64126192.00
2021/05/12,87.00,93.93,85.33,91.58,781046,70844192.00
2021/05/13,89.21,91.50,85.63,85.90,588679,51813804.00
2021/05/14,86.01,90.60,85.21,89.40,590534,52065904.00
2021/05/17,88.02,93.06,87.00,92.18,728103,65759648.00
2021/05/18,92.18,93.00,88.66,91.08,615689,55670500.00
2021/05/19,90.94,91.57,87.17,88.70,541449,48355012.00
2021/05/20,88.50,95.58,87.59,94.68,700463,64932928.00
2021/05/21,94.70,103.88,91.68,101.19,1269283,124695512.00
2021/05/24,101.00,106.00,100.01,105.40,959975,99591288.00
2021/05/25,103.67,107.67,103.61,105.18,619872,65307680.00
2021/05/26,105.88,115.00,104.21,106.66,965402,106044632.00
2021/05/27,107.47,113.55,105.52,110.52,1194814,130998096.00
2021/05/28,110.47,111.90,107.32,109.70,607587,66243256.00
2021/05/31,109.00,123.25,109.00,121.71,779071,90720632.00
2021/06/01,123.00,123.00,114.08,115.20,849091,99558568.00
2021/06/02,115.20,117.50,111.00,113.00,676083,76925024.00
2021/06/03,112.00,114.83,108.01,110.50,679899,75646824.00
2021/06/04,109.42,118.80,109.42,116.59,639353,73731536.00
2021/06/07,124.00,124.00,112.30,113.01,671795,78805528.00
2021/06/08,111.95,114.80,104.00,105.51,956525,102954368.00
2021/06/09,104.63,110.73,104.43,105.43,670215,71696440.00
2021/06/10,105.77,112.38,105.43,111.59,750255,81410824.00
2021/06/11,111.01,111.43,103.43,110.93,1298206,138576560.00
2021/06/15,112.93,117.34,106.59,107.31,661987,74198472.00
2021/06/16,104.61,113.25,103.53,109.46,1039375,112261144.00
2021/06/17,108.58,112.27,107.46,110.00,496681,54153172.00
2021/06/18,110.43,116.92,108.73,115.45,725086,82627144.00
2021/06/21,116.43,124.31,112.44,122.36,918918,109920816.00
2021/06/22,121.43,134.93,121.10,124.93,1570654,201230848.00
2021/06/23,125.43,132.96,123.53,132.13,794610,102150440.00
2021/06/24,130.43,135.42,124.96,126.16,597671,76947936.00
2021/06/25,123.63,134.01,121.21,131.76,657113,85769632.00
2021/06/28,131.73,144.75,130.71,140.13,772194,107168872.00
2021/06/29,142.85,142.85,133.34,135.23,1012751,138758352.00
2021/06/30,137.53,141.87,132.99,136.58,930355,127097904.00
2021/07/01,137.77,143.78,133.93,135.31,663363,90925032.00
2021/07/02,132.42,137.43,128.31,135.44,616417,81803216.00
2021/07/05,136.19,140.03,113.43,116.73,2634416,318071968.00
2021/07/06,114.43,117.93,107.63,113.43,1413934,157571824.00
2021/07/07,112.23,122.44,108.45,119.13,1306227,151757904.00
2021/07/08,119.13,122.93,116.43,117.73,830273,98646576.00
2021/07/09,115.43,117.27,108.93,115.41,775048,87688552.00
2021/07/12,115.43,118.92,111.88,114.65,710716,81560608.00
2021/07/13,112.68,119.64,111.54,117.43,667222,76811016.00
2021/07/14,117.23,117.23,110.43,115.98,715325,81369584.00
2021/07/15,115.98,116.78,109.99,112.76,648370,72902640.00
2021/07/16,111.54,115.62,108.63,110.57,691584,76941064.00
2021/07/19,112.28,113.28,109.73,112.24,351393,39101348.00
2021/07/20,115.43,115.43,107.64,111.88,408243,44862200.00
2021/07/21,111.55,119.43,110.94,118.62,759061,87940384.00
2021/07/22,115.93,120.33,112.60,112.83,630346,72010560.00
2021/07/23,112.83,112.83,97.30,104.93,1666185,170887488.00
2021/07/26,103.19,110.21,103.19,106.78,703640,75299416.00
2021/07/27,105.42,112.83,105.42,106.83,514799,55883224.00
2021/07/28,106.40,109.39,100.43,103.23,510861,53446360.00
2021/07/29,103.27,111.26,103.27,108.85,732921,78395648.00
2021/07/30,109.73,109.73,99.36,104.29,807620,82812448.00
2021/08/02,101.82,113.23,101.82,112.43,753455,81637800.00
2021/08/03,112.59,118.41,109.43,111.34,719242,82171752.00
2021/08/04,110.33,125.13,110.33,122.24,869792,103927056.00
2021/08/05,122.83,127.92,118.55,125.42,965853,119547936.00
2021/08/06,125.42,128.44,121.43,128.43,720829,89838752.00
2021/08/09,131.44,131.44,120.98,123.05,1172808,145605824.00
2021/08/10,122.35,131.43,120.09,124.14,749883,93809360.00
2021/08/11,122.53,125.83,118.82,125.19,402409,49349992.00
2021/08/12,124.93,131.13,121.58,129.80,496328,62652160.00
2021/08/13,131.53,132.32,124.75,127.63,575386,73444128.00
2021/08/16,121.43,131.01,120.43,127.14,484701,61325776.00
2021/08/17,128.03,140.41,128.03,137.11,1109356,150163744.00
2021/08/18,134.43,140.92,132.93,137.11,749310,102050384.00
2021/08/19,136.61,146.41,135.52,141.22,760567,107964488.00
2021/08/20,141.61,147.43,136.16,141.45,688203,97375088.00
2021/08/23,141.44,152.45,141.44,149.02,930193,137917200.00
2021/08/24,148.98,157.09,144.03,154.95,874389,133464416.00
2021/08/25,152.66,157.48,150.45,155.40,412667,63380188.00
2021/08/26,154.55,156.44,147.68,152.12,596833,90321160.00
2021/08/27,150.43,152.03,144.75,149.43,431019,63421468.00
2021/08/30,146.58,155.43,143.73,145.43,708996,104907784.00
2021/08/31,148.83,149.43,143.43,145.42,316034,46063004.00
2021/09/01,143.54,149.03,140.92,142.55,344373,49618116.00
2021/09/02,142.55,149.31,140.43,146.33,390653,56776624.00
2021/09/03,146.31,149.58,142.30,145.02,556018,80436496.00
2021/09/06,144.90,144.90,136.94,143.43,336807,47476576.00
2021/09/07,143.20,156.43,142.43,155.43,647049,97380224.00
2021/09/08,154.63,161.15,146.42,147.34,474934,71728632.00
2021/09/09,146.49,147.94,136.75,140.20,535349,75286184.00
2021/09/10,137.15,143.43,135.92,141.30,272211,38065520.00
2021/09/13,138.10,141.39,134.44,138.41,320430,43682872.00
2021/09/14,138.42,149.43,138.42,143.64,295031,42629328.00
2021/09/15,142.56,145.82,136.64,137.73,323869,45059852.00
2021/09/16,137.73,141.89,135.24,136.34,161836,22372480.00
2021/09/17,136.44,138.86,129.31,135.58,334315,44201060.00
2021/09/22,132.65,135.14,124.54,132.29,651528,84110848.00
2021/09/23,133.72,135.43,129.62,131.37,284081,37390416.00
2021/09/24,128.62,134.93,128.62,129.65,163531,21376300.00
2021/09/27,129.09,140.78,127.54,131.43,589456,79144616.00
2021/09/28,131.43,143.41,128.98,140.43,557171,77722088.00
2021/09/29,140.75,142.68,132.50,134.43,451693,61343136.00
2021/09/30,133.97,141.42,133.97,139.55,242139,33603456.00
2021/10/08,141.83,142.21,133.02,135.89,352245,47736236.00
2021/10/11,135.93,141.93,135.93,139.88,287356,39990704.00
2021/10/12,146.85,155.42,139.88,145.12,752187,109813984.00
2021/10/13,146.19,153.98,144.97,150.43,590602,88720160.00
2021/10/14,148.43,159.19,146.65,157.78,528507,82402672.00
2021/10/15,156.89,160.25,154.42,157.61,394959,61915656.00
2021/10/18,150.48,162.41,150.48,157.90,442075,69735504.00
2021/10/19,158.19,166.43,158.02,164.95,708909,115822720.00
2021/10/20,164.77,173.20,160.17,161.89,796924,132742864.00
2021/10/21,167.56,168.23,160.81,166.43,670879,110043352.00
2021/10/22,163.80,164.42,152.43,158.23,654204,102154200.00
2021/10/25,158.43,161.94,151.56,155.03,828396,128997552.00
2021/10/26,152.96,161.38,151.75,154.32,660174,103191032.00
2021/10/27,155.94,155.94,149.03,154.14,437614,66348444.00
2021/10/28,154.14,156.14,150.85,153.43,278056,42495632.00
2021/10/29,153.43,158.02,151.01,156.43,401535,62037656.00
2021/11/01,156.43,161.93,148.81,157.94,705082,108791888.00
2021/11/02,159.12,164.43,156.66,159.94,541628,86505000.00
2021/11/03,156.96,163.93,154.54,155.43,429620,67563984.00
2021/11/04,155.62,168.27,155.09,164.72,704831,115225744.00
2021/11/05,164.34,172.17,161.43,165.43,724750,120992488.00
2021/11/08,164.42,168.44,160.73,163.32,414135,67616240.00
2021/11/09,163.32,166.43,157.90,163.44,434614,70004888.00
2021/11/10,165.32,166.30,159.41,160.05,323637,52219412.00
2021/11/11,161.03,162.03,152.76,154.24,779036,121097504.00
2021/11/12,155.42,166.27,153.54,165.63,690362,112108056.00
2021/11/15,165.58,166.51,159.03,163.42,492883,79748440.00
2021/11/16,163.79,164.07,156.95,157.64,368397,58561244.00
2021/11/17,157.64,161.91,155.69,160.47,291110,45887356.00
2021/11/18,160.25,162.43,156.94,160.62,311232,49561600.00
2021/11/19,160.62,174.16,160.62,173.61,702914,119000560.00
2021/11/22,175.93,184.88,173.66,181.12,787048,141268048.00
2021/11/23,183.31,187.09,179.03,182.43,488003,88876800.00
2021/11/24,180.36,192.92,180.36,188.43,522231,97709856.00
2021/11/25,189.23,189.23,176.43,179.93,779156,139764816.00
2021/11/26,179.74,186.24,173.71,184.72,457624,83641712.00
2021/11/29,180.67,190.31,180.67,188.49,381357,70954944.00
2021/11/30,195.40,195.43,184.66,186.43,527862,99470960.00
2021/12/01,187.43,192.13,183.94,188.43,396648,73993072.00
2021/12/02,188.43,188.45,180.78,183.05,583595,106665352.00
2021/12/03,183.43,186.42,177.45,182.42,406341,74067392.00
2021/12/06,180.37,183.56,171.08,171.51,638850,111467552.00
2021/12/07,172.51,175.19,164.09,168.43,501984,83853944.00
2021/12/08,170.95,172.73,167.45,167.53,463285,78353944.00
2021/12/09,171.43,174.31,164.53,165.93,453426,75762608.00
2021/12/10,165.20,169.43,162.13,167.65,381728,63334948.00
2021/12/13,167.75,171.73,163.05,165.49,468315,77593096.00
2021/12/14,164.10,169.63,160.59,166.15,354676,58588036.00
2021/12/15,165.44,173.81,163.51,172.71,568292,96583024.00
2021/12/16,172.82,174.63,166.67,170.04,399450,67823936.00
2021/12/17,168.53,171.13,160.43,161.41,479447,77972368.00
2021/12/20,161.11,163.82,156.14,157.03,393144,62298044.00
2021/12/21,159.23,160.31,154.09,159.74,331819,52064036.00
2021/12/22,157.09,171.20,157.09,169.32,619817,102123496.00
2021/12/23,169.60,171.13,164.93,169.66,321532,53941384.00
2021/12/24,169.41,169.41,161.32,163.43,371252,60674964.00
2021/12/27,162.19,164.01,158.23,161.38,274073,43917496.00
2021/12/28,162.16,165.93,159.01,164.87,198132,32277496.00
2021/12/29,162.64,180.22,161.76,178.90,731820,125390784.00
2021/12/30,180.43,189.31,176.30,181.73,562818,103176400.00
2021/12/31,182.39,184.29,177.43,179.65,330125,59209416.00
2022/01/04,180.12,180.12,160.43,163.01,592426,98481656.00
2022/01/05,158.54,164.44,149.33,156.67,711715,109739464.00
2022/01/06,154.44,162.23,152.93,159.08,355914,55915852.00
2022/01/07,158.80,161.43,153.79,155.13,325998,50867872.00
2022/01/10,155.72,156.91,144.54,145.02,591253,87538848.00
2022/01/11,146.59,150.03,141.04,141.17,374759,54056004.00
2022/01/12,138.43,145.43,138.43,144.47,455854,64421224.00
2022/01/13,144.53,144.53,136.58,139.93,574416,80241200.00
2022/01/14,138.82,152.61,138.18,148.19,544571,80137664.00
2022/01/17,150.04,150.99,143.31,150.47,383467,56416564.00
2022/01/18,150.48,150.48,144.98,147.84,267585,39452512.00
2022/01/19,148.44,150.22,142.96,144.81,292839,42484696.00
2022/01/20,144.63,151.14,139.43,142.23,942033,136224896.00
2022/01/21,140.06,142.22,135.68,140.14,542823,75018640.00
2022/01/24,139.48,146.23,137.35,142.46,312454,44610488.00
2022/01/25,140.93,145.43,138.63,139.42,225093,31509396.00
2022/01/26,139.23,143.71,135.72,142.84,298306,41662840.00
2022/01/27,144.70,149.22,139.31,139.73,547685,79247560.00
2022/01/28,141.52,145.57,139.24,143.85,287316,41131076.00
2022/02/07,144.41,149.91,138.63,144.63,467254,66415752.00
2022/02/08,143.44,143.44,136.03,138.73,288221,39881068.00
2022/02/09,139.90,147.63,138.46,146.87,409766,58857740.00
2022/02/10,147.41,152.30,140.45,141.71,481439,70372688.00
2022/02/11,141.83,141.83,136.51,139.43,270199,37414284.00
2022/02/14,138.43,141.09,134.46,137.93,382375,52720588.00
2022/02/15,135.93,143.63,135.93,143.60,425147,59644264.00
2022/02/16,143.13,144.42,138.53,139.51,302949,42406188.00
2022/02/17,139.68,143.93,138.55,142.23,210732,29766956.00
2022/02/18,141.43,143.42,135.49,138.11,490261,67225232.00
2022/02/21,140.43,140.43,131.28,131.38,474136,63042100.00
2022/02/22,129.15,131.74,125.54,129.33,398424,51033824.00
2022/02/23,129.05,138.94,127.45,138.62,345915,46870140.00
2022/02/24,137.43,145.85,136.43,139.16,459466,64923224.00
2022/02/25,139.30,148.91,139.30,146.62,500074,72951696.00
2022/02/28,147.27,148.29,142.45,144.63,305753,44253616.00
2022/03/01,147.02,147.02,142.07,144.43,476916,68494528.00
2022/03/02,144.74,146.23,139.43,145.66,482660,69294064.00
2022/03/03,145.66,145.66,139.03,139.58,346849,48815036.00
2022/03/04,139.93,142.20,135.43,136.10,278646,38242852.00
2022/03/07,138.37,139.28,130.53,133.56,281884,37709580.00
2022/03/08,134.23,142.43,134.23,139.31,560548,77775936.00
2022/03/09,137.04,142.43,132.96,141.43,481513,65929896.00
2022/03/10,144.05,144.55,139.53,141.43,429875,60798472.00
2022/03/11,139.45,142.38,136.43,141.38,283387,39646912.00
2022/03/14,139.83,141.17,136.43,136.43,263097,36230700.00
2022/03/15,136.74,142.42,131.48,138.09,397298,54677448.00
2022/03/16,140.56,140.58,134.03,139.28,428242,58523420.00
2022/03/17,140.73,147.09,139.93,144.48,458367,66259040.00
2022/03/18,142.47,143.55,136.43,141.42,609877,84220328.00
2022/03/21,141.42,142.76,138.44,141.04,203713,28468250.00
2022/03/22,142.82,143.09,138.61,141.28,201626,28309284.00
2022/03/23,143.81,145.85,139.05,144.33,215121,30819160.00
2022/03/24,144.33,146.09,141.53,141.93,249432,35663812.00
2022/03/25,141.04,143.23,137.66,139.68,166270,23165256.00
2022/03/28,141.88,141.88,136.79,138.40,164764,22708552.00
2022/03/29,138.81,140.23,130.83,133.29,390765,52782256.00
2022/03/30,132.43,136.43,131.44,135.35,263286,35428796.00
2022/03/31,134.45,136.73,128.70,133.22,384862,50649760.00
2022/04/01,132.43,133.43,118.52,123.22,998252,121891752.00
2022/04/06,120.93,121.09,114.12,120.44,496340,57997904.00
2022/04/07,118.54,120.32,115.91,117.40,204963,23994852.00
2022/04/08,117.40,119.77,114.19,117.43,275929,32087532.00
2022/04/11,115.44,116.40,110.91,113.87,402296,45461180.00
2022/04/12,111.63,114.32,109.53,111.43,437468,48522976.00
2022/04/13,110.09,111.42,102.44,103.42,665760,70162992.00
2022/04/14,103.53,105.34,100.43,103.42,342305,35206180.00
2022/04/15,103.45,106.43,99.51,105.12,431387,44268292.00
2022/04/18,105.12,111.09,101.46,109.79,400611,43057824.00
2022/04/19,108.74,112.55,108.74,112.20,224095,24493148.00
2022/04/20,109.93,114.41,108.78,110.86,388363,43077772.00
2022/04/21,109.45,109.93,105.55,108.43,411171,44043380.00
2022/04/22,105.76,107.88,101.43,106.60,413913,43167880.00
2022/04/25,105.48,105.49,101.02,102.14,325250,33347148.00
2022/04/26,102.03,102.86,93.83,95.28,454115,43764236.00
2022/04/27,95.28,109.43,91.51,108.43,489532,49479032.00
2022/04/28,99.43,105.43,94.48,102.32,516339,50804900.00
2022/04/29,101.74,101.93,96.61,98.17,796671,77819216.00
2022/05/05,98.17,103.92,96.44,102.92,492858,49376936.00
2022/05/06,99.37,101.76,95.76,99.45,332636,32734796.00
2022/05/09,98.84,105.70,98.41,103.10,324148,33372180.00
2022/05/10,101.02,108.09,101.01,107.23,392531,41490748.00
2022/05/11,105.71,114.42,105.71,112.93,588700,65611000.00
2022/05/12,112.79,113.43,109.76,110.69,245714,27339960.00
2022/05/13,113.43,120.38,110.25,119.43,532460,61582424.00
2022/05/16,118.54,121.02,115.43,117.41,558856,65422616.00
2022/05/17,116.43,122.11,113.51,119.43,365887,43285880.00
2022/05/18,119.43,125.82,118.64,120.73,458359,55612336.00
2022/05/19,118.45,124.93,117.54,123.81,201612,24687962.00
2022/05/20,120.99,131.28,120.99,129.71,401333,51398784.00
2022/05/23,129.71,132.54,126.43,130.76,339162,43970580.00
2022/05/24,128.44,132.40,126.93,127.83,414087,53338896.00
2022/05/25,129.74,135.13,122.43,125.73,297972,37274168.00
2022/05/26,126.52,126.96,120.46,123.01,417403,51546776.00
2022/05/27,122.94,124.72,119.44,122.49,604824,73374992.00
2022/05/30,121.63,123.83,118.23,121.23,278252,33212770.00
2022/05/31,119.93,125.53,118.94,124.38,434061,52990248.00
2022/06/01,125.43,128.43,120.45,124.08,438741,54502876.00
2022/06/02,123.87,131.68,122.25,130.68,461720,58566660.00
2022/06/06,135.65,139.17,130.48,131.01,528527,70577560.00
2022/06/07,133.60,140.47,133.60,137.96,1003486,137438976.00
2022/06/08,137.41,137.66,131.79,134.19,459273,60861824.00
2022/06/09,133.84,134.71,125.28,126.13,368251,46676624.00
2022/06/10,129.88,133.47,126.47,131.61,461928,59687372.00
2022/06/13,131.07,133.38,129.06,129.96,307025,39631656.00
2022/06/14,127.06,129.24,124.79,126.68,286638,35880516.00
2022/06/15,126.67,131.12,126.67,126.94,321584,40748752.00
2022/06/16,127.35,137.68,126.79,133.36,530143,69836904.00
2022/06/17,130.80,133.68,129.78,133.32,365901,47788824.00
2022/06/20,133.33,135.78,130.89,132.51,429366,56418632.00
2022/06/21,131.19,134.28,130.09,131.92,255609,33292614.00
2022/06/22,130.23,134.55,127.98,128.68,281558,36077600.00
2022/06/23,128.59,139.67,127.68,138.79,689640,92875256.00
2022/06/24,139.08,150.18,138.68,150.18,663646,96358896.00
2022/06/27,150.18,154.68,144.92,152.17,468949,69512256.00
2022/06/28,152.17,156.17,147.68,151.70,479102,71620936.00
2022/06/29,149.68,151.70,143.48,146.03,539864,78122040.00
2022/06/30,146.03,151.57,143.71,149.68,325223,47615224.00
2022/07/01,147.58,155.19,146.73,149.81,295099,44262480.00
2022/07/04,149.68,154.66,145.68,153.14,331228,49585608.00
2022/07/05,153.14,155.68,147.03,149.42,249946,36969464.00
2022/07/06,151.58,158.16,146.88,156.20,384887,58745508.00
2022/07/07,156.18,157.17,149.64,149.68,325526,48770008.00
2022/07/08,151.05,151.56,146.23,147.18,186512,27326364.00
2022/07/11,145.73,147.66,140.87,144.10,400008,56788504.00
2022/07/12,145.67,145.67,134.68,136.68,462544,63331392.00
2022/07/13,134.96,136.76,130.68,134.27,529653,69838696.00
2022/07/14,133.18,144.68,132.80,141.12,352335,49098456.00
2022/07/15,140.68,146.19,137.68,140.79,540102,76002200.00
2022/07/18,138.82,143.68,137.23,140.98,338005,46919632.00
2022/07/19,140.17,154.18,138.68,145.50,561794,81406536.00
2022/07/20,144.92,154.57,144.92,151.59,445631,66931816.00
2022/07/21,151.84,165.66,151.84,160.83,787812,125801992.00
2022/07/22,160.48,168.66,159.68,164.53,670274,109023496.00
2022/07/25,165.70,168.66,157.68,158.37,376054,59952568.00
2022/07/26,159.68,163.81,156.82,159.45,236596,37293372.00
2022/07/27,159.13,170.66,159.13,167.35,469024,76865200.00
2022/07/28,168.01,168.01,162.75,166.86,222899,36460752.00
2022/07/29,168.68,174.16,162.14,170.27,412477,69002864.00
2022/08/01,166.70,171.43,161.77,170.18,394465,64823728.00
2022/08/02,168.14,184.67,167.23,176.48,669102,117675104.00
2022/08/03,175.60,176.89,169.73,170.44,364822,62411016.00
2022/08/04,170.59,174.64,160.68,171.68,572504,93488368.00
2022/08/05,169.60,169.99,160.78,165.68,493566,80013424.00
2022/08/08,164.18,165.68,159.70,164.98,250662,40510060.00
2022/08/09,165.17,169.55,162.68,167.93,394340,64987116.00
2022/08/10,167.63,168.35,161.68,165.27,245389,39875616.00
2022/08/11,165.66,168.66,158.68,162.03,367309,59113176.00
2022/08/12,160.36,163.67,155.80,159.67,295406,46843764.00
2022/08/15,159.67,166.69,157.87,165.26,341052,54846284.00
2022/08/16,152.68,155.98,140.48,149.70,1343204,198700848.00
2022/08/17,146.59,153.33,146.42,147.31,634688,94117112.00
2022/08/18,145.13,149.19,143.70,143.70,372296,53469900.00
2022/08/19,143.69,144.45,135.30,135.63,507379,69509136.00
2022/08/22,137.36,140.68,133.68,140.68,449601,60740784.00
2022/08/23,138.18,152.83,138.18,150.06,733802,106938528.00
2022/08/24,150.48,152.65,142.87,143.58,317931,45982168.00
2022/08/25,142.16,146.08,134.68,137.19,356208,48534560.00
2022/08/26,138.19,138.93,133.69,136.37,188709,25403068.00
2022/08/29,133.70,140.59,133.69,135.47,312759,42349592.00
2022/08/30,137.68,138.60,132.69,132.72,162844,21664782.00
2022/08/31,132.72,132.72,125.18,125.63,302034,38029612.00
2022/09/01,124.68,127.46,121.38,122.48,294315,35815832.00
2022/09/02,124.05,125.18,120.49,120.73,301675,36371384.00
2022/09/05,120.23,122.98,114.73,115.68,661681,76229376.00
2022/09/06,115.69,121.48,112.88,120.03,409105,47495992.00
2022/09/07,120.68,129.08,116.70,126.81,394487,48972932.00
2022/09/08,126.60,129.68,124.04,124.14,240383,29996068.00
2022/09/09,124.61,127.18,120.01,121.68,106115,12704593.00
2022/09/13,121.68,124.41,120.48,122.81,120629,14597853.00
2022/09/14,120.98,126.93,120.20,123.60,186488,22589744.00
2022/09/15,122.01,125.53,115.18,117.48,255114,29801010.00
2022/09/16,114.69,120.36,114.67,117.42,283974,32924966.00
2022/09/19,118.20,118.67,112.64,113.19,202924,22896308.00
2022/09/20,115.64,117.57,112.35,115.78,189862,21489976.00
2022/09/21,114.27,115.68,110.17,110.93,252889,27938460.00
2022/09/22,111.26,114.25,108.81,112.18,148015,16307979.00
2022/09/23,113.21,114.18,106.79,111.17,244729,26660854.00
2022/09/26,111.85,114.94,108.20,112.38,168376,18557672.00
2022/09/27,112.38,115.48,110.72,113.59,178318,19873058.00
2022/09/28,115.67,115.68,105.71,106.68,187151,20140688.00
2022/09/29,108.67,109.30,104.04,108.38,182447,19197256.00
2022/09/30,109.10,109.10,102.48,103.43,198442,20402576.00
2022/10/10,104.58,104.58,99.18,100.68,276504,27515704.00
2022/10/11,102.08,102.08,96.04,97.68,287671,27770828.00
2022/10/12,98.38,100.68,93.68,100.53,301506,28597564.00
2022/10/13,99.88,104.21,97.72,99.71,241734,24169610.00
2022/10/14,104.61,104.61,98.71,103.08,311926,31288164.00
2022/10/17,103.76,108.18,100.69,107.01,464245,48104228.00
2022/10/18,104.98,107.56,102.81,106.28,314811,32602480.00
2022/10/19,104.50,105.45,102.31,103.11,326020,33246324.00
2022/10/20,103.74,103.74,97.48,98.73,791461,76791024.00
2022/10/21,99.43,99.43,91.68,95.62,943600,87981488.00
2022/10/24,96.21,97.88,92.68,93.88,796110,74608880.00
2022/10/25,94.80,94.99,89.73,91.68,744462,67017752.00
2022/10/26,89.73,89.73,84.78,86.28,1543337,130393160.00
2022/10/27,86.28,89.14,82.08,82.59,1050361,88006120.00
2022/10/28,82.69,83.38,78.78,79.11,811925,64296536.00
2022/10/31,79.66,83.43,78.86,82.09,820606,65488144.00
2022/11/01,82.98,83.68,80.07,83.06,671839,53954204.00
2022/11/02,83.29,85.48,81.81,84.77,951846,78233864.00
2022/11/03,83.68,86.78,82.68,86.76,622406,52111976.00
2022/11/04,86.86,88.29,85.17,87.77,939913,80159632.00
2022/11/07,87.77,89.32,85.69,86.58,901125,76885928.00
2022/11/08,87.57,95.47,87.57,93.07,2755529,247415056.00
2022/11/09,94.35,94.35,88.86,90.06,1566626,138694656.00
2022/11/10,89.68,90.06,84.40,87.48,1762234,149801200.00
2022/11/11,89.67,92.18,86.91,87.59,1197597,104581072.00
2022/11/14,89.18,104.57,86.68,101.68,2600338,245276480.00
2022/11/15,99.64,102.42,95.80,101.10,2346257,228830464.00
2022/11/16,102.42,111.56,99.50,108.71,2759134,287259680.00
2022/11/17,108.71,115.27,103.69,109.63,2358306,252798656.00
2022/11/18,107.68,118.19,107.68,114.29,2313714,259227328.00
2022/11/21,115.67,116.58,110.20,114.78,1606984,179034592.00
2022/11/22,114.31,115.08,106.68,106.98,1043604,112812992.00
2022/11/23,108.29,109.71,102.33,107.17,1189190,123845744.00
2022/11/24,107.88,112.57,106.17,107.62,707811,76088192.00
2022/11/25,107.14,107.14,101.68,102.48,911606,92888976.00
2022/11/28,101.68,105.25,99.68,104.48,703557,71646168.00
2022/11/29,103.98,105.57,101.88,104.82,514036,52513640.00
2022/11/30,103.98,106.91,101.56,101.68,576082,58218836.00
2022/12/01,101.74,108.58,101.74,106.68,876775,91266344.00
2022/12/02,106.68,110.56,102.93,103.19,724085,75525440.00
2022/12/05,103.71,106.43,92.88,106.18,1845346,177256912.00
2022/12/06,102.68,104.55,97.76,97.76,1060709,104469408.00
2022/12/07,97.91,99.75,95.09,95.81,698457,66609096.00
2022/12/08,97.48,97.48,94.18,95.08,344527,32298900.00
2022/12/09,95.23,95.98,93.68,93.68,425873,39476372.00
2022/12/12,92.19,98.26,91.86,97.39,782195,74067616.00
2022/12/13,96.68,99.39,95.36,97.20,564267,54167152.00
2022/12/14,97.19,103.63,95.68,100.40,842234,83630336.00
2022/12/15,99.68,102.38,98.58,101.01,338386,33402384.00
2022/12/16,100.11,100.53,97.98,99.57,273863,26725918.00
2022/12/19,99.54,100.38,94.44,95.08,323956,30764066.00
2022/12/20,94.68,99.16,93.57,96.25,295505,28080880.00
2022/12/21,97.61,98.27,94.23,94.52,205349,19367254.00
2022/12/22,96.17,97.66,94.42,94.81,250267,23577824.00
2022/12/23,92.68,96.66,92.68,94.53,153540,14239536.00
2022/12/26,91.38,98.58,91.37,96.48,310714,29592756.00
2022/12/27,95.68,99.42,95.14,97.68,365106,34899292.00
2022/12/28,96.56,98.67,94.28,94.83,300700,28335616.00
2022/12/29,95.47,101.18,93.86,100.52,642478,62192004.00
2022/12/30,101.67,102.67,99.20,100.68,389446,38746380.00
2023/01/03,100.09,102.68,99.36,101.62,230583,22909716.00
2023/01/04,101.88,101.88,98.98,99.68,206447,20327732.00
2023/01/05,100.68,102.48,98.68,101.88,437409,43510096.00
2023/01/06,101.68,105.18,101.34,102.40,334562,34097416.00
2023/01/09,102.38,104.44,99.27,100.10,409571,40604308.00
2023/01/10,99.68,100.10,96.89,97.68,347145,33542608.00
2023/01/11,97.68,97.68,93.68,94.17,316194,29639282.00
2023/01/12,94.26,95.68,93.89,95.23,279395,26029570.00
2023/01/13,94.77,95.18,92.73,93.68,428014,39302032.00
2023/01/16,93.28,95.17,92.98,94.51,340909,31467944.00
2023/01/17,95.67,95.67,91.48,92.64,531675,48684408.00
2023/01/18,92.67,93.47,91.39,91.57,384778,34809692.00
2023/01/19,91.80,102.55,90.98,101.02,979960,93963144.00
2023/01/20,100.46,101.70,99.19,100.52,263946,26028594.00
2023/01/30,102.63,105.17,99.79,104.13,657179,66954424.00
2023/01/31,104.94,104.94,102.19,102.99,348372,35305352.00
2023/02/01,102.56,107.66,102.56,104.50,652428,67403200.00
2023/02/02,104.50,106.28,104.50,104.78,498694,51750192.00
2023/02/03,105.64,108.56,104.18,107.76,503648,52749520.00
2023/02/06,108.00,108.56,105.37,105.83,308085,32218216.00
2023/02/07,107.25,108.18,105.60,106.75,314143,33079838.00
2023/02/08,107.88,111.68,105.48,108.98,643007,68208104.00
2023/02/09,108.23,112.78,107.38,111.81,365077,40042868.00
2023/02/10,112.06,113.38,109.46,111.92,369760,40580368.00
2023/02/13,111.93,116.56,111.92,115.48,445098,50415616.00
2023/02/14,115.48,116.56,111.92,112.93,276212,30984644.00
2023/02/15,113.58,114.23,110.19,110.84,306111,33584636.00
2023/02/16,110.48,112.47,108.76,109.88,413545,44882564.00
2023/02/17,109.29,111.66,106.51,107.36,363078,38643848.00
2023/02/20,109.37,109.37,104.67,105.18,347879,36281812.00
2023/02/21,105.90,108.77,104.71,107.83,266095,28026908.00
2023/02/22,106.70,110.66,105.68,109.08,270074,28829588.00
2023/02/23,108.01,113.01,108.01,111.24,332668,36642224.00
2023/02/24,110.73,113.36,108.75,110.02,214920,23474514.00
2023/02/27,110.01,110.54,106.75,106.98,135346,14401498.00
2023/02/28,108.34,108.66,103.70,107.63,369340,38887260.00
2023/03/01,107.98,112.41,107.48,111.62,251936,27414980.00
2023/03/02,113.33,116.03,110.25,114.28,317132,35761960.00
2023/03/03,115.68,115.68,111.31,111.89,203642,22606076.00
2023/03/06,110.92,114.75,109.78,113.69,222225,24563402.00
2023/03/07,112.62,114.34,108.83,109.27,213664,23394024.00
2023/03/08,109.18,110.15,107.28,108.27,81592,8697395.00
2023/03/09,107.78,111.27,105.68,109.56,414226,44598100.00
2023/03/10,110.53,113.10,107.73,109.69,299480,32529428.00
2023/03/13,108.34,113.55,108.34,112.21,378749,41680944.00
2023/03/14,111.68,116.49,109.83,115.48,380719,42709132.00
2023/03/15,115.18,116.48,113.21,115.17,154285,17449242.00
2023/03/16,115.16,115.16,109.04,110.28,238695,26122784.00
2023/03/17,109.48,111.67,106.74,108.68,205031,21996724.00
2023/03/20,107.32,110.93,106.82,109.62,269586,28912576.00
2023/03/21,111.08,111.08,106.98,108.94,319716,34024616.00
2023/03/22,108.94,109.97,107.68,109.75,284634,30460724.00
2023/03/23,109.68,114.98,108.59,111.62,415387,46013172.00
2023/03/24,111.62,112.66,110.28,110.70,238150,26075124.00
2023/03/27,110.81,110.81,106.14,107.85,342279,36168148.00
2023/03/28,107.09,108.33,101.80,102.38,515663,52951152.00
2023/03/29,101.78,102.90,95.18,96.83,1171043,112458992.00
2023/03/30,96.04,97.48,93.44,95.20,429370,39965336.00
2023/03/31,94.96,95.19,93.47,93.80,290243,26823372.00
2023/04/03,94.47,94.73,89.81,92.96,782083,70274800.00
2023/04/04,93.62,93.62,88.71,91.68,644245,57508324.00
2023/04/06,91.34,93.97,90.06,92.97,331458,30097352.00
2023/04/07,93.74,96.26,93.21,94.22,446010,41714064.00
2023/04/10,94.77,97.17,94.33,95.25,286147,26862948.00
2023/04/11,94.35,95.25,92.48,93.29,264685,24318212.00
2023/04/12,93.33,94.75,92.68,93.26,235369,21606022.00
2023/04/13,92.86,93.28,90.68,91.87,158883,14360693.00
2023/04/14,92.95,92.95,89.69,90.01,860142,76382144.00
2023/04/17,90.49,92.25,86.01,86.58,1381744,119495040.00
2023/04/18,87.66,88.99,85.58,86.44,591258,50510100.00
2023/04/19,86.61,87.90,85.48,86.41,379783,32253466.00
2023/04/20,86.41,87.48,84.22,84.90,416896,34905344.00
2023/04/21,84.76,85.72,81.73,82.55,800749,64902856.00
2023/04/24,82.24,83.88,81.58,82.54,501523,40565924.00
2023/04/25,83.15,83.83,78.98,80.48,546752,42981740.00
2023/04/26,81.68,83.65,80.48,80.83,408943,32720594.00
2023/04/27,79.55,81.72,79.55,80.62,344005,27269952.00
2023/04/28,81.58,85.18,80.73,85.18,710169,58132460.00
2023/05/04,86.38,87.37,84.68,84.87,589579,49459740.00
2023/05/05,84.41,85.68,82.29,83.78,457294,37545996.00
2023/05/08,83.34,86.24,81.50,82.85,379680,30875292.00
2023/05/09,82.84,83.28,81.19,81.28,250329,20103600.00
2023/05/10,81.28,85.54,81.28,84.07,447479,36656432.00
2023/05/11,84.20,84.42,81.71,81.98,306598,24786784.00
2023/05/12,82.67,82.71,79.84,81.05,251905,19970020.00
2023/05/15,80.68,82.68,79.83,82.46,200111,15932002.00
2023/05/16,81.68,82.32,79.54,80.04,320831,25387476.00
2023/05/17,80.04,83.43,79.49,83.24,348885,28048402.00
2023/05/18,83.68,84.64,82.21,83.32,220123,17954248.00
2023/05/19,84.18,84.96,82.69,83.43,224878,18445092.00
2023/05/22,83.69,90.11,83.69,89.05,1218679,104671680.00
2023/05/23,88.57,93.68,86.77,92.48,1357884,121031216.00
2023/05/24,91.25,91.69,87.08,90.38,950229,83223408.00
2023/05/25,89.65,93.18,88.92,90.97,537958,47947852.00
2023/05/26,91.62,92.48,87.68,90.95,526851,46622944.00
2023/05/29,91.64,91.64,88.84,90.97,365865,32286124.00
2023/05/30,90.58,91.57,86.84,89.07,353361,30755764.00
2023/05/31,89.34,89.58,86.28,86.43,421261,36006112.00
2023/06/01,86.48,94.36,86.43,92.62,1120972,101169104.00
2023/06/02,92.23,93.66,89.86,90.23,427720,38162628.00
2023/06/05,90.22,92.25,88.95,89.03,259717,22883890.00
2023/06/06,90.53,90.67,87.69,87.82,271847,23661700.00
2023/06/07,87.98,89.47,87.01,88.28,177080,15309131.00
2023/06/08,87.28,88.68,85.68,86.38,213385,18173706.00
2023/06/09,87.54,87.59,86.18,86.18,221902,18884592.00
2023/06/12,85.70,87.33,83.82,85.83,371408,30697668.00
2023/06/13,85.58,87.07,82.98,86.70,329840,27161168.00
2023/06/14,85.64,86.42,84.09,84.62,272148,22386344.00
2023/06/15,83.39,87.38,83.39,87.29,441023,36916408.00
2023/06/16,87.58,87.58,84.30,85.65,425543,35269672.00
2023/06/19,85.68,91.08,84.69,88.94,775821,67006988.00
2023/06/20,88.76,96.25,88.54,94.26,1173759,106717312.00
2023/06/21,94.08,96.38,90.14,92.24,592673,53188144.00
2023/06/26,94.56,94.56,89.73,89.98,410506,36455008.00
2023/06/27,90.08,91.54,88.94,90.10,297042,26109448.00
2023/06/28,90.48,92.35,87.08,91.71,535732,46894308.00
2023/06/29,91.89,99.08,91.78,96.50,713913,66969736.00
2023/06/30,97.48,98.38,94.64,95.70,561758,52437940.00
2023/07/03,96.32,96.57,94.46,94.84,347775,32239696.00
2023/07/04,95.41,99.38,93.60,96.57,352043,32920164.00
2023/07/05,96.38,97.57,94.88,96.60,235209,22105136.00
2023/07/06,96.41,98.47,94.89,97.07,194967,18453152.00
2023/07/07,95.38,95.88,92.58,93.02,270269,24625260.00
2023/07/10,93.20,93.58,90.54,90.65,323909,28819120.00
2023/07/11,90.83,92.48,89.30,90.71,283325,24845654.00
2023/07/12,92.38,92.48,88.64,88.85,337038,29527936.00
2023/07/13,89.67,90.26,88.57,89.78,216768,18844312.00
2023/07/14,89.78,90.16,88.62,89.20,217954,18887984.00
2023/07/17,88.65,90.43,87.78,89.88,139199,12083859.00
2023/07/18,89.36,90.38,88.81,89.33,127313,11037955.00
2023/07/19,89.00,89.32,86.81,86.88,207016,17635642.00
2023/07/20,87.45,89.26,86.22,86.83,147816,12563812.00
2023/07/21,86.63,86.97,85.09,85.33,144909,12065609.00
2023/07/24,86.08,86.54,84.42,86.02,93189,7762368.00
2023/07/25,86.02,88.94,86.02,87.72,176180,15064308.00
2023/07/26,88.58,89.88,86.59,87.37,194433,16663560.00
2023/07/27,87.08,87.94,83.02,83.58,378202,31092752.00
2023/07/28,84.17,84.38,82.21,82.64,338831,27297268.00
2023/07/31,83.82,83.82,81.93,82.41,225459,18104064.00
2023/08/01,82.93,84.01,81.59,82.73,187819,15134853.00
2023/08/02,83.30,87.72,82.43,86.89,523791,43256772.00
2023/08/03,85.37,86.58,84.16,84.51,410466,33834140.00
2023/08/04,85.32,90.28,85.02,88.93,774581,66358060.00
2023/08/07,88.40,90.17,86.98,89.31,579142,49851868.00
2023/08/08,88.93,90.78,86.08,86.59,529871,45354132.00
2023/08/09,86.76,86.76,84.68,84.68,198013,16354150.00
2023/08/10,84.98,85.41,82.85,82.93,351740,28483410.00
2023/08/11,83.51,84.18,80.26,80.77,444521,35251332.00
2023/08/14,80.57,81.35,76.79,79.18,625205,47383992.00
2023/08/15,79.28,80.00,77.39,77.78,344643,26060506.00
2023/08/16,77.29,79.06,76.68,77.64,190364,14306100.00
2023/08/17,77.64,79.34,76.69,78.18,170412,12849361.00
2023/08/18,77.54,79.32,77.54,77.89,161889,12277164.00
2023/08/21,78.13,79.21,76.08,76.12,225792,16940906.00
2023/08/22,76.27,76.57,72.08,74.03,760527,53920896.00
2023/08/23,73.98,73.98,72.58,72.73,314635,22192508.00
2023/08/24,72.79,73.82,69.26,71.98,472812,32511580.00
2023/08/25,72.58,73.48,70.47,70.88,270054,18610574.00
2023/08/28,77.30,77.30,70.08,70.48,498018,34776804.00
2023/08/29,71.83,81.07,70.58,79.58,1606336,120710928.00
2023/08/30,80.23,83.87,79.58,83.29,1346797,107489616.00
2023/08/31,83.58,84.84,81.58,83.19,766756,62031628.00
2023/09/01,82.63,84.96,81.61,84.10,452459,36728496.00
2023/09/04,84.69,84.69,81.49,82.50,503362,40226080.00
2023/09/05,81.49,83.43,81.22,81.94,269647,21425460.00
2023/09/06,81.95,82.78,81.11,81.98,368221,29146632.00
2023/09/07,81.25,81.46,80.05,80.51,378593,29572366.00
2023/09/08,79.98,82.58,79.00,80.47,335958,26304382.00
2023/09/11,79.58,82.58,79.08,81.58,418731,32723468.00
2023/09/12,80.95,81.68,79.38,80.36,186702,14583449.00
2023/09/13,79.82,81.02,77.60,78.58,305309,23331924.00
2023/09/14,79.07,79.20,76.58,77.22,298731,22475572.00
2023/09/15,76.87,78.58,76.25,78.04,279656,20956688.00
2023/09/18,77.97,82.47,77.00,80.71,576648,44973580.00
2023/09/19,82.57,82.57,77.30,77.67,415431,31592332.00
2023/09/20,77.18,79.17,76.44,76.50,272974,20427776.00
2023/09/21,75.98,76.93,74.80,75.38,208715,15252881.00
2023/09/22,74.59,77.49,74.07,77.33,351385,25821752.00
2023/09/25,77.95,77.95,75.21,75.87,296465,21747248.00
2023/09/26,75.88,79.14,74.70,77.33,481914,36228312.00
2023/09/27,78.36,79.12,76.58,76.98,385132,28902824.00
2023/09/28,76.98,78.41,76.17,77.32,254163,18985544.00
2023/10/09,77.17,77.17,75.58,76.70,204079,15079696.00
2023/10/10,77.00,77.17,75.46,76.38,296493,21832040.00
2023/10/11,76.38,78.41,75.51,77.40,327560,24484352.00
2023/10/12,77.57,77.84,76.14,77.24,170522,12668253.00
2023/10/13,77.32,77.32,73.58,73.95,371147,26713630.00
2023/10/16,73.95,73.95,70.94,71.58,476880,32936836.00
2023/10/17,71.44,71.87,70.24,71.53,374485,25619448.00
2023/10/18,71.22,72.26,68.80,69.35,339902,22949728.00
2023/10/19,69.58,71.08,69.58,70.05,264444,17901946.00
2023/10/20,69.79,71.59,68.84,69.23,350815,23661002.00
2023/10/23,69.28,69.33,66.69,67.33,203917,13304573.00
2023/10/24,67.33,70.08,66.59,69.83,319066,21165226.00
2023/10/25,69.61,71.05,67.48,67.68,512143,34156124.00
2023/10/26,65.81,68.67,64.08,68.52,661182,42093968.00
2023/10/27,69.51,77.58,68.19,77.49,1288523,92090640.00
2023/10/30,77.49,80.14,75.24,80.11,1305315,98764640.00
2023/10/31,80.11,84.79,77.18,83.80,1611922,129226320.00
2023/11/01,83.33,86.36,82.04,83.26,1000756,81721648.00
2023/11/02,83.38,83.61,80.47,80.83,442686,34910904.00
2023/11/03,80.83,82.43,80.27,81.69,478306,37717624.00
2023/11/06,80.86,85.08,80.86,82.86,912740,72729640.00
2023/11/07,82.98,84.13,81.11,83.22,688313,55201064.00
2023/11/08,83.62,84.12,80.84,81.74,669590,53056184.00
2023/11/09,80.97,81.62,79.86,80.32,409989,31886856.00
2023/11/10,79.68,80.67,78.64,79.48,364397,28054918.00
2023/11/13,79.44,81.96,78.60,80.16,593920,46066828.00
2023/11/14,81.58,86.57,81.14,86.21,1814613,148766144.00
2023/11/15,87.04,87.36,84.89,86.48,600093,50079676.00
2023/11/16,85.64,87.94,85.08,85.93,394354,32955618.00
2023/11/17,86.08,88.06,84.68,86.02,497990,41637664.00
2023/11/20,86.08,89.58,85.55,87.68,865841,73542744.00
2023/11/21,86.99,88.08,84.09,84.66,570972,47193312.00
2023/11/22,84.37,85.08,82.12,82.54,450199,36179120.00
2023/11/23,82.27,84.26,81.19,83.87,261793,21027282.00
2023/11/24,82.23,83.26,81.10,81.93,343047,27250506.00
2023/11/27,81.38,83.13,80.60,82.57,320002,25391748.00
2023/11/28,81.59,85.57,80.61,83.76,463159,37819328.00
2023/11/29,82.75,85.18,82.75,83.32,289635,23523684.00
2023/11/30,82.82,83.78,80.59,81.88,192585,15255596.00
2023/12/01,81.88,82.18,80.13,81.76,237875,18679606.00
2023/12/04,81.76,81.78,79.78,80.44,244599,19096644.00
2023/12/05,79.61,80.28,76.88,76.89,369095,27878648.00
2023/12/06,76.93,78.88,76.61,77.20,201161,15093645.00
2023/12/07,76.98,78.53,75.22,77.01,296235,22095876.00
2023/12/08,76.74,78.11,76.53,76.63,155691,11611541.00
2023/12/11,75.79,77.45,75.40,76.38,281179,20772304.00
2023/12/12,75.79,76.26,73.16,73.95,403091,28963072.00
2023/12/13,73.95,78.08,73.15,74.04,648625,46960156.00
2023/12/14,74.08,74.88,72.41,72.71,310379,21925416.00
2023/12/15,72.78,73.07,71.75,71.98,148685,10352817.00
2023/12/18,71.84,71.94,70.09,70.54,342258,23345596.00
2023/12/19,70.28,71.88,69.65,71.68,190833,13064233.00
2023/12/20,71.80,72.47,70.99,71.20,128328,8873265.00
2023/12/21,71.20,72.81,69.98,71.64,250261,17251752.00
2023/12/22,72.52,72.58,70.60,70.94,294180,20251714.00
2023/12/25,70.81,72.97,70.80,72.33,212081,14782320.00
2023/12/26,73.37,73.37,70.87,71.26,148515,10217421.00
2023/12/27,70.90,72.06,69.18,71.81,335696,22813018.00
2023/12/28,72.36,75.58,71.14,74.90,425035,30420068.00
2023/12/29,74.38,76.93,73.74,76.34,270514,19830026.00
2024/01/02,76.05,76.08,73.68,74.59,206837,14989832.00
2024/01/03,73.80,74.58,67.29,68.61,1023038,68614856.00
2024/01/04,68.98,70.02,67.08,68.42,464210,30408534.00
2024/01/05,68.37,68.77,66.22,66.70,331691,21387272.00
2024/01/08,66.56,67.04,65.22,65.41,186938,11842427.00
2024/01/09,65.21,67.55,65.21,65.92,221153,14117328.00
2024/01/10,65.59,67.17,63.74,65.24,162516,10268155.00
2024/01/11,65.05,67.32,64.75,66.55,246316,15690386.00
2024/01/12,66.55,67.19,64.88,65.08,246018,15527708.00
2024/01/15,64.89,65.13,63.18,63.58,375342,23029126.00
2024/01/16,63.68,63.88,62.69,63.83,251223,15215618.00
2024/01/17,63.68,63.69,61.43,61.70,329543,19716724.00
2024/01/18,61.47,62.87,60.41,62.35,298441,17554496.00
2024/01/19,62.64,63.26,60.38,60.79,250773,14719207.00
2024/01/22,60.88,60.88,57.89,58.36,383415,21766850.00
2024/01/23,57.45,59.57,57.20,57.38,378083,21007314.00
2024/01/24,57.38,58.27,55.27,57.94,395812,21521784.00
2024/01/25,58.34,60.00,56.73,59.24,336764,18908768.00
2024/01/26,58.40,59.68,57.19,57.47,278066,15526603.00
2024/01/29,57.58,58.51,54.70,55.53,319098,17187348.00
2024/01/30,55.30,55.79,53.67,53.95,215568,11253393.00
2024/01/31,53.43,54.95,51.58,52.11,337782,16977648.00
2024/02/01,51.15,53.67,50.58,52.36,377297,18718836.00
2024/02/02,52.38,53.24,48.43,50.20,381600,18285048.00
2024/02/05,50.18,50.18,44.60,47.51,598137,26983836.00
2024/02/06,46.58,52.08,44.63,50.04,782010,35857876.00
2024/02/07,48.70,52.53,47.64,49.53,691837,33259504.00
2024/02/08,50.48,58.84,49.07,58.10,674062,34733592.00
2024/02/19,56.60,58.89,54.60,56.53,478901,26309950.00
数据来源:通达信
